--- Pendolo di torsione ---
Tempo.Forzante.Pendolo
0.000	30.484	-0.102
0.020	30.817	-0.104
0.040	30.720	-0.109
0.060	30.215	-0.109
0.080	29.275	-0.111
0.100	27.938	-0.106
0.120	26.224	-0.106
0.140	24.199	-0.101
0.160	21.686	-0.093
0.180	18.952	-0.087
0.200	15.971	-0.083
0.220	12.738	-0.068
0.240	9.354	-0.059
0.260	5.836	-0.043
0.280	2.242	-0.035
0.300	-1.399	-0.019
0.320	-5.009	-0.009
0.340	-8.575	0.007
0.360	-12.002	0.020
0.380	-15.246	0.034
0.400	-18.313	0.047
0.420	-21.133	0.063
0.440	-23.566	0.073
0.460	-25.800	0.082
0.480	-27.637	0.092
0.500	-29.055	0.100
0.520	-30.092	0.108
0.540	-30.688	0.113
0.560	-30.876	0.119
0.580	-30.623	0.121
0.600	-30.000	0.122
0.620	-28.905	0.119
0.640	-27.406	0.118
0.660	-25.553	0.116
0.680	-23.356	0.110
0.700	-20.805	0.102
0.720	-17.948	0.090
0.740	-14.881	0.082
0.760	-11.588	0.073
0.780	-8.129	0.061
0.800	-4.547	0.050
0.820	-0.921	0.033
0.840	2.715	0.022
0.860	6.308	0.004
0.880	9.821	-0.008
0.900	13.216	-0.022
0.920	16.406	-0.034
0.940	19.355	-0.047
0.960	22.073	-0.058
0.980	24.447	-0.072
1.000	26.498	-0.081
1.020	28.147	-0.092
1.040	29.442	-0.097
1.060	30.312	-0.109
1.080	30.763	-0.113
1.100	30.790	-0.113
1.120	30.392	-0.120
1.140	29.576	-0.118
1.160	28.362	-0.123
1.180	26.735	-0.116
1.200	24.774	-0.115
1.220	22.411	-0.105
1.240	19.752	-0.099
1.260	16.846	-0.089
1.280	13.677	-0.081
1.300	10.315	-0.072
1.320	6.851	-0.060
1.340	3.268	-0.047
1.360	-0.368	-0.034
1.380	-3.993	-0.024
1.400	-7.576	-0.004
1.420	-10.954	0.002
1.440	-14.360	0.022
1.460	-17.491	0.029
1.480	-20.365	0.051
1.500	-22.948	0.056
1.520	-25.198	0.073
1.540	-27.121	0.076
1.560	-28.700	0.087
1.580	-29.818	0.095
1.600	-30.527	0.101
1.620	-30.838	0.102
1.640	-30.720	0.111
1.660	-30.204	0.109
1.680	-29.248	0.110
1.700	-27.879	0.109
1.720	-26.122	0.101
1.740	-23.990	0.101
1.760	-21.525	0.091
1.780	-18.775	0.086
1.800	-15.756	0.074
1.820	-12.528	0.068
1.840	-9.112	0.051
1.860	-5.562	0.040
1.880	-1.958	0.030
1.900	1.700	0.015
1.920	5.309	0.001
1.940	8.849	-0.016
1.960	12.281	-0.026
1.980	15.531	-0.043
2.000	18.560	-0.048
2.020	21.337	-0.070
2.040	23.829	-0.072
2.060	25.945	-0.091
2.080	27.728	-0.095
2.100	29.114	-0.109
2.120	30.102	-0.111
2.140	30.682	-0.120
2.160	30.838	-0.127
2.180	30.564	-0.124
2.200	29.850	-0.128
2.220	28.743	-0.121
2.240	27.223	-0.128
2.260	25.360	-0.110
2.280	23.109	-0.117
2.300	20.542	-0.096
2.320	17.690	-0.101
2.340	14.591	-0.078
2.360	11.271	-0.079
2.380	7.834	-0.055
2.400	4.283	-0.057
2.420	0.658	-0.029
2.440	-2.984	-0.027
2.460	-6.593	-0.004
2.480	-10.090	0.001
2.500	-13.441	0.023
2.520	-16.621	0.033
2.540	-19.570	0.047
2.560	-22.244	0.058
2.580	-24.602	0.072
2.600	-26.638	0.081
2.620	-28.308	0.090
2.640	-29.560	0.098
2.660	-30.403	0.106
2.680	-30.790	0.108
2.700	-30.811	0.113
2.720	-30.398	0.114
2.740	-29.576	0.116
2.760	-28.308	0.114
2.780	-26.665	0.110
2.800	-24.629	0.103
2.820	-22.266	0.102
2.840	-19.580	0.090
2.860	-16.642	0.088
2.880	-13.473	0.073
2.900	-10.090	0.066
2.920	-6.577	0.046
2.940	-2.968	0.035
2.960	0.669	0.022
2.980	4.278	0.015
3.000	7.855	-0.006
3.020	11.320	-0.016
3.040	14.634	-0.031
3.060	17.722	-0.041
3.080	20.574	-0.053
3.100	23.152	-0.065
3.120	25.376	-0.074
3.140	27.223	-0.089
3.160	28.760	-0.092
3.180	29.866	-0.103
3.200	30.559	-0.102
3.220	30.833	-0.109
3.240	30.672	-0.110
3.260	30.092	-0.113
3.280	29.098	-0.115
3.300	27.696	-0.111
3.320	25.918	-0.104
3.340	23.781	-0.099
3.360	21.283	-0.093
3.380	18.511	-0.084
3.400	15.477	-0.077
3.420	12.217	-0.063
3.440	8.811	-0.055
3.460	5.282	-0.040
3.480	1.673	-0.026
3.500	-1.958	-0.016
3.520	-5.573	0.002
3.540	-9.123	0.009
3.560	-12.528	0.029
3.580	-15.745	0.038
3.600	-18.780	0.058
3.620	-21.525	0.068
3.640	-23.979	0.077
3.660	-26.117	0.086
3.680	-27.884	0.095
3.700	-29.248	0.106
3.720	-30.210	0.117
3.740	-30.725	0.114
3.760	-30.854	0.123
3.780	-30.548	0.120
3.800	-29.877	0.127
3.820	-28.700	0.119
3.840	-27.154	0.120
3.860	-25.241	0.111
3.880	-22.980	0.110
3.900	-20.391	0.098
3.920	-17.475	0.091
3.940	-14.365	0.077
3.960	-11.062	0.074
3.980	-7.565	0.057
4.000	-3.993	0.049
4.020	-0.352	0.029
4.040	3.284	0.024
4.060	6.867	0.000
4.080	10.353	-0.004
4.100	13.731	-0.027
4.120	16.873	-0.026
4.140	19.795	-0.055
4.160	22.481	-0.055
4.180	24.785	-0.077
4.200	26.778	-0.076
4.220	28.373	-0.096
4.240	29.614	-0.092
4.260	30.408	-0.109
4.280	30.801	-0.105
4.300	30.752	-0.114
4.320	30.290	-0.110
4.340	29.415	-0.111
4.360	28.120	-0.115
4.380	26.455	-0.109
4.400	24.430	-0.108
4.420	22.008	-0.095
4.440	19.312	-0.091
4.460	16.363	-0.080
4.480	13.156	-0.076
4.500	9.789	-0.061
4.520	6.292	-0.051
4.540	2.699	-0.038
4.560	-0.921	-0.022
4.580	-4.568	-0.012
4.600	-8.140	0.007
4.620	-11.572	0.013
4.640	-14.859	0.037
4.660	-17.948	0.040
4.680	-20.794	0.062
4.700	-23.308	0.064
4.720	-25.526	0.081
4.740	-27.411	0.078
4.760	-28.899	0.098
4.780	-29.957	0.100
4.800	-30.629	0.110
4.820	-30.865	0.110
4.840	-30.666	0.115
4.860	-30.097	0.110
4.880	-29.076	0.112
4.900	-27.637	0.105
4.920	-25.800	0.106
4.940	-23.646	0.098
4.960	-21.122	0.089
4.980	-18.313	0.083
5.000	-15.257	0.071
5.020	-12.018	0.065
5.040	-8.564	0.049
5.060	-5.003	0.039
5.080	-1.453	0.024
5.100	2.280	0.009
5.120	5.863	-0.002
5.140	9.391	-0.017
5.160	12.797	-0.031
5.180	16.003	-0.043
5.200	19.000	-0.055
5.220	21.740	-0.070
5.240	24.178	-0.080
5.260	26.251	-0.095
5.280	27.959	-0.097
5.300	29.297	-0.113
5.320	30.220	-0.113
5.340	30.725	-0.122
5.360	30.817	-0.121
5.380	30.478	-0.125
5.400	29.721	-0.122
5.420	28.529	-0.123
5.440	26.933	-0.120
5.460	25.043	-0.114
5.480	22.717	-0.110
5.500	20.107	-0.097
5.520	17.217	-0.096
5.540	14.075	-0.082
5.560	10.756	-0.077
5.580	7.281	-0.055
5.600	3.709	-0.052
5.620	0.083	-0.032
5.640	-3.542	-0.027
5.660	-7.141	-0.005
5.680	-10.643	0.003
5.700	-13.957	0.019
5.720	-17.110	0.033
5.740	-20.031	0.044
5.760	-22.636	0.056
5.780	-24.946	0.070
5.800	-26.885	0.077
5.820	-28.550	0.090
5.840	-29.705	0.098
5.860	-30.516	0.103
5.880	-30.833	0.103
5.900	-30.774	0.107
5.920	-30.317	0.108
5.940	-29.415	0.108
5.960	-28.104	0.106
5.980	-26.380	0.106
6.000	-24.302	0.098
6.020	-21.879	0.093
6.040	-19.135	0.081
6.060	-16.159	0.077
6.080	-12.979	0.065
6.100	-9.563	0.055
6.120	-6.018	0.041
6.140	-2.409	0.031
6.160	1.227	0.015
6.180	4.853	0.004
6.200	8.392	-0.012
6.220	11.846	-0.022
6.240	15.128	-0.038
6.260	18.178	-0.045
6.280	20.998	-0.061
6.300	23.523	-0.075
6.320	25.703	-0.081
6.340	27.492	-0.094
6.360	28.969	-0.096
6.380	30.006	-0.113
6.400	30.623	-0.110
6.420	30.833	-0.118
6.440	30.618	-0.116
6.460	29.947	-0.118
6.480	28.894	-0.113
6.500	27.438	-0.116
6.520	25.607	-0.106
6.540	23.394	-0.107
6.560	20.864	-0.093
6.580	18.050	-0.088
6.600	14.977	-0.079
6.620	11.690	-0.071
6.640	8.247	-0.052
6.660	4.708	-0.045
6.680	1.088	-0.033
6.700	-2.554	-0.018
6.720	-6.163	0.001
6.740	-9.622	0.010
6.760	-13.076	0.027
6.780	-16.266	0.037
6.800	-19.258	0.056
6.820	-21.981	0.064
6.840	-24.371	0.078
6.860	-26.445	0.086
6.880	-28.153	0.095
6.900	-29.458	0.101
6.920	-30.376	0.114
6.940	-30.806	0.110
6.960	-30.865	0.121
6.980	-30.516	0.114
7.000	-29.742	0.123
7.020	-28.523	0.113
7.040	-26.923	0.115
7.060	-24.941	0.110
7.080	-22.604	0.106
7.100	-19.962	0.094
7.120	-17.029	0.091
7.140	-13.908	0.075
7.160	-10.616	0.068
7.180	-7.033	0.056
7.200	-3.446	0.046
7.220	0.207	0.023
7.240	3.822	0.019
7.260	7.393	0.000
7.280	10.879	-0.010
7.300	14.220	-0.024
7.320	17.335	-0.032
7.340	20.225	-0.054
7.360	22.862	-0.060
7.380	25.113	-0.073
7.400	27.052	-0.075
7.420	28.598	-0.097
7.440	29.769	-0.092
7.460	30.489	-0.101
7.480	30.822	-0.102
7.500	30.709	-0.107
7.520	30.177	-0.102
7.540	29.238	-0.107
7.560	27.873	-0.104
7.580	26.165	-0.101
7.600	24.060	-0.097
7.620	21.616	-0.093
7.640	18.866	-0.082
7.660	15.869	-0.073
7.680	12.716	-0.066
7.700	9.236	-0.048
7.720	5.734	-0.043
7.740	2.119	-0.026
7.760	-1.517	-0.013
7.780	-5.127	-0.002
7.800	-8.709	0.011
7.820	-12.104	0.024
7.840	-15.364	0.035
7.860	-18.420	0.046
7.880	-21.197	0.065
7.900	-23.695	0.074
7.920	-25.891	0.081
7.940	-27.685	0.089
7.960	-29.109	0.099
7.980	-30.124	0.106
8.000	-30.698	0.110
8.020	-30.897	0.113
8.040	-30.629	0.117
8.060	-29.968	0.114
8.080	-28.888	0.113
8.100	-27.363	0.111
8.120	-25.510	0.105
8.140	-23.270	0.099
8.160	-20.714	0.092
8.180	-17.878	0.085
8.200	-14.784	0.075
8.220	-11.486	0.065
8.240	-8.022	0.051
8.260	-4.450	0.040
8.280	-0.814	0.026
8.300	2.742	0.012
8.320	6.421	-0.001
8.340	9.918	-0.014
8.360	13.302	-0.027
8.380	16.503	-0.043
8.400	19.371	-0.057
8.420	22.158	-0.064
8.440	24.516	-0.076
8.460	26.547	-0.084
8.480	28.201	-0.094
8.500	29.474	-0.098
8.520	30.333	-0.109
8.540	30.774	-0.114
8.560	30.784	-0.118
8.580	30.382	-0.115
8.600	29.549	-0.118
8.620	28.314	-0.117
8.640	26.665	-0.111
8.660	24.699	-0.109
8.680	22.325	-0.101
8.700	19.672	-0.093
8.720	16.755	-0.088
8.740	13.570	-0.073
8.760	10.224	-0.068
8.780	6.824	-0.052
8.800	3.150	-0.044
8.820	-0.481	-0.027
8.840	-4.112	-0.018
8.860	-7.689	0.000
8.880	-11.158	0.006
8.900	-14.472	0.025
8.920	-17.491	0.032
8.940	-20.440	0.048
8.960	-23.034	0.056
8.980	-25.279	0.072
9.000	-27.213	0.077
9.020	-28.749	0.089
9.040	-29.855	0.090
9.060	-30.559	0.098
9.080	-30.844	0.102
9.100	-30.736	0.105
9.120	-30.194	0.105
9.140	-29.216	0.102
9.160	-27.841	0.102
9.180	-26.058	0.098
9.200	-23.920	0.090
9.220	-21.449	0.083
9.240	-18.683	0.073
9.260	-15.654	0.067
9.280	-12.426	0.058
9.300	-9.091	0.048
9.320	-5.454	0.032
9.340	-1.823	0.021
9.360	1.807	0.010
9.380	5.433	-0.003
9.400	8.946	-0.019
9.420	12.378	-0.031
9.440	15.638	-0.045
9.460	18.635	-0.056
9.480	21.412	-0.068
9.500	23.834	-0.079
9.520	26.020	-0.089
9.540	27.777	-0.097
9.560	29.157	-0.103
9.580	30.124	-0.113
9.600	30.688	-0.113
9.620	30.822	-0.120
9.640	30.532	-0.119
9.660	29.807	-0.118
9.680	28.695	-0.115
9.700	27.180	-0.116
9.720	25.295	-0.110
9.740	23.023	-0.105
9.760	20.520	-0.095
9.780	17.598	-0.089
9.800	14.472	-0.076
9.820	11.175	-0.071
9.840	7.721	-0.051
9.860	4.144	-0.046
9.880	0.529	-0.032
9.900	-3.096	-0.021
9.920	-6.695	-0.001
9.940	-10.213	0.009
9.960	-13.565	0.025
9.980	-16.734	0.034
10.000	-19.677	0.048
10.020	-22.336	0.059
10.040	-24.715	0.075
10.060	-26.681	0.082
10.080	-28.373	0.091
10.100	-29.614	0.098
10.120	-30.446	0.110
10.140	-30.833	0.106
10.160	-30.838	0.114
10.180	-30.414	0.110
10.200	-29.560	0.114
10.220	-28.303	0.110
10.240	-26.638	0.106
10.260	-24.602	0.098
10.280	-22.228	0.096
10.300	-19.521	0.085
10.320	-16.556	0.077
10.340	-13.387	0.063
10.360	-10.020	0.059
10.380	-6.486	0.043
10.400	-2.860	0.036
10.420	0.755	0.020
10.440	4.294	0.011
10.460	7.957	-0.006
10.480	11.406	-0.019
10.500	14.730	-0.035
10.520	17.802	-0.043
10.540	20.655	-0.053
10.560	23.233	-0.061
10.580	25.440	-0.077
10.600	27.309	-0.083
10.620	28.802	-0.094
10.640	29.904	-0.095
10.660	30.564	-0.105
10.680	30.838	-0.105
10.700	30.661	-0.108
10.720	30.059	-0.105
10.740	29.060	-0.109
10.760	27.691	-0.105
10.780	25.865	-0.099
10.800	23.695	-0.095
10.820	21.202	-0.088
10.840	18.415	-0.080
10.860	15.466	-0.069
10.880	12.115	-0.060
10.900	8.688	-0.047
10.920	5.154	-0.035
10.940	1.539	-0.021
10.960	-2.001	-0.014
10.980	-5.696	0.005
11.000	-9.160	0.011
11.020	-12.641	0.031
11.040	-15.869	0.043
11.060	-18.887	0.058
11.080	-21.637	0.065
11.100	-24.092	0.078
11.120	-26.133	0.085
11.140	-27.959	0.094
11.160	-29.286	0.101
11.180	-30.253	0.111
11.200	-30.763	0.106
11.220	-30.886	0.118
11.240	-30.570	0.117
11.260	-29.839	0.120
11.280	-28.695	0.119
11.300	-27.127	0.116
11.320	-25.188	0.104
11.340	-22.910	0.098
11.360	-20.300	0.092
11.380	-17.416	0.086
11.400	-14.301	0.071
11.420	-10.944	0.063
11.440	-7.479	0.052
11.460	-3.897	0.040
11.480	-0.255	0.027
11.500	3.381	0.014
11.520	6.969	0.000
11.540	10.471	-0.008
11.560	13.823	-0.024
11.580	16.895	-0.031
11.600	19.886	-0.054
11.620	22.556	-0.064
11.640	24.860	-0.075
11.660	26.837	-0.077
11.680	28.384	-0.087
11.700	29.619	-0.097
11.720	30.419	-0.100
11.740	30.806	-0.101
11.760	30.747	-0.107
11.780	30.290	-0.106
11.800	29.377	-0.108
11.820	28.094	-0.109
11.840	26.402	-0.099
11.860	24.355	-0.101
11.880	21.933	-0.090
11.900	19.220	-0.088
11.920	16.277	-0.077
11.940	13.140	-0.070
11.960	9.681	-0.059
11.980	6.174	-0.047
12.000	2.570	-0.035
12.020	-1.061	-0.017
12.040	-4.579	-0.008
12.060	-8.242	0.005
12.080	-11.696	0.013
12.100	-14.865	0.032
12.120	-18.039	0.041
12.140	-20.869	0.056
12.160	-23.405	0.065
12.180	-25.612	0.077
12.200	-27.460	0.082
12.220	-28.953	0.089
12.240	-30.000	0.097
12.260	-30.645	0.098
12.280	-30.870	0.106
12.300	-30.672	0.108
12.320	-30.086	0.106
12.340	-29.023	0.103
12.360	-27.573	0.105
12.380	-25.757	0.096
12.400	-23.544	0.090
12.420	-21.052	0.084
12.440	-18.227	0.081
12.460	-15.240	0.067
12.480	-11.905	0.057
12.500	-8.446	0.044
12.520	-4.976	0.034
12.540	-1.260	0.018
12.560	2.371	0.009
12.580	5.986	-0.005
12.600	9.493	-0.267
12.620	12.823	-0.028
12.640	16.052	-0.047
12.660	19.086	-0.057
12.680	21.836	-0.071
12.700	24.237	-0.078
12.720	26.310	-0.090
12.740	28.008	-0.101
12.760	29.345	-0.103
12.780	30.247	-0.113
12.800	30.736	-0.114
12.820	30.806	-0.119
12.840	30.457	-0.118
12.860	29.662	-0.122
12.880	28.491	-0.115
12.900	26.912	-0.117
12.920	24.962	-0.108
12.940	22.636	-0.109
12.960	20.026	-0.092
12.980	17.201	-0.093
13.000	14.059	-0.076
13.020	10.637	-0.071
13.040	7.270	-0.052
13.060	3.601	-0.049
13.080	-0.013	-0.030
13.100	-3.666	-0.021
13.120	-7.254	-0.003
13.140	-10.734	0.003
13.160	-14.064	0.020
13.180	-17.185	0.034
13.200	-20.026	0.047
13.220	-22.722	0.055
13.240	-25.016	0.069
13.260	-26.992	0.077
13.280	-28.561	0.084
13.300	-29.748	0.089
13.320	-30.500	0.098
13.340	-30.822	0.102
13.360	-30.784	0.102
13.380	-30.269	0.103
13.400	-29.372	0.105
13.420	-28.045	0.102
13.440	-26.305	0.098
13.460	-24.216	0.092
13.480	-21.777	0.089
13.500	-19.118	0.077
13.520	-16.046	0.072
13.540	-12.850	0.061
13.560	-9.531	0.051
13.580	-5.922	0.037
13.600	-2.296	0.029
13.620	1.345	0.011
13.640	4.971	0.003
13.660	8.419	-0.014
13.680	11.862	-0.025
13.700	15.219	-0.039
13.720	18.275	-0.049
13.740	21.079	-0.059
13.760	23.587	-0.072
13.780	25.762	-0.078
13.800	27.562	-0.090
13.820	29.001	-0.092
13.840	30.032	-0.106
13.860	30.645	-0.106
13.880	30.827	-0.112
13.900	30.596	-0.109
13.920	29.930	-0.113
13.940	28.862	-0.109
13.960	27.385	-0.110
13.980	25.548	-0.104
14.000	23.319	-0.105
14.020	20.853	-0.090
14.040	17.958	-0.087
14.060	14.875	-0.072
14.080	11.577	-0.063
14.100	8.140	-0.042
14.120	4.595	-0.041
14.140	0.975	-0.029
14.160	-2.667	-0.020
14.180	-6.271	0.005
14.200	-9.794	0.011
14.220	-13.189	0.027
14.240	-16.368	0.040
14.260	-19.349	0.053
14.280	-22.051	0.063
14.300	-24.430	0.077
14.320	-26.504	0.081
14.340	-28.212	0.097
14.360	-29.490	0.096
14.380	-30.392	0.115
14.400	-30.801	0.106
14.420	-30.849	0.117
14.440	-30.505	0.112
14.460	-29.699	0.118
14.480	-28.480	0.111
14.500	-26.864	0.114
14.520	-24.865	0.099
14.540	-22.524	0.099
14.560	-19.876	0.090
14.580	-16.959	0.087
14.600	-13.790	0.069
14.620	-10.428	0.063
14.640	-6.931	0.051
14.660	-3.333	0.040
14.680	0.320	0.023
14.700	3.967	0.015
14.720	7.517	-0.001
14.740	10.997	-0.010
14.760	14.333	-0.026
14.780	17.432	-0.031
14.800	20.311	-0.051
14.820	22.937	-0.055
14.840	25.182	-0.068
14.860	27.062	-0.073
14.880	28.631	-0.091
14.900	29.785	-0.091
14.920	30.521	-0.099
14.940	30.822	-0.097
14.960	30.698	-0.105
14.980	30.167	-0.097
15.000	29.195	-0.105
15.020	27.825	-0.095
15.040	26.095	-0.097
15.060	23.990	-0.093
15.080	21.535	-0.086
15.100	18.775	-0.078
15.120	15.778	-0.072
15.140	12.528	-0.063
15.160	9.134	-0.045
15.180	5.615	-0.039
15.200	1.995	-0.018
15.220	-1.635	-0.013
15.240	-5.245	0.001
15.260	-8.811	0.011
15.280	-12.131	0.027
15.300	-15.466	0.036
15.320	-18.517	0.052
15.340	-21.304	0.062
15.360	-23.786	0.072
15.380	-25.929	0.081
15.400	-27.728	0.084
15.420	-29.152	0.099
15.440	-30.135	0.104
15.460	-30.704	0.106
15.480	-30.913	0.107
15.500	-30.613	0.113
15.520	-29.930	0.111
15.540	-28.829	0.108
15.560	-27.331	0.109
15.580	-25.435	0.103
15.600	-23.184	0.096
15.620	-20.649	0.084
15.640	-17.765	0.078
15.660	-14.687	0.070
15.680	-11.400	0.065
15.700	-7.909	0.048
15.720	-4.343	0.039
15.740	-0.690	0.019
15.760	2.946	0.016
15.780	6.534	-0.001
15.800	9.955	-0.012
15.820	13.414	-0.027
15.840	16.594	-0.035
15.860	19.532	-0.052
15.880	22.239	-0.061
15.900	24.538	-0.076
15.920	26.595	-0.082
15.940	28.239	-0.092
15.960	29.506	-0.097
15.980	30.349	-0.105
16.000	30.779	-0.109
16.020	30.779	-0.109
16.040	30.371	-0.113
16.060	29.506	-0.111
16.080	28.271	-0.115
16.100	26.611	-0.105
16.120	24.629	-0.105
16.140	22.255	-0.097
16.160	19.575	-0.089
16.180	16.653	-0.084
16.200	13.468	-0.072
16.220	10.100	-0.066
16.240	6.615	-0.047
16.260	3.134	-0.043
16.280	-0.594	-0.024
16.300	-4.214	-0.018
16.320	-7.807	0.003
16.340	-11.266	0.005
16.360	-14.564	0.028
16.380	-17.647	0.032
16.400	-20.531	0.054
16.420	-23.098	0.055
16.440	-25.349	0.072
16.460	-27.266	0.073
16.480	-28.776	0.082
16.500	-29.887	0.092
16.520	-30.570	0.096
16.540	-30.860	0.097
16.560	-30.709	0.101
16.580	-30.161	0.102
16.600	-29.157	0.101
16.620	-27.782	0.098
16.640	-25.999	0.091
16.660	-23.845	0.090
16.680	-21.396	0.081
16.700	-18.603	0.077
16.720	-15.568	0.065
16.740	-12.329	0.056
16.760	-8.886	0.042
16.780	-5.422	0.034
16.800	-1.711	0.023
16.820	1.915	0.007
16.840	5.540	-0.001
16.860	9.064	-0.018
16.880	12.474	-0.026
16.900	15.724	-0.043
16.920	18.732	-0.050
16.940	21.514	-0.067
16.960	23.969	-0.072
16.980	26.074	-0.086
17.000	27.814	-0.091
17.020	29.195	-0.098
17.040	30.151	-0.104
17.060	30.698	-0.110
17.080	30.822	-0.117
17.100	30.527	-0.108
17.120	29.785	-0.119
17.140	28.657	-0.106
17.160	27.127	-0.115
17.180	25.225	-0.101
17.200	22.943	-0.107
17.220	20.424	-0.084
17.240	17.496	-0.089
17.260	14.381	-0.069
17.280	11.067	-0.068
17.300	7.592	-0.049
17.320	4.042	-0.043
17.340	0.416	-0.025
17.360	-3.215	-0.019
17.380	-6.808	0.002
17.400	-10.321	0.014
17.420	-13.667	0.022
17.440	-16.825	0.037
17.460	-19.763	0.050
17.480	-22.427	0.059
17.500	-24.780	0.072
17.520	-26.788	0.078
17.540	-28.421	0.093
17.560	-29.619	0.095
17.580	-30.484	0.102
17.600	-30.827	0.102
17.620	-30.822	0.113
17.640	-30.403	0.106
17.660	-29.522	0.115
17.680	-28.255	0.103
17.700	-26.557	0.105
17.720	-24.532	0.095
17.740	-22.142	0.100
17.760	-19.435	0.084
17.780	-16.460	0.081
17.800	-13.285	0.063
17.820	-9.896	0.060
17.840	-6.384	0.048
17.860	-2.763	0.036
17.880	0.884	0.024
17.900	4.498	0.011
17.920	8.049	-0.002
17.940	11.524	-0.019
17.960	14.811	-0.029
17.980	17.813	-0.043
18.000	20.746	-0.049
18.020	23.302	-0.060
18.040	25.456	-0.062
18.060	27.374	-0.080
18.080	28.851	-0.080
18.100	29.930	-0.094
18.120	30.596	-0.098
18.140	30.838	-0.100
18.160	30.656	-0.102
18.180	30.054	-0.099
18.200	29.017	-0.105
18.220	27.573	-0.098
18.240	25.795	-0.097
18.260	23.630	-0.089
18.280	21.111	-0.084
18.300	18.323	-0.072
18.320	15.283	-0.067
18.340	12.007	-0.056
18.360	8.575	-0.046
18.380	5.046	-0.035
18.400	1.437	-0.021
18.420	-2.205	-0.012
18.440	-5.798	0.006
18.460	-9.273	0.014
18.480	-12.743	0.036
18.500	-15.949	0.036
18.520	-18.963	0.063
18.540	-21.713	0.065
18.560	-24.146	0.078
18.580	-26.251	0.080
18.600	-28.013	0.093
18.620	-29.334	0.097
18.640	-30.280	0.110
18.660	-30.768	0.110
18.680	-30.886	0.116
18.700	-30.537	0.112
18.720	-29.802	0.117
18.740	-28.668	0.110
18.760	-27.078	0.112
18.780	-25.118	0.106
18.800	-22.824	0.102
18.820	-20.214	0.088
18.840	-17.319	0.085
18.860	-14.182	0.075
18.880	-10.868	0.068
18.900	-7.372	0.052
18.920	-3.773	0.042
18.940	-0.126	0.027
18.960	3.499	0.019
18.980	7.087	-0.001
19.000	10.557	-0.006
19.020	13.925	-0.025
19.040	17.067	-0.029
19.060	19.967	-0.053
19.080	22.572	-0.052
19.100	24.919	-0.072
19.120	26.890	-0.070
19.140	28.464	-0.093
19.160	29.662	-0.088
19.180	30.441	-0.101
19.200	30.811	-0.097
19.220	30.736	-0.104
19.240	30.247	-0.104
19.260	29.350	-0.102
19.280	28.029	-0.108
19.300	26.332	-0.094
19.320	24.280	-0.098
19.340	21.868	-0.090
19.360	19.140	-0.089
19.380	16.159	-0.073
19.400	13.038	-0.068
19.420	9.579	-0.056
19.440	6.072	-0.041
19.460	2.559	-0.036
19.480	-1.168	-0.020
19.500	-4.783	-0.012
19.520	-8.355	0.009
19.540	-11.781	0.013
19.560	-15.063	0.034
19.580	-18.135	0.038
19.600	-20.955	0.056
19.620	-23.469	0.058
19.640	-25.677	0.073
19.660	-27.535	0.075
19.680	-28.985	0.089
19.700	-30.016	0.092
19.720	-30.645	0.098
19.740	-30.881	0.102
19.760	-30.661	0.104
19.780	-30.059	0.104
19.800	-29.007	0.101
19.820	-27.519	0.098
19.840	-25.671	0.093
19.860	-23.485	0.090
19.880	-20.966	0.080
19.900	-18.146	0.077
19.920	-15.058	0.065
19.940	-11.803	0.057
19.960	-8.344	0.043
19.980	-4.858	0.034
20.000	-1.147	0.020
20.020	2.490	0.008
20.040	6.088	-0.002
20.060	9.510	-0.018
20.080	13.001	-0.028
20.100	16.191	-0.045
20.120	19.183	-0.051
20.140	21.927	-0.068
20.160	24.312	-0.071
20.180	26.375	-0.089
20.200	28.061	-0.089
20.220	29.372	-0.102
20.240	30.269	-0.103
20.260	30.741	-0.112
20.280	30.801	-0.110
20.300	30.441	-0.114
20.320	29.640	-0.114
20.340	28.453	-0.113
20.360	26.853	-0.110
20.380	24.908	-0.102
20.400	22.572	-0.103
20.420	19.929	-0.091
20.440	17.024	-0.088
20.460	13.876	-0.070
20.480	10.621	-0.071
20.500	7.060	-0.051
20.520	3.489	-0.048
20.540	-0.126	-0.027
20.560	-3.762	-0.020
20.580	-7.350	-0.002
20.600	-10.836	0.007
20.620	-14.139	0.021
20.640	-17.212	0.034
20.660	-20.187	0.044
20.680	-22.808	0.057
20.700	-25.091	0.069
20.720	-27.041	0.075
20.740	-28.620	0.080
20.760	-29.769	0.093
20.780	-30.521	0.097
20.800	-30.838	0.097
20.820	-30.763	0.100
20.840	-30.269	0.102
20.860	-29.334	0.103
20.880	-28.002	0.102
20.900	-26.246	0.102
20.920	-24.162	0.090
20.940	-21.723	0.086
20.960	-18.952	0.081
20.980	-15.955	0.072
21.000	-12.759	0.058
21.020	-9.327	0.052
21.040	-5.793	0.040
21.060	-2.178	0.029
21.080	1.464	0.016
21.100	5.078	0.010
21.120	8.521	-0.008
21.140	12.061	-0.021
21.160	15.321	-0.035
21.180	18.350	-0.043
21.200	21.165	-0.052
21.220	23.614	-0.070
21.240	25.822	-0.071
21.260	27.621	-0.087
21.280	29.044	-0.089
21.300	30.054	-0.102
21.320	30.656	-0.098
21.340	30.833	-0.109
21.360	30.591	-0.105
21.380	29.925	-0.109
21.400	28.819	-0.105
21.420	27.320	-0.103
21.440	25.483	-0.097
21.460	23.249	-0.097
21.480	20.687	-0.088
21.500	17.862	-0.081
21.520	14.779	-0.068
21.540	11.481	-0.059
21.560	8.032	-0.045
21.580	4.477	-0.041
21.600	0.867	-0.027
21.620	-2.769	-0.019
21.640	-6.367	0.005
21.660	-9.907	0.008
21.680	-13.269	0.028
21.700	-16.465	0.036
21.720	-19.425	0.058
21.740	-22.126	0.061
21.760	-24.522	0.080
21.780	-26.520	0.079
21.800	-28.233	0.093
21.820	-29.533	0.096
21.840	-30.398	0.105
21.860	-30.795	0.104
21.880	-30.854	0.118
21.900	-30.468	0.110
21.920	-29.656	0.117
21.940	-28.437	0.106
21.960	-26.799	0.110
21.980	-24.817	0.100
22.000	-22.454	0.097
22.020	-19.774	0.089
22.040	-16.852	0.085
22.060	-13.710	0.071
22.080	-10.321	0.065
22.100	-6.808	0.053
22.120	-3.220	0.044
22.140	0.427	0.027
22.160	4.063	0.019
22.180	7.640	0.001
22.200	11.099	-0.006
22.220	14.429	-0.022
22.240	17.534	-0.026
22.260	20.402	-0.049
22.280	23.002	-0.050
22.300	25.252	-0.069
22.320	27.164	-0.068
22.340	28.674	-0.089
22.360	29.796	-0.085
22.380	30.532	-0.096
22.400	30.833	-0.092
22.420	30.704	-0.101
22.440	30.129	-0.098
22.460	29.168	-0.101
22.480	27.798	-0.097
22.500	26.042	-0.093
22.520	23.915	-0.093
22.540	21.439	-0.082
22.560	18.678	-0.080
22.580	15.670	-0.069
22.600	12.415	-0.066
22.620	9.026	-0.045
22.640	5.508	-0.040
22.660	1.899	-0.023
22.680	-1.641	-0.014
22.700	-5.347	-0.003
22.720	-8.833	0.007
22.740	-12.319	0.019
22.760	-15.563	0.037
22.780	-18.603	0.043
22.800	-21.380	0.065
22.820	-23.845	0.068
22.840	-25.993	0.076
22.860	-27.803	0.083
22.880	-29.173	0.094
22.900	-30.183	0.099
22.920	-30.725	0.102
22.940	-30.876	0.104
22.960	-30.607	0.110
22.980	-29.898	0.106
23.000	-28.797	0.107
23.020	-27.256	0.100
23.040	-25.354	0.098
23.060	-23.136	0.094
23.080	-20.552	0.086
23.100	-17.684	0.081
23.120	-14.569	0.073
23.140	-11.346	0.063
23.160	-7.802	0.047
23.180	-4.224	0.036
23.200	-0.669	0.023
23.220	3.059	0.015
23.240	6.641	0.000
23.260	10.143	-0.011
23.280	13.500	-0.025
23.300	16.610	-0.036
23.320	19.629	-0.055
23.340	22.314	-0.060
23.360	24.645	-0.070
23.380	26.654	-0.084
23.400	28.249	-0.086
23.420	29.538	-0.097
23.440	30.376	-0.098
23.460	30.790	-0.109
23.480	30.779	-0.108
23.500	30.339	-0.113
23.520	29.485	-0.110
23.540	28.222	-0.113
23.560	26.579	-0.107
23.580	24.570	-0.102
23.600	22.185	-0.098
23.620	19.500	-0.090
23.640	16.551	-0.083
23.660	13.366	-0.075
23.680	9.982	-0.064
23.700	6.507	-0.051
23.720	2.930	-0.044
23.740	-0.717	-0.027
23.760	-4.332	-0.019
23.780	-7.818	-0.004
23.800	-11.368	0.007
23.820	-14.574	0.022
23.840	-17.760	0.033
23.860	-20.612	0.042
23.880	-23.174	0.056
23.900	-25.403	0.066
23.920	-27.299	0.073
23.940	-28.824	0.076
23.960	-29.904	0.086
23.980	-30.586	0.090
24.000	-30.844	0.096
24.020	-30.693	0.096
24.040	-30.145	0.103
24.060	-29.119	0.093
24.080	-27.728	0.098
24.100	-25.924	0.089
24.120	-23.786	0.088
24.140	-21.310	0.077
24.160	-18.495	0.079
24.180	-15.466	0.067
24.200	-12.217	0.060
24.220	-8.790	0.046
24.240	-5.229	0.037
24.260	-1.598	0.022
24.280	2.038	0.012
24.300	5.567	-0.003
24.320	9.166	-0.014
24.340	12.587	-0.029
24.360	15.821	-0.039
24.380	18.818	-0.051
24.400	21.594	-0.060
24.420	24.028	-0.074
24.440	26.133	-0.076
24.460	27.868	-0.090
24.480	29.232	-0.091
24.500	30.156	-0.109
24.520	30.715	-0.105
24.540	30.817	-0.113
24.560	30.527	-0.109
24.580	29.759	-0.114
24.600	28.620	-0.107
24.620	27.062	-0.110
24.640	25.161	-0.097
24.660	22.878	-0.105
24.680	20.279	-0.088
24.700	17.405	-0.088
24.720	14.274	-0.066
24.740	10.938	-0.068
24.760	7.495	-0.049
24.780	3.913	-0.045
24.800	0.303	-0.029
24.820	-3.327	-0.024
24.840	-6.921	-0.002
24.860	-10.439	0.007
24.880	-13.769	0.024
24.900	-16.932	0.032
24.920	-19.865	0.049
24.940	-22.524	0.053
24.960	-24.785	0.070
24.980	-26.847	0.076
25.000	-28.464	0.092
25.020	-29.651	0.093
25.040	-30.478	0.102
25.060	-30.822	0.100
25.080	-30.827	0.109
25.100	-30.376	0.101
25.120	-29.517	0.113
25.140	-28.190	0.102
25.160	-26.520	0.108
25.180	-24.457	0.096
25.200	-22.056	0.095
25.220	-19.349	0.084
25.240	-16.379	0.077
25.260	-13.183	0.065
25.280	-9.794	0.061
25.300	-6.255	0.048
25.320	-2.731	0.040
25.340	0.996	0.023
25.360	4.616	0.019
25.380	8.075	-0.002
25.400	11.636	-0.010
25.420	14.907	-0.029
25.440	17.996	-0.036
25.460	20.821	-0.043
25.480	23.319	-0.055
25.500	25.569	-0.065
25.520	27.433	-0.073
25.540	28.878	-0.084
25.560	29.941	-0.089
25.580	30.586	-0.094
25.600	30.838	-0.095
25.620	30.634	-0.098
25.640	30.000	-0.097
25.660	28.974	-0.101
25.680	27.567	-0.095
25.700	25.746	-0.093
25.720	23.555	-0.090
25.740	21.020	-0.085
25.760	18.221	-0.075
25.780	15.181	-0.068
25.800	11.905	-0.055
25.820	8.473	-0.043
25.840	4.949	-0.033
25.860	1.319	-0.021
25.880	-2.318	-0.012
25.900	-5.932	0.004
25.920	-9.472	0.010
25.940	-12.845	0.031
25.960	-16.062	0.036
25.980	-19.070	0.052
26.000	-21.782	0.062
26.020	-24.194	0.074
26.040	-26.300	0.077
26.060	-28.051	0.086
26.080	-29.356	0.094
26.100	-30.317	0.106
26.120	-30.752	0.104
26.140	-30.897	0.115
26.160	-30.527	0.112
26.180	-29.791	0.115
26.200	-28.615	0.110
26.220	-26.987	0.109
26.240	-25.075	0.103
26.260	-22.808	0.100
26.280	-20.101	0.087
26.300	-17.217	0.086
26.320	-14.075	0.069
26.340	-10.750	0.068
26.360	-7.264	0.053
26.380	-3.660	0.044
26.400	-0.019	0.029
26.420	3.617	0.016
26.440	7.178	0.003
26.460	10.680	-0.002
26.480	14.027	-0.022
26.500	17.153	-0.030
26.520	20.058	-0.050
26.540	22.696	-0.054
26.560	24.978	-0.065
26.580	26.906	-0.075
26.600	28.507	-0.083
26.620	29.678	-0.086
26.640	30.446	-0.093
26.660	30.822	-0.099
26.680	30.731	-0.105
26.700	30.231	-0.106
26.720	29.313	-0.105
26.740	27.986	-0.105
26.760	26.283	-0.511
26.780	24.269	-0.097
26.800	21.777	-0.089
26.820	19.043	-0.088
26.840	16.062	-0.074
26.860	12.840	-0.070
26.880	9.461	-0.058
26.900	5.948	-0.045
26.920	2.361	-0.036
26.940	-1.270	-0.022
26.960	-4.901	-0.008
26.980	-8.462	0.003
27.000	-11.900	0.012
27.020	-15.138	0.026
27.040	-18.216	0.037
27.060	-21.036	0.051
27.080	-23.566	0.058
27.100	-25.730	0.071
27.120	-27.562	0.076
27.140	-29.028	0.086
27.160	-30.059	0.092
27.180	-30.672	0.094
27.200	-30.876	0.095
27.220	-30.650	0.096
27.240	-30.016	0.103
27.260	-28.948	0.100
27.280	-27.476	0.101
27.300	-25.666	0.087
27.320	-23.431	0.090
27.340	-20.885	0.083
27.360	-18.033	0.075
27.380	-14.977	0.064
27.400	-11.696	0.059
27.420	-8.237	0.044
27.440	-4.659	0.036
27.460	-1.034	0.018
27.480	2.608	0.011
27.500	6.126	-0.005
27.520	9.714	-0.014
27.540	13.097	-0.028
27.560	16.299	-0.041
27.580	19.269	-0.050
27.600	21.997	-0.066
27.620	24.382	-0.072
27.640	26.439	-0.081
27.660	28.104	-0.089
27.680	29.409	-0.099
27.700	30.285	-0.108
27.720	30.752	-0.106
27.740	30.806	-0.114
27.760	30.425	-0.107
27.780	29.624	-0.116
27.800	28.389	-0.110
27.820	26.794	-0.110
27.840	24.833	-0.100
27.860	22.486	-0.106
27.880	19.838	-0.089
27.900	16.932	-0.090
27.920	13.849	-0.072
27.940	10.428	-0.069
27.960	6.953	-0.055
27.980	3.370	-0.046
28.000	-0.239	-0.029
28.020	-3.897	-0.021
28.040	-7.377	-0.003
28.060	-10.944	0.002
28.080	-14.247	0.020
28.100	-17.303	0.031
28.120	-20.262	0.045
28.140	-22.867	0.055
28.160	-25.156	0.069
28.180	-27.105	0.073
28.200	-28.652	0.086
28.220	-29.802	0.088
28.240	-30.548	0.092
28.260	-30.833	0.098
28.280	-30.774	0.104
28.300	-30.253	0.103
28.320	-29.297	0.105
28.340	-27.927	0.101
28.360	-26.181	0.102
28.380	-24.087	0.090
28.400	-21.632	0.089
28.420	-18.887	0.081
28.440	-15.853	0.074
28.460	-12.652	0.063
28.480	-9.236	0.053
28.500	-5.691	0.041
28.520	-2.081	0.034
28.540	1.576	0.018
28.560	5.186	0.007
28.580	8.731	-0.005
28.600	12.157	-0.020
28.620	15.423	-0.034
28.640	18.469	-0.040
28.660	21.256	-0.047
28.680	23.743	-0.067
28.700	25.891	-0.069
28.720	27.675	-0.084
28.740	29.082	-0.086
28.760	30.092	-0.095
28.780	30.666	-0.097
28.800	30.838	-0.104
28.820	30.586	-0.106
28.840	29.866	-0.105
28.860	28.776	-0.105
28.880	27.256	-0.102
28.900	25.424	-0.099
28.920	23.184	-0.093
28.940	20.617	-0.087
28.960	17.770	-0.079
28.980	14.671	-0.071
29.000	11.373	-0.057
29.020	7.930	-0.047
29.040	4.369	-0.043
29.060	0.749	-0.027
29.080	-2.892	-0.019
29.100	-6.486	0.003
29.120	-10.009	0.010
29.140	-13.377	0.028
29.160	-16.540	0.036
29.180	-19.521	0.055
29.200	-22.201	0.061
29.220	-24.575	0.077
29.240	-26.622	0.077
29.260	-28.298	0.093
29.280	-29.554	0.092
29.300	-30.425	0.106
29.320	-30.806	0.101
29.340	-30.849	0.111
29.360	-30.457	0.109
29.380	-29.646	0.117
29.400	-28.394	0.112
29.420	-26.735	0.108
29.440	-24.742	0.102
29.460	-22.373	0.100
29.480	-19.693	0.090
29.500	-16.744	0.086
29.520	-13.575	0.073
29.540	-10.219	0.066
29.560	-6.700	0.056
29.580	-3.102	0.046
29.600	0.551	0.028
29.620	4.176	0.020
29.640	7.726	0.005
29.660	11.207	-0.002
29.680	14.526	-0.020
29.700	17.631	-0.025
29.720	20.493	-0.047
29.740	23.082	-0.051
29.760	25.317	-0.066
29.780	27.218	-0.069
29.800	28.722	-0.082
29.820	29.844	-0.087
29.840	30.548	-0.092
29.860	30.833	-0.091
29.880	30.682	-0.097
29.900	30.118	-0.095
29.920	29.130	-0.097
29.940	27.744	-0.098
29.960	25.983	-0.093
29.980	23.850	-0.092
30.000	21.358	-0.082
30.020	18.587	-0.084
30.040	15.584	-0.069
30.060	12.319	-0.067
30.080	8.924	-0.050
30.100	5.374	-0.040
30.120	1.786	-0.025
30.140	-1.861	-0.015
30.160	-5.454	-0.004
30.180	-9.026	0.007
30.200	-12.448	0.019
30.220	-15.665	0.032
30.240	-18.689	0.046
30.260	-21.444	0.056
30.280	-23.915	0.069
30.300	-26.069	0.078
30.320	-27.820	0.081
30.340	-29.205	0.090
30.360	-30.183	0.098
30.380	-30.709	0.101
30.400	-30.892	0.105
30.420	-30.591	0.107
30.440	-29.871	0.111
30.460	-28.760	0.106
30.480	-27.223	0.107
30.500	-25.317	0.095
30.520	-23.050	0.095
30.540	-20.456	0.083
30.560	-17.582	0.081
30.580	-14.553	0.072
30.600	-11.164	0.066
30.620	-7.689	0.049
30.640	-4.181	0.038
30.660	-0.459	0.026
30.680	3.161	0.019
30.700	6.760	0.000
30.720	10.229	-0.009
30.740	13.618	-0.026
30.760	16.798	-0.035
30.780	19.715	-0.048
30.800	22.400	-0.060
30.820	24.715	-0.070
30.840	26.724	-0.082
30.860	28.330	-0.086
30.880	29.581	-0.093
30.900	30.392	-0.099
30.920	30.795	-0.107
30.940	30.758	-0.108
30.960	30.328	-0.110
30.980	29.442	-0.110
31.000	28.169	-0.113
31.020	26.514	-0.107
31.040	24.495	-0.103
31.060	22.148	-0.098
31.080	19.414	-0.092
31.100	16.460	-0.086
31.120	13.264	-0.073
31.140	9.912	-0.071
31.160	6.394	-0.055
31.180	2.796	-0.047
31.200	-0.722	-0.029
31.220	-4.445	-0.022
31.240	-8.016	-0.003
31.260	-11.470	0.003
31.280	-14.757	0.021
31.300	-17.845	0.033
31.320	-20.628	0.048
31.340	-23.243	0.053
31.360	-25.472	0.069
31.380	-27.299	0.074
31.400	-28.851	0.079
31.420	-29.930	0.087
31.440	-30.602	0.091
31.460	-30.838	0.097
31.480	-30.704	0.097
31.500	-30.108	0.102
31.520	-29.103	0.099
31.540	-27.675	0.098
31.560	-25.854	0.094
31.580	-23.721	0.091
31.600	-21.202	0.083
31.620	-18.409	0.075
31.640	-15.359	0.068
31.660	-12.115	0.059
31.680	-8.763	0.048
31.700	-5.105	0.036
31.720	-1.490	0.027
31.740	2.156	0.015
31.760	5.760	0.003
31.780	9.268	-0.011
31.800	12.695	-0.024
31.820	15.928	-0.035
31.840	18.914	-0.047
31.860	21.675	-0.057
31.880	24.103	-0.072
31.900	26.181	-0.077
31.920	27.922	-0.088
31.940	29.259	-0.090
31.960	30.204	-0.102
31.980	30.725	-0.105
32.000	30.817	-0.112
32.020	30.484	-0.109
32.040	29.721	-0.115
32.060	28.561	-0.111
32.080	26.998	-0.112
32.100	25.096	-0.100
32.120	22.808	-0.101
32.140	20.187	-0.088
32.160	17.314	-0.086
32.180	14.182	-0.072
32.200	10.847	-0.065
32.220	7.377	-0.051
32.240	3.822	-0.043
32.260	0.191	-0.031
32.280	-3.435	-0.020
32.300	-6.948	-0.003
32.320	-10.552	0.010
32.340	-13.860	0.022
32.360	-17.024	0.034
32.380	-19.946	0.049
32.400	-22.599	0.056
32.420	-24.908	0.070
32.440	-26.906	0.075
32.460	-28.518	0.093
32.480	-29.705	0.094
32.500	-30.521	0.102
32.520	-30.844	0.100
32.540	-30.822	0.108
32.560	-30.355	0.106
32.580	-29.458	0.110
32.600	-28.147	0.106
32.620	-26.450	0.106
32.640	-24.387	0.102
32.660	-21.992	0.097
32.680	-19.247	0.089
32.700	-16.282	0.082
32.720	-13.071	0.069
32.740	-9.681	0.062
32.760	-6.153	0.050
32.780	-2.538	0.041
32.800	1.104	0.027
32.820	4.740	0.017
32.840	8.290	0.003
32.860	11.739	-0.007
32.880	15.010	-0.028
32.900	18.093	-0.034
32.920	20.923	-0.045
32.940	23.453	-0.053
32.960	25.634	-0.061
32.980	27.433	-0.074
33.000	28.921	-0.084
33.020	29.984	-0.089
33.040	30.618	-0.095
33.060	30.833	-0.097
33.080	30.629	-0.100
33.100	29.995	-0.098
33.120	28.942	-0.102
33.140	27.497	-0.097
33.160	25.682	-0.093
33.180	23.480	-0.091
33.200	20.945	-0.082
33.220	18.135	-0.079
33.240	15.079	-0.064
33.260	11.787	-0.060
33.280	8.360	-0.043
33.300	4.810	-0.038
33.320	1.217	-0.021
33.340	-2.414	-0.013
33.360	-6.034	0.003
33.380	-9.579	0.008
33.400	-12.952	0.030
33.420	-16.164	0.037
33.440	-19.161	0.053
33.460	-21.820	0.062
33.480	-24.291	0.073
33.500	-26.310	0.077
33.520	-28.104	0.086
33.540	-29.415	0.094
33.560	-30.306	0.106
33.580	-30.774	0.107
33.600	-30.865	0.112
33.620	-30.505	0.113
33.640	-29.753	0.113
33.660	-28.550	0.113
33.680	-26.971	0.114
33.700	-25.043	0.105
33.720	-22.658	0.098
33.740	-20.042	0.091
33.760	-17.110	0.083
33.780	-13.989	0.075
33.800	-10.643	0.070
33.820	-7.141	0.055
33.840	-3.553	0.048
33.860	0.024	0.032
33.880	3.736	0.022
33.900	7.307	0.003
33.920	10.788	-0.002
33.940	14.113	-0.021
33.960	17.174	-0.026
33.980	20.150	-0.047
34.000	22.776	-0.055
34.020	25.048	-0.070
34.040	26.992	-0.072
34.060	28.550	-0.086
34.080	29.726	-0.088
34.100	30.484	-0.095
34.120	30.817	-0.099
34.140	30.715	-0.103
34.160	30.215	-0.106
34.180	29.281	-0.104
34.200	27.932	-0.109
34.220	26.219	-0.094
34.240	24.146	-0.096
34.260	21.680	-0.089
34.280	19.032	-0.086
34.300	15.966	-0.075
34.320	12.727	-0.071
34.340	9.348	-0.059
34.360	5.836	-0.049
34.380	2.242	-0.035
34.400	-1.399	-0.022
34.420	-5.014	-0.009
34.440	-8.575	0.003
34.460	-12.012	0.011
34.480	-15.257	0.026
34.500	-18.318	0.034
34.520	-21.111	0.052
34.540	-23.598	0.060
34.560	-25.800	0.072
34.580	-27.621	0.077
34.600	-29.055	0.086
34.620	-30.075	0.094
34.640	-30.661	0.094
34.660	-30.870	0.101
34.680	-30.634	0.101
34.700	-29.984	0.102
34.720	-28.921	0.100
34.740	-27.417	0.100
34.760	-25.548	0.095
34.780	-23.340	0.093
34.800	-20.794	0.081
34.820	-17.942	0.075
34.840	-14.859	0.069
34.860	-11.583	0.062
34.880	-8.129	0.046
34.900	-4.563	0.036
34.920	-0.916	0.023
34.940	2.726	0.013
34.960	6.314	-0.001
34.980	9.826	-0.012
35.000	13.119	-0.026
35.020	16.390	-0.039
35.040	19.360	-0.051
35.060	22.067	-0.061
35.080	24.441	-0.070
35.100	26.493	-0.082
35.120	28.147	-0.089
35.140	29.436	-0.099
35.160	30.306	-0.106
35.180	30.768	-0.109
35.200	30.790	-0.113
35.220	30.392	-0.110
35.240	29.581	-0.114
35.260	28.362	-0.109
35.280	26.729	-0.114
35.300	24.774	-0.105
35.320	22.416	-0.102
35.340	19.758	-0.090
35.360	16.836	-0.089
35.380	13.677	-0.075
35.400	10.321	-0.071
35.420	6.931	-0.055
35.440	3.263	-0.049
35.460	-0.368	-0.029
35.480	-3.993	-0.022
35.500	-7.587	-0.004
35.520	-11.051	0.007
35.540	-14.354	0.021
35.560	-17.486	0.031
35.580	-20.365	0.044
35.600	-22.948	0.055
35.620	-25.215	0.069
35.640	-27.164	0.073
35.660	-28.717	0.084
35.680	-29.834	0.090
35.700	-30.559	0.094
35.720	-30.822	0.097
35.740	-30.752	0.108
35.760	-30.215	0.101
35.780	-29.275	0.103
35.800	-27.884	0.102
35.820	-26.117	0.098
35.840	-24.011	0.095
35.860	-21.637	0.092
35.880	-18.785	0.083
35.900	-15.767	0.077
35.920	-12.560	0.064
35.940	-9.123	0.055
35.960	-5.578	0.044
35.980	-1.963	0.034
36.000	1.684	0.022
36.020	5.309	0.008
36.040	8.822	-0.006
36.060	12.179	-0.019
36.080	15.520	-0.032
36.100	18.474	-0.043
36.120	21.342	-0.047
36.140	23.818	-0.064
36.160	25.956	-0.068
36.180	27.728	-0.081
36.200	29.082	-0.085
36.220	30.108	-0.097
36.240	30.682	-0.100
36.260	30.833	-0.106
36.280	30.553	-0.109
36.300	29.855	-0.106
36.320	28.743	-0.109
36.340	27.213	-0.105
36.360	25.360	-0.099
36.380	23.163	-0.095
36.400	20.526	-0.090
36.420	17.674	-0.080
36.440	14.580	-0.067
36.460	11.260	-0.060
36.480	7.818	-0.049
36.500	4.240	-0.039
36.520	0.647	-0.026
36.540	-3.000	-0.019
36.560	-6.598	0.007
36.580	-10.036	0.011
36.600	-13.468	0.029
36.620	-16.562	0.036
36.640	-19.607	0.056
36.660	-22.298	0.061
36.680	-24.661	0.076
36.700	-26.676	0.080
36.720	-28.335	0.092
36.740	-29.603	0.096
36.760	-30.430	0.109
36.780	-30.822	0.109
36.800	-30.833	0.114
36.820	-30.441	0.115
36.840	-29.603	0.118
36.860	-28.357	0.116
36.880	-26.729	0.114
36.900	-24.661	0.109
36.920	-22.314	0.102
36.940	-19.607	0.095
36.960	-16.648	0.085
36.980	-13.495	0.078
37.000	-10.197	0.071
37.020	-6.582	0.059
37.040	-2.984	0.052
37.060	0.653	0.031
37.080	4.278	0.024
37.100	7.844	0.006
37.120	11.309	0.001
37.140	14.537	-0.018
37.160	17.727	-0.023
37.180	20.574	-0.046
37.200	23.109	-0.049
37.220	25.381	-0.068
37.240	27.250	-0.070
37.260	28.760	-0.085
37.280	29.866	-0.084
37.300	30.564	-0.094
37.320	30.827	-0.090
37.340	30.666	-0.097
37.360	30.081	-0.097
37.380	29.093	-0.099
37.400	27.691	-0.099
37.420	25.924	-0.089
37.440	23.775	-0.094
37.460	21.347	-0.082
37.480	18.501	-0.081
37.500	15.477	-0.072
37.520	12.292	-0.067
37.540	8.806	-0.049
37.560	5.282	-0.043
37.580	1.668	-0.023
37.600	-1.958	-0.012
37.620	-5.578	0.000
37.640	-9.112	0.008
37.660	-12.533	0.019
37.680	-15.745	0.035
37.700	-18.780	0.045
37.720	-21.466	0.062
37.740	-24.001	0.069
37.760	-26.106	0.080
37.780	-27.889	0.082
37.800	-29.264	0.094
37.820	-30.204	0.101
37.840	-30.725	0.105
37.860	-30.903	0.110
37.880	-30.559	0.113
37.900	-29.866	0.114
37.920	-28.727	0.113
37.940	-27.143	0.106
37.960	-25.252	0.102
37.980	-22.986	0.098
38.000	-20.381	0.092
38.020	-17.507	0.083
38.040	-14.451	0.073
38.060	-11.056	0.070
38.080	-7.581	0.050
38.100	-3.993	0.042
38.120	-0.357	0.024
38.140	3.290	0.017
38.160	6.878	0.002
38.180	10.364	-0.003
38.200	13.720	-0.024
38.220	16.879	-0.034
38.240	19.801	-0.049
38.260	22.491	-0.059
38.280	24.790	-0.067
38.300	26.729	-0.080
38.320	28.384	-0.085
38.340	29.614	-0.095
38.360	30.414	-0.101
38.380	30.795	-0.107
38.400	30.752	-0.106
38.420	30.296	-0.110
38.440	29.420	-0.110
38.460	28.163	-0.114
38.480	26.455	-0.105
38.500	24.425	-0.102
38.520	21.997	-0.099
38.540	19.382	-0.093
38.560	16.363	-0.084
38.580	13.167	-0.075
38.600	9.875	-0.068
38.620	6.292	-0.053
38.640	2.699	-0.043
38.660	-0.937	-0.031
38.680	-4.568	-0.020
38.700	-8.135	-0.002
38.720	-11.572	0.005
38.740	-14.848	0.021
38.760	-17.948	0.030
38.780	-20.783	0.048
38.800	-23.329	0.054
38.820	-25.478	0.067
38.840	-27.406	0.073
38.860	-28.905	0.081
38.880	-29.941	0.090
38.900	-30.613	0.094
38.920	-30.844	0.100
38.940	-30.672	0.102
38.960	-30.097	0.102
38.980	-29.060	0.102
39.000	-27.621	0.098
39.020	-25.800	0.094
39.040	-23.641	0.092
39.060	-21.138	0.086
39.080	-18.323	0.075
39.100	-15.262	0.071
39.120	-12.007	0.061
39.140	-8.575	0.052
39.160	-5.009	0.036
39.180	-1.367	0.026
39.200	2.269	0.012
39.220	5.879	0.003
39.240	9.295	-0.010
39.260	12.786	-0.026
39.280	16.019	-0.035
39.300	19.006	-0.047
39.320	21.740	-0.055
39.340	24.119	-0.071
39.360	26.251	-0.076
39.380	27.970	-0.090
39.400	29.307	-0.092
39.420	30.220	-0.101
39.440	30.715	-0.106
39.460	30.811	-0.109
39.480	30.478	-0.112
39.500	29.699	-0.113
39.520	28.523	-0.113
39.540	26.939	-0.109
39.560	25.027	-0.107
39.580	22.717	-0.101
39.600	20.166	-0.089
39.620	17.217	-0.086
39.640	14.075	-0.077
39.660	10.745	-0.066
39.680	7.275	-0.053
39.700	3.698	-0.045
39.720	0.089	-0.030
39.740	-3.558	-0.018
39.760	-7.141	-0.002
39.780	-10.637	0.007
39.800	-13.973	0.024
39.820	-17.131	0.031
39.840	-20.031	0.049
39.860	-22.653	0.053
39.880	-24.962	0.073
39.900	-26.960	0.075
39.920	-28.539	0.091
39.940	-29.732	0.092
39.960	-30.532	0.102
39.980	-30.844	0.106
40.000	-30.806	0.109
40.020	-30.339	0.107
40.040	-29.436	0.106
40.060	-28.099	0.105
40.080	-26.391	0.105
40.100	-24.307	0.104
40.120	-21.976	0.095
40.140	-19.172	0.091
40.160	-16.245	0.081
40.180	-12.958	0.072
40.200	-9.569	0.062
40.220	-6.029	0.048
40.240	-2.420	0.039
40.260	1.217	0.026
40.280	4.761	0.017
40.300	8.392	-0.001
40.320	11.835	-0.010
40.340	15.112	-0.027
40.360	18.098	-0.037
40.380	21.009	-0.047
40.400	23.528	-0.054
40.420	25.687	-0.061
40.440	27.513	-0.072
40.460	28.958	-0.084
40.480	29.984	-0.089
40.500	30.629	-0.097
40.520	30.833	-0.096
40.540	30.613	-0.102
40.560	29.947	-0.098
40.580	28.926	-0.100
40.600	27.438	-0.097
40.620	25.612	-0.095
40.640	23.405	-0.091
40.660	20.875	-0.080
40.680	18.044	-0.078
40.700	14.983	-0.069
40.720	11.696	-0.061
40.740	8.258	-0.045
40.760	4.708	-0.041
40.780	1.088	-0.018
40.800	-2.554	-0.014
40.820	-6.142	0.006
40.840	-9.681	0.011
40.860	-13.065	0.031
40.880	-16.261	0.037
40.900	-19.231	0.056
40.920	-21.960	0.069
40.940	-24.350	0.074
40.960	-26.423	0.081
40.980	-28.163	0.090
41.000	-29.442	0.096
41.020	-30.355	0.110
41.040	-30.774	0.111
41.060	-30.886	0.117
41.080	-30.500	0.116
41.100	-29.716	0.115
41.120	-28.512	0.119
41.140	-26.880	0.112
41.160	-24.919	0.110
41.180	-22.615	0.102
41.200	-19.935	0.092
41.220	-17.018	0.084
41.240	-13.892	0.077
41.260	-10.525	0.069
41.280	-7.039	0.056
41.300	-3.429	0.051
41.320	0.126	0.030
41.340	3.838	0.020
41.360	7.399	0.001
41.380	10.885	0.001
41.400	14.220	-0.021
41.420	17.341	-0.024
41.440	20.230	-0.043
41.460	22.803	-0.050
41.480	25.118	-0.068
41.500	27.057	-0.075
41.520	28.598	-0.081
41.540	29.769	-0.084
41.560	30.484	-0.095
41.580	30.827	-0.100
41.600	30.709	-0.102
41.620	30.204	-0.103
41.640	29.248	-0.105
41.660	27.873	-0.109
41.680	26.165	-0.100
41.700	24.071	-0.100
41.720	21.680	-0.089
41.740	18.871	-0.084
41.760	15.874	-0.078
41.780	12.721	-0.073
41.800	9.236	-0.056
41.820	5.718	-0.043
41.840	2.226	-0.034
41.860	-1.507	-0.023
41.880	-5.111	-0.010
41.900	-8.704	0.005
41.920	-12.115	0.013
41.940	-15.353	0.027
41.960	-18.409	0.041
41.980	-21.202	0.051
42.000	-23.705	0.062
42.020	-25.854	0.071
42.040	-27.680	0.081
42.060	-29.098	0.088
42.080	-30.113	0.098
42.100	-30.698	0.098
42.120	-30.870	0.104
42.140	-30.623	0.106
42.160	-29.973	0.105
42.180	-28.883	0.106
42.200	-27.352	0.106
42.220	-25.489	0.097
42.240	-23.276	0.092
42.260	-20.719	0.086
42.280	-17.856	0.075
42.300	-14.773	0.072
42.320	-11.491	0.062
42.340	-8.011	0.049
42.360	-4.428	0.038
42.380	-0.803	0.025
42.400	2.823	0.011
42.420	6.427	-0.002
42.440	9.918	-0.010
42.460	13.302	-0.025
42.480	16.487	-0.040
42.500	19.441	-0.051
42.520	22.169	-0.060
42.540	24.511	-0.074
42.560	26.509	-0.081
42.580	28.201	-0.093
42.600	29.479	-0.094
42.620	30.328	-0.105
42.640	30.768	-0.107
42.660	30.784	-0.117
42.680	30.387	-0.115
42.700	29.549	-0.117
42.720	28.314	-0.115
42.740	26.670	-0.113
42.760	24.704	-0.108
42.780	22.320	-0.101
42.800	19.677	-0.093
42.820	16.814	-0.085
42.840	13.565	-0.077
42.860	10.224	-0.069
42.880	6.722	-0.055
42.900	3.150	-0.044
42.920	-0.475	-0.036
42.940	-4.112	-0.018
42.960	-7.683	-0.005
42.980	-11.073	0.004
43.000	-14.467	0.020
43.020	-17.496	0.032
43.040	-20.440	0.046
43.060	-23.012	0.056
43.080	-25.284	0.069
43.100	-27.202	0.076
43.120	-28.738	0.086
43.140	-29.855	0.089
43.160	-30.553	0.096
43.180	-30.827	0.098
43.200	-30.731	0.107
43.220	-30.177	0.103
43.240	-29.227	0.108
43.260	-27.820	0.103
43.280	-26.069	0.102
43.300	-23.936	0.096
43.320	-21.466	0.090
43.340	-18.705	0.082
43.360	-15.665	0.078
43.380	-12.431	0.065
43.400	-9.021	0.053
43.420	-5.465	0.043
43.440	-1.845	0.035
43.460	1.802	0.019
43.480	5.411	0.009
43.500	8.935	-0.003
43.520	12.372	-0.018
43.540	15.622	-0.031
43.560	18.635	-0.045
43.580	21.417	-0.047
43.600	23.888	-0.067
43.620	26.010	-0.070
43.640	27.777	-0.084
43.660	29.162	-0.090
43.680	30.140	-0.099
43.700	30.688	-0.102
43.720	30.833	-0.106
43.740	30.548	-0.109
43.760	29.850	-0.109
43.780	28.700	-0.108
43.800	27.186	-0.109
43.820	25.290	-0.099
43.840	23.023	-0.097
43.860	20.434	-0.091
43.880	17.582	-0.085
43.900	14.472	-0.065
43.920	11.158	-0.057
43.940	7.716	-0.049
43.960	4.144	-0.043
43.980	0.529	-0.027
44.000	-3.113	-0.023
44.020	-6.717	0.005
44.040	-10.224	0.008
44.060	-13.581	0.028
44.080	-16.771	0.036
44.100	-19.704	0.052
44.120	-22.357	0.060
44.140	-24.710	0.076
44.160	-26.735	0.079
44.180	-28.394	0.094
44.200	-29.608	0.094
44.220	-30.457	0.110
44.240	-30.811	0.110
44.260	-30.844	0.117
44.280	-30.425	0.114
44.300	-29.560	0.119
44.320	-28.298	0.115
44.340	-26.611	0.113
44.360	-24.592	0.106
44.380	-22.303	0.105
44.400	-19.543	0.096
44.420	-16.556	0.087
44.440	-13.382	0.077
44.460	-10.020	0.073
44.480	-6.491	0.056
44.500	-2.882	0.050
44.520	0.765	0.031
44.540	4.305	0.021
44.560	7.947	0.007
44.580	11.411	-0.002
44.600	14.719	-0.020
44.620	17.813	-0.026
44.640	20.655	-0.045
44.660	23.227	-0.047
44.680	25.440	-0.064
44.700	27.315	-0.071
44.720	28.802	-0.083
44.740	29.871	-0.084
44.760	30.570	-0.091
44.780	30.827	-0.093
44.800	30.661	-0.098
44.820	30.059	-0.098
44.840	29.060	-0.099
44.860	27.632	-0.103
44.880	25.859	-0.092
44.900	23.764	-0.090
44.920	21.208	-0.080
44.940	18.420	-0.080
44.960	15.369	-0.068
44.980	12.104	-0.064
45.000	8.693	-0.044
45.020	5.170	-0.039
45.040	1.555	-0.022
45.060	-1.979	-0.012
45.080	-5.691	0.000
45.100	-9.144	0.010
45.120	-12.630	0.024
45.140	-15.858	0.038
45.160	-18.796	0.048
45.180	-21.621	0.062
45.200	-24.076	0.072
45.220	-26.171	0.081
45.240	-27.954	0.087
45.260	-29.307	0.096
45.280	-30.231	0.105
45.300	-30.752	0.107
45.320	-30.876	0.115
45.340	-30.564	0.110
45.360	-29.823	0.115
45.380	-28.668	0.114
45.400	-27.116	0.113
45.420	-25.161	0.105
45.440	-22.910	0.105
45.460	-20.289	0.093
45.480	-17.378	0.085
45.500	-14.290	0.076
45.520	-10.949	0.072
45.540	-7.479	0.052
45.560	-3.875	0.046
45.580	-0.228	0.027
45.600	3.392	0.019
45.620	6.980	0.004
45.640	10.369	-0.006
45.660	13.812	-0.024
45.680	16.970	-0.035
45.700	19.892	-0.047
45.720	22.561	-0.058
45.740	24.855	-0.068
45.760	26.847	-0.076
45.780	28.421	-0.084
45.800	29.614	-0.094
45.820	30.430	-0.100
45.840	30.806	-0.105
45.860	30.758	-0.586
45.880	30.290	-0.111
45.900	29.409	-0.111
45.920	28.088	-0.114
45.940	26.391	-0.106
45.960	24.355	-0.105
45.980	21.938	-0.100
46.000	19.231	-0.087
46.020	16.272	-0.086
46.040	13.049	-0.071
46.060	9.687	-0.066
46.080	6.179	-0.050
46.100	2.586	-0.045
46.120	-1.061	-0.030
46.140	-4.676	-0.018
46.160	-8.242	-0.003
46.180	-11.690	0.006
46.200	-14.967	0.023
46.220	-18.033	0.034
46.240	-20.864	0.046
46.260	-23.378	0.059
46.280	-25.601	0.067
46.300	-27.411	0.079
46.320	-28.931	0.082
46.340	-29.995	0.091
46.360	-30.639	0.094
46.380	-30.854	0.101
46.400	-30.672	0.102
46.420	-30.059	0.104
46.440	-29.033	0.102
46.460	-27.573	0.102
46.480	-25.741	0.096
46.500	-23.571	0.095
46.520	-21.057	0.086
46.540	-18.238	0.076
46.560	-15.176	0.071
46.580	-11.916	0.061
46.600	-8.457	0.050
46.620	-4.890	0.036
46.640	-1.265	0.027
46.660	2.377	0.011
46.680	5.981	0.003
46.700	9.499	-0.012
46.720	12.893	-0.023
46.740	16.100	-0.035
46.760	19.097	-0.048
46.780	21.836	-0.057
46.800	24.242	-0.072
46.820	26.316	-0.080
46.840	28.018	-0.091
46.860	29.345	-0.095
46.880	30.242	-0.108
46.900	30.736	-0.105
46.920	30.806	-0.115
46.940	30.468	-0.109
46.960	29.656	-0.117
46.980	28.518	-0.112
47.000	26.901	-0.118
47.020	24.973	-0.102
47.040	22.636	-0.104
47.060	20.021	-0.094
47.080	17.126	-0.088
47.100	14.053	-0.072
47.120	10.637	-0.068
47.140	7.162	-0.056
47.160	3.591	-0.044
47.180	-0.030	-0.029
47.200	-3.655	-0.019
47.220	-7.259	-0.005
47.240	-10.664	0.007
47.260	-14.070	0.023
47.280	-17.217	0.032
47.300	-20.053	0.048
47.320	-22.722	0.058
47.340	-24.989	0.069
47.360	-27.014	0.079
47.380	-28.588	0.092
47.400	-29.769	0.093
47.420	-30.532	0.100
47.440	-30.838	0.100
47.460	-30.784	0.112
47.480	-30.317	0.106
47.500	-29.388	0.111
47.520	-28.072	0.108
47.540	-26.337	0.107
47.560	-24.242	0.102
47.580	-21.815	0.101
47.600	-19.070	0.086
47.620	-16.078	0.084
47.640	-12.888	0.065
47.660	-9.467	0.060
47.680	-5.927	0.046
47.700	-2.312	0.040
47.720	1.249	0.023
47.740	4.955	0.015
47.760	8.419	-0.001
47.780	11.943	-0.010
47.800	15.208	-0.029
47.820	18.264	-0.037
47.840	21.079	-0.044
47.860	23.539	-0.055
47.880	25.757	-0.068
47.900	27.567	-0.076
47.920	29.007	-0.089
47.940	30.038	-0.089
47.960	30.623	-0.097
47.980	30.827	-0.097
48.000	30.596	-0.103
48.020	29.930	-0.101
48.040	28.862	-0.105
48.060	27.385	-0.100
48.080	25.553	-0.094
48.100	23.319	-0.090
48.120	20.778	-0.080
48.140	17.948	-0.082
48.160	14.875	-0.063
48.180	11.572	-0.061
48.200	8.145	-0.043
48.220	4.595	-0.040
48.240	0.980	-0.021
48.260	-2.672	-0.014
48.280	-6.249	0.005
48.300	-9.800	0.011
48.320	-13.178	0.029
48.340	-16.261	0.041
48.360	-19.360	0.056
48.380	-22.040	0.068
48.400	-24.430	0.076
48.420	-26.504	0.083
48.440	-28.206	0.095
48.460	-29.501	0.105
48.480	-30.398	0.107
48.500	-30.801	0.110
48.520	-30.854	0.119
48.540	-30.484	0.114
48.560	-29.705	0.121
48.580	-28.464	0.116
48.600	-26.847	0.117
48.620	-24.871	0.110
48.640	-22.534	0.106
48.660	-19.860	0.094
48.680	-16.938	0.090
48.700	-13.785	0.077
48.720	-10.412	0.073
48.740	-6.921	0.054
48.760	-3.327	0.052
48.780	0.320	0.034
48.800	3.870	0.027
48.820	7.522	0.001
48.840	10.987	0.000
48.860	14.311	-0.018
48.880	17.443	-0.025
48.900	20.327	-0.046
48.920	22.937	-0.052
48.940	25.177	-0.068
48.960	27.116	-0.072
48.980	28.598	-0.082
49.000	29.791	-0.089
49.020	30.516	-0.093
49.040	30.822	-0.102
49.060	30.704	-0.099
49.080	30.167	-0.110
49.100	29.200	-0.101
49.120	27.820	-0.108
49.140	26.101	-0.092
49.160	23.995	-0.098
49.180	21.535	-0.085
49.200	18.780	-0.085
49.220	15.772	-0.078
49.240	12.544	-0.069
49.260	9.139	-0.056
49.280	5.610	-0.043
49.300	2.011	-0.033
49.320	-1.619	-0.018
49.340	-5.240	-0.008
49.360	-8.801	0.007
49.380	-12.136	0.013
49.400	-15.455	0.032
49.420	-18.506	0.040
49.440	-21.288	0.055
49.460	-23.775	0.065
49.480	-25.934	0.075
49.500	-27.744	0.084
49.520	-29.125	0.086
49.540	-30.140	0.102
49.560	-30.693	0.101
49.580	-30.870	0.109
49.600	-30.623	0.103
49.620	-29.936	0.112
49.640	-28.835	0.102
49.660	-27.304	0.106
49.680	-25.424	0.098
49.700	-23.190	0.102
49.720	-20.633	0.084
49.740	-17.840	0.082
49.760	-14.682	0.069
49.780	-11.384	0.067
49.800	-7.904	0.048
49.820	-4.332	0.042
49.840	-0.696	0.023
49.860	2.951	0.013
49.880	6.529	0.000
49.900	10.031	-0.014
49.920	13.404	-0.027
49.940	16.589	-0.041
49.960	19.543	-0.051
49.980	22.239	-0.064
50.000	24.532	-0.076
50.020	26.600	-0.084
50.040	28.249	-0.091
50.060	29.506	-0.100
50.080	30.355	-0.106
50.100	30.763	-0.112
50.120	30.784	-0.114
50.140	30.365	-0.112
50.160	29.511	-0.119
50.180	28.265	-0.114
50.200	26.606	-0.114
50.220	24.635	-0.104
50.240	22.255	-0.107
50.260	19.586	-0.089
50.280	16.653	-0.090
50.300	13.473	-0.073
50.320	10.106	-0.070
50.340	6.625	-0.050
50.360	3.048	-0.049
50.380	-0.610	-0.031
50.400	-4.219	-0.022
50.420	-7.807	-0.005
50.440	-11.255	0.003
50.460	-14.564	0.020
50.480	-17.663	0.032
50.500	-20.531	0.045
50.520	-23.093	0.056
50.540	-25.338	0.067
50.560	-27.250	0.075
50.580	-28.792	0.085
50.600	-29.887	0.090
50.620	-30.602	0.101
50.640	-30.838	0.101
50.660	-30.709	0.104
50.680	-30.167	0.105
50.700	-29.173	0.106
50.720	-27.787	0.102
50.740	-25.983	0.102
50.760	-23.861	0.093
50.780	-21.390	0.092
50.800	-18.581	0.077
50.820	-15.557	0.077
50.840	-12.335	0.062
50.860	-8.903	0.055
50.880	-5.342	0.039
50.900	-1.727	0.032
50.920	1.915	0.015
50.940	5.530	0.007
50.960	9.053	-0.006
50.980	12.480	-0.022
51.000	15.633	-0.035
51.020	18.716	-0.047
51.040	21.503	-0.053
51.060	23.958	-0.062
51.080	26.074	-0.073
51.100	27.820	-0.089
51.120	29.195	-0.092
51.140	30.156	-0.101
51.160	30.698	-0.108
51.180	30.827	-0.110
51.200	30.527	-0.108
51.220	29.791	-0.110
51.240	28.657	-0.109
51.260	27.127	-0.107
51.280	25.231	-0.102
51.300	22.943	-0.099
51.320	20.354	-0.089
51.340	17.491	-0.084
51.360	14.381	-0.065
51.380	11.078	-0.061
51.400	7.592	-0.050
51.420	4.026	-0.041
51.440	0.416	-0.027
51.460	-3.231	-0.022
51.480	-6.824	-0.002
51.500	-10.342	0.008
51.520	-13.683	0.026
51.540	-16.841	0.036
51.560	-19.790	0.051
51.580	-22.432	0.058
51.600	-24.796	0.076
51.620	-26.794	0.081
51.640	-28.453	0.094
51.660	-29.662	0.098
51.680	-30.478	0.105
51.700	-30.833	0.111
51.720	-30.838	0.115
51.740	-30.419	0.113
51.760	-29.538	0.117
51.780	-28.260	0.113
51.800	-26.568	0.114
51.820	-24.511	0.105
51.840	-22.148	0.105
51.860	-19.441	0.092
51.880	-16.476	0.086
51.900	-13.280	0.077
51.920	-9.885	0.068
51.940	-6.367	0.059
51.960	-2.769	0.047
51.980	0.878	0.030
52.000	4.498	0.019
52.020	8.065	0.004
52.040	11.529	-0.005
52.060	14.827	-0.020
52.080	17.910	-0.029
52.100	20.740	-0.047
52.120	23.308	-0.052
52.140	25.510	-0.068
52.160	27.368	-0.070
52.180	28.845	-0.085
52.200	29.930	-0.086
52.220	30.591	-0.093
52.240	30.833	-0.093
52.260	30.650	-0.098
52.280	30.054	-0.100
52.300	29.044	-0.099
52.320	27.578	-0.102
52.340	25.805	-0.091
52.360	23.630	-0.094
52.380	21.116	-0.080
52.400	18.393	-0.082
52.420	15.294	-0.067
52.440	12.088	-0.062
52.460	8.586	-0.044
52.480	5.041	-0.040
52.500	1.437	-0.022
52.520	-2.189	-0.014
52.540	-5.809	0.002
52.560	-9.257	0.012
52.580	-12.743	0.026
52.600	-15.880	0.041
52.620	-18.963	0.051
52.640	-21.723	0.065
52.660	-24.081	0.073
52.680	-26.257	0.083
52.700	-27.981	0.087
52.720	-29.323	0.098
52.740	-30.285	0.105
52.760	-30.758	0.106
52.780	-30.897	0.115
52.800	-30.559	0.116
52.820	-29.791	0.117
52.840	-28.657	0.115
52.860	-27.057	0.115
52.880	-25.156	0.104
52.900	-22.830	0.104
52.920	-20.203	0.090
52.940	-17.314	0.085
52.960	-14.188	0.076
52.980	-10.847	0.071
53.000	-7.366	0.052
53.020	-3.773	0.043
53.040	-0.132	0.030
53.060	3.494	0.020
53.080	6.996	0.002
53.100	10.568	-0.006
53.120	13.914	-0.018
53.140	16.991	-0.033
53.160	19.972	-0.047
53.180	22.620	-0.058
53.200	24.919	-0.072
53.220	26.880	-0.079
53.240	28.459	-0.082
53.260	29.656	-0.096
53.280	30.430	-0.097
53.300	30.811	-0.109
53.320	30.731	-0.105
53.340	30.253	-0.110
53.360	29.340	-0.105
53.380	28.040	-0.112
53.400	26.332	-0.106
53.420	24.285	-0.105
53.440	21.863	-0.096
53.460	19.145	-0.089
53.480	16.175	-0.082
53.500	12.952	-0.072
53.520	9.574	-0.065
53.540	6.067	-0.049
53.560	2.463	-0.046
53.580	-1.163	-0.026
53.600	-4.788	-0.018
53.620	-8.349	0.001
53.640	-11.792	0.011
53.660	-15.052	0.024
53.680	-18.135	0.035
53.700	-20.945	0.046
53.720	-23.469	0.059
53.740	-25.660	0.068
53.760	-27.513	0.079
53.780	-28.990	0.083
53.800	-30.043	0.093
53.820	-30.650	0.095
53.840	-30.860	0.102
53.860	-30.666	0.103
53.880	-30.049	0.102
53.900	-28.996	0.100
53.920	-27.519	0.102
53.940	-25.687	0.096
53.960	-23.490	0.093
53.980	-20.977	0.086
54.000	-18.135	0.077
54.020	-15.063	0.071
54.040	-11.808	0.057
54.060	-8.344	0.052
54.080	-4.767	0.036
54.100	-1.152	0.025
54.120	2.495	0.012
54.140	6.099	-0.002
54.160	9.590	-0.014
54.180	12.915	-0.026
54.200	16.223	-0.039
54.220	19.188	-0.051
54.240	21.917	-0.063
54.260	24.318	-0.074
54.280	26.375	-0.080
54.300	28.056	-0.094
54.320	29.340	-0.097
54.340	30.269	-0.109
54.360	30.752	-0.106
54.380	30.806	-0.118
54.400	30.441	-0.113
54.420	29.646	-0.117
54.440	28.448	-0.118
54.460	26.853	-0.114
54.480	24.908	-0.105
54.500	22.572	-0.102
54.520	19.940	-0.094
54.540	17.029	-0.089
54.560	13.871	-0.074
54.580	10.541	-0.069
54.600	7.060	-0.055
54.620	3.494	-0.045
54.640	-0.153	-0.030
54.660	-3.784	-0.017
54.680	-7.270	-0.004
54.700	-10.852	0.008
54.720	-14.166	0.024
54.740	-17.233	0.032
54.760	-20.203	0.046
54.780	-22.792	0.058
54.800	-25.075	0.069
54.820	-27.046	0.077
54.840	-28.636	0.090
54.860	-29.802	0.092
54.880	-30.537	0.099
54.900	-30.833	0.104
54.920	-30.774	0.108
54.940	-30.263	0.104
54.960	-29.356	0.110
54.980	-28.008	0.106
55.000	-26.246	0.105
55.020	-24.162	0.097
55.040	-21.734	0.095
55.060	-18.984	0.092
55.080	-15.966	0.081
55.100	-12.764	0.068
55.120	-9.332	0.058
55.140	-5.830	0.047
55.160	-2.178	0.036
55.180	1.469	0.024
55.200	5.073	0.011
55.220	8.618	-0.003
55.240	12.055	-0.017
55.260	15.305	-0.031
55.280	18.361	-0.042
55.300	21.165	-0.050
55.320	23.609	-0.060
55.340	25.822	-0.068
55.360	27.621	-0.078
55.380	29.044	-0.090
55.400	30.049	-0.093
55.420	30.645	-0.098
55.440	30.833	-0.101
55.460	30.580	-0.106
55.480	29.914	-0.107
55.500	28.819	-0.106
55.520	27.320	-0.101
55.540	25.478	-0.097
55.560	23.249	-0.094
55.580	20.703	-0.084
55.600	17.867	-0.081
55.620	14.768	-0.064
55.640	11.486	-0.059
55.660	8.032	-0.043
55.680	4.477	-0.042
55.700	0.857	-0.024
55.720	-2.688	-0.015
55.740	-6.373	0.005
55.760	-9.891	0.010
55.780	-13.264	0.032
55.800	-16.460	0.040
55.820	-19.435	0.056
55.840	-22.121	0.067
55.860	-24.500	0.076
55.880	-26.557	0.082
55.900	-28.249	0.093
55.920	-29.517	0.100
55.940	-30.414	0.112
55.960	-30.801	0.110
55.980	-30.870	0.118
56.000	-30.468	0.115
56.020	-29.673	0.117
56.040	-28.453	0.115
56.060	-26.778	0.114
56.080	-24.801	0.109
56.100	-22.448	0.105
56.120	-19.795	0.093
56.140	-16.852	0.090
56.160	-13.688	0.073
56.180	-10.326	0.074
56.200	-6.824	0.055
56.220	-3.204	0.050
56.240	0.432	0.030
56.260	4.058	0.026
56.280	7.630	0.003
56.300	11.110	-0.002
56.320	14.424	-0.021
56.340	17.534	-0.026
56.360	20.397	-0.045
56.380	23.007	-0.048
56.400	25.247	-0.068
56.420	27.170	-0.076
56.440	28.674	-0.080
56.460	29.791	-0.085
56.480	30.532	-0.092
56.500	30.827	-0.099
56.520	30.688	-0.099
56.540	30.129	-0.104
56.560	29.173	-0.100
56.580	27.803	-0.106
56.600	26.036	-0.093
56.620	23.931	-0.096
56.640	21.449	-0.085
56.660	18.689	-0.084
56.680	15.692	-0.076
56.700	12.431	-0.067
56.720	9.037	-0.052
56.740	5.497	-0.041
56.760	1.899	-0.032
56.780	-1.727	-0.017
56.800	-5.342	-0.002
56.820	-8.908	0.009
56.840	-12.308	0.018
56.860	-15.557	0.036
56.880	-18.603	0.047
56.900	-21.369	0.058
56.920	-23.834	0.067
56.940	-26.004	0.079
56.960	-27.787	0.085
56.980	-29.168	0.092
57.000	-30.183	0.100
57.020	-30.698	0.102
57.040	-30.892	0.109
57.060	-30.602	0.106
57.080	-29.920	0.116
57.100	-28.808	0.105
57.120	-27.277	0.110
57.140	-25.376	0.099
57.160	-23.120	0.101
57.180	-20.536	0.090
57.200	-17.668	0.082
57.220	-14.585	0.072
57.240	-11.260	0.065
57.260	-7.802	0.050
57.280	-4.219	0.038
57.300	-0.577	0.024
57.320	3.053	0.013
57.340	6.647	0.000
57.360	10.047	-0.009
57.380	13.527	-0.026
57.400	16.675	-0.039
57.420	19.613	-0.051
57.440	22.320	-0.064
57.460	24.651	-0.074
57.480	26.659	-0.083
57.500	28.281	-0.089
57.520	29.554	-0.100
57.540	30.371	-0.108
57.560	30.779	-0.109
57.580	30.774	-0.116
57.600	30.349	-0.110
57.620	29.485	-0.118
57.640	28.217	-0.114
57.660	26.563	-0.115
57.680	24.570	-0.106
57.700	22.180	-0.106
57.720	19.489	-0.091
57.740	16.562	-0.090
57.760	13.366	-0.073
57.780	9.993	-0.070
57.800	6.502	-0.053
57.820	2.919	-0.049
57.840	-0.717	-0.032
57.860	-4.332	-0.018
57.880	-7.914	-0.007
57.900	-11.395	0.007
57.920	-14.660	0.021
57.940	-17.765	0.031
57.960	-20.622	0.045
57.980	-23.163	0.059
58.000	-25.408	0.065
58.020	-27.261	0.073
58.040	-28.829	0.081
58.060	-29.914	0.090
58.080	-30.591	0.095
58.100	-30.833	0.101
58.120	-30.704	0.103
58.140	-30.135	0.103
58.160	-29.146	0.106
58.180	-27.718	0.102
58.200	-25.924	0.100
58.220	-23.775	0.092
58.240	-21.315	0.086
58.260	-18.506	0.077
58.280	-15.466	0.073
58.300	-12.227	0.061
58.320	-8.784	0.052
58.340	-5.234	0.040
58.360	-1.609	0.028
58.380	2.038	0.014
58.400	5.648	0.003
58.420	9.171	-0.007
58.440	12.490	-0.022
58.460	15.815	-0.035
58.480	18.812	-0.049
58.500	21.600	-0.060
58.520	24.044	-0.072
58.540	26.128	-0.075
58.560	27.868	-0.089
58.580	29.227	-0.097
58.600	30.167	-0.102
58.620	30.709	-0.103
58.640	30.817	-0.109
58.660	30.521	-0.114
58.680	29.759	-0.110
58.700	28.620	-0.112
58.720	27.062	-0.106
58.740	25.161	-0.103
58.760	22.873	-0.101
58.780	20.279	-0.095
58.800	17.480	-0.084
58.820	14.279	-0.072
58.840	10.944	-0.061
58.860	7.501	-0.052
58.880	3.918	-0.043
58.900	0.298	-0.027
58.920	-3.344	-0.021
58.940	-6.926	0.002
58.960	-10.444	0.010
58.980	-13.774	0.024
59.000	-16.943	0.032
59.020	-19.876	0.051
59.040	-22.508	0.058
59.060	-24.839	0.077
59.080	-26.842	0.076
59.100	-28.496	0.093
59.120	-29.678	0.095
59.140	-30.500	0.103
59.160	-30.827	0.105
59.180	-30.811	0.114
59.200	-30.382	0.112
59.220	-29.506	0.114
59.240	-28.206	0.113
59.260	-26.504	0.110
59.280	-24.457	0.103
59.300	-22.073	0.100
59.320	-19.344	0.089
59.340	-16.374	0.083
59.360	-13.173	0.075
59.380	-9.778	0.069
59.400	-6.260	0.052
59.420	-2.661	0.045
59.440	0.996	0.027
59.460	4.627	0.022
59.480	8.161	0.002
59.500	11.636	-0.004
59.520	14.907	-0.026
59.540	17.990	-0.033
59.560	20.826	-0.044
59.580	23.319	-0.052
59.600	25.564	-0.065
59.620	27.422	-0.068
59.640	28.851	-0.083
59.660	29.963	-0.086
59.680	30.602	-0.093
59.700	30.833	-0.098
59.720	30.629	-0.097
59.740	29.995	-0.099
59.760	28.974	-0.098
59.780	27.524	-0.099
59.800	25.730	-0.090
59.820	23.555	-0.094
59.840	21.020	-0.080
59.860	18.232	-0.080
59.880	15.181	-0.064
59.900	11.900	-0.060
59.920	8.468	-0.043
59.940	5.030	-0.039
59.960	1.313	-0.020
59.980	-2.328	-0.010
60.000	-5.916	0.002
60.020	-9.472	0.014
60.040	-12.834	0.028
60.060	-16.073	0.040
60.080	-19.065	0.052
60.100	-21.788	0.067
60.120	-24.210	0.076
60.140	-26.305	0.083
60.160	-28.034	0.092
60.180	-29.388	0.102
60.200	-30.280	0.109
60.220	-30.763	0.109
60.240	-30.886	0.120
60.260	-30.527	0.116
60.280	-29.796	0.123
60.300	-28.582	0.115
60.320	-26.992	0.115
60.340	-25.059	0.105
60.360	-22.760	0.110
60.380	-20.139	0.094
60.400	-17.222	0.088
60.420	-14.086	0.074
60.440	-10.734	0.075
60.460	-7.254	0.052
60.480	-3.666	0.045
60.500	-0.019	0.035
60.520	3.537	0.019
60.540	7.189	0.006
60.560	10.600	-0.003
60.580	14.021	-0.018
60.600	17.163	-0.032
60.620	20.064	-0.043
60.640	22.642	-0.059
60.660	24.994	-0.068
60.680	26.901	-0.078
60.700	28.507	-0.081
60.720	29.710	-0.092
60.740	30.468	-0.095
60.760	30.811	-0.102
60.780	30.731	-0.104
60.800	30.231	-0.106
60.820	29.307	-0.107
60.840	27.986	-0.109
60.860	26.267	-0.102
60.880	24.216	-0.098
60.900	21.788	-0.093
60.920	19.054	-0.085
60.940	16.078	-0.082
60.960	12.845	-0.068
60.980	9.467	-0.060
61.000	5.948	-0.047
61.020	2.350	-0.031
61.040	-1.270	-0.024
61.060	-4.906	-0.011
61.080	-8.457	0.005
61.100	-11.905	0.015
61.120	-15.149	0.027
61.140	-18.232	0.040
61.160	-21.036	0.052
61.180	-23.539	0.061
61.200	-25.746	0.073
61.220	-27.562	0.082
61.240	-29.039	0.084
61.260	-30.054	0.098
61.280	-30.650	0.094
61.300	-30.865	0.106
61.320	-30.639	0.102
61.340	-30.027	0.107
61.360	-28.953	0.105
61.380	-27.476	0.104
61.400	-25.607	0.099
61.420	-23.415	0.094
61.440	-20.891	0.084
61.460	-18.050	0.078
61.480	-14.961	0.069
61.500	-11.690	0.062
61.520	-8.237	0.049
61.540	-4.676	0.037
61.560	-1.109	0.024
61.580	2.597	0.012
61.600	6.196	0.001
61.620	9.714	-0.014
61.640	13.103	-0.027
61.660	16.229	-0.039
61.680	19.253	-0.053
61.700	21.997	-0.060
61.720	24.377	-0.077
61.740	26.434	-0.079
61.760	28.104	-0.097
61.780	29.415	-0.099
61.800	30.285	-0.110
61.820	30.752	-0.109
61.840	30.795	-0.116
61.860	30.435	-0.112
61.880	29.614	-0.119
61.900	28.400	-0.113
61.920	26.794	-0.112
61.940	24.833	-0.106
61.960	22.497	-0.106
61.980	19.844	-0.092
62.000	16.932	-0.085
62.020	13.774	-0.076
62.040	10.428	-0.066
62.060	6.958	-0.051
62.080	3.370	-0.044
62.100	-0.255	-0.030
62.120	-3.881	-0.020
62.140	-7.372	-0.004
62.160	-10.944	0.005
62.180	-14.258	0.023
62.200	-17.394	0.032
62.220	-20.268	0.048
62.240	-22.873	0.056
62.260	-25.150	0.065
62.280	-27.100	0.076
62.300	-28.657	0.086
62.320	-29.802	0.091
62.340	-30.543	0.101
62.360	-30.844	0.101
62.380	-30.747	0.107
62.400	-30.253	0.104
62.420	-29.302	0.109
62.440	-27.948	0.106
62.460	-26.181	0.101
62.480	-24.076	0.097
62.500	-21.654	0.093
62.520	-18.882	0.084
62.540	-15.869	0.078
62.560	-12.652	0.064
62.580	-9.252	0.057
62.600	-5.691	0.044
62.620	-2.081	0.034
62.640	1.560	0.019
62.660	5.180	0.010
62.680	8.731	-0.010
62.700	12.082	-0.017
62.720	15.402	-0.035
62.740	18.458	-0.039
62.760	21.256	-0.057
62.780	23.748	-0.059
62.800	25.881	-0.073
62.820	27.675	-0.078
62.840	29.082	-0.090
62.860	30.086	-0.093
62.880	30.666	-0.105
62.900	30.833	-0.104
62.920	30.586	-0.109
62.940	29.866	-0.107
62.960	28.786	-0.111
62.980	27.256	-0.104
63.000	25.419	-0.099
63.020	23.174	-0.099
63.040	20.612	-0.085
63.060	17.760	-0.084
63.080	14.687	-0.062
63.100	11.379	-0.060
63.120	7.914	-0.043
63.140	4.375	-0.043
63.160	0.744	-0.024
63.180	-2.882	-0.014
63.200	-6.480	0.003
63.220	-10.014	0.015
63.240	-13.387	0.029
63.260	-16.556	0.040
63.280	-19.527	0.054
63.300	-22.207	0.068
63.320	-24.570	0.075
63.340	-26.611	0.083
63.360	-28.287	0.090
63.380	-29.560	0.105
63.400	-30.425	0.110
63.420	-30.806	0.112
63.440	-30.833	0.112
63.460	-30.457	0.116
63.480	-29.630	0.117
63.500	-28.384	0.115
63.520	-26.751	0.115
63.540	-24.731	0.111
63.560	-22.389	0.106
63.580	-19.720	0.095
63.600	-16.744	0.087
63.620	-13.602	0.076
63.640	-10.219	0.073
63.660	-6.706	0.055
63.680	-3.102	0.052
63.700	0.534	0.032
63.720	4.171	0.028
63.740	7.748	0.004
63.760	11.132	-0.002
63.780	14.521	-0.021
63.800	17.631	-0.030
63.820	20.493	-0.041
63.840	23.088	-0.054
63.860	25.311	-0.063
63.880	27.191	-0.076
63.900	28.727	-0.080
63.920	29.812	-0.088
63.940	30.548	-0.088
63.960	30.838	-0.099
63.980	30.682	-0.097
64.000	30.118	-0.101
64.020	29.130	-0.097
64.040	27.750	-0.101
64.060	25.967	-0.091
64.080	23.845	-0.093
64.100	21.347	-0.081
64.120	18.597	-0.080
64.140	15.579	-0.074
64.160	12.313	-0.061
64.180	8.919	-0.048
64.200	5.379	-0.037
64.220	1.775	-0.028
64.240	-1.850	-0.012
64.260	-5.476	0.000
64.280	-9.021	0.011
64.300	-12.442	0.023
64.320	-15.649	0.036
64.340	-18.694	0.050
64.360	-21.385	0.061
64.380	-23.909	0.072
64.400	-26.058	0.081
64.420	-27.836	0.090
64.440	-29.216	0.095
64.460	-30.204	0.106
64.480	-30.698	0.103
64.500	-30.876	0.115
64.520	-30.591	0.109
64.540	-29.904	0.115
64.560	-28.765	0.110
64.580	-27.223	0.111
64.600	-25.290	0.102
64.620	-23.061	0.104
64.640	-20.461	0.091
64.660	-17.572	0.086
64.680	-14.483	0.075
64.700	-11.180	0.070
64.720	-7.673	0.053
64.740	-4.112	0.044
64.760	-0.470	0.030
64.780	3.172	0.018
64.800	6.760	0.004
64.820	10.235	-0.005
64.840	13.613	-0.018
64.860	16.777	-0.034
64.880	19.715	-0.050
64.900	22.389	-0.060
64.920	24.710	-0.071
64.940	26.665	-0.077
64.960	28.330	-0.089
64.980	29.571	-0.090
65.000	30.387	-0.103
65.020	30.795	-0.102
65.040	30.768	-0.113
65.060	30.323	-0.105
65.080	29.442	-0.116
65.100	28.169	-0.112
65.120	26.509	-0.109
65.140	24.490	-0.103
65.160	22.094	-0.102
65.180	19.414	-0.089
65.200	16.535	-0.085
65.220	13.259	-0.072
65.240	9.902	-0.063
65.260	6.400	-0.051
65.280	2.796	-0.040
65.300	-0.814	-0.030
65.320	-4.439	-0.018
65.340	-8.022	-0.002
65.360	-11.475	0.007
65.380	-14.757	0.024
65.400	-17.851	0.034
65.420	-20.703	0.048
65.440	-23.249	0.061
65.460	-25.467	0.073
65.480	-27.374	0.077
65.500	-28.867	0.085
65.520	-29.936	0.088
65.540	-30.602	0.099
65.560	-30.833	0.099
65.580	-30.682	0.106
65.600	-30.102	0.102
65.620	-29.109	0.103
65.640	-27.669	0.102
65.660	-25.859	0.101
65.680	-23.711	0.093
65.700	-21.224	0.087
65.720	-18.415	0.081
65.740	-15.369	0.072
65.760	-12.125	0.062
65.780	-8.677	0.052
65.800	-5.116	0.039
65.820	-1.490	0.026
65.840	2.140	0.015
65.860	5.750	-0.002
65.880	9.262	-0.010
65.900	12.695	-0.026
65.920	15.912	-0.035
65.940	18.834	-0.047
65.960	21.670	-0.057
65.980	24.097	-0.069
66.000	26.144	-0.078
66.020	27.911	-0.087
66.040	29.264	-0.097
66.060	30.199	-0.100
66.080	30.709	-0.105
66.100	30.822	-0.109
66.120	30.494	-0.116
66.140	29.721	-0.110
66.160	28.566	-0.116
66.180	26.998	-0.106
66.200	25.107	-0.104
66.220	22.803	-0.097
66.240	20.193	-0.092
66.260	17.298	-0.087
66.280	14.166	-0.071
66.300	10.852	-0.067
66.320	7.388	-0.052
66.340	3.811	-0.047
66.360	0.191	-0.028
66.380	-3.451	-0.020
66.400	-7.039	0.003
66.420	-10.541	0.007
66.440	-13.871	0.025
66.460	-17.018	0.037
66.480	-19.956	0.052
66.500	-22.583	0.056
66.520	-24.925	0.073
66.540	-26.912	0.077
66.560	-28.523	0.092
66.580	-29.694	0.096
66.600	-30.516	0.099
66.620	-30.833	0.106
66.640	-30.811	0.110
66.660	-30.360	0.109
66.680	-29.469	0.114
66.700	-28.158	0.109
66.720	-26.450	0.108
66.740	-24.382	0.099
66.760	-21.987	0.098
66.780	-19.253	0.092
66.800	-16.266	0.084
66.820	-13.081	0.071
66.840	-9.692	0.063
66.860	-6.153	0.050
66.880	-2.543	0.040
66.900	1.115	0.024
66.920	4.735	0.018
66.940	8.280	-0.002
66.960	11.739	-0.012
66.980	15.020	-0.029
67.000	18.082	-0.031
67.020	20.907	-0.047
67.040	23.453	-0.053
67.060	25.639	-0.063
67.080	27.481	-0.074
67.100	28.921	-0.084
67.120	29.984	-0.089
67.140	30.613	-0.093
67.160	30.838	-0.098
67.180	30.623	-0.100
67.200	29.995	-0.105
67.220	28.937	-0.097
67.240	27.487	-0.102
67.260	25.677	-0.088
67.280	23.480	-0.093
67.300	20.950	-0.079
67.320	18.125	-0.079
67.340	15.074	-0.064
67.360	11.798	-0.060
67.380	8.365	-0.045
67.400	4.815	-0.038
67.420	1.200	-0.020
67.440	-2.436	-0.012
67.460	-6.034	0.002
67.480	-9.579	0.016
67.500	-12.969	0.029
67.520	-16.148	0.042
67.540	-19.167	0.053
67.560	-21.868	0.069
67.580	-24.296	0.076
67.600	-26.369	0.086
67.620	-28.115	0.098
67.640	-29.420	0.103
67.660	-30.317	0.111
67.680	-30.784	0.109
67.700	-30.876	0.119
67.720	-30.500	0.115
67.740	-29.764	0.122
67.760	-28.566	0.116
67.780	-26.976	0.118
67.800	-24.984	0.108
67.820	-22.669	0.108
67.840	-20.053	0.095
67.860	-17.126	0.088
67.880	-13.994	0.075
67.900	-10.664	0.073
67.920	-7.141	0.057
67.940	-3.542	0.050
67.960	0.008	0.033
67.980	3.730	0.023
68.000	7.302	0.006
68.020	10.766	-0.004
68.040	14.118	-0.015
68.060	17.249	-0.030
68.080	20.144	-0.043
68.100	22.792	-0.051
68.120	25.053	-0.068
68.140	26.992	-0.075
68.160	28.555	-0.083
68.180	29.726	-0.089
68.200	30.484	-0.094
68.220	30.822	-0.098
68.240	30.731	-0.102
68.260	30.215	-0.103
68.280	29.270	-0.109
68.300	27.927	-0.101
68.320	26.262	-0.100
68.340	24.140	-0.093
68.360	21.680	-0.089
68.380	18.963	-0.084
68.400	15.971	-0.074
68.420	12.754	-0.064
68.440	9.359	-0.054
68.460	5.841	-0.041
68.480	2.237	-0.031
68.500	-1.388	-0.022
68.520	-5.014	-0.008
68.540	-8.586	0.007
68.560	-11.996	0.015
68.580	-15.251	0.031
68.600	-18.313	0.044
68.620	-21.138	0.054
68.640	-23.614	0.066
68.660	-25.811	0.077
68.680	-27.642	0.086
68.700	-29.071	0.090
68.720	-30.086	0.100
68.740	-30.677	0.103
68.760	-30.870	0.106
68.780	-30.650	0.110
68.800	-29.984	0.109
68.820	-28.921	0.106
68.840	-27.427	0.104
68.860	-25.564	0.100
68.880	-23.345	0.096
68.900	-20.805	0.088
68.920	-17.958	0.081
68.940	-14.875	0.074
68.960	-11.577	0.065
68.980	-8.129	0.051
69.000	-4.547	0.040
69.020	-0.932	0.026
69.040	2.704	0.014
69.060	6.319	-0.002
69.080	9.832	-0.011
69.100	13.210	-0.026
69.120	16.385	-0.036
69.140	19.344	-0.051
69.160	22.067	-0.061
69.180	24.452	-0.076
69.200	26.493	-0.080
69.220	28.153	-0.093
69.240	29.442	-0.097
69.260	30.312	-0.105
69.280	30.763	-0.108
69.300	30.790	-0.113
69.320	30.419	-0.112
69.340	29.581	-0.116
69.360	28.351	-0.115
69.380	26.729	-0.106
69.400	24.769	-0.106
69.420	22.406	-0.100
69.440	19.763	-0.091
69.460	16.836	-0.086
69.480	13.672	-0.076
69.500	10.315	-0.070
69.520	6.845	-0.051
69.540	3.268	-0.046
69.560	-0.363	-0.030
69.580	-4.004	-0.018
69.600	-7.571	-0.002
69.620	-11.056	0.005
69.640	-14.349	0.021
69.660	-17.486	0.032
69.680	-20.375	0.048
69.700	-22.932	0.060
69.720	-25.204	0.070
69.740	-27.154	0.077
69.760	-28.700	0.086
69.780	-29.828	0.092
69.800	-30.553	0.099
69.820	-30.833	0.100
69.840	-30.725	0.106
69.860	-30.231	0.105
69.880	-29.254	0.104
69.900	-27.879	0.102
69.920	-26.112	0.102
69.940	-23.995	0.094
69.960	-21.541	0.090
69.980	-18.759	0.082
70.000	-15.756	0.074
70.020	-12.523	0.065
70.040	-9.203	0.058
70.060	-5.578	0.043
70.080	-1.942	0.034
70.100	1.609	0.016
70.120	5.320	0.007
70.140	8.838	-0.009
70.160	12.265	-0.019
70.180	15.509	-0.033
70.200	18.554	-0.042
70.220	21.342	-0.056
70.240	23.807	-0.060
70.260	25.897	-0.072
70.280	27.728	-0.084
70.300	29.114	-0.093
70.320	30.102	-0.097
70.340	30.677	-0.101
70.360	30.833	-0.105
70.380	30.564	-0.108
70.400	29.861	-0.109
70.420	28.738	-0.109
70.440	27.213	-0.109
70.460	25.349	-0.100
70.480	23.109	-0.097
70.500	20.536	-0.085
70.520	17.679	-0.083
70.540	14.574	-0.068
70.560	11.368	-0.064
70.580	7.834	-0.047
70.600	4.267	-0.043
70.620	0.642	-0.028
70.640	-2.994	-0.019
70.660	-6.588	-0.002
70.680	-10.031	0.010
70.700	-13.457	0.025
70.720	-16.567	0.036
70.740	-19.607	0.048
70.760	-22.260	0.063
70.780	-24.629	0.072
70.800	-26.659	0.084
70.820	-28.281	0.090
70.840	-29.565	0.098
70.860	-30.419	0.107
70.880	-30.795	0.109
70.900	-30.827	0.114
70.920	-30.425	0.113
70.940	-29.587	0.122
70.960	-28.367	0.111
70.980	-26.659	0.114
71.000	-24.640	0.104
71.020	-22.352	0.101
71.040	-19.591	0.090
71.060	-16.642	0.088
71.080	-13.479	0.074
71.100	-10.095	0.072
71.120	-6.582	0.052
71.140	-2.973	0.045
71.160	0.663	0.032
71.180	4.294	0.023
71.200	7.769	0.005
71.220	11.325	-0.004
71.240	14.623	-0.021
71.260	17.727	-0.031
71.280	20.585	-0.038
71.300	23.104	-0.051
71.320	25.386	-0.060
71.340	27.229	-0.071
71.360	28.727	-0.078
71.380	29.866	-0.086
71.400	30.564	-0.087
71.420	30.822	-0.093
71.440	30.682	-0.097
71.460	30.113	-0.097
71.480	29.087	-0.102
71.500	27.691	-0.098
71.520	25.918	-0.091
71.540	23.829	-0.087
71.560	21.283	-0.084
71.580	18.511	-0.075
71.600	15.557	-0.071
71.620	12.227	-0.058
71.640	8.822	-0.047
71.660	5.363	-0.036
71.680	1.678	-0.027
71.700	-1.969	-0.010
71.720	-5.487	0.001
71.740	-9.123	0.014
71.760	-12.512	0.029
71.780	-15.665	0.040
71.800	-18.780	0.055
71.820	-21.541	0.064
71.840	-23.990	0.077
71.860	-26.117	0.082
71.880	-27.873	0.092
71.900	-29.238	0.101
71.920	-30.188	0.107
71.940	-30.720	0.107
71.960	-30.854	0.116
71.980	-30.559	0.115
72.000	-29.834	0.119
72.020	-28.749	0.113
72.040	-27.159	0.110
72.060	-25.198	0.108
72.080	-23.023	0.104
72.100	-20.354	0.094
72.120	-17.480	0.090
72.140	-14.370	0.077
72.160	-11.046	0.070
72.180	-7.656	0.056
72.200	-3.977	0.048
72.220	-0.432	0.035
72.240	3.284	0.024
72.260	6.862	0.006
72.280	10.283	-0.005
72.300	13.651	-0.019
72.320	16.884	-0.027
72.340	19.801	-0.047
72.360	22.486	-0.054
72.380	24.790	-0.070
72.400	26.729	-0.075
72.420	28.373	-0.084
72.440	29.614	-0.088
72.460	30.398	-0.101
72.480	30.801	-0.097
72.500	30.768	-0.111
72.520	30.290	-0.105
72.540	29.436	-0.106
72.560	28.169	-0.106
72.580	26.455	-0.105
72.600	24.479	-0.098
72.620	22.003	-0.091
72.640	19.392	-0.086
72.660	16.379	-0.078
72.680	13.167	-0.071
72.700	9.885	-0.060
72.720	6.281	-0.049
72.740	2.704	-0.038
72.760	-0.846	-0.024
72.780	-4.552	-0.012
72.800	-8.043	0.003
72.820	-11.577	0.012
72.840	-14.854	0.027
72.860	-17.867	0.036
72.880	-20.783	0.049
72.900	-23.319	0.059
72.920	-25.472	0.072
72.940	-27.406	0.080
72.960	-28.851	0.086
72.980	-29.963	0.092
73.000	-30.607	0.097
73.020	-30.833	0.099
73.040	-30.661	0.107
73.060	-30.097	0.105
73.080	-29.060	0.106
73.100	-27.615	0.102
73.120	-25.795	0.101
73.140	-23.619	0.098
73.160	-21.197	0.086
73.180	-18.302	0.080
73.200	-15.251	0.073
73.220	-12.012	0.064
73.240	-8.559	0.049
73.260	-5.003	0.040
73.280	-1.453	0.027
73.300	2.259	0.015
73.320	5.884	0.002
73.340	9.397	-0.013
73.360	12.797	-0.025
73.380	16.014	-0.036
73.400	18.995	-0.048
73.420	21.745	-0.059
73.440	24.119	-0.071
73.460	26.251	-0.081
73.480	27.965	-0.088
73.500	29.297	-0.097
73.520	30.220	-0.103
73.540	30.725	-0.110
73.560	30.806	-0.111
73.580	30.484	-0.112
73.600	29.726	-0.113
73.620	28.529	-0.113
73.640	26.998	-0.112
73.660	25.043	-0.103
73.680	22.728	-0.102
73.700	20.096	-0.089
73.720	17.233	-0.089
73.740	14.166	-0.072
73.760	10.820	-0.068
73.780	7.297	-0.047
73.800	3.805	-0.044
73.820	0.094	-0.027
73.840	-3.548	-0.018
73.860	-7.044	-0.003
73.880	-10.616	0.009
73.900	-13.871	0.023
73.920	-17.099	0.035
73.940	-20.021	0.048
73.960	-22.572	0.062
73.980	-24.951	0.069
74.000	-26.864	0.082
74.020	-28.523	0.086
74.040	-29.710	0.095
74.060	-30.489	0.100
74.080	-30.811	0.103
74.100	-30.790	0.111
74.120	-30.296	0.106
74.140	-29.383	0.115
74.160	-28.072	0.106
74.180	-26.353	0.113
74.200	-24.344	0.096
74.220	-21.863	0.099
74.240	-19.145	0.083
74.260	-16.229	0.086
74.280	-12.942	0.063
74.300	-9.536	0.065
74.320	-6.126	0.044
74.340	-2.404	0.042
74.360	1.141	0.021
74.380	4.869	0.019
74.400	8.398	-0.002
74.420	11.841	-0.016
74.440	15.128	-0.026
74.460	18.195	-0.042
74.480	21.014	-0.049
74.500	23.528	-0.066
74.520	25.650	-0.061
74.540	27.492	-0.084
74.560	28.958	-0.079
74.580	29.984	-0.101
74.600	30.634	-0.093
74.620	30.822	-0.109
74.640	30.618	-0.097
74.660	29.952	-0.109
74.680	28.899	-0.101
74.700	27.438	-0.105
74.720	25.612	-0.095
74.740	23.458	-0.091
74.760	20.875	-0.088
74.780	18.125	-0.075
74.800	14.972	-0.072
74.820	11.690	-0.051
74.840	8.355	-0.048
74.860	4.719	-0.035
74.880	1.104	-0.028
74.900	-2.452	-0.012
74.920	-6.136	-0.001
74.940	-9.665	0.018
74.960	-13.038	0.030
74.980	-16.170	0.040
75.000	-19.242	0.054
75.020	-21.938	0.065
75.040	-24.280	0.081
75.060	-26.407	0.080
75.080	-28.142	0.102
75.100	-29.409	0.096
75.120	-30.333	0.117
75.140	-30.768	0.105
75.160	-30.833	0.122
75.180	-30.478	0.111
75.200	-29.705	0.125
75.220	-28.502	0.112
75.240	-26.885	0.120
75.260	-24.968	0.108
75.280	-22.588	0.113
75.300	-19.946	0.092
75.320	-17.013	0.094
75.340	-13.855	0.075
75.360	-10.519	0.070
75.380	-7.033	0.058
75.400	-3.424	0.049
75.420	0.126	0.033
75.440	3.848	0.020
75.460	7.409	0.007
75.480	10.885	-0.006
75.500	14.220	-0.012
75.520	17.341	-0.032
75.540	20.230	-0.037
75.560	22.803	-0.054
75.580	25.059	-0.064
75.600	27.057	-0.070
75.620	28.593	-0.082
75.640	29.769	-0.084
75.660	30.494	-0.096
75.680	30.811	-0.089
75.700	30.715	-0.109
75.720	30.177	-0.093
75.740	29.238	-0.109
75.760	27.884	-0.096
75.780	26.198	-0.101
75.800	24.071	-0.086
75.820	21.616	-0.089
