--- Pendolo di torsione ---
Tempo.Forzante.Pendolo
0.000	17.483	0.197
0.020	23.080	0.166
0.040	25.330	0.137
0.060	27.264	0.107
0.080	28.778	0.077
0.100	29.879	0.036
0.120	30.588	0.005
0.140	30.841	-0.032
0.160	30.642	-0.066
0.180	30.008	-0.098
0.200	28.950	-0.132
0.220	27.462	-0.166
0.240	25.615	-0.189
0.260	23.359	-0.221
0.280	20.840	-0.239
0.300	17.880	-0.257
0.320	14.749	-0.276
0.340	11.392	-0.283
0.360	7.890	-0.282
0.380	4.254	-0.292
0.400	0.559	-0.286
0.420	-3.131	-0.281
0.440	-6.800	-0.268
0.460	-10.382	-0.255
0.480	-13.761	-0.237
0.500	-16.967	-0.218
0.520	-19.959	-0.189
0.540	-22.634	-0.166
0.560	-24.992	-0.135
0.580	-26.963	-0.106
0.600	-28.601	-0.073
0.620	-29.767	-0.040
0.640	-30.556	-0.003
0.660	-30.862	0.027
0.680	-30.733	0.067
0.700	-30.212	0.097
0.720	-29.187	0.130
0.740	-27.795	0.159
0.760	-25.980	0.188
0.780	-23.805	0.210
0.800	-21.270	0.236
0.820	-18.391	0.254
0.840	-15.297	0.278
0.860	-11.961	0.285
0.880	-8.465	0.293
0.900	-4.834	0.294
0.920	-1.155	0.294
0.940	2.557	0.291
0.960	6.236	0.276
0.980	9.781	0.261
1.000	13.250	0.249
1.020	16.495	0.225
1.040	19.438	0.205
1.060	22.263	0.172
1.080	24.637	0.142
1.100	26.684	0.113
1.120	28.338	0.079
1.140	29.584	0.045
1.160	30.411	0.011
1.180	30.803	-0.020
1.200	30.744	-0.061
1.220	30.261	-0.091
1.240	29.342	-0.127
1.260	28.000	-0.161
1.280	26.254	-0.188
1.300	24.143	-0.214
1.320	21.640	-0.236
1.340	18.847	-0.256
1.360	15.802	-0.279
1.380	12.493	-0.285
1.400	9.125	-0.295
1.420	5.441	-0.301
1.440	1.762	-0.293
1.460	-1.928	-0.294
1.480	-5.602	-0.280
1.500	-9.222	-0.274
1.520	-12.665	-0.252
1.540	-15.952	-0.235
1.560	-19.008	-0.210
1.580	-21.780	-0.189
1.600	-24.250	-0.154
1.620	-26.361	-0.125
1.640	-28.112	-0.092
1.660	-29.423	-0.061
1.680	-30.331	-0.025
1.700	-30.760	0.004
1.720	-30.819	0.045
1.740	-30.406	0.073
1.760	-29.589	0.108
1.780	-28.279	0.140
1.800	-26.582	0.171
1.820	-24.530	0.194
1.840	-22.107	0.219
1.860	-19.411	0.239
1.880	-16.307	0.264
1.900	-13.143	0.271
1.920	-9.620	0.281
1.940	-6.021	0.282
1.960	-2.326	0.284
1.980	1.380	0.278
2.000	5.054	0.275
2.020	8.674	0.262
2.040	12.171	0.244
2.060	15.469	0.225
2.080	18.557	0.205
2.100	21.404	0.176
2.120	23.907	0.144
2.140	26.066	0.115
2.160	27.844	0.080
2.180	29.235	0.053
2.200	30.191	0.016
2.220	30.728	-0.015
2.240	30.819	-0.057
2.260	30.476	-0.088
2.280	29.675	-0.126
2.300	28.472	-0.156
2.320	26.861	-0.185
2.340	24.868	-0.210
2.360	22.467	-0.239
2.380	19.787	-0.574
2.400	16.903	-0.280
2.420	13.583	-0.283
2.440	10.173	-0.295
2.460	6.606	-0.298
2.480	2.954	-0.299
2.500	-0.725	-0.296
2.520	-4.431	-0.288
2.540	-8.057	-0.276
2.560	-11.564	-0.257
2.580	-14.910	-0.242
2.600	-18.063	-0.216
2.620	-20.931	-0.193
2.640	-23.488	-0.161
2.660	-25.728	-0.131
2.680	-27.591	-0.102
2.700	-29.052	-0.069
2.720	-30.105	-0.032
2.740	-30.680	0.002
2.760	-30.841	0.035
2.780	-30.594	0.072
2.800	-29.912	0.102
2.820	-28.751	0.134
2.840	-27.188	0.163
2.860	-25.233	0.195
2.880	-22.940	0.213
2.900	-20.292	0.248
2.920	-17.327	0.261
2.940	-14.147	0.277
2.960	-10.764	0.284
2.980	-7.197	0.287
3.000	-3.540	0.286
3.020	0.161	0.288
3.040	3.873	0.279
3.060	7.498	0.271
3.080	11.048	0.257
3.100	14.411	0.240
3.120	17.585	0.212
3.140	20.501	0.191
3.160	23.139	0.159
3.180	25.400	0.133
3.200	27.317	0.101
3.220	28.821	0.068
3.240	29.938	0.030
3.260	30.599	0.002
3.280	30.830	-0.040
3.300	30.642	-0.068
3.320	29.992	-0.104
3.340	28.902	-0.136
3.360	27.398	-0.171
3.380	25.556	-0.190
3.400	23.284	-0.221
3.420	20.743	-0.240
3.440	17.794	-0.260
3.460	14.636	-0.269
3.480	11.279	-0.281
3.500	7.767	-0.285
3.520	4.125	-0.288
3.540	0.440	-0.287
3.560	-3.255	-0.280
3.580	-6.934	-0.268
3.600	-10.490	-0.252
3.620	-13.798	-0.238
3.640	-17.107	-0.214
3.660	-20.056	-0.187
3.680	-22.725	-0.162
3.700	-25.056	-0.129
3.720	-27.060	-0.101
3.740	-28.639	-0.065
3.760	-29.826	-0.034
3.780	-30.567	0.001
3.800	-30.846	0.033
3.820	-30.717	0.070
3.840	-30.196	0.102
3.860	-29.187	0.138
3.880	-27.747	0.165
3.900	-25.894	0.193
3.920	-23.783	0.218
3.940	-21.200	0.247
3.960	-18.321	0.267
3.980	-15.216	0.277
4.000	-11.908	0.291
4.020	-8.352	0.296
4.040	-4.737	0.299
4.060	-1.026	0.296
4.080	2.669	0.293
4.100	6.343	0.281
4.120	9.904	0.267
4.140	13.353	0.248
4.160	16.586	0.224
4.180	19.588	0.205
4.200	22.269	0.176
4.220	24.707	0.145
4.240	26.737	0.115
4.260	28.386	0.082
4.280	29.600	0.050
4.300	30.433	0.016
4.320	30.819	-0.020
4.340	30.739	-0.055
4.360	30.250	-0.090
4.380	29.299	-0.122
4.400	27.946	-0.591
4.420	26.243	-0.182
4.440	24.062	-0.211
4.460	21.560	-0.235
4.480	18.745	-0.253
4.500	15.700	-0.271
4.520	12.391	-0.279
4.540	8.916	-0.286
4.560	5.317	-0.289
4.580	1.649	-0.289
4.600	-2.052	-0.284
4.620	-5.726	-0.272
4.640	-9.346	-0.264
4.660	-12.767	-0.245
4.680	-16.043	-0.227
4.700	-19.110	-0.202
4.720	-21.887	-0.177
4.740	-24.310	-0.145
4.760	-26.431	-0.116
4.780	-28.161	-0.084
4.800	-29.487	-0.051
4.820	-30.347	-0.016
4.840	-30.776	0.017
4.860	-30.809	0.054
4.880	-30.400	0.084
4.900	-29.541	0.119
4.920	-28.236	0.147
4.940	-26.549	0.177
4.960	-24.455	0.202
4.980	-22.021	0.231
5.000	-19.229	0.245
5.020	-16.215	0.267
5.040	-12.966	0.275
5.060	-9.485	0.283
5.080	-5.897	0.285
5.100	-2.213	0.288
5.120	1.482	0.279
5.140	5.167	0.270
5.160	8.776	0.260
5.180	12.273	0.244
5.200	15.582	0.223
5.220	18.654	0.199
5.240	21.479	0.175
5.260	23.998	0.140
5.280	26.120	0.114
5.300	27.897	0.076
5.320	29.272	0.051
5.340	30.223	0.008
5.360	30.739	-0.020
5.380	30.809	-0.057
5.400	30.454	-0.088
5.420	29.648	-0.123
5.440	28.424	-0.154
5.460	26.796	-0.186
5.480	24.793	-0.212
5.500	22.397	-0.243
5.520	19.696	-0.256
5.540	16.709	-0.275
5.560	13.460	-0.287
5.580	10.055	-0.293
5.600	6.488	-0.301
5.620	2.847	-0.297
5.640	-0.849	-0.297
5.660	-4.544	-0.285
5.680	-8.175	-0.280
5.700	-11.671	-0.259
5.720	-15.001	-0.243
5.740	-18.144	-0.219
5.760	-21.022	-0.192
5.780	-23.558	-0.167
5.800	-25.765	-0.133
5.820	-27.640	-0.103
5.840	-29.101	-0.070
5.860	-30.100	-0.034
5.880	-30.674	-0.002
5.900	-30.835	0.033
5.920	-30.556	0.068
5.940	-29.853	0.099
5.960	-28.703	0.134
5.980	-27.124	0.160
6.000	-25.164	0.186
6.020	-22.816	0.213
6.040	-20.163	0.241
6.060	-17.220	0.258
6.080	-14.121	0.270
6.100	-10.640	0.279
6.120	-7.068	0.288
6.140	-3.405	0.288
6.160	0.301	0.285
6.180	4.012	0.277
6.200	7.622	0.263
6.220	11.156	0.249
6.240	14.534	0.229
6.260	17.676	0.208
6.280	20.593	0.184
6.300	23.219	0.158
6.320	25.416	0.125
6.340	27.387	0.091
6.360	28.870	0.062
6.380	29.971	0.026
6.400	30.604	-0.006
6.420	30.841	-0.046
6.440	30.615	-0.075
6.460	29.944	-0.111
6.480	28.870	-0.144
6.500	27.350	-0.176
6.520	25.491	-0.202
6.540	23.208	-0.228
6.560	20.604	-0.247
6.580	17.692	-0.267
6.600	14.534	-0.282
6.620	11.252	-0.288
6.640	7.648	-0.297
6.660	4.018	-0.295
6.680	0.322	-0.294
6.700	-3.373	-0.285
6.720	-6.945	-0.277
6.740	-10.581	-0.260
6.760	-13.900	-0.243
6.780	-17.182	-0.219
6.800	-20.125	-0.192
6.820	-22.784	-0.173
6.840	-25.153	-0.135
6.860	-27.119	-0.110
6.880	-28.708	-0.070
6.900	-29.858	-0.040
6.920	-30.594	-0.007
6.940	-30.846	0.028
6.960	-30.733	0.069
6.980	-30.169	0.096
7.000	-29.149	0.133
7.020	-27.709	0.160
7.040	-25.878	0.191
7.060	-23.670	0.213
7.080	-21.092	0.247
7.100	-18.224	0.262
7.120	-15.104	0.276
7.140	-11.779	0.285
7.160	-8.250	0.293
7.180	-4.630	0.293
7.200	-0.918	0.296
7.220	2.788	0.286
7.240	6.451	0.276
7.260	10.017	0.265
7.280	13.455	0.250
7.300	16.613	0.227
7.320	19.680	0.200
7.340	22.408	0.176
7.360	24.782	0.143
7.380	26.796	0.115
7.400	28.424	0.078
7.420	29.659	0.047
7.440	30.454	0.014
7.460	30.809	-0.019
7.480	30.733	-0.058
7.500	30.223	-0.089
7.520	29.256	-0.124
7.540	27.887	-0.156
7.560	26.125	-0.183
7.580	24.052	-0.208
7.600	21.474	-0.235
7.620	18.654	-0.251
7.640	15.587	-0.268
7.660	12.343	-0.277
7.680	8.787	-0.288
7.700	5.199	-0.285
7.720	1.627	-0.290
7.740	-2.191	-0.280
7.760	-5.763	-0.271
7.780	-9.464	-0.256
7.800	-12.928	-0.239
7.820	-16.172	-0.225
7.840	-19.207	-0.198
7.860	-21.984	-0.170
7.880	-24.342	-0.140
7.900	-26.517	-0.115
7.920	-28.236	-0.077
7.940	-29.509	-0.046
7.960	-30.395	-0.007
7.980	-30.809	0.023
8.000	-30.830	0.059
8.020	-30.379	0.089
8.040	-29.525	0.127
8.060	-28.193	0.151
8.080	-26.496	0.187
8.100	-24.385	0.209
8.120	-21.946	0.234
8.140	-19.169	0.258
8.160	-16.119	0.271
8.180	-12.875	0.284
8.200	-9.383	0.292
8.220	-5.790	0.295
8.240	-2.105	0.296
8.260	1.611	0.291
8.280	5.285	0.283
8.300	8.878	0.267
8.320	12.370	0.249
8.340	15.678	0.229
8.360	18.740	0.212
8.380	21.506	0.180
8.400	24.052	0.148
8.420	26.184	0.124
8.440	27.914	0.088
8.460	29.315	0.055
8.480	30.250	0.019
8.500	30.750	-0.013
8.520	30.809	-0.045
8.540	30.438	-0.085
8.560	29.611	-0.119
8.580	28.381	-0.152
8.600	26.732	-0.185
8.620	24.734	-0.205
8.640	22.322	-0.237
8.660	19.610	-0.245
8.680	16.613	-0.278
8.700	13.369	-0.276
8.720	9.942	-0.297
8.740	6.386	-0.287
8.760	2.729	-0.304
8.780	-0.978	-0.285
8.800	-4.667	-0.289
8.820	-8.298	-0.268
8.840	-11.784	-0.260
8.860	-15.125	-0.239
8.880	-18.154	-0.216
8.900	-21.098	-0.191
8.920	-23.638	-0.160
8.940	-25.851	-0.133
8.960	-27.693	-0.098
8.980	-29.122	-0.068
9.000	-30.126	-0.031
9.020	-30.674	-0.003
9.040	-30.841	0.039
9.060	-30.545	0.068
9.080	-29.831	0.103
9.100	-28.655	0.132
9.120	-27.070	0.167
9.140	-25.088	0.188
9.160	-22.757	0.217
9.180	-20.083	0.238
9.200	-17.118	0.260
9.220	-13.933	0.271
9.240	-10.522	0.278
9.260	-6.956	0.282
9.280	-3.384	0.286
9.300	0.414	0.280
9.320	4.109	0.274
9.340	7.745	0.264
9.360	11.274	0.249
9.380	14.636	0.226
9.400	17.784	0.202
9.420	20.689	0.183
9.440	23.305	0.146
9.460	25.540	0.124
9.480	27.436	0.084
9.500	28.913	0.062
9.520	29.987	0.016
9.540	30.631	-0.007
9.560	30.830	-0.053
9.580	30.610	-0.077
9.600	29.933	-0.120
9.620	28.827	-0.146
9.640	27.312	-0.189
9.660	25.416	-0.199
9.680	23.123	-0.239
9.700	20.507	-0.249
9.720	17.601	-0.285
9.740	14.448	-0.293
9.760	11.059	-0.309
9.780	7.541	-0.310
9.800	3.921	-0.306
9.820	0.209	-0.315
9.840	-3.475	-0.293
9.860	-7.117	-0.297
9.880	-10.678	-0.262
9.900	-14.067	-0.269
9.920	-17.252	-0.226
9.940	-20.211	-0.217
9.960	-22.849	-0.177
9.980	-25.174	-0.153
10.000	-27.135	-0.117
10.020	-28.703	-0.081
10.040	-29.874	-0.057
10.060	-30.567	-0.015
10.080	-30.825	0.010
10.100	-30.690	0.057
10.120	-30.094	0.085
10.140	-29.095	0.130
10.160	-27.634	0.149
10.180	-25.824	0.182
10.200	-23.568	0.205
10.220	-20.979	0.242
10.240	-18.111	0.258
10.260	-14.980	0.274
10.280	-11.650	0.279
10.300	-8.116	0.287
10.320	-4.576	0.290
10.340	-0.784	0.288
10.360	2.917	0.281
10.380	6.569	0.271
10.400	10.135	0.261
10.420	13.567	0.242
10.440	16.785	0.222
10.460	19.776	0.195
10.480	22.500	0.171
10.500	24.847	0.139
10.520	26.861	0.106
10.540	28.472	0.075
10.560	29.702	0.037
10.580	30.470	0.012
10.600	30.814	-0.035
10.620	30.723	-0.059
10.640	30.202	-0.102
10.660	29.235	-0.125
10.680	27.838	-0.172
10.700	26.061	-0.186
10.720	23.966	-0.223
10.740	21.372	-0.230
10.760	18.562	-0.267
10.780	15.490	-0.270
10.800	12.166	-0.286
10.820	8.685	-0.296
10.840	5.081	-0.291
10.860	1.499	-0.297
10.880	-2.304	-0.280
10.900	-5.973	-0.282
10.920	-9.566	-0.256
10.940	-13.009	-0.249
10.960	-16.253	-0.220
10.980	-19.314	-0.203
11.000	-22.048	-0.169
11.020	-24.476	-0.143
11.040	-26.555	-0.110
11.060	-28.252	-0.077
11.080	-29.541	-0.044
11.100	-30.406	-0.009
11.120	-30.792	0.021
11.140	-30.792	0.062
11.160	-30.363	0.084
11.180	-29.466	0.130
11.200	-28.145	0.151
11.220	-26.469	0.188
11.240	-24.326	0.205
11.260	-21.919	0.237
11.280	-19.078	0.249
11.300	-16.011	0.283
11.320	-12.756	0.283
11.340	-9.276	0.299
11.360	-5.661	0.293
11.380	-1.982	0.304
11.400	1.735	0.288
11.420	5.398	0.292
11.440	9.002	0.269
11.460	12.477	0.254
11.480	15.775	0.231
11.500	18.761	0.213
11.520	21.662	0.184
11.540	24.127	0.155
11.560	26.249	0.126
11.580	27.994	0.091
11.600	29.348	0.061
11.620	30.266	0.022
11.640	30.760	-0.008
11.660	30.798	-0.050
11.680	30.411	-0.077
11.700	29.589	-0.120
11.720	28.349	-0.145
11.740	26.673	-0.180
11.760	24.653	-0.199
11.780	22.209	-0.231
11.800	19.492	-0.241
11.820	16.597	-0.268
11.840	13.256	-0.271
11.860	9.824	-0.289
11.880	6.263	-0.284
11.900	2.605	-0.295
11.920	-1.090	-0.281
11.940	-4.775	-0.280
11.960	-8.417	-0.266
11.980	-11.913	-0.247
12.000	-15.227	-0.236
12.020	-18.348	-0.206
12.040	-21.173	-0.185
12.060	-23.729	-0.150
12.080	-25.916	-0.122
12.100	-27.758	-0.089
12.120	-29.170	-0.061
12.140	-30.148	-0.023
12.160	-30.707	0.006
12.180	-30.852	0.044
12.200	-30.540	0.079
12.220	-29.799	0.107
12.240	-28.590	0.141
12.260	-27.000	0.168
12.280	-25.035	0.199
12.300	-22.687	0.221
12.320	-19.991	0.250
12.340	-17.032	0.261
12.360	-13.804	0.279
12.380	-10.415	0.284
12.400	-6.848	0.289
12.420	-3.169	0.288
12.440	0.537	0.288
12.460	4.232	0.282
12.480	7.863	0.270
12.500	11.387	0.251
12.520	14.652	0.230
12.540	17.886	0.206
12.560	20.781	0.184
12.580	23.375	0.154
12.600	25.599	0.125
12.620	27.479	0.090
12.640	28.945	0.063
12.660	30.003	0.023
12.680	30.647	-0.010
12.700	30.841	-0.047
12.720	30.594	-0.076
12.740	29.879	-0.120
12.760	28.784	-0.143
12.780	27.258	-0.185
12.800	25.352	-0.201
12.820	23.042	-0.237
12.840	20.421	-0.243
12.860	17.590	-0.281
12.880	14.330	-0.277
12.900	10.957	-0.301
12.920	7.423	-0.290
12.940	3.803	-0.308
12.960	0.097	-0.296
12.980	-3.593	-0.297
13.000	-7.235	-0.276
13.020	-10.801	-0.267
13.040	-14.180	-0.243
13.060	-17.252	-0.224
13.080	-20.287	-0.202
13.100	-22.940	-0.177
13.120	-25.217	-0.141
13.140	-27.210	-0.110
13.160	-28.746	-0.077
13.180	-29.885	-0.047
13.200	-30.578	-0.011
13.220	-30.814	0.022
13.240	-30.690	0.060
13.260	-30.089	0.089
13.280	-29.020	0.125
13.300	-27.564	0.152
13.320	-25.679	0.182
13.340	-23.472	0.203
13.360	-20.894	0.235
13.380	-17.999	0.252
13.400	-14.862	0.271
13.420	-11.537	0.275
13.440	-7.998	0.288
13.460	-4.356	0.285
13.480	-0.655	0.286
13.500	3.056	0.275
13.520	6.698	0.268
13.540	10.243	0.252
13.560	13.594	0.236
13.580	16.897	0.213
13.600	19.857	0.192
13.620	22.526	0.163
13.640	24.917	0.134
13.660	26.931	0.098
13.680	28.515	0.070
13.700	29.708	0.030
13.720	30.492	-0.000
13.740	30.825	-0.034
13.760	30.723	-0.072
13.780	30.180	-0.104
13.800	29.192	-0.138
13.820	27.774	-0.170
13.840	26.007	-0.199
13.860	23.837	-0.222
13.880	21.286	-0.246
13.900	18.477	-0.264
13.920	15.463	-0.280
13.940	12.053	-0.286
13.960	8.583	-0.294
13.980	4.974	-0.297
14.000	1.300	-0.297
14.020	-2.417	-0.290
14.040	-6.075	-0.278
14.060	-9.587	-0.264
14.080	-13.111	-0.247
14.100	-16.280	-0.227
14.120	-19.379	-0.202
14.140	-22.129	-0.177
14.160	-24.487	-0.145
14.180	-26.614	-0.115
14.200	-28.306	-0.078
14.220	-29.568	-0.052
14.240	-30.433	-0.013
14.260	-30.782	0.016
14.280	-30.782	0.060
14.300	-30.341	0.089
14.320	-29.434	0.122
14.340	-28.118	0.147
14.360	-26.340	0.180
14.380	-24.240	0.206
14.400	-21.774	0.236
14.420	-19.035	0.256
14.440	-15.909	0.269
14.460	-12.644	0.281
14.480	-9.163	0.288
14.500	-5.543	0.290
14.520	-1.858	0.292
14.540	1.837	0.289
14.560	5.521	0.276
14.580	9.115	0.267
14.600	12.590	0.250
14.620	15.882	0.229
14.640	18.928	0.208
14.660	21.737	0.181
14.680	24.208	0.150
14.700	26.313	0.121
14.720	28.042	0.086
14.740	29.380	0.055
14.760	30.293	0.020
14.780	30.771	-0.012
14.800	30.798	-0.049
14.820	30.406	-0.081
14.840	29.552	-0.118
14.860	28.290	-0.148
14.880	26.608	-0.179
14.900	24.578	-0.201
14.920	22.145	-0.228
14.940	19.417	-0.243
14.960	16.403	-0.268
14.980	13.132	-0.272
15.000	9.722	-0.287
15.020	6.145	-0.280
15.040	2.471	-0.288
15.060	-1.128	-0.280
15.080	-4.898	-0.278
15.100	-8.529	-0.259
15.120	-12.021	-0.245
15.140	-15.324	-0.226
15.160	-18.439	-0.202
15.180	-21.291	-0.176
15.200	-23.794	-0.149
15.220	-25.996	-0.115
15.240	-27.795	-0.086
15.260	-29.235	-0.052
15.280	-30.202	-0.017
15.300	-30.707	0.014
15.320	-30.835	0.054
15.340	-30.508	0.083
15.360	-29.761	0.121
15.380	-28.601	0.144
15.400	-26.968	0.180
15.420	-24.949	0.202
15.440	-22.602	0.232
15.460	-19.921	0.255
15.480	-16.935	0.272
15.500	-13.712	0.279
15.520	-10.302	0.294
15.540	-6.811	0.295
15.560	-3.056	0.296
15.580	0.666	0.293
15.600	4.340	0.287
15.620	7.955	0.272
15.640	11.489	0.258
15.660	14.846	0.237
15.680	17.972	0.214
15.700	20.861	0.194
15.720	23.396	0.159
15.740	25.674	0.132
15.760	27.532	0.094
15.780	29.004	0.067
15.800	30.046	0.029
15.820	30.669	-0.002
15.840	30.846	-0.043
15.860	30.588	-0.069
15.880	29.869	-0.112
15.900	28.741	-0.141
15.920	27.205	-0.172
15.940	25.287	-0.198
15.960	22.967	-0.229
15.980	20.324	-0.247
16.000	17.408	-0.269
16.020	14.223	-0.277
16.040	10.936	-0.293
16.060	7.310	-0.293
16.080	3.668	-0.299
16.100	-0.016	-0.293
16.120	-3.717	-0.286
16.140	-7.358	-0.275
16.160	-10.919	-0.258
16.180	-14.282	-0.242
16.200	-17.461	-0.218
16.220	-20.394	-0.194
16.240	-22.999	-0.168
16.260	-25.314	-0.137
16.280	-27.231	-0.106
16.300	-28.816	-0.071
16.320	-29.917	-0.043
16.340	-30.599	-0.005
16.360	-30.852	0.025
16.380	-30.658	0.065
16.400	-30.046	0.095
16.420	-28.999	0.127
16.440	-27.516	0.153
16.460	-25.620	0.184
16.480	-23.402	0.205
16.500	-20.797	0.231
16.520	-17.891	0.246
16.540	-14.787	0.271
16.560	-11.424	0.279
16.580	-7.885	0.285
16.600	-4.243	0.285
16.620	-0.623	0.284
16.640	3.169	0.275
16.660	6.827	0.267
16.680	10.366	0.254
16.700	13.793	0.234
16.720	17.000	0.215
16.740	19.959	0.190
16.760	22.655	0.162
16.780	24.986	0.131
16.800	26.990	0.096
16.820	28.563	0.064
16.840	29.750	0.031
16.860	30.502	-0.001
16.880	30.819	-0.038
16.900	30.712	-0.072
16.920	30.132	-0.108
16.940	29.154	-0.141
16.960	27.736	-0.175
16.980	25.948	-0.199
17.000	23.762	-0.227
17.020	21.216	-0.243
17.040	18.369	-0.271
17.060	15.292	-0.277
17.080	11.956	-0.297
17.100	8.465	-0.295
17.120	4.861	-0.304
17.140	1.192	-0.297
17.160	-2.508	-0.293
17.180	-6.085	-0.282
17.200	-9.781	-0.268
17.220	-13.208	-0.252
17.240	-16.436	-0.233
17.260	-19.476	-0.209
17.280	-22.193	-0.181
17.300	-24.600	-0.148
17.320	-26.667	-0.119
17.340	-28.338	-0.084
17.360	-29.546	-0.054
17.380	-30.438	-0.015
17.400	-30.782	0.013
17.420	-30.766	0.053
17.440	-30.293	0.084
17.460	-29.385	0.118
17.480	-28.042	0.149
17.500	-26.270	0.177
17.520	-24.165	0.200
17.540	-21.683	0.229
17.560	-18.858	0.252
17.580	-15.872	0.268
17.600	-12.520	0.275
17.620	-9.040	0.287
17.640	-5.414	0.287
17.660	-1.746	0.288
17.680	1.977	0.279
17.700	5.650	0.273
17.720	9.222	0.261
17.740	12.697	0.247
17.760	15.979	0.218
17.780	19.024	0.200
17.800	21.758	0.171
17.820	24.283	0.146
17.840	26.383	0.111
17.860	28.091	0.080
17.880	29.423	-0.432
17.900	30.293	0.010
17.920	30.776	-0.022
17.940	30.787	-0.056
17.960	30.384	-0.092
17.980	29.514	-0.125
18.000	28.241	-0.158
18.020	26.549	-0.185
18.040	24.508	-0.210
18.060	22.070	-0.235
18.080	19.325	-0.256
18.100	16.312	-0.275
18.120	13.036	-0.284
18.140	9.604	-0.293
18.160	6.128	-0.293
18.180	2.374	-0.296
18.200	-1.321	-0.284
18.220	-5.017	-0.280
18.240	-8.647	-0.264
18.260	-12.123	-0.251
18.280	-15.437	-0.230
18.300	-18.536	-0.209
18.320	-21.377	-0.180
18.340	-23.869	-0.150
18.360	-26.061	-0.122
18.380	-27.871	-0.084
18.400	-29.251	-0.052
18.420	-30.229	-0.019
18.440	-30.717	0.013
18.460	-30.830	0.050
18.480	-30.513	0.084
18.500	-29.740	0.118
18.520	-28.526	0.147
18.540	-26.888	0.176
18.560	-24.895	0.201
18.580	-22.516	0.229
18.600	-19.809	0.245
18.620	-16.838	0.271
18.640	-13.616	0.280
18.660	-10.194	0.293
18.680	-6.601	0.296
18.700	-2.943	0.300
18.720	0.757	0.295
18.740	4.463	0.288
18.760	8.073	0.273
18.780	11.596	0.258
18.800	14.964	0.238
18.820	18.074	0.217
18.840	20.953	0.191
18.860	23.531	0.161
18.880	25.738	0.134
18.900	27.581	0.101
18.920	29.036	0.072
18.940	30.067	0.030
18.960	30.669	0.002
18.980	30.830	-0.035
19.000	30.567	-0.069
19.020	29.847	-0.104
19.040	28.703	-0.139
19.060	27.140	-0.169
19.080	25.217	-0.193
19.100	22.897	-0.224
19.120	20.244	-0.239
19.140	17.306	-0.260
19.160	14.217	-0.272
19.180	10.742	-0.286
19.200	7.192	-0.285
19.220	3.545	-0.289
19.240	-0.118	-0.285
19.260	-3.835	-0.276
19.280	-7.482	-0.264
19.300	-11.021	-0.251
19.320	-14.389	-0.236
19.340	-17.547	-0.214
19.360	-20.485	-0.185
19.380	-23.106	-0.162
19.400	-25.389	-0.128
19.420	-27.248	-0.099
19.440	-28.854	-0.066
19.460	-29.944	-0.030
19.480	-30.604	0.004
19.500	-30.862	0.038
19.520	-30.642	0.072
19.540	-30.041	0.102
19.560	-28.972	0.138
19.580	-27.473	0.163
19.600	-25.561	0.192
19.620	-23.316	0.218
19.640	-20.700	0.246
19.660	-17.811	0.263
19.680	-14.668	0.276
19.700	-11.306	0.283
19.720	-7.777	0.292
19.740	-4.125	0.294
19.760	-0.440	0.292
19.780	3.276	0.286
19.800	6.934	0.274
19.820	10.484	0.257
19.840	13.900	0.235
19.860	17.102	0.215
19.880	20.050	0.192
19.900	22.741	0.167
19.920	25.062	0.135
19.940	27.033	0.105
19.960	28.563	0.072
19.980	29.793	0.035
20.000	30.535	0.003
20.020	30.830	-0.032
20.040	30.696	-0.069
20.060	30.121	-0.104
20.080	29.111	-0.137
20.100	27.704	-0.171
20.120	25.883	-0.197
20.140	23.681	-0.222
20.160	21.135	-0.244
20.180	18.294	-0.265
20.200	15.270	-0.277
20.220	11.849	-0.291
20.240	8.347	-0.295
20.260	4.737	-0.299
20.280	1.063	-0.298
20.300	-2.637	-0.289
20.320	-6.290	-0.280
20.340	-9.899	-0.268
20.360	-13.310	-0.249
20.380	-16.548	-0.234
20.400	-19.567	-0.203
20.420	-22.279	-0.180
20.440	-24.659	-0.146
20.460	-26.721	-0.122
20.480	-28.397	-0.083
20.500	-29.632	-0.055
20.520	-30.449	-0.019
20.540	-30.798	0.012
20.560	-30.766	0.051
20.580	-30.271	0.084
20.600	-29.348	0.117
20.620	-27.994	0.146
20.640	-26.222	0.178
20.660	-24.062	0.200
20.680	-21.646	0.228
20.700	-18.777	0.246
20.720	-15.700	0.263
20.740	-12.423	0.274
20.760	-8.932	0.281
20.780	-5.312	0.284
20.800	-1.617	0.287
20.820	2.084	0.279
20.840	5.752	0.269
20.860	9.330	0.258
20.880	12.805	0.240
20.900	16.092	0.219
20.920	19.110	0.193
20.940	21.914	0.168
20.960	24.293	0.136
20.980	26.447	0.109
21.000	28.150	0.076
21.020	29.471	0.044
21.040	30.331	0.006
21.060	30.776	-0.029
21.080	30.787	-0.064
21.100	30.368	-0.096
21.120	29.482	-0.130
21.140	28.187	-0.164
21.160	26.496	-0.190
21.180	24.449	-0.215
21.200	21.989	-0.244
21.220	19.218	-0.257
21.240	16.199	-0.279
21.260	12.928	-0.282
21.280	9.577	-0.298
21.300	5.908	-0.297
21.320	2.229	-0.298
21.340	-1.456	-0.291
21.360	-5.049	-0.287
21.380	-8.776	-0.270
21.400	-12.251	-0.256
21.420	-15.469	-0.234
21.440	-18.648	-0.213
21.460	-21.484	-0.186
21.480	-23.966	-0.156
21.500	-26.146	-0.123
21.520	-27.940	-0.090
21.540	-29.315	-0.058
21.560	-30.277	-0.025
21.580	-30.776	0.007
21.600	-30.841	0.047
21.620	-30.524	0.080
21.640	-29.729	0.113
21.660	-28.515	0.140
21.680	-26.877	0.174
21.700	-24.847	0.197
21.720	-22.462	0.226
21.740	-19.760	0.250
21.760	-16.752	0.267
21.780	-13.541	0.273
21.800	-10.076	0.282
21.820	-6.515	0.285
21.840	-2.847	0.287
21.860	0.875	0.284
21.880	4.560	0.276
21.900	8.175	0.266
21.920	11.709	0.254
21.940	15.039	0.232
21.960	18.165	0.211
21.980	21.044	0.185
22.000	23.606	0.154
22.020	25.797	0.127
22.040	27.640	0.089
22.060	29.079	0.060
22.080	30.100	0.025
22.100	30.685	-0.007
22.120	30.841	-0.534
22.140	30.551	-0.077
22.160	29.826	-0.109
22.180	28.655	-0.144
22.200	27.076	-0.176
22.220	25.147	-0.198
22.240	22.806	-0.225
22.260	20.142	-0.246
22.280	17.198	-0.267
22.300	13.992	-0.272
22.320	10.608	-0.286
22.340	7.074	-0.285
22.360	3.427	-0.291
22.380	-0.274	-0.284
22.400	-3.878	-0.277
22.420	-7.622	-0.259
22.440	-11.167	-0.247
22.460	-14.518	-0.235
22.480	-17.676	-0.213
22.500	-20.609	-0.184
22.520	-23.219	-0.156
22.540	-25.464	-0.124
22.560	-27.398	-0.094
22.580	-28.929	-0.060
22.600	-29.998	-0.023
22.620	-30.637	0.007
22.640	-30.884	0.042
22.660	-30.664	0.079
22.680	-30.046	0.109
22.700	-28.950	0.143
22.720	-27.419	0.171
22.740	-25.550	0.198
22.760	-23.321	0.224
22.780	-20.668	0.250
22.800	-17.805	0.267
22.820	-14.588	0.283
22.840	-11.279	0.292
22.860	-7.670	0.296
22.880	-4.012	0.300
22.900	-0.317	0.300
22.920	3.368	0.292
22.940	7.036	0.278
22.960	10.581	0.264
22.980	13.997	0.241
23.000	17.182	0.223
23.020	20.136	0.200
23.040	22.833	0.171
23.060	25.126	0.142
23.080	27.076	0.108
23.100	28.644	0.073
23.120	29.793	0.042
23.140	30.545	0.006
23.160	30.841	-0.028
23.180	30.685	-0.065
23.200	30.116	-0.102
23.220	29.074	-0.132
23.240	27.650	-0.166
23.260	25.813	-0.189
23.280	23.601	-0.220
23.300	21.114	-0.238
23.320	18.192	-0.262
23.340	15.082	-0.268
23.360	11.725	-0.287
23.380	8.331	-0.286
23.400	4.608	-0.297
23.420	0.940	-0.289
23.440	-2.755	-0.286
23.460	-6.429	-0.268
23.480	-9.915	-0.260
23.500	-13.444	-0.240
23.520	-16.575	-0.225
23.540	-19.664	-0.193
23.560	-22.365	-0.173
23.580	-24.755	-0.139
23.600	-26.802	-0.110
23.620	-28.440	-0.078
23.640	-29.681	-0.046
23.660	-30.476	-0.008
23.680	-30.819	0.022
23.700	-30.782	0.060
23.720	-30.261	0.089
23.740	-29.310	0.125
23.760	-27.930	0.151
23.780	-26.146	0.183
23.800	-24.003	0.205
23.820	-21.527	0.234
23.840	-18.681	0.254
23.860	-15.603	0.266
23.880	-12.305	0.275
23.900	-8.803	0.290
23.920	-5.188	0.288
23.940	-1.493	0.288
23.960	2.202	0.279
23.980	5.871	0.275
24.000	9.464	0.254
24.020	12.923	0.240
24.040	16.194	0.220
24.060	19.218	0.196
24.080	22.005	0.170
24.100	24.433	0.139
24.120	26.506	0.111
24.140	28.187	0.072
24.160	29.493	0.043
24.180	30.352	0.005
24.200	30.792	-0.026
24.220	30.776	-0.064
24.240	30.352	-0.095
24.260	29.444	-0.131
24.280	28.139	-0.161
24.300	26.479	-0.194
24.320	24.358	-0.218
24.340	21.898	-0.246
24.360	19.137	-0.261
24.380	16.188	-0.282
24.400	12.832	-0.294
24.420	9.378	-0.297
24.440	5.887	-0.303
24.460	2.127	-0.304
24.480	-1.461	-0.294
24.500	-5.237	-0.288
24.520	-8.878	-0.274
24.540	-12.321	-0.257
24.560	-15.614	-0.239
24.580	-18.713	-0.214
24.600	-21.522	-0.189
24.620	-24.020	-0.154
24.640	-26.163	-0.129
24.660	-27.946	-0.092
24.680	-29.326	-0.061
24.700	-30.266	-0.027
24.720	-30.717	0.004
24.740	-30.819	0.040
24.760	-30.454	0.074
24.780	-29.675	0.109
24.800	-28.429	0.142
24.820	-26.812	0.167
24.840	-24.734	0.196
24.860	-22.354	0.225
24.880	-19.615	0.246
24.900	-16.607	0.263
24.920	-13.471	0.275
24.940	-9.953	0.281
24.960	-6.370	0.290
24.980	-2.691	0.285
25.000	1.010	0.285
25.020	4.700	0.274
25.040	8.304	0.266
25.060	11.833	0.249
25.080	15.157	0.231
25.100	18.272	0.206
25.120	21.130	0.184
25.140	23.687	0.150
25.160	25.819	0.124
25.180	27.688	0.086
25.200	29.111	0.057
25.220	30.116	0.020
25.240	30.685	-0.013
25.260	30.825	-0.047
25.280	30.540	-0.082
25.300	29.777	-0.115
25.320	28.649	-0.150
25.340	27.017	-0.181
25.360	25.078	-0.202
25.380	22.779	-0.231
25.400	20.061	-0.247
25.420	17.112	-0.270
25.440	13.911	-0.275
25.460	10.500	-0.293
25.480	6.972	-0.289
25.500	3.303	-0.296
25.520	-0.387	-0.287
25.540	-3.996	-0.288
25.560	-7.724	-0.264
25.580	-11.269	-0.256
25.600	-14.534	-0.232
25.620	-17.784	-0.218
25.640	-20.630	-0.188
25.660	-23.284	-0.162
25.680	-25.550	-0.127
25.700	-27.457	-0.098
25.720	-28.966	-0.063
25.740	-30.024	-0.036
25.760	-30.680	0.004
25.780	-30.852	0.039
25.800	-30.669	0.076
25.820	-30.019	0.105
25.840	-28.923	0.137
25.860	-27.382	0.167
25.880	-25.518	0.192
25.900	-23.214	0.224
25.920	-20.657	0.251
25.940	-17.660	0.267
25.960	-14.561	0.276
25.980	-11.102	0.285
26.000	-7.562	0.294
26.020	-3.910	0.296
26.040	-0.209	0.292
26.060	3.502	0.289
26.080	7.149	0.276
26.100	10.688	0.263
26.120	14.094	0.245
26.140	17.284	0.225
26.160	20.222	0.196
26.180	22.902	0.167
26.200	25.196	0.140
26.220	27.146	0.108
26.240	28.692	0.076
26.260	29.847	0.039
26.280	30.540	0.008
26.300	30.846	-0.030
26.320	30.674	-0.063
26.340	30.073	-0.098
26.360	29.036	-0.128
26.380	27.581	-0.163
26.400	25.749	-0.183
26.420	23.531	-0.217
26.440	20.953	-0.236
26.460	18.165	-0.255
26.480	14.969	-0.265
26.500	11.687	-0.277
26.520	8.110	-0.285
26.540	4.490	-0.287
26.560	0.811	-0.285
26.580	-2.798	-0.277
26.600	-6.563	-0.266
26.620	-10.135	-0.250
26.640	-13.530	-0.236
26.660	-16.769	-0.216
26.680	-19.776	-0.190
26.700	-22.473	-0.160
26.720	-24.825	-0.131
26.740	-26.882	-0.104
26.760	-28.521	-0.069
26.780	-29.708	-0.038
26.800	-30.519	-0.003
26.820	-30.852	0.028
26.840	-30.776	0.070
26.860	-30.239	0.096
26.880	-29.310	0.134
26.900	-27.914	0.159
26.920	-26.098	0.188
26.940	-23.966	0.216
26.960	-21.447	0.241
26.980	-18.589	0.260
27.000	-15.506	0.275
27.020	-12.208	0.286
27.040	-8.787	0.292
27.060	-5.081	0.295
27.080	-1.386	0.296
27.100	2.331	0.290
27.120	6.005	0.279
27.140	9.555	0.263
27.160	13.041	0.245
27.180	16.291	0.228
27.200	19.309	0.203
27.220	22.075	0.178
27.240	24.498	0.144
27.260	26.517	0.116
27.280	28.236	0.082
27.300	29.525	0.048
27.320	30.379	0.012
27.340	30.798	-0.018
27.360	30.771	-0.056
27.380	30.309	-0.091
27.400	29.417	-0.125
27.420	28.096	-0.596
27.440	26.431	-0.185
27.460	24.293	-0.213
27.480	21.817	-0.235
27.500	19.046	-0.257
27.520	16.011	-0.268
27.540	12.805	-0.283
27.560	9.260	-0.293
27.580	5.683	-0.294
27.600	2.014	-0.294
27.620	-1.584	-0.292
27.640	-5.366	-0.282
27.660	-8.980	-0.267
27.680	-12.359	-0.253
27.700	-15.727	-0.230
27.720	-18.734	-0.211
27.740	-21.613	-0.183
27.760	-24.025	-0.152
27.780	-26.249	-0.123
27.800	-28.000	-0.093
27.820	-29.353	-0.057
27.840	-30.266	-0.023
27.860	-30.739	0.008
27.880	-30.814	0.045
27.900	-30.459	0.076
27.920	-29.627	0.109
27.940	-28.375	0.141
27.960	-26.721	0.168
27.980	-24.675	0.196
28.000	-22.279	0.221
28.020	-19.524	0.245
28.040	-16.527	0.260
28.060	-13.288	0.273
28.080	-9.851	0.277
28.100	-6.241	0.285
28.120	-2.573	0.286
28.140	1.133	0.278
28.160	4.818	0.271
28.180	8.427	0.262
28.200	11.929	0.244
28.220	15.270	0.226
28.240	18.369	0.203
28.260	21.146	0.178
28.280	23.762	0.147
28.300	25.937	0.118
28.320	27.752	0.081
28.340	29.154	0.051
28.360	30.153	0.014
28.380	30.712	-0.017
28.400	30.825	-0.053
28.420	30.529	-0.086
28.440	29.734	-0.122
28.460	28.563	-0.155
28.480	26.952	-0.185
28.500	25.008	-0.208
28.520	22.650	-0.238
28.540	20.050	-0.252
28.560	17.091	-0.276
28.580	13.804	-0.285
28.600	10.404	-0.297
28.620	6.864	-0.297
28.640	3.212	-0.303
28.660	-0.494	-0.293
28.680	-4.179	-0.289
28.700	-7.820	-0.272
28.720	-11.252	-0.263
28.740	-14.695	-0.239
28.760	-17.768	-0.221
28.780	-20.743	-0.192
28.800	-23.337	-0.164
28.820	-25.583	-0.135
28.840	-27.479	-0.103
28.860	-28.977	-0.069
28.880	-30.024	-0.034
28.900	-30.664	-0.000
28.920	-30.841	0.032
28.940	-30.621	0.070
28.960	-29.949	0.101
28.980	-28.854	0.130
29.000	-27.291	0.163
29.020	-25.448	0.189
29.040	-23.096	0.217
29.060	-20.458	0.246
29.080	-17.542	0.263
29.100	-14.378	0.274
29.120	-10.979	0.280
29.140	-7.439	0.285
29.160	-3.781	0.288
29.180	-0.081	0.286
29.200	3.625	0.280
29.220	7.262	0.268
29.240	10.812	0.258
29.260	14.207	0.240
29.280	17.392	0.217
29.300	20.308	0.188
29.320	22.967	0.163
29.340	25.266	0.132
29.360	27.205	0.101
29.380	28.735	0.068
29.400	29.874	0.031
29.420	30.572	-0.003
29.440	30.835	-0.034
29.460	30.669	-0.068
29.480	30.067	-0.102
29.500	28.988	-0.138
29.520	27.521	-0.167
29.540	25.685	-0.194
29.560	23.450	-0.218
29.580	20.867	-0.242
29.600	17.982	-0.258
29.620	14.942	-0.274
29.640	11.489	-0.280
29.660	7.998	-0.287
29.680	4.367	-0.288
29.700	0.790	-0.286
29.720	-3.013	-0.282
29.740	-6.676	-0.268
29.760	-10.259	-0.253
29.780	-13.594	-0.237
29.800	-16.892	-0.214
29.820	-19.873	-0.189
29.840	-22.559	-0.162
29.860	-24.917	-0.133
29.880	-26.947	-0.101
29.900	-28.574	-0.066
29.920	-29.761	-0.038
29.940	-30.551	0.001
29.960	-30.825	0.032
29.980	-30.771	0.072
30.000	-30.250	0.101
30.020	-29.246	0.137
30.040	-27.887	0.163
30.060	-26.050	0.192
30.080	-23.896	0.220
30.100	-21.382	0.246
30.120	-18.525	0.263
30.140	-15.420	0.279
30.160	-12.106	0.288
30.180	-8.599	0.296
30.200	-4.990	0.300
30.220	-1.278	0.296
30.240	2.428	0.293
30.260	6.102	0.285
30.280	9.679	0.271
30.300	13.132	0.249
30.320	16.376	0.228
30.340	19.395	0.207
30.360	22.145	0.180
30.380	24.508	0.149
30.400	26.619	0.118
30.420	28.284	0.084
30.440	29.562	0.055
30.460	30.395	0.014
30.480	30.809	-0.013
30.500	30.766	-0.053
30.520	30.298	-0.083
30.540	29.375	-0.582
30.560	28.069	-0.154
30.580	26.313	-0.180
30.600	24.213	-0.207
30.620	21.731	-0.233
30.640	18.944	-0.247
30.660	15.904	-0.268
30.680	12.601	-0.277
30.700	9.238	-0.287
30.720	5.554	-0.290
30.740	1.977	-0.289
30.760	-1.815	-0.285
30.780	-5.489	-0.271
30.800	-9.104	-0.260
30.820	-12.558	-0.246
30.840	-15.855	-0.223
30.860	-18.912	-0.198
30.880	-21.629	-0.174
30.900	-24.170	-0.144
30.920	-26.238	-0.111
30.940	-28.080	-0.084
30.960	-29.412	-0.051
30.980	-30.320	-0.015
31.000	-30.760	0.018
31.020	-30.841	0.057
31.040	-30.449	0.084
31.060	-29.611	0.120
31.080	-28.349	0.148
31.100	-26.657	0.176
31.120	-24.594	0.204
31.140	-22.193	0.229
31.160	-19.443	0.250
31.180	-16.419	0.267
31.200	-13.181	0.275
31.220	-9.722	0.289
31.240	-6.134	0.292
31.260	-2.460	0.290
31.280	1.241	0.286
31.300	4.936	0.277
31.320	8.545	0.268
31.340	12.053	0.245
31.360	15.361	0.229
31.380	18.460	0.204
31.400	21.312	0.181
31.420	23.778	0.146
31.440	26.001	0.126
31.460	27.758	0.083
31.480	29.192	0.058
31.500	30.180	0.014
31.520	30.712	-0.016
31.540	30.825	-0.052
31.560	30.502	-0.081
31.580	29.718	-0.122
31.600	28.521	-0.155
31.620	26.920	-0.183
31.640	24.997	-0.210
31.660	22.580	-0.235
31.680	19.878	-0.256
31.700	16.914	-0.272
31.720	13.782	-0.285
31.740	10.291	-0.296
31.760	6.746	-0.297
31.780	3.083	-0.299
31.800	-0.607	-0.296
31.820	-4.211	-0.288
31.840	-7.944	-0.274
31.860	-11.365	-0.259
31.880	-14.792	-0.240
31.900	-17.875	-0.222
31.920	-20.834	-0.193
31.940	-23.413	-0.169
31.960	-25.647	-0.133
31.980	-27.527	-0.106
32.000	-28.961	-0.069
32.020	-30.046	-0.039
32.040	-30.653	-0.003
32.060	-30.852	0.029
32.080	-30.594	0.067
32.100	-29.906	0.101
32.120	-28.784	0.131
32.140	-27.226	0.158
32.160	-25.287	0.188
32.180	-22.994	0.216
32.200	-20.356	0.241
32.220	-17.435	0.256
32.240	-14.260	0.266
32.260	-10.860	0.278
32.280	-7.299	0.282
32.300	-3.652	0.287
32.320	-0.038	0.283
32.340	3.754	0.274
32.360	7.391	0.266
32.380	10.936	0.251
32.400	14.319	0.230
32.420	17.488	0.209
32.440	20.410	0.185
32.460	23.063	0.156
32.480	25.335	0.126
32.500	27.264	0.094
32.520	28.778	0.064
32.540	29.879	0.026
32.560	30.588	-0.004
32.580	30.835	-0.044
32.600	30.658	-0.074
32.620	30.014	-0.110
32.640	28.956	-0.144
32.660	27.462	-0.173
32.680	25.615	-0.201
32.700	23.364	-0.223
32.720	20.845	-0.246
32.740	17.896	-0.264
32.760	14.835	-0.283
32.780	11.403	-0.288
32.800	7.890	-0.295
32.820	4.259	-0.297
32.840	0.591	-0.293
32.860	-3.126	-0.288
32.880	-6.789	-0.275
32.900	-10.350	-0.264
32.920	-13.750	-0.247
32.940	-16.983	-0.225
32.960	-19.948	-0.198
32.980	-22.628	-0.169
33.000	-24.997	-0.137
33.020	-26.990	-0.110
33.040	-28.606	-0.073
33.060	-29.788	-0.044
33.080	-30.562	-0.009
33.100	-30.835	0.022
33.120	-30.760	0.065
33.140	-30.229	0.097
33.160	-29.224	0.126
33.180	-27.822	0.158
33.200	-25.975	0.184
33.220	-23.810	0.208
33.240	-21.286	0.240
33.260	-18.503	0.260
33.280	-15.324	0.272
33.300	-12.004	0.281
33.320	-8.486	0.289
33.340	-4.855	0.292
33.360	-1.160	0.292
33.380	2.557	0.284
33.400	6.214	0.274
33.420	9.781	0.260
33.440	13.245	0.250
33.460	16.479	0.227
33.480	19.481	0.200
33.500	22.247	0.176
33.520	24.632	0.142
33.540	26.673	0.115
33.560	28.333	0.083
33.580	29.573	0.050
33.600	30.417	0.013
33.620	30.803	-0.018
33.640	30.750	-0.059
33.660	30.293	-0.086
33.680	29.348	-0.123
33.700	28.000	-0.153
33.720	26.302	-0.183
33.740	24.143	-0.205
33.760	21.629	-0.233
33.780	18.853	-0.247
33.800	15.786	-0.266
33.820	12.493	-0.273
33.840	9.034	-0.283
33.860	5.430	-0.286
33.880	1.762	-0.285
33.900	-1.939	-0.284
33.920	-5.618	-0.267
33.940	-9.238	-0.256
33.960	-12.692	-0.240
33.980	-15.958	-0.222
34.000	-19.014	-0.191
34.020	-21.823	-0.172
34.040	-24.267	-0.139
34.060	-26.377	-0.108
34.080	-28.134	-0.076
34.100	-29.434	-0.046
34.120	-30.352	-0.005
34.140	-30.792	0.024
34.160	-30.835	0.062
34.180	-30.427	0.092
34.200	-29.573	0.126
34.220	-28.333	0.153
34.240	-26.619	0.182
34.260	-24.541	0.214
34.280	-22.118	0.238
34.300	-19.352	0.258
34.320	-16.333	0.278
34.340	-13.100	0.285
34.360	-9.614	0.295
34.380	-6.037	0.299
34.400	-2.353	0.296
34.420	1.348	0.295
34.440	5.060	0.283
34.460	8.642	0.270
34.480	12.149	0.255
34.500	15.463	0.233
34.520	18.552	0.210
34.540	21.398	0.189
34.560	23.853	0.155
34.580	26.061	0.126
34.600	27.838	0.087
34.620	29.235	0.060
34.640	30.196	0.018
34.660	30.728	-0.009
34.680	30.819	-0.046
34.700	30.497	-0.078
34.720	29.675	-0.115
34.740	28.472	-0.145
34.760	26.861	-0.175
34.780	24.868	-0.202
34.800	22.467	-0.227
34.820	19.787	-0.246
34.840	16.812	-0.269
34.860	13.583	-0.273
34.880	10.173	-0.289
34.900	6.606	-0.293
34.920	2.965	-0.292
34.940	-0.736	-0.292
34.960	-4.420	-0.281
34.980	-8.062	-0.268
35.000	-11.575	-0.252
35.020	-14.905	-0.233
35.040	-18.047	-0.212
35.060	-20.920	-0.185
35.080	-23.466	-0.157
35.100	-25.711	-0.123
35.120	-27.597	-0.098
35.140	-29.036	-0.061
35.160	-30.083	-0.028
35.180	-30.653	0.004
35.200	-30.862	0.038
35.220	-30.572	0.072
35.240	-29.885	0.104
35.260	-28.751	0.138
35.280	-27.162	0.166
35.300	-25.228	0.195
35.320	-22.935	0.218
35.340	-20.265	0.240
35.360	-17.322	0.258
35.380	-14.223	0.271
35.400	-10.748	0.278
35.420	-7.187	0.286
35.440	-3.534	0.286
35.460	0.172	0.284
35.480	3.873	0.274
35.500	7.503	0.264
35.520	11.038	0.248
35.540	14.421	0.229
35.560	17.590	0.212
35.580	20.501	0.185
35.600	23.085	0.154
35.620	25.395	0.126
35.640	27.317	0.089
35.660	28.821	0.060
35.680	29.944	0.022
35.700	30.604	-0.009
35.720	30.835	-0.044
35.740	30.642	-0.080
35.760	29.998	-0.111
35.780	28.923	-0.146
35.800	27.398	-0.178
35.820	25.556	-0.206
35.840	23.284	-0.228
35.860	20.689	-0.261
35.880	17.875	-0.288
35.900	14.663	-0.292
35.920	11.279	-0.317
35.940	7.777	-0.302
35.960	4.243	-0.327
35.980	0.467	-0.301
36.000	-3.233	-0.322
36.020	-6.891	-0.285
36.040	-10.447	-0.287
36.060	-13.852	-0.260
36.080	-17.064	-0.238
36.100	-19.948	-0.220
36.120	-22.671	-0.180
36.140	-25.029	-0.160
36.160	-27.017	-0.121
36.180	-28.623	-0.093
36.200	-29.783	-0.059
36.220	-30.519	-0.018
36.240	-30.819	0.012
36.260	-30.696	0.062
36.280	-30.169	0.077
36.300	-29.181	0.132
36.320	-27.726	0.144
36.340	-25.889	0.201
36.360	-23.703	0.203
36.380	-21.178	0.246
36.400	-18.305	0.248
36.420	-15.195	0.278
36.440	-11.859	0.271
36.460	-8.352	0.294
36.480	-4.727	0.287
36.500	-1.026	0.294
36.520	2.680	0.280
36.540	6.338	0.273
36.560	9.910	0.259
36.580	13.347	0.243
36.600	16.511	0.225
36.620	19.588	0.190
36.640	22.333	0.181
36.660	24.707	0.131
36.680	26.732	0.125
36.700	28.386	0.063
36.720	29.600	0.058
36.740	30.433	-0.010
36.760	30.819	-0.011
36.780	30.733	-0.074
36.800	30.250	-0.086
36.820	29.299	-0.135
36.840	27.951	-0.164
36.860	26.195	-0.189
36.880	24.068	-0.227
36.900	21.549	-0.224
36.920	18.745	-0.284
36.940	15.775	-0.254
36.960	12.375	-0.326
36.980	8.921	-0.264
37.000	5.323	-0.337
37.020	1.638	-0.272
37.040	-1.971	-0.328
37.060	-5.736	-0.257
37.080	-9.340	-0.300
37.100	-12.810	-0.239
37.120	-16.076	-0.250
37.140	-19.137	-0.204
37.160	-21.898	-0.185
37.180	-24.347	-0.159
37.200	-26.458	-0.118
37.220	-28.182	-0.099
37.240	-29.498	-0.046
37.260	-30.374	-0.033
37.280	-30.798	0.024
37.300	-30.825	0.039
37.320	-30.433	0.091
37.340	-29.557	0.109
37.360	-28.279	0.164
37.380	-26.571	0.186
37.400	-24.492	0.218
37.420	-22.048	0.238
37.440	-19.282	0.256
37.460	-16.242	0.275
37.480	-12.987	0.283
37.500	-9.523	0.294
37.520	-5.924	0.293
37.540	-2.256	0.298
37.560	1.472	0.291
37.580	5.151	0.290
37.600	8.766	0.264
37.620	12.257	0.263
37.640	15.576	0.228
37.660	18.643	0.217
37.680	21.479	0.180
37.700	23.977	0.161
37.720	26.082	0.126
37.740	27.897	0.097
37.760	29.246	0.062
37.780	30.218	0.026
37.800	30.739	-0.006
37.820	30.814	-0.048
37.840	30.454	-0.068
37.860	29.648	-0.119
37.880	28.429	-0.134
37.900	26.802	-0.182
37.920	24.798	-0.185
37.940	22.403	-0.233
37.960	19.690	-0.237
37.980	16.704	-0.269
38.000	13.471	-0.267
38.020	10.044	-0.288
38.040	6.585	-0.283
38.060	2.841	-0.293
38.080	-0.859	-0.281
38.100	-4.549	-0.281
38.120	-8.175	-0.257
38.140	-11.677	-0.251
38.160	-15.023	-0.229
38.180	-18.144	-0.207
38.200	-21.044	-0.182
38.220	-23.579	-0.151
38.240	-25.808	-0.127
38.260	-27.634	-0.090
38.280	-29.111	-0.065
38.300	-30.143	-0.018
38.320	-30.701	0.002
38.340	-30.895	0.044
38.360	-30.562	0.075
38.380	-29.863	0.108
38.400	-28.714	0.143
38.420	-27.146	0.167
38.440	-25.174	0.200
38.460	-22.865	0.226
38.480	-20.185	0.256
38.500	-17.236	0.263
38.520	-14.121	0.288
38.540	-10.651	0.287
38.560	-7.074	0.297
38.580	-3.405	0.288
38.600	0.279	0.300
38.620	3.985	0.277
38.640	7.605	0.278
38.660	11.150	0.252
38.680	14.523	0.244
38.700	17.682	0.212
38.720	20.593	0.198
38.740	23.219	0.157
38.760	25.475	0.137
38.780	27.382	0.102
38.800	28.832	0.068
38.820	29.949	0.033
38.840	30.621	-0.005
38.860	30.841	-0.030
38.880	30.631	-0.080
38.900	29.944	-0.098
38.920	28.870	-0.152
38.940	27.350	-0.163
38.960	25.491	-0.208
38.980	23.214	-0.219
39.000	20.604	-0.252
39.020	17.708	-0.263
39.040	14.545	-0.286
39.060	11.183	-0.293
39.080	7.659	-0.298
39.100	4.044	-0.305
39.120	0.354	-0.289
39.140	-3.357	-0.297
39.160	-6.999	-0.271
39.180	-10.570	-0.276
39.200	-13.959	-0.238
39.220	-17.150	-0.237
39.240	-20.120	-0.193
39.260	-22.768	-0.184
39.280	-25.104	-0.136
39.300	-27.076	-0.119
39.320	-28.671	-0.077
39.340	-29.815	-0.050
39.360	-30.551	-0.012
39.380	-30.846	0.017
39.400	-30.690	0.055
39.420	-30.126	0.087
39.440	-29.127	0.116
39.460	-27.672	0.151
39.480	-25.840	0.173
39.500	-23.617	0.205
39.520	-21.071	0.225
39.540	-18.208	0.258
39.560	-15.087	0.264
39.580	-11.752	0.283
39.600	-8.234	0.277
39.620	-4.592	0.289
39.640	-0.897	0.280
39.660	2.798	0.280
39.680	6.467	0.266
39.700	9.937	0.257
39.720	13.460	0.238
39.740	16.618	0.221
39.760	19.685	0.189
39.780	22.408	0.166
39.800	24.782	0.135
39.820	26.802	0.100
39.840	28.429	0.070
39.860	29.659	0.036
39.880	30.454	0.006
39.900	30.819	-0.521
39.920	30.744	-0.065
39.940	30.234	-0.103
39.960	29.299	-0.135
39.980	27.892	-0.169
40.000	26.130	-0.193
40.020	23.993	-0.221
40.040	21.468	-0.242
40.060	18.659	-0.264
40.080	15.592	-0.282
40.100	12.375	-0.293
40.120	8.825	-0.297
40.140	5.215	-0.302
40.160	1.542	-0.301
40.180	-2.159	-0.291
40.200	-5.828	-0.285
40.220	-9.442	-0.266
40.240	-12.891	-0.255
40.260	-16.129	-0.229
40.280	-19.116	-0.210
40.300	-21.957	-0.176
40.320	-24.336	-0.153
40.340	-26.490	-0.119
40.360	-28.209	-0.090
40.380	-29.514	-0.056
40.400	-30.374	-0.021
40.420	-30.803	0.014
40.440	-30.803	0.052
40.460	-30.390	0.080
40.480	-29.514	0.119
40.500	-28.209	0.142
40.520	-26.490	0.179
40.540	-24.390	0.198
40.560	-22.027	0.229
40.580	-19.175	0.246
40.600	-16.215	0.270
40.620	-12.875	0.279
40.640	-9.410	0.286
40.660	-5.812	0.287
40.680	-2.132	0.291
40.700	1.601	0.287
40.720	5.280	0.279
40.740	8.868	0.263
40.760	12.364	0.253
40.780	15.592	0.234
40.800	18.734	0.205
40.820	21.560	0.182
40.840	24.052	0.151
40.860	26.184	0.123
40.880	27.935	0.088
40.900	29.310	0.058
40.920	30.239	0.018
40.940	30.744	-0.013
40.960	30.809	-0.046
40.980	30.449	-0.081
41.000	29.616	-0.113
41.020	28.381	-0.150
41.040	26.737	-0.177
41.060	24.729	-0.206
41.080	22.317	-0.223
41.100	19.599	-0.250
41.120	16.613	-0.260
41.140	13.353	-0.282
41.160	9.937	-0.278
41.180	6.370	-0.293
41.200	2.718	-0.285
41.220	-0.988	-0.288
41.240	-4.673	-0.270
41.260	-8.314	-0.263
41.280	-11.811	-0.243
41.300	-15.157	-0.231
41.320	-18.192	-0.202
41.340	-21.130	-0.177
41.360	-23.601	-0.149
41.380	-25.878	-0.117
41.400	-27.720	-0.086
41.420	-29.170	-0.052
41.440	-30.169	-0.021
41.460	-30.712	0.014
41.480	-30.857	0.047
41.500	-30.578	0.082
41.520	-29.858	0.115
41.540	-28.687	0.149
41.560	-27.097	0.176
41.580	-25.126	0.201
41.600	-22.790	0.227
41.620	-20.115	0.250
41.640	-17.139	0.271
41.660	-13.959	0.285
41.680	-10.533	0.296
41.700	-6.988	0.300
41.720	-3.314	0.302
41.740	0.397	0.296
41.760	4.087	0.292
41.780	7.718	0.276
41.800	11.274	0.265
41.820	14.625	0.238
41.840	17.773	0.222
41.860	20.679	0.194
41.880	23.289	0.167
41.900	25.529	0.134
41.920	27.436	0.106
41.940	28.896	0.068
41.960	29.992	0.038
41.980	30.637	0.001
42.000	30.846	-0.032
42.020	30.610	-0.069
42.040	29.933	-0.102
42.060	28.827	-0.135
42.080	27.323	-0.166
42.100	25.416	-0.192
42.120	23.133	-0.222
42.140	20.507	-0.237
42.160	17.606	-0.266
42.180	14.448	-0.275
42.200	11.064	-0.286
42.220	7.552	-0.287
42.240	3.916	-0.295
42.260	0.226	-0.286
42.280	-3.459	-0.288
42.300	-7.111	-0.268
42.320	-10.667	-0.263
42.340	-14.072	-0.236
42.360	-17.252	-0.222
42.380	-20.222	-0.193
42.400	-22.870	-0.164
42.420	-25.147	-0.134
42.440	-27.124	-0.106
42.460	-28.730	-0.073
42.480	-29.858	-0.037
42.500	-30.572	-0.007
42.520	-30.862	0.026
42.540	-30.707	0.064
42.560	-30.089	0.096
42.580	-29.090	0.129
42.600	-27.645	0.157
42.620	-25.754	0.183
42.640	-23.568	0.213
42.660	-21.001	0.230
42.680	-18.117	0.258
42.700	-14.991	0.272
42.720	-11.725	0.285
42.740	-8.121	0.290
42.760	-4.576	0.291
42.780	-0.795	0.290
42.800	2.911	0.279
42.820	6.574	0.270
42.840	10.135	0.259
42.860	13.573	0.242
42.880	16.785	0.218
42.900	19.776	0.196
42.920	22.505	0.167
42.940	24.847	0.135
42.960	26.861	0.103
42.980	28.461	0.072
43.000	29.686	0.038
43.020	30.476	0.002
43.040	30.809	-0.029
43.060	30.723	-0.068
43.080	30.212	-0.100
43.100	29.229	-0.139
43.120	27.833	-0.169
43.140	26.061	-0.195
43.160	23.971	-0.224
43.180	21.393	-0.241
43.200	18.584	-0.264
43.220	15.582	-0.280
43.240	12.171	-0.291
43.260	8.701	-0.294
43.280	5.092	-0.304
43.300	1.418	-0.298
43.320	-2.283	-0.295
43.340	-5.935	-0.279
43.360	-9.544	-0.273
43.380	-12.982	-0.250
43.400	-16.231	-0.237
43.420	-19.282	-0.206
43.440	-22.032	-0.182
43.460	-24.455	-0.151
43.480	-26.528	-0.124
43.500	-28.241	-0.089
43.520	-29.525	-0.057
43.540	-30.400	-0.021
43.560	-30.782	0.009
43.580	-30.787	0.049
43.600	-30.347	0.081
43.620	-29.466	0.115
43.640	-28.145	0.145
43.660	-26.404	0.173
43.680	-24.304	0.199
43.700	-21.844	0.227
43.720	-19.073	0.250
43.740	-16.011	0.262
43.760	-12.751	0.274
43.780	-9.276	0.283
43.800	-5.656	0.286
43.820	-1.993	0.290
43.840	1.729	0.280
43.860	5.398	0.273
43.880	8.997	0.262
43.900	12.482	0.243
43.920	15.780	0.225
43.940	18.842	0.196
43.960	21.662	0.177
43.980	24.068	0.144
44.000	26.254	0.116
44.020	27.994	0.081
44.040	29.348	0.049
44.060	30.266	0.011
44.080	30.755	-0.019
44.100	30.803	-0.057
44.120	30.417	-0.088
44.140	29.584	-0.125
44.160	28.343	-0.157
44.180	26.678	-0.181
44.200	24.702	-0.212
44.220	22.236	-0.237
44.240	19.513	-0.253
44.260	16.516	-0.272
44.280	13.256	-0.283
44.300	9.824	-0.297
44.320	6.252	-0.295
44.340	2.696	-0.298
44.360	-1.096	-0.291
44.380	-4.705	-0.289
44.400	-8.427	-0.268
44.420	-11.897	-0.259
44.440	-15.227	-0.234
44.460	-18.353	-0.216
44.480	-21.205	-0.185
44.500	-23.729	-0.160
44.520	-25.932	-0.125
44.540	-27.769	-0.094
44.560	-29.181	-0.059
44.580	-30.191	-0.029
44.600	-30.750	0.004
44.620	-30.835	0.043
44.640	-30.578	0.076
44.660	-29.826	0.109
44.680	-28.649	0.139
44.700	-27.043	0.172
44.720	-25.067	0.197
44.740	-22.704	0.225
44.760	-20.034	0.247
44.780	-17.037	0.270
44.800	-13.857	0.281
44.820	-10.447	0.288
44.840	-6.864	0.292
44.860	-3.207	0.293
44.880	0.510	0.288
44.900	4.200	0.286
44.920	7.831	0.271
44.940	11.349	0.259
44.960	14.722	0.240
44.980	17.864	0.215
45.000	20.759	0.195
45.020	23.380	0.164
45.040	25.599	0.137
45.060	27.468	0.101
45.080	28.945	0.072
45.100	30.008	0.035
45.120	30.647	0.007
45.140	30.830	-0.034
45.160	30.594	-0.065
45.180	29.896	-0.102
45.200	28.784	-0.133
45.220	27.258	-0.168
45.240	25.341	-0.187
45.260	23.047	-0.221
45.280	20.480	-0.237
45.300	17.510	-0.258
45.320	14.330	-0.266
45.340	10.952	-0.280
45.360	7.412	-0.281
45.380	3.781	-0.289
45.400	0.097	-0.283
45.420	-3.609	-0.274
45.440	-7.251	-0.264
45.460	-10.801	-0.247
45.480	-14.207	-0.235
45.500	-17.279	-0.211
45.520	-20.313	-0.182
45.540	-22.951	-0.156
45.560	-25.255	-0.126
45.580	-27.215	-0.098
45.600	-28.784	-0.061
45.620	-29.912	-0.029
45.640	-30.615	0.006
45.660	-30.857	0.037
45.680	-30.712	0.073
45.700	-30.100	0.105
45.720	-29.079	0.142
45.740	-27.607	0.167
45.760	-25.706	0.196
45.780	-23.493	0.222
45.800	-20.904	0.249
45.820	-18.015	0.266
45.840	-14.878	0.283
45.860	-11.548	0.289
45.880	-8.014	0.295
45.900	-4.388	0.295
45.920	-0.677	0.296
45.940	3.024	0.292
45.960	6.687	0.278
45.980	10.243	0.264
46.000	13.594	0.247
46.020	16.881	0.227
46.040	19.792	0.205
46.060	22.591	0.169
46.080	24.917	0.145
46.100	26.920	0.113
46.120	28.515	0.077
46.140	29.729	0.045
46.160	30.486	0.008
46.180	30.814	-0.023
46.200	30.717	-0.058
46.220	30.180	-0.094
46.240	29.192	-0.129
46.260	27.774	-0.162
46.280	26.007	-0.186
46.300	23.837	-0.214
46.320	21.302	-0.239
46.340	18.477	-0.256
46.360	15.394	-0.273
46.380	12.047	-0.281
46.400	8.594	-0.291
46.420	4.990	-0.292
46.440	1.300	-0.291
46.460	-2.406	-0.286
46.480	-6.064	-0.275
46.500	-9.663	-0.265
46.520	-13.095	-0.245
46.540	-16.350	-0.223
46.560	-19.368	-0.197
46.580	-22.118	-0.176
46.600	-24.524	-0.142
46.620	-26.608	-0.114
46.640	-28.295	-0.082
46.660	-29.552	-0.052
46.680	-30.406	-0.015
46.700	-30.792	0.013
46.720	-30.782	0.055
46.740	-30.357	0.084
46.760	-29.417	0.118
46.780	-28.080	0.148
46.800	-26.340	0.176
46.820	-24.234	0.201
46.840	-21.774	0.229
46.860	-18.960	0.250
46.880	-15.904	0.267
46.900	-12.649	0.275
46.920	-9.147	0.284
46.940	-5.554	0.285
46.960	-1.864	0.284
46.980	1.848	0.280
47.000	5.532	0.272
47.020	9.104	0.259
47.040	12.590	0.243
47.060	15.872	0.223
47.080	18.928	0.199
47.100	21.737	0.171
47.120	24.208	0.142
47.140	26.313	0.114
47.160	28.037	0.076
47.180	29.375	0.045
47.200	30.288	0.006
47.220	30.760	-0.024
47.240	30.798	-0.063
47.260	30.400	-0.094
47.280	29.552	-0.128
47.300	28.290	-0.160
47.320	26.667	-0.192
47.340	24.578	-0.218
47.360	22.145	-0.244
47.380	19.417	-0.257
47.400	16.495	-0.280
47.420	13.148	-0.286
47.440	9.722	-0.300
47.460	6.155	-0.301
47.480	2.503	-0.304
47.500	-1.198	-0.297
47.520	-4.893	-0.288
47.540	-8.508	-0.273
47.560	-12.010	-0.257
47.580	-15.238	-0.239
47.600	-18.428	-0.212
47.620	-21.189	-0.186
47.640	-23.783	-0.158
47.660	-25.964	-0.130
47.680	-27.790	-0.098
47.700	-29.208	-0.063
47.720	-30.180	-0.028
47.740	-30.696	0.001
47.760	-30.819	0.043
47.780	-30.486	0.074
47.800	-29.772	0.107
47.820	-28.580	0.142
47.840	-26.947	0.166
47.860	-24.954	0.198
47.880	-22.596	0.218
47.900	-19.916	0.246
47.920	-16.924	0.262
47.940	-13.729	0.276
47.960	-10.312	0.281
47.980	-6.816	0.289
48.000	-3.062	0.290
48.020	0.650	0.286
48.040	4.340	0.279
48.060	7.960	0.267
48.080	11.478	0.251
48.100	14.835	0.234
48.120	17.977	0.209
48.140	20.851	0.184
48.160	23.445	0.155
48.180	25.674	0.126
48.200	27.521	0.092
48.220	28.999	0.060
48.240	30.046	0.024
48.260	30.664	-0.008
48.280	30.835	-0.044
48.300	30.578	-0.077
48.320	29.869	-0.115
48.340	28.741	-0.141
48.360	27.215	-0.177
48.380	25.287	-0.200
48.400	22.967	-0.228
48.420	20.330	-0.244
48.440	17.478	-0.268
48.460	14.217	-0.274
48.480	10.833	-0.293
48.500	7.294	-0.291
48.520	3.668	-0.297
48.540	-0.021	-0.290
48.560	-3.738	-0.284
48.580	-7.375	-0.269
48.600	-10.919	-0.255
48.620	-14.287	-0.234
48.640	-17.488	-0.213
48.660	-20.416	-0.187
48.680	-23.053	-0.160
48.700	-25.341	-0.128
48.720	-27.274	-0.101
48.740	-28.848	-0.061
48.760	-29.949	-0.032
48.780	-30.631	0.001
48.800	-30.841	0.039
48.820	-30.696	0.075
48.840	-30.089	0.106
48.860	-29.025	0.142
48.880	-27.564	0.165
48.900	-25.668	0.196
48.920	-23.439	0.221
48.940	-20.840	0.247
48.960	-17.939	0.265
48.980	-14.808	0.281
49.000	-11.446	0.289
49.020	-7.912	0.296
49.040	-4.265	0.297
49.060	-0.569	0.297
49.080	3.137	0.289
49.100	6.789	0.279
49.120	10.355	0.265
49.140	13.777	0.247
49.160	16.983	0.226
49.180	19.954	0.205
49.200	22.650	0.172
49.220	24.981	0.142
49.240	26.979	0.113
49.260	28.563	0.079
49.280	29.767	0.046
49.300	30.502	0.012
49.320	30.830	-0.023
49.340	30.717	-0.057
49.360	30.137	-0.090
49.380	29.154	-0.124
49.400	27.769	-0.156
49.420	25.948	-0.184
49.440	23.767	-0.215
49.460	21.216	-0.231
49.480	18.380	-0.251
49.500	15.286	-0.270
49.520	11.945	-0.276
49.540	8.459	-0.285
49.560	4.850	-0.287
49.580	1.171	-0.284
49.600	-2.530	-0.280
49.620	-6.204	-0.270
49.640	-9.808	-0.256
49.660	-13.122	-0.239
49.680	-16.452	-0.218
49.700	-19.476	-0.194
49.720	-22.231	-0.166
49.740	-24.621	-0.138
49.760	-26.667	-0.110
49.780	-28.365	-0.073
49.800	-29.600	-0.043
49.820	-30.449	-0.005
49.840	-30.803	0.021
49.860	-30.792	0.064
49.880	-30.309	0.092
49.900	-29.417	0.127
49.920	-28.042	0.155
49.940	-26.302	0.188
49.960	-24.154	0.209
49.980	-21.699	0.239
50.000	-18.874	0.257
50.020	-15.812	0.274
50.040	-12.552	0.281
50.060	-9.120	0.287
50.080	-5.436	0.292
50.100	-1.740	0.288
50.120	1.955	0.290
50.140	5.650	0.277
50.160	9.217	0.264
50.180	12.697	0.248
50.200	15.979	0.227
50.220	19.014	0.203
50.240	21.817	0.180
50.260	24.272	0.147
50.280	26.377	0.121
50.300	28.085	0.081
50.320	29.423	0.051
50.340	30.314	0.012
50.360	30.776	-0.017
50.380	30.787	-0.056
50.400	30.379	-0.086
50.420	29.514	-0.124
50.440	28.241	-0.156
50.460	26.608	-0.185
50.480	24.514	-0.211
50.500	22.081	-0.237
50.520	19.331	-0.256
50.540	16.317	-0.276
50.560	13.052	-0.284
50.580	9.614	-0.291
50.600	6.037	-0.299
50.620	2.379	-0.295
50.640	-1.230	-0.295
50.660	-5.011	-0.281
50.680	-8.631	-0.272
50.700	-12.128	-0.255
50.720	-15.420	-0.236
50.740	-18.514	-0.213
50.760	-21.372	-0.187
50.780	-23.794	-0.158
50.800	-26.044	-0.127
50.820	-27.854	-0.095
50.840	-29.235	-0.063
50.860	-30.207	-0.028
50.880	-30.723	0.001
50.900	-30.825	0.037
50.920	-30.508	0.075
50.940	-29.740	0.107
50.960	-28.521	0.138
50.980	-26.888	0.167
51.000	-24.879	0.192
51.020	-22.526	0.221
51.040	-19.798	0.245
51.060	-16.822	0.263
51.080	-13.594	0.274
51.100	-10.184	0.279
51.120	-6.612	0.286
51.140	-2.938	0.284
51.160	0.779	0.279
51.180	4.463	0.272
51.200	8.083	0.263
51.220	11.596	0.246
51.240	14.942	0.226
51.260	18.079	0.209
51.280	20.883	0.180
51.300	23.531	0.148
51.320	25.733	0.125
51.340	27.581	0.085
51.360	29.025	0.057
51.380	30.062	0.018
51.400	30.664	-0.012
51.420	30.835	-0.051
51.440	30.556	-0.084
51.460	29.847	-0.119
51.480	28.703	-0.152
51.500	27.140	-0.181
51.520	25.223	-0.207
51.540	22.897	-0.235
51.560	20.238	-0.250
51.580	17.316	-0.272
51.600	14.131	-0.281
51.620	10.753	-0.297
51.640	7.203	-0.300
51.660	3.561	-0.301
51.680	-0.129	-0.294
51.700	-3.824	-0.289
51.720	-7.385	-0.274
51.740	-11.027	-0.260
51.760	-14.384	-0.240
51.780	-17.569	-0.220
51.800	-20.485	-0.192
51.820	-23.090	-0.169
51.840	-25.384	-0.132
51.860	-27.301	-0.103
51.880	-28.870	-0.069
51.900	-29.944	-0.036
51.920	-30.631	-0.005
51.940	-30.830	0.030
51.960	-30.669	0.069
51.980	-30.057	0.099
52.000	-28.982	0.130
52.020	-27.462	0.165
52.040	-25.625	0.190
52.060	-23.348	0.218
52.080	-20.743	0.244
52.100	-17.848	0.261
52.120	-14.685	0.275
52.140	-11.408	0.283
52.160	-7.793	0.289
52.180	-4.152	0.290
52.200	-0.451	0.288
52.220	3.255	0.282
52.240	6.913	0.273
52.260	10.458	0.260
52.280	13.874	0.244
52.300	17.075	0.219
52.320	20.045	0.193
52.340	22.730	0.168
52.360	25.002	0.138
52.380	27.027	0.108
52.400	28.563	0.074
52.420	29.793	0.039
52.440	30.529	0.002
52.460	30.830	-0.028
52.480	30.701	-0.063
52.500	30.137	-0.097
52.520	29.117	-0.583
52.540	27.715	-0.162
52.560	25.878	-0.190
52.580	23.681	-0.217
52.600	21.135	-0.239
52.620	18.272	-0.257
52.640	15.168	-0.268
52.660	11.838	-0.280
52.680	8.341	-0.282
52.700	4.732	-0.289
52.720	1.042	-0.285
52.740	-2.659	-0.280
52.760	-6.225	-0.269
52.780	-9.910	-0.255
52.800	-13.358	-0.239
52.820	-16.581	-0.218
52.840	-19.588	-0.190
52.860	-22.312	-0.166
52.880	-24.707	-0.131
52.900	-26.753	-0.104
52.920	-28.435	-0.069
52.940	-29.654	-0.036
52.960	-30.481	-0.003
52.980	-30.814	0.030
53.000	-30.798	0.067
53.020	-30.304	0.098
53.040	-29.385	0.136
53.060	-28.021	0.159
53.080	-26.243	0.193
53.100	-24.111	0.217
53.120	-21.683	0.246
53.140	-18.804	0.264
53.160	-15.737	0.277
53.180	-12.450	0.292
53.200	-8.959	0.295
53.220	-5.317	0.301
53.240	-1.644	0.297
53.260	2.068	0.293
53.280	5.747	0.285
53.300	9.330	0.271
53.320	12.799	0.254
53.340	16.076	0.232
53.360	19.105	0.209
53.380	21.903	0.185
53.400	24.293	0.152
53.420	26.442	0.126
53.440	28.139	0.086
53.460	29.444	0.057
53.480	30.331	0.021
53.500	30.782	-0.015
53.520	30.787	-0.048
53.540	30.357	-0.085
53.560	29.482	-0.121
53.580	28.193	-0.149
53.600	26.506	-0.178
53.620	24.498	-0.205
53.640	21.989	-0.231
53.660	19.234	-0.249
53.680	16.291	-0.266
53.700	12.950	-0.278
53.720	9.491	-0.287
53.740	5.930	-0.287
53.760	2.261	-0.290
53.780	-1.450	-0.283
53.800	-5.038	-0.276
53.820	-8.760	-0.263
53.840	-12.139	-0.250
53.860	-15.539	-0.226
53.880	-18.632	-0.209
53.900	-21.436	-0.176
53.920	-23.934	-0.150
53.940	-26.109	-0.116
53.960	-27.903	-0.087
53.980	-29.294	-0.052
54.000	-30.255	-0.020
54.020	-30.733	0.014
54.040	-30.857	0.049
54.060	-30.476	0.080
54.080	-29.713	0.114
54.100	-28.478	0.145
54.120	-26.850	0.177
54.140	-24.798	0.200
54.160	-22.435	0.226
54.180	-19.723	0.249
54.200	-16.726	0.267
54.220	-13.508	0.280
54.240	-10.157	0.287
54.260	-6.504	0.289
54.280	-2.820	0.290
54.300	0.881	0.287
54.320	4.571	0.275
54.340	8.186	0.267
54.360	11.725	0.248
54.380	15.055	0.232
54.400	18.165	0.206
54.420	21.044	0.184
54.440	23.606	0.154
54.460	25.808	0.123
54.480	27.640	0.088
54.500	29.079	0.058
54.520	30.105	0.020
54.540	30.685	-0.011
54.560	30.841	-0.052
54.580	30.562	-0.084
54.600	29.804	-0.585
54.620	28.692	-0.150
54.640	27.076	-0.183
54.660	25.147	-0.207
54.680	22.816	-0.237
54.700	20.222	-0.254
54.720	17.214	-0.274
54.740	14.019	-0.289
54.760	10.629	-0.299
54.780	7.095	-0.301
54.800	3.448	-0.301
54.820	-0.231	-0.296
54.840	-3.851	-0.291
54.860	-7.589	-0.275
54.880	-11.113	-0.264
54.900	-14.464	-0.244
54.920	-17.639	-0.223
54.940	-20.561	-0.193
54.960	-23.166	-0.169
54.980	-25.443	-0.137
55.000	-27.350	-0.107
55.020	-28.870	-0.072
55.040	-29.981	-0.041
55.060	-30.621	-0.006
55.080	-30.830	0.028
55.100	-30.647	0.064
55.120	-29.992	0.097
55.140	-28.934	0.128
55.160	-27.403	0.159
55.180	-25.491	0.185
55.200	-23.235	0.209
55.220	-20.625	0.242
55.240	-17.794	0.257
55.260	-14.550	0.271
55.280	-11.285	0.279
55.300	-7.659	0.288
55.320	-4.007	0.290
55.340	-0.317	0.286
55.360	3.389	0.278
55.380	7.036	0.269
55.400	10.586	0.253
55.420	13.992	0.233
55.440	17.187	0.216
55.460	20.072	0.189
55.480	22.827	0.162
55.500	25.126	0.132
55.520	27.076	0.099
55.540	28.644	0.067
55.560	29.799	0.033
55.580	30.540	-0.002
55.600	30.825	-0.034
55.620	30.685	-0.070
55.640	30.121	-0.106
55.660	29.074	-0.137
55.680	27.667	-0.170
55.700	25.813	-0.198
55.720	23.601	-0.220
55.740	21.108	-0.247
55.760	18.187	-0.264
55.780	15.071	-0.276
55.800	11.730	-0.289
55.820	8.239	-0.294
55.840	4.619	-0.298
55.860	0.951	-0.293
55.880	-2.761	-0.287
55.900	-6.413	-0.274
55.920	-10.033	-0.261
55.940	-13.438	-0.243
55.960	-16.597	-0.222
55.980	-19.690	-0.196
56.000	-22.387	-0.173
56.020	-24.782	-0.140
56.040	-26.812	-0.111
56.060	-28.456	-0.073
56.080	-29.681	-0.043
56.100	-30.502	-0.011
56.120	-30.825	0.023
56.140	-30.792	0.060
56.160	-30.293	0.093
56.180	-29.353	0.125
56.200	-27.973	0.156
56.220	-26.206	0.186
56.240	-24.095	0.213
56.260	-21.543	0.242
56.280	-18.793	0.258
56.300	-15.625	0.274
56.320	-12.343	0.283
56.340	-8.835	0.292
56.360	-5.221	0.294
56.380	-1.536	0.294
56.400	2.186	0.285
56.420	5.854	0.279
56.440	9.432	0.269
56.460	12.907	0.250
56.480	16.172	0.232
56.500	19.207	0.207
56.520	21.995	0.183
56.540	24.353	0.152
56.560	26.496	0.121
56.580	28.182	0.086
56.600	29.493	0.053
56.620	30.347	0.022
56.640	30.787	-0.015
56.660	30.782	-0.050
56.680	30.347	-0.083
56.700	29.439	-0.119
56.720	28.150	-0.148
56.740	26.474	-0.177
56.760	24.363	-0.202
56.780	21.887	-0.227
56.800	19.137	-0.247
56.820	16.103	-0.265
56.840	12.821	-0.273
56.860	9.373	-0.283
56.880	5.806	-0.284
56.900	2.218	-0.287
56.920	-1.579	-0.277
56.940	-5.258	-0.272
56.960	-8.878	-0.255
56.980	-12.364	-0.240
57.000	-15.635	-0.222
57.020	-18.734	-0.198
57.040	-21.533	-0.173
57.060	-24.046	-0.139
57.080	-26.179	-0.113
57.100	-27.967	-0.080
57.120	-29.348	-0.052
57.140	-30.266	-0.011
57.160	-30.755	0.019
57.180	-30.846	0.056
57.200	-30.481	0.084
57.220	-29.702	0.124
57.240	-28.451	0.152
57.260	-26.796	0.186
57.280	-24.766	0.208
57.300	-22.392	0.234
57.320	-19.637	0.260
57.340	-16.640	0.274
57.360	-13.412	0.292
57.380	-9.969	0.296
57.400	-6.381	0.298
57.420	-2.734	0.296
57.440	0.999	0.293
57.460	4.678	0.289
57.480	8.304	0.271
57.500	11.795	0.259
57.520	15.152	0.235
57.540	18.262	0.213
57.560	21.125	0.192
57.580	23.622	0.156
57.600	25.873	0.133
57.620	27.688	0.094
57.640	29.090	0.062
57.660	30.121	0.026
57.680	30.696	-0.002
57.700	30.835	-0.041
57.720	30.540	-0.077
57.740	29.783	-0.114
57.760	28.617	-0.144
57.780	27.011	-0.596
57.800	25.137	-0.199
57.820	22.720	-0.227
57.840	20.072	-0.247
57.860	17.118	-0.264
57.880	13.906	-0.275
57.900	10.517	-0.290
57.920	6.966	-0.289
57.940	3.325	-0.296
57.960	-0.269	-0.289
57.980	-4.055	-0.283
58.000	-7.697	-0.269
58.020	-11.236	-0.255
58.040	-14.588	-0.237
58.060	-17.746	-0.211
58.080	-20.646	-0.186
58.100	-23.246	-0.164
58.120	-25.443	-0.132
58.140	-27.425	-0.101
58.160	-28.929	-0.066
58.180	-29.998	-0.035
58.200	-30.631	0.001
58.220	-30.846	0.032
58.240	-30.626	0.069
58.260	-29.981	0.101
58.280	-28.864	0.133
58.300	-27.355	0.161
58.320	-25.416	0.191
58.340	-23.166	0.220
58.360	-20.544	0.242
58.380	-17.617	0.257
58.400	-14.459	0.274
58.420	-11.091	0.279
58.440	-7.541	0.287
58.460	-3.883	0.288
58.480	-0.183	0.283
58.500	3.507	0.277
58.520	7.160	0.264
58.540	10.694	0.249
58.560	14.104	0.232
58.580	17.290	0.210
58.600	20.222	0.184
58.620	22.908	0.156
58.640	25.201	0.130
58.660	27.140	0.095
58.680	28.698	0.061
58.700	29.858	0.026
58.720	30.562	-0.004
58.740	30.830	-0.041
58.760	30.685	-0.079
58.780	30.073	-0.110
58.800	29.042	-0.146
58.820	27.586	-0.180
58.840	25.749	-0.201
58.860	23.590	-0.235
58.880	20.953	-0.254
58.900	18.101	-0.274
58.920	14.975	-0.282
58.940	11.720	-0.302
58.960	8.126	-0.296
58.980	4.603	-0.307
59.000	0.833	-0.297
59.020	-2.777	-0.301
59.040	-6.526	-0.279
59.060	-10.114	-0.268
59.080	-13.530	-0.247
59.100	-16.752	-0.230
59.120	-19.728	-0.206
59.140	-22.440	-0.179
59.160	-24.793	-0.146
59.180	-26.850	-0.115
59.200	-28.483	-0.082
59.220	-29.708	-0.051
59.240	-30.486	-0.012
59.260	-30.798	0.018
59.280	-30.750	0.059
59.300	-30.234	0.085
59.320	-29.289	0.121
59.340	-27.892	0.151
59.360	-26.077	0.178
59.380	-23.939	0.208
59.400	-21.415	0.232
59.420	-18.595	0.250
59.440	-15.512	0.272
59.460	-12.198	0.277
59.480	-8.707	0.289
59.500	-5.076	0.290
59.520	-1.391	0.292
59.540	2.315	0.283
59.560	5.994	0.272
59.580	9.561	0.259
59.600	13.020	0.245
59.620	16.291	0.223
59.640	19.304	0.199
59.660	22.075	0.171
59.680	24.487	0.142
59.700	26.555	0.111
59.720	28.236	0.079
59.740	29.520	0.043
59.760	30.357	0.010
59.780	30.798	-0.030
59.800	30.766	-0.061
59.820	30.304	-0.101
59.840	29.417	-0.130
59.860	28.085	-0.162
59.880	26.415	-0.189
59.900	24.288	-0.218
59.920	21.817	-0.239
59.940	19.035	-0.257
59.960	16.000	-0.272
59.980	12.794	-0.287
60.000	9.265	-0.295
60.020	5.677	-0.296
60.040	2.009	-0.296
60.060	-1.692	-0.286
60.080	-5.382	-0.278
60.100	-9.002	-0.266
60.120	-12.461	-0.244
60.140	-15.748	-0.227
60.160	-18.836	-0.201
60.180	-21.656	-0.178
60.200	-24.062	-0.146
60.220	-26.249	-0.117
60.240	-28.021	-0.081
60.260	-29.401	-0.051
60.280	-30.331	-0.018
60.300	-30.771	0.014
60.320	-30.841	0.055
60.340	-30.492	0.084
60.360	-29.659	0.122
60.380	-28.461	0.152
60.400	-26.759	0.181
60.420	-24.702	0.207
60.440	-22.301	0.235
60.460	-19.578	0.255
60.480	-16.548	0.273
60.500	-13.331	0.283
60.520	-9.867	0.295
60.540	-6.290	0.296
60.560	-2.605	0.300
60.580	1.112	0.293
60.600	4.802	0.288
60.620	8.406	0.273
60.640	11.924	0.257
60.660	15.249	0.234
60.680	18.353	0.218
60.700	21.205	0.194
60.720	23.746	0.162
60.740	25.926	0.132
60.760	27.742	0.100
60.780	29.154	0.064
60.800	30.137	0.026
60.820	30.701	-0.002
60.840	30.830	-0.045
60.860	30.508	-0.072
60.880	29.772	-0.114
60.900	28.580	-0.587
60.920	27.006	-0.175
60.940	25.008	-0.198
60.960	22.655	-0.227
60.980	19.964	-0.244
61.000	17.085	-0.259
61.020	13.798	-0.272
61.040	10.388	-0.280
61.060	6.939	-0.287
61.080	3.207	-0.286
61.100	-0.392	-0.285
61.120	-4.184	-0.276
61.140	-7.836	-0.264
61.160	-11.365	-0.249
61.180	-14.706	-0.230
61.200	-17.864	-0.206
61.220	-20.749	-0.181
61.240	-23.348	-0.153
61.260	-25.593	-0.123
61.280	-27.473	-0.095
61.300	-28.988	-0.059
61.320	-30.041	-0.026
61.340	-30.669	0.010
61.360	-30.873	0.042
61.380	-30.615	0.079
61.400	-29.971	0.110
61.420	-28.832	0.142
61.440	-27.312	0.173
61.460	-25.368	0.198
61.480	-23.106	0.223
61.500	-20.469	0.249
61.520	-17.526	0.267
61.540	-14.362	0.280
61.560	-10.973	0.288
61.580	-7.428	0.293
61.600	-3.760	0.295
61.620	-0.070	0.290
61.640	3.625	0.288
61.660	7.272	0.272
61.680	10.812	0.258
61.700	14.207	0.237
61.720	17.386	0.218
61.740	20.319	0.193
61.760	22.972	0.168
61.780	25.212	0.134
61.800	27.199	0.103
61.820	28.703	0.070
61.840	29.874	0.035
61.860	30.572	0.002
61.880	30.825	-0.034
61.900	30.674	-0.071
61.920	30.035	-0.106
61.940	28.993	-0.587
61.960	27.581	-0.172
61.980	25.685	-0.192
62.000	23.450	-0.225
62.020	20.867	-0.245
62.040	17.999	-0.262
62.060	14.948	-0.276
62.080	11.532	-0.293
62.100	8.014	-0.293
62.120	4.404	-0.300
62.140	0.714	-0.296
62.160	-2.986	-0.293
62.180	-6.547	-0.274
62.200	-10.227	-0.264
62.220	-13.632	-0.248
62.240	-16.849	-0.225
62.260	-19.830	-0.201
62.280	-22.532	-0.173
62.300	-24.895	-0.144
62.320	-26.845	-0.115
62.340	-28.521	-0.082
62.360	-29.691	-0.048
62.380	-30.513	-0.012
62.400	-30.819	0.017
62.420	-30.744	0.055
62.440	-30.202	0.088
62.460	-29.229	0.123
62.480	-27.828	0.149
62.500	-26.018	0.176
62.520	-23.864	0.205
62.540	-21.355	0.231
62.560	-18.493	0.250
62.580	-15.404	0.263
62.600	-12.085	0.275
62.620	-8.578	0.283
62.640	-4.952	0.284
62.660	-1.273	0.283
62.680	2.433	0.278
62.700	6.107	0.267
62.720	9.679	0.255
62.740	13.132	0.237
62.760	16.382	0.218
62.780	19.395	0.192
62.800	22.156	0.167
62.820	24.567	0.139
62.840	26.608	0.105
62.860	28.284	0.068
62.880	29.562	0.040
62.900	30.374	0.002
62.920	30.809	-0.031
62.940	30.760	-0.071
62.960	30.293	-0.099
62.980	29.375	-0.132
63.000	28.080	-0.169
63.020	26.324	-0.194
63.040	24.224	-0.223
63.060	21.742	-0.246
63.080	18.955	-0.260
63.100	15.909	-0.281
63.120	12.622	-0.292
63.140	9.244	-0.298
63.160	5.570	-0.302
63.180	1.901	-0.300
63.200	-1.794	-0.296
63.220	-5.473	-0.280
63.240	-9.077	-0.272
63.260	-12.547	-0.254
63.280	-15.829	-0.233
63.300	-18.912	-0.209
63.320	-21.699	-0.183
63.340	-24.159	-0.152
63.360	-26.254	-0.123
63.380	-28.059	-0.090
63.400	-29.391	-0.059
63.420	-30.325	-0.022
63.440	-30.755	0.007
63.460	-30.819	0.051
63.480	-30.422	0.080
63.500	-29.611	0.116
63.520	-28.349	0.142
63.540	-26.673	0.174
63.560	-24.610	0.197
63.580	-22.274	0.225
63.600	-19.459	0.251
63.620	-16.441	0.268
63.640	-13.197	0.275
63.660	-9.749	0.287
63.680	-6.150	0.288
63.700	-2.487	0.288
63.720	1.225	0.284
63.740	4.915	0.278
63.760	8.529	0.270
63.780	12.031	0.253
63.800	15.345	0.230
63.820	18.450	0.208
63.840	21.291	0.184
63.860	23.832	0.155
63.880	25.991	0.122
63.900	27.795	0.087
63.920	29.192	0.059
63.940	30.148	0.021
63.960	30.712	-0.011
63.980	30.819	-0.046
64.000	30.497	-0.082
64.020	29.718	-0.115
64.040	28.521	-0.149
64.060	26.920	-0.178
64.080	24.938	-0.205
64.100	22.569	-0.227
64.120	19.873	-0.247
64.140	16.919	-0.266
64.160	13.766	-0.278
64.180	10.286	-0.288
64.200	6.719	-0.292
64.220	3.169	-0.290
64.240	-0.623	-0.285
64.260	-4.329	-0.280
64.280	-7.944	-0.262
64.300	-11.483	-0.247
64.320	-14.819	-0.231
64.340	-17.982	-0.209
64.360	-20.856	-0.181
64.380	-23.434	-0.153
64.400	-25.668	-0.119
64.420	-27.559	-0.090
64.440	-29.052	-0.057
64.460	-30.089	-0.025
64.480	-30.685	0.006
64.500	-30.852	0.048
64.520	-30.615	0.080
64.540	-29.955	0.115
64.560	-28.837	0.147
64.580	-27.258	0.176
64.600	-25.330	0.204
64.620	-23.101	0.227
64.640	-20.405	0.246
64.660	-17.440	0.273
64.680	-14.271	0.285
64.700	-10.893	0.297
64.720	-7.326	0.300
64.740	-3.690	0.301
64.760	0.032	0.299
64.780	3.738	0.294
64.800	7.369	0.279
64.820	10.909	0.263
64.840	14.298	0.246
64.860	17.478	0.224
64.880	20.410	0.200
64.900	23.053	0.171
64.920	25.330	0.141
64.940	27.264	0.106
64.960	28.773	0.075
64.980	29.906	0.039
65.000	30.588	0.008
65.020	30.835	-0.033
65.040	30.642	-0.061
65.060	30.008	-0.099
65.080	28.961	-0.130
65.100	27.521	-0.164
65.120	25.625	-0.188
65.140	23.370	-0.220
65.160	20.781	-0.239
65.180	17.902	-0.258
65.200	14.765	-0.269
65.220	11.397	-0.280
65.240	7.890	-0.286
65.260	4.275	-0.290
65.280	0.585	-0.289
65.300	-3.115	-0.284
65.320	-6.768	-0.267
65.340	-10.366	-0.255
65.360	-13.723	-0.241
65.380	-16.967	-0.216
65.400	-19.943	-0.189
65.420	-22.612	-0.168
65.440	-24.976	-0.131
65.460	-26.974	-0.107
65.480	-28.585	-0.070
65.500	-29.772	-0.038
65.520	-30.513	-0.001
65.540	-30.835	0.028
65.560	-30.712	0.063
65.580	-30.196	0.097
65.600	-29.203	0.132
65.620	-27.790	0.159
65.640	-25.985	0.191
65.660	-23.778	0.211
65.680	-21.264	0.238
65.700	-18.471	0.259
65.720	-15.302	0.272
65.740	-11.978	0.284
65.760	-8.476	0.292
65.780	-4.850	0.293
65.800	-1.149	0.293
65.820	2.546	0.285
65.840	6.214	0.272
65.860	9.786	0.258
65.880	13.250	0.240
65.900	16.495	0.224
65.920	19.486	0.195
65.940	22.258	0.171
65.960	24.643	0.140
65.980	26.673	0.110
66.000	28.333	0.073
66.020	29.589	0.041
66.040	30.411	0.004
66.060	30.809	-0.025
66.080	30.750	-0.062
66.100	30.293	-0.095
66.120	29.342	-0.135
66.140	28.000	-0.163
66.160	26.308	-0.194
66.180	24.138	-0.220
66.200	21.662	-0.243
66.220	18.874	-0.260
66.240	15.812	-0.284
66.260	12.504	-0.289
66.280	9.040	-0.297
66.300	5.457	-0.305
66.320	1.789	-0.301
66.340	-1.826	-0.297
66.360	-5.586	-0.284
66.380	-9.099	-0.276
66.400	-12.649	-0.254
66.420	-15.839	-0.239
66.440	-18.981	-0.207
66.460	-21.710	-0.187
66.480	-24.224	-0.152
66.500	-26.356	-0.128
66.520	-28.085	-0.091
66.540	-29.417	-0.059
66.560	-30.325	-0.024
66.580	-30.755	0.008
66.600	-30.798	0.042
66.620	-30.427	0.077
66.640	-29.562	0.110
66.660	-28.284	0.141
66.680	-26.587	0.171
66.700	-24.519	0.197
66.720	-22.107	0.221
66.740	-19.341	0.246
66.760	-16.328	0.264
66.780	-13.154	0.275
66.800	-9.614	0.280
66.820	-6.026	0.289
66.840	-2.353	0.288
66.860	1.364	0.282
66.880	5.065	0.273
66.900	8.658	0.259
66.920	12.155	0.246
66.940	15.469	0.225
66.960	18.546	0.205
66.980	21.404	0.175
67.000	23.901	0.149
67.020	26.055	0.119
67.040	27.838	0.081
67.060	29.235	0.051
67.080	30.196	0.018
67.100	30.712	-0.016
67.120	30.825	-0.052
67.140	30.492	-0.083
67.160	29.681	-0.125
67.180	28.472	-0.153
67.200	26.861	-0.187
67.220	24.868	-0.209
67.240	22.483	-0.236
67.260	19.803	-0.248
67.280	16.897	-0.276
67.300	13.578	-0.281
67.320	10.178	-0.294
67.340	6.623	-0.297
67.360	2.965	-0.298
67.380	-0.714	-0.293
67.400	-4.329	-0.285
67.420	-8.051	-0.269
67.440	-11.580	-0.258
67.460	-14.916	-0.236
67.480	-18.047	-0.217
67.500	-20.947	-0.189
67.520	-23.493	-0.160
67.540	-25.733	-0.131
67.560	-27.597	-0.097
67.580	-29.058	-0.065
67.600	-30.094	-0.031
67.620	-30.696	0.004
67.640	-30.852	0.039
67.660	-30.610	0.077
67.680	-29.917	0.105
67.700	-28.778	0.136
67.720	-27.199	0.170
67.740	-25.266	0.196
67.760	-22.961	0.219
67.780	-20.303	0.248
67.800	-17.370	0.266
67.820	-14.169	0.277
67.840	-10.764	0.285
67.860	-7.219	0.289
67.880	-3.561	0.293
67.900	0.150	0.287
67.920	3.856	0.283
67.940	7.493	0.273
67.960	11.016	0.260
67.980	14.405	0.243
68.000	17.574	0.218
68.020	20.496	0.198
68.040	23.074	0.167
68.060	25.400	0.140
68.080	27.269	0.105
68.100	28.821	0.071
68.120	29.938	0.037
68.140	30.599	0.005
68.160	30.835	-0.031
68.180	30.647	-0.070
68.200	29.987	-0.101
68.220	28.907	-0.136
68.240	27.398	-0.164
68.260	25.604	-0.194
68.280	23.289	-0.213
68.300	20.684	-0.241
68.320	17.800	-0.252
68.340	14.658	-0.276
68.360	11.279	-0.273
68.380	7.767	-0.293
68.400	4.136	-0.280
68.420	0.451	-0.289
68.440	-3.244	-0.276
68.460	-6.913	-0.269
68.480	-10.458	-0.251
68.500	-13.863	-0.232
68.520	-17.075	-0.217
68.540	-20.040	-0.183
68.560	-22.714	-0.164
68.580	-25.051	-0.125
68.600	-27.049	-0.102
68.620	-28.628	-0.063
68.640	-29.826	-0.036
68.660	-30.524	0.007
68.680	-30.841	0.034
68.700	-30.744	0.074
68.720	-30.207	0.100
68.740	-29.192	0.138
68.760	-27.758	0.161
68.780	-25.932	0.196
68.800	-23.719	0.223
68.820	-21.200	0.244
68.840	-18.310	0.266
68.860	-15.222	0.279
68.880	-11.886	0.294
68.900	-8.363	0.299
68.920	-4.748	0.303
68.940	-1.053	0.297
68.960	2.659	0.293
68.980	6.343	0.281
69.000	9.904	0.267
69.020	13.336	0.245
69.040	16.586	0.228
69.060	19.588	0.201
69.080	22.338	0.178
69.100	24.702	0.144
69.120	26.727	0.118
69.140	28.386	0.083
69.160	29.595	0.051
69.180	30.443	0.011
69.200	30.814	-0.020
69.220	30.739	-0.060
69.240	30.250	-0.086
69.260	29.299	-0.127
69.280	27.951	-0.158
69.300	26.243	-0.189
69.320	24.073	-0.210
69.340	21.565	-0.237
69.360	18.756	-0.253
69.380	15.716	-0.272
69.400	12.386	-0.280
69.420	8.937	-0.289
69.440	5.425	-0.292
69.460	1.660	-0.288
69.480	-1.944	-0.289
69.500	-5.720	-0.273
69.520	-9.319	-0.266
69.540	-12.762	-0.242
69.560	-16.049	-0.229
69.580	-19.083	-0.201
69.600	-21.860	-0.179
69.620	-24.245	-0.144
69.640	-26.415	-0.119
69.660	-28.096	-0.084
69.680	-29.471	-0.053
69.700	-30.341	-0.015
69.720	-30.760	0.018
69.740	-30.819	0.050
69.760	-30.390	0.084
69.780	-29.546	0.121
69.800	-28.225	0.145
69.820	-26.539	0.178
69.840	-24.460	0.199
69.860	-22.021	0.230
69.880	-19.255	0.246
69.900	-16.226	0.263
69.920	-12.971	0.276
69.940	-9.491	0.283
69.960	-5.908	0.288
69.980	-2.213	0.288
70.000	1.477	0.278
70.020	5.167	0.269
70.040	8.760	0.258
70.060	12.262	0.242
70.080	15.582	0.223
70.100	18.648	0.198
70.120	21.479	0.176
70.140	23.987	0.143
70.160	26.114	0.117
70.180	27.897	0.082
70.200	29.246	0.048
70.220	30.212	0.009
70.240	30.733	-0.019
70.260	30.814	-0.061
70.280	30.454	-0.087
70.300	29.654	-0.127
70.320	28.440	-0.156
70.340	26.796	-0.192
70.360	24.804	-0.211
70.380	22.403	-0.243
70.400	19.690	-0.254
70.420	16.720	-0.280
70.440	13.583	-0.291
70.460	10.071	-0.299
70.480	6.515	-0.306
70.500	2.852	-0.305
70.520	-0.833	-0.301
70.540	-4.528	-0.289
70.560	-8.148	-0.281
70.580	-11.677	-0.262
70.600	-14.991	-0.242
70.620	-18.133	-0.218
70.640	-21.006	-0.197
70.660	-23.552	-0.164
70.680	-25.771	-0.137
70.700	-27.634	-0.102
70.720	-29.068	-0.066
70.740	-30.094	-0.036
70.760	-30.664	0.001
70.780	-30.835	0.034
70.800	-30.562	0.071
70.820	-29.847	0.098
70.840	-28.708	0.134
70.860	-27.119	0.159
70.880	-25.153	0.188
70.900	-22.833	0.214
70.920	-20.174	0.238
70.940	-17.225	0.261
70.960	-14.056	0.274
70.980	-10.640	0.281
71.000	-7.090	0.288
71.020	-3.405	0.285
71.040	0.290	0.285
71.060	3.980	0.279
71.080	7.605	0.270
71.100	11.140	0.248
71.120	14.518	0.236
71.140	17.682	0.211
71.160	20.582	0.187
71.180	23.208	0.159
71.200	25.411	0.130
71.220	27.376	0.093
71.240	28.875	0.065
71.260	29.955	0.028
71.280	30.610	-0.006
71.300	30.825	-0.044
71.320	30.621	-0.074
71.340	29.944	-0.114
71.360	28.864	-0.144
71.380	27.366	-0.178
71.400	25.491	-0.197
71.420	23.214	-0.232
71.440	20.604	-0.242
71.460	17.708	-0.271
71.480	14.545	-0.276
71.500	11.177	-0.291
71.520	7.654	-0.293
71.540	4.018	-0.297
71.560	0.333	-0.292
71.580	-3.373	-0.287
71.600	-7.031	-0.270
71.620	-10.581	-0.260
71.640	-13.900	-0.238
71.660	-17.171	-0.222
71.680	-20.077	-0.189
71.700	-22.795	-0.164
71.720	-25.115	-0.135
71.740	-27.108	-0.105
71.760	-28.698	-0.068
71.780	-29.874	-0.036
71.800	-30.588	-0.003
71.820	-30.830	0.029
71.840	-30.728	0.070
71.860	-30.180	0.100
71.880	-29.170	0.136
71.900	-27.720	0.161
71.920	-25.867	0.192
71.940	-23.676	0.217
71.960	-21.108	0.248
71.980	-18.235	0.266
72.000	-15.104	0.277
72.020	-11.795	0.284
72.040	-8.271	0.296
72.060	-4.630	0.297
72.080	-0.929	0.298
72.100	2.766	0.287
72.120	6.429	0.279
72.140	10.006	0.266
72.160	13.455	0.251
72.180	16.672	0.229
72.200	19.674	0.206
72.220	22.403	0.177
72.240	24.771	0.149
72.260	26.796	0.120
72.280	28.386	0.084
72.300	29.659	0.047
72.320	30.454	0.012
72.340	30.825	-0.019
72.360	30.733	-0.057
72.380	30.229	-0.087
72.400	29.294	-0.125
72.420	27.887	-0.154
72.440	26.136	-0.183
72.460	23.998	-0.208
72.480	21.479	-0.231
72.500	18.681	-0.249
72.520	15.598	-0.264
72.540	12.370	-0.277
72.560	8.814	-0.283
72.580	5.199	-0.286
72.600	1.536	-0.285
72.620	-2.175	-0.278
72.640	-5.849	-0.268
72.660	-9.453	-0.255
72.680	-12.896	-0.239
72.700	-16.151	-0.219
72.720	-19.116	-0.193
72.740	-21.968	-0.169
72.760	-24.412	-0.139
72.780	-26.512	-0.107
72.800	-28.236	-0.079
72.820	-29.509	-0.045
72.840	-30.395	-0.007
72.860	-30.798	0.024
72.880	-30.830	0.061
72.900	-30.368	0.089
72.920	-29.514	0.129
72.940	-28.187	0.155
72.960	-26.469	0.187
72.980	-24.412	0.211
73.000	-21.946	0.235
73.020	-19.180	0.259
73.040	-16.113	0.274
73.060	-12.885	0.285
73.080	-9.399	0.292
73.100	-5.801	0.298
73.120	-2.116	0.296
73.140	1.595	0.292
73.160	5.280	0.281
73.180	8.868	0.268
73.200	12.359	0.250
73.220	15.667	0.229
73.240	18.740	0.209
73.260	21.560	0.183
73.280	24.052	0.151
73.300	26.184	0.127
73.320	27.897	0.086
73.340	29.310	0.058
73.360	30.239	0.021
73.380	30.750	-0.502
73.400	30.819	-0.051
73.420	30.443	-0.083
73.440	29.627	-0.119
73.460	28.392	-0.152
73.480	26.737	-0.180
73.500	24.734	-0.209
73.520	22.328	-0.232
73.540	19.621	-0.251
73.560	16.629	-0.272
73.580	13.374	-0.279
73.600	9.958	-0.289
73.620	6.392	-0.292
73.640	2.739	-0.297
73.660	-0.945	-0.293
73.680	-4.651	-0.285
73.700	-8.282	-0.268
73.720	-11.763	-0.256
73.740	-15.104	-0.234
73.760	-18.224	-0.214
73.780	-21.082	-0.185
73.800	-23.552	-0.156
73.820	-25.862	-0.128
73.840	-27.677	-0.099
73.860	-29.122	-0.065
73.880	-30.121	-0.031
73.900	-30.701	0.005
73.920	-30.835	0.039
73.940	-30.540	0.073
73.960	-29.831	0.105
73.980	-28.644	0.136
74.000	-27.070	0.168
74.020	-25.088	0.191
74.040	-22.763	0.217
74.060	-20.083	0.242
74.080	-17.112	0.259
74.100	-13.933	0.271
74.120	-10.517	0.280
74.140	-6.966	0.287
74.160	-3.303	0.287
74.180	0.408	0.280
74.200	4.104	0.273
74.220	7.729	0.263
74.240	11.263	0.249
74.260	14.631	0.229
74.280	17.778	0.205
74.300	20.679	0.184
74.320	23.289	0.152
74.340	25.529	0.126
74.360	27.430	0.091
74.380	28.913	0.060
74.400	29.955	0.022
74.420	30.637	-0.011
74.440	30.835	-0.045
74.460	30.610	-0.079
74.480	29.933	-0.113
74.500	28.821	-0.150
74.520	27.312	-0.180
74.540	25.421	-0.205
74.560	23.144	-0.228
74.580	20.587	-0.251
74.600	17.617	-0.268
74.620	14.454	-0.286
74.640	11.086	-0.293
74.660	7.562	-0.301
74.680	3.921	-0.297
74.700	0.236	-0.297
74.720	-3.464	-0.292
74.740	-7.117	-0.277
74.760	-10.662	-0.264
74.780	-14.056	-0.244
74.800	-17.241	-0.224
74.820	-20.179	-0.193
74.840	-22.843	-0.171
74.860	-25.164	-0.139
74.880	-27.146	-0.110
74.900	-28.719	-0.074
74.920	-29.863	-0.043
74.940	-30.572	-0.005
74.960	-30.814	0.022
74.980	-30.707	0.064
75.000	-30.116	0.093
75.020	-29.106	0.126
75.040	-27.645	0.158
75.060	-25.776	0.186
75.080	-23.574	0.213
75.100	-21.017	0.242
75.120	-18.138	0.257
75.140	-15.012	0.271
75.160	-11.661	0.279
75.180	-8.148	0.284
75.200	-4.496	0.287
75.220	-0.822	0.283
75.240	2.900	0.281
75.260	6.461	0.270
75.280	10.119	0.259
75.300	13.465	0.242
75.320	16.774	0.220
75.340	19.755	0.197
75.360	22.473	0.172
75.380	24.841	0.140
75.400	26.855	0.108
75.420	28.461	0.072
75.440	29.697	0.043
75.460	30.476	0.007
75.480	30.830	-0.027
75.500	30.723	-0.061
75.520	30.191	-0.095
75.540	29.235	-0.135
75.560	27.838	-0.165
75.580	26.066	-0.189
75.600	23.907	-0.213
75.620	21.458	-0.235
75.640	18.568	-0.255
75.660	15.490	-0.274
75.680	12.171	-0.278
75.700	8.690	-0.291
75.720	5.092	-0.289
75.740	1.493	-0.288
75.760	-2.299	-0.283
75.780	-5.876	-0.271
75.800	-9.571	-0.259
75.820	-13.014	-0.241
75.840	-16.258	-0.222
75.860	-19.320	-0.195
75.880	-22.070	-0.171
75.900	-24.481	-0.139
75.920	-26.571	-0.109
75.940	-28.273	-0.072
75.960	-29.562	-0.042
75.980	-30.443	-0.007
76.000	-30.792	0.021
76.020	-30.809	0.064
76.040	-30.379	0.093
76.060	-29.520	0.131
76.080	-28.177	0.155
76.100	-26.437	0.188
76.120	-24.336	0.213
76.140	-21.876	0.241
76.160	-19.094	0.260
76.180	-16.049	0.276
76.200	-12.772	0.288
76.220	-9.319	0.301
76.240	-5.688	0.303
76.260	-2.020	0.301
76.280	1.713	0.296
76.300	5.366	0.283
76.320	8.975	0.275
76.340	12.472	0.257
76.360	15.764	0.233
76.380	18.831	0.214
76.400	21.651	0.190
76.420	24.068	0.156
76.440	26.249	0.129
76.460	27.994	0.093
76.480	29.342	0.060
76.500	30.266	0.021
76.520	30.755	-0.011
76.540	30.803	-0.044
76.560	30.443	-0.074
76.580	29.584	-0.114
76.600	28.349	-0.148
76.620	26.673	-0.173
76.640	24.664	-0.202
76.660	22.236	-0.233
76.680	19.524	-0.239
76.700	16.597	-0.264
76.720	13.267	-0.270
76.740	9.845	-0.285
76.760	6.273	-0.284
76.780	2.626	-0.290
76.800	-1.080	-0.279
76.820	-4.775	-0.277
76.840	-8.411	-0.260
76.860	-11.913	-0.250
76.880	-15.222	-0.225
76.900	-18.348	-0.208
76.920	-21.173	-0.177
76.940	-23.735	-0.150
76.960	-25.905	-0.119
76.980	-27.752	-0.089
77.000	-29.187	-0.055
77.020	-30.148	-0.020
