--- Pendolo di torsione ---
Tempo.Forzante.Pendolo
0.000	16.368	0.182
0.020	19.403	0.191
0.040	22.201	0.190
0.060	24.624	0.186
0.080	26.676	0.184
0.100	28.351	0.177
0.120	29.624	0.165
0.140	30.425	0.150
0.160	30.822	0.138
0.180	30.747	0.121
0.200	30.215	0.104
0.220	29.264	0.086
0.240	27.906	0.061
0.260	26.085	0.039
0.280	23.926	0.019
0.300	21.358	-0.006
0.320	18.501	-0.023
0.340	15.369	-0.049
0.360	12.109	-0.069
0.380	8.500	-0.089
0.400	4.955	-0.109
0.420	1.152	-0.128
0.440	-2.592	-0.142
0.460	-6.303	-0.149
0.480	-9.837	-0.166
0.500	-13.382	-0.172
0.520	-16.621	-0.182
0.540	-19.677	-0.182
0.560	-22.384	-0.184
0.580	-24.796	-0.177
0.600	-26.815	-0.176
0.620	-28.507	-0.164
0.640	-29.705	-0.156
0.660	-30.473	-0.146
0.680	-30.806	-0.133
0.700	-30.704	-0.113
0.720	-30.161	-0.091
0.740	-29.146	-0.073
0.760	-27.723	-0.054
0.780	-25.870	-0.037
0.800	-23.646	-0.011
0.820	-21.057	0.010
0.840	-18.162	0.034
0.860	-15.031	0.050
0.880	-11.658	0.075
0.900	-8.081	0.093
0.920	-4.418	0.115
0.940	-0.685	0.123
0.960	3.048	0.142
0.980	6.743	0.156
1.000	10.331	0.167
1.020	13.785	0.177
1.040	16.959	0.179
1.060	20.021	0.185
1.080	22.744	0.183
1.100	25.086	0.176
1.120	27.073	0.173
1.140	28.652	0.163
1.160	29.818	0.152
1.180	30.553	0.139
1.200	30.833	0.124
1.220	30.682	0.104
1.240	30.059	0.088
1.260	29.007	0.067
1.280	27.578	0.046
1.300	25.666	0.021
1.320	23.405	0.004
1.340	20.853	-0.023
1.360	17.872	-0.041
1.380	14.682	-0.070
1.400	11.287	-0.084
1.420	7.753	-0.107
1.440	4.095	-0.125
1.460	0.368	-0.143
1.480	-3.376	-0.153
1.500	-6.964	-0.169
1.520	-10.648	-0.180
1.540	-14.059	-0.188
1.560	-17.292	-0.194
1.580	-20.187	-0.197
1.600	-22.927	-0.195
1.620	-25.247	-0.191
1.640	-27.229	-0.185
1.660	-28.770	-0.173
1.680	-29.887	-0.167
1.700	-30.570	-0.152
1.720	-30.801	-0.138
1.740	-30.607	-0.119
1.760	-29.984	-0.099
1.780	-28.878	-0.082
1.800	-27.368	-0.061
1.820	-25.424	-0.035
1.840	-23.131	-0.013
1.860	-20.493	0.009
1.880	-17.523	0.033
1.900	-14.333	0.056
1.920	-10.922	0.075
1.940	-7.323	0.094
1.960	-3.644	0.113
1.980	0.105	0.129
2.000	3.838	0.147
2.020	7.517	0.154
2.040	11.073	0.167
2.060	14.483	0.175
2.080	17.679	0.182
2.100	20.542	0.183
2.120	23.270	0.185
2.140	25.478	0.179
2.160	27.444	0.167
2.180	28.937	0.157
2.200	29.995	0.146
2.220	30.650	0.138
2.240	30.849	0.122
2.260	30.596	0.105
2.280	29.871	0.086
2.300	28.733	0.072
2.320	27.148	0.042
2.340	25.220	0.026
2.360	22.857	0.001
2.380	20.187	-0.019
2.400	17.228	-0.042
2.420	13.989	-0.062
2.440	10.552	-0.083
2.460	6.980	-0.103
2.480	3.290	-0.123
2.500	-0.427	-0.138
2.520	-4.165	-0.154
2.540	-7.844	-0.161
2.560	-11.395	-0.176
2.580	-14.779	-0.183
2.600	-17.958	-0.187
2.620	-20.896	-0.186
2.640	-23.480	-0.188
2.660	-25.725	-0.179
2.680	-27.621	-0.177
2.700	-29.093	-0.161
2.720	-30.113	-0.156
2.740	-30.693	-0.134
2.760	-30.822	-0.128
2.780	-30.559	-0.106
2.800	-29.839	-0.086
2.820	-28.647	-0.061
2.840	-27.014	-0.042
2.860	-25.010	-0.020
2.880	-22.642	0.002
2.900	-19.940	0.027
2.920	-16.895	0.050
2.940	-13.683	0.070
2.960	-10.192	0.089
2.980	-6.582	0.112
3.000	-2.892	0.125
3.020	0.878	0.143
3.040	4.590	0.158
3.060	8.247	0.167
3.080	11.803	0.180
3.100	15.160	0.189
3.120	18.307	0.193
3.140	21.192	0.198
3.160	23.764	0.192
3.180	25.897	0.187
3.200	27.771	0.175
3.220	29.195	0.170
3.240	30.172	0.154
3.260	30.725	0.145
3.280	30.817	0.130
3.300	30.489	0.111
3.320	29.662	0.092
3.340	28.437	0.072
3.360	26.815	0.049
3.380	24.769	0.034
3.400	22.341	0.005
3.420	19.666	-0.012
3.440	16.567	-0.038
3.460	13.275	-0.058
3.480	9.821	-0.081
3.500	6.222	-0.102
3.520	2.516	-0.119
3.540	-1.211	-0.136
3.560	-4.939	-0.148
3.580	-8.607	-0.155
3.600	-12.115	-0.169
3.620	-15.450	-0.174
3.640	-18.597	-0.179
3.660	-21.428	-0.180
3.680	-23.958	-0.180
3.700	-26.144	-0.173
3.720	-27.948	-0.169
3.740	-29.334	-0.157
3.760	-30.258	-0.149
3.780	-30.747	-0.133
3.800	-30.801	-0.120
3.820	-30.414	-0.093
3.840	-29.592	-0.079
3.860	-28.341	-0.058
3.880	-26.616	-0.036
3.900	-24.527	-0.013
3.920	-22.078	0.009
3.940	-19.285	0.033
3.960	-16.229	0.046
3.980	-12.958	0.074
4.000	-9.429	0.093
4.020	-5.798	0.115
4.040	-2.087	0.123
4.060	1.668	0.146
4.080	5.368	0.161
4.100	8.999	0.167
4.120	12.544	0.178
4.140	15.864	0.184
4.160	18.930	0.190
4.180	21.772	0.192
4.200	24.253	0.186
4.220	26.375	0.182
4.240	28.110	0.167
4.260	29.442	0.163
4.280	30.339	0.146
4.300	30.774	0.137
4.320	30.784	0.117
4.340	30.355	0.106
4.360	29.436	0.080
4.380	28.131	0.059
4.400	26.402	0.039
4.420	24.350	0.018
4.440	21.793	-0.008
4.460	18.995	-0.023
4.480	15.901	-0.053
4.500	12.576	-0.070
4.520	9.085	-0.095
4.540	5.465	-0.113
4.560	1.754	-0.132
4.580	-1.990	-0.148
4.600	-5.701	-0.161
4.620	-9.332	-0.169
4.640	-12.818	-0.186
4.660	-16.111	-0.188
4.680	-19.102	-0.194
4.700	-21.965	-0.193
4.720	-24.441	-0.190
4.740	-26.531	-0.184
4.760	-28.228	-0.178
4.780	-29.517	-0.165
4.800	-30.392	-0.158
4.820	-30.768	-0.136
4.840	-30.736	-0.128
4.860	-30.269	-0.103
4.880	-29.350	-0.088
4.900	-27.970	-0.061
4.920	-26.198	-0.047
4.940	-24.033	-0.023
4.960	-21.514	0.001
4.980	-18.726	0.026
5.000	-15.547	0.046
5.020	-12.200	0.063
5.040	-8.677	0.087
5.060	-5.014	0.107
5.080	-1.276	0.120
5.100	2.447	0.140
5.120	6.163	0.150
5.140	9.757	0.161
5.160	13.248	0.170
5.180	16.524	0.179
5.200	19.553	0.179
5.220	22.336	0.180
5.240	24.726	0.178
5.260	26.778	0.174
5.280	28.421	0.159
5.300	29.662	0.151
5.320	30.457	0.133
5.340	30.827	0.125
5.360	30.731	0.109
5.380	30.199	0.091
5.400	29.205	0.068
5.420	27.787	0.054
5.440	26.036	0.028
5.460	23.791	0.009
5.480	21.229	-0.013
5.500	18.436	-0.036
5.520	15.224	-0.063
5.540	11.862	-0.075
5.560	8.328	-0.106
5.580	4.692	-0.120
5.600	0.980	-0.144
5.620	-2.769	-0.154
5.640	-6.475	-0.165
5.660	-10.079	-0.175
5.680	-13.522	-0.183
5.700	-16.777	-0.191
5.720	-19.795	-0.190
5.740	-22.540	-0.189
5.760	-24.887	-0.189
5.780	-26.944	-0.186
5.800	-28.588	-0.176
5.820	-29.753	-0.163
5.840	-30.532	-0.153
5.860	-30.806	-0.136
5.880	-30.720	-0.119
5.900	-30.140	-0.099
5.920	-29.119	-0.082
5.940	-27.664	-0.058
5.960	-25.773	-0.036
5.980	-23.550	-0.012
6.000	-20.945	0.010
6.020	-18.050	0.031
6.040	-14.886	0.057
6.060	-11.513	0.078
6.080	-7.947	0.099
6.100	-4.262	0.112
6.120	-0.518	0.129
6.140	3.215	0.145
6.160	6.899	0.155
6.180	10.498	0.170
6.200	13.930	0.174
6.220	17.169	0.180
6.240	20.160	0.183
6.260	22.851	0.183
6.280	25.177	0.183
6.300	27.143	0.180
6.320	28.711	0.168
6.340	29.877	0.154
6.360	30.580	0.144
6.380	30.833	0.133
6.400	30.661	0.113
6.420	30.016	0.093
6.440	28.948	0.077
6.460	27.454	0.056
6.480	25.558	0.038
6.500	23.286	0.010
6.520	20.633	-0.012
6.540	17.717	-0.032
6.560	14.542	-0.057
6.580	11.110	-0.074
6.600	7.565	-0.096
6.620	3.891	-0.117
6.640	0.164	-0.131
6.660	-3.574	-0.148
6.680	-7.243	-0.157
6.700	-10.836	-0.164
6.720	-14.263	-0.172
6.740	-17.464	-0.180
6.760	-20.424	-0.175
6.780	-23.077	-0.180
6.800	-25.365	-0.171
6.820	-27.325	-0.169
6.840	-28.894	-0.158
6.860	-29.984	-0.153
6.880	-30.623	-0.132
6.900	-30.827	-0.125
6.920	-30.623	-0.105
6.940	-29.990	-0.085
6.960	-28.856	-0.062
6.980	-27.315	-0.045
7.000	-25.354	-0.023
7.020	-23.039	0.006
7.040	-20.386	0.026
7.060	-17.400	0.046
7.080	-14.209	0.067
7.100	-10.772	0.091
7.120	-7.184	0.109
7.140	-3.472	0.127
7.160	0.260	0.142
7.180	3.993	0.160
7.200	7.667	0.172
7.220	11.244	0.180
7.240	14.644	0.186
7.260	17.813	0.199
7.280	20.740	0.196
7.300	23.378	0.191
7.320	25.617	0.192
7.340	27.513	0.179
7.360	28.996	0.171
7.380	30.059	0.156
7.400	30.666	0.146
7.420	30.838	0.129
7.440	30.570	-0.377
7.460	29.861	0.095
7.480	28.668	0.071
7.500	27.073	0.047
7.520	25.129	0.032
7.540	22.808	0.006
7.560	20.053	-0.013
7.580	17.088	-0.038
7.600	13.919	-0.059
7.620	10.396	-0.079
7.640	6.819	-0.103
7.660	3.123	-0.123
7.680	-0.610	-0.134
7.700	-4.230	-0.151
7.720	-8.006	-0.161
7.740	-11.545	-0.171
7.760	-14.913	-0.179
7.780	-18.093	-0.186
7.800	-21.014	-0.182
7.820	-23.555	-0.183
7.840	-25.800	-0.177
7.860	-27.648	-0.174
7.880	-29.125	-0.162
7.900	-30.129	-0.157
7.920	-30.682	-0.139
7.940	-30.822	-0.127
7.960	-30.500	-0.103
7.980	-29.732	-0.089
8.000	-28.545	-0.062
8.020	-26.917	-0.049
8.040	-24.860	-0.022
8.060	-22.502	-0.003
8.080	-19.741	0.022
8.100	-16.734	0.041
8.120	-13.484	0.064
8.140	-10.009	0.083
8.160	-6.389	0.109
8.180	-2.683	0.118
8.200	1.061	0.140
8.220	4.788	0.149
8.240	8.430	0.163
8.260	11.980	0.167
8.280	15.337	0.179
8.300	18.458	0.183
8.320	21.326	0.184
8.340	23.883	0.182
8.360	26.052	0.182
8.380	27.852	0.163
8.400	29.259	0.160
8.420	30.220	0.139
8.440	30.747	0.133
8.460	30.822	0.114
8.480	30.457	0.102
8.500	29.614	0.079
8.520	28.373	0.060
8.540	26.708	0.034
8.560	24.656	0.019
8.580	22.223	-0.010
8.600	19.462	-0.026
8.620	16.427	-0.057
8.640	13.124	-0.074
8.660	9.649	-0.097
8.680	6.061	-0.115
8.700	2.457	-0.136
8.720	-1.362	-0.150
8.740	-5.100	-0.166
8.760	-8.758	-0.174
8.780	-12.270	-0.182
8.800	-15.493	-0.191
8.820	-18.721	-0.196
8.840	-21.557	-0.193
8.860	-24.049	-0.196
8.880	-26.219	-0.185
8.900	-27.997	-0.185
8.920	-29.345	-0.169
8.940	-30.280	-0.164
8.960	-30.715	-0.142
8.980	-30.790	-0.132
9.000	-30.382	-0.108
9.020	-29.528	-0.094
9.040	-28.222	-0.070
9.060	-26.493	-0.049
9.080	-24.404	-0.026
9.100	-21.944	-0.003
9.120	-19.135	0.017
9.140	-16.068	0.044
9.160	-12.775	0.063
9.180	-9.262	0.084
9.200	-5.621	0.104
9.220	-1.979	0.121
9.240	1.845	0.137
9.260	5.567	0.150
9.280	9.182	0.162
9.300	12.705	0.173
9.320	15.923	0.177
9.340	19.070	0.183
9.360	21.895	0.184
9.380	24.355	0.178
9.400	26.461	0.177
9.420	28.185	0.163
9.440	29.469	0.157
9.460	30.360	0.139
9.480	30.790	0.133
9.500	30.768	0.113
9.520	30.312	0.100
9.540	29.393	0.078
9.560	28.088	0.061
9.580	26.305	0.036
9.600	24.178	0.017
9.620	21.729	-0.012
9.640	18.839	-0.029
9.660	15.740	-0.053
9.680	12.501	-0.071
9.700	8.919	-0.095
9.720	5.272	-0.117
9.740	1.566	-0.129
9.760	-2.189	-0.151
9.780	-5.884	-0.157
9.800	-9.520	-0.176
9.820	-13.006	-0.177
9.840	-16.293	-0.186
9.860	-19.365	-0.186
9.880	-22.126	-0.194
9.900	-24.559	-0.185
9.920	-26.665	-0.183
9.940	-28.351	-0.173
9.960	-29.614	-0.163
9.980	-30.478	-0.153
10.000	-30.801	-0.136
10.020	-30.768	-0.121
10.040	-30.296	-0.097
10.060	-29.329	-0.084
10.080	-27.943	-0.052
10.100	-26.128	-0.039
10.120	-23.958	-0.004
10.140	-21.428	0.009
10.160	-18.549	0.037
10.180	-15.509	0.055
10.200	-12.077	0.080
10.220	-8.543	0.103
10.240	-4.874	0.114
10.260	-1.136	0.135
10.280	2.597	0.148
10.300	6.308	0.163
10.320	9.912	0.173
10.340	13.393	0.187
10.360	16.653	0.188
10.380	19.682	0.195
10.400	22.448	0.191
10.420	24.817	0.190
10.440	26.858	0.179
10.460	28.486	0.175
10.480	29.721	0.158
10.500	30.505	0.150
10.520	30.822	0.138
10.540	30.709	0.118
10.560	30.145	0.109
10.580	29.146	0.083
10.600	27.750	0.066
10.620	25.891	0.038
10.640	23.673	-0.358
10.660	21.154	-0.009
10.680	18.216	-0.019
10.700	15.063	-0.055
10.720	11.781	-0.061
10.740	8.156	-0.097
10.760	4.493	-0.105
10.780	0.787	-0.129
10.800	-2.962	-0.144
10.820	-6.668	-0.153
10.840	-10.245	-0.166
10.860	-13.715	-0.161
10.880	-16.948	-0.186
10.900	-19.972	-0.172
10.920	-22.663	-0.190
10.940	-25.016	-0.168
10.960	-27.041	-0.180
10.980	-28.620	-0.157
11.000	-29.812	-0.157
11.020	-30.570	-0.134
11.040	-30.854	-0.128
11.060	-30.693	-0.104
11.080	-30.102	-0.091
11.100	-29.071	-0.069
11.120	-27.578	-0.050
11.140	-25.677	-0.030
11.160	-23.442	-0.001
11.180	-20.843	0.013
11.200	-17.910	0.041
11.220	-14.714	0.058
11.240	-11.330	0.086
11.260	-7.764	0.100
11.280	-4.058	0.125
11.300	-0.330	0.134
11.320	3.413	0.157
11.340	7.098	0.162
11.360	10.680	0.177
11.380	14.107	0.179
11.400	17.319	0.187
11.420	20.284	0.189
11.440	22.980	0.192
11.460	25.279	0.183
11.480	27.240	0.177
11.500	28.776	0.166
11.520	29.887	0.158
11.540	30.596	0.142
11.560	30.833	0.129
11.580	30.645	0.113
11.600	29.968	0.096
11.620	28.888	0.071
11.640	27.347	0.047
11.660	25.462	0.030
11.680	23.227	0.005
11.700	20.520	-0.012
11.720	17.588	-0.040
11.740	14.381	-0.061
11.760	10.960	-0.082
11.780	7.404	-0.103
11.800	3.736	-0.121
11.820	0.013	-0.139
11.840	-3.736	-0.157
11.860	-7.415	-0.161
11.880	-10.981	-0.177
11.900	-14.381	-0.182
11.920	-17.577	-0.192
11.940	-20.542	-0.187
11.960	-23.174	-0.194
11.980	-25.456	-0.188
12.000	-27.368	-0.182
12.020	-28.905	-0.175
12.040	-29.984	-0.157
12.060	-30.607	-0.153
12.080	-30.811	-0.132
12.100	-30.575	-0.121
12.120	-29.898	-0.094
12.140	-28.749	-0.078
12.160	-27.180	-0.054
12.180	-25.231	-0.036
12.200	-22.889	-0.010
12.220	-20.225	0.013
12.240	-17.244	0.032
12.260	-14.021	0.056
12.280	-10.594	0.071
12.300	-6.980	0.097
12.320	-3.284	0.109
12.340	0.443	0.132
12.360	4.187	0.139
12.380	7.844	0.159
12.400	11.400	0.163
12.420	14.805	0.176
12.440	17.974	0.178
12.460	20.805	0.182
12.480	23.501	0.179
12.500	25.730	0.179
12.520	27.551	0.163
12.540	29.055	0.158
12.560	30.097	0.144
12.580	30.688	0.133
12.600	30.844	0.117
12.620	30.543	0.100
12.640	29.785	0.080
12.660	28.604	0.057
12.680	27.003	0.041
12.700	25.027	0.017
12.720	22.636	-0.005
12.740	19.924	-0.027
12.760	16.938	-0.050
12.780	13.672	-0.068
12.800	10.321	-0.094
12.820	6.652	-0.112
12.840	2.962	-0.132
12.860	-0.771	-0.144
12.880	-4.504	-0.162
12.900	-8.161	-0.166
12.920	-11.728	-0.186
12.940	-15.069	-0.182
12.960	-18.227	-0.197
12.980	-21.122	-0.186
13.000	-23.662	-0.197
13.020	-25.913	-0.181
13.040	-27.744	-0.187
13.060	-29.184	-0.166
13.080	-30.177	-0.162
13.100	-30.693	-0.143
13.120	-30.817	-0.132
13.140	-30.494	-0.109
13.160	-29.710	-0.093
13.180	-28.491	-0.070
13.200	-26.831	-0.050
13.220	-24.785	-0.028
13.240	-22.389	-0.003
13.260	-19.650	0.018
13.280	-16.605	0.042
13.300	-13.344	0.065
13.320	-9.945	0.084
13.340	-6.228	0.104
13.360	-2.522	0.119
13.380	1.233	0.140
13.400	4.955	0.154
13.420	8.586	0.165
13.440	12.125	0.174
13.460	15.477	0.184
13.480	18.597	0.185
13.500	21.460	0.192
13.520	23.985	0.179
13.540	26.144	0.180
13.560	27.938	0.167
13.580	29.307	0.162
13.600	30.253	0.143
13.620	30.752	0.139
13.640	30.801	0.121
13.660	30.414	0.109
13.680	29.576	0.084
13.700	28.308	0.068
13.720	26.606	0.046
13.740	24.554	0.026
13.760	22.073	-0.002
13.780	19.301	-0.017
13.800	16.261	-0.046
13.820	12.958	-0.061
13.840	9.483	-0.086
13.860	5.863	-0.105
13.880	2.162	-0.127
13.900	-1.593	-0.137
13.920	-5.282	-0.154
13.940	-8.940	-0.157
13.960	-12.442	-0.173
13.980	-15.778	-0.174
14.000	-18.882	-0.183
14.020	-21.702	-0.178
14.040	-24.194	-0.179
14.060	-26.348	-0.173
14.080	-28.110	-0.169
14.100	-29.458	-0.155
14.120	-30.376	-0.148
14.140	-30.763	-0.131
14.160	-30.827	-0.116
14.180	-30.382	-0.091
14.200	-29.522	-0.076
14.220	-28.201	-0.053
14.240	-26.450	-0.036
14.260	-24.339	-0.007
14.280	-21.842	0.011
14.300	-19.032	0.041
14.320	-15.933	0.057
14.340	-12.619	0.080
14.360	-9.107	0.100
14.380	-5.465	0.119
14.400	-1.743	0.132
14.420	2.017	0.152
14.440	5.734	0.163
14.460	9.348	0.179
14.480	12.770	0.182
14.500	16.154	0.190
14.520	19.199	0.195
14.540	22.019	0.199
14.560	24.473	0.188
14.580	26.552	0.187
14.600	28.212	0.179
14.620	29.549	0.169
14.640	30.403	0.154
14.660	30.817	0.142
14.680	30.758	0.126
14.700	30.301	0.110
14.720	29.340	0.088
14.740	27.965	0.064
14.760	26.257	0.042
14.780	24.081	0.023
14.800	21.530	-0.001
14.820	18.705	-0.022
14.840	15.600	-0.052
14.860	12.238	-0.066
14.880	8.747	-0.094
14.900	5.105	-0.104
14.920	1.405	-0.133
14.940	-2.350	-0.140
14.960	-6.045	-0.158
14.980	-9.687	-0.160
15.000	-13.124	-0.177
15.020	-16.438	-0.182
15.040	-19.489	-0.183
15.060	-22.250	-0.184
15.080	-24.656	-0.182
15.100	-26.729	-0.177
15.120	-28.389	-0.167
15.140	-29.640	-0.161
15.160	-30.457	-0.144
15.180	-30.817	-0.133
15.200	-30.747	-0.112
15.220	-30.210	-0.095
15.240	-29.254	-0.075
15.260	-27.846	-0.060
15.280	-25.999	-0.037
15.300	-23.807	-0.013
15.320	-21.245	0.009
15.340	-18.372	0.034
15.360	-15.235	0.055
15.380	-11.905	0.074
15.400	-8.344	0.092
15.420	-4.681	0.115
15.440	-0.937	0.128
15.460	2.801	0.144
15.480	6.491	0.157
15.500	10.090	0.169
15.520	13.479	0.170
15.540	16.814	0.186
15.560	19.827	0.181
15.580	22.583	0.193
15.600	24.925	0.183
15.620	26.939	0.174
15.640	28.555	0.161
15.660	29.759	0.152
15.680	30.516	-0.360
15.700	30.827	0.128
15.720	30.704	0.110
15.740	30.140	0.094
15.760	29.093	0.067
15.780	27.658	0.050
15.800	25.800	0.028
15.820	23.555	0.005
15.840	20.966	-0.021
15.860	18.082	-0.040
15.880	14.924	-0.064
15.900	11.540	-0.083
15.920	7.995	-0.109
15.940	4.337	-0.124
15.960	0.631	-0.144
15.980	-3.016	-0.158
16.000	-6.813	-0.167
16.020	-10.423	-0.180
16.040	-13.844	-0.188
16.060	-17.077	-0.194
16.080	-20.069	-0.190
16.100	-22.755	-0.197
16.120	-25.113	-0.190
16.140	-27.094	-0.187
16.160	-28.690	-0.174
16.180	-29.839	-0.167
16.200	-30.537	-0.154
16.220	-30.822	-0.138
16.240	-30.634	-0.122
16.260	-30.032	-0.100
16.280	-28.969	-0.085
16.300	-27.470	-0.061
16.320	-25.591	-0.041
16.340	-23.302	-0.016
16.360	-20.671	0.007
16.380	-17.733	0.034
16.400	-14.558	0.049
16.420	-11.164	0.074
16.440	-7.581	0.091
16.460	-3.891	0.113
16.480	-0.148	0.126
16.500	3.499	0.144
16.520	7.259	0.155
16.540	10.842	0.169
16.560	14.268	0.172
16.580	17.475	0.182
16.600	20.429	0.181
16.620	23.098	0.183
16.640	25.392	0.177
16.660	27.325	0.169
16.680	28.813	0.158
16.700	29.952	0.146
16.720	30.629	0.136
16.740	30.833	0.124
16.760	30.618	0.106
16.780	29.947	0.091
16.800	28.819	0.067
16.820	27.277	0.047
16.840	25.370	0.026
16.860	23.109	0.003
16.880	20.375	-0.020
16.900	17.437	-0.042
16.920	14.231	-0.067
16.940	10.815	-0.084
16.960	7.232	-0.106
16.980	3.569	-0.124
17.000	-0.175	-0.142
17.020	-3.805	-0.151
17.040	-7.581	-0.165
17.060	-11.062	-0.172
17.080	-14.456	-0.182
17.100	-17.727	-0.183
17.120	-20.590	-0.187
17.140	-23.286	-0.189
17.160	-25.564	-0.182
17.180	-27.497	0.074
17.200	-28.964	-0.168
17.220	-30.043	-0.161
17.240	-30.634	-0.140
17.260	-30.817	-0.129
17.280	-30.591	-0.103
17.300	-29.893	-0.095
17.320	-28.733	-0.066
17.340	-27.121	-0.049
17.360	-25.188	-0.025
17.380	-22.803	-0.003
17.400	-20.091	0.021
17.420	-17.126	0.045
17.440	-13.887	0.065
17.460	-10.423	0.086
17.480	-6.921	0.101
17.500	-3.129	0.125
17.520	0.636	0.138
17.540	4.262	0.158
17.560	8.016	0.167
17.580	11.486	0.177
17.600	14.945	0.186
17.620	18.039	0.193
17.640	21.004	0.195
17.660	23.533	0.190
17.680	25.827	0.189
17.700	27.642	0.174
17.720	29.119	0.170
17.740	30.129	0.154
17.760	30.709	0.152
17.780	30.833	0.125
17.800	30.505	0.120
17.820	29.732	0.091
17.840	28.572	0.081
17.860	26.901	0.046
17.880	24.919	0.043
17.900	22.583	0.002
17.920	19.795	-0.007
17.940	16.863	-0.043
17.960	13.527	-0.052
17.980	10.063	-0.081
18.000	6.561	-0.097
18.020	2.790	-0.119
18.040	-0.948	-0.136
18.060	-4.692	-0.143
18.080	-8.328	-0.161
18.100	-11.889	-0.157
18.120	-15.224	-0.185
18.140	-18.377	-0.168
18.160	-21.251	-0.194
18.180	-23.732	-0.168
18.200	-25.977	-0.183
18.220	-27.814	-0.160
18.240	-29.232	-0.165
18.260	-30.199	-0.144
18.280	-30.693	-0.134
18.300	-30.801	-0.118
18.320	-30.451	-0.097
18.340	-29.646	-0.084
18.360	-28.437	-0.053
18.380	-26.719	-0.046
18.400	-24.715	-0.009
18.420	-22.223	-0.006
18.440	-19.462	0.040
18.460	-16.422	0.042
18.480	-13.167	0.078
18.500	-9.751	0.085
18.520	-6.029	0.117
18.540	-2.318	0.127
18.560	1.421	0.148
18.580	5.041	0.159
18.600	8.768	0.172
18.620	12.206	0.177
18.640	15.643	0.186
18.660	18.673	0.191
18.680	21.600	0.193
18.700	24.033	0.190
18.720	26.240	0.179
18.740	28.002	0.177
18.760	29.372	0.163
18.780	30.290	0.154
18.800	30.752	0.138
18.820	30.790	0.125
18.840	30.387	0.108
18.860	29.544	0.088
18.880	28.265	0.063
18.900	26.525	0.042
18.920	24.506	0.023
18.940	21.960	-0.007
18.960	19.172	-0.022
18.980	16.137	-0.053
19.000	12.893	-0.066
19.020	9.332	-0.097
19.040	5.809	-0.104
19.060	2.001	-0.138
19.080	-1.727	-0.144
19.100	-5.342	-0.165
19.120	-9.096	-0.163
19.140	-12.501	-0.180
19.160	-15.885	-0.187
19.180	-18.979	-0.189
19.200	-21.729	-0.190
19.220	-24.210	-0.190
19.240	-26.396	-0.182
19.260	-28.099	-0.175
19.280	-29.458	-0.165
19.300	-30.333	-0.158
19.320	-30.758	-0.139
19.340	-30.758	-0.129
19.360	-30.296	-0.104
19.380	-29.420	-0.086
19.400	-28.061	-0.067
19.420	-26.305	-0.045
19.440	-24.226	-0.023
19.460	-21.756	-0.002
19.480	-18.844	0.024
19.500	-15.751	0.046
19.520	-12.528	0.064
19.540	-8.913	0.084
19.560	-5.261	0.108
19.580	-1.625	0.120
19.600	2.216	0.142
19.620	5.820	0.149
19.640	9.520	0.165
19.660	12.942	0.168
19.680	16.315	0.178
19.700	19.360	0.179
19.720	22.083	0.187
19.740	24.575	0.173
19.760	26.654	0.176
19.780	28.292	0.154
19.800	29.592	0.156
19.820	30.435	0.135
19.840	30.801	0.131
19.860	30.758	0.104
19.880	30.253	0.100
19.900	29.286	0.068
19.920	27.906	0.056
19.940	26.128	0.024
19.960	23.958	0.012
19.980	21.482	-0.019
20.000	18.571	-0.034
20.020	15.450	-0.062
20.040	12.179	-0.079
20.060	8.591	-0.100
20.080	5.035	-0.124
20.100	1.233	-0.134
20.120	-2.495	-0.158
20.140	-6.115	-0.160
20.160	-9.837	-0.182
20.180	-13.210	-0.177
20.200	-16.562	-0.197
20.220	-19.586	-0.186
20.240	-22.320	-0.203
20.260	-24.742	-0.185
20.280	-26.788	-0.190
20.300	-28.459	-0.176
20.320	-29.656	-0.169
20.340	-30.468	-0.154
20.360	-30.784	-0.138
20.380	-30.693	-0.125
20.400	-30.167	-0.099
20.420	-29.178	-0.087
20.440	-27.771	-0.057
20.460	-25.897	-0.046
20.480	-23.754	-0.012
20.500	-21.143	0.001
20.520	-18.238	0.032
20.540	-15.085	0.047
20.560	-11.728	0.072
20.580	-8.177	0.090
20.600	-4.595	0.112
20.620	-0.771	0.126
20.640	2.978	0.146
20.660	6.572	0.158
20.680	10.272	0.167
20.700	13.645	0.180
20.720	16.959	0.181
20.740	19.967	0.192
20.760	22.636	0.187
20.780	25.037	0.186
20.800	27.030	0.172
20.820	28.582	0.167
20.840	29.807	0.149
20.860	30.548	0.149
20.880	30.838	0.127
20.900	30.698	0.118
20.920	30.081	0.095
20.940	29.039	0.079
20.960	27.599	0.054
20.980	25.709	0.034
21.000	23.431	0.017
21.020	20.902	-0.010
21.040	17.937	-0.032
21.060	14.757	-0.059
21.080	11.443	-0.071
21.100	7.823	-0.102
21.120	4.246	-0.111
21.140	0.443	-0.139
21.160	-3.301	-0.142
21.180	-6.905	-0.161
21.200	-10.584	-0.165
21.220	-13.935	-0.174
21.240	-17.233	-0.181
21.260	-20.209	-0.178
21.280	-22.878	-0.184
21.300	-25.220	-0.172
21.320	-27.180	-0.174
21.340	-28.743	-0.157
21.360	-29.887	-0.157
21.380	-30.564	-0.136
21.400	-30.801	-0.128
21.420	-30.618	-0.103
21.440	-30.016	-0.087
21.460	-28.921	-0.061
21.480	-27.390	-0.050
21.500	-25.478	-0.021
21.520	-23.190	-0.002
21.540	-20.542	0.023
21.560	-17.598	0.044
21.580	-14.494	0.068
21.600	-11.073	0.087
21.620	-7.409	0.108
21.640	-3.709	0.127
21.660	-0.083	0.138
21.680	3.757	0.161
21.700	7.345	0.168
21.720	11.008	0.183
21.740	14.429	0.187
21.760	17.534	0.195
21.780	20.563	0.195
21.800	23.152	0.196
21.820	25.499	0.185
21.840	27.401	0.182
21.860	28.915	0.173
21.880	30.000	0.161
21.900	30.645	0.150
21.920	30.849	0.134
21.940	30.602	0.119
21.960	29.882	0.098
21.980	28.760	0.077
22.000	27.207	0.051
22.020	25.263	0.037
22.040	22.927	0.009
22.060	20.332	-0.007
22.080	17.303	-0.039
22.100	14.059	-0.053
22.120	10.734	-0.082
22.140	7.082	-0.097
22.160	3.483	-0.121
22.180	-0.336	-0.132
22.200	-4.079	-0.151
22.220	-7.753	-0.153
22.240	-11.212	-0.173
22.260	-14.687	-0.173
22.280	-17.786	-0.185
22.300	-20.783	-0.180
22.320	-23.383	-0.183
22.340	-25.580	-0.177
22.360	-27.519	-0.177
22.380	-29.023	-0.160
22.400	-30.059	-0.154
22.420	-30.645	-0.139
22.440	-30.817	-0.128
22.460	-30.516	-0.107
22.480	-29.802	-0.086
22.500	-28.620	-0.066
22.520	-27.009	-0.049
22.540	-24.989	-0.024
22.560	-22.653	-0.002
22.580	-19.929	0.020
22.600	-17.013	0.037
22.620	-13.699	0.064
22.640	-10.326	0.084
22.660	-6.620	0.104
22.680	-2.925	0.118
22.700	0.728	0.140
22.720	4.531	0.149
22.740	8.108	0.167
22.760	11.744	0.166
22.780	15.112	0.182
22.800	18.184	0.181
22.820	21.143	0.192
22.840	23.652	0.179
22.860	25.924	0.184
22.880	27.755	0.164
22.900	29.141	0.163
22.920	30.172	0.143
22.940	30.725	0.138
22.960	30.833	0.117
22.980	30.505	0.104
23.000	29.694	0.080
23.020	28.469	0.062
23.040	26.874	0.036
23.060	24.812	0.022
23.080	22.406	-0.007
23.100	19.725	-0.026
23.120	16.648	-0.051
23.140	13.452	-0.074
23.160	9.912	-0.095
23.180	6.308	-0.115
23.200	2.704	-0.132
23.220	-1.120	-0.153
23.240	-4.745	-0.166
23.260	-8.500	-0.172
23.280	-11.937	-0.186
23.300	-15.353	-0.188
23.320	-18.415	-0.199
23.340	-21.288	-0.190
23.360	-23.888	-0.200
23.380	-26.058	-0.182
23.400	-27.873	-0.189
23.420	-29.264	-0.165
23.440	-30.199	-0.168
23.460	-30.693	-0.141
23.480	-30.801	-0.137
23.500	-30.392	-0.107
23.520	-29.581	-0.097
23.540	-28.308	-0.069
23.560	-26.665	-0.054
23.580	-24.554	-0.026
23.600	-22.094	-0.003
23.620	-19.323	0.017
23.640	-16.261	0.038
23.660	-13.071	0.065
23.680	-9.493	0.080
23.700	-5.868	0.101
23.720	-2.130	0.119
23.740	1.603	0.133
23.760	5.325	0.149
23.780	8.854	0.163
23.800	12.474	0.171
23.820	15.788	0.178
23.840	18.812	0.179
23.860	21.723	0.186
23.880	24.151	0.176
23.900	26.337	0.171
23.920	28.077	0.161
23.940	29.393	0.159
23.960	30.301	0.144
23.980	30.784	0.136
24.000	30.795	0.113
24.020	30.365	0.101
24.040	29.474	0.075
24.060	28.201	0.063
24.080	26.434	0.034
24.100	24.334	0.018
24.120	21.831	-0.011
24.140	19.049	-0.028
24.160	15.982	-0.057
24.180	12.652	-0.068
24.200	9.155	-0.097
24.220	5.535	-0.115
24.240	1.915	-0.137
24.260	-1.904	-0.148
24.280	-5.513	-0.162
24.300	-9.252	-0.169
24.320	-12.678	-0.181
24.340	-16.041	-0.181
24.360	-19.070	-0.192
24.380	-21.911	-0.186
24.400	-24.377	-0.188
24.420	-26.461	-0.182
24.440	-28.233	-0.178
24.460	-29.485	-0.162
24.480	-30.392	-0.153
24.500	-30.747	-0.132
24.520	-30.758	-0.120
24.540	-30.296	-0.103
24.560	-29.383	-0.080
24.580	-28.008	-0.065
24.600	-26.224	-0.035
24.620	-24.108	-0.017
24.640	-21.578	0.006
24.660	-18.716	0.030
24.680	-15.606	0.055
24.700	-12.378	0.075
24.720	-8.747	0.093
24.740	-5.094	0.114
24.760	-1.469	0.127
24.780	2.285	0.147
24.800	6.088	0.157
24.820	9.692	0.175
24.840	13.178	0.178
24.860	16.460	0.187
24.880	19.489	0.190
24.900	22.207	0.194
24.920	24.683	0.183
24.940	26.735	0.184
24.960	28.357	0.171
24.980	29.651	0.166
25.000	30.441	0.153
25.020	30.827	0.140
25.040	30.731	0.121
25.060	30.231	0.106
25.080	29.227	0.083
25.100	27.857	0.064
25.120	26.031	0.042
25.140	23.845	0.020
25.160	21.337	-0.003
25.180	18.415	-0.024
25.200	15.294	-0.049
25.220	11.932	-0.066
25.240	8.494	-0.089
25.260	4.767	-0.111
25.280	1.039	-0.126
25.300	-2.592	-0.144
25.320	-6.400	-0.153
25.340	-9.998	-0.160
25.360	-13.457	-0.175
25.380	-16.728	-0.173
25.400	-19.672	-0.183
25.420	-22.459	-0.179
25.440	-24.839	-0.180
25.460	-26.880	-0.165
25.480	-28.480	-0.165
25.500	-29.726	-0.153
25.520	-30.484	-0.142
25.540	-30.801	-0.126
25.560	-30.677	-0.111
25.580	-30.129	-0.089
25.600	-29.109	-0.070
25.620	-27.675	-0.049
25.640	-25.854	-0.026
25.660	-23.571	-0.006
25.680	-20.988	0.017
25.700	-18.157	0.038
25.720	-14.929	0.059
25.740	-11.551	0.080
25.760	-8.075	0.101
25.780	-4.310	0.122
25.800	-0.674	0.133
25.820	3.161	0.155
25.840	6.754	0.163
25.860	10.433	-0.092
25.880	13.801	0.184
25.900	17.126	0.187
25.920	20.101	0.189
25.940	22.808	0.196
25.960	25.145	0.183
25.980	27.073	0.179
26.000	28.684	0.168
26.020	29.855	0.160
26.040	30.559	0.147
26.060	30.844	0.133
26.080	30.661	0.117
26.100	30.027	0.096
26.120	28.974	0.075
26.140	27.470	0.054
26.160	25.612	0.030
26.180	23.340	0.011
26.200	20.783	-0.012
26.220	17.792	-0.036
26.240	14.617	-0.057
26.260	11.293	-0.078
26.280	7.759	-0.097
26.300	4.004	-0.120
26.320	0.282	-0.139
26.340	-3.376	-0.152
26.360	-7.157	-0.162
26.380	-10.745	-0.172
26.400	-14.064	-0.183
26.420	-17.362	-0.189
26.440	-20.257	-0.193
26.460	-22.975	-0.188
26.480	-25.284	-0.187
26.500	-27.207	-0.181
26.520	-28.754	-0.169
26.540	-29.914	-0.159
26.560	-30.559	-0.148
26.580	-30.795	-0.132
26.600	-30.580	-0.117
26.620	-29.947	-0.096
26.640	-28.845	-0.078
26.660	-27.342	-0.057
26.680	-25.354	-0.033
26.700	-23.061	-0.014
26.720	-20.381	0.012
26.740	-17.507	0.031
26.760	-14.236	0.055
26.780	-10.804	0.071
26.800	-7.318	0.096
26.820	-3.531	0.109
26.840	0.218	0.129
26.860	3.843	0.145
26.880	7.603	0.157
26.900	11.180	0.167
26.920	14.489	0.172
26.940	17.770	0.179
26.960	20.703	0.179
26.980	23.276	0.183
27.000	25.591	0.173
27.020	27.449	0.164
27.040	28.969	0.156
27.060	30.022	0.145
27.080	30.661	0.136
27.100	30.844	0.119
27.120	30.591	0.102
27.140	29.850	0.083
27.160	28.700	0.061
27.180	27.121	0.042
27.200	25.231	0.022
27.220	22.798	-0.003
27.240	20.134	-0.028
27.260	17.147	-0.052
27.280	13.914	-0.071
27.300	10.568	-0.090
27.320	6.990	-0.113
27.340	3.209	-0.134
27.360	-0.518	-0.148
27.380	-4.160	-0.161
27.400	-7.925	-0.172
27.420	-11.400	-0.181
27.440	-14.848	-0.190
27.460	-18.033	-0.194
27.480	-20.869	-0.190
27.500	-23.458	-0.196
27.520	-25.757	-0.183
27.540	-27.637	-0.186
27.560	-29.055	-0.165
27.580	-30.113	-0.164
27.600	-30.666	-0.140
27.620	-30.827	-0.134
27.640	-30.543	-0.106
27.660	-29.828	-0.095
27.680	-28.593	-0.070
27.700	-26.992	-0.053
27.720	-24.935	-0.029
27.740	-22.561	-0.006
27.760	-19.833	0.018
27.780	-16.820	0.041
27.800	-13.554	0.060
27.820	-10.197	0.085
27.840	-6.582	0.097
27.860	-2.780	0.121
27.880	0.975	0.133
27.900	4.697	0.156
27.920	8.344	0.164
27.940	11.808	0.175
27.960	15.246	0.179
27.980	18.318	0.181
28.000	21.272	0.188
28.020	23.764	0.183
28.040	26.020	0.181
28.060	27.825	0.164
28.080	29.227	0.163
28.100	30.199	0.147
28.120	30.736	0.144
28.140	30.827	0.118
28.160	30.468	0.111
28.180	29.640	0.080
28.200	28.410	0.067
28.220	26.735	0.042
28.240	24.758	0.027
28.260	22.260	-0.003
28.280	19.505	-0.020
28.300	16.476	-0.048
28.320	13.194	-0.062
28.340	9.800	-0.084
28.360	6.104	-0.111
28.380	2.414	-0.123
28.400	-1.238	-0.146
28.420	-4.949	-0.147
28.440	-8.709	-0.170
28.460	-12.243	-0.161
28.480	-15.482	-0.186
28.500	-18.699	-0.174
28.520	-21.530	-0.185
28.540	-23.990	-0.177
28.560	-26.224	-0.171
28.580	-27.975	-0.168
28.600	-29.350	-0.159
28.620	-30.333	-0.149
28.640	-30.736	-0.128
28.660	-30.817	-0.121
28.680	-30.435	-0.094
28.700	-29.597	-0.082
28.720	-28.341	-0.054
28.740	-26.590	-0.037
28.760	-24.527	-0.012
28.780	-22.040	0.007
28.800	-19.237	0.036
28.820	-16.148	0.050
28.840	-12.872	0.076
28.860	-9.365	0.100
28.880	-5.803	0.117
28.900	-1.995	0.130
28.920	1.662	0.152
28.940	5.385	0.163
28.960	9.107	0.178
28.980	12.533	0.187
29.000	15.944	0.187
29.020	19.006	0.195
29.040	21.836	0.196
29.060	24.242	0.192
29.080	26.428	0.190
29.100	28.110	0.176
29.120	29.474	0.171
29.140	30.355	0.158
29.160	30.801	0.141
29.180	30.774	0.125
29.200	30.317	0.110
29.220	29.426	0.088
29.240	28.077	0.063
29.260	26.337	0.047
29.280	24.280	0.027
29.300	21.707	-0.003
29.320	18.898	-0.017
29.340	15.901	-0.047
29.360	12.480	-0.065
29.380	8.978	-0.084
29.400	5.449	-0.108
29.420	1.641	-0.122
29.440	-1.995	-0.142
29.460	-5.696	-0.152
29.480	-9.450	-0.165
29.500	-12.931	-0.167
29.520	-16.121	-0.184
29.540	-19.280	-0.180
29.560	-22.067	-0.186
29.580	-24.511	-0.179
29.600	-26.525	-0.180
29.620	-28.308	-0.165
29.640	-29.522	-0.160
29.660	-30.435	-0.144
29.680	-30.795	-0.129
29.700	-30.752	-0.115
29.720	-30.280	-0.091
29.740	-29.345	-0.076
29.760	-27.975	-0.054
29.780	-26.165	-0.036
29.800	-24.017	-0.015
29.820	-21.444	0.011
29.840	-18.656	0.032
29.860	-15.471	0.055
29.880	-12.136	0.072
29.900	-8.586	0.096
29.920	-4.933	0.111
29.940	-1.195	0.130
29.960	2.463	0.145
29.980	6.163	0.159
30.000	9.853	0.171
30.020	13.339	0.179
30.040	16.530	0.182
30.060	19.639	0.186
30.080	22.341	0.187
30.100	24.790	0.182
30.120	26.826	0.175
30.140	28.421	0.169
30.160	29.667	0.155
30.180	30.489	0.142
30.200	30.827	0.130
30.220	30.731	0.116
30.240	30.194	0.092
30.260	29.173	0.074
30.280	27.782	0.046
30.300	25.934	0.032
30.320	23.727	0.007
30.340	21.149	-0.011
30.360	18.361	-0.039
30.380	15.133	-0.060
30.400	11.771	-0.083
30.420	8.237	-0.099
30.440	4.692	-0.124
30.460	0.873	-0.140
30.480	-2.849	-0.157
30.500	-6.475	-0.166
30.520	-10.176	-0.180
30.540	-13.538	-0.182
30.560	-16.771	-0.193
30.580	-19.876	-0.190
30.600	-22.508	-0.198
30.620	-24.951	-0.187
30.640	-26.923	-0.190
30.660	-28.598	-0.173
30.680	-29.759	-0.169
30.700	-30.521	-0.153
30.720	-30.795	-0.138
30.740	-30.688	-0.120
30.760	-30.097	-0.107
30.780	-29.066	-0.082
30.800	-27.594	-0.062
30.820	-25.709	-0.039
30.840	-23.464	-0.018
30.860	-20.934	0.008
30.880	-17.942	0.027
30.900	-14.838	0.048
30.920	-11.384	0.071
30.940	-7.828	0.092
30.960	-4.144	0.109
30.980	-0.406	0.124
31.000	3.338	0.139
31.020	7.012	0.156
31.040	10.594	0.164
31.060	13.968	0.174
31.080	17.185	0.179
31.100	20.236	0.183
31.120	22.862	0.182
31.140	25.236	0.183
31.160	27.207	0.167
31.180	28.717	0.158
31.200	29.893	0.149
31.220	30.591	0.140
31.240	30.849	0.124
31.260	30.656	0.108
31.280	30.000	0.088
31.300	28.942	0.067
31.320	27.406	0.047
31.340	25.521	0.025
31.360	23.276	0.002
31.380	20.579	-0.020
31.400	17.657	-0.043
31.420	14.531	-0.062
31.440	11.035	-0.082
31.460	7.490	-0.106
31.480	3.795	-0.126
31.500	0.083	-0.142
31.520	-3.660	-0.157
31.540	-7.350	-0.163
31.560	-10.933	-0.172
31.580	-14.236	-0.178
31.600	-17.459	-0.189
31.620	-20.488	-0.187
31.640	-23.055	-0.191
31.660	-25.392	-0.184
31.680	-27.395	-0.184
31.700	-28.888	-0.169
31.720	-30.006	-0.163
31.740	-30.639	-0.142
31.760	-30.838	-0.128
31.780	-30.634	-0.107
31.800	-29.963	-0.093
31.820	-28.856	-0.073
31.840	-27.282	-0.053
31.860	-25.284	-0.028
31.880	-23.039	-0.009
31.900	-20.381	0.016
31.920	-17.330	0.039
31.940	-14.193	0.061
31.960	-10.680	0.083
31.980	-7.082	0.103
32.000	-3.489	0.119
32.020	0.357	0.136
32.040	3.999	0.154
32.060	7.753	0.167
32.080	11.244	0.178
32.100	14.730	0.182
32.120	17.824	0.188
32.140	20.826	0.192
32.160	23.394	0.188
32.180	25.682	0.188
32.200	27.567	0.176
32.220	28.996	0.168
32.240	30.059	0.155
32.260	30.682	0.143
32.280	30.838	0.126
32.300	30.553	0.118
32.320	29.807	0.094
32.340	28.631	0.080
32.360	27.078	0.052
32.380	25.059	0.038
32.400	22.669	0.007
32.420	20.053	-0.010
32.440	16.986	-0.037
32.460	13.812	-0.053
32.480	10.299	-0.082
32.500	6.717	-0.093
32.520	3.102	-0.123
32.540	-0.712	-0.133
32.560	-4.450	-0.148
32.580	-8.027	-0.157
32.600	-11.653	-0.164
32.620	-14.934	-0.174
32.640	-18.173	-0.175
32.660	-21.084	-0.183
32.680	-23.646	-0.175
32.700	-25.816	-0.175
32.720	-27.744	-0.166
32.740	-29.141	-0.161
32.760	-30.172	-0.147
32.780	-30.709	-0.133
32.800	-30.854	-0.115
32.820	-30.510	-0.097
32.840	-29.759	-0.080
32.860	-28.561	-0.061
32.880	-26.853	-0.041
32.900	-24.892	-0.017
32.920	-22.432	0.001
32.940	-19.768	0.032
32.960	-16.675	0.047
32.980	-13.484	0.071
33.000	-9.912	0.088
33.020	-6.314	0.112
33.040	-2.683	0.124
33.060	1.152	0.146
33.080	4.783	0.156
33.100	8.532	0.173
33.120	12.061	0.180
33.140	15.332	0.186
33.160	18.549	0.194
33.180	21.401	0.194
33.200	23.888	0.188
33.220	26.112	0.188
33.240	27.900	0.176
33.260	29.259	0.167
33.280	30.220	0.151
33.300	30.747	0.142
33.320	30.822	0.126
33.340	30.441	0.107
33.360	29.592	0.090
33.380	28.341	0.068
33.400	26.686	0.043
33.420	24.597	0.027
33.440	22.142	-0.004
33.460	19.457	-0.015
33.480	16.347	-0.050
33.500	13.033	-0.060
33.520	9.655	-0.093
33.540	5.948	-0.106
33.560	2.361	-0.129
33.580	-1.480	-0.143
33.600	-5.218	-0.157
33.620	-8.758	-0.164
33.640	-12.351	-0.179
33.660	-15.686	-0.184
33.680	-18.716	-0.190
33.700	-21.621	-0.190
33.720	-24.065	-0.186
33.740	-26.257	-0.182
33.760	-28.056	-0.176
33.780	-29.345	-0.165
33.800	-30.301	-0.150
33.820	-30.736	-0.140
33.840	-30.774	-0.125
33.860	-30.365	-0.103
33.880	-29.517	-0.084
33.900	-28.212	-0.066
33.920	-26.455	-0.046
33.940	-24.339	-0.024
33.960	-21.927	-0.000
33.980	-19.113	0.024
34.000	-15.982	0.046
34.020	-12.673	0.066
34.040	-9.246	0.084
34.060	-5.513	0.104
34.080	-1.791	0.120
34.100	1.845	0.139
34.120	5.664	0.150
34.140	9.193	0.163
34.160	12.775	0.171
34.180	16.100	0.180
34.200	19.092	0.179
34.220	21.960	0.183
34.240	24.420	0.181
34.260	26.514	0.174
34.280	28.217	0.159
34.300	29.501	0.151
34.320	30.382	0.135
34.340	30.806	0.132
34.360	30.774	0.110
34.380	30.306	0.098
34.400	29.366	0.071
34.420	28.056	0.050
34.440	26.246	0.030
34.460	24.114	0.011
34.480	21.578	-0.017
34.500	18.764	-0.033
34.520	15.676	-0.059
34.540	12.421	-0.076
34.560	8.822	-0.103
34.580	5.186	-0.117
34.600	1.582	-0.140
34.620	-2.162	-0.150
34.640	-5.981	-0.168
34.660	-9.520	-0.175
34.680	-13.087	-0.186
34.700	-16.352	-0.193
34.720	-19.339	-0.192
34.740	-22.169	-0.193
34.760	-24.586	-0.189
34.780	-26.611	-0.188
34.800	-28.357	-0.177
34.820	-29.571	-0.166
34.840	-30.446	-0.153
34.860	-30.779	-0.139
34.880	-30.715	-0.124
34.900	-30.231	-0.101
34.920	-29.259	-0.085
34.940	-27.900	-0.064
34.960	-26.036	-0.044
34.980	-23.856	-0.016
35.000	-21.321	0.003
35.020	-18.426	0.030
35.040	-15.380	0.049
35.060	-11.969	0.070
35.080	-8.430	0.093
35.100	-4.740	0.109
35.120	-1.120	0.125
35.140	2.715	0.142
35.160	6.421	0.154
35.180	9.928	0.171
35.200	13.490	0.175
35.220	16.755	0.182
35.240	19.688	0.185
35.260	22.529	0.186
35.280	24.882	0.183
35.300	26.864	0.175
35.320	28.529	0.167
35.340	29.742	0.155
35.360	30.505	0.144
35.380	30.833	0.132
35.400	30.715	0.116
35.420	30.145	0.096
35.440	29.119	0.077
35.460	27.718	0.053
35.480	25.832	0.040
35.500	23.603	0.013
35.520	21.009	-0.013
35.540	18.211	-0.031
35.560	14.988	-0.058
35.580	11.679	-0.076
35.600	8.054	-0.099
35.620	4.385	-0.118
35.640	0.765	-0.140
35.660	-3.080	-0.147
35.680	-6.754	-0.159
35.700	-10.283	-0.166
35.720	-13.720	-0.176
35.740	-17.045	-0.179
35.760	-19.978	-0.184
35.780	-22.739	-0.184
35.800	-25.091	-0.174
35.820	-27.057	-0.177
35.840	-28.700	-0.164
35.860	-29.828	-0.157
35.880	-30.580	-0.139
35.900	-30.817	-0.128
35.920	-30.688	-0.108
35.940	-30.102	-0.090
35.960	-29.076	-0.068
35.980	-27.551	-0.052
36.000	-25.698	-0.027
36.020	-23.383	-0.006
36.040	-20.837	0.017
36.060	-17.840	0.046
36.080	-14.655	0.063
36.100	-11.346	0.085
36.120	-7.678	0.105
36.140	-3.988	0.122
36.160	-0.357	0.138
36.180	3.483	0.158
36.200	7.178	0.167
36.220	10.670	0.179
36.240	14.193	0.183
36.260	17.405	0.192
36.280	20.359	0.195
36.300	23.039	0.192
36.320	25.333	0.187
36.340	27.245	0.179
36.360	28.813	0.174
36.380	29.941	0.161
36.400	30.613	0.150
36.420	30.838	0.135
36.440	30.634	0.120
36.460	29.968	0.099
36.480	28.851	0.080
36.500	27.325	0.057
36.520	25.462	0.038
36.540	23.093	0.013
36.560	20.434	-0.008
36.580	17.496	-0.033
36.600	14.279	-0.056
36.620	10.863	-0.076
36.640	7.302	-0.091
36.660	3.730	-0.114
36.680	0.003	-0.135
36.700	-3.838	-0.147
36.720	-7.522	-0.158
36.740	-10.987	-0.170
36.760	-14.478	-0.173
36.780	-17.598	-0.183
36.800	-20.612	-0.180
36.820	-23.265	-0.182
36.840	-25.515	-0.177
36.860	-27.444	-0.177
36.880	-28.942	-0.163
36.900	-30.043	-0.158
36.920	-30.634	-0.136
36.940	-30.854	-0.129
36.960	-30.570	-0.102
36.980	-29.909	-0.090
37.000	-28.743	-0.066
37.020	-27.164	-0.049
37.040	-25.225	-0.026
37.060	-22.851	-0.003
37.080	-20.150	0.022
37.100	-17.158	0.041
37.120	-13.962	0.063
37.140	-10.578	0.085
37.160	-6.883	0.103
37.180	-3.193	0.123
37.200	0.465	0.140
37.220	4.289	0.150
37.240	7.930	0.164
37.260	11.502	0.174
37.280	14.875	0.182
37.300	17.974	0.183
37.320	20.966	0.188
37.340	23.560	0.186
37.360	25.779	0.184
37.380	27.637	0.171
37.400	29.087	0.167
37.420	30.118	0.153
37.440	30.688	0.143
37.460	30.833	0.122
37.480	30.548	0.108
37.500	29.785	0.084
37.520	28.572	0.065
37.540	26.944	0.039
37.560	25.016	0.025
37.580	22.561	-0.007
37.600	19.860	-0.020
37.620	16.922	-0.051
37.640	13.592	-0.070
37.660	10.143	-0.089
37.680	6.641	-0.113
37.700	2.871	-0.130
37.720	-0.857	-0.149
37.740	-4.493	-0.155
37.760	-8.274	-0.176
37.780	-11.792	-0.178
37.800	-15.155	-0.194
37.820	-18.313	-0.187
37.840	-21.095	-0.198
37.860	-23.678	-0.192
37.880	-25.956	-0.192
37.900	-27.718	-0.182
37.920	-29.200	-0.171
37.940	-30.161	-0.161
37.960	-30.682	-0.145
37.980	-30.811	-0.134
38.000	-30.468	-0.110
38.020	-29.667	-0.099
38.040	-28.437	-0.070
38.060	-26.740	-0.057
38.080	-24.763	-0.028
38.100	-22.303	-0.013
38.120	-19.596	0.019
38.140	-16.573	0.034
38.160	-13.221	0.059
38.180	-9.832	0.079
38.200	-6.115	0.098
38.220	-2.495	0.115
38.240	1.260	0.129
38.260	5.057	0.148
38.280	8.613	0.160
38.300	12.243	0.171
38.320	15.573	0.175
38.340	18.603	0.183
38.360	21.471	0.183
38.380	24.049	0.181
38.400	26.203	0.174
38.420	27.932	0.162
38.440	29.345	0.153
38.460	30.274	0.139
38.480	30.758	0.129
38.500	30.811	0.113
38.520	30.408	0.100
38.540	29.571	0.078
38.560	28.265	0.060
38.580	26.563	0.034
38.600	24.549	0.019
38.620	22.083	-0.011
38.640	19.237	-0.027
38.660	16.191	-0.057
38.680	12.969	-0.067
38.700	9.488	-0.100
38.720	5.777	-0.108
38.740	2.081	-0.136
38.760	-1.571	-0.146
38.780	-5.379	-0.166
38.800	-8.940	-0.169
38.820	-12.528	-0.182
38.840	-15.847	-0.187
38.860	-18.941	-0.188
38.880	-21.680	-0.191
38.900	-24.237	-0.190
38.920	-26.310	-0.186
38.940	-28.136	-0.177
38.960	-29.474	-0.166
38.980	-30.349	-0.153
39.000	-30.752	-0.140
39.020	-30.779	-0.119
39.040	-30.349	-0.108
39.060	-29.479	-0.083
39.080	-28.142	-0.065
39.100	-26.375	-0.043
39.120	-24.312	-0.018
39.140	-21.777	0.005
39.160	-19.016	0.026
39.180	-15.933	0.051
39.200	-12.539	0.071
39.220	-9.031	0.093
39.240	-5.465	0.113
39.260	-1.635	0.124
39.280	2.108	0.142
39.300	5.728	0.153
39.320	9.434	0.170
39.340	12.850	0.177
39.360	16.159	0.186
39.380	19.285	0.185
39.400	22.083	0.192
39.420	24.468	0.183
39.440	26.606	0.184
39.460	28.244	0.169
39.480	29.549	0.163
39.500	30.414	0.147
39.520	30.806	0.139
39.540	30.758	0.120
39.560	30.253	0.104
39.580	29.307	0.084
39.600	27.932	0.064
39.620	26.214	0.045
39.640	23.995	0.020
39.660	21.460	-0.003
39.680	18.689	-0.020
39.700	15.509	-0.050
39.720	12.147	-0.063
39.740	8.720	-0.091
39.760	4.992	-0.109
39.780	1.276	-0.128
39.800	-2.366	-0.137
39.820	-6.072	-0.154
39.840	-9.794	-0.160
39.860	-13.253	-0.173
39.880	-16.524	-0.176
39.900	-19.575	-0.178
39.920	-22.244	-0.177
39.940	-24.672	-0.175
39.960	-26.740	-0.169
39.980	-28.475	-0.164
40.000	-29.662	-0.155
40.020	-30.494	-0.140
40.040	-30.795	-0.127
40.060	-30.747	-0.111
40.080	-30.210	-0.092
40.100	-29.227	-0.071
40.120	-27.803	-0.050
40.140	-25.977	-0.028
40.160	-23.823	-0.006
40.180	-21.208	0.017
40.200	-18.393	0.039
40.220	-15.165	0.056
40.240	-11.803	0.080
40.260	-8.258	0.099
40.280	-4.568	0.119
40.300	-0.857	0.134
40.320	2.898	0.154
40.340	6.588	0.165
40.360	10.181	0.178
40.380	13.570	0.184
40.400	16.830	0.192
40.420	19.903	0.194
40.440	22.583	0.200
40.460	24.941	0.187
40.480	26.998	0.184
40.500	28.598	0.171
40.520	29.753	0.163
40.540	30.537	0.149
40.560	30.833	0.131
40.580	30.698	0.122
40.600	30.118	0.100
40.620	29.055	0.079
40.640	27.594	0.055
40.660	25.752	0.034
40.680	23.550	0.017
40.700	20.885	-0.009
40.720	17.996	-0.032
40.740	14.832	-0.052
40.760	11.524	-0.075
40.780	7.904	-0.099
40.800	4.337	-0.111
40.820	0.610	-0.132
40.840	-3.209	-0.147
40.860	-6.926	-0.161
40.880	-10.503	-0.171
40.900	-13.946	-0.177
40.920	-17.153	-0.186
40.940	-20.171	-0.185
40.960	-22.760	-0.186
40.980	-25.113	-0.181
41.000	-27.154	-0.177
41.020	-28.690	-0.165
41.040	-29.823	-0.161
41.060	-30.570	-0.143
41.080	-30.811	-0.129
41.100	-30.672	-0.111
41.120	-30.032	-0.099
41.140	-28.964	-0.074
41.160	-27.417	-0.053
41.180	-25.537	-0.032
41.200	-23.286	-0.011
41.220	-20.601	0.009
41.240	-17.717	0.034
41.260	-14.558	0.054
41.280	-11.056	0.077
41.300	-7.479	0.097
41.320	-3.881	0.115
41.340	-0.056	0.128
41.360	3.596	0.145
41.380	7.356	0.158
41.400	10.847	0.170
41.420	14.360	0.174
41.440	17.566	0.183
41.460	20.510	0.183
41.480	23.104	0.183
41.500	25.451	0.176
41.520	27.368	0.172
41.540	28.845	0.160
41.560	29.984	0.149
41.580	30.634	0.136
41.600	30.844	0.124
41.620	30.618	0.107
41.640	29.936	0.086
41.660	28.792	0.065
41.680	27.223	0.046
41.700	25.322	0.025
41.720	23.039	-0.003
41.740	20.300	-0.024
41.760	17.437	-0.049
41.780	14.129	-0.065
41.800	10.713	-0.091
41.820	7.141	-0.106
41.840	3.553	-0.128
41.860	-0.255	-0.144
41.880	-3.891	-0.162
41.900	-7.673	-0.170
41.920	-11.239	-0.182
41.940	-14.537	-0.186
41.960	-17.819	-0.195
41.980	-20.757	-0.194
42.000	-23.270	-0.194
42.020	-25.548	-0.187
42.040	-27.519	-0.186
42.060	-29.007	-0.170
42.080	-30.054	-0.166
42.100	-30.634	-0.148
42.120	-30.795	-0.136
42.140	-30.543	-0.115
42.160	-29.834	-0.096
42.180	-28.668	-0.081
42.200	-27.057	-0.055
42.220	-25.080	-0.034
42.240	-22.712	-0.009
42.260	-19.999	0.011
42.280	-17.018	0.038
42.300	-13.774	0.053
42.320	-10.315	0.077
42.340	-6.792	0.094
42.360	-3.021	0.114
42.380	0.717	0.131
42.400	4.471	0.146
42.420	8.113	0.162
42.440	11.674	0.171
42.460	14.961	0.177
42.480	18.119	0.183
42.500	21.090	0.186
42.520	23.673	0.182
42.540	25.816	0.176
42.560	27.718	0.163
42.580	29.114	0.160
42.600	30.129	0.143
42.620	30.720	0.139
42.640	30.833	0.122
42.660	30.505	0.108
42.680	29.726	0.082
42.700	28.496	0.059
42.720	26.869	0.044
42.740	24.914	0.020
42.760	22.443	0.001
42.780	19.715	-0.023
42.800	16.777	-0.047
42.820	13.414	-0.067
42.840	9.971	-0.085
42.860	6.464	-0.109
42.880	2.677	-0.128
42.900	-0.980	-0.148
42.920	-4.794	-0.157
42.940	-8.382	-0.169
42.960	-11.991	-0.176
42.980	-15.257	-0.182
43.000	-18.485	-0.190
43.020	-21.353	-0.187
43.040	-23.823	-0.186
43.060	-26.031	-0.177
43.080	-27.895	-0.175
43.100	-29.264	-0.160
43.120	-30.269	-0.156
43.140	-30.736	-0.135
43.160	-30.817	-0.128
43.180	-30.489	-0.102
43.200	-29.662	-0.086
43.220	-28.443	-0.062
43.240	-26.756	-0.046
43.260	-24.651	-0.017
43.280	-22.196	0.002
43.300	-19.425	0.029
43.320	-16.374	0.053
43.340	-13.189	0.073
43.360	-9.595	0.093
43.380	-5.959	0.110
43.400	-2.350	0.125
43.420	1.507	0.149
43.440	5.121	0.161
43.460	8.849	0.172
43.480	12.383	0.182
43.500	15.638	0.188
43.520	18.742	0.195
43.540	21.664	0.193
43.560	24.167	0.193
43.580	26.246	0.185
43.600	28.045	0.176
43.620	29.372	0.168
43.640	30.290	0.152
43.660	30.779	0.145
43.680	30.795	0.127
43.700	30.392	0.114
43.720	29.511	0.088
43.740	28.196	0.071
43.760	26.520	0.051
43.780	24.382	0.030
43.800	21.885	0.001
43.820	19.102	-0.016
43.840	16.025	-0.047
43.860	12.711	-0.059
43.880	9.225	-0.088
43.900	5.589	-0.100
43.920	1.995	-0.122
43.940	-1.754	-0.136
43.960	-5.551	-0.153
43.980	-9.117	-0.161
44.000	-12.689	-0.169
44.020	-15.912	-0.177
44.040	-19.086	-0.175
44.060	-21.895	-0.183
44.080	-24.275	-0.173
44.100	-26.402	-0.174
44.120	-28.201	-0.165
44.140	-29.506	-0.160
44.160	-30.349	-0.144
44.180	-30.763	-0.133
44.200	-30.774	-0.111
44.220	-30.301	-0.101
44.240	-29.415	-0.077
44.260	-28.083	-0.057
44.280	-26.316	-0.034
44.300	-24.156	-0.014
44.320	-21.686	0.009
44.340	-18.769	0.034
44.360	-15.767	0.052
44.380	-12.356	0.076
44.400	-8.849	0.094
44.420	-5.175	0.116
44.440	-1.437	0.129
44.460	2.296	0.148
44.480	5.916	0.162
44.500	9.526	0.174
44.520	13.108	0.182
44.540	16.309	0.184
44.560	19.430	0.189
44.580	22.212	0.193
44.600	24.575	0.184
44.620	26.708	0.180
44.640	28.330	0.170
44.660	29.597	0.165
44.680	30.430	0.146
44.700	30.822	0.136
44.720	30.752	0.118
44.740	30.247	0.104
44.760	29.254	0.081
44.780	27.906	0.057
44.800	26.117	0.034
44.820	23.893	0.014
44.840	21.342	-0.010
44.860	18.554	-0.028
44.880	15.369	-0.055
44.900	12.002	-0.071
44.920	8.570	-0.096
44.940	4.933	-0.114
44.960	1.125	-0.138
44.980	-2.613	-0.148
45.000	-6.222	-0.164
45.020	-9.848	-0.174
45.040	-13.387	-0.185
45.060	-16.567	-0.188
45.080	-19.677	-0.190
45.100	-22.395	-0.190
45.120	-24.806	-0.190
45.140	-26.858	-0.185
45.160	-28.459	-0.177
45.180	-29.689	-0.165
45.200	-30.451	-0.155
45.220	-30.790	-0.139
45.240	-30.704	-0.120
45.260	-30.161	-0.106
45.280	-29.152	-0.085
45.300	-27.728	-0.064
45.320	-25.843	-0.041
45.340	-23.684	-0.018
45.360	-21.047	0.005
45.380	-18.205	0.025
45.400	-15.069	0.048
45.420	-11.626	0.067
45.440	-8.059	0.091
45.460	-4.391	0.104
45.480	-0.647	0.124
45.500	3.096	0.138
45.520	6.770	0.155
45.540	10.364	0.161
45.560	13.823	0.174
45.580	16.975	0.178
45.600	20.053	0.179
45.620	22.765	0.184
45.640	25.043	0.177
45.660	27.035	0.167
45.680	28.663	0.159
45.700	29.807	0.150
45.720	30.553	0.138
45.740	30.833	0.126
45.760	30.682	0.104
45.780	30.081	0.091
45.800	29.001	0.066
45.820	27.524	0.049
45.840	25.644	0.024
45.860	23.378	0.005
45.880	20.832	-0.020
45.900	17.851	-0.042
45.920	14.682	-0.063
45.940	11.363	-0.086
45.960	7.737	-0.105
45.980	4.155	-0.128
46.000	0.336	-0.145
46.020	-3.386	-0.158
46.040	-6.985	-0.165
46.060	-10.670	-0.179
46.080	-14.016	-0.186
46.100	-17.303	-0.194
46.120	-20.203	-0.189
46.140	-22.943	-0.189
46.160	-25.209	-0.186
46.180	-27.223	-0.185
46.200	-28.765	-0.173
46.220	-29.909	-0.163
46.240	-30.591	-0.146
46.260	-30.817	-0.135
46.280	-30.623	-0.116
46.300	-30.006	-0.095
46.320	-28.888	-0.078
46.340	-27.411	-0.056
46.360	-25.419	-0.039
46.380	-23.206	-0.015
46.400	-20.483	0.011
46.420	-17.604	0.034
46.440	-14.338	0.060
46.460	-10.927	0.077
46.480	-7.307	0.099
46.500	-3.639	0.114
46.520	0.110	0.136
46.540	3.854	0.149
46.560	7.522	0.161
46.580	11.083	0.172
46.600	14.429	0.179
46.620	17.620	0.183
46.640	20.622	0.186
46.660	23.281	0.189
46.680	25.489	0.178
46.700	27.454	0.170
46.720	28.937	0.160
46.740	30.011	0.150
46.760	30.650	0.140
46.780	30.844	0.129
46.800	30.596	0.113
46.820	29.882	0.091
46.840	28.722	0.075
46.860	27.202	0.050
46.880	25.204	0.034
46.900	22.851	0.006
46.920	20.171	-0.011
46.940	17.281	-0.040
46.960	13.962	-0.057
46.980	10.627	-0.079
47.000	7.044	-0.096
47.020	3.268	-0.119
47.040	-0.379	-0.136
47.060	-4.187	-0.148
47.080	-7.802	-0.161
47.100	-11.438	-0.165
47.120	-14.811	-0.176
47.140	-18.001	-0.177
47.160	-20.912	-0.180
47.180	-23.480	-0.176
47.200	-25.682	-0.173
47.220	-27.589	-0.172
47.240	-29.098	-0.157
47.260	-30.102	-0.150
47.280	-30.688	-0.135
47.300	-30.822	-0.120
47.320	-30.559	-0.103
47.340	-29.834	-0.082
47.360	-28.636	-0.058
47.380	-27.046	-0.041
47.400	-25.032	-0.020
47.420	-22.615	0.004
47.440	-19.962	0.030
47.460	-16.889	0.048
47.480	-13.720	0.072
47.500	-10.159	0.091
47.520	-6.652	0.113
47.540	-2.855	0.125
47.560	0.808	0.146
47.580	4.627	0.158
47.600	8.285	0.175
47.620	11.808	0.181
47.640	15.198	0.190
47.660	18.340	0.193
47.680	21.219	0.196
47.700	23.775	0.191
47.720	25.929	0.188
47.740	27.787	0.179
47.760	29.173	0.174
47.780	30.177	0.158
47.800	30.720	0.148
47.820	30.822	0.131
47.840	30.489	0.115
47.860	29.689	0.092
47.880	28.437	0.074
47.900	26.810	0.051
47.920	24.806	0.027
47.940	22.320	0.006
47.960	19.650	-0.012
47.980	16.621	-0.042
48.000	13.259	-0.060
48.020	9.810	-0.083
48.040	6.303	-0.103
48.060	2.495	-0.122
48.080	-1.227	-0.139
48.100	-4.847	-0.149
48.120	-8.516	-0.161
48.140	-12.147	-0.172
48.160	-15.482	-0.182
48.180	-18.597	-0.182
48.200	-21.444	-0.183
48.220	-23.974	-0.180
48.240	-26.171	-0.177
48.260	-27.900	-0.171
48.280	-29.307	-0.164
48.300	-30.237	-0.148
48.320	-30.741	-0.136
48.340	-30.811	-0.119
48.360	-30.403	-0.101
48.380	-29.597	-0.084
48.400	-28.303	-0.063
48.420	-26.622	-0.043
48.440	-24.559	-0.020
48.460	-22.062	0.001
48.480	-19.323	0.028
48.500	-16.197	0.046
48.520	-12.931	0.069
48.540	-9.488	0.088
48.560	-5.771	0.105
48.580	-2.049	0.122
48.600	1.705	0.141
48.620	5.320	0.157
48.640	9.037	0.165
48.660	12.469	0.176
48.680	15.874	0.180
48.700	18.968	0.187
48.720	21.734	0.187
48.740	24.264	0.183
48.760	26.385	0.179
48.780	28.077	0.171
48.800	29.452	0.158
48.820	30.349	0.149
48.840	30.784	0.133
48.860	30.790	0.117
48.880	30.360	0.099
48.900	29.436	0.078
48.920	28.126	0.056
48.940	26.385	0.032
48.960	24.275	0.015
48.980	21.761	-0.015
49.000	19.049	-0.030
49.020	15.885	-0.061
49.040	12.566	-0.074
49.060	9.069	-0.105
49.080	5.433	-0.112
49.100	1.738	-0.142
49.120	-2.011	-0.147
49.140	-5.712	-0.171
49.160	-9.354	-0.173
49.180	-12.834	-0.187
49.200	-16.127	-0.191
49.220	-19.215	-0.194
49.240	-21.987	-0.195
49.260	-24.447	-0.190
49.280	-26.541	-0.189
49.300	-28.265	-0.178
49.320	-29.544	-0.172
49.340	-30.387	-0.156
49.360	-30.758	-0.146
49.380	-30.741	-0.122
49.400	-30.269	-0.111
49.420	-29.340	-0.083
49.440	-27.970	-0.070
49.460	-26.171	-0.046
49.480	-24.065	-0.026
49.500	-21.487	-0.002
49.520	-18.705	0.025
49.540	-15.520	0.045
49.560	-12.190	0.067
49.580	-8.741	0.082
49.600	-5.003	0.109
49.620	-1.270	0.119
49.640	2.484	0.139
49.660	6.190	0.147
49.680	9.778	0.164
49.700	13.269	0.168
49.720	16.535	0.179
49.740	19.570	0.179
49.760	22.341	0.185
49.780	24.747	0.171
49.800	26.799	0.175
49.820	28.400	0.163
49.840	29.673	0.158
49.860	30.468	0.138
49.880	30.827	0.131
49.900	30.725	0.112
49.920	30.199	0.100
49.940	29.200	0.072
49.960	27.782	0.052
49.980	25.972	0.034
50.000	23.781	0.011
50.020	21.202	-0.015
50.040	18.409	-0.035
50.060	15.208	-0.060
50.080	11.851	-0.075
50.100	8.306	-0.097
50.120	4.654	-0.119
50.140	0.932	-0.138
50.160	-2.806	-0.153
50.180	-6.507	-0.165
50.200	-10.111	-0.175
50.220	-13.570	-0.185
50.240	-16.820	-0.186
50.260	-19.849	-0.191
50.280	-22.556	-0.187
50.300	-24.930	-0.186
50.320	-26.966	-0.176
50.340	-28.550	-0.172
50.360	-29.796	-0.160
50.380	-30.532	-0.151
50.400	-30.822	-0.133
50.420	-30.693	-0.121
50.440	-30.151	-0.095
50.460	-29.114	-0.081
50.480	-27.664	-0.061
50.500	-25.805	-0.034
50.520	-23.609	-0.016
50.540	-20.961	0.012
50.560	-18.119	0.030
50.580	-14.870	0.059
50.600	-11.491	0.076
50.620	-7.941	0.103
50.640	-4.246	0.114
50.660	-0.508	0.129
50.680	3.236	0.150
50.700	6.931	0.162
50.720	10.525	0.174
50.740	13.968	0.182
50.760	17.196	0.187
50.780	20.177	0.187
50.800	22.873	0.196
50.820	25.204	0.181
50.840	27.170	0.181
50.860	28.722	0.168
50.880	29.877	0.165
50.900	30.580	0.146
50.920	30.838	0.133
50.940	30.650	0.117
50.960	30.011	0.100
50.980	28.942	0.081
51.000	27.406	0.055
51.020	25.548	0.041
51.040	23.254	0.013
51.060	20.622	-0.004
51.080	17.770	-0.033
51.100	14.510	-0.049
51.120	11.094	-0.082
51.140	7.544	-0.085
51.160	3.870	-0.125
51.180	0.148	-0.121
51.200	-3.591	-0.153
51.220	-7.195	-0.146
51.240	-10.874	-0.175
51.260	-14.284	-0.166
51.280	-17.475	-0.185
51.300	-20.445	-0.178
51.320	-23.098	-0.183
51.340	-25.397	-0.178
51.360	-27.331	-0.165
51.380	-28.856	-0.165
51.400	-29.979	-0.147
51.420	-30.661	-0.143
51.440	-30.827	-0.118
51.460	-30.629	-0.113
51.480	-29.968	-0.082
51.500	-28.840	-0.067
51.520	-27.299	-0.045
51.540	-25.322	-0.024
51.560	-23.018	-0.004
51.580	-20.370	0.027
51.600	-17.367	0.042
51.620	-14.241	0.070
51.640	-10.729	0.079
51.660	-7.146	0.111
51.680	-3.435	0.117
51.700	0.293	0.142
51.720	4.031	0.149
51.740	7.699	0.172
51.760	11.260	0.172
51.780	14.666	0.185
51.800	17.851	0.185
51.820	20.767	0.199
51.840	23.388	0.185
51.860	25.644	0.187
51.880	27.530	0.174
51.900	29.007	0.171
51.920	30.059	0.154
51.940	30.682	0.149
51.960	30.833	0.127
51.980	30.559	0.115
52.000	29.818	0.089
52.020	28.657	0.072
52.040	27.068	0.046
52.060	25.113	0.031
52.080	22.728	0.001
52.100	20.031	-0.013
52.120	17.056	-0.047
52.140	13.898	-0.057
52.160	10.374	-0.090
52.180	6.883	-0.097
52.200	3.107	-0.134
52.220	-0.615	-0.133
52.240	-4.337	-0.168
52.260	-8.032	-0.153
52.280	-11.583	-0.190
52.300	-14.929	-0.172
52.320	-18.109	-0.201
52.340	-20.993	-0.178
52.360	-23.582	-0.194
52.380	-25.816	-0.178
52.400	-27.675	-0.182
52.420	-29.093	-0.169
52.440	-30.118	-0.157
52.460	-30.672	-0.144
52.480	-30.833	-0.130
52.500	-30.494	-0.117
52.520	-29.742	-0.090
52.540	-28.518	-0.073
52.560	-26.906	-0.053
52.580	-24.865	-0.030
52.600	-22.454	-0.008
52.620	-19.747	0.018
52.640	-16.718	0.029
52.660	-13.463	0.063
52.680	-9.971	0.075
52.700	-6.453	0.106
52.720	-2.661	0.104
52.740	1.093	0.138
52.760	4.815	0.140
52.780	8.457	0.167
52.800	11.996	0.162
52.820	15.369	0.179
52.840	18.469	0.175
52.860	21.353	0.189
52.880	23.904	0.177
52.900	26.026	0.176
52.920	27.879	0.160
52.940	29.232	0.158
52.960	30.226	0.143
52.980	30.752	0.133
53.000	30.817	0.117
53.020	30.451	0.097
53.040	29.608	0.080
53.060	28.367	0.058
53.080	26.681	0.037
53.100	24.645	0.013
53.120	22.266	-0.010
53.140	19.441	-0.035
53.160	16.411	-0.057
53.180	13.205	-0.074
53.200	9.644	-0.097
53.220	6.029	-0.109
53.240	2.328	-0.145
53.260	-1.399	-0.142
53.280	-5.121	-0.177
53.300	-8.784	-0.165
53.320	-12.276	-0.194
53.340	-15.627	-0.179
53.360	-18.742	-0.209
53.380	-21.546	-0.182
53.400	-24.065	-0.206
53.420	-26.214	-0.180
53.440	-28.013	-0.191
53.460	-29.372	-0.169
53.480	-30.274	-0.162
53.500	-30.709	-0.144
53.520	-30.779	-0.130
53.540	-30.376	-0.115
53.560	-29.528	-0.088
53.580	-28.212	-0.071
53.600	-26.482	-0.045
53.620	-24.398	-0.029
53.640	-21.933	-0.004
53.660	-19.113	0.018
53.680	-16.046	0.040
53.700	-12.823	0.066
53.720	-9.236	0.081
53.740	-5.605	0.108
53.760	-1.877	0.115
53.780	1.866	0.140
53.800	5.583	0.146
53.820	9.193	0.169
53.840	12.711	0.168
53.860	16.019	0.183
53.880	19.097	0.177
53.900	21.911	0.190
53.920	24.371	0.175
53.940	26.471	0.183
53.960	28.190	0.158
53.980	29.511	0.166
54.000	30.371	0.144
54.020	30.795	0.139
54.040	30.768	0.114
54.060	30.312	0.104
54.080	29.388	0.077
54.100	28.088	0.059
54.120	26.278	0.041
54.140	24.156	0.020
54.160	21.637	-0.008
54.180	18.818	-0.027
54.200	15.719	-0.052
54.220	12.383	-0.072
54.240	8.886	-0.092
54.260	5.245	-0.111
54.280	1.539	-0.134
54.300	-2.210	-0.139
54.320	-5.916	-0.167
54.340	-9.558	-0.160
54.360	-13.022	-0.187
54.380	-16.331	-0.177
54.400	-19.365	-0.198
54.420	-22.164	-0.173
54.440	-24.608	-0.191
54.460	-26.659	-0.170
54.480	-28.378	-0.175
54.500	-29.624	-0.153
54.520	-30.478	-0.151
54.540	-30.811	-0.129
54.560	-30.779	-0.119
54.580	-30.269	-0.099
54.600	-29.323	-0.075
54.620	-27.954	-0.057
54.640	-26.128	-0.035
54.660	-23.931	-0.012
54.680	-21.423	0.012
54.700	-18.544	0.034
54.720	-15.402	0.058
54.740	-12.066	0.080
54.760	-8.505	0.099
54.780	-4.842	0.117
54.800	-1.115	0.128
54.820	2.618	0.156
54.840	6.341	0.159
54.860	9.939	0.178
54.880	13.414	0.179
54.900	16.685	0.192
54.920	19.709	0.192
54.940	22.470	0.198
54.960	24.780	0.187
54.980	26.869	0.185
55.000	28.496	0.171
55.020	29.726	0.167
55.040	30.478	0.152
55.060	30.827	0.142
55.080	30.709	0.119
55.100	30.145	0.105
55.120	29.141	0.084
55.140	27.712	0.063
55.160	25.886	0.037
55.180	23.652	0.021
55.200	21.079	-0.005
55.220	18.184	-0.026
55.240	15.047	-0.053
55.260	11.669	-0.067
55.280	8.129	-0.094
55.300	4.573	-0.107
55.320	0.760	-0.129
55.340	-2.984	-0.140
55.360	-6.690	-0.157
55.380	-10.294	-0.156
55.400	-13.720	-0.177
55.420	-16.954	-0.175
55.440	-19.978	-0.186
55.460	-22.685	-0.179
55.480	-25.043	-0.182
55.500	-27.030	-0.171
55.520	-28.663	-0.165
55.540	-29.818	-0.155
55.560	-30.543	-0.144
55.580	-30.844	-0.129
55.600	-30.682	-0.107
55.620	-30.097	-0.092
55.640	-29.023	-0.072
55.660	-27.567	-0.052
55.680	-25.671	-0.026
55.700	-23.421	-0.011
55.720	-20.783	0.013
55.740	-17.867	0.034
55.760	-14.703	0.059
55.780	-11.395	0.083
55.800	-7.748	0.099
55.820	-4.047	0.119
55.840	-0.303	0.132
55.860	3.413	0.153
55.880	7.119	0.157
55.900	10.697	0.176
55.920	14.118	0.182
55.940	17.341	0.185
55.960	20.327	0.187
55.980	22.980	0.195
56.000	25.252	0.180
56.020	27.261	0.176
56.040	28.792	0.164
56.060	29.887	0.154
56.080	30.596	0.144
56.100	30.838	0.130
56.120	30.634	0.111
56.140	29.963	0.092
56.160	28.878	0.069
56.180	27.342	0.042
56.200	25.456	0.028
56.220	23.152	0.003
56.240	20.504	-0.016
56.260	17.550	-0.045
56.280	14.365	-0.064
56.300	10.949	-0.086
56.320	7.383	-0.105
56.340	3.709	-0.123
56.360	-0.019	-0.144
56.380	-3.746	-0.155
56.400	-7.431	-0.170
56.420	-11.003	-0.173
56.440	-14.408	-0.190
56.460	-17.604	-0.187
56.480	-20.531	-0.199
56.500	-23.184	-0.190
56.520	-25.403	-0.190
56.540	-27.395	-0.183
56.560	-28.915	-0.176
56.580	-29.984	-0.164
56.600	-30.613	-0.148
56.620	-30.806	-0.137
56.640	-30.575	-0.116
56.660	-29.904	-0.098
56.680	-28.754	-0.077
56.700	-27.186	-0.062
56.720	-25.188	-0.036
56.740	-22.884	-0.012
56.760	-20.209	0.009
56.780	-17.206	0.030
56.800	-13.984	0.054
56.820	-10.562	0.071
56.840	-6.974	0.096
56.860	-3.258	0.112
56.880	0.491	0.127
56.900	4.203	0.142
56.920	7.866	0.154
56.940	11.427	0.167
56.960	14.827	0.172
56.980	17.990	0.179
57.000	20.891	0.181
57.020	23.523	0.181
57.040	25.687	0.174
57.060	27.599	0.167
57.080	29.066	0.156
57.100	30.102	0.146
57.120	30.682	0.133
57.140	30.849	0.123
57.160	30.543	0.104
57.180	29.775	0.084
57.200	28.598	0.063
57.220	26.992	0.040
57.240	25.005	0.021
57.260	22.599	-0.005
57.280	19.897	-0.028
57.300	16.906	-0.049
57.320	13.656	-0.070
57.340	10.208	-0.087
57.360	6.631	-0.111
57.380	3.016	-0.128
57.400	-0.798	-0.150
57.420	-4.525	-0.156
57.440	-8.108	-0.172
57.460	-11.739	-0.178
57.480	-15.090	-0.188
57.500	-18.259	-0.193
57.520	-21.138	-0.195
57.540	-23.711	-0.190
57.560	-25.924	-0.185
57.580	-27.771	-0.182
57.600	-29.189	-0.167
57.620	-30.172	-0.161
57.640	-30.715	-0.143
57.660	-30.822	-0.128
57.680	-30.494	-0.106
57.700	-29.716	-0.092
57.720	-28.475	-0.067
57.740	-26.837	-0.047
57.760	-24.758	-0.025
57.780	-22.363	0.001
57.800	-19.618	0.020
57.820	-16.583	0.046
57.840	-13.334	0.064
57.860	-9.832	0.088
57.880	-6.196	0.104
57.900	-2.495	0.121
57.920	1.249	0.137
57.940	4.971	0.155
57.960	8.602	0.167
57.980	12.141	0.176
58.000	15.504	0.179
58.020	18.608	0.184
58.040	21.476	0.188
58.060	24.006	0.186
58.080	26.160	0.179
58.100	27.938	0.171
58.120	29.329	0.166
58.140	30.237	0.153
58.160	30.758	0.142
58.180	30.817	0.125
58.200	30.414	0.112
58.220	29.592	0.088
58.240	28.287	0.071
58.260	26.595	0.049
58.280	24.586	0.030
58.300	22.078	-0.001
58.320	19.290	-0.016
58.340	16.240	-0.047
58.360	12.931	-0.063
58.380	9.461	-0.085
58.400	5.852	-0.105
58.420	2.135	-0.124
58.440	-1.598	-0.139
58.460	-5.325	-0.148
58.480	-8.994	-0.164
58.500	-12.474	-0.164
58.520	-15.794	-0.178
58.540	-18.904	-0.175
58.560	-21.723	-0.183
58.580	-24.226	-0.177
58.600	-26.343	-0.175
58.620	-28.131	-0.163
58.640	-29.452	-0.158
58.660	-30.349	-0.143
58.680	-30.784	-0.131
58.700	-30.806	-0.114
58.720	-30.365	-0.097
58.740	-29.522	-0.074
58.760	-28.185	-0.051
58.780	-26.428	-0.035
58.800	-24.302	-0.011
58.820	-21.847	0.009
58.840	-19.000	0.037
58.860	-15.906	0.057
58.880	-12.609	0.077
58.900	-9.101	0.097
58.920	-5.438	0.119
58.940	-1.700	0.133
58.960	2.022	0.150
58.980	5.755	0.164
59.000	9.370	0.178
59.020	12.866	0.183
59.040	16.164	0.188
59.060	19.220	0.196
59.080	22.046	0.194
59.100	24.479	0.191
59.120	26.520	0.184
59.140	28.265	0.177
59.160	29.560	0.165
59.180	30.387	0.154
59.200	30.806	0.138
59.220	30.758	0.126
59.240	30.263	0.105
59.260	29.334	0.086
59.280	27.965	0.060
59.300	26.198	0.043
59.320	24.044	0.019
59.340	21.514	-0.006
59.360	18.678	-0.027
59.380	15.584	-0.051
59.400	12.227	-0.070
59.420	8.720	-0.092
59.440	5.073	-0.108
59.460	1.367	-0.131
59.480	-2.371	-0.144
59.500	-6.083	-0.156
59.520	-9.703	-0.164
59.540	-13.178	-0.182
59.560	-16.454	-0.184
59.580	-19.494	-0.190
59.600	-22.244	-0.183
59.620	-24.651	-0.182
59.640	-26.676	-0.176
59.660	-28.427	-0.169
59.680	-29.646	-0.159
59.700	-30.451	-0.149
59.720	-30.801	-0.136
59.740	-30.752	-0.120
59.760	-30.220	-0.096
59.780	-29.232	-0.077
59.800	-27.836	-0.057
59.820	-25.972	-0.037
59.840	-23.802	-0.013
59.860	-21.267	0.009
59.880	-18.356	0.029
59.900	-15.230	0.055
59.920	-11.873	0.070
59.940	-8.317	0.098
59.960	-4.659	0.111
59.980	-0.900	0.129
60.000	2.817	0.146
60.020	6.529	0.157
60.040	10.111	0.169
60.060	13.592	0.176
60.080	16.836	0.182
60.100	19.774	0.183
60.120	22.594	0.186
60.140	24.946	0.179
60.160	26.917	0.172
60.180	28.566	0.162
60.200	29.769	0.155
60.220	30.510	0.138
60.240	30.827	0.129
60.260	30.704	0.109
60.280	30.097	0.091
60.300	29.082	0.071
60.320	27.621	0.047
60.340	25.784	0.028
60.360	23.550	0.005
60.380	20.950	-0.020
60.400	18.050	-0.042
60.420	14.891	-0.065
60.440	11.529	-0.084
60.460	7.968	-0.106
60.480	4.316	-0.123
60.500	0.594	-0.144
60.520	-3.145	-0.158
60.540	-6.829	-0.170
60.560	-10.428	-0.182
60.580	-13.865	-0.187
60.600	-17.094	-0.194
60.620	-20.096	-0.194
60.640	-22.765	-0.194
60.660	-25.107	-0.191
60.680	-27.127	-0.186
60.700	-28.695	-0.179
60.720	-29.834	-0.169
60.740	-30.553	-0.153
60.760	-30.801	-0.138
60.780	-30.629	-0.116
60.800	-30.032	-0.103
60.820	-28.980	-0.083
60.840	-27.449	-0.058
60.860	-25.558	-0.041
60.880	-23.281	-0.013
60.900	-20.660	0.004
60.920	-17.727	0.031
60.940	-14.537	0.053
60.960	-11.132	0.072
60.980	-7.549	0.095
61.000	-3.859	0.110
61.020	-0.132	0.127
61.040	3.601	0.148
61.060	7.297	0.155
61.080	10.863	0.170
61.100	14.284	0.174
61.120	17.496	0.180
61.140	20.450	0.183
61.160	23.050	0.181
61.180	25.403	0.178
61.200	27.336	0.172
61.220	28.813	0.165
61.240	29.952	0.150
61.260	30.623	0.138
61.280	30.838	0.125
61.300	30.618	0.105
61.320	29.930	0.092
61.340	28.813	0.067
61.360	27.277	0.048
61.380	25.397	0.021
61.400	23.034	0.006
61.420	20.359	-0.024
61.440	17.405	-0.034
61.460	14.193	-0.066
61.480	10.777	-0.082
61.500	7.211	-0.105
61.520	3.521	-0.120
61.540	-0.201	-0.140
61.560	-3.945	-0.157
61.580	-7.624	-0.162
61.600	-11.207	-0.177
61.620	-14.494	-0.177
61.640	-17.760	-0.190
61.660	-20.724	-0.183
61.680	-23.324	-0.192
61.700	-25.596	-0.178
61.720	-27.519	-0.185
61.740	-28.980	-0.166
61.760	-30.075	-0.159
61.780	-30.688	-0.138
61.800	-30.817	-0.127
61.820	-30.607	-0.105
61.840	-29.882	-0.090
61.860	-28.743	-0.067
61.880	-27.132	-0.045
61.900	-25.156	-0.028
61.920	-22.798	0.001
61.940	-20.101	0.018
61.960	-17.115	0.049
61.980	-13.882	0.063
62.000	-10.428	0.087
62.020	-6.819	0.104
62.040	-3.107	0.125
62.060	0.631	0.140
62.080	4.267	0.158
62.100	8.027	0.171
62.120	11.577	0.182
62.140	14.967	0.185
62.160	18.130	0.196
62.180	21.025	0.193
62.200	23.614	0.192
62.220	25.832	0.186
62.240	27.685	0.180
62.260	29.087	0.169
62.280	30.135	0.158
62.300	30.709	0.151
62.320	30.822	0.131
62.340	30.505	0.118
62.360	29.732	0.096
62.380	28.561	0.080
62.400	26.880	0.057
62.420	24.903	0.036
62.440	22.540	0.005
62.460	19.768	-0.012
62.480	16.766	-0.038
62.500	13.581	-0.053
62.520	10.031	-0.081
62.540	6.443	-0.097
62.560	2.753	-0.121
62.580	-0.980	-0.128
62.600	-4.622	-0.149
62.620	-8.392	-0.152
62.640	-11.937	-0.172
62.660	-15.267	-0.170
62.680	-18.399	-0.182
62.700	-21.299	-0.176
62.720	-23.818	-0.177
62.740	-26.042	-0.173
62.760	-27.868	-0.166
62.780	-29.259	-0.161
62.800	-30.226	-0.146
62.820	-30.731	-0.136
62.840	-30.849	-0.117
62.860	-30.468	-0.098
62.880	-29.694	-0.076
62.900	-28.416	-0.059
62.920	-26.724	-0.036
62.940	-24.672	-0.014
62.960	-22.244	0.009
62.980	-19.489	0.030
63.000	-16.492	0.050
63.020	-13.162	0.071
63.040	-9.660	0.092
63.060	-6.115	0.117
63.080	-2.302	0.127
63.100	1.431	0.151
63.120	5.159	0.157
63.140	8.790	0.175
63.160	12.319	0.179
63.180	15.654	0.186
63.200	18.748	0.188
63.220	21.616	0.194
63.240	24.114	0.189
63.260	26.257	0.189
63.280	28.013	0.175
63.300	29.377	0.167
63.320	30.290	0.151
63.340	30.768	0.142
63.360	30.795	0.125
63.380	30.387	0.105
63.400	29.511	0.085
63.420	28.212	0.064
63.440	26.520	0.042
63.460	24.490	0.022
63.480	21.949	-0.004
63.500	19.161	-0.022
63.520	16.111	-0.052
63.540	12.781	-0.066
63.560	9.289	-0.095
63.580	5.675	-0.105
63.600	1.974	-0.132
63.620	-1.759	-0.140
63.640	-5.470	-0.162
63.660	-9.112	-0.161
63.680	-12.609	-0.182
63.700	-15.837	-0.180
63.720	-19.016	-0.194
63.740	-21.804	-0.185
63.760	-24.275	-0.190
63.780	-26.418	-0.180
63.800	-28.163	-0.174
63.820	-29.479	-0.165
63.840	-30.355	-0.153
63.860	-30.752	-0.140
63.880	-30.768	-0.125
63.900	-30.328	-0.105
63.920	-29.415	-0.087
63.940	-28.072	-0.065
63.960	-26.300	-0.043
63.980	-24.226	-0.020
64.000	-21.680	-0.000
64.020	-18.850	0.028
64.040	-15.815	0.042
64.060	-12.431	0.067
64.080	-8.897	0.088
64.100	-5.336	0.107
64.120	-1.539	0.121
64.140	2.237	0.138
64.160	5.938	0.149
64.180	9.542	0.166
64.200	13.049	0.167
64.220	16.331	0.179
64.240	19.376	0.179
64.260	22.153	0.183
64.280	24.597	0.177
64.300	26.665	0.175
64.320	28.341	0.163
64.340	29.597	0.158
64.360	30.430	0.140
64.380	30.822	0.130
64.400	30.752	0.109
64.420	30.242	0.096
64.440	29.270	0.070
64.460	27.895	0.052
64.480	26.117	0.029
64.500	23.995	0.010
64.520	21.390	-0.015
64.540	18.538	-0.035
64.560	15.418	-0.065
64.580	12.072	-0.078
64.600	8.564	-0.105
64.620	4.912	-0.115
64.640	1.211	-0.144
64.660	-2.538	-0.153
64.680	-6.249	-0.170
64.700	-9.864	-0.175
64.720	-13.323	-0.186
64.740	-16.519	-0.191
64.760	-19.634	-0.197
64.780	-22.368	-0.192
64.800	-24.774	-0.190
64.820	-26.815	-0.184
64.840	-28.480	-0.175
64.860	-29.699	-0.167
64.880	-30.468	-0.153
64.900	-30.801	-0.140
64.920	-30.698	-0.120
64.940	-30.167	-0.103
64.960	-29.211	-0.082
64.980	-27.755	-0.061
65.000	-25.881	-0.041
65.020	-23.695	-0.016
65.040	-21.100	0.005
65.060	-18.232	0.031
65.080	-15.079	0.049
65.100	-11.728	0.072
65.120	-8.156	0.092
65.140	-4.482	0.112
65.160	-0.744	0.125
65.180	2.994	0.147
65.200	6.684	0.156
65.220	10.288	0.171
65.240	13.742	0.173
65.260	16.986	0.184
65.280	19.908	0.180
65.300	22.717	0.190
65.320	25.048	0.181
65.340	27.052	0.176
65.360	28.636	0.166
65.380	29.812	0.157
65.400	30.548	0.143
65.420	30.838	0.133
65.440	30.688	0.114
65.460	30.081	0.100
65.480	29.028	0.072
65.500	27.535	0.053
65.520	25.693	0.034
65.540	23.485	0.013
65.560	20.810	-0.012
65.580	17.910	-0.030
65.600	14.816	-0.057
65.620	11.341	-0.074
65.640	7.791	-0.099
65.660	4.112	-0.115
65.680	0.491	-0.138
65.700	-3.349	-0.149
65.720	-7.039	-0.163
65.740	-10.632	-0.170
65.760	-14.043	-0.173
65.780	-17.212	-0.184
65.800	-20.257	-0.180
65.820	-22.927	-0.182
65.840	-25.258	-0.179
65.860	-27.229	-0.169
65.880	-28.808	-0.165
65.900	-29.930	-0.149
65.920	-30.618	-0.142
65.940	-30.817	-0.125
65.960	-30.672	-0.111
65.980	-30.049	-0.086
66.000	-28.948	-0.069
66.020	-27.422	-0.047
66.040	-25.499	-0.023
66.060	-23.254	-0.002
66.080	-20.569	0.025
66.100	-17.598	0.045
66.120	-14.408	0.069
66.140	-10.997	0.084
66.160	-7.409	0.105
66.180	-3.709	0.122
66.200	-0.056	0.142
66.220	3.773	0.157
66.240	7.442	0.169
66.260	11.024	0.182
66.280	14.429	0.185
66.300	17.631	0.195
66.320	20.585	0.193
66.340	23.222	0.198
66.360	25.510	0.190
66.380	27.406	0.184
66.400	28.915	0.171
66.420	30.011	0.162
66.440	30.645	0.150
66.460	30.844	0.133
66.480	30.596	0.117
66.500	29.877	0.102
66.520	28.749	0.079
66.540	27.213	0.059
66.560	25.252	0.035
66.580	22.910	0.009
66.600	20.230	-0.010
66.620	17.265	-0.035
66.640	14.123	-0.051
66.660	10.621	-0.079
66.680	7.033	-0.092
66.700	3.349	-0.121
66.720	-0.277	-0.126
66.740	-4.101	-0.157
66.760	-7.694	-0.153
66.780	-11.352	-0.175
66.800	-14.736	-0.168
66.820	-17.835	-0.189
66.840	-20.832	-0.173
66.860	-23.421	-0.189
66.880	-25.698	-0.173
66.900	-27.573	-0.175
66.920	-29.050	-0.162
66.940	-30.102	-0.148
66.960	-30.666	-0.136
66.980	-30.844	-0.122
67.000	-30.543	-0.107
67.020	-29.802	-0.082
67.040	-28.647	-0.064
67.060	-27.019	-0.048
67.080	-25.016	-0.022
67.100	-22.647	-0.002
67.120	-20.005	0.023
67.140	-16.943	0.042
67.160	-13.704	0.067
67.180	-10.304	0.082
67.200	-6.625	0.109
67.220	-2.919	0.119
67.240	0.841	0.144
67.260	4.557	0.149
67.280	8.124	0.171
67.300	11.755	0.171
67.320	15.128	0.187
67.340	18.270	0.182
67.360	21.159	0.192
67.380	23.738	0.179
67.400	25.940	0.187
67.420	27.766	0.167
67.440	29.178	0.167
67.460	30.135	0.146
67.480	30.720	0.145
67.500	30.827	0.115
67.520	30.489	0.109
67.540	29.678	0.080
67.560	28.464	0.067
67.580	26.810	0.038
67.600	24.796	0.026
67.620	22.427	-0.008
67.640	19.634	-0.021
67.660	16.610	-0.054
67.680	13.339	-0.069
67.700	9.869	-0.097
67.720	6.281	-0.107
67.740	2.586	-0.136
67.760	-1.157	-0.144
67.780	-4.880	-0.165
67.800	-8.521	-0.170
67.820	-12.066	-0.184
67.840	-15.396	-0.188
67.860	-18.528	-0.197
67.880	-21.401	-0.192
67.900	-23.909	-0.194
67.920	-26.095	-0.186
67.940	-27.900	-0.183
67.960	-29.286	-0.165
67.980	-30.242	-0.160
68.000	-30.698	-0.144
68.020	-30.801	-0.134
68.040	-30.408	-0.108
68.060	-29.597	-0.097
68.080	-28.308	-0.068
68.100	-26.616	-0.054
68.120	-24.527	-0.028
68.140	-22.164	-0.010
68.160	-19.323	0.022
68.180	-16.266	0.038
68.200	-12.974	0.062
68.220	-9.461	0.079
68.240	-5.836	0.104
68.260	-2.130	0.115
68.280	1.614	0.134
68.300	5.347	0.147
68.320	8.962	0.163
68.340	12.490	0.167
68.360	15.815	0.175
68.380	18.823	0.179
68.400	21.740	0.179
68.420	24.226	0.175
68.440	26.343	0.172
68.460	28.083	0.166
68.480	29.431	0.156
68.500	30.328	0.142
68.520	30.790	0.131
68.540	30.784	0.111
68.560	30.360	0.100
68.580	29.458	0.074
68.600	28.142	0.059
68.620	26.428	0.030
68.640	24.318	0.016
68.660	21.820	-0.012
68.680	19.027	-0.028
68.700	15.955	-0.061
68.720	12.705	-0.070
68.740	9.134	-0.103
68.760	5.508	-0.107
68.780	1.797	-0.141
68.800	-1.931	-0.148
68.820	-5.637	-0.169
68.840	-9.300	-0.169
68.860	-12.770	-0.184
68.880	-16.084	-0.188
68.900	-19.172	-0.190
68.920	-21.901	-0.191
68.940	-24.414	-0.191
68.960	-26.514	-0.184
68.980	-28.255	-0.178
69.000	-29.533	-0.170
69.020	-30.414	-0.149
69.040	-30.779	-0.140
69.060	-30.774	-0.119
69.080	-30.306	-0.104
69.100	-29.399	-0.080
69.120	-28.018	-0.066
69.140	-26.246	-0.037
69.160	-24.081	-0.016
69.180	-21.573	0.003
69.200	-18.732	0.036
69.220	-15.606	0.050
69.240	-12.383	0.076
69.260	-8.763	0.090
69.280	-5.094	0.113
69.300	-1.362	0.122
69.320	2.382	0.147
69.340	6.094	0.155
69.360	9.692	0.173
69.380	13.183	0.172
69.400	16.487	0.188
69.420	19.500	0.183
69.440	22.277	0.192
69.460	24.688	0.179
69.480	26.745	0.178
69.500	28.405	0.164
69.520	29.651	0.160
69.540	30.462	0.147
69.560	30.827	0.139
69.580	30.731	0.120
69.600	30.199	0.101
69.620	29.216	0.084
69.640	27.803	0.062
69.660	26.058	0.046
69.680	23.813	0.017
69.700	21.245	-0.006
69.720	18.393	-0.026
69.740	15.257	-0.049
69.760	11.878	-0.065
69.780	8.457	-0.093
69.800	4.719	-0.107
69.820	1.007	-0.136
69.840	-2.747	-0.139
69.860	-6.437	-0.159
69.880	-10.079	-0.161
69.900	-13.516	-0.176
69.920	-16.771	-0.173
69.940	-19.790	-0.186
69.960	-22.508	-0.176
69.980	-24.908	-0.177
70.000	-26.928	-0.170
70.020	-28.577	-0.166
70.040	-29.775	-0.153
70.060	-30.521	-0.143
70.080	-30.833	-0.128
70.100	-30.725	-0.108
70.120	-30.183	-0.089
70.140	-29.152	-0.069
70.160	-27.669	-0.049
70.180	-25.822	-0.024
70.200	-23.598	-0.006
70.220	-21.004	0.017
70.240	-18.087	0.042
70.260	-14.934	0.063
70.280	-11.551	0.082
70.300	-8.081	0.104
70.320	-4.316	0.118
70.340	-0.567	0.141
70.360	3.172	0.154
70.380	6.851	0.166
70.400	10.455	0.179
70.420	13.903	0.185
70.440	17.131	0.192
70.460	20.117	0.193
70.480	22.835	0.194
70.500	25.161	0.186
70.520	27.143	0.179
70.540	28.695	0.171
70.560	29.871	0.161
70.580	30.575	0.151
70.600	30.838	0.136
70.620	30.661	0.116
70.640	30.022	0.100
70.660	28.969	0.077
70.680	27.470	0.059
70.700	25.591	0.034
70.720	23.297	0.011
70.740	20.687	-0.010
70.760	17.760	-0.030
70.780	14.574	-0.059
70.800	11.185	-0.078
70.820	7.624	-0.099
70.840	3.967	-0.112
70.860	0.244	-0.133
70.880	-3.392	-0.148
70.900	-7.195	-0.163
70.920	-10.782	-0.168
70.940	-14.091	-0.178
70.960	-17.400	-0.184
70.980	-20.273	-0.185
71.000	-23.007	-0.186
71.020	-25.327	-0.177
71.040	-27.293	-0.180
71.060	-28.840	-0.169
71.080	-29.947	-0.162
71.100	-30.591	-0.141
71.120	-30.838	-0.134
71.140	-30.613	-0.109
71.160	-29.973	-0.095
71.180	-28.845	-0.067
71.200	-27.315	-0.057
71.220	-25.381	-0.028
71.240	-23.061	-0.010
71.260	-20.402	0.016
71.280	-17.421	0.038
71.300	-14.231	0.058
71.320	-10.799	0.078
71.340	-7.216	0.096
71.360	-3.521	0.116
71.380	0.218	0.130
71.400	3.967	0.148
71.420	7.619	0.160
71.440	11.191	0.172
71.460	14.591	0.176
71.480	17.781	0.181
71.500	20.649	0.182
71.520	23.345	0.183
71.540	25.601	0.176
71.560	27.503	0.167
71.580	28.974	0.159
71.600	30.043	0.146
71.620	30.672	0.135
71.640	30.844	0.117
71.660	30.575	-0.385
71.680	29.866	0.081
71.700	28.690	0.063
71.720	27.100	0.038
71.740	25.145	0.023
71.760	22.792	-0.006
71.780	20.096	-0.022
71.800	17.131	-0.052
71.820	13.882	-0.070
71.840	10.439	-0.094
71.860	6.878	-0.112
71.880	3.198	-0.132
71.900	-0.551	-0.152
71.920	-4.289	-0.161
71.940	-7.941	-0.174
71.960	-11.497	-0.181
71.980	-14.854	-0.190
72.000	-18.039	-0.191
72.020	-20.950	-0.195
72.040	-23.523	-0.193
72.060	-25.762	-0.189
72.080	-27.615	-0.186
72.100	-29.098	-0.169
72.120	-30.092	-0.164
72.140	-30.672	-0.150
72.160	-30.795	-0.132
72.180	-30.500	-0.114
72.200	-29.753	-0.099
72.220	-28.555	-0.070
72.240	-26.933	-0.058
72.260	-24.898	-0.029
72.280	-22.524	-0.012
72.300	-19.790	0.017
72.320	-16.771	0.036
72.340	-13.522	0.059
72.360	-10.047	0.080
72.380	-6.523	0.100
72.400	-2.731	0.117
72.420	1.018	0.134
72.440	4.729	0.145
72.460	8.387	0.162
72.480	11.921	0.171
72.500	15.283	0.177
72.520	18.420	0.181
72.540	21.288	0.184
72.560	23.840	0.183
72.580	26.036	0.175
72.600	27.830	0.166
72.620	29.243	0.160
72.640	30.204	0.148
72.660	30.731	0.138
72.680	30.811	0.117
72.700	30.462	0.102
72.720	29.656	0.080
72.740	28.389	0.062
72.760	26.724	0.042
72.780	24.699	0.021
72.800	22.271	-0.007
72.820	19.489	-0.026
72.840	16.460	-0.050
72.860	13.162	-0.063
72.880	9.692	-0.094
72.900	6.088	-0.106
72.920	2.398	-0.133
72.940	-1.356	-0.141
72.960	-5.062	-0.161
72.980	-8.725	-0.168
73.000	-12.260	-0.179
73.020	-15.573	-0.182
73.040	-18.689	-0.186
73.060	-21.546	-0.191
73.080	-24.049	-0.187
73.100	-26.235	-0.181
73.120	-28.002	-0.176
73.140	-29.345	-0.164
73.160	-30.296	-0.155
73.180	-30.763	-0.137
73.200	-30.817	-0.122
73.220	-30.441	-0.106
73.240	-29.587	-0.086
73.260	-28.281	-0.062
73.280	-26.568	-0.043
73.300	-24.473	-0.016
73.320	-22.008	0.007
73.340	-19.226	0.034
73.360	-16.132	0.048
73.380	-12.840	0.077
73.400	-9.338	0.089
73.420	-5.696	0.117
73.440	-1.979	0.129
73.460	1.770	0.146
73.480	5.492	0.161
73.500	9.117	0.175
73.520	12.635	0.176
73.540	15.966	0.190
73.560	19.027	0.192
73.580	21.863	0.196
73.600	24.328	0.187
73.620	26.434	0.187
73.640	28.163	0.175
73.660	29.447	0.167
73.680	30.355	0.154
73.700	30.795	0.148
73.720	30.768	0.125
73.740	30.312	0.115
73.760	29.415	0.088
73.780	28.077	0.069
73.800	26.326	0.046
73.820	24.221	0.030
73.840	21.686	-0.000
73.860	18.871	-0.018
73.880	15.788	-0.046
73.900	12.458	-0.063
73.920	8.951	-0.086
73.940	5.320	-0.102
73.960	1.609	-0.125
73.980	-2.119	-0.140
74.000	-5.825	-0.152
74.020	-9.477	-0.161
74.040	-12.969	-0.165
74.060	-16.154	-0.177
74.080	-19.323	-0.177
74.100	-22.089	-0.179
74.120	-24.532	-0.177
74.140	-26.638	-0.169
74.160	-28.330	-0.169
74.180	-29.592	-0.155
74.200	-30.451	-0.146
74.220	-30.801	-0.128
74.240	-30.768	-0.119
74.260	-30.280	-0.091
74.280	-29.340	-0.077
74.300	-27.943	-0.052
74.320	-26.165	-0.033
74.340	-23.969	-0.007
74.360	-21.449	0.014
74.380	-18.576	0.038
74.400	-15.434	0.055
74.420	-12.125	0.082
74.440	-8.548	0.099
74.460	-4.906	0.121
74.480	-1.195	0.137
74.500	2.565	0.149
74.520	6.265	0.163
74.540	9.875	0.174
74.560	13.355	0.182
74.580	16.626	0.187
74.600	19.639	0.189
74.620	22.406	0.194
74.640	24.747	0.186
74.660	26.831	0.180
74.680	28.469	0.175
74.700	29.667	0.162
74.720	30.489	0.148
74.740	30.817	0.134
74.760	30.715	0.116
74.780	30.156	0.102
74.800	29.168	0.075
74.820	27.723	0.058
74.840	25.918	0.033
74.860	23.711	0.016
74.880	21.133	-0.014
74.900	18.254	-0.030
74.920	15.117	-0.061
74.940	11.744	-0.073
74.960	8.210	-0.102
74.980	4.563	-0.112
75.000	0.846	-0.135
75.020	-2.898	-0.147
75.040	-6.588	-0.162
75.060	-10.213	-0.169
75.080	-13.629	-0.182
75.100	-16.906	-0.188
75.120	-19.913	-0.189
75.140	-22.594	-0.191
75.160	-24.968	-0.184
75.180	-26.976	-0.183
75.200	-28.604	-0.169
75.220	-29.791	-0.165
75.240	-30.527	-0.149
75.260	-30.806	-0.138
75.280	-30.672	-0.120
75.300	-30.075	-0.102
75.320	-29.076	-0.078
75.340	-27.589	-0.062
75.360	-25.698	-0.040
75.380	-23.458	-0.013
75.400	-20.853	0.003
75.420	-17.926	0.033
75.440	-14.752	0.046
75.460	-11.379	0.076
75.480	-7.791	0.089
75.500	-4.198	0.115
75.520	-0.379	0.122
75.540	3.365	0.145
75.560	7.050	0.150
75.580	10.627	0.170
75.600	14.070	0.172
75.620	17.281	0.179
75.640	20.246	0.178
75.660	22.964	0.187
75.680	25.258	0.173
75.700	27.207	0.172
75.720	28.760	0.158
75.740	29.898	0.149
75.760	30.596	0.137
75.780	30.849	0.125
75.800	30.650	0.107
75.820	29.995	0.086
75.840	28.905	0.069
75.860	27.411	0.044
75.880	25.494	0.026
75.900	23.184	-0.003
75.920	20.552	-0.023
75.940	17.625	-0.045
75.960	14.413	-0.066
75.980	11.024	-0.089
76.000	7.463	-0.104
76.020	3.789	-0.129
76.040	0.073	-0.147
76.060	-3.677	-0.157
76.080	-7.356	-0.173
76.100	-10.933	-0.175
76.120	-14.327	-0.190
76.140	-17.529	-0.189
76.160	-20.488	-0.198
76.180	-23.109	-0.186
76.200	-25.429	-0.190
76.220	-27.352	-0.179
76.240	-28.899	-0.173
76.260	-29.968	-0.161
76.280	-30.613	-0.150
76.300	-30.822	-0.130
76.320	-30.575	-0.115
76.340	-29.920	-0.097
76.360	-28.792	-0.076
76.380	-27.240	-0.055
76.400	-25.274	-0.030
76.420	-22.943	-0.010
