--- Pendolo di torsione ---
Tempo.Forzante.Pendolo
0.000	1.410	0.241
0.020	5.121	0.250
0.040	8.747	0.253
0.060	12.174	0.254
0.080	15.595	0.256
0.100	18.683	0.249
0.120	21.530	0.241
0.140	24.033	0.224
0.160	26.192	0.212
0.180	27.916	0.186
0.200	29.323	0.170
0.220	30.274	0.141
0.240	30.774	0.120
0.260	30.844	0.087
0.280	30.478	0.063
0.300	29.630	0.030
0.320	28.416	0.005
0.340	26.708	-0.029
0.360	24.688	-0.056
0.380	22.244	-0.086
0.400	19.505	-0.110
0.420	16.503	-0.141
0.440	13.216	-0.161
0.460	9.778	-0.184
0.480	6.190	-0.197
0.500	2.484	-0.219
0.520	-1.217	-0.228
0.540	-4.939	-0.239
0.560	-8.570	-0.237
0.580	-12.072	-0.243
0.600	-15.418	-0.237
0.620	-18.517	-0.234
0.640	-21.380	-0.220
0.660	-23.872	-0.210
0.680	-26.079	-0.190
0.700	-27.863	-0.181
0.720	-29.254	-0.157
0.740	-30.226	-0.132
0.760	-30.704	-0.108
0.780	-30.806	-0.082
0.800	-30.430	-0.052
0.820	-29.662	-0.024
0.840	-28.437	0.009
0.860	-26.735	0.036
0.880	-24.688	0.067
0.900	-22.303	0.097
0.920	-19.570	0.124
0.940	-16.519	0.151
0.960	-13.285	0.174
0.980	-9.826	0.197
1.000	-6.228	0.216
1.020	-2.613	0.231
1.040	1.206	0.244
1.060	4.923	0.256
1.080	8.451	0.257
1.100	12.066	0.259
1.120	15.407	0.261
1.140	18.501	0.253
1.160	21.369	0.245
1.180	23.899	0.228
1.200	26.074	0.214
1.220	27.868	0.187
1.240	29.270	0.171
1.260	30.237	0.145
1.280	30.752	0.120
1.300	30.854	0.090
1.320	30.494	0.067
1.340	29.689	0.031
1.360	28.464	0.003
1.380	26.821	-0.026
1.400	24.817	-0.054
1.420	22.384	-0.087
1.440	19.672	-0.112
1.460	16.669	-0.141
1.480	13.404	-0.161
1.500	9.971	-0.182
1.520	6.480	-0.201
1.540	2.704	-0.224
1.560	-1.012	-0.230
1.580	-4.622	-0.241
1.600	-8.360	-0.244
1.620	-11.873	-0.249
1.640	-15.192	-0.248
1.660	-18.334	-0.239
1.680	-21.213	-0.232
1.700	-23.662	-0.219
1.720	-25.940	-0.202
1.740	-27.718	-0.186
1.760	-29.195	-0.163
1.780	-30.172	-0.142
1.800	-30.677	-0.115
1.820	-30.817	-0.095
1.840	-30.462	-0.062
1.860	-29.721	-0.033
1.880	-28.491	-0.004
1.900	-26.847	0.029
1.920	-24.823	0.055
1.940	-22.432	0.087
1.960	-19.715	0.114
1.980	-16.712	0.139
2.000	-13.463	0.162
2.020	-10.004	0.183
2.040	-6.410	0.202
2.060	-2.710	0.220
2.080	1.007	0.232
2.100	4.702	0.241
2.120	8.349	0.248
2.140	11.889	0.249
2.160	15.230	0.251
2.180	18.366	0.242
2.200	21.229	0.234
2.220	23.775	0.220
2.240	25.972	0.207
2.260	27.787	0.181
2.280	29.200	0.162
2.300	30.194	0.137
2.320	30.741	0.110
2.340	30.865	0.079
2.360	30.532	0.058
2.380	29.748	0.025
2.400	28.550	-0.005
2.420	26.906	-0.040
2.440	24.935	-0.069
2.460	22.551	-0.094
2.480	19.838	-0.120
2.500	16.852	-0.149
2.520	13.602	-0.169
2.540	10.165	-0.194
2.560	6.593	-0.207
2.580	2.919	-0.230
2.600	-0.792	-0.239
2.620	-4.493	-0.253
2.640	-8.167	-0.252
2.660	-11.674	-0.260
2.680	-15.026	-0.254
2.700	-18.157	-0.250
2.720	-21.041	-0.239
2.740	-23.598	-0.229
2.760	-25.800	-0.210
2.780	-27.675	-0.197
2.800	-29.114	-0.171
2.820	-30.102	-0.152
2.840	-30.656	-0.124
2.860	-30.806	-0.097
2.880	-30.500	-0.071
2.900	-29.753	-0.041
2.920	-28.534	-0.009
2.940	-26.944	0.020
2.960	-24.951	0.050
2.980	-22.556	0.081
3.000	-19.865	0.109
3.020	-16.868	0.133
3.040	-13.651	0.161
3.060	-10.208	0.185
3.080	-6.615	0.200
3.100	-2.930	0.219
3.120	0.803	0.232
3.140	4.509	0.245
3.160	8.135	0.248
3.180	11.685	0.252
3.200	14.961	0.250
3.220	18.178	0.245
3.240	21.073	0.237
3.260	23.646	0.223
3.280	25.859	0.208
3.300	27.680	0.184
3.320	29.130	0.167
3.340	30.151	0.140
3.360	30.731	0.116
3.380	30.865	0.086
3.400	30.553	0.062
3.420	29.807	0.032
3.440	28.631	0.000
3.460	27.025	-0.033
3.480	25.053	-0.058
3.500	22.690	-0.087
3.520	19.978	-0.112
3.540	17.018	-0.143
3.560	13.769	-0.163
3.580	10.358	-0.186
3.600	6.883	-0.205
3.620	3.123	-0.224
3.640	-0.594	-0.235
3.660	-4.310	-0.242
3.680	-7.968	-0.246
3.700	-11.497	-0.250
3.720	-14.859	-0.247
3.740	-18.017	-0.241
3.760	-20.832	-0.229
3.780	-23.480	-0.222
3.800	-25.714	-0.200
3.820	-27.599	-0.191
3.840	-29.066	-0.166
3.860	-30.081	-0.144
3.880	-30.650	-0.116
3.900	-30.801	-0.092
3.920	-30.548	-0.062
3.940	-29.834	-0.031
3.960	-28.663	-0.000
3.980	-27.062	0.029
4.000	-25.080	0.059
4.020	-22.733	0.091
4.040	-20.048	0.118
4.060	-17.061	0.145
4.080	-13.844	0.169
4.100	-10.412	0.190
4.120	-6.835	0.210
4.140	-3.150	0.228
4.160	0.583	0.242
4.180	4.289	0.252
4.200	7.947	0.257
4.220	11.481	0.259
4.240	14.859	0.260
4.260	17.948	0.253
4.280	20.907	0.247
4.300	23.507	0.232
4.320	25.741	0.221
4.340	27.599	-0.275
4.360	29.017	0.174
4.380	30.097	0.152
4.400	30.704	0.129
4.420	30.865	0.099
4.440	30.586	0.074
4.460	29.844	0.039
4.480	28.700	0.013
4.500	27.111	-0.018
4.520	25.188	-0.047
4.540	22.819	-0.077
4.560	20.155	-0.102
4.580	17.271	-0.131
4.600	13.978	-0.155
4.620	10.552	-0.177
4.640	7.001	-0.195
4.660	3.322	-0.213
4.680	-0.282	-0.225
4.700	-4.095	-0.238
4.720	-7.759	-0.237
4.740	-11.309	-0.243
4.760	-14.671	-0.239
4.780	-17.851	-0.236
4.800	-20.757	-0.227
4.820	-23.329	-0.219
4.840	-25.596	-0.198
4.860	-27.508	-0.184
4.880	-28.969	-0.161
4.900	-30.038	-0.141
4.920	-30.634	-0.114
4.940	-30.827	-0.092
4.960	-30.553	-0.055
4.980	-29.882	-0.033
5.000	-28.738	-0.002
5.020	-27.143	0.029
5.040	-25.198	0.061
5.060	-22.878	0.088
5.080	-20.203	0.117
5.100	-17.217	0.142
5.120	-14.021	0.167
5.140	-10.605	0.190
5.160	-7.033	0.208
5.180	-3.344	0.222
5.200	0.384	0.235
5.220	4.085	0.248
5.240	7.732	0.253
5.260	11.287	0.256
5.280	14.677	0.257
5.300	17.840	0.250
5.320	20.757	0.243
5.340	23.367	0.228
5.360	25.623	0.216
5.380	27.497	0.191
5.400	28.990	0.174
5.420	30.049	0.147
5.440	30.682	0.125
5.460	30.865	0.093
5.480	30.618	0.068
5.500	29.909	0.038
5.520	28.776	0.010
5.540	27.234	-0.025
5.560	25.301	-0.052
5.580	22.948	-0.083
5.600	20.305	-0.109
5.620	17.367	-0.138
5.640	14.139	-0.162
5.660	10.750	-0.182
5.680	7.291	-0.200
5.700	3.537	-0.220
5.720	-0.180	-0.233
5.740	-3.891	-0.243
5.760	-7.560	-0.248
5.780	-11.003	-0.254
5.800	-14.489	-0.253
5.820	-17.663	-0.245
5.840	-20.515	-0.238
5.860	-23.211	-0.229
5.880	-25.478	-0.207
5.900	-27.379	-0.195
5.920	-28.894	-0.174
5.940	-29.990	-0.153
5.960	-30.618	-0.124
5.980	-30.811	-0.103
6.000	-30.586	-0.071
6.020	-29.914	-0.045
6.040	-28.797	-0.009
6.060	-27.245	0.017
6.080	-25.301	0.045
6.100	-23.002	0.078
6.120	-20.354	0.102
6.140	-17.416	0.132
6.160	-14.204	0.155
6.180	-10.885	0.174
6.200	-7.238	0.195
6.220	-3.558	0.213
6.240	0.078	0.231
6.260	3.886	0.238
6.280	7.538	0.242
6.300	11.105	0.247
6.320	14.494	0.246
6.340	17.674	0.242
6.360	20.606	0.237
6.380	23.233	0.222
6.400	25.505	0.210
6.420	27.417	0.187
6.440	28.915	0.168
6.460	29.984	0.141
6.480	30.661	0.118
6.500	30.870	0.088
6.520	30.634	0.065
6.540	29.963	0.034
6.560	28.856	0.005
6.580	27.304	-0.029
6.600	25.419	-0.056
6.620	23.115	-0.089
6.640	20.456	-0.112
6.660	17.529	-0.141
6.680	14.338	-0.161
6.700	10.933	-0.185
6.720	7.393	-0.210
6.740	3.838	-0.220
6.760	0.019	-0.237
6.780	-3.709	-0.246
6.800	-7.366	-0.250
6.820	-10.922	-0.253
6.840	-14.322	-0.253
6.860	-17.507	-0.247
6.880	-20.445	-0.236
6.900	-23.072	-0.226
6.920	-25.381	-0.208
6.940	-27.342	-0.198
6.960	-28.867	-0.172
6.980	-29.963	-0.151
7.000	-30.613	-0.124
7.020	-30.811	-0.101
7.040	-30.639	-0.070
7.060	-29.995	-0.043
7.080	-28.910	-0.013
7.100	-27.385	0.020
7.120	-25.456	0.049
7.140	-23.163	0.077
7.160	-20.536	0.107
7.180	-17.609	0.133
7.200	-14.419	0.157
7.220	-11.030	0.179
7.240	-7.458	0.200
7.260	-3.795	0.218
7.280	-0.067	0.233
7.300	3.660	0.245
7.320	7.307	0.250
7.340	10.879	0.257
7.360	14.301	0.253
7.380	17.486	0.249
7.400	20.429	0.239
7.420	23.093	0.228
7.440	25.381	0.214
7.460	27.304	0.195
7.480	28.840	0.177
7.500	29.952	0.151
7.520	30.634	0.129
7.540	30.870	0.096
7.560	30.661	0.071
7.580	29.995	0.044
7.600	28.921	-0.444
7.620	27.438	-0.018
7.640	25.537	-0.047
7.660	23.243	-0.079
7.680	20.606	-0.097
7.700	17.690	-0.132
7.720	14.515	-0.155
7.740	11.121	-0.177
7.760	7.592	-0.192
7.780	3.929	-0.211
7.800	0.320	-0.225
7.820	-3.505	-0.234
7.840	-7.189	-0.242
7.860	-10.734	-0.242
7.880	-14.139	-0.240
7.900	-17.362	-0.240
7.920	-20.300	-0.231
7.940	-22.948	-0.217
7.960	-25.215	-0.198
7.980	-27.229	-0.187
8.000	-28.792	-0.168
8.020	-29.920	-0.144
8.040	-30.591	-0.114
8.060	-30.838	-0.093
8.080	-30.645	-0.062
8.100	-30.038	-0.037
8.120	-28.980	-0.004
8.140	-27.454	0.025
8.160	-25.558	0.060
8.180	-23.302	0.087
8.200	-20.687	0.116
8.220	-17.743	0.141
8.240	-14.591	0.166
8.260	-11.207	0.193
8.280	-7.646	0.207
8.300	-3.993	0.224
8.320	-0.255	0.242
8.340	3.462	0.253
8.360	7.044	0.257
8.380	10.691	0.257
8.400	14.123	0.261
8.420	17.335	0.260
8.440	20.279	0.249
8.460	22.964	0.238
8.480	25.198	0.224
8.500	27.234	0.204
8.520	28.770	0.182
8.540	29.909	0.158
8.560	30.613	0.134
8.580	30.876	0.105
8.600	30.698	0.081
8.620	30.043	0.047
8.640	29.001	0.013
8.660	27.497	-0.018
8.680	25.650	-0.040
8.700	23.388	-0.070
8.720	20.778	-0.100
8.740	17.872	-0.128
8.760	14.709	-0.149
8.780	11.320	-0.177
8.800	7.791	-0.193
8.820	4.149	-0.213
8.840	0.438	-0.223
8.860	-3.274	-0.236
8.880	-6.942	-0.241
8.900	-10.530	-0.245
8.920	-13.839	-0.243
8.940	-17.163	-0.242
8.960	-20.123	-0.231
8.980	-22.781	-0.225
9.000	-25.134	-0.204
9.020	-27.057	-0.193
9.040	-28.711	-0.171
9.060	-29.855	-0.151
9.080	-30.527	-0.124
9.100	-30.838	-0.098
9.120	-30.666	-0.066
9.140	-30.086	-0.043
9.160	-29.033	-0.010
9.180	-27.524	0.019
9.200	-25.666	0.050
9.220	-23.426	0.079
9.240	-20.826	0.107
9.260	-17.921	0.133
9.280	-14.752	0.158
9.300	-11.400	0.183
9.320	-7.844	0.197
9.340	-4.171	0.219
9.360	-0.470	0.231
9.380	3.258	0.242
9.400	6.931	0.249
9.420	10.514	0.250
9.440	13.935	0.249
9.460	17.153	0.249
9.480	20.128	0.241
9.500	22.819	0.228
9.520	25.145	0.215
9.540	27.105	0.195
9.560	28.684	0.176
9.580	29.839	0.149
9.600	30.580	0.124
9.620	30.865	0.098
9.640	30.709	0.073
9.660	30.108	0.044
9.680	29.093	0.010
9.700	27.615	-0.020
9.720	25.762	-0.046
9.740	23.517	-0.079
9.760	20.928	-0.105
9.780	18.119	-0.136
9.800	14.886	-0.161
9.820	11.508	-0.182
9.840	8.097	-0.202
9.860	4.369	-0.220
9.880	0.765	-0.233
9.900	-3.064	-0.246
9.920	-6.727	-0.249
9.940	-10.321	-0.256
9.960	-13.747	-0.255
9.980	-16.975	-0.247
10.000	-19.951	-0.244
10.020	-22.642	-0.235
10.040	-24.941	-0.213
10.060	-26.982	-0.204
10.080	-28.615	-0.178
10.100	-29.775	-0.161
10.120	-30.521	-0.134
10.140	-30.801	-0.112
10.160	-30.672	-0.079
10.180	-30.102	-0.050
10.200	-29.098	-0.020
10.220	-27.626	0.009
10.240	-25.768	0.038
10.260	-23.550	0.067
10.280	-20.982	0.097
10.300	-18.141	0.124
10.320	-14.945	0.152
10.340	-11.653	0.174
10.360	-8.032	0.195
10.380	-4.375	0.211
10.400	-0.658	0.224
10.420	3.053	0.237
10.440	6.641	0.246
10.460	10.315	0.249
10.480	13.747	0.251
10.500	16.981	0.246
10.520	19.972	0.238
10.540	22.690	0.231
10.560	25.016	0.215
10.580	27.025	0.195
10.600	28.604	0.174
10.620	29.812	0.153
10.640	30.532	0.126
10.660	30.854	0.102
10.680	30.731	0.071
10.700	30.156	0.046
10.720	29.130	0.015
10.740	27.685	-0.013
10.760	25.924	-0.041
10.780	23.662	-0.076
10.800	21.084	-0.107
10.820	18.205	-0.131
10.840	15.074	-0.152
10.860	11.701	-0.179
10.880	8.199	-0.194
10.900	4.659	-0.218
10.920	0.857	-0.227
10.940	-2.774	-0.244
10.960	-6.561	-0.244
10.980	-10.149	-0.247
11.000	-13.575	-0.249
11.020	-16.820	-0.246
11.040	-19.822	-0.237
11.060	-22.534	-0.230
11.080	-24.908	-0.215
11.100	-26.874	-0.199
11.120	-28.566	-0.176
11.140	-29.753	-0.157
11.160	-30.537	-0.128
11.180	-30.817	-0.108
11.200	-30.736	-0.079
11.220	-30.199	-0.047
11.240	-29.195	-0.016
11.260	-27.803	0.015
11.280	-25.924	0.045
11.300	-23.786	0.073
11.320	-21.159	0.102
11.340	-18.270	0.129
11.360	-15.160	0.158
11.380	-11.814	0.179
11.400	-8.258	0.199
11.420	-4.616	0.220
11.440	-0.900	0.234
11.460	2.839	0.245
11.480	6.512	0.254
11.500	10.014	0.258
11.520	13.554	0.260
11.540	16.793	0.257
11.560	19.725	0.250
11.580	22.545	0.238
11.600	24.898	0.222
11.620	26.912	0.205
11.640	28.523	0.187
11.660	29.732	0.165
11.680	30.532	0.133
11.700	30.860	0.115
11.720	30.747	0.083
11.740	30.183	0.053
11.760	29.195	0.025
11.780	27.787	-0.007
11.800	25.983	-0.033
11.820	23.845	-0.066
11.840	21.235	-0.098
11.860	18.377	-0.119
11.880	15.251	-0.146
11.900	11.894	-0.166
11.920	8.392	-0.185
11.940	4.772	-0.205
11.960	1.066	-0.219
11.980	-2.672	-0.231
12.000	-6.351	-0.235
12.020	-9.945	-0.240
12.040	-13.414	-0.237
12.060	-16.551	-0.238
12.080	-19.661	-0.229
12.100	-22.379	-0.219
12.120	-24.769	-0.206
12.140	-26.837	-0.192
12.160	-28.443	-0.169
12.180	-29.694	-0.148
12.200	-30.489	-0.124
12.220	-30.801	-0.101
12.240	-30.758	-0.070
12.260	-30.247	-0.043
12.280	-29.232	-0.010
12.300	-27.836	0.014
12.320	-26.052	0.048
12.340	-23.850	0.079
12.360	-21.310	0.104
12.380	-18.436	0.132
12.400	-15.326	0.162
12.420	-11.975	0.182
12.440	-8.457	0.203
12.460	-4.804	0.220
12.480	-1.168	0.236
12.500	2.640	0.245
12.520	6.324	0.256
12.540	9.907	0.257
12.560	13.371	0.257
12.580	16.637	0.257
12.600	19.639	0.253
12.620	22.400	0.239
12.640	24.774	0.226
12.660	26.821	0.203
12.680	28.416	0.183
12.700	29.694	0.162
12.720	30.494	0.137
12.740	30.854	0.108
12.760	30.774	0.080
12.780	30.231	0.054
12.800	29.270	0.019
12.820	27.873	-0.010
12.840	26.101	-0.038
12.860	23.931	-0.066
12.880	21.455	-0.095
12.900	18.549	-0.124
12.920	15.445	-0.149
12.940	12.190	-0.172
12.960	8.602	-0.194
12.980	4.982	-0.209
13.000	1.281	-0.224
13.020	-2.441	-0.235
13.040	-6.018	-0.244
13.060	-9.751	-0.248
13.080	-13.183	-0.244
13.100	-16.454	-0.247
13.120	-19.489	-0.236
13.140	-22.201	-0.232
13.160	-24.618	-0.214
13.180	-26.692	-0.197
13.200	-28.373	-0.179
13.220	-29.576	-0.159
13.240	-30.425	-0.130
13.260	-30.779	-0.108
13.280	-30.741	-0.081
13.300	-30.220	-0.048
13.320	-29.286	-0.019
13.340	-27.895	0.004
13.360	-26.106	0.039
13.380	-23.952	0.069
13.400	-21.444	0.100
13.420	-18.581	0.122
13.440	-15.471	0.148
13.460	-12.163	0.170
13.480	-8.645	0.192
13.500	-4.998	0.209
13.520	-1.297	0.224
13.540	2.430	0.237
13.560	6.126	0.245
13.580	9.714	0.250
13.600	13.189	0.249
13.620	16.460	0.247
13.640	19.478	0.241
13.660	22.244	0.228
13.680	24.656	0.213
13.700	26.676	0.198
13.720	28.373	0.179
13.740	29.640	0.155
13.760	30.462	0.128
13.780	30.838	0.106
13.800	30.779	0.071
13.820	30.280	0.050
13.840	29.366	0.014
13.860	27.970	-0.016
13.880	26.208	-0.044
13.900	24.054	-0.072
13.920	21.525	-0.102
13.940	18.785	-0.128
13.960	15.633	-0.158
13.980	12.281	-0.174
14.000	8.897	-0.198
14.020	5.186	-0.214
14.040	1.490	-0.232
14.060	-2.226	-0.240
14.080	-5.922	-0.250
14.100	-9.542	-0.251
14.120	-12.995	-0.253
14.140	-16.266	-0.254
14.160	-19.333	-0.244
14.180	-22.062	-0.233
14.200	-24.484	-0.220
14.220	-26.584	-0.207
14.240	-28.276	-0.184
14.260	-29.549	-0.162
14.280	-30.398	-0.136
14.300	-30.763	-0.115
14.320	-30.741	-0.081
14.340	-30.263	-0.058
14.360	-29.361	-0.025
14.380	-27.986	0.004
14.400	-26.224	0.037
14.420	-24.076	0.065
14.440	-21.594	0.092
14.460	-18.759	0.124
14.480	-15.665	0.148
14.500	-12.351	0.170
14.520	-8.849	0.193
14.540	-5.202	0.212
14.560	-1.593	0.228
14.580	2.216	0.240
14.600	5.922	0.249
14.620	9.504	0.257
14.640	12.995	0.253
14.660	16.272	0.253
14.680	19.317	0.242
14.700	22.110	0.232
14.720	24.532	0.218
14.740	26.557	0.203
14.760	28.281	0.182
14.780	29.581	0.162
14.800	30.425	0.132
14.820	30.833	0.113
14.840	30.795	0.082
14.860	30.339	0.055
14.880	29.399	0.022
14.900	28.051	-0.004
14.920	26.300	-0.038
14.940	24.178	-0.065
14.960	21.729	-0.097
14.980	18.871	-0.124
15.000	15.788	-0.149
15.020	12.469	-0.167
15.040	8.989	-0.192
15.060	5.379	-0.207
15.080	1.689	-0.229
15.100	-2.038	-0.231
15.120	-5.734	-0.245
15.140	-9.365	-0.242
15.160	-12.840	-0.247
15.180	-16.105	-0.241
15.200	-19.183	-0.236
15.220	-21.965	-0.225
15.240	-24.409	-0.212
15.260	-26.504	-0.195
15.280	-28.239	-0.176
15.300	-29.522	-0.153
15.320	-30.387	-0.130
15.340	-30.790	-0.106
15.360	-30.795	-0.079
15.380	-30.349	-0.050
15.400	-29.452	-0.016
15.420	-28.115	0.013
15.440	-26.380	0.042
15.460	-24.296	0.073
15.480	-21.761	0.101
15.500	-18.930	0.129
15.520	-15.949	0.157
15.540	-12.566	0.182
15.560	-9.069	0.200
15.580	-5.427	0.218
15.600	-1.813	0.236
15.620	2.001	0.249
15.640	5.696	0.257
15.660	9.295	0.261
15.680	12.802	0.260
15.700	16.100	0.261
15.720	19.145	0.251
15.740	21.954	0.245
15.760	24.350	0.229
15.780	26.498	0.212
15.800	28.206	0.194
15.820	29.517	0.172
15.840	30.387	0.142
15.860	30.827	0.121
15.880	30.806	0.091
15.900	30.355	0.066
15.920	29.479	0.033
15.940	28.142	0.004
15.960	26.412	-0.027
15.980	24.312	-0.054
16.000	21.825	-0.087
16.020	19.108	-0.110
16.040	15.987	-0.142
16.060	12.662	-0.160
16.080	9.198	-0.188
16.100	5.583	-0.199
16.120	1.990	-0.221
16.140	-1.818	-0.221
16.160	-5.508	-0.239
16.180	-9.064	-0.237
16.200	-12.635	-0.244
16.220	-15.831	-0.237
16.240	-19.016	-0.235
16.260	-21.793	-0.225
16.280	-24.189	-0.210
16.300	-26.391	-0.192
16.320	-28.126	-0.178
16.340	-29.436	-0.156
16.360	-30.333	-0.128
16.380	-30.779	-0.106
16.400	-30.784	-0.079
16.420	-30.349	-0.049
16.440	-29.495	-0.021
16.460	-28.158	0.007
16.480	-26.450	0.042
16.500	-24.344	0.067
16.520	-21.938	0.098
16.540	-19.092	0.125
16.560	-16.025	0.150
16.580	-12.813	0.174
16.600	-9.241	0.194
16.620	-5.632	0.218
16.640	-1.915	0.228
16.660	1.807	0.241
16.680	5.503	0.252
16.700	9.123	0.257
16.720	12.619	0.252
16.740	15.917	0.256
16.760	18.995	0.247
16.780	21.740	0.241
16.800	24.275	0.222
16.820	26.402	0.215
16.840	28.088	0.183
16.860	29.452	0.166
16.880	30.355	0.138
16.900	30.811	0.116
16.920	30.817	0.085
16.940	30.392	0.059
16.960	29.522	0.025
16.980	28.271	-0.004
17.000	26.520	-0.033
17.020	24.500	-0.062
17.040	21.981	-0.095
17.060	19.199	-0.120
17.080	16.170	-0.151
17.100	12.861	-0.169
17.120	9.402	-0.193
17.140	5.798	-0.207
17.160	2.114	-0.232
17.180	-1.609	-0.237
17.200	-5.299	-0.249
17.220	-8.935	-0.250
17.240	-12.431	-0.256
17.260	-15.729	-0.250
17.280	-18.807	-0.242
17.300	-21.621	-0.233
17.320	-24.124	-0.222
17.340	-26.192	-0.206
17.360	-28.040	-0.189
17.380	-29.361	-0.163
17.400	-30.290	-0.142
17.420	-30.731	-0.113
17.440	-30.784	-0.093
17.460	-30.382	-0.060
17.480	-29.544	-0.031
17.500	-28.255	-0.000
17.520	-26.531	0.026
17.540	-24.468	0.059
17.560	-22.030	0.088
17.580	-19.247	0.115
17.600	-16.197	0.138
17.620	-12.931	0.167
17.640	-9.434	0.183
17.660	-5.809	0.203
17.680	-2.130	0.218
17.700	1.603	0.230
17.720	5.309	0.243
17.740	8.919	0.250
17.760	12.421	0.249
17.780	15.745	0.249
17.800	18.818	0.241
17.820	21.654	0.234
17.840	24.146	0.215
17.860	26.283	0.204
17.880	28.029	0.176
17.900	29.393	0.162
17.920	30.317	0.134
17.940	30.784	0.111
17.960	30.833	0.080
17.980	30.446	0.056
18.000	29.581	0.021
18.020	28.319	-0.004
18.040	26.633	-0.040
18.060	24.575	-0.064
18.080	22.115	-0.099
18.100	19.365	-0.120
18.120	16.342	-0.150
18.140	13.124	-0.168
18.160	9.595	-0.193
18.180	6.094	-0.207
18.200	2.318	-0.230
18.220	-1.410	-0.234
18.240	-5.105	-0.251
18.260	-8.747	-0.249
18.280	-12.217	-0.256
18.300	-15.552	-0.250
18.320	-18.651	-0.245
18.340	-21.492	-0.233
18.360	-23.931	-0.220
18.380	-26.144	-0.207
18.400	-27.970	-0.186
18.420	-29.313	-0.168
18.440	-30.253	-0.142
18.460	-30.736	-0.116
18.480	-30.790	-0.093
18.500	-30.446	-0.059
18.520	-29.624	-0.033
18.540	-28.394	-0.001
18.560	-26.676	0.030
18.580	-24.608	0.059
18.600	-22.201	0.091
18.620	-19.425	0.116
18.640	-16.395	0.142
18.660	-13.146	0.168
18.680	-9.660	0.190
18.700	-6.056	0.211
18.720	-2.339	0.224
18.740	1.383	0.238
18.760	5.078	0.245
18.780	8.693	0.250
18.800	12.222	0.259
18.820	15.563	0.253
18.840	18.587	0.246
18.860	21.498	0.239
18.880	24.028	0.223
18.900	26.128	0.212
18.920	27.948	0.187
18.940	29.334	0.171
18.960	30.263	0.142
18.980	30.779	-0.373
19.000	30.849	0.087
19.020	30.478	0.065
19.040	29.640	0.033
19.060	28.389	0.009
19.080	26.719	-0.027
19.100	24.694	-0.050
19.120	22.250	-0.084
19.140	19.516	-0.105
19.160	16.519	-0.141
19.180	13.232	-0.157
19.200	9.783	-0.182
19.220	6.196	-0.199
19.240	2.506	-0.217
19.260	-1.206	-0.228
19.280	-4.917	-0.239
19.300	-8.570	-0.242
19.320	-12.077	-0.241
19.340	-15.385	-0.239
19.360	-18.517	-0.236
19.380	-21.364	-0.225
19.400	-23.888	-0.213
19.420	-26.063	-0.197
19.440	-27.884	-0.182
19.460	-29.270	-0.156
19.480	-30.237	-0.137
19.500	-30.736	-0.108
19.520	-30.817	-0.083
19.540	-30.468	-0.053
19.560	-29.673	-0.026
19.580	-28.469	0.009
19.600	-26.794	0.035
19.620	-24.731	0.068
19.640	-22.336	0.096
19.660	-19.580	0.124
19.680	-16.573	0.154
19.700	-13.312	0.174
19.720	-9.853	0.195
19.740	-6.249	0.217
19.760	-2.532	0.230
19.780	1.174	0.245
19.800	4.890	0.256
19.820	8.510	0.258
19.840	12.039	0.257
19.860	15.380	0.262
19.880	18.495	0.253
19.900	21.358	0.247
19.920	23.893	0.232
19.940	26.063	0.218
19.960	27.820	0.191
19.980	29.254	0.178
20.000	30.220	0.146
20.020	30.758	0.127
20.040	30.854	0.094
20.060	30.494	0.067
20.080	29.694	0.034
20.100	28.464	0.009
20.120	26.837	-0.025
20.140	24.823	-0.053
20.160	22.422	-0.083
20.180	19.698	-0.106
20.200	16.696	-0.139
20.220	13.436	-0.157
20.240	9.977	-0.181
20.260	6.502	-0.202
20.280	2.726	-0.217
20.300	-0.986	-0.228
20.320	-4.697	-0.236
20.340	-8.349	-0.239
20.360	-11.862	-0.244
20.380	-15.187	-0.244
20.400	-18.329	-0.236
20.420	-21.186	-0.228
20.440	-23.721	-0.215
20.460	-25.940	-0.197
20.480	-27.701	-0.184
20.500	-29.173	-0.164
20.520	-30.161	-0.141
20.540	-30.688	-0.116
20.560	-30.833	-0.089
20.580	-30.478	-0.059
20.600	-29.721	-0.033
20.620	-28.512	-0.000
20.640	-26.853	0.025
20.660	-24.844	0.059
20.680	-22.465	0.088
20.700	-19.725	0.114
20.720	-16.723	0.143
20.740	-13.484	0.164
20.760	-10.047	0.185
20.780	-6.443	0.208
20.800	-2.753	0.220
20.820	0.975	0.235
20.840	4.692	0.244
20.860	8.317	0.252
20.880	11.841	0.253
20.900	15.203	0.251
20.920	18.323	0.247
20.940	21.208	0.237
20.960	23.764	0.224
20.980	25.950	0.209
21.000	27.771	0.188
21.020	29.162	0.167
21.040	30.188	0.136
21.060	30.747	0.118
21.080	30.865	0.085
21.100	30.532	0.059
21.120	29.753	0.028
21.140	28.555	-0.001
21.160	26.933	-0.034
21.180	24.946	-0.062
21.200	22.561	-0.091
21.220	19.854	-0.116
21.240	16.863	-0.146
21.260	13.618	-0.166
21.280	10.192	-0.190
21.300	6.625	-0.209
21.320	3.043	-0.226
21.340	-0.765	-0.240
21.360	-4.482	-0.249
21.380	-8.043	-0.254
21.400	-11.663	-0.256
21.420	-15.004	-0.253
21.440	-18.152	-0.249
21.460	-21.031	-0.238
21.480	-23.582	-0.227
21.500	-25.811	-0.211
21.520	-27.669	-0.196
21.540	-29.076	-0.171
21.560	-30.108	-0.149
21.580	-30.645	-0.122
21.600	-30.817	-0.096
21.620	-30.510	-0.070
21.640	-29.764	-0.039
21.660	-28.566	-0.005
21.680	-26.949	0.021
21.700	-24.957	0.053
21.720	-22.599	0.083
21.740	-19.886	0.110
21.760	-16.900	0.137
21.780	-13.683	0.159
21.800	-10.245	0.182
21.820	-6.641	0.201
21.840	-3.043	0.220
21.860	0.776	0.229
21.880	4.396	0.241
21.900	8.118	0.247
21.920	11.658	0.250
21.940	15.015	0.250
21.960	18.162	0.245
21.980	21.052	0.234
22.000	23.625	0.222
22.020	25.838	0.208
22.040	27.680	0.186
22.060	29.125	0.169
22.080	30.151	0.139
22.100	30.725	0.120
22.120	30.870	0.090
22.140	30.575	0.062
22.160	29.812	0.031
22.180	28.631	0.003
22.200	27.073	-0.029
22.220	25.070	-0.055
22.240	22.690	-0.084
22.260	20.069	-0.108
22.280	17.034	-0.141
22.300	13.812	-0.162
22.320	10.380	-0.184
22.340	6.894	-0.203
22.360	3.139	-0.221
22.380	-0.572	-0.233
22.400	-4.305	-0.244
22.420	-7.952	-0.248
22.440	-11.497	-0.248
22.460	-14.843	-0.247
22.480	-18.012	-0.243
22.500	-20.912	-0.232
22.520	-23.485	-0.223
22.540	-25.719	-0.205
22.560	-27.599	-0.192
22.580	-29.087	-0.164
22.600	-30.113	-0.143
22.620	-30.666	-0.118
22.640	-30.817	-0.092
22.660	-30.564	-0.064
22.680	-29.871	-0.034
22.700	-28.717	0.001
22.720	-27.094	0.026
22.740	-25.166	0.058
22.760	-22.776	0.084
22.780	-20.096	0.115
22.800	-17.120	0.144
22.820	-13.892	0.166
22.840	-10.460	0.195
22.860	-6.872	0.208
22.880	-3.182	0.225
22.900	0.551	0.240
22.920	4.251	0.250
22.940	7.898	0.253
22.960	11.443	0.260
22.980	14.832	0.259
23.000	17.974	0.255
23.020	20.885	0.245
23.040	23.480	0.231
23.060	25.719	0.218
23.080	27.589	0.197
23.100	29.055	0.181
23.120	30.092	0.149
23.140	30.704	0.131
23.160	30.870	0.100
23.180	30.586	0.076
23.200	29.855	0.043
23.220	28.706	0.017
23.240	27.116	-0.017
23.260	25.182	-0.045
23.280	22.830	-0.076
23.300	20.166	-0.100
23.320	17.196	-0.129
23.340	13.984	-0.149
23.360	10.557	-0.172
23.380	7.007	-0.195
23.400	3.349	-0.211
23.420	-0.277	-0.223
23.440	-4.090	-0.231
23.460	-7.748	-0.236
23.480	-11.298	-0.238
23.500	-14.660	-0.239
23.520	-17.819	-0.236
23.540	-20.762	-0.226
23.560	-23.335	-0.217
23.580	-25.601	-0.197
23.600	-27.503	-0.186
23.620	-28.990	-0.161
23.640	-30.054	-0.142
23.660	-30.645	-0.111
23.680	-30.854	-0.088
23.700	-30.559	-0.057
23.720	-29.882	-0.032
23.740	-28.770	-0.001
23.760	-27.186	0.026
23.780	-25.225	0.063
23.800	-22.905	0.087
23.820	-20.230	0.118
23.840	-17.260	0.142
23.860	-14.070	0.167
23.880	-10.632	0.185
23.900	-7.060	0.208
23.920	-3.456	0.226
23.940	0.352	0.241
23.960	4.058	0.251
23.980	7.716	0.257
24.000	11.266	0.257
24.020	14.650	0.260
24.040	17.824	0.252
24.060	20.730	0.248
24.080	23.362	0.232
24.100	25.607	0.216
24.120	27.492	0.199
24.140	28.974	0.180
24.160	30.022	0.149
24.180	30.682	0.128
24.200	30.870	0.096
24.220	30.618	0.073
24.240	29.904	0.042
24.260	28.824	0.013
24.280	27.240	-0.020
24.300	25.311	-0.050
24.320	22.986	-0.079
24.340	20.327	-0.105
24.360	17.384	-0.136
24.380	14.182	-0.157
24.400	10.782	-0.182
24.420	7.221	-0.197
24.440	3.569	-0.219
24.460	-0.148	-0.228
24.480	-3.870	-0.241
24.500	-7.522	-0.243
24.520	-11.083	-0.250
24.540	-14.462	-0.245
24.560	-17.631	-0.240
24.580	-20.558	-0.231
24.600	-23.184	-0.225
24.620	-25.472	-0.204
24.640	-27.358	-0.192
24.660	-28.910	-0.174
24.680	-29.984	-0.151
24.700	-30.613	-0.122
24.720	-30.822	-0.099
24.740	-30.586	-0.068
24.760	-29.925	-0.045
24.780	-28.808	-0.010
24.800	-27.245	0.017
24.820	-25.311	0.049
24.840	-23.002	0.073
24.860	-20.370	0.110
24.880	-17.416	0.129
24.900	-14.236	0.158
24.920	-10.825	0.177
24.940	-7.254	0.196
24.960	-3.585	0.211
24.980	0.153	0.231
25.000	3.875	0.239
25.020	7.511	0.246
25.040	11.056	0.246
25.060	14.483	0.251
25.080	17.652	0.243
25.100	20.574	0.236
25.120	23.168	0.220
25.140	25.489	0.211
25.160	27.406	0.187
25.180	28.905	0.169
25.200	29.995	0.139
25.220	30.656	0.120
25.240	30.876	0.089
25.260	30.639	0.064
25.280	29.968	0.029
25.300	28.856	0.006
25.320	27.368	-0.031
25.340	25.435	-0.055
25.360	23.125	-0.088
25.380	20.493	-0.112
25.400	17.561	-0.143
25.420	14.365	-0.165
25.440	10.976	-0.187
25.460	7.415	-0.204
25.480	3.768	-0.230
25.500	0.062	-0.232
25.520	-3.671	-0.252
25.540	-7.318	-0.249
25.560	-10.885	-0.258
25.580	-14.279	-0.252
25.600	-17.469	-0.251
25.620	-20.418	-0.239
25.640	-22.964	-0.229
25.660	-25.327	-0.211
25.680	-27.272	-0.199
25.700	-28.829	-0.175
25.720	-29.904	-0.153
25.740	-30.586	-0.128
25.760	-30.790	-0.103
25.780	-30.613	-0.072
25.800	-30.000	-0.047
25.820	-28.878	-0.014
25.840	-27.374	0.017
25.860	-25.440	0.047
25.880	-23.233	0.075
25.900	-20.536	0.108
25.920	-17.598	0.134
25.940	-14.419	0.155
25.960	-11.030	0.182
25.980	-7.463	0.199
26.000	-3.800	0.216
26.020	-0.078	0.231
26.040	3.650	0.241
26.060	7.307	0.250
26.080	10.863	0.253
26.100	14.274	0.253
26.120	17.469	0.245
26.140	20.418	0.237
26.160	23.072	0.224
26.180	25.376	0.212
26.200	27.304	0.194
26.220	28.840	0.174
26.240	29.957	0.149
26.260	30.629	0.123
26.280	30.876	0.099
26.300	30.672	0.069
26.320	30.016	0.042
26.340	28.969	0.012
26.360	27.433	-0.020
26.380	25.548	-0.047
26.400	23.254	-0.081
26.420	20.633	-0.102
26.440	17.711	-0.133
26.460	14.542	-0.154
26.480	11.148	-0.182
26.500	7.608	-0.195
26.520	3.956	-0.217
26.540	0.244	-0.226
26.560	-3.467	-0.242
26.580	-7.152	-0.239
26.600	-10.729	-0.252
26.620	-14.107	-0.243
26.640	-17.265	-0.243
26.660	-20.284	-0.233
26.680	-22.937	-0.224
26.700	-25.247	-0.203
26.720	-27.229	-0.191
26.740	-28.792	-0.166
26.760	-29.920	-0.145
26.780	-30.602	-0.117
26.800	-30.801	-0.096
26.820	-30.672	-0.064
26.840	-30.054	-0.036
26.860	-28.985	-0.007
26.880	-27.487	0.024
26.900	-25.580	0.055
26.920	-23.329	0.087
26.940	-20.708	0.116
26.960	-17.786	0.138
26.980	-14.623	0.170
27.000	-11.239	0.191
27.020	-7.683	0.210
27.040	-4.010	0.228
27.060	-0.384	0.241
27.080	3.440	0.253
27.100	7.109	0.259
27.120	10.670	0.265
27.140	14.091	0.260
27.160	17.308	0.261
27.180	20.257	0.249
27.200	22.943	0.238
27.220	25.252	0.222
27.240	27.207	0.205
27.260	28.754	0.181
27.280	29.909	0.161
27.300	30.613	0.135
27.320	30.870	0.107
27.340	30.693	0.080
27.360	30.049	0.052
27.380	29.007	0.017
27.400	27.497	-0.011
27.420	25.655	-0.036
27.440	23.388	-0.069
27.460	20.783	-0.096
27.480	17.883	-0.124
27.500	14.725	-0.147
27.520	11.346	-0.174
27.540	7.812	-0.188
27.560	4.273	-0.212
27.580	0.465	-0.223
27.600	-3.263	-0.236
27.620	-6.926	-0.236
27.640	-10.509	-0.244
27.660	-13.935	-0.236
27.680	-17.136	-0.240
27.700	-20.096	-0.229
27.720	-22.798	-0.220
27.740	-25.118	-0.203
27.760	-27.084	-0.186
27.780	-28.690	-0.166
27.800	-29.834	-0.147
27.820	-30.564	-0.119
27.840	-30.827	-0.099
27.860	-30.656	-0.064
27.880	-30.102	-0.035
27.900	-29.039	-0.010
27.920	-27.567	0.022
27.940	-25.655	0.051
27.960	-23.426	0.082
27.980	-20.837	0.108
28.000	-17.942	0.135
28.020	-14.789	0.161
28.040	-11.411	0.183
28.060	-7.871	0.206
28.080	-4.198	0.220
28.100	-0.470	0.234
28.120	3.241	0.245
28.140	6.899	0.252
28.160	10.476	0.256
28.180	13.908	0.255
28.200	17.131	0.253
28.220	20.026	0.244
28.240	22.808	0.232
28.260	25.139	0.220
28.280	27.105	0.198
28.300	28.674	0.180
28.320	29.844	0.154
28.340	30.575	0.129
28.360	30.870	0.103
28.380	30.725	0.072
28.400	30.108	0.046
28.420	29.071	0.013
28.440	27.621	-0.017
28.460	25.773	-0.045
28.480	23.544	-0.078
28.500	20.950	-0.103
28.520	18.066	-0.132
28.540	14.918	-0.157
28.560	11.551	-0.179
28.580	8.124	-0.200
28.600	4.385	-0.219
28.620	0.696	-0.232
28.640	-3.037	-0.245
28.660	-6.711	-0.247
28.680	-10.304	-0.255
28.700	-13.720	-0.252
28.720	-16.943	-0.251
28.740	-19.946	-0.240
28.760	-22.626	-0.235
28.780	-24.973	-0.213
28.800	-26.982	-0.201
28.820	-28.566	-0.178
28.840	-29.775	-0.161
28.860	-30.510	-0.129
28.880	-30.817	-0.110
28.900	-30.672	-0.078
28.920	-30.108	-0.051
28.940	-29.098	-0.019
28.960	-27.621	0.009
28.980	-25.789	0.039
29.000	-23.571	0.067
29.020	-20.988	0.098
29.040	-18.103	0.125
29.060	-14.956	0.149
29.080	-11.599	0.172
29.100	-8.065	0.195
29.120	-4.402	0.208
29.140	-0.696	0.226
29.160	3.037	0.234
29.180	6.706	0.245
29.200	10.288	0.249
29.220	13.742	0.249
29.240	16.954	0.243
29.260	19.946	0.237
29.280	22.604	0.224
29.300	25.005	0.212
29.320	27.014	0.193
29.340	28.561	0.173
29.360	29.785	0.147
29.380	30.553	0.125
29.400	30.870	0.096
29.420	30.736	0.069
29.440	30.156	0.039
29.460	29.141	0.013
29.480	27.744	-0.021
29.500	25.886	-0.050
29.520	23.678	-0.076
29.540	21.170	-0.107
29.560	18.238	-0.132
29.580	15.187	-0.157
29.600	11.755	-0.178
29.620	8.226	-0.199
29.640	4.584	-0.218
29.660	0.889	-0.230
29.680	-2.833	-0.240
29.700	-6.512	-0.249
29.720	-10.116	-0.253
29.740	-13.543	-0.253
29.760	-16.782	-0.250
29.780	-19.784	-0.239
29.800	-22.481	-0.231
29.820	-24.871	-0.212
29.840	-26.896	-0.202
29.860	-28.534	-0.178
29.880	-29.726	-0.157
29.900	-30.494	-0.130
29.920	-30.817	-0.108
29.940	-30.725	-0.076
29.960	-30.177	-0.054
29.980	-29.195	-0.015
30.000	-27.755	0.010
30.020	-25.924	0.040
30.040	-23.797	0.074
30.060	-21.181	0.098
30.080	-18.307	0.129
30.100	-15.160	0.154
30.120	-11.819	0.177
30.140	-8.285	0.199
30.160	-4.633	0.216
30.180	-0.921	0.232
30.200	2.812	0.243
30.220	6.491	0.249
30.240	10.073	0.251
30.260	13.538	0.252
30.280	16.766	0.251
30.300	19.698	0.245
30.320	22.518	0.231
30.340	24.828	0.217
30.360	26.901	0.200
30.380	28.523	0.181
30.400	29.748	0.158
30.420	30.527	0.136
30.440	30.854	0.106
30.460	30.752	0.078
30.480	30.204	0.052
30.500	29.205	0.022
30.520	27.798	-0.008
30.540	26.042	-0.039
30.560	23.807	-0.069
30.580	21.245	-0.095
30.600	18.393	-0.123
30.620	15.273	-0.147
30.640	11.916	-0.168
30.660	8.414	-0.186
30.680	4.788	-0.206
30.700	1.077	-0.222
30.720	-2.640	-0.229
30.740	-6.330	-0.242
30.760	-9.939	-0.239
30.780	-13.371	-0.243
30.800	-16.632	-0.238
30.820	-19.639	-0.229
30.840	-22.368	-0.222
30.860	-24.753	-0.201
30.880	-26.799	-0.189
30.900	-28.480	-0.169
30.920	-29.699	-0.146
30.940	-30.489	-0.119
30.960	-30.790	-0.095
30.980	-30.747	-0.070
31.000	-30.220	-0.040
31.020	-29.264	-0.012
31.040	-27.830	0.018
31.060	-26.036	0.050
31.080	-23.840	0.079
31.100	-21.331	0.112
31.120	-18.463	0.133
31.140	-15.326	0.161
31.160	-12.029	0.184
31.180	-8.484	0.208
31.200	-4.842	0.224
31.220	-1.109	0.237
31.240	2.602	0.247
31.260	6.292	0.260
31.280	9.880	0.265
31.300	13.264	0.262
31.320	16.605	0.260
31.340	19.618	0.251
31.360	22.373	0.244
31.380	24.763	0.224
31.400	26.804	0.210
31.420	28.400	0.185
31.440	29.694	0.166
31.460	30.489	0.137
31.480	30.854	0.113
31.500	30.774	0.083
31.520	30.231	0.056
31.540	29.275	0.025
31.560	27.927	-0.006
31.580	26.117	-0.038
31.600	23.936	-0.062
31.620	21.390	-0.096
31.640	18.560	-0.116
31.660	15.536	-0.149
31.680	12.109	-0.162
31.700	8.618	-0.195
31.720	5.009	-0.207
31.740	1.302	-0.222
31.760	-2.425	-0.232
31.780	-6.126	-0.240
31.800	-9.714	-0.244
31.820	-13.173	-0.244
31.840	-16.427	-0.243
31.860	-19.457	-0.235
31.880	-22.212	-0.226
31.900	-24.613	-0.209
31.920	-26.686	-0.200
31.940	-28.357	-0.173
31.960	-29.597	-0.154
31.980	-30.441	-0.128
32.000	-30.790	-0.105
32.020	-30.731	-0.078
32.040	-30.247	-0.047
32.060	-29.291	-0.020
32.080	-27.922	0.012
32.100	-26.133	0.042
32.120	-23.974	0.071
32.140	-21.460	0.100
32.160	-18.673	0.128
32.180	-15.504	0.151
32.200	-12.190	0.176
32.220	-8.661	0.193
32.240	-5.019	0.215
32.260	-1.302	0.227
32.280	2.409	0.239
32.300	6.104	0.246
32.320	9.687	0.253
32.340	13.162	0.250
32.360	16.444	0.249
32.380	19.462	0.241
32.400	22.234	0.229
32.420	24.640	0.214
32.440	26.697	0.199
32.460	28.319	0.177
32.480	29.619	0.159
32.500	30.446	0.131
32.520	30.833	0.104
32.540	30.779	0.071
32.560	30.285	0.049
32.580	29.350	0.017
32.600	27.986	-0.012
32.620	26.273	-0.045
32.640	24.076	-0.071
32.660	21.562	-0.101
32.680	18.812	-0.127
32.700	15.654	-0.156
32.720	12.313	-0.175
32.740	8.833	-0.201
32.760	5.218	-0.218
32.780	1.523	-0.230
32.800	-2.199	-0.240
32.820	-5.895	-0.253
32.840	-9.510	-0.253
32.860	-12.963	-0.256
32.880	-16.250	-0.249
32.900	-19.290	-0.242
32.920	-22.051	-0.236
32.940	-24.484	-0.220
32.960	-26.573	-0.204
32.980	-28.265	-0.185
33.000	-29.522	-0.166
33.020	-30.398	-0.138
33.040	-30.779	-0.116
33.060	-30.752	-0.087
33.080	-30.247	-0.059
33.100	-29.356	-0.029
33.120	-28.002	0.002
33.140	-26.230	0.032
33.160	-24.092	0.062
33.180	-21.654	0.093
33.200	-18.775	0.120
33.220	-15.681	0.147
33.240	-12.372	0.169
33.260	-8.865	0.189
33.280	-5.229	0.208
33.300	-1.517	0.220
33.320	2.205	0.235
33.340	5.906	0.243
33.360	9.477	0.250
33.380	12.985	0.250
33.400	16.256	0.248
33.420	19.301	0.242
33.440	22.099	0.232
33.460	24.511	0.214
33.480	26.606	0.202
33.500	28.244	0.177
33.520	29.571	0.162
33.540	30.414	0.132
33.560	30.844	0.109
33.580	30.795	0.075
33.600	30.333	0.051
33.620	29.404	0.021
33.640	28.099	-0.010
33.660	26.321	-0.039
33.680	24.205	-0.066
33.700	21.702	-0.099
33.720	18.887	-0.124
33.740	15.896	-0.153
33.760	12.480	-0.173
33.780	9.021	-0.191
33.800	5.406	-0.211
33.820	1.711	-0.226
33.840	-1.915	-0.237
33.860	-5.696	-0.246
33.880	-9.236	-0.249
33.900	-12.802	-0.251
33.920	-16.105	-0.245
33.940	-19.156	-0.239
33.960	-21.917	-0.230
33.980	-24.387	-0.217
34.000	-26.493	-0.200
34.020	-28.239	-0.181
34.040	-29.506	-0.157
34.060	-30.403	-0.133
34.080	-30.758	-0.114
34.100	-30.784	-0.080
34.120	-30.360	-0.054
34.140	-29.447	-0.022
34.160	-28.136	0.010
34.180	-26.391	0.038
34.200	-24.264	0.071
34.220	-21.782	0.098
34.240	-18.973	0.126
34.260	-15.890	0.152
34.280	-12.603	0.174
34.300	-9.091	0.195
34.320	-5.460	0.214
34.340	-1.748	0.230
34.360	1.979	0.241
34.380	5.680	0.250
34.400	9.284	0.259
34.420	12.781	0.258
34.440	16.073	0.255
34.460	19.124	0.250
34.480	21.938	0.240
34.500	24.387	0.226
34.520	26.488	0.214
34.540	28.147	0.187
34.560	29.511	0.172
34.580	30.376	0.144
34.600	30.822	0.118
34.620	30.806	0.090
34.640	30.376	0.063
34.660	29.463	0.031
34.680	28.158	0.003
34.700	26.471	-0.028
34.720	24.334	-0.056
34.740	21.847	-0.087
34.760	19.054	-0.109
34.780	16.009	-0.140
34.800	12.695	-0.160
34.820	9.225	-0.181
34.840	5.599	-0.200
34.860	1.920	-0.215
34.880	-1.791	-0.228
34.900	-5.497	-0.233
34.920	-9.048	-0.239
34.940	-12.625	-0.239
34.960	-15.917	-0.238
34.980	-18.979	-0.233
35.000	-21.777	-0.221
35.020	-24.194	-0.208
35.040	-26.385	-0.192
35.060	-28.126	-0.176
35.080	-29.452	-0.153
35.100	-30.349	-0.123
35.120	-30.758	-0.107
35.140	-30.811	-0.074
35.160	-30.355	-0.042
35.180	-29.517	-0.019
35.200	-28.212	0.013
35.220	-26.471	0.043
35.240	-24.361	0.071
35.260	-21.906	0.105
35.280	-19.124	0.129
35.300	-16.052	0.154
35.320	-12.770	0.181
35.340	-9.279	0.203
35.360	-5.642	0.214
35.380	-1.947	0.234
35.400	1.770	0.245
35.420	5.476	0.252
35.440	9.091	0.257
35.460	12.517	0.260
35.480	15.890	0.260
35.500	18.963	0.253
35.520	21.782	0.242
35.540	24.264	0.228
35.560	26.385	0.212
35.580	28.110	0.188
35.600	29.458	0.172
35.620	30.344	0.140
35.640	30.806	0.122
35.660	30.827	0.089
35.680	30.398	0.063
35.700	29.533	0.029
35.720	28.233	-0.003
35.740	26.536	-0.032
35.760	24.463	-0.061
35.780	21.981	-0.091
35.800	19.226	-0.116
35.820	16.175	-0.145
35.840	12.866	-0.166
35.860	9.418	-0.187
35.880	5.836	-0.208
35.900	2.140	-0.222
35.920	-1.582	-0.233
35.940	-5.282	-0.244
35.960	-8.919	-0.243
35.980	-12.319	-0.248
36.000	-15.713	-0.243
36.020	-18.812	-0.240
36.040	-21.621	-0.230
36.060	-24.103	-0.219
36.080	-26.230	-0.202
36.100	-28.013	-0.185
36.120	-29.366	-0.161
36.140	-30.274	-0.137
36.160	-30.720	-0.116
36.180	-30.806	-0.087
36.200	-30.392	-0.059
36.220	-29.554	-0.029
36.240	-28.255	0.000
36.260	-26.541	0.033
36.280	-24.500	0.059
36.300	-22.035	0.087
36.320	-19.263	0.116
36.340	-16.218	0.142
36.360	-12.942	0.164
36.380	-9.461	0.187
36.400	-5.841	0.202
36.420	-2.146	0.218
36.440	1.582	0.232
36.460	5.277	0.241
36.480	8.892	0.249
36.500	12.405	0.248
36.520	15.724	0.248
36.540	18.812	0.239
36.560	21.643	0.233
36.580	24.140	0.217
36.600	26.267	0.203
36.620	28.024	0.178
36.640	29.393	0.160
36.660	30.312	0.136
36.680	30.784	0.112
36.700	30.827	0.076
36.720	30.435	0.054
36.740	29.581	0.019
36.760	28.324	-0.005
36.780	26.638	-0.037
36.800	24.597	-0.065
36.820	22.142	-0.098
36.840	19.382	-0.124
36.860	16.363	-0.151
36.880	13.065	-0.172
36.900	9.622	-0.194
36.920	6.029	-0.209
36.940	2.441	-0.226
36.960	-1.367	-0.240
36.980	-5.068	-0.244
37.000	-8.704	-0.253
37.020	-12.217	-0.252
37.040	-15.450	-0.254
37.060	-18.635	-0.244
37.080	-21.466	-0.234
37.100	-23.974	-0.225
37.120	-26.155	-0.208
37.140	-27.927	-0.192
37.160	-29.297	-0.166
37.180	-30.231	-0.145
37.200	-30.709	-0.120
37.220	-30.801	-0.091
37.240	-30.430	-0.060
37.260	-29.608	-0.031
37.280	-28.346	-0.004
37.300	-26.665	0.029
37.320	-24.597	0.054
37.340	-22.255	0.086
37.360	-19.430	0.116
37.380	-16.395	0.140
37.400	-13.151	0.164
37.420	-9.665	0.189
37.440	-6.061	0.205
37.460	-2.344	0.223
37.480	1.356	0.234
37.500	5.062	0.247
37.520	8.693	0.252
37.540	12.211	0.253
37.560	15.547	0.253
37.580	18.560	0.245
37.600	21.492	0.238
37.620	24.011	0.224
37.640	26.160	0.207
37.660	27.932	0.185
37.680	29.307	0.169
37.700	30.263	0.141
37.720	30.774	0.121
37.740	30.838	0.087
37.760	30.473	0.061
37.780	29.646	0.030
37.800	28.437	0.004
37.820	26.751	-0.031
37.840	24.704	-0.056
37.860	22.298	-0.087
37.880	19.537	-0.113
37.900	16.519	-0.144
37.920	13.248	-0.170
37.940	9.800	-0.183
37.960	6.212	-0.202
37.980	2.532	-0.220
38.000	-1.184	-0.230
38.020	-4.890	-0.241
38.040	-8.553	-0.244
38.060	-12.034	-0.247
38.080	-15.375	-0.244
38.100	-18.506	-0.239
38.120	-21.347	-0.227
38.140	-23.818	-0.216
38.160	-26.063	-0.199
38.180	-27.873	-0.183
38.200	-29.270	-0.157
38.220	-30.237	-0.136
38.240	-30.715	-0.112
38.260	-30.811	-0.088
38.280	-30.489	-0.058
38.300	-29.689	-0.027
38.320	-28.469	0.005
38.340	-26.799	0.036
38.360	-24.763	0.063
38.380	-22.373	0.091
38.400	-19.618	0.122
38.420	-16.589	0.148
38.440	-13.366	0.174
38.460	-9.880	0.194
38.480	-6.292	0.212
38.500	-2.672	0.230
38.520	1.157	0.245
38.540	4.864	0.258
38.560	8.489	0.259
38.580	12.012	0.261
38.600	15.359	0.260
38.620	18.474	0.253
38.640	21.331	0.246
38.660	23.883	0.232
38.680	26.042	0.218
38.700	27.846	0.195
38.720	29.248	0.176
38.740	30.215	0.149
38.760	30.763	0.126
38.780	30.854	0.100
38.800	30.521	0.070
38.820	29.694	0.041
38.840	28.486	0.011
38.860	26.842	-0.021
38.880	24.833	-0.048
38.900	22.502	-0.082
38.920	19.704	-0.103
38.940	16.707	-0.133
38.960	13.441	-0.156
38.980	10.009	-0.177
39.000	6.427	-0.198
39.020	2.769	-0.215
39.040	-0.959	-0.224
39.060	-4.681	-0.233
39.080	-8.333	-0.240
39.100	-11.846	-0.242
39.120	-15.187	-0.238
39.140	-18.318	-0.236
39.160	-21.181	-0.227
39.180	-23.711	-0.214
39.200	-25.929	-0.192
39.220	-27.718	-0.184
39.240	-29.189	-0.161
39.260	-30.145	-0.135
39.280	-30.698	-0.112
39.300	-30.827	-0.087
39.320	-30.494	-0.054
39.340	-29.737	-0.026
39.360	-28.529	0.002
39.380	-26.880	0.037
39.400	-24.844	0.060
39.420	-22.497	0.094
39.440	-19.752	0.122
39.460	-16.739	0.145
39.480	-13.522	0.172
39.500	-10.068	0.193
39.520	-6.480	0.209
39.540	-2.769	0.224
39.560	0.953	0.238
39.580	4.659	0.250
39.600	8.296	0.253
39.620	11.830	0.257
39.640	15.181	0.257
39.660	18.297	0.248
39.680	21.181	0.241
39.700	23.743	0.227
39.720	25.886	0.215
39.740	27.766	0.189
39.760	29.189	0.171
39.780	30.156	0.145
39.800	30.736	0.124
39.820	30.865	0.092
39.840	30.537	0.069
39.860	29.780	0.033
39.880	28.555	0.004
39.900	26.949	-0.029
39.920	25.016	-0.055
39.940	22.567	-0.088
39.960	19.860	-0.109
39.980	16.879	-0.144
40.000	13.635	-0.162
40.020	10.208	-0.190
40.040	6.636	-0.206
40.060	2.968	-0.224
40.080	-0.744	-0.232
40.100	-4.461	-0.246
40.120	-8.108	-0.248
40.140	-11.636	-0.253
40.160	-14.983	-0.249
40.180	-18.060	-0.245
40.200	-21.004	-0.237
40.220	-23.507	-0.225
40.240	-25.795	-0.207
40.260	-27.594	-0.191
40.280	-29.103	-0.170
40.300	-30.108	-0.148
40.320	-30.645	-0.126
40.340	-30.801	-0.099
40.360	-30.516	-0.068
40.380	-29.780	-0.037
40.400	-28.582	-0.009
40.420	-26.971	0.020
40.440	-25.016	0.050
40.460	-22.610	0.081
40.480	-19.908	0.104
40.500	-16.927	0.132
40.520	-13.694	0.159
40.540	-10.256	0.179
40.560	-6.674	0.200
40.580	-2.973	0.216
40.600	0.755	0.229
40.620	4.466	0.241
40.640	8.102	0.245
40.660	11.631	0.248
40.680	14.999	0.245
40.700	18.141	0.245
40.720	20.966	0.233
40.740	23.614	0.220
40.760	25.827	0.207
40.780	27.675	0.185
40.800	29.114	0.164
40.820	30.145	0.140
40.840	30.709	0.116
40.860	30.876	0.088
40.880	30.575	0.061
40.900	29.812	0.029
40.920	28.641	-0.001
40.940	27.041	-0.033
40.960	25.080	-0.057
40.980	22.717	-0.091
41.000	20.031	-0.114
41.020	17.051	-0.147
41.040	13.833	-0.162
41.060	10.412	-0.191
41.080	6.840	-0.203
41.100	3.172	-0.227
41.120	-0.534	-0.232
41.140	-4.165	-0.249
41.160	-7.909	-0.249
41.180	-11.363	-0.258
41.200	-14.805	-0.250
41.220	-17.964	-0.245
41.240	-20.864	-0.236
41.260	-23.458	-0.224
41.280	-25.693	-0.212
41.300	-27.573	-0.191
41.320	-29.044	-0.174
41.340	-30.081	-0.147
41.360	-30.661	-0.125
41.380	-30.817	-0.099
41.400	-30.553	-0.067
41.420	-29.850	-0.042
41.440	-28.684	-0.007
41.460	-27.105	0.021
41.480	-25.129	0.052
41.500	-22.765	0.080
41.520	-20.091	0.110
41.540	-17.110	0.138
41.560	-13.898	0.164
41.580	-10.492	0.179
41.600	-6.894	0.203
41.620	-3.204	0.220
41.640	0.518	0.236
41.660	4.246	0.247
41.680	7.791	0.254
41.700	11.432	0.253
41.720	14.805	0.254
41.740	17.958	0.249
41.760	20.864	0.242
41.780	23.480	0.226
41.800	25.703	0.215
41.820	27.562	0.194
41.840	29.007	0.173
41.860	30.092	0.147
41.880	30.704	0.126
41.900	30.870	0.097
41.920	30.591	0.072
41.940	29.866	0.039
41.960	28.711	0.011
41.980	27.137	-0.021
42.000	25.198	-0.044
42.020	22.867	-0.078
42.040	20.246	-0.102
42.060	17.228	-0.131
42.080	14.000	-0.151
42.100	10.600	-0.176
42.120	7.017	-0.195
42.140	3.365	-0.215
42.160	-0.346	-0.222
42.180	-4.063	-0.235
42.200	-7.737	-0.238
42.220	-11.271	-0.244
42.240	-14.564	-0.240
42.260	-17.813	-0.238
42.280	-20.735	-0.226
42.300	-23.324	-0.221
42.320	-25.607	-0.201
42.340	-27.438	-0.188
42.360	-28.996	-0.162
42.380	-30.043	-0.140
42.400	-30.650	-0.116
42.420	-30.870	-0.093
42.440	-30.596	-0.060
42.460	-29.920	-0.035
42.480	-28.765	0.000
42.500	-27.202	0.025
42.520	-25.236	0.059
42.540	-22.927	0.087
42.560	-20.246	0.114
42.580	-17.281	0.146
42.600	-14.091	0.167
42.620	-10.664	0.187
42.640	-7.087	0.209
42.660	-3.403	0.228
42.680	0.320	0.243
42.700	4.036	0.250
42.720	7.678	0.261
42.740	11.244	0.261
42.760	14.628	0.261
42.780	17.792	0.257
42.800	20.714	0.248
42.820	23.340	0.234
42.840	25.596	0.220
42.860	27.487	0.198
42.880	28.969	0.184
42.900	30.043	0.154
42.920	30.661	0.135
42.940	30.881	0.105
42.960	30.634	0.074
42.980	29.909	-0.431
43.000	28.829	0.017
43.020	27.240	-0.020
43.040	25.322	-0.042
43.060	23.002	-0.076
43.080	20.343	-0.098
43.100	17.400	-0.132
43.120	14.284	-0.152
43.140	10.799	-0.174
43.160	7.345	-0.195
43.180	3.574	-0.213
43.200	-0.132	-0.225
43.220	-3.843	-0.232
43.240	-7.501	-0.239
43.260	-10.976	-0.244
43.280	-14.446	-0.244
43.300	-17.550	-0.237
43.320	-20.563	-0.231
43.340	-23.179	-0.218
43.360	-25.451	-0.204
43.380	-27.390	-0.189
43.400	-28.888	-0.166
43.420	-29.990	-0.142
43.440	-30.596	-0.122
43.460	-30.827	-0.096
43.480	-30.591	-0.064
43.500	-29.925	-0.037
43.520	-28.835	-0.008
43.540	-27.288	0.023
43.560	-25.333	0.053
43.580	-23.029	0.080
43.600	-20.402	0.108
43.620	-17.432	0.138
43.640	-14.252	0.162
43.660	-10.842	0.183
43.680	-7.275	0.202
43.700	-3.601	0.217
43.720	0.121	0.233
43.740	3.832	0.243
43.760	7.495	0.252
43.780	11.051	0.250
43.800	14.440	0.253
43.820	17.636	0.248
43.840	20.558	0.240
43.860	23.211	0.227
43.880	25.472	0.212
43.900	27.379	0.193
43.920	28.899	0.172
43.940	29.990	0.144
43.960	30.650	0.124
43.980	30.870	0.092
44.000	30.645	0.068
44.020	29.968	0.039
44.040	28.862	0.004
44.060	27.342	-0.028
44.080	25.446	-0.054
44.100	23.131	-0.081
44.120	20.504	-0.109
44.140	17.577	-0.137
44.160	14.386	-0.163
44.180	10.997	-0.186
44.200	7.447	-0.203
44.220	3.881	-0.224
44.240	0.089	-0.235
44.260	-3.537	-0.244
44.280	-7.302	-0.253
44.300	-10.868	-0.257
44.320	-14.241	-0.249
44.340	-17.459	-0.249
44.360	-20.397	-0.240
44.380	-23.012	-0.231
44.400	-25.327	-0.212
44.420	-27.277	-0.201
44.440	-28.808	-0.177
44.460	-29.920	-0.157
44.480	-30.575	-0.132
44.500	-30.806	-0.109
44.520	-30.602	-0.076
44.540	-29.979	-0.048
44.560	-28.883	-0.016
44.580	-27.352	0.012
44.600	-25.435	0.045
44.620	-23.163	0.073
44.640	-20.542	0.103
44.660	-17.593	0.129
44.680	-14.429	0.152
44.700	-11.035	0.176
44.720	-7.452	0.193
44.740	-3.800	0.211
44.760	-0.089	0.228
44.780	3.548	0.240
44.800	7.286	0.244
44.820	10.852	0.249
44.840	14.268	0.247
44.860	17.459	0.245
44.880	20.397	0.236
44.900	23.072	0.227
44.920	25.365	0.212
44.940	27.293	0.191
44.960	28.824	0.173
44.980	29.914	0.145
45.000	30.634	-0.373
45.020	30.870	0.093
45.040	30.672	0.067
45.060	30.022	0.040
45.080	28.937	0.006
45.100	27.433	-0.021
45.120	25.607	-0.054
45.140	23.270	-0.079
45.160	20.655	-0.111
45.180	17.727	-0.134
45.200	14.558	-0.161
45.220	11.175	-0.182
45.240	7.646	-0.200
45.260	3.993	-0.217
45.280	0.287	-0.231
45.300	-3.446	-0.245
45.320	-7.109	-0.249
45.340	-10.589	-0.252
45.360	-14.075	-0.248
45.380	-17.212	-0.246
45.400	-20.252	-0.233
45.420	-22.905	-0.230
45.440	-25.220	-0.207
45.460	-27.213	-0.201
45.480	-28.786	-0.173
45.500	-29.893	-0.155
45.520	-30.596	-0.126
45.540	-30.822	-0.103
45.560	-30.672	-0.075
45.580	-30.054	-0.045
45.600	-29.001	-0.013
45.620	-27.513	0.014
45.640	-25.596	0.047
45.660	-23.340	0.076
45.680	-20.724	0.104
45.700	-17.813	0.131
45.720	-14.660	0.156
45.740	-11.266	0.179
45.760	-7.710	0.196
45.780	-4.047	0.220
45.800	-0.320	0.234
45.820	3.403	0.245
45.840	7.076	0.251
45.860	10.648	0.255
45.880	14.070	0.258
45.900	17.276	0.253
45.920	20.241	0.246
45.940	22.937	0.229
45.960	25.231	0.220
45.980	27.186	0.201
46.000	28.738	0.179
46.020	29.909	0.158
46.040	30.613	0.133
46.060	30.860	0.104
46.080	30.693	0.077
46.100	30.054	0.050
46.120	29.012	0.019
46.140	27.524	-0.012
46.160	25.666	-0.037
46.180	23.399	-0.066
46.200	20.805	-0.100
46.220	17.910	-0.120
46.240	14.827	-0.150
46.260	11.368	-0.167
46.280	7.844	-0.192
46.300	4.192	-0.206
46.320	0.486	-0.221
46.340	-3.145	-0.231
46.360	-6.905	-0.237
46.380	-10.492	-0.240
46.400	-13.925	-0.239
46.420	-17.136	-0.237
46.440	-20.101	-0.224
46.460	-22.776	-0.219
46.480	-25.118	-0.201
46.500	-27.078	-0.190
46.520	-28.711	-0.163
46.540	-29.818	-0.144
46.560	-30.537	-0.116
46.580	-30.817	-0.094
46.600	-30.677	-0.065
46.620	-30.113	-0.034
46.640	-29.055	-0.006
46.660	-27.594	0.026
46.680	-25.687	0.053
46.700	-23.469	0.087
46.720	-20.880	0.113
46.740	-17.958	0.136
46.760	-14.805	0.165
46.780	-11.443	0.190
46.800	-7.898	0.205
46.820	-4.224	0.224
46.840	-0.513	0.236
46.860	3.215	0.249
46.880	6.888	0.255
46.900	10.444	0.261
46.920	13.892	0.258
46.940	17.115	0.259
46.960	20.015	0.250
46.980	22.792	0.235
47.000	25.118	0.227
47.020	27.041	0.205
47.040	28.674	0.184
47.060	29.839	0.160
47.080	30.580	0.137
47.100	30.854	0.111
47.120	30.720	0.077
47.140	30.108	0.051
47.160	29.093	0.019
47.180	27.621	-0.015
47.200	25.789	-0.037
47.220	23.625	-0.069
47.240	20.966	-0.098
47.260	18.162	-0.125
47.280	14.945	-0.149
47.300	11.567	-0.170
47.320	8.049	-0.195
47.340	4.402	-0.210
47.360	0.803	-0.227
47.380	-3.021	-0.238
47.400	-6.706	-0.240
47.420	-10.272	-0.262
47.440	-13.704	-0.248
47.460	-16.836	-0.257
47.480	-19.935	-0.234
47.500	-22.626	-0.239
47.520	-24.978	-0.213
47.540	-26.966	-0.207
47.560	-28.593	-0.178
47.580	-29.759	-0.163
47.600	-30.500	-0.134
47.620	-30.811	-0.112
47.640	-30.672	-0.083
47.660	-30.118	-0.050
47.680	-29.098	-0.025
47.700	-27.658	0.007
47.720	-25.795	0.037
47.740	-23.582	0.067
47.760	-21.014	0.096
47.780	-18.205	0.121
47.800	-14.972	0.147
47.820	-11.636	0.170
47.840	-8.086	0.191
47.860	-4.434	0.212
47.880	-0.808	0.234
47.900	3.016	0.240
47.920	6.604	0.249
47.940	10.261	0.253
47.960	13.710	0.256
47.980	16.943	0.253
48.000	19.929	0.245
48.020	22.658	0.231
48.040	25.000	0.223
48.060	26.998	0.201
48.080	28.598	0.179
48.100	29.785	0.156
48.120	30.532	0.130
48.140	30.865	0.107
48.160	30.736	0.076
48.180	30.161	0.049
48.200	29.152	0.016
48.220	27.712	-0.009
48.240	25.902	-0.042
48.260	23.695	-0.070
48.280	21.111	-0.102
48.300	18.259	-0.131
48.320	15.128	-0.160
48.340	11.771	-0.180
48.360	8.263	-0.199
48.380	4.713	-0.219
48.400	0.921	-0.232
48.420	-2.710	-0.247
48.440	-6.486	-0.250
48.460	-10.073	-0.261
48.480	-13.506	-0.249
48.500	-16.744	-0.257
48.520	-19.758	-0.238
48.540	-22.454	-0.239
48.560	-24.823	-0.215
48.580	-26.890	-0.209
48.600	-28.502	-0.179
48.620	-29.678	-0.165
48.640	-30.478	-0.137
48.660	-30.784	-0.110
48.680	-30.698	-0.083
48.700	-30.156	-0.055
48.720	-29.178	-0.023
48.740	-27.750	0.008
48.760	-25.907	0.038
48.780	-23.764	0.067
48.800	-21.149	0.096
48.820	-18.275	0.125
48.840	-15.165	0.149
48.860	-11.824	0.174
48.880	-8.296	0.192
48.900	-4.643	0.211
48.920	-0.932	0.228
48.940	2.796	0.238
48.960	6.486	0.245
48.980	9.971	0.249
49.000	13.527	0.253
49.020	16.691	0.247
49.040	19.763	0.241
49.060	22.497	0.231
49.080	24.876	0.217
49.100	26.901	0.198
49.120	28.512	0.177
49.140	29.742	0.155
49.160	30.516	0.132
49.180	30.849	0.103
49.200	30.747	0.078
49.220	30.204	0.049
49.240	29.216	0.015
49.260	27.809	-0.449
49.280	26.063	-0.041
49.300	23.818	-0.070
49.320	21.267	-0.095
49.340	18.490	-0.128
49.360	15.294	-0.149
49.380	12.029	-0.172
49.400	8.430	-0.198
49.420	4.810	-0.215
49.440	1.098	-0.228
49.460	-2.624	-0.236
49.480	-6.314	-0.244
49.500	-9.907	-0.252
49.520	-13.355	-0.247
49.540	-16.524	-0.244
49.560	-19.639	-0.233
49.580	-22.357	-0.229
49.600	-24.758	-0.213
49.620	-26.821	-0.198
49.640	-28.459	-0.176
49.660	-29.694	-0.153
49.680	-30.489	-0.125
49.700	-30.790	-0.103
49.720	-30.741	-0.073
49.740	-30.237	-0.047
49.760	-29.281	-0.008
49.780	-27.884	0.017
49.800	-26.063	0.048
49.820	-23.877	0.076
49.840	-21.342	0.108
49.860	-18.485	0.131
49.880	-15.375	0.161
49.900	-12.141	0.184
49.920	-8.505	0.205
49.940	-4.880	0.219
49.960	-1.157	0.236
49.980	2.575	0.247
50.000	6.255	0.255
50.020	9.848	0.261
50.040	13.328	0.261
50.060	16.508	0.260
50.080	19.607	0.251
50.100	22.368	0.243
50.120	24.742	0.224
50.140	26.778	0.207
50.160	28.432	0.187
50.180	29.689	0.169
50.200	30.489	0.140
50.220	30.849	0.118
50.240	30.763	0.085
50.260	30.231	0.060
50.280	29.281	0.032
50.300	27.932	-0.004
50.320	26.128	-0.030
50.340	23.952	-0.059
50.360	21.482	-0.091
50.380	18.587	-0.114
50.400	15.471	-0.141
50.420	12.125	-0.168
50.440	8.645	-0.184
50.460	5.030	-0.203
50.480	1.319	-0.215
50.500	-2.393	-0.234
50.520	-6.083	-0.235
50.540	-9.714	-0.242
50.560	-13.151	-0.237
50.580	-16.411	-0.239
50.600	-19.457	-0.225
50.620	-22.191	-0.221
50.640	-24.624	-0.204
50.660	-26.676	-0.189
50.680	-28.378	-0.174
50.700	-29.608	-0.151
50.720	-30.441	-0.124
50.740	-30.817	-0.101
50.760	-30.747	-0.069
50.780	-30.280	-0.043
50.800	-29.302	-0.016
50.820	-27.943	0.017
50.840	-26.171	0.048
50.860	-23.990	0.079
50.880	-21.482	0.105
50.900	-18.630	0.129
50.920	-15.531	0.158
50.940	-12.195	0.181
50.960	-8.693	0.203
50.980	-5.057	0.218
51.000	-1.345	0.235
51.020	2.393	0.239
51.040	6.072	0.256
51.060	9.579	0.258
51.080	13.135	0.257
51.100	16.422	0.252
51.120	19.446	0.248
51.140	22.234	0.241
51.160	24.575	0.224
51.180	26.692	0.208
51.200	28.319	0.187
51.220	29.619	0.162
51.240	30.441	0.137
51.260	30.838	0.112
51.280	30.779	-0.407
51.300	30.306	0.054
51.320	29.356	0.025
51.340	27.986	-0.008
51.360	26.230	-0.037
51.380	24.087	-0.066
51.400	21.573	-0.094
51.420	18.753	-0.123
51.440	15.670	-0.149
51.460	12.345	-0.175
51.480	8.860	-0.189
51.500	5.229	-0.213
51.520	1.544	-0.224
51.540	-2.183	-0.238
51.560	-5.766	-0.249
51.580	-9.504	-0.253
51.600	-12.942	-0.250
51.620	-16.223	-0.250
51.640	-19.274	-0.239
51.660	-21.976	-0.231
51.680	-24.473	-0.215
51.700	-26.573	-0.204
51.720	-28.265	-0.185
51.740	-29.522	-0.162
51.760	-30.365	-0.136
51.780	-30.752	-0.112
51.800	-30.752	-0.085
51.820	-30.274	-0.058
51.840	-29.356	-0.025
51.860	-28.018	-0.000
51.880	-26.251	0.035
51.900	-24.103	0.062
51.920	-21.616	0.096
51.940	-18.785	0.120
51.960	-15.697	0.147
51.980	-12.410	0.168
52.000	-8.897	0.186
52.020	-5.250	0.203
52.040	-1.539	0.219
52.060	2.178	0.230
52.080	5.884	0.245
52.100	9.477	0.246
52.120	12.958	0.244
52.140	16.240	0.248
52.160	19.274	0.237
52.180	22.078	0.230
52.200	24.500	0.214
52.220	26.573	0.199
52.240	28.271	0.174
52.260	29.565	0.161
52.280	30.392	0.130
52.300	30.844	0.102
52.320	30.795	0.075
52.340	30.333	0.046
52.360	29.415	0.022
52.380	28.115	-0.018
52.400	26.337	-0.039
52.420	24.210	-0.073
52.440	21.713	-0.100
52.460	18.909	-0.130
52.480	15.837	-0.153
52.500	12.533	-0.178
52.520	9.053	-0.195
52.540	5.438	-0.215
52.560	1.754	-0.232
52.580	-1.979	-0.240
52.600	-5.648	-0.251
52.620	-9.289	-0.249
52.640	-12.764	-0.261
52.660	-16.052	-0.245
52.680	-19.027	-0.248
52.700	-21.885	-0.233
52.720	-24.339	-0.225
52.740	-26.439	-0.201
52.760	-28.169	-0.190
52.780	-29.485	-0.162
52.800	-30.355	-0.142
52.820	-30.747	-0.114
52.840	-30.768	-0.086
52.860	-30.333	-0.058
52.880	-29.458	-0.025
52.900	-28.115	-0.000
52.920	-26.359	0.035
52.940	-24.253	0.059
52.960	-21.788	0.094
52.980	-18.963	0.116
53.000	-15.890	0.152
53.020	-12.603	0.170
53.040	-9.096	0.195
53.060	-5.470	0.208
53.080	-1.759	0.231
53.100	1.947	0.236
53.120	5.653	0.248
53.140	9.279	0.251
53.160	12.748	0.255
53.180	16.057	0.253
53.200	19.113	0.245
53.220	21.917	0.238
53.240	24.377	0.220
53.260	26.466	0.207
53.280	28.185	0.183
53.300	29.506	0.166
53.320	30.382	0.136
53.340	30.822	0.115
53.360	30.811	0.080
53.380	30.382	0.060
53.400	29.469	0.025
53.420	28.163	0.003
53.440	26.428	-0.032
53.460	24.398	-0.061
53.480	21.858	-0.089
53.500	19.140	-0.115
53.520	16.025	-0.143
53.540	12.797	-0.167
53.560	9.241	-0.181
53.580	5.718	-0.211
53.600	1.931	-0.224
53.620	-1.791	-0.253
53.640	-5.487	-0.248
53.660	-9.128	-0.259
53.680	-12.593	-0.253
53.700	-15.896	-0.253
53.720	-18.984	-0.246
53.740	-21.788	-0.234
53.760	-24.264	-0.227
53.780	-26.321	-0.203
53.800	-28.131	-0.187
53.820	-29.452	-0.170
53.840	-30.360	-0.138
53.860	-30.768	-0.120
53.880	-30.801	-0.087
53.900	-30.376	-0.066
53.920	-29.528	-0.029
53.940	-28.233	-0.006
53.960	-26.509	0.036
53.980	-24.393	0.058
54.000	-21.938	0.106
54.020	-19.156	0.123
54.040	-16.089	0.154
54.060	-12.899	0.175
54.080	-9.322	0.201
54.100	-5.691	0.218
54.120	-1.979	0.231
54.140	1.748	0.251
54.160	5.444	0.258
54.180	9.058	0.267
54.200	12.576	0.261
54.220	15.874	0.264
54.240	18.941	0.254
54.260	21.772	0.253
54.280	24.253	0.235
54.300	26.369	0.219
54.320	28.094	0.191
54.340	29.436	0.174
54.360	30.323	0.147
54.380	30.806	0.124
54.400	30.817	0.096
54.420	30.398	0.067
54.440	29.554	0.041
54.460	28.244	0.003
54.480	26.547	-0.017
54.500	24.473	-0.058
54.520	22.008	-0.069
54.540	19.317	-0.120
54.560	16.197	-0.126
54.580	12.893	-0.179
54.600	9.450	-0.176
54.620	5.841	-0.217
54.640	2.156	-0.215
54.660	-1.555	-0.240
54.680	-5.272	-0.242
54.700	-8.811	-0.243
54.720	-12.405	-0.256
54.740	-15.686	-0.237
54.760	-18.780	-0.249
54.780	-21.621	-0.217
54.800	-24.097	-0.232
54.820	-26.257	-0.192
54.840	-28.008	-0.198
54.860	-29.350	-0.151
54.880	-30.306	-0.146
54.900	-30.731	-0.109
54.920	-30.817	-0.090
54.940	-30.376	-0.058
54.960	-29.549	-0.029
54.980	-28.287	-0.005
55.000	-26.573	0.036
55.020	-24.511	0.055
55.040	-22.062	0.097
55.060	-19.280	0.116
55.080	-16.240	0.145
55.100	-13.049	0.170
55.120	-9.488	0.203
55.140	-5.857	0.216
55.160	-2.162	0.235
55.180	1.544	0.244
55.200	5.261	0.253
55.220	8.876	0.259
55.240	12.394	0.258
55.260	15.697	0.259
55.280	18.775	0.251
55.300	21.632	0.245
55.320	24.114	0.232
55.340	26.257	0.216
55.360	28.024	0.189
55.380	29.383	0.174
55.400	30.280	0.140
55.420	30.790	0.125
55.440	30.833	0.087
55.460	30.441	0.067
55.480	29.592	0.033
55.500	28.341	0.006
55.520	26.697	-0.027
55.540	24.602	-0.057
55.560	22.164	-0.085
55.580	19.478	-0.120
55.600	16.390	-0.137
55.620	13.183	-0.169
55.640	9.649	-0.186
55.660	6.061	-0.217
55.680	2.366	-0.224
55.700	-1.351	-0.244
55.720	-5.041	-0.244
55.740	-8.693	-0.255
55.760	-12.184	-0.259
55.780	-15.498	-0.253
55.800	-18.614	-0.249
55.820	-21.444	-0.237
55.840	-23.942	-0.235
55.860	-26.133	-0.209
55.880	-27.911	-0.195
55.900	-29.291	-0.169
55.920	-30.237	-0.149
55.940	-30.715	-0.125
55.960	-30.801	-0.097
55.980	-30.419	-0.066
56.000	-29.614	-0.041
56.020	-28.351	-0.008
56.040	-26.659	0.019
56.060	-24.602	0.050
56.080	-22.201	0.082
56.100	-19.435	0.107
56.120	-16.401	0.137
56.140	-13.151	0.160
56.160	-9.692	0.182
56.180	-6.072	0.196
56.200	-2.382	0.216
56.220	1.345	0.237
56.240	5.057	0.243
56.260	8.677	0.251
56.280	12.200	0.251
56.300	15.520	0.250
56.320	18.624	0.245
56.340	21.482	0.239
56.360	23.990	0.222
56.380	26.138	0.208
56.400	27.927	0.188
56.420	29.307	0.165
56.440	30.263	0.138
56.460	30.768	0.118
56.480	30.849	0.091
56.500	30.484	0.059
56.520	29.651	0.034
56.540	28.448	-0.001
56.560	26.756	-0.026
56.580	24.731	-0.059
56.600	22.303	-0.084
56.620	19.639	-0.113
56.640	16.567	-0.144
56.660	13.285	-0.168
56.680	9.837	-0.186
56.700	6.260	-0.207
56.720	2.575	-0.222
56.740	-1.039	-0.235
56.760	-4.842	-0.249
56.780	-8.484	-0.247
56.800	-12.002	-0.257
56.820	-15.337	-0.246
56.840	-18.393	-0.245
56.860	-21.315	-0.231
56.880	-23.781	-0.228
56.900	-26.026	-0.203
56.920	-27.841	-0.195
56.940	-29.254	-0.170
56.960	-30.210	-0.145
56.980	-30.725	-0.120
57.000	-30.806	-0.092
57.020	-30.473	-0.065
57.040	-29.694	-0.033
57.060	-28.480	-0.004
57.080	-26.799	0.029
57.100	-24.780	0.056
57.120	-22.363	0.087
57.140	-19.639	0.112
57.160	-16.610	0.145
57.180	-13.366	0.166
57.200	-9.918	0.190
57.220	-6.298	0.204
57.240	-2.699	0.224
57.260	1.115	0.236
57.280	4.831	0.245
57.300	8.457	0.253
57.320	11.986	0.253
57.340	15.326	0.255
57.360	18.452	0.247
57.380	21.315	0.242
57.400	23.791	0.223
57.420	26.036	0.207
57.440	27.841	0.190
57.460	29.238	0.172
57.480	30.215	0.144
57.500	30.747	0.123
57.520	30.854	0.090
57.540	30.510	0.070
57.560	29.699	0.032
57.580	28.491	0.012
57.600	26.896	-0.023
57.620	24.849	-0.048
57.640	22.438	-0.083
57.660	19.715	-0.104
57.680	16.734	-0.132
57.700	13.463	-0.157
57.720	10.025	-0.176
57.740	6.448	-0.195
57.760	2.774	-0.212
57.780	-0.857	-0.223
57.800	-4.670	-0.235
57.820	-8.312	-0.239
57.840	-11.830	-0.243
57.860	-15.181	-0.240
57.880	-18.307	-0.234
57.900	-21.192	-0.225
57.920	-23.721	-0.211
57.940	-25.907	-0.195
57.960	-27.728	-0.184
57.980	-29.200	-0.159
58.000	-30.204	-0.136
58.020	-30.698	-0.109
58.040	-30.827	-0.083
58.060	-30.500	-0.051
58.080	-29.748	-0.027
58.100	-28.550	0.006
58.120	-26.917	0.033
58.140	-24.892	0.062
58.160	-22.529	0.094
58.180	-19.806	0.122
58.200	-16.771	0.145
58.220	-13.565	0.172
58.240	-10.095	0.196
58.260	-6.502	0.212
58.280	-2.796	0.231
58.300	0.916	0.245
58.320	4.622	0.250
58.340	8.258	0.257
58.360	11.808	0.260
58.380	15.165	0.257
58.400	18.291	0.257
58.420	21.159	0.245
58.440	23.668	0.231
58.460	25.924	0.220
58.480	27.750	0.200
58.500	29.184	0.179
58.520	30.172	0.150
58.540	30.736	0.128
58.560	30.860	0.098
58.580	30.537	0.071
58.600	29.775	0.038
58.620	28.577	0.013
58.640	26.966	-0.017
58.660	25.032	-0.050
58.680	22.588	-0.079
58.700	19.886	-0.099
58.720	16.986	-0.137
58.740	13.645	-0.156
58.760	10.229	-0.178
58.780	6.657	-0.195
58.800	3.005	-0.215
58.820	-0.722	-0.225
58.840	-4.439	-0.235
58.860	-8.000	-0.240
58.880	-11.626	-0.249
58.900	-14.961	-0.242
58.920	-18.093	-0.239
58.940	-21.009	-0.228
58.960	-23.566	-0.220
58.980	-25.811	-0.203
59.000	-27.653	-0.188
59.020	-29.087	-0.170
59.040	-30.108	-0.144
59.060	-30.666	-0.117
59.080	-30.844	-0.092
59.100	-30.521	-0.066
59.120	-29.791	-0.033
59.140	-28.609	-0.009
59.160	-26.998	0.026
59.180	-24.978	0.054
59.200	-22.631	0.084
59.220	-19.924	0.114
59.240	-16.938	0.134
59.260	-13.737	0.167
59.280	-10.278	0.182
59.300	-6.690	0.206
59.320	-3.000	0.218
59.340	0.722	0.237
59.360	4.428	0.238
59.380	8.070	0.251
59.400	11.615	0.249
59.420	14.983	0.253
59.440	18.135	0.243
59.460	21.014	0.245
59.480	23.603	0.224
59.500	25.805	0.216
59.520	27.669	0.189
59.540	29.098	0.170
59.560	30.102	0.139
59.580	30.720	0.120
59.600	30.870	0.092
59.620	30.580	0.061
59.640	29.818	0.034
59.660	28.641	-0.001
59.680	27.046	-0.022
59.700	25.102	-0.062
59.720	22.749	-0.080
59.740	20.042	-0.116
59.760	17.163	-0.135
59.780	13.849	-0.170
59.800	10.439	-0.181
59.820	6.872	-0.207
59.840	3.204	-0.228
59.860	-0.427	-0.249
59.880	-4.224	-0.262
59.900	-7.877	-0.257
59.920	-11.432	-0.275
59.940	-14.773	-0.257
59.960	-17.862	-0.268
59.980	-20.837	-0.242
60.000	-23.415	-0.245
60.020	-25.660	-0.219
60.040	-27.562	-0.215
60.060	-29.017	-0.182
60.080	-30.038	-0.170
60.100	-30.650	-0.138
60.120	-30.806	-0.117
60.140	-30.553	-0.086
60.160	-29.850	-0.054
60.180	-28.663	-0.028
60.200	-27.089	0.009
60.220	-25.096	0.030
60.240	-22.771	0.068
60.260	-20.085	0.091
60.280	-17.110	0.136
60.300	-13.898	0.156
60.320	-10.471	0.182
60.340	-6.888	0.192
60.360	-3.204	0.220
60.380	0.529	0.228
60.400	4.240	0.243
60.420	7.877	0.242
60.440	11.422	0.253
60.460	14.795	0.246
60.480	17.953	0.248
60.500	20.859	0.236
60.520	23.464	0.228
60.540	25.698	0.212
60.560	27.567	0.191
60.580	29.033	0.167
60.600	30.086	0.143
60.620	30.698	0.120
60.640	30.870	0.088
60.660	30.602	0.069
60.680	29.904	0.033
60.700	28.733	0.009
60.720	27.170	-0.028
60.740	25.220	-0.046
60.760	22.878	-0.085
60.780	20.209	-0.102
60.800	17.255	-0.140
60.820	14.032	-0.155
60.840	10.627	-0.185
60.860	7.066	-0.198
60.880	3.392	-0.225
60.900	-0.309	-0.232
60.920	-4.031	-0.253
60.940	-7.699	-0.249
60.960	-11.250	-0.257
60.980	-14.623	-0.250
61.000	-17.808	-0.246
61.020	-20.714	-0.240
61.040	-23.308	-0.224
61.060	-25.580	-0.217
61.080	-27.492	-0.191
61.100	-28.990	-0.181
61.120	-30.054	-0.149
61.140	-30.650	-0.134
61.160	-30.811	-0.104
61.180	-30.596	-0.077
61.200	-29.920	-0.047
61.220	-28.797	-0.016
61.240	-27.218	0.013
61.260	-25.258	0.048
61.280	-23.007	0.075
61.300	-20.268	0.104
61.320	-17.324	0.128
61.340	-14.129	0.158
61.360	-10.697	0.178
61.380	-7.130	0.206
61.400	-3.440	0.225
61.420	0.282	0.240
61.440	4.004	0.251
61.460	7.646	0.261
61.480	11.196	0.265
61.500	14.607	0.260
61.520	17.770	0.259
