--- Pendolo di torsione ---
Tempo.Forzante.Pendolo
0.000	21.326	-0.006
0.020	18.399	-0.021
0.040	15.267	-0.043
0.060	11.878	-0.055
0.080	8.344	-0.079
0.100	4.697	-0.096
0.120	0.980	-0.118
0.140	-2.774	-0.128
0.160	-6.486	-0.136
0.180	-10.095	-0.147
0.200	-13.570	-0.158
0.220	-16.820	-0.161
0.240	-19.844	-0.164
0.260	-22.556	-0.165
0.280	-24.935	-0.163
0.300	-26.971	-0.163
0.320	-28.561	-0.153
0.340	-29.775	-0.147
0.360	-30.532	-0.137
0.380	-30.817	-0.126
0.400	-30.720	-0.113
0.420	-30.140	-0.096
0.440	-29.087	-0.075
0.460	-27.658	-0.057
0.480	-25.725	-0.036
0.500	-23.550	-0.014
0.520	-20.945	-0.001
0.540	-17.958	0.027
0.560	-14.859	0.043
0.580	-11.389	0.066
0.600	-7.802	0.077
0.620	-4.214	0.101
0.640	-0.379	0.116
0.660	3.386	0.132
0.680	6.974	0.142
0.700	10.659	0.159
0.720	14.118	0.165
0.740	17.324	0.174
0.760	20.305	0.174
0.780	22.991	0.176
0.800	25.306	0.178
0.820	27.261	0.170
0.840	28.797	0.164
0.860	29.904	0.153
0.880	30.618	0.140
0.900	30.854	0.128
0.920	30.639	0.117
0.940	29.995	0.100
0.960	28.878	0.082
0.980	27.347	0.062
1.000	25.429	0.045
1.020	23.115	0.022
1.040	20.520	0.006
1.060	17.598	-0.024
1.080	14.290	-0.033
1.100	10.965	-0.057
1.120	7.383	-0.075
1.140	3.612	-0.098
1.160	-0.008	-0.110
1.180	-3.757	-0.130
1.200	-7.533	-0.137
1.220	-11.024	-0.150
1.240	-14.515	-0.155
1.260	-17.738	-0.158
1.280	-20.574	-0.166
1.300	-23.200	-0.162
1.320	-25.553	-0.163
1.340	-27.422	-0.158
1.360	-28.948	-0.157
1.380	-30.049	-0.139
1.400	-30.596	-0.135
1.420	-30.833	-0.121
1.440	-30.543	-0.108
1.460	-29.839	-0.089
1.480	-28.668	-0.071
1.500	-27.084	-0.059
1.520	-25.134	-0.033
1.540	-22.744	-0.018
1.560	-20.010	0.009
1.580	-17.018	0.024
1.600	-13.860	0.049
1.620	-10.310	0.060
1.640	-6.706	0.081
1.660	-3.086	0.093
1.680	0.755	0.117
1.700	4.396	0.129
1.720	8.135	0.143
1.740	11.620	0.152
1.760	15.085	0.161
1.780	18.152	0.166
1.800	21.138	0.167
1.820	23.716	0.170
1.840	25.875	0.169
1.860	27.744	0.160
1.880	29.178	0.150
1.900	30.145	0.142
1.920	30.731	0.128
1.940	30.833	0.120
1.960	30.516	0.099
1.980	29.678	0.087
2.000	28.502	0.059
2.020	26.815	0.049
2.040	24.796	0.028
2.060	22.422	0.004
2.080	19.613	-0.013
2.100	16.610	-0.041
2.120	13.296	-0.048
2.140	9.928	-0.080
2.160	6.244	-0.089
2.180	2.527	-0.121
2.200	-1.206	-0.119
2.220	-4.933	-0.149
2.240	-8.596	-0.142
2.260	-12.120	-0.095
2.280	-15.364	-0.164
2.300	-18.592	-0.178
2.320	-21.358	-0.172
2.340	-23.904	-0.181
2.360	-26.155	-0.174
2.380	-27.927	-0.172
2.400	-29.291	-0.162
2.420	-30.247	-0.151
2.440	-30.725	-0.146
2.460	-30.768	-0.129
2.480	-30.387	-0.116
2.500	-29.549	-0.091
2.520	-28.271	-0.082
2.540	-26.514	-0.054
2.560	-24.473	-0.042
2.580	-21.970	-0.016
2.600	-19.210	-0.001
2.620	-16.084	0.022
2.640	-12.861	0.044
2.660	-9.268	0.060
2.680	-5.712	0.079
2.700	-1.893	0.091
2.720	1.850	0.115
2.740	5.492	0.122
2.760	9.117	0.140
2.780	12.716	0.146
2.800	15.955	0.161
2.820	19.118	0.155
2.840	21.938	0.168
2.860	24.334	0.157
2.880	26.455	0.163
2.900	28.217	0.148
2.920	29.495	0.148
2.940	30.398	0.128
2.960	30.811	0.128
2.980	30.779	0.102
3.000	30.317	0.095
3.020	29.377	0.076
3.040	28.072	0.057
3.060	26.257	0.037
3.080	24.124	0.020
3.100	21.659	-0.002
3.120	18.844	-0.019
3.140	15.665	-0.041
3.160	12.394	-0.059
3.180	8.790	-0.081
3.200	5.148	-0.097
3.220	1.533	-0.117
3.240	-2.216	-0.129
3.260	-6.029	-0.146
3.280	-9.574	-0.151
3.300	-13.146	-0.165
3.320	-16.417	-0.166
3.340	-19.468	-0.175
3.360	-22.223	-0.172
3.380	-24.672	-0.177
3.400	-26.745	-0.167
3.420	-28.384	-0.164
3.440	-29.651	-0.153
3.460	-30.435	-0.144
3.480	-30.795	-0.133
3.500	-30.736	-0.122
3.520	-30.220	-0.099
3.540	-29.254	-0.086
3.560	-27.793	-0.063
3.580	-26.015	-0.048
3.600	-23.840	-0.022
3.620	-21.197	-0.008
3.640	-18.383	0.020
3.660	-15.235	0.030
3.680	-11.781	0.057
3.700	-8.323	0.069
3.720	-4.552	0.091
3.740	-0.916	0.105
3.760	2.941	0.126
3.780	6.534	0.133
3.800	10.235	0.155
3.820	13.618	0.157
3.840	16.965	0.169
3.860	19.967	0.166
3.880	22.620	0.169
3.900	25.048	0.168
3.920	27.041	0.165
3.940	28.641	0.161
3.960	29.807	0.145
3.980	30.553	0.137
4.000	30.849	0.129
4.020	30.693	0.111
4.040	30.092	0.099
4.060	29.055	0.082
4.080	27.578	0.061
4.100	25.677	0.041
4.120	23.480	0.027
4.140	20.848	-0.007
4.160	17.872	-0.013
4.180	14.762	-0.045
4.200	11.293	-0.052
4.220	7.732	-0.084
4.240	4.036	-0.088
4.260	0.320	-0.118
4.280	-3.419	-0.119
4.300	-7.119	-0.142
4.320	-10.713	-0.140
4.340	-14.037	-0.158
4.360	-17.378	-0.151
4.380	-20.268	-0.168
4.400	-22.986	-0.158
4.420	-25.327	-0.162
4.440	-27.266	-0.154
4.460	-28.802	-0.154
4.480	-29.947	-0.138
4.500	-30.586	-0.130
4.520	-30.827	-0.119
4.540	-30.634	-0.105
4.560	-29.957	-0.090
4.580	-28.851	-0.067
4.600	-27.342	-0.054
4.620	-25.349	-0.030
4.640	-23.088	-0.015
4.660	-20.445	0.011
4.680	-17.384	0.032
4.700	-14.263	0.047
4.720	-10.761	0.070
4.740	-7.232	0.081
4.760	-3.429	0.105
4.780	0.218	0.114
4.800	4.042	0.140
4.820	7.630	0.141
4.840	11.287	0.164
4.860	14.693	0.160
4.880	17.808	0.181
4.900	20.735	0.169
4.920	23.421	0.182
4.940	25.628	0.166
4.960	27.567	0.175
4.980	29.007	0.154
5.000	30.081	0.152
5.020	30.693	0.135
5.040	30.854	0.130
5.060	30.575	0.108
5.080	29.818	0.099
5.100	28.663	0.070
5.120	27.019	0.051
5.140	25.059	0.038
5.160	22.733	0.012
5.180	19.967	-0.002
5.200	17.051	-0.032
5.220	13.796	-0.041
5.240	10.358	-0.071
5.260	6.674	-0.081
5.280	3.086	-0.109
5.300	-0.771	-0.115
5.320	-4.498	-0.137
5.340	-8.065	-0.143
5.360	-11.642	-0.156
5.380	-15.079	-0.162
5.400	-18.152	-0.165
5.420	-21.068	-0.172
5.440	-23.678	-0.167
5.460	-25.838	-0.171
5.480	-27.739	-0.158
5.500	-29.130	-0.157
5.520	-30.135	-0.142
5.540	-30.672	-0.140
5.560	-30.801	-0.121
5.580	-30.425	-0.111
5.600	-29.683	-0.093
5.620	-28.421	-0.075
5.640	-26.794	-0.054
5.660	-24.742	-0.038
5.680	-22.266	-0.017
5.700	-19.580	0.005
5.720	-16.454	0.027
5.740	-13.264	0.046
5.760	-9.676	0.065
5.780	-6.142	0.076
5.800	-2.344	0.094
5.820	1.329	0.110
5.840	5.143	0.124
5.860	8.784	0.140
5.880	12.324	0.147
5.900	15.654	0.161
5.920	18.759	0.160
5.940	21.616	0.168
5.960	24.130	0.158
5.980	26.273	0.164
6.000	27.997	0.153
6.020	29.361	0.152
6.040	30.312	0.129
6.060	30.779	0.129
6.080	30.806	0.106
6.100	30.376	0.099
6.120	29.533	0.077
6.140	28.255	0.060
6.160	26.482	0.038
6.180	24.457	0.021
6.200	21.895	-0.002
6.220	19.188	-0.021
6.240	16.041	-0.046
6.260	12.716	-0.060
6.280	9.322	-0.079
6.300	5.599	-0.101
6.320	1.883	-0.122
6.340	-1.764	-0.133
6.360	-5.476	-0.146
6.380	-9.225	-0.154
6.400	-12.630	-0.165
6.420	-16.030	-0.171
6.440	-19.043	-0.176
6.460	-21.901	-0.175
6.480	-24.371	-0.178
6.500	-26.488	-0.173
6.520	-28.169	-0.166
6.540	-29.485	-0.157
6.560	-30.344	-0.147
6.580	-30.736	-0.138
6.600	-30.731	-0.122
6.620	-30.280	-0.107
6.640	-29.345	-0.091
6.660	-28.008	-0.069
6.680	-26.176	-0.057
6.700	-24.022	-0.029
6.720	-21.509	-0.017
6.740	-18.640	0.016
6.760	-15.579	0.026
6.780	-12.265	0.054
6.800	-8.639	0.066
6.820	-4.976	0.086
6.840	-1.329	0.099
6.860	2.506	0.120
6.880	6.120	0.132
6.900	9.832	0.144
6.920	13.232	0.153
6.940	16.605	0.161
6.960	19.559	0.164
6.980	22.411	0.165
7.000	24.737	0.168
7.020	26.826	0.161
7.040	28.437	0.154
7.060	29.710	0.141
7.080	30.500	0.136
7.100	30.822	0.122
7.120	30.736	0.107
7.140	30.156	0.093
7.160	29.173	0.080
7.180	27.734	0.055
7.200	25.918	0.040
7.220	23.748	0.020
7.240	21.111	-0.005
7.260	18.291	-0.016
7.280	15.155	-0.317
7.300	11.771	-0.053
7.320	8.151	-0.088
7.340	4.573	-0.092
7.360	0.755	-0.129
7.380	-2.978	-0.122
7.400	-6.598	-0.152
7.420	-10.229	-0.145
7.440	-13.747	-0.163
7.460	-16.927	-0.163
7.480	-19.999	-0.171
7.500	-22.706	-0.168
7.520	-25.053	-0.162
7.540	-27.035	-0.168
7.560	-28.684	-0.151
7.580	-29.834	-0.154
7.600	-30.564	-0.130
7.620	-30.811	-0.133
7.640	-30.677	-0.106
7.660	-30.118	-0.100
7.680	-29.039	-0.071
7.700	-27.530	-0.062
7.720	-25.617	-0.034
7.740	-23.362	-0.017
7.760	-20.730	0.004
7.780	-17.792	0.027
7.800	-14.601	0.041
7.820	-11.277	0.070
7.840	-7.587	0.079
7.860	-3.988	0.107
7.880	-0.266	0.112
7.900	3.596	0.137
7.920	7.281	0.141
7.940	10.868	0.163
7.960	14.290	0.160
7.980	17.502	0.178
8.000	20.467	0.172
8.020	23.152	0.179
8.040	25.424	0.173
8.060	27.309	0.172
8.080	28.888	0.156
8.100	29.968	0.153
8.120	30.629	0.141
8.140	30.849	0.132
8.160	30.618	0.113
8.180	29.947	0.101
8.200	28.829	0.079
8.220	27.282	0.056
8.240	25.311	0.044
8.260	22.975	0.025
8.280	20.354	0.003
8.300	17.330	-0.022
8.320	14.107	-0.039
8.340	10.766	-0.060
8.360	7.093	-0.078
8.380	3.510	-0.096
8.400	-0.234	-0.118
8.420	-4.074	-0.123
8.440	-7.764	-0.143
8.460	-11.234	-0.146
8.480	-14.714	-0.158
8.500	-17.808	-0.158
8.520	-20.751	-0.166
8.540	-23.410	-0.161
8.560	-25.612	-0.164
8.580	-27.508	-0.158
8.600	-29.050	-0.157
8.620	-30.102	-0.141
8.640	-30.656	-0.132
8.660	-30.833	-0.119
8.680	-30.527	-0.104
8.700	-29.812	-0.089
8.720	-28.609	-0.069
8.740	-27.014	-0.051
8.760	-25.000	-0.031
8.780	-22.588	-0.010
8.800	-19.935	0.012
8.820	-16.836	0.029
8.840	-13.683	0.050
8.860	-10.116	0.066
8.880	-6.588	0.085
8.900	-2.785	0.099
8.920	0.969	0.121
8.940	4.697	0.131
8.960	8.344	0.146
8.980	11.910	0.155
9.000	15.267	0.164
9.020	18.340	0.169
9.040	21.283	0.175
9.060	23.786	0.165
9.080	26.042	0.169
9.100	27.809	0.160
9.120	29.254	0.153
9.140	30.226	0.140
9.160	30.741	0.132
9.180	30.838	0.116
9.200	30.468	0.105
9.220	29.635	0.085
9.240	28.384	0.067
9.260	26.756	0.047
9.280	24.672	0.030
9.300	22.218	0.007
9.320	19.537	-0.015
9.340	16.417	-0.036
9.360	13.103	-0.055
9.380	9.644	-0.071
9.400	6.034	-0.096
9.420	2.318	-0.112
9.440	-1.415	-0.133
9.460	-5.143	-0.139
9.480	-8.817	-0.157
9.500	-12.313	-0.160
9.520	-15.649	-0.174
9.540	-18.759	-0.176
9.560	-21.589	-0.174
9.580	-24.103	-0.175
9.600	-26.203	-0.175
9.620	-28.040	-0.168
9.640	-29.372	-0.158
9.660	-30.258	-0.153
9.680	-30.731	-0.139
9.700	-30.779	-0.130
9.720	-30.360	-0.109
9.740	-29.463	-0.095
9.760	-28.190	-0.074
9.780	-26.412	-0.058
9.800	-24.291	-0.033
9.820	-21.820	-0.014
9.840	-18.990	0.006
9.860	-15.901	0.025
9.880	-12.587	0.044
9.900	-9.069	0.066
9.920	-5.411	0.079
9.940	-1.662	0.093
9.960	2.071	0.109
9.980	5.798	0.127
10.000	9.407	0.137
10.020	12.920	0.152
10.040	16.229	0.154
10.060	19.274	0.162
10.080	22.094	0.163
10.100	24.522	0.159
10.120	26.606	0.158
10.140	28.265	0.150
10.160	29.587	0.142
10.180	30.425	0.130
10.200	30.817	0.124
10.220	30.768	0.103
10.240	30.269	0.095
10.260	29.318	0.074
10.280	27.922	0.057
10.300	26.155	0.033
10.320	24.044	0.020
10.340	21.428	-0.009
10.360	18.587	-0.022
10.380	15.466	-0.047
10.400	12.120	-0.060
10.420	8.596	-0.086
10.440	4.944	-0.100
10.460	1.200	-0.120
10.480	-2.511	-0.133
10.500	-6.136	-0.146
10.520	-9.875	-0.158
10.540	-13.323	-0.165
10.560	-16.610	-0.175
10.580	-19.629	-0.171
10.600	-22.389	-0.177
10.620	-24.785	-0.173
10.640	-26.847	-0.173
10.660	-28.502	-0.161
10.680	-29.683	-0.159
10.700	-30.478	-0.144
10.720	-30.801	-0.137
10.740	-30.725	-0.118
10.760	-30.177	-0.102
10.780	-29.152	-0.086
10.800	-27.744	-0.065
10.820	-25.838	-0.049
10.840	-23.625	-0.020
10.860	-21.041	-0.006
10.880	-18.130	0.017
10.900	-14.972	0.033
10.920	-11.588	0.058
10.940	-8.022	0.071
10.960	-4.353	0.094
10.980	-0.594	0.106
11.000	3.150	0.125
11.020	6.856	0.133
11.040	10.439	0.153
11.060	13.903	0.158
11.080	17.131	0.169
11.100	20.123	0.166
11.120	22.851	0.173
11.140	25.166	0.169
11.160	27.154	0.165
11.180	28.679	0.153
11.200	29.893	0.145
11.220	30.564	0.136
11.240	30.849	0.127
11.260	30.672	0.108
11.280	30.022	0.099
11.300	28.985	0.080
11.320	27.438	0.062
11.340	25.564	0.042
11.360	23.313	0.020
11.380	20.622	-0.001
11.400	17.684	-0.017
11.420	14.574	-0.045
11.440	11.078	-0.055
11.460	7.511	-0.083
11.480	3.832	-0.096
11.500	0.115	-0.116
11.520	-3.558	-0.129
11.540	-7.329	-0.139
11.560	-10.922	-0.151
11.580	-14.327	-0.158
11.600	-17.480	-0.160
11.620	-20.483	-0.166
11.640	-23.136	-0.166
11.660	-25.440	-0.161
11.680	-27.363	-0.162
11.700	-28.915	-0.151
11.720	-30.006	-0.143
11.740	-30.634	-0.131
11.760	-30.817	-0.121
11.780	-30.586	-0.106
11.800	-29.920	-0.091
11.820	-28.781	-0.071
11.840	-27.207	-0.047
11.860	-25.247	-0.032
11.880	-22.905	-0.009
11.900	-20.214	0.009
11.920	-17.244	0.033
11.940	-14.021	0.050
11.960	-10.546	0.074
11.980	-6.953	0.090
12.000	-3.225	0.102
12.020	0.513	0.120
12.040	4.240	0.140
12.060	7.920	0.148
12.080	11.400	0.159
12.100	14.881	0.167
12.120	18.055	0.173
12.140	20.955	0.177
12.160	23.571	0.172
12.180	25.800	0.170
12.200	27.653	0.165
12.220	29.114	0.157
12.240	30.129	0.144
12.260	30.709	0.135
12.280	30.844	0.125
12.300	30.516	0.109
12.320	29.748	0.095
12.340	28.550	0.071
12.360	26.939	0.053
12.380	24.935	0.039
12.400	22.529	0.016
12.420	19.784	-0.005
12.440	16.873	-0.029
12.460	13.500	-0.046
12.480	10.047	-0.066
12.500	6.550	-0.088
12.520	2.758	-0.106
12.540	-0.964	-0.117
12.560	-4.708	-0.133
12.580	-8.392	-0.144
12.600	-11.916	-0.154
12.620	-15.273	-0.160
12.640	-18.404	-0.175
12.660	-21.294	-0.166
12.680	-23.786	-0.172
12.700	-26.031	-0.165
12.720	-27.841	-0.167
12.740	-29.232	-0.153
12.760	-30.226	-0.149
12.780	-30.715	-0.132
12.800	-30.811	-0.126
12.820	-30.425	-0.107
12.840	-29.597	-0.091
12.860	-28.330	-0.070
12.880	-26.643	-0.056
12.900	-24.559	-0.033
12.920	-22.142	-0.010
12.940	-19.333	0.004
12.960	-16.282	0.027
12.980	-13.071	0.047
13.000	-9.493	0.066
13.020	-5.857	0.085
13.040	-2.114	0.099
13.060	1.630	0.116
13.080	5.363	0.129
13.100	8.989	0.142
13.120	12.426	0.150
13.140	15.847	0.157
13.160	18.855	0.161
13.180	21.761	0.164
13.200	24.264	0.159
13.220	26.380	0.162
13.240	28.131	0.150
13.260	29.458	0.145
13.280	30.344	0.132
13.300	30.795	0.127
13.320	30.795	0.106
13.340	30.349	0.099
13.360	29.474	0.074
13.380	28.120	0.056
13.400	26.380	-0.385
13.420	24.318	0.020
13.440	21.756	-0.004
13.460	18.947	-0.022
13.480	15.933	-0.045
13.500	12.523	-0.060
13.520	9.010	-0.081
13.540	5.470	-0.103
13.560	1.662	-0.121
13.580	-2.065	-0.136
13.600	-5.787	-0.147
13.620	-9.424	-0.154
13.640	-12.936	-0.166
13.660	-16.213	-0.171
13.680	-19.280	-0.176
13.700	-22.062	-0.175
13.720	-24.506	-0.183
13.740	-26.590	-0.174
13.760	-28.308	-0.171
13.780	-29.571	-0.160
13.800	-30.392	-0.154
13.820	-30.752	-0.138
13.840	-30.720	-0.127
13.860	-30.231	-0.108
13.880	-29.275	-0.095
13.900	-27.884	-0.071
13.920	-26.058	-0.054
13.940	-23.883	-0.030
13.960	-21.353	-0.013
13.980	-18.452	0.011
14.000	-15.332	0.028
14.020	-11.980	0.051
14.040	-8.435	0.067
14.060	-4.751	0.085
14.080	-1.109	0.104
14.100	2.726	0.118
14.120	6.437	0.128
14.140	10.031	0.147
14.160	13.511	0.152
14.180	16.782	0.162
14.200	19.790	0.165
14.220	22.545	0.164
14.240	24.925	0.161
14.260	26.933	0.161
14.280	28.555	0.148
14.300	29.759	0.144
14.320	30.521	0.129
14.340	30.833	0.121
14.360	30.709	0.105
14.380	30.129	0.094
14.400	29.130	0.075
14.420	27.658	0.060
14.440	25.854	0.033
14.460	23.555	0.018
14.480	20.955	-0.009
14.500	18.055	-0.018
14.520	14.897	-0.053
14.540	11.497	-0.058
14.560	7.947	-0.089
14.580	4.273	-0.096
14.600	0.540	-0.125
14.620	-3.204	-0.132
14.640	-6.894	-0.146
14.660	-10.498	-0.151
14.680	-13.855	-0.166
14.700	-17.169	-0.167
14.720	-20.177	-0.171
14.740	-22.857	-0.171
14.760	-25.188	-0.166
14.780	-27.175	-0.170
14.800	-28.760	-0.157
14.820	-29.914	-0.151
14.840	-30.607	-0.138
14.860	-30.806	-0.129
14.880	-30.645	-0.113
14.900	-30.049	-0.098
14.920	-28.953	-0.079
14.940	-27.449	-0.057
14.960	-25.499	-0.042
14.980	-23.206	-0.012
15.000	-20.569	0.001
15.020	-17.609	0.029
15.040	-14.408	0.045
15.060	-10.976	0.071
15.080	-7.393	0.082
15.100	-3.682	0.102
15.120	0.056	0.117
15.140	3.805	0.134
15.160	7.490	0.145
15.180	11.067	0.162
15.200	14.494	0.165
15.220	17.598	0.173
15.240	20.628	0.173
15.260	23.281	0.176
15.280	25.542	0.173
15.300	27.460	0.166
15.320	28.953	0.159
15.340	30.016	0.149
15.360	30.661	0.141
15.380	30.849	0.130
15.400	30.591	0.113
15.420	29.877	0.102
15.440	28.711	0.076
15.460	27.148	0.062
15.480	25.188	0.042
15.500	22.808	0.023
15.520	20.198	-0.001
15.540	17.158	-0.022
15.560	13.903	-0.042
15.580	10.455	-0.057
15.600	6.883	-0.085
15.620	3.172	-0.096
15.640	-0.551	-0.118
15.660	-4.289	-0.126
15.680	-7.979	-0.138
15.700	-11.524	-0.150
15.720	-14.897	-0.154
15.740	-18.066	-0.161
15.760	-21.004	-0.162
15.780	-23.566	-0.162
15.800	-25.795	-0.163
15.820	-27.680	-0.162
15.840	-29.130	-0.151
15.860	-30.140	-0.142
15.880	-30.682	-0.132
15.900	-30.833	-0.120
15.920	-30.521	-0.102
15.940	-29.759	-0.089
15.960	-28.518	-0.068
15.980	-26.890	-0.050
16.000	-24.865	-0.031
16.020	-22.459	-0.004
16.040	-19.698	0.009
16.060	-16.669	0.033
16.080	-13.404	0.051
16.100	-9.907	0.068
16.120	-6.298	0.083
16.140	-2.570	0.107
16.160	1.184	0.118
16.180	4.901	0.140
16.200	8.473	0.147
16.220	12.104	0.161
16.240	15.455	0.162
16.260	18.571	0.170
16.280	21.449	0.171
16.300	23.985	0.173
16.320	26.155	0.169
16.340	27.943	0.161
16.360	29.318	0.152
16.380	30.263	0.142
16.400	30.752	0.132
16.420	30.811	0.119
16.440	30.425	0.103
16.460	29.571	0.086
16.480	28.303	0.064
16.500	26.611	0.049
16.520	24.532	0.025
16.540	22.073	0.005
16.560	19.285	-0.014
16.580	16.315	-0.036
16.600	12.904	-0.052
16.620	9.526	-0.071
16.640	5.820	-0.097
16.660	2.103	-0.111
16.680	-1.635	-0.129
16.700	-5.374	-0.138
16.720	-9.010	-0.150
16.740	-12.517	-0.162
16.760	-15.826	-0.168
16.780	-18.936	-0.179
16.800	-21.761	-0.173
16.820	-24.232	-0.175
16.840	-26.391	-0.171
16.860	-28.131	-0.172
16.880	-29.431	-0.158
16.900	-30.328	-0.154
16.920	-30.725	-0.136
16.940	-30.763	-0.127
16.960	-30.323	-0.111
16.980	-29.409	-0.095
17.000	-28.056	-0.075
17.020	-26.294	-0.056
17.040	-24.167	-0.035
17.060	-21.670	-0.012
17.080	-18.802	0.006
17.100	-15.719	0.027
17.120	-12.378	0.043
17.140	-8.854	0.066
17.160	-5.197	0.081
17.180	-1.474	0.098
17.200	2.285	0.116
17.220	6.008	0.125
17.240	9.612	0.144
17.260	13.119	0.147
17.280	16.401	0.157
17.300	19.451	0.159
17.320	22.223	0.163
17.340	24.661	0.158
17.360	26.729	0.161
17.380	28.378	0.146
17.400	29.624	0.144
17.420	30.462	0.128
17.440	30.833	0.123
17.460	30.741	0.103
17.480	30.210	0.095
17.500	29.243	0.071
17.520	27.852	0.053
17.540	26.042	0.037
17.560	23.850	0.016
17.580	21.278	-0.007
17.600	18.409	-0.026
17.620	15.289	-0.046
17.640	11.889	-0.067
17.660	8.403	-0.082
17.680	4.735	-0.106
17.700	1.018	-0.117
17.720	-2.731	-0.139
17.740	-6.437	-0.140
17.760	-10.057	-0.162
17.780	-13.516	-0.162
17.800	-16.787	-0.171
17.820	-19.806	-0.173
17.840	-22.513	-0.179
17.860	-24.908	-0.179
17.880	-26.923	-0.171
17.900	-28.577	-0.168
17.920	-29.759	-0.154
17.940	-30.521	-0.150
17.960	-30.784	-0.130
17.980	-30.682	-0.123
18.000	-30.102	-0.100
18.020	-29.087	-0.085
18.040	-27.632	-0.065
18.060	-25.703	-0.050
18.080	-23.490	-0.023
18.100	-20.875	-0.004
18.120	-17.969	0.015
18.140	-14.779	0.036
18.160	-11.470	0.057
18.180	-7.807	0.079
18.200	-4.112	0.089
18.220	-0.384	0.109
18.240	3.376	0.123
18.260	7.060	0.140
18.280	10.637	0.151
18.300	14.096	0.158
18.320	17.314	0.165
18.340	20.295	0.168
18.360	22.991	0.168
18.380	25.247	0.163
18.400	27.250	0.159
18.420	28.792	0.152
18.440	29.898	0.144
18.460	30.613	0.133
18.480	30.860	0.123
18.500	30.650	-0.382
18.520	30.000	0.098
18.540	28.872	0.076
18.560	27.352	0.057
18.580	25.429	0.039
18.600	23.120	0.017
18.620	20.467	0.001
18.640	17.529	-0.027
18.660	14.301	-0.042
18.680	10.885	-0.065
18.700	7.307	-0.075
18.720	3.623	-0.104
18.740	-0.110	-0.113
18.760	-3.859	-0.137
18.780	-7.538	-0.133
18.800	-11.030	-0.155
18.820	-14.526	-0.152
18.840	-17.733	-0.166
18.860	-20.681	-0.163
18.880	-23.292	-0.167
18.900	-25.574	-0.165
18.920	-27.465	-0.157
18.940	-29.007	-0.155
18.960	-30.059	-0.140
18.980	-30.645	-0.134
19.000	-30.833	-0.118
19.020	-30.564	-0.108
19.040	-29.882	-0.086
19.060	-28.727	-0.071
19.080	-27.121	-0.047
19.100	-25.107	-0.031
19.120	-22.776	-0.011
19.140	-20.053	0.012
19.160	-17.056	0.029
19.180	-13.812	0.053
19.200	-10.353	0.062
19.220	-6.733	0.093
19.240	-3.037	0.100
19.260	0.712	0.128
19.280	4.482	0.133
19.300	8.118	0.152
19.320	11.679	0.156
19.340	15.074	0.170
19.360	18.227	0.172
19.380	21.127	0.180
19.400	23.646	0.172
19.420	25.907	0.175
19.440	27.750	0.167
19.460	29.146	0.158
19.480	30.177	0.145
19.500	30.736	0.139
19.520	30.838	0.124
19.540	30.494	0.111
19.560	29.689	0.095
19.580	28.469	0.070
19.600	26.826	0.056
19.620	24.785	0.037
19.640	22.363	0.013
19.660	19.618	-0.006
19.680	16.605	-0.030
19.700	13.291	-0.044
19.720	9.853	-0.068
19.740	6.239	-0.083
19.760	2.538	-0.108
19.780	-1.195	-0.116
19.800	-4.928	-0.139
19.820	-8.596	-0.143
19.840	-12.141	-0.165
19.860	-15.455	-0.153
19.880	-18.603	-0.175
19.900	-21.466	-0.162
19.920	-23.990	-0.175
19.940	-26.165	-0.164
19.960	-27.948	-0.166
19.980	-29.329	-0.151
20.000	-30.247	-0.147
20.020	-30.720	-0.133
20.040	-30.795	-0.120
20.060	-30.398	-0.101
20.080	-29.549	-0.091
20.100	-28.239	-0.071
20.120	-26.536	-0.054
20.140	-24.436	-0.033
20.160	-21.987	-0.009
20.180	-19.167	0.009
20.200	-16.100	0.029
20.220	-12.877	0.050
20.240	-9.300	0.066
20.260	-5.653	0.086
20.280	-1.909	0.098
20.300	1.840	0.120
20.320	5.470	0.127
20.340	9.182	0.148
20.360	12.711	0.151
20.380	16.030	0.164
20.400	19.102	0.164
20.420	21.938	0.171
20.440	24.387	0.161
20.460	26.493	0.165
20.480	28.206	0.149
20.500	29.517	0.146
20.520	30.365	0.130
20.540	30.817	0.128
20.560	30.768	0.105
20.580	30.312	0.098
20.600	29.377	0.075
20.620	28.034	0.057
20.640	26.267	0.039
20.660	24.135	0.017
20.680	21.594	-0.009
20.700	18.764	-0.023
20.720	15.681	-0.046
20.740	12.324	-0.060
20.760	8.822	-0.087
20.780	5.164	-0.098
20.800	1.458	-0.129
20.820	-2.296	-0.133
20.840	-6.013	-0.154
20.860	-9.633	-0.154
20.880	-13.114	-0.174
20.900	-16.395	-0.167
20.920	-19.376	-0.185
20.940	-22.207	-0.173
20.960	-24.640	-0.183
20.980	-26.713	-0.171
21.000	-28.400	-0.173
21.020	-29.614	-0.160
21.040	-30.408	-0.154
21.060	-30.758	-0.138
21.080	-30.693	-0.125
21.100	-30.183	-0.110
21.120	-29.211	-0.092
21.140	-27.787	-0.077
21.160	-25.940	-0.055
21.180	-23.759	-0.032
21.200	-21.165	-0.013
21.220	-18.302	0.012
21.240	-15.144	0.023
21.260	-11.781	0.052
21.280	-8.226	0.064
21.300	-4.627	0.089
21.320	-0.819	0.096
21.340	2.946	0.121
21.360	6.641	0.125
21.380	10.245	0.148
21.400	13.618	0.147
21.420	16.965	0.166
21.440	19.967	0.156
21.460	22.679	0.169
21.480	25.048	0.161
21.500	27.025	0.163
21.520	28.636	0.145
21.540	29.818	0.144
21.560	30.553	0.127
21.580	30.838	0.124
21.600	30.693	0.102
21.620	30.086	0.090
21.640	29.028	0.074
21.660	27.540	0.049
21.680	25.693	0.036
21.700	23.421	0.013
21.720	20.789	-0.005
21.740	17.878	-0.028
21.760	14.703	-0.050
21.780	11.298	-0.066
21.800	7.742	-0.088
21.820	4.052	-0.104
21.840	0.341	-0.128
21.860	-3.403	-0.134
21.880	-7.098	-0.148
21.900	-10.697	-0.154
21.920	-14.113	-0.171
21.940	-17.346	-0.162
21.960	-20.262	-0.179
21.980	-23.002	-0.168
22.000	-25.311	-0.175
22.020	-27.272	-0.166
22.040	-28.808	-0.162
22.060	-29.957	-0.152
22.080	-30.629	-0.143
22.100	-30.827	-0.129
22.120	-30.623	-0.116
22.140	-29.968	-0.098
22.160	-28.872	-0.076
22.180	-27.315	-0.059
22.200	-25.376	-0.038
22.220	-23.072	-0.019
22.240	-20.386	0.006
22.260	-17.432	0.024
22.280	-14.209	0.049
22.300	-10.782	0.070
22.320	-7.189	0.082
22.340	-3.472	0.102
22.360	0.271	0.116
22.380	4.020	0.132
22.400	7.683	0.147
22.420	11.271	0.161
22.440	14.671	0.164
22.460	17.862	0.175
22.480	20.789	0.172
22.500	23.410	0.174
22.520	25.666	0.169
22.540	27.540	0.167
22.560	29.028	0.156
22.580	30.059	0.146
22.600	30.688	0.139
22.620	30.844	0.129
22.640	30.564	0.111
22.660	29.818	0.099
22.680	28.679	0.079
22.700	27.025	0.057
22.720	25.064	0.044
22.740	22.739	0.016
22.760	19.962	0.005
22.780	16.970	-0.026
22.800	13.704	-0.039
22.820	10.261	-0.064
22.840	6.657	-0.080
22.860	2.968	-0.100
22.880	-0.669	-0.113
22.900	-4.514	-0.130
22.920	-8.183	-0.137
22.940	-11.722	-0.150
22.960	-15.090	-0.158
22.980	-18.173	-0.159
23.000	-21.154	-0.166
23.020	-23.700	-0.159
23.040	-25.950	-0.168
23.060	-27.771	-0.155
23.080	-29.200	-0.151
23.100	-30.188	-0.139
23.120	-30.704	-0.130
23.140	-30.817	-0.117
23.160	-30.468	-0.099
23.180	-29.662	-0.088
23.200	-28.464	-0.066
23.220	-26.815	-0.051
23.240	-24.747	-0.027
23.260	-22.314	-0.009
23.280	-19.532	0.013
23.300	-16.492	0.036
23.320	-13.205	0.053
23.340	-9.724	0.068
23.360	-6.083	0.091
23.380	-2.355	0.107
23.400	1.388	0.123
23.420	5.025	0.136
23.440	8.752	0.148
23.460	12.308	0.159
23.480	15.638	0.164
23.500	18.748	0.172
23.520	21.611	0.175
23.540	24.114	0.171
23.560	26.262	0.170
23.580	28.029	0.159
23.600	29.383	0.156
23.620	30.306	0.143
23.640	30.779	0.136
23.660	30.811	0.120
23.680	30.376	0.105
23.700	29.511	0.085
23.720	28.217	0.070
23.740	26.488	0.049
23.760	24.409	0.031
23.780	21.901	0.001
23.800	19.113	-0.013
23.820	16.052	-0.039
23.840	12.716	-0.047
23.860	9.225	-0.079
23.880	5.589	-0.092
23.900	1.899	-0.113
23.920	-1.861	-0.123
23.940	-5.567	-0.144
23.960	-9.139	-0.149
23.980	-12.721	-0.162
24.000	-16.014	-0.166
24.020	-19.113	-0.171
24.040	-21.906	-0.176
24.060	-24.377	-0.172
24.080	-26.498	-0.170
24.100	-28.222	-0.164
24.120	-29.495	-0.160
24.140	-30.371	-0.148
24.160	-30.747	-0.138
24.180	-30.747	-0.122
24.200	-30.290	-0.105
24.220	-29.361	-0.091
24.240	-27.959	-0.073
24.260	-26.187	-0.054
24.280	-24.065	-0.030
24.300	-21.509	-0.017
24.320	-18.646	0.010
24.340	-15.531	0.028
24.360	-12.190	0.049
24.380	-8.650	0.067
24.400	-4.982	0.084
24.420	-1.249	0.099
24.440	2.506	0.118
24.460	6.212	0.127
24.480	9.816	0.145
24.500	13.307	0.150
24.520	16.589	0.158
24.540	19.613	0.159
24.560	22.400	0.165
24.580	24.780	0.160
24.600	26.821	0.165
24.620	28.427	0.148
24.640	29.705	0.140
24.660	30.500	0.132
24.680	30.822	0.122
24.700	30.741	0.105
24.720	30.167	0.092
24.740	29.178	0.072
24.760	27.734	0.053
24.780	25.929	0.036
24.800	23.764	0.014
24.820	21.116	-0.008
24.840	18.243	-0.022
24.860	15.171	-0.052
24.880	11.722	-0.064
24.900	8.188	-0.090
24.920	4.520	-0.102
24.940	0.798	-0.128
24.960	-2.951	-0.135
24.980	-6.657	-0.154
25.000	-10.272	-0.158
25.020	-13.688	-0.166
25.040	-16.954	-0.174
25.060	-19.972	-0.176
25.080	-22.653	-0.179
25.100	-25.032	-0.171
25.120	-26.976	-0.175
25.140	-28.641	-0.165
25.160	-29.796	-0.160
25.180	-30.537	-0.147
25.200	-30.784	-0.138
25.220	-30.650	-0.121
25.240	-30.049	-0.105
25.260	-29.001	-0.084
25.280	-27.513	-0.067
25.300	-25.591	-0.047
25.320	-23.319	-0.025
25.340	-20.703	-0.009
25.360	-17.781	0.021
25.380	-14.591	0.035
25.400	-11.180	0.059
25.420	-7.603	0.074
25.440	-3.902	0.095
25.460	-0.175	0.108
25.480	3.574	0.128
25.500	7.264	0.136
25.520	10.863	0.151
25.540	14.284	0.157
25.560	17.502	0.169
25.580	20.450	0.165
25.600	23.125	0.170
25.620	25.413	0.165
25.640	27.352	0.161
25.660	28.872	0.151
25.680	29.973	0.140
25.700	30.634	0.136
25.720	30.854	0.120
25.740	30.618	0.108
25.760	29.930	0.091
25.780	28.808	0.073
25.800	27.229	0.053
25.820	25.317	0.041
25.840	22.986	0.012
25.860	20.300	-0.005
25.880	17.346	-0.023
25.900	14.193	-0.049
25.920	10.670	-0.063
25.940	7.093	-0.083
25.960	3.419	-0.102
25.980	-0.234	-0.125
26.000	-4.069	-0.129
26.020	-7.748	-0.143
26.040	-11.336	-0.150
26.060	-14.698	-0.161
26.080	-17.819	-0.164
26.100	-20.826	-0.168
26.120	-23.431	-0.166
26.140	-25.693	-0.164
26.160	-27.546	-0.159
26.180	-29.060	-0.152
26.200	-30.118	-0.144
26.220	-30.672	-0.135
26.240	-30.838	-0.124
26.260	-30.553	-0.108
26.280	-29.807	-0.088
26.300	-28.636	-0.071
26.320	-27.014	-0.048
26.340	-25.010	-0.032
26.360	-22.631	-0.009
26.380	-19.962	0.010
26.400	-16.889	0.035
26.420	-13.618	0.051
26.440	-10.149	0.072
26.460	-6.529	0.091
26.480	-2.823	0.111
26.500	0.937	0.120
26.520	4.676	0.140
26.540	8.333	0.152
26.560	11.803	0.162
26.580	15.251	0.168
26.600	18.399	0.180
26.620	21.283	0.176
26.640	23.840	0.178
26.660	26.026	0.178
26.680	27.793	0.167
26.700	29.238	0.158
26.720	30.215	0.148
26.740	30.741	0.140
26.760	30.827	0.124
26.780	30.468	0.111
26.800	29.635	0.095
26.820	28.389	0.073
26.840	26.713	-0.373
26.860	24.731	0.037
26.880	22.228	0.012
26.900	19.468	-0.006
26.920	16.422	-0.030
26.940	13.103	-0.046
26.960	9.649	-0.069
26.980	6.029	-0.087
27.000	2.323	-0.108
27.020	-1.421	-0.122
27.040	-5.154	-0.133
27.060	-8.811	-0.145
27.080	-12.335	-0.152
27.100	-15.633	-0.159
27.120	-18.785	-0.166
27.140	-21.600	-0.163
27.160	-24.103	-0.170
27.180	-26.289	-0.163
27.200	-28.051	-0.162
27.220	-29.377	-0.146
27.240	-30.317	-0.148
27.260	-30.747	-0.128
27.280	-30.801	-0.123
27.300	-30.344	-0.096
27.320	-29.495	-0.086
27.340	-28.185	-0.067
27.360	-26.428	-0.048
27.380	-24.323	-0.026
27.400	-21.842	-0.006
27.420	-19.006	0.013
27.440	-15.917	0.036
27.460	-12.625	0.053
27.480	-9.074	0.073
27.500	-5.433	0.089
27.520	-1.689	0.105
27.540	2.054	0.123
27.560	5.771	0.137
27.580	9.391	0.146
27.600	12.904	0.157
27.620	16.202	0.165
27.640	19.269	0.169
27.660	22.083	0.171
27.680	24.511	0.167
27.700	26.606	0.169
27.720	28.298	0.155
27.740	29.581	0.149
27.760	30.419	0.136
27.780	30.811	0.127
27.800	30.758	0.112
27.820	30.274	0.102
27.840	29.318	0.078
27.860	27.927	0.059
27.880	26.165	0.041
27.900	23.995	0.025
27.920	21.439	-0.005
27.940	18.603	-0.021
27.960	15.477	-0.044
27.980	12.120	-0.059
28.000	8.602	-0.083
28.020	5.057	-0.104
28.040	1.227	-0.119
28.060	-2.500	-0.137
28.080	-6.212	-0.146
28.100	-9.848	-0.160
28.120	-13.312	-0.162
28.140	-16.594	-0.176
28.160	-19.629	-0.176
28.180	-22.352	-0.181
28.200	-24.753	-0.174
28.220	-26.810	-0.177
28.240	-28.469	-0.166
28.260	-29.683	-0.164
28.280	-30.489	-0.147
28.300	-30.774	-0.141
28.320	-30.693	-0.122
28.340	-30.140	-0.111
28.360	-29.152	-0.087
28.380	-27.696	-0.074
28.400	-25.838	-0.050
28.420	-23.603	-0.030
28.440	-21.025	-0.011
28.460	-18.130	0.011
28.480	-14.956	0.028
28.500	-11.669	0.052
28.520	-8.011	0.066
28.540	-4.326	0.089
28.560	-0.685	0.102
28.580	3.156	0.121
28.600	6.856	0.132
28.620	10.449	0.146
28.640	13.898	0.153
28.660	17.136	0.161
28.680	20.123	0.164
28.700	22.851	0.163
28.720	25.161	0.161
28.740	27.154	0.155
28.760	28.717	0.153
28.780	29.882	0.141
28.800	30.575	0.132
28.820	30.844	0.117
28.840	30.666	0.107
28.860	30.027	0.087
28.880	28.953	0.073
28.900	27.449	0.049
28.920	25.623	0.040
28.940	23.265	0.010
28.960	20.638	-0.001
28.980	17.700	-0.034
29.000	14.505	-0.044
29.020	11.105	-0.069
29.040	7.544	-0.086
29.060	3.859	-0.109
29.080	0.132	-0.128
29.100	-3.607	-0.133
29.120	-7.227	-0.150
29.140	-10.879	-0.153
29.160	-14.220	-0.171
29.180	-17.523	-0.167
29.200	-20.488	-0.183
29.220	-23.131	-0.168
29.240	-25.419	-0.183
29.260	-27.379	-0.162
29.280	-28.894	-0.170
29.300	-29.995	-0.148
29.320	-30.645	-0.146
29.340	-30.838	-0.128
29.360	-30.623	-0.111
29.380	-29.920	-0.097
29.400	-28.802	-0.077
29.420	-27.218	-0.062
29.440	-25.252	-0.034
29.460	-22.921	-0.021
29.480	-20.225	0.006
29.500	-17.239	0.016
29.520	-14.027	0.048
29.540	-10.573	0.061
29.560	-6.969	0.088
29.580	-3.274	0.095
29.600	0.491	0.121
29.620	4.230	0.131
29.640	7.904	0.144
29.660	11.465	0.157
29.680	14.865	0.164
29.700	18.028	0.170
29.720	20.945	0.173
29.740	23.555	0.172
29.760	25.789	0.171
29.780	27.653	0.167
29.800	29.103	0.151
29.820	30.135	0.146
29.840	30.720	0.132
29.860	30.844	0.128
29.880	30.521	0.106
29.900	29.748	0.100
29.920	28.555	0.071
29.940	26.939	0.058
29.960	24.941	0.035
29.980	22.594	0.017
30.000	19.801	-0.007
30.020	16.793	-0.026
30.040	13.506	-0.042
30.060	10.057	-0.069
30.080	6.459	-0.079
30.100	2.758	-0.104
30.120	-0.980	-0.116
30.140	-4.719	-0.133
30.160	-8.403	-0.137
30.180	-11.937	-0.155
30.200	-15.283	-0.156
30.220	-18.436	-0.164
30.240	-21.294	-0.162
30.260	-23.834	-0.167
30.280	-26.058	-0.161
30.300	-27.863	-0.161
30.320	-29.264	-0.147
30.340	-30.247	-0.142
30.360	-30.715	-0.128
30.380	-30.827	-0.116
30.400	-30.462	-0.102
30.420	-29.640	-0.084
30.440	-28.367	-0.067
30.460	-26.670	-0.045
30.480	-24.586	-0.029
30.500	-22.142	-0.004
30.520	-19.371	0.012
30.540	-16.304	0.041
30.560	-13.006	0.053
30.580	-9.526	0.076
30.600	-5.884	0.093
30.620	-2.146	0.108
30.640	1.593	0.127
30.660	5.315	0.139
30.680	8.962	0.153
30.700	12.490	0.161
30.720	15.831	0.169
30.740	18.914	0.174
30.760	21.756	0.178
30.780	24.248	0.172
30.800	26.375	0.175
30.820	28.120	0.162
30.840	29.447	0.158
30.860	30.339	0.140
30.880	30.790	0.136
30.900	30.795	0.116
30.920	30.355	0.110
30.940	29.442	0.086
30.960	28.120	0.069
30.980	26.385	0.047
31.000	24.264	0.034
31.020	21.766	0.008
31.040	19.016	-0.012
31.060	15.864	-0.035
31.080	12.523	-0.052
31.100	9.021	-0.073
31.120	5.385	-0.096
31.140	1.673	-0.108
31.160	-2.060	-0.129
31.180	-5.793	-0.137
31.200	-9.434	-0.151
31.220	-12.915	-0.152
31.240	-16.207	-0.170
31.260	-19.274	-0.166
31.280	-22.062	-0.171
31.300	-24.436	-0.171
31.320	-26.606	-0.167
31.340	-28.324	-0.162
31.360	-29.565	-0.154
31.380	-30.414	-0.146
31.400	-30.752	-0.133
31.420	-30.741	-0.123
31.440	-30.231	-0.103
31.460	-29.297	-0.088
31.480	-27.889	-0.067
31.500	-26.095	-0.054
31.520	-23.909	-0.025
31.540	-21.342	-0.009
31.560	-18.490	0.012
31.580	-15.369	0.033
31.600	-11.996	0.050
31.620	-8.446	0.069
31.640	-4.783	0.086
31.660	-1.039	0.101
31.680	2.704	0.118
31.700	6.421	0.133
31.720	10.020	0.143
31.740	13.511	0.153
31.760	16.771	0.161
31.780	19.779	0.167
31.800	22.540	0.162
31.820	24.914	0.166
31.840	26.933	0.156
31.860	28.550	0.157
31.880	29.753	0.142
31.900	30.516	0.136
31.920	30.833	0.119
31.940	30.715	0.109
31.960	30.140	0.090
31.980	29.103	0.074
32.000	27.658	0.053
32.020	25.854	0.037
32.040	23.560	0.013
32.060	20.971	-0.009
32.080	18.066	-0.028
32.100	14.902	-0.052
32.120	11.513	-0.064
32.140	7.968	-0.092
32.160	4.310	-0.100
32.180	0.577	-0.125
32.200	-3.059	-0.132
32.220	-6.867	-0.153
32.240	-10.455	-0.153
32.260	-13.898	-0.172
32.280	-17.126	-0.168
32.300	-20.107	-0.179
32.320	-22.814	-0.175
32.340	-25.134	-0.179
32.360	-27.148	-0.172
32.380	-28.711	-0.166
32.400	-29.866	-0.160
32.420	-30.543	-0.141
32.440	-30.801	-0.140
32.460	-30.618	-0.117
32.480	-29.990	-0.110
32.500	-28.926	-0.079
32.520	-27.379	-0.073
32.540	-25.456	-0.045
32.560	-23.238	-0.029
32.580	-20.542	-0.005
32.600	-17.588	0.012
32.620	-14.397	0.039
32.640	-10.976	0.054
32.660	-7.372	0.075
32.680	-3.773	0.095
32.700	0.062	0.107
32.720	3.811	0.126
32.740	7.479	0.131
32.760	11.062	0.150
32.780	14.494	0.155
32.800	17.668	0.168
32.820	20.622	0.161
32.840	23.276	0.169
32.860	25.537	0.162
32.880	27.449	0.163
32.900	28.948	0.149
32.920	30.027	0.141
32.940	30.666	0.132
32.960	30.854	0.121
32.980	30.591	0.103
33.000	29.877	0.087
33.020	28.722	0.071
33.040	27.148	0.051
33.060	25.198	0.035
33.080	22.824	0.005
33.100	20.144	-0.004
33.120	17.163	-0.034
33.140	13.925	-0.045
33.160	10.476	-0.067
33.180	6.905	-0.081
33.200	3.193	-0.108
33.220	-0.534	-0.121
33.240	-4.273	-0.137
33.260	-7.963	-0.143
33.280	-11.524	-0.156
33.300	-14.902	-0.160
33.320	-18.071	-0.170
33.340	-20.988	-0.167
33.360	-23.576	-0.171
33.380	-25.838	-0.171
33.400	-27.691	-0.167
33.420	-29.141	-0.154
33.440	-30.161	-0.146
33.460	-30.682	-0.135
33.480	-30.838	-0.124
33.500	-30.532	-0.106
33.520	-29.764	-0.088
33.540	-28.561	-0.071
33.560	-26.912	-0.052
33.580	-24.882	-0.034
33.600	-22.545	-0.009
33.620	-19.715	0.008
33.640	-16.701	0.032
33.660	-13.430	0.053
33.680	-9.945	0.071
33.700	-6.335	0.088
33.720	-2.597	0.106
33.740	1.141	0.125
33.760	4.885	0.135
33.780	8.527	0.152
33.800	12.077	0.157
33.820	15.450	0.171
33.840	18.549	0.170
33.860	21.433	0.178
33.880	23.969	0.171
33.900	26.138	0.175
33.920	27.938	0.162
33.940	29.313	0.162
33.960	30.263	0.145
33.980	30.763	0.142
34.000	30.817	0.120
34.020	30.425	0.111
34.040	29.576	0.089
34.060	28.314	0.074
34.080	26.611	0.056
34.100	24.538	0.034
34.120	22.073	0.013
34.140	19.296	-0.005
34.160	16.234	-0.026
34.180	12.915	-0.050
34.200	9.440	-0.067
34.220	5.814	-0.089
34.240	2.097	-0.101
34.260	-1.625	-0.125
34.280	-5.358	-0.128
34.300	-9.015	-0.146
34.320	-12.523	-0.149
34.340	-15.842	-0.159
34.360	-18.941	-0.162
34.380	-21.772	-0.164
34.400	-24.259	-0.167
34.420	-26.385	-0.161
34.440	-28.120	-0.161
34.460	-29.458	-0.143
34.480	-30.355	-0.146
34.500	-30.763	-0.121
34.520	-30.784	-0.124
34.540	-30.333	-0.092
34.560	-29.431	-0.088
34.580	-28.094	-0.059
34.600	-26.321	-0.050
34.620	-24.183	-0.025
34.640	-21.680	-0.005
34.660	-18.834	0.017
34.680	-15.740	0.039
34.700	-12.426	0.053
34.720	-8.881	0.073
34.740	-5.213	0.088
34.760	-1.496	0.112
34.780	2.269	0.122
34.800	5.986	0.140
34.820	9.590	0.150
34.840	13.097	0.159
34.860	16.390	0.163
34.880	19.425	0.172
34.900	22.223	0.172
34.920	24.645	0.171
34.940	26.719	0.165
34.960	28.378	0.161
34.980	29.640	0.152
35.000	30.457	0.138
35.020	30.827	0.129
35.040	30.747	0.111
35.060	30.215	0.101
35.080	29.248	0.075
35.100	27.884	0.062
35.120	26.052	0.038
35.140	23.850	0.022
35.160	21.294	-0.003
35.180	18.479	-0.018
35.200	15.294	-0.046
35.220	11.927	-0.059
35.240	8.408	-0.083
35.260	4.745	-0.100
35.280	1.023	-0.118
35.300	-2.720	-0.134
35.320	-6.437	-0.142
35.340	-10.036	-0.158
35.360	-13.511	-0.160
35.380	-16.771	-0.175
35.400	-19.806	-0.174
35.420	-22.518	-0.177
35.440	-24.898	-0.174
35.460	-26.933	-0.175
35.480	-28.550	-0.168
35.500	-29.753	-0.160
35.520	-30.505	-0.146
35.540	-30.784	-0.137
35.560	-30.661	-0.121
35.580	-30.086	-0.104
35.600	-29.082	-0.088
35.620	-27.594	-0.070
35.640	-25.719	-0.050
35.660	-23.474	-0.030
35.680	-20.853	-0.012
35.700	-17.942	0.012
35.720	-14.768	0.033
35.740	-11.373	0.051
35.760	-7.823	0.068
35.780	-4.122	0.090
35.800	-0.379	0.105
35.820	3.376	0.123
35.840	7.060	0.128
35.860	10.643	0.147
35.880	14.107	0.149
35.900	17.308	0.163
35.920	20.289	0.160
35.940	22.986	0.165
35.960	25.290	0.160
35.980	27.261	0.157
36.000	28.792	0.149
36.020	29.930	0.137
36.040	30.607	0.123
36.060	30.844	0.115
36.080	30.650	0.097
36.100	29.973	0.086
36.120	28.883	0.068
36.140	27.352	0.048
36.160	25.451	0.034
36.180	23.125	0.004
36.200	20.477	-0.008
36.220	17.615	-0.037
36.240	14.322	-0.048
36.260	10.981	-0.075
36.280	7.345	-0.088
36.300	3.660	-0.113
36.320	-0.067	-0.123
36.340	-3.832	-0.146
36.360	-7.501	-0.144
36.380	-11.094	-0.163
36.400	-14.483	-0.162
36.420	-17.674	-0.175
36.440	-20.644	-0.173
36.460	-23.260	-0.177
36.480	-25.526	-0.175
36.500	-27.465	-0.170
36.520	-28.969	-0.164
36.540	-30.011	-0.149
36.560	-30.639	-0.146
36.580	-30.822	-0.126
36.600	-30.580	-0.119
36.620	-29.844	-0.096
36.640	-28.706	-0.081
36.660	-27.089	-0.059
36.680	-25.113	-0.040
36.700	-22.771	-0.018
36.720	-20.058	0.004
36.740	-17.051	0.020
36.760	-13.828	0.045
36.780	-10.364	0.060
36.800	-6.760	0.083
36.820	-3.043	0.091
36.840	0.717	0.119
36.860	4.455	0.126
36.880	8.113	0.148
36.900	11.674	0.149
36.920	15.058	0.163
36.940	18.211	0.164
36.960	21.111	0.172
36.980	23.689	0.165
37.000	25.907	0.167
37.020	27.739	0.154
37.040	29.173	0.151
37.060	30.177	0.140
37.080	30.725	0.138
37.100	30.838	0.120
37.120	30.500	0.104
37.140	29.694	0.090
37.160	28.469	0.073
37.180	26.826	0.054
37.200	24.812	0.034
37.220	22.368	0.009
37.240	19.623	-0.007
37.260	16.615	-0.032
37.280	13.323	-0.048
37.300	9.853	-0.072
37.320	6.249	-0.083
37.340	2.543	-0.110
37.360	-1.206	-0.118
37.380	-4.939	-0.137
37.400	-8.591	-0.136
37.420	-12.147	-0.158
37.440	-15.482	-0.152
37.460	-18.597	-0.167
37.480	-21.471	-0.162
37.500	-23.990	-0.171
37.520	-26.187	-0.159
37.540	-27.975	-0.162
37.560	-29.340	-0.146
37.580	-30.296	-0.143
37.600	-30.736	-0.125
37.620	-30.827	-0.118
37.640	-30.430	-0.098
37.660	-29.592	-0.082
37.680	-28.287	-0.063
37.700	-26.579	-0.045
37.720	-24.473	-0.023
37.740	-22.003	-0.005
37.760	-19.194	0.018
37.780	-16.207	0.039
37.800	-12.818	0.055
37.820	-9.322	0.077
37.840	-5.685	0.097
37.860	-1.936	0.110
37.880	1.807	0.128
37.900	5.551	0.139
37.920	9.160	0.153
37.940	12.705	0.162
37.960	15.928	0.172
37.980	19.075	0.171
38.000	21.917	0.183
38.020	24.377	0.176
38.040	26.498	0.171
38.060	28.190	0.161
38.080	29.522	0.157
38.100	30.376	0.140
38.120	30.811	0.136
38.140	30.779	0.114
38.160	30.312	0.103
38.180	29.377	0.085
38.200	28.034	0.070
38.220	26.267	0.048
38.240	24.130	0.029
38.260	21.616	0.004
38.280	18.764	-0.011
38.300	15.676	-0.035
38.320	12.394	-0.051
38.340	8.827	-0.079
38.360	5.175	-0.088
38.380	1.458	-0.112
38.400	-2.291	-0.124
38.420	-6.018	-0.139
38.440	-9.638	-0.146
38.460	-13.108	-0.158
38.480	-16.390	-0.161
38.500	-19.451	-0.170
38.520	-22.201	-0.164
38.540	-24.635	-0.166
38.560	-26.654	-0.164
38.580	-28.394	-0.162
38.600	-29.646	-0.149
38.620	-30.451	-0.145
38.640	-30.795	-0.130
38.660	-30.704	-0.116
38.680	-30.194	-0.100
38.700	-29.227	-0.084
38.720	-27.820	-0.065
38.740	-25.961	-0.046
38.760	-23.759	-0.026
38.780	-21.202	-0.004
38.800	-18.313	0.017
38.820	-15.160	0.035
38.840	-11.798	0.058
38.860	-8.333	0.073
38.880	-4.552	0.091
38.900	-0.824	0.105
38.920	2.935	0.128
38.940	6.625	0.132
38.960	10.224	0.151
38.980	13.699	0.151
39.000	16.943	0.166
39.020	19.951	0.165
39.040	22.674	0.168
39.060	25.032	0.165
39.080	27.041	0.165
39.100	28.620	0.152
39.120	29.818	0.138
39.140	30.559	0.128
39.160	30.838	0.118
39.180	30.693	0.101
39.200	30.092	0.090
39.220	29.039	0.070
39.240	27.546	0.050
39.260	25.693	0.034
39.280	23.490	0.014
39.300	20.805	-0.004
39.320	17.905	-0.032
39.340	14.719	-0.050
39.360	11.411	-0.068
39.380	7.764	-0.088
39.400	4.095	-0.108
39.420	0.368	-0.127
39.440	-3.381	-0.141
39.460	-7.071	-0.153
39.480	-10.664	-0.159
39.500	-14.091	-0.171
39.520	-17.314	-0.171
39.540	-20.209	-0.179
39.560	-22.953	-0.175
39.580	-25.252	-0.181
39.600	-27.223	-0.171
39.620	-28.797	-0.167
39.640	-29.898	-0.156
39.660	-30.575	-0.148
39.680	-30.790	-0.133
39.700	-30.602	-0.122
39.720	-29.947	-0.104
39.740	-28.845	-0.085
39.760	-27.266	-0.067
39.780	-25.349	-0.045
39.800	-23.039	-0.027
39.820	-20.343	-0.003
39.840	-17.405	0.016
39.860	-14.198	0.035
39.880	-10.766	0.053
39.900	-7.162	0.073
39.920	-3.462	0.090
39.940	0.277	0.108
39.960	3.940	0.124
39.980	7.689	0.135
40.000	11.277	0.147
40.020	14.671	0.153
40.040	17.862	0.161
40.060	20.783	0.164
40.080	23.351	0.165
40.100	25.671	0.161
40.120	27.540	0.157
40.140	28.996	0.149
40.160	30.081	0.136
40.180	30.688	0.129
40.200	30.849	0.114
40.220	30.564	0.100
40.240	29.812	0.086
40.260	28.647	0.066
40.280	27.025	0.048
40.300	25.075	0.028
40.320	22.674	0.005
40.340	19.972	-0.011
40.360	16.997	-0.034
40.380	13.710	-0.050
40.400	10.278	-0.073
40.420	6.690	-0.094
40.440	2.984	-0.113
40.460	-0.744	-0.125
40.480	-4.477	-0.141
40.500	-8.161	-0.148
40.520	-11.728	-0.161
40.540	-15.095	-0.162
40.560	-18.243	-0.174
40.580	-21.133	-0.171
40.600	-23.689	-0.175
40.620	-25.918	-0.168
40.640	-27.782	-0.166
40.660	-29.195	-0.158
40.680	-30.204	-0.152
40.700	-30.709	-0.140
40.720	-30.822	-0.126
40.740	-30.494	-0.108
40.760	-29.710	-0.092
40.780	-28.486	-0.072
40.800	-26.794	-0.057
40.820	-24.753	-0.033
40.840	-22.330	-0.013
40.860	-19.553	0.011
40.880	-16.519	0.030
40.900	-13.226	0.051
40.920	-9.751	0.068
40.940	-6.110	0.088
40.960	-2.387	0.100
40.980	1.378	0.122
41.000	5.014	0.133
41.020	8.736	0.151
41.040	12.286	0.157
41.060	15.622	0.166
41.080	18.737	0.169
41.100	21.600	0.176
41.120	24.108	0.173
41.140	26.251	0.172
41.160	28.024	0.161
41.180	29.377	0.156
41.200	30.306	0.139
41.220	30.774	0.136
41.240	30.806	0.118
41.260	30.387	0.107
41.280	29.511	0.087
41.300	28.217	0.070
41.320	26.488	0.052
41.340	24.409	0.033
41.360	21.911	0.008
41.380	19.118	-0.006
41.400	16.057	-0.032
41.420	12.802	-0.046
41.440	9.230	-0.072
41.460	5.594	-0.088
41.480	1.888	-0.110
41.500	-1.861	-0.121
41.520	-5.573	-0.132
41.540	-9.225	-0.140
41.560	-12.738	-0.154
41.580	-16.030	-0.155
41.600	-19.118	-0.163
41.620	-21.917	-0.158
41.640	-24.377	-0.169
41.660	-26.509	-0.159
41.680	-28.233	-0.158
41.700	-29.554	-0.145
41.720	-30.398	-0.140
41.740	-30.763	-0.126
41.760	-30.768	-0.113
41.780	-30.285	-0.096
41.800	-29.377	-0.078
41.820	-27.981	-0.064
41.840	-26.214	-0.039
41.860	-24.044	-0.024
41.880	-21.535	-0.001
41.900	-18.673	0.022
41.920	-15.552	0.041
41.940	-12.217	0.060
41.960	-8.677	0.077
41.980	-4.998	0.095
42.000	-1.281	0.111
42.020	2.479	0.133
42.040	6.196	0.142
42.060	9.789	0.157
42.080	13.296	0.159
42.100	16.573	0.174
42.120	19.602	0.169
42.140	22.363	0.178
42.160	24.769	0.168
42.180	26.815	0.169
42.200	28.459	0.158
42.220	29.694	0.151
42.240	30.489	0.139
42.260	30.844	0.129
42.280	30.736	0.111
42.300	30.161	0.095
42.320	29.178	0.082
42.340	27.734	0.060
42.360	25.929	0.041
42.380	23.786	0.020
42.400	21.127	0.001
42.420	18.248	-0.022
42.440	15.101	-0.042
42.460	11.819	-0.062
42.480	8.183	-0.080
42.500	4.622	-0.100
42.520	0.819	-0.118
42.540	-2.951	-0.133
42.560	-6.636	-0.142
42.580	-10.251	-0.153
42.600	-13.710	-0.161
42.620	-16.938	-0.166
42.640	-19.962	-0.177
42.660	-22.636	-0.170
42.680	-25.010	-0.175
42.700	-27.025	-0.168
42.720	-28.641	-0.168
42.740	-29.818	-0.153
42.760	-30.527	-0.147
42.780	-30.801	-0.130
42.800	-30.650	-0.121
42.820	-30.054	-0.103
42.840	-28.990	-0.083
42.860	-27.503	-0.069
42.880	-25.612	-0.046
42.900	-23.329	-0.030
42.920	-20.708	-0.004
42.940	-17.760	0.014
42.960	-14.591	0.035
42.980	-11.185	0.050
43.000	-7.597	0.070
43.020	-3.902	0.087
43.040	-0.158	0.107
43.060	3.591	0.120
43.080	7.270	0.132
43.100	10.852	0.148
43.120	14.284	0.152
43.140	17.496	0.161
43.160	20.450	0.161
43.180	23.120	0.165
43.200	25.413	0.161
43.220	27.352	0.155
43.240	28.872	0.149
43.260	29.979	0.138
43.280	30.645	0.126
43.300	30.844	0.114
43.320	30.618	0.098
43.340	29.930	0.085
43.360	28.808	0.064
43.380	27.245	0.041
43.400	25.338	0.026
43.420	22.986	0.002
43.440	20.322	-0.014
43.460	17.362	-0.042
43.480	14.123	-0.054
43.500	10.702	-0.076
43.520	7.125	-0.093
43.540	3.451	-0.114
43.560	-0.287	-0.127
43.580	-4.031	-0.141
43.600	-7.716	-0.154
43.620	-11.293	-0.159
43.640	-14.666	-0.172
43.660	-17.856	-0.171
43.680	-20.778	-0.185
43.700	-23.362	-0.175
43.720	-25.644	-0.181
43.740	-27.540	-0.168
43.760	-29.017	-0.169
43.780	-30.065	-0.152
43.800	-30.634	-0.146
43.820	-30.806	-0.133
43.840	-30.516	-0.113
43.860	-29.785	-0.104
43.880	-28.588	-0.077
43.900	-26.982	-0.068
43.920	-24.978	-0.038
43.940	-22.599	-0.028
43.960	-19.951	0.004
43.980	-16.863	0.016
44.000	-13.592	0.043
44.020	-10.154	0.056
44.040	-6.529	0.077
44.060	-2.801	0.098
44.080	0.937	0.113
44.100	4.676	0.130
44.120	8.312	0.136
44.140	11.873	0.152
44.160	15.251	0.155
44.180	18.393	0.166
44.200	21.272	0.165
44.220	23.840	0.165
44.240	26.020	0.164
44.260	27.836	0.157
44.280	29.243	0.148
44.300	30.215	0.136
44.320	30.741	0.130
44.340	30.833	0.113
44.360	30.473	0.105
44.380	29.630	0.084
44.400	28.389	0.073
44.420	26.729	0.041
44.440	24.742	0.032
44.460	22.223	-0.001
44.480	19.468	-0.007
44.500	16.427	-0.047
44.520	13.124	-0.044
44.540	9.655	-0.082
44.560	6.029	-0.082
44.580	2.334	-0.120
44.600	-1.410	-0.123
44.620	-5.148	-0.139
44.640	-8.811	-0.146
44.660	-12.324	-0.154
44.680	-15.665	-0.166
44.700	-18.775	-0.163
44.720	-21.627	-0.176
44.740	-24.124	-0.161
44.760	-26.283	-0.172
44.780	-28.061	-0.153
44.800	-29.409	-0.158
44.820	-30.328	-0.138
44.840	-30.741	-0.137
44.860	-30.801	-0.114
44.880	-30.403	-0.104
44.900	-29.538	-0.085
44.920	-28.201	-0.063
44.940	-26.461	-0.051
44.960	-24.344	-0.021
44.980	-21.933	-0.012
45.000	-19.054	0.025
45.020	-15.955	0.030
45.040	-12.657	0.064
45.060	-9.101	0.070
45.080	-5.460	0.101
45.100	-1.818	0.107
45.120	2.038	0.132
45.140	5.728	0.136
45.160	9.370	0.160
45.180	12.877	0.157
45.200	16.186	0.174
45.220	19.253	0.173
45.240	22.083	0.177
45.260	24.511	0.174
45.280	26.590	0.173
45.300	28.292	0.165
45.320	29.581	0.161
45.340	30.414	0.146
45.360	30.817	0.134
45.380	30.763	0.120
45.400	30.269	0.104
45.420	29.323	0.090
45.440	27.932	0.066
45.460	26.171	0.054
45.480	24.001	0.027
45.500	21.444	0.008
45.520	18.597	-0.009
45.540	15.477	-0.035
45.560	12.125	-0.046
45.580	8.602	-0.074
45.600	4.955	-0.088
45.620	1.227	-0.113
45.640	-2.516	-0.117
45.660	-6.217	-0.139
45.680	-9.843	-0.142
45.700	-13.312	-0.158
45.720	-16.573	-0.157
45.740	-19.639	-0.168
45.760	-22.363	-0.163
45.780	-24.758	-0.166
45.800	-26.837	-0.158
45.820	-28.486	-0.158
45.840	-29.699	-0.146
45.860	-30.489	-0.137
45.880	-30.801	-0.126
45.900	-30.715	-0.117
45.920	-30.135	-0.092
45.940	-29.178	-0.079
45.960	-27.712	-0.062
45.980	-25.870	-0.042
46.000	-23.630	-0.020
46.020	-21.041	0.002
46.040	-18.146	0.022
46.060	-14.988	0.041
46.080	-11.588	0.059
46.100	-8.049	0.077
46.120	-4.343	0.093
46.140	-0.604	0.111
46.160	3.129	0.127
46.180	6.829	0.138
46.200	10.353	0.154
46.220	13.882	0.160
46.240	17.120	0.169
46.260	20.112	0.165
46.280	22.824	0.173
46.300	25.156	0.169
46.320	27.143	0.165
46.340	28.711	0.153
46.360	29.871	0.152
46.380	30.564	0.132
46.400	30.838	0.126
46.420	30.672	0.102
46.440	30.027	0.094
46.460	28.958	0.070
46.480	27.470	0.057
46.500	25.628	0.031
46.520	23.286	0.016
46.540	20.649	-0.010
46.560	17.727	-0.026
46.580	14.521	-0.051
46.600	11.105	-0.067
46.620	7.554	-0.091
46.640	3.891	-0.109
46.660	0.142	-0.126
46.680	-3.596	-0.136
46.700	-7.189	-0.151
46.720	-10.879	-0.159
46.740	-14.193	-0.168
46.760	-17.502	-0.174
46.780	-20.450	-0.174
46.800	-23.093	-0.179
46.820	-25.397	-0.172
46.840	-27.352	-0.177
46.860	-28.878	-0.161
46.880	-29.952	-0.162
46.900	-30.580	-0.142
46.920	-30.806	-0.137
46.940	-30.570	-0.115
46.960	-29.909	-0.108
46.980	-28.765	-0.084
47.000	-27.186	-0.064
47.020	-25.220	-0.046
47.040	-22.948	-0.022
47.060	-20.203	-0.007
47.080	-17.233	0.020
47.100	-14.005	0.033
47.120	-10.568	0.060
47.140	-6.942	0.068
47.160	-3.247	0.093
47.180	0.502	0.108
47.200	4.235	0.127
47.220	7.909	0.133
47.240	11.475	0.151
47.260	14.865	0.153
47.280	18.023	0.159
47.300	20.950	0.162
47.320	23.550	0.161
47.340	25.784	0.161
47.360	27.642	0.150
47.380	29.103	0.149
47.400	30.135	0.129
47.420	30.709	0.132
47.440	30.849	0.110
47.460	30.532	0.101
47.480	29.753	0.079
47.500	28.555	0.066
47.520	26.944	0.042
47.540	24.946	0.027
47.560	22.545	0.003
47.580	19.811	-0.015
47.600	16.809	-0.037
47.620	13.549	-0.060
47.640	10.084	-0.071
47.660	6.566	-0.103
47.680	2.790	-0.108
47.700	-0.943	-0.134
47.720	-4.681	-0.133
47.740	-8.360	-0.158
47.760	-11.894	-0.156
47.780	-15.251	-0.170
47.800	-18.404	-0.172
47.820	-21.278	-0.178
47.840	-23.813	-0.177
47.860	-26.010	-0.169
47.880	-27.852	-0.171
47.900	-29.232	-0.157
47.920	-30.220	-0.152
47.940	-30.720	-0.133
47.960	-30.790	-0.128
47.980	-30.446	-0.109
48.000	-29.619	-0.094
48.020	-28.389	-0.074
48.040	-26.670	-0.057
48.060	-24.608	-0.030
48.080	-22.164	-0.013
48.100	-19.387	0.007
48.120	-16.320	0.024
48.140	-13.044	0.049
48.160	-9.531	0.072
48.180	-5.895	0.085
48.200	-2.173	0.102
48.220	1.582	0.118
48.240	5.309	0.131
48.260	8.951	0.144
48.280	12.469	0.155
48.300	15.815	0.162
48.320	18.893	0.165
48.340	21.750	0.170
48.360	24.248	0.172
48.380	26.369	0.161
48.400	28.104	0.161
48.420	29.447	0.151
48.440	30.323	0.140
48.460	30.795	0.128
48.480	30.795	0.119
48.500	30.360	0.102
48.520	29.447	0.084
48.540	28.131	0.064
48.560	26.439	0.051
48.580	24.269	0.025
48.600	21.766	0.008
48.620	19.022	-0.016
48.640	15.869	-0.035
48.660	12.523	-0.054
48.680	9.107	-0.072
48.700	5.385	-0.091
48.720	1.662	-0.113
48.740	-2.071	-0.121
48.760	-5.793	-0.134
48.780	-9.450	-0.142
48.800	-12.942	-0.157
48.820	-16.218	-0.158
48.840	-19.296	-0.165
48.860	-22.089	-0.160
48.880	-24.511	-0.169
48.900	-26.616	-0.158
48.920	-28.346	-0.160
48.940	-29.592	-0.141
48.960	-30.451	-0.139
48.980	-30.795	-0.124
49.000	-30.736	-0.115
49.020	-30.263	-0.096
49.040	-29.318	-0.076
49.060	-27.911	-0.061
49.080	-26.112	-0.036
49.100	-23.909	-0.025
49.120	-21.369	0.004
49.140	-18.511	0.020
49.160	-15.375	0.043
49.180	-12.023	0.059
49.200	-8.478	0.082
49.220	-4.794	0.095
49.240	-1.055	0.116
49.260	2.672	0.131
49.280	6.405	0.140
49.300	10.004	0.159
49.320	13.490	0.160
49.340	16.760	0.178
49.360	19.774	0.169
49.380	22.529	0.183
49.400	24.892	0.170
49.420	26.880	0.171
49.440	28.539	0.159
49.460	29.759	0.157
49.480	30.527	0.139
49.500	30.844	0.136
49.520	30.720	0.111
49.540	30.140	0.104
49.560	29.114	0.081
49.580	27.664	0.065
49.600	25.832	0.046
49.620	23.566	0.021
49.640	20.977	0.008
49.660	18.076	-0.021
49.680	14.907	-0.035
49.700	11.524	-0.062
49.720	8.070	-0.077
49.740	4.321	-0.104
49.760	0.583	-0.110
49.780	-3.156	-0.128
49.800	-6.856	-0.138
49.820	-10.455	-0.152
49.840	-13.892	-0.162
49.860	-17.120	-0.162
49.880	-20.123	-0.175
49.900	-22.814	-0.161
49.920	-25.139	-0.179
49.940	-27.154	-0.160
49.960	-28.722	-0.168
49.980	-29.844	-0.138
50.000	-30.570	-0.150
50.020	-30.838	-0.123
50.040	-30.634	-0.121
50.060	-30.006	-0.094
50.080	-28.915	-0.083
50.100	-27.395	-0.062
50.120	-25.467	-0.042
50.140	-23.190	-0.021
50.160	-20.536	0.004
50.180	-17.588	0.016
50.200	-14.403	0.045
50.220	-10.981	0.051
50.240	-7.377	0.082
50.260	-3.693	0.088
50.280	0.062	0.117
50.300	3.795	0.120
50.320	7.469	0.141
50.340	11.051	0.145
50.360	14.467	0.157
50.380	17.663	0.161
50.400	20.612	0.165
50.420	23.281	0.165
50.440	25.537	0.165
50.460	27.454	0.160
50.480	28.953	0.148
50.500	30.022	0.143
50.520	30.650	0.125
50.540	30.854	0.117
50.560	30.596	0.096
50.580	29.877	0.088
50.600	28.722	0.063
50.620	27.197	0.050
50.640	25.209	0.025
50.660	22.846	0.008
50.680	20.230	-0.017
50.700	17.190	-0.034
50.720	13.935	-0.054
50.740	10.498	-0.075
50.760	6.910	-0.093
50.780	3.215	-0.117
50.800	-0.411	-0.125
50.820	-4.240	-0.145
50.840	-7.925	-0.150
50.860	-11.475	-0.162
50.880	-14.859	-0.166
50.900	-18.039	-0.179
50.920	-20.934	-0.172
50.940	-23.453	-0.181
50.960	-25.773	-0.174
50.980	-27.589	-0.177
51.000	-29.103	-0.160
51.020	-30.097	-0.161
51.040	-30.656	-0.145
51.060	-30.801	-0.135
51.080	-30.484	-0.114
51.100	-29.759	-0.105
51.120	-28.523	-0.081
51.140	-26.869	-0.063
51.160	-24.844	-0.042
51.180	-22.454	-0.022
51.200	-19.698	0.000
51.220	-16.669	0.020
51.240	-13.414	0.039
51.260	-9.923	0.060
51.280	-6.314	0.074
51.300	-2.592	0.093
51.320	1.174	0.113
51.340	4.890	0.128
51.360	8.532	0.137
51.380	12.072	0.149
51.400	15.434	0.157
51.420	18.485	0.162
51.440	21.433	0.165
51.460	23.969	0.162
51.480	26.095	0.163
51.500	27.932	0.153
51.520	29.302	0.146
51.540	30.242	0.135
51.560	30.768	0.129
51.580	30.817	0.108
51.600	30.425	0.103
51.620	29.581	0.075
51.640	28.308	0.069
51.660	26.616	0.039
51.680	24.608	0.027
51.700	22.089	-0.003
51.720	19.301	-0.011
51.740	16.266	-0.044
51.760	12.936	-0.054
51.780	9.461	-0.084
51.800	5.836	-0.092
51.820	2.124	-0.116
51.840	-1.630	-0.129
51.860	-5.336	-0.142
51.880	-8.989	-0.150
51.900	-12.501	-0.154
51.920	-15.815	-0.172
51.940	-18.930	-0.165
51.960	-21.766	-0.175
51.980	-24.221	-0.165
52.000	-26.391	-0.175
52.020	-28.131	-0.159
52.040	-29.458	-0.158
52.060	-30.344	-0.143
52.080	-30.741	-0.136
52.100	-30.768	-0.119
52.120	-30.323	-0.102
52.140	-29.442	-0.091
52.160	-28.104	-0.067
52.180	-26.321	-0.051
52.200	-24.183	-0.018
52.220	-21.697	-0.013
52.240	-18.850	0.023
52.260	-15.745	0.030
52.280	-12.426	0.063
52.300	-8.892	0.069
52.320	-5.320	0.098
52.340	-1.501	0.104
52.360	2.237	0.129
52.380	5.879	0.136
52.400	9.585	0.153
52.420	13.087	0.158
52.440	16.385	0.172
52.460	19.425	0.171
52.480	22.223	0.177
52.500	24.586	0.173
52.520	26.702	0.167
52.540	28.367	0.159
52.560	29.646	0.153
52.580	30.441	0.141
52.600	30.827	0.132
52.620	30.747	0.117
52.640	30.210	0.104
52.660	29.254	0.086
52.680	27.852	0.070
52.700	26.052	0.049
52.720	23.856	0.033
52.740	21.299	0.005
52.760	18.436	-0.008
52.780	15.310	-0.035
52.800	12.012	-0.048
52.820	8.403	-0.080
52.840	4.751	-0.085
52.860	1.120	-0.113
52.880	-2.726	-0.120
52.900	-6.432	-0.139
52.920	-10.047	-0.140
52.940	-13.484	-0.154
52.960	-16.766	-0.157
52.980	-19.806	-0.162
53.000	-22.508	-0.162
53.020	-24.914	-0.164
53.040	-26.928	-0.159
53.060	-28.577	-0.154
53.080	-29.759	-0.146
53.100	-30.516	-0.136
53.120	-30.795	-0.126
53.140	-30.693	-0.111
53.160	-30.097	-0.092
53.180	-29.076	-0.075
53.200	-27.615	-0.058
53.220	-25.752	-0.036
53.240	-23.501	-0.017
53.260	-20.885	0.003
53.280	-17.964	0.024
53.300	-14.795	0.045
53.320	-11.400	0.059
53.340	-7.823	0.082
53.360	-4.133	0.096
53.380	-0.384	0.119
53.400	3.360	0.132
53.420	7.050	0.143
53.440	10.627	0.156
53.460	14.086	0.161
53.480	17.314	0.171
53.500	20.273	0.171
53.520	22.975	0.174
53.540	25.279	0.169
53.560	27.234	0.168
53.580	28.786	0.156
53.600	29.930	0.149
53.620	30.607	0.136
53.640	30.844	0.127
53.660	30.650	0.109
53.680	29.984	0.099
53.700	28.894	0.076
53.720	27.352	0.061
53.740	25.451	0.036
53.760	23.131	0.020
53.780	20.563	-0.007
53.800	17.539	-0.024
53.820	14.338	-0.048
53.840	10.906	-0.064
53.860	7.356	-0.088
53.880	3.660	-0.106
53.900	-0.067	-0.116
53.920	-3.805	-0.135
53.940	-7.490	-0.144
53.960	-11.078	-0.161
53.980	-14.467	-0.158
54.000	-17.674	-0.178
54.020	-20.617	-0.164
54.040	-23.163	-0.179
54.060	-25.526	-0.164
54.080	-27.433	-0.175
54.100	-28.948	-0.158
54.120	-30.016	-0.157
54.140	-30.602	-0.143
54.160	-30.806	-0.135
54.180	-30.543	-0.116
54.200	-29.844	-0.099
54.220	-28.690	-0.085
54.240	-27.089	-0.059
54.260	-25.096	-0.045
54.280	-22.744	-0.021
54.300	-20.037	-0.005
54.320	-17.110	0.022
54.340	-13.812	0.036
54.360	-10.358	0.057
54.380	-6.835	0.073
54.400	-3.037	0.092
54.420	0.717	0.106
54.440	4.455	0.122
54.460	8.102	0.138
54.480	11.674	0.147
54.500	14.972	0.155
54.520	18.200	0.157
54.540	21.116	0.168
54.560	23.641	0.160
54.580	25.907	0.163
54.600	27.728	0.149
54.620	29.168	0.148
54.640	30.145	0.129
54.660	30.731	0.127
54.680	30.833	0.106
54.700	30.500	0.099
54.720	29.699	0.077
54.740	28.475	0.062
54.760	26.885	0.040
54.780	24.817	0.017
54.800	22.406	0.001
54.820	19.720	-0.017
54.840	16.632	-0.044
54.860	13.339	-0.063
54.880	9.885	-0.077
54.900	6.271	-0.102
54.920	2.570	-0.114
54.940	-1.152	-0.133
54.960	-4.880	-0.142
54.980	-8.473	-0.156
55.000	-12.082	-0.162
55.020	-15.423	-0.166
55.040	-18.474	-0.181
55.060	-21.423	-0.171
55.080	-23.926	-0.179
55.100	-26.133	-0.171
55.120	-27.922	-0.175
55.140	-29.286	-0.158
55.160	-30.253	-0.152
55.180	-30.709	-0.137
55.200	-30.768	-0.132
55.220	-30.392	-0.105
55.240	-29.565	-0.096
55.260	-28.271	-0.075
55.280	-26.520	-0.055
55.300	-24.436	-0.034
55.320	-21.987	-0.016
55.340	-19.188	0.006
55.360	-16.127	0.026
55.380	-12.802	0.046
55.400	-9.311	0.070
55.420	-5.675	0.084
55.440	-1.942	0.099
55.460	1.813	0.117
55.480	5.535	0.131
55.500	9.155	0.144
55.520	12.684	0.153
55.540	15.998	0.160
55.560	19.065	0.161
55.580	21.901	0.169
55.600	24.371	0.167
55.620	26.488	0.165
55.640	28.196	0.157
55.660	29.511	0.148
55.680	30.365	0.133
55.700	30.806	0.127
55.720	30.779	0.112
55.740	30.323	0.103
55.760	29.393	0.080
55.780	28.034	0.062
55.800	26.278	0.043
55.820	24.205	0.023
55.840	21.621	0.002
55.860	18.785	-0.016
55.880	15.697	-0.042
55.900	12.329	-0.058
55.920	8.838	-0.075
55.940	5.197	-0.094
55.960	1.469	-0.115
55.980	-2.269	-0.126
56.000	-6.002	-0.137
56.020	-9.617	-0.146
56.040	-13.103	-0.157
56.060	-16.385	-0.160
56.080	-19.457	-0.168
56.100	-22.207	-0.163
56.120	-24.640	-0.167
56.140	-26.729	-0.161
56.160	-28.384	-0.161
56.180	-29.640	-0.144
56.200	-30.451	-0.142
56.220	-30.768	-0.124
56.240	-30.731	-0.111
56.260	-30.204	-0.096
56.280	-29.232	-0.077
56.300	-27.814	-0.060
56.320	-25.972	-0.038
56.340	-23.770	-0.020
56.360	-21.208	0.004
56.380	-18.383	0.024
56.400	-15.192	0.041
56.420	-11.824	0.062
56.440	-8.349	0.080
56.460	-4.573	0.099
56.480	-0.841	0.115
56.500	2.898	0.132
56.520	6.609	0.142
56.540	10.202	0.159
56.560	13.688	0.166
56.580	16.863	0.178
56.600	19.935	0.177
56.620	22.674	0.181
56.640	25.016	0.170
56.660	27.025	0.174
56.680	28.588	0.161
56.700	29.818	0.155
56.720	30.553	0.145
56.740	30.838	0.133
56.760	30.693	0.114
56.780	30.092	0.103
56.800	29.033	0.086
56.820	27.599	0.066
56.840	25.698	0.044
56.860	23.437	0.026
56.880	20.891	0.006
56.900	17.915	-0.017
56.920	14.736	-0.036
56.940	11.314	-0.059
56.960	7.775	-0.074
56.980	4.117	-0.099
57.000	0.384	-0.109
57.020	-3.370	-0.125
57.040	-7.050	-0.135
57.060	-10.659	-0.149
57.080	-14.107	-0.154
57.100	-17.319	-0.160
57.120	-20.198	-0.166
57.140	-22.937	-0.166
57.160	-25.284	-0.168
57.180	-27.229	-0.162
57.200	-28.808	-0.161
57.220	-29.920	-0.142
57.240	-30.559	-0.140
57.260	-30.817	-0.125
57.280	-30.618	-0.112
57.300	-29.957	-0.090
57.320	-28.845	-0.075
57.340	-27.315	-0.056
57.360	-25.360	-0.036
57.380	-23.050	-0.017
57.400	-20.397	0.004
57.420	-17.416	0.024
57.440	-14.193	0.048
57.460	-10.782	0.062
57.480	-7.178	0.084
57.500	-3.472	0.092
57.520	0.260	0.117
57.540	4.015	0.127
57.560	7.673	0.143
57.580	11.266	0.153
57.600	14.660	0.162
57.620	17.845	0.165
57.640	20.778	0.171
57.660	23.410	0.168
57.680	25.666	0.168
57.700	27.535	0.162
57.720	29.017	0.154
57.740	30.081	0.143
57.760	30.693	0.129
57.780	30.849	0.116
57.800	30.564	0.101
57.820	29.818	0.087
57.840	28.652	0.066
57.860	27.035	0.048
57.880	25.080	0.027
57.900	22.690	0.008
57.920	20.064	-0.010
57.940	17.013	-0.034
57.960	13.742	-0.052
57.980	10.299	-0.078
58.000	6.700	-0.089
58.020	3.016	-0.119
58.040	-0.717	-0.122
58.060	-4.461	-0.144
58.080	-8.129	-0.148
58.100	-11.653	-0.168
58.120	-15.047	-0.166
58.140	-18.200	-0.179
58.160	-21.084	-0.173
58.180	-23.652	-0.179
58.200	-25.891	-0.173
58.220	-27.723	-0.172
58.240	-29.152	-0.163
58.260	-30.145	-0.156
58.280	-30.661	-0.143
58.300	-30.795	-0.133
58.320	-30.457	-0.118
58.340	-29.683	-0.097
58.360	-28.437	-0.083
58.380	-26.751	-0.062
58.400	-24.715	-0.037
58.420	-22.298	-0.021
58.440	-19.527	0.001
58.460	-16.487	0.016
58.480	-13.199	0.043
58.500	-9.714	0.057
58.520	-6.104	0.081
58.540	-2.382	0.091
58.560	1.372	0.115
58.580	5.105	0.123
58.600	8.736	0.140
58.620	12.286	0.144
58.640	15.622	0.158
58.660	18.732	0.159
58.680	21.584	0.163
58.700	24.108	0.159
58.720	26.262	0.163
58.740	28.013	0.153
58.760	29.388	0.145
58.780	30.301	0.133
58.800	30.774	0.124
58.820	30.801	0.108
58.840	30.387	0.096
58.860	29.517	0.078
58.880	28.217	0.060
58.900	26.488	0.038
58.920	24.425	0.020
58.940	21.944	-0.001
58.960	19.145	-0.020
58.980	16.078	-0.048
59.000	12.732	-0.060
59.020	9.279	-0.084
59.040	5.626	-0.094
59.060	1.920	-0.123
59.080	-1.829	-0.126
59.100	-5.546	-0.146
59.120	-9.198	-0.149
59.140	-12.700	-0.164
59.160	-15.982	-0.166
59.180	-19.097	-0.175
59.200	-21.890	-0.173
59.220	-24.339	-0.175
59.240	-26.482	-0.171
59.260	-28.179	-0.166
59.280	-29.511	-0.154
59.300	-30.371	-0.148
59.320	-30.741	-0.135
59.340	-30.747	-0.124
59.360	-30.263	-0.105
59.380	-29.377	-0.089
59.400	-27.991	-0.067
59.420	-26.198	-0.051
59.440	-24.044	-0.027
59.460	-21.514	-0.012
59.480	-18.667	0.015
59.500	-15.552	0.031
59.520	-12.217	0.053
59.540	-8.688	0.069
59.560	-5.009	0.087
59.580	-1.276	0.105
59.600	2.473	0.124
59.620	6.174	0.132
59.640	9.783	0.152
59.660	13.285	0.154
59.680	16.567	0.166
59.700	19.607	0.166
59.720	22.352	0.174
59.740	24.710	0.166
59.760	26.810	0.166
59.780	28.453	0.156
59.800	29.689	0.148
59.820	30.489	0.135
59.840	30.833	0.128
59.860	30.736	0.113
59.880	30.183	0.106
59.900	29.184	0.082
59.920	27.739	0.062
59.940	25.934	0.046
59.960	23.727	0.028
59.980	21.202	0.002
60.000	18.264	-0.015
60.020	15.112	-0.040
60.040	11.728	-0.054
60.060	8.199	-0.075
60.080	4.536	-0.093
60.100	0.824	-0.112
60.120	-2.935	-0.122
60.140	-6.550	-0.135
60.160	-10.256	-0.145
60.180	-13.688	-0.154
60.200	-16.948	-0.158
60.220	-19.940	-0.162
60.240	-22.642	-0.162
60.260	-25.005	-0.164
60.280	-27.035	-0.156
60.300	-28.636	-0.157
60.320	-29.796	-0.142
60.340	-30.521	-0.137
60.360	-30.817	-0.123
60.380	-30.650	-0.109
60.400	-30.059	-0.088
60.420	-29.007	-0.071
60.440	-27.497	-0.054
60.460	-25.601	-0.033
60.480	-23.362	-0.014
60.500	-20.783	0.008
60.520	-17.786	0.028
60.540	-14.596	0.050
60.560	-11.266	0.063
60.580	-7.608	0.083
60.600	-3.918	0.104
60.620	-0.180	0.120
60.640	3.580	0.136
60.660	7.248	0.144
60.680	10.831	0.158
60.700	14.268	0.166
60.720	17.480	0.174
60.740	20.445	0.174
60.760	23.115	0.180
60.780	25.408	0.173
60.800	27.342	0.165
60.820	28.867	0.161
60.840	29.968	0.149
60.860	30.639	0.139
60.880	30.844	0.128
60.900	30.623	0.111
60.920	29.952	0.095
60.940	28.819	0.077
60.960	27.250	0.057
60.980	25.338	0.041
61.000	23.055	0.016
61.020	20.327	-0.004
61.040	17.373	-0.027
61.060	14.129	-0.042
61.080	10.718	-0.063
61.100	7.130	-0.083
61.120	3.446	-0.104
61.140	-0.277	-0.113
61.160	-4.015	-0.136
61.180	-7.683	-0.140
61.200	-11.282	-0.154
61.220	-14.666	-0.156
61.240	-17.760	-0.169
61.260	-20.783	-0.166
61.280	-23.372	-0.173
61.300	-25.660	-0.164
61.320	-27.535	-0.166
61.340	-29.028	-0.157
61.360	-30.065	-0.148
61.380	-30.623	-0.137
61.400	-30.806	-0.124
61.420	-30.505	-0.112
61.440	-29.796	-0.095
61.460	-28.604	-0.075
61.480	-26.966	-0.054
61.500	-24.978	-0.035
61.520	-22.604	-0.016
61.540	-19.876	0.004
61.560	-16.879	0.022
61.580	-13.602	0.047
61.600	-10.143	0.063
61.620	-6.529	0.082
61.640	-2.823	0.096
61.660	0.932	0.120
61.680	4.676	0.126
61.700	8.312	0.143
61.720	11.873	0.149
61.740	15.160	0.159
61.760	18.377	0.161
61.780	21.261	0.169
61.800	23.770	0.161
61.820	26.026	0.163
61.840	27.836	0.155
61.860	29.238	0.148
61.880	30.215	0.140
61.900	30.736	0.129
61.920	30.827	0.112
61.940	30.478	0.100
61.960	29.646	0.078
61.980	28.400	0.059
62.000	26.729	0.045
62.020	24.688	0.022
62.040	22.228	0.000
62.060	19.489	-0.017
62.080	16.449	-0.041
62.100	13.156	-0.058
62.120	9.676	-0.077
62.140	6.158	-0.095
62.160	2.361	-0.117
62.180	-1.394	-0.126
62.200	-5.019	-0.149
62.220	-8.774	-0.152
62.240	-12.292	-0.166
62.260	-15.531	-0.171
62.280	-18.764	-0.179
62.300	-21.589	-0.175
62.320	-24.076	-0.180
62.340	-26.251	-0.175
62.360	-28.024	-0.174
62.380	-29.383	-0.162
62.400	-30.312	-0.154
62.420	-30.741	-0.142
62.440	-30.784	-0.124
62.460	-30.355	-0.115
62.480	-29.501	-0.095
62.500	-28.196	-0.077
62.520	-26.434	-0.055
62.540	-24.328	-0.035
62.560	-21.847	-0.017
62.580	-19.027	0.008
62.600	-15.944	0.024
62.620	-12.635	0.044
62.640	-9.096	0.066
62.660	-5.460	0.081
62.680	-1.738	0.101
62.700	2.022	0.116
62.720	5.728	0.128
62.740	9.354	0.144
62.760	12.791	0.151
62.780	16.191	0.161
62.800	19.247	0.159
62.820	22.051	0.168
62.840	24.506	0.160
62.860	26.541	0.159
62.880	28.292	0.152
62.900	29.576	0.146
62.920	30.403	0.134
62.940	30.827	0.125
62.960	30.763	0.107
62.980	30.269	0.100
63.000	29.318	0.077
63.020	27.943	0.061
63.040	26.176	0.041
63.060	24.011	0.017
63.080	21.460	0.001
63.100	18.614	-0.022
63.120	15.493	-0.040
63.140	12.131	-0.062
63.160	8.607	-0.075
63.180	5.062	-0.096
63.200	1.238	-0.117
63.220	-2.506	-0.125
63.240	-6.131	-0.142
63.260	-9.853	-0.149
63.280	-13.328	-0.161
63.300	-16.594	-0.165
63.320	-19.661	-0.171
63.340	-22.384	-0.171
63.360	-24.812	-0.171
63.380	-26.853	-0.169
63.400	-28.507	-0.166
63.420	-29.732	-0.154
63.440	-30.510	-0.141
63.460	-30.811	-0.130
63.480	-30.741	-0.117
63.500	-30.194	-0.102
63.520	-29.200	-0.083
63.540	-27.787	-0.064
63.560	-25.897	-0.042
63.580	-23.673	-0.021
63.600	-21.073	-0.002
63.620	-18.184	0.024
63.640	-15.004	0.039
63.660	-11.663	0.066
63.680	-8.070	0.079
63.700	-4.380	0.100
63.720	-0.658	0.116
63.740	3.123	0.130
63.760	6.808	0.144
63.780	10.401	0.157
63.800	13.871	0.161
63.820	17.110	0.174
63.840	20.107	0.174
63.860	22.803	0.177
63.880	25.150	0.172
63.900	27.084	0.165
63.920	28.700	0.160
63.940	29.877	0.152
63.960	30.580	0.140
63.980	30.844	0.128
64.000	30.682	0.115
64.020	30.027	0.102
64.040	28.969	0.082
64.060	27.476	0.062
64.080	25.580	0.044
64.100	23.345	0.024
64.120	20.649	0.002
64.140	17.738	-0.015
64.160	14.612	-0.038
64.180	11.110	-0.056
64.200	7.565	-0.079
64.220	3.886	-0.092
64.240	0.137	-0.114
64.260	-3.591	-0.123
64.280	-7.184	-0.138
64.300	-10.885	-0.146
64.320	-14.290	-0.153
64.340	-17.502	-0.157
64.360	-20.461	-0.163
64.380	-23.104	-0.160
64.400	-25.413	-0.161
64.420	-27.358	-0.158
64.440	-28.851	-0.151
64.460	-29.979	-0.142
64.480	-30.602	-0.129
64.500	-30.838	-0.122
64.520	-30.591	-0.100
64.540	-29.914	-0.089
64.560	-28.781	-0.070
64.580	-27.213	-0.057
64.600	-25.263	-0.030
64.620	-22.964	-0.012
64.640	-20.246	0.008
64.660	-17.239	0.033
64.680	-14.027	0.047
64.700	-10.659	0.071
64.720	-6.964	0.082
64.740	-3.279	0.103
64.760	0.486	0.121
64.780	4.219	0.134
64.800	7.882	0.145
64.820	11.465	0.161
64.840	14.854	0.160
64.860	18.017	0.173
64.880	20.939	0.175
64.900	23.539	0.174
64.920	25.779	0.171
64.940	27.653	0.161
64.960	29.098	0.158
64.980	30.124	0.146
65.000	30.715	0.136
65.020	30.844	0.118
65.040	30.532	0.111
65.060	29.785	0.088
65.080	28.572	0.073
65.100	26.944	0.049
65.120	25.010	0.035
65.140	22.545	0.009
65.160	19.817	-0.005
65.180	16.814	-0.034
65.200	13.549	-0.046
65.220	10.106	-0.071
65.240	6.491	-0.086
65.260	2.806	-0.108
65.280	-0.943	-0.125
65.300	-4.670	-0.138
65.320	-8.349	-0.147
65.340	-11.878	-0.154
65.360	-15.235	-0.168
65.380	-18.377	-0.170
65.400	-21.261	-0.174
65.420	-23.738	-0.171
65.440	-26.026	-0.171
65.460	-27.809	-0.168
65.480	-29.254	-0.157
65.500	-30.215	-0.151
65.520	-30.704	-0.139
65.540	-30.795	-0.127
65.560	-30.414	-0.113
65.580	-29.619	-0.095
65.600	-28.346	-0.075
65.620	-26.659	-0.064
65.640	-24.581	-0.031
65.660	-22.142	-0.023
65.680	-19.371	0.008
65.700	-16.299	0.022
65.720	-13.017	0.046
65.740	-9.520	0.059
65.760	-5.895	0.081
65.780	-2.248	0.095
65.800	1.587	0.114
65.820	5.304	0.126
65.840	8.956	0.144
65.860	12.469	0.144
65.880	15.815	0.161
65.900	18.834	0.161
65.920	21.750	0.163
65.940	24.242	0.161
65.960	26.375	0.161
65.980	28.104	0.149
66.000	29.442	0.145
66.020	30.339	0.132
66.040	30.784	0.124
66.060	30.795	0.108
66.080	30.360	0.097
66.100	29.452	0.074
66.120	28.136	0.060
66.140	26.402	0.038
66.160	24.339	0.021
66.180	21.777	-0.008
66.200	18.979	-0.019
66.220	15.966	-0.046
66.240	12.560	-0.058
66.260	9.037	-0.088
66.280	5.433	-0.096
66.300	1.695	-0.123
66.320	-2.038	-0.131
66.340	-5.755	-0.146
66.360	-9.397	-0.153
66.380	-12.893	-0.165
66.400	-16.180	-0.171
66.420	-19.269	-0.178
66.440	-22.035	-0.176
66.460	-24.479	-0.177
66.480	-26.579	-0.172
66.500	-28.298	-0.169
66.520	-29.560	-0.157
66.540	-30.408	-0.149
66.560	-30.758	-0.134
66.580	-30.741	-0.123
66.600	-30.220	-0.108
66.620	-29.281	-0.095
66.640	-27.900	-0.070
66.660	-26.090	-0.050
66.680	-23.920	-0.029
66.700	-21.396	-0.013
66.720	-18.506	0.013
66.740	-15.380	0.028
66.760	-12.039	0.055
66.780	-8.489	0.070
66.800	-4.810	0.090
66.820	-1.082	0.105
66.840	2.683	0.120
66.860	6.389	0.132
66.880	9.993	0.151
66.900	13.468	0.153
66.920	16.739	0.167
66.940	19.752	0.165
66.960	22.524	0.171
66.980	24.892	0.165
67.000	26.923	0.161
67.020	28.539	0.151
67.040	29.753	0.147
67.060	30.521	0.134
67.080	30.844	0.126
67.100	30.709	0.110
67.120	30.140	0.102
67.140	29.114	0.072
67.160	27.669	0.056
67.180	25.822	0.037
67.200	23.576	0.018
67.220	20.971	-0.008
67.240	18.157	-0.020
67.260	14.929	-0.046
67.280	11.524	-0.058
67.300	7.973	-0.079
67.320	4.305	-0.097
67.340	0.594	-0.121
67.360	-3.161	-0.127
67.380	-6.867	-0.138
67.400	-10.492	-0.145
67.420	-13.903	-0.158
67.440	-17.153	-0.162
67.460	-20.134	-0.165
67.480	-22.830	-0.167
67.500	-25.177	-0.161
67.520	-27.175	-0.162
67.540	-28.738	-0.151
67.560	-29.887	-0.146
67.580	-30.591	-0.135
67.600	-30.817	-0.124
67.620	-30.656	-0.108
67.640	-30.043	-0.091
67.660	-28.948	-0.072
67.680	-27.438	-0.057
67.700	-25.521	-0.034
67.720	-23.222	-0.012
67.740	-20.585	0.004
67.760	-17.631	0.033
67.780	-14.424	0.043
67.800	-11.030	0.071
67.820	-7.431	0.083
67.840	-3.725	0.107
67.860	0.024	0.124
67.880	3.773	0.140
67.900	7.361	0.148
67.920	11.024	0.161
67.940	14.446	0.169
67.960	17.577	0.174
67.980	20.595	0.177
68.000	23.265	0.178
68.020	25.478	0.175
68.040	27.444	0.168
68.060	28.937	0.161
68.080	30.027	0.155
68.100	30.650	0.140
68.120	30.865	0.127
68.140	30.602	0.116
68.160	29.882	0.098
68.180	28.727	0.080
68.200	27.159	0.063
68.220	25.263	0.042
68.240	22.867	0.022
68.260	20.160	0.002
68.280	17.249	-0.020
68.300	13.935	-0.042
68.320	10.509	-0.060
68.340	6.931	-0.076
68.360	3.225	-0.096
68.380	-0.513	-0.117
68.400	-4.149	-0.126
68.420	-7.936	-0.143
68.440	-11.475	-0.146
68.460	-14.843	-0.159
68.480	-18.055	-0.160
68.500	-20.950	-0.163
68.520	-23.464	-0.165
68.540	-25.779	-0.160
68.560	-27.648	-0.159
68.580	-29.087	-0.150
68.600	-30.151	-0.147
68.620	-30.666	-0.132
68.640	-30.827	-0.125
68.660	-30.505	-0.100
68.680	-29.759	-0.090
68.700	-28.555	-0.070
68.720	-26.890	-0.054
68.740	-24.871	-0.031
68.760	-22.454	-0.012
68.780	-19.736	0.011
68.800	-16.707	0.028
68.820	-13.441	0.049
68.840	-9.950	0.067
68.860	-6.330	0.080
68.880	-2.613	0.103
68.900	1.141	0.117
68.920	4.880	0.138
68.940	8.527	0.147
68.960	12.072	0.156
68.980	15.428	0.162
69.000	18.474	0.169
69.020	21.423	0.170
69.040	23.969	0.169
69.060	26.085	0.166
69.080	27.916	0.153
69.100	29.302	0.151
69.120	30.237	0.136
69.140	30.768	0.128
69.160	30.822	0.116
69.180	30.430	0.103
69.200	29.587	0.080
69.220	28.314	0.069
69.240	26.676	0.045
69.260	24.575	0.024
69.280	22.094	0.003
69.300	19.312	-0.016
69.320	16.261	-0.042
69.340	12.958	-0.056
69.360	9.488	-0.076
69.380	5.857	-0.096
69.400	2.140	-0.115
69.420	-1.582	-0.129
69.440	-5.320	-0.141
69.460	-8.989	-0.156
69.480	-12.485	-0.163
69.500	-15.794	-0.174
69.520	-18.909	-0.172
69.540	-21.729	-0.178
69.560	-24.216	-0.176
69.580	-26.359	-0.173
69.600	-28.061	-0.170
69.620	-29.436	-0.159
69.640	-30.301	-0.155
69.660	-30.741	-0.137
69.680	-30.758	-0.129
69.700	-30.296	-0.109
69.720	-29.415	-0.096
69.740	-28.077	-0.076
69.760	-26.305	-0.056
69.780	-24.183	-0.035
69.800	-21.686	-0.017
69.820	-18.839	0.007
69.840	-15.826	0.024
69.860	-12.442	0.045
69.880	-8.886	0.062
69.900	-5.234	0.082
69.920	-1.582	0.099
69.940	2.253	0.115
69.960	5.965	0.130
69.980	9.574	0.145
70.000	13.081	0.149
70.020	16.368	0.159
70.040	19.419	0.157
70.060	22.223	0.168
70.080	24.575	0.158
70.100	26.708	0.158
70.120	28.373	0.146
70.140	29.640	0.143
70.160	30.430	0.126
70.180	30.827	0.123
70.200	30.752	0.103
70.220	30.215	0.095
70.240	29.259	0.072
70.260	27.857	0.057
70.280	26.117	0.035
70.300	23.866	0.016
70.320	21.304	-0.362
70.340	18.522	-0.022
70.360	15.321	-0.046
70.380	11.943	-0.064
70.400	8.419	-0.083
70.420	4.772	-0.100
70.440	1.039	-0.118
70.460	-2.688	-0.136
70.480	-6.427	-0.142
70.500	-10.041	-0.158
70.520	-13.490	-0.159
70.540	-16.750	-0.172
70.560	-19.790	-0.174
70.580	-22.448	-0.177
70.600	-24.887	-0.173
70.620	-26.928	-0.172
70.640	-28.566	-0.165
70.660	-29.753	-0.152
70.680	-30.510	-0.148
70.700	-30.801	-0.132
70.720	-30.698	-0.118
70.740	-30.135	-0.099
70.760	-29.146	-0.084
70.780	-27.637	-0.065
70.800	-25.757	-0.046
70.820	-23.517	-0.022
70.840	-20.902	-0.005
70.860	-18.001	0.019
70.880	-14.907	0.037
70.900	-11.448	0.061
70.920	-7.855	0.079
70.940	-4.262	0.095
70.960	-0.427	0.107
70.980	3.327	0.124
71.000	6.931	0.139
71.020	10.616	0.149
71.040	14.048	0.160
71.060	17.201	0.163
71.080	20.257	0.169
71.100	22.969	0.174
71.120	25.220	0.167
71.140	27.234	0.165
71.160	28.786	0.153
71.180	29.920	0.141
71.200	30.602	0.132
71.220	30.849	0.125
71.240	30.656	0.111
71.260	30.016	0.100
71.280	28.888	0.078
71.300	27.352	0.057
71.320	25.462	0.040
71.340	23.131	0.021
71.360	20.563	0.000
71.380	17.539	-0.022
71.400	14.338	-0.041
71.420	10.987	-0.059
71.440	7.340	-0.079
71.460	3.650	-0.097
71.480	-0.083	-0.115
71.500	-3.805	-0.126
71.520	-7.506	-0.135
71.540	-10.997	-0.150
71.560	-14.499	-0.155
71.580	-17.695	-0.162
71.600	-20.563	-0.164
71.620	-23.249	-0.166
71.640	-25.548	-0.163
71.660	-27.454	-0.156
71.680	-28.980	-0.147
71.700	-30.049	-0.140
71.720	-30.650	-0.129
71.740	-30.844	-0.118
71.760	-30.586	-0.104
71.780	-29.877	-0.088
71.800	-28.743	-0.071
71.820	-27.127	-0.050
71.840	-25.129	-0.031
71.860	-22.792	-0.013
71.880	-20.096	0.013
71.900	-17.067	0.032
71.920	-13.839	0.054
71.940	-10.390	0.069
71.960	-6.856	0.088
71.980	-3.070	0.107
72.000	0.685	0.123
72.020	4.428	0.136
72.040	8.075	0.153
72.060	11.663	0.161
72.080	15.042	0.167
72.100	18.119	0.176
72.120	21.090	0.177
72.140	23.678	0.174
72.160	25.902	0.171
72.180	27.728	0.164
72.200	29.168	0.158
72.220	30.145	0.151
72.240	30.725	0.138
72.260	30.833	0.124
72.280	30.521	0.108
72.300	29.726	0.089
72.320	28.491	0.071
72.340	26.837	0.052
72.360	24.823	0.037
72.380	22.481	0.012
72.400	19.656	-0.003
72.420	16.642	-0.028
72.440	13.430	-0.043
72.460	9.891	-0.069
72.480	6.281	-0.084
72.500	2.575	-0.106
72.520	-1.163	-0.117
72.540	-4.890	-0.136
72.560	-8.553	-0.146
72.580	-12.077	-0.155
72.600	-15.428	-0.157
72.620	-18.479	-0.170
72.640	-21.428	-0.166
72.660	-23.936	-0.174
72.680	-26.128	-0.163
72.700	-27.895	-0.165
72.720	-29.307	-0.151
72.740	-30.253	-0.148
72.760	-30.731	-0.133
72.780	-30.806	-0.125
72.800	-30.371	-0.107
72.820	-29.571	-0.087
72.840	-28.260	-0.071
72.860	-26.547	-0.051
72.880	-24.447	-0.031
72.900	-21.997	-0.013
72.920	-19.188	0.008
72.940	-16.121	0.028
72.960	-12.834	0.045
72.980	-9.327	0.066
73.000	-5.675	0.081
73.020	-1.952	0.099
73.040	1.802	0.118
73.060	5.438	0.131
73.080	9.150	0.145
73.100	12.678	0.152
73.120	15.998	0.162
73.140	19.070	0.161
73.160	21.890	0.169
73.180	24.371	0.164
73.200	26.477	0.165
73.220	28.196	0.149
73.240	29.511	0.144
73.260	30.376	0.131
73.280	30.806	0.126
73.300	30.779	0.104
73.320	30.323	0.095
73.340	29.388	0.074
73.360	28.083	0.058
73.380	26.283	0.034
73.400	24.151	0.024
73.420	21.697	-0.006
73.440	18.802	-0.020
73.460	15.702	-0.044
73.480	12.442	-0.059
73.500	8.838	-0.088
73.520	5.213	-0.101
73.540	1.485	-0.125
73.560	-2.242	-0.131
73.580	-5.959	-0.148
73.600	-9.510	-0.155
73.620	-13.076	-0.166
73.640	-16.352	-0.171
73.660	-19.430	-0.175
73.680	-22.164	-0.178
73.700	-24.613	-0.176
73.720	-26.681	-0.173
73.740	-28.367	-0.167
73.760	-29.614	-0.159
73.780	-30.408	-0.149
73.800	-30.779	-0.141
73.820	-30.715	-0.123
73.840	-30.183	-0.112
73.860	-29.216	-0.092
73.880	-27.793	-0.068
73.900	-26.015	-0.054
73.920	-23.764	-0.027
73.940	-21.213	-0.017
73.960	-18.318	0.015
73.980	-15.181	0.025
74.000	-11.819	0.054
74.020	-8.269	0.063
74.040	-4.579	0.091
74.060	-0.841	0.099
74.080	2.914	0.123
74.100	6.507	0.130
74.120	10.202	0.146
74.140	13.672	0.152
74.160	16.841	0.161
74.180	19.935	0.164
74.200	22.663	0.165
74.220	25.021	0.161
74.240	27.019	0.157
74.260	28.615	0.146
74.280	29.818	0.142
74.300	30.553	0.132
74.320	30.849	0.120
74.340	30.693	0.105
74.360	30.092	0.090
74.380	29.039	0.069
74.400	27.551	0.054
74.420	25.709	0.033
74.440	23.437	0.013
74.460	20.821	-0.007
74.480	17.910	-0.023
74.500	14.736	-0.049
74.520	11.346	-0.062
74.540	7.780	-0.085
74.560	4.095	-0.097
74.580	0.389	-0.126
74.600	-3.381	-0.127
