0.000	27.215	-0.046
0.020	25.389	-0.045
0.040	23.182	-0.040
0.060	20.646	-0.039
0.080	17.870	-0.032
0.100	14.846	-0.024
0.120	11.585	-0.020
0.140	8.212	-0.015
0.160	4.721	-0.003
0.180	1.166	0.001
0.200	-2.422	0.011
0.220	-5.957	0.017
0.240	-9.448	0.022
0.260	-12.772	0.031
0.280	-15.931	0.033
0.300	-18.901	0.045
0.320	-21.608	0.045
0.340	-24.009	0.055
0.360	-26.109	0.052
0.380	-27.854	0.064
0.400	-29.235	0.061
0.420	-30.169	0.073
0.440	-30.728	0.060
0.460	-30.830	0.075
0.480	-30.653	0.064
0.500	-30.014	0.068
0.520	-28.934	0.062
0.540	-27.457	0.070
0.560	-25.636	0.055
0.580	-23.461	0.059
0.600	-20.985	0.051
0.620	-18.187	0.050
0.640	-15.163	0.042
0.660	-11.967	0.038
0.680	-8.583	0.032
0.700	-5.076	0.026
0.720	-1.509	0.013
0.740	2.079	0.013
0.760	5.629	0.006
0.780	9.088	0.002
0.800	12.456	-0.012
0.820	15.646	-0.013
0.840	18.616	-0.027
0.860	21.366	-0.023
0.880	23.794	-0.036
0.900	25.905	-0.029
0.920	27.667	-0.048
0.940	29.058	-0.036
0.960	30.057	-0.055
0.980	30.653	-0.036
1.000	30.852	-0.055
1.020	30.637	-0.040
1.040	30.008	-0.055
1.060	28.972	-0.040
1.080	27.559	-0.052
1.100	25.787	-0.034
1.120	23.633	-0.046
1.140	21.173	-0.027
1.160	18.428	-0.036
1.180	15.469	-0.015
1.200	12.251	-0.022
1.220	8.895	-0.007
1.240	5.441	-0.013
1.260	1.901	0.005
1.280	-1.676	0.006
1.300	-5.226	0.016
1.320	-8.739	0.018
1.340	-12.096	0.028
1.360	-15.286	0.027
1.380	-18.315	0.047
1.400	-21.060	0.040
1.420	-23.547	0.060
1.440	-25.674	0.049
1.460	-27.505	0.065
1.480	-28.950	0.055
1.500	-29.981	0.070
1.520	-30.626	0.059
1.540	-30.852	0.075
1.560	-30.696	0.060
1.580	-30.110	0.073
1.600	-29.133	0.055
1.620	-27.742	0.071
1.640	-25.985	0.051
1.660	-23.891	0.064
1.680	-21.474	0.036
1.700	-18.729	0.051
1.720	-15.770	0.030
1.740	-12.606	0.038
1.760	-9.228	0.015
1.780	-5.752	0.026
1.800	-2.197	0.006
1.820	1.375	0.010
1.840	4.947	-0.005
1.860	8.433	-0.000
1.880	11.806	-0.023
1.900	15.028	-0.019
1.920	18.047	-0.032
1.940	20.834	-0.028
1.960	23.364	-0.042
1.980	25.513	-0.036
2.000	27.350	-0.053
2.020	28.811	-0.046
2.040	29.890	-0.061
2.060	30.572	-0.048
2.080	30.852	-0.066
2.100	30.712	-0.052
2.120	30.164	-0.066
2.140	29.208	-0.050
2.160	27.876	-0.064
2.180	26.157	-0.041
2.200	24.105	-0.061
2.220	21.694	-0.036
2.240	19.019	-0.052
2.260	16.065	-0.026
2.280	12.907	-0.040
2.300	9.582	-0.016
2.320	6.123	-0.025
2.340	2.594	-0.003
2.360	-0.961	-0.012
2.380	-4.539	0.010
2.400	-8.051	0.001
2.420	-11.451	0.022
2.440	-14.658	0.014
2.460	-17.730	0.035
2.480	-20.512	0.026
2.500	-23.063	0.043
2.520	-25.276	0.038
2.540	-27.156	0.051
2.560	-28.687	0.043
2.580	-29.783	0.063
2.600	-30.524	0.046
2.620	-30.809	0.064
2.640	-30.739	0.049
2.660	-30.255	0.064
2.680	-29.348	0.044
2.700	-28.042	0.061
2.720	-26.356	0.039
2.740	-24.326	0.054
2.760	-21.962	0.031
2.780	-19.277	0.049
2.800	-16.366	0.020
2.820	-13.240	0.034
2.840	-9.904	0.009
2.860	-6.456	0.023
2.880	-2.900	-0.004
2.900	0.671	0.010
2.920	4.243	-0.017
2.940	7.729	-0.004
2.960	11.150	-0.032
2.980	14.427	-0.021
3.000	17.472	-0.041
3.020	20.308	-0.031
3.040	22.881	-0.052
3.060	25.115	-0.040
3.080	27.011	-0.061
3.100	28.547	-0.049
3.120	29.718	-0.068
3.140	30.476	-0.053
3.160	30.825	-0.068
3.180	30.760	-0.056
3.200	30.304	-0.068
3.220	29.428	-0.056
3.240	28.166	-0.065
3.260	26.528	-0.046
3.280	24.535	-0.059
3.300	22.193	-0.040
3.320	19.551	-0.049
3.340	16.661	-0.027
3.360	13.551	-0.039
3.380	10.237	-0.018
3.400	6.827	-0.027
3.420	3.309	-0.005
3.440	-0.263	-0.013
3.460	-3.835	0.014
3.480	-7.353	-0.003
3.500	-10.791	0.027
3.520	-14.056	0.012
3.540	-17.139	0.043
3.560	-20.013	0.026
3.580	-22.602	0.051
3.600	-24.863	0.037
3.620	-26.839	0.054
3.640	-28.429	0.044
3.660	-29.632	0.064
3.680	-30.449	0.050
3.700	-30.814	0.065
3.720	-30.819	0.055
3.740	-30.411	0.062
3.760	-29.584	0.053
3.780	-28.365	0.064
3.800	-26.764	0.052
3.820	-24.771	0.060
3.840	-22.489	0.045
3.860	-19.862	0.047
3.880	-16.994	0.035
3.900	-13.895	0.040
3.920	-10.592	0.022
3.940	-7.160	0.031
3.960	-3.625	0.010
3.980	-0.054	0.015
4.000	3.513	-0.004
4.020	7.036	-0.002
4.040	10.474	-0.017
4.060	13.777	-0.015
4.080	16.881	-0.033
4.100	19.766	-0.023
4.120	22.392	-0.045
4.140	24.686	-0.032
4.160	26.673	-0.054
4.180	28.263	-0.037
4.200	29.520	-0.060
4.220	30.352	-0.044
4.240	30.792	-0.063
4.260	30.809	-0.047
4.280	30.427	-0.061
4.300	29.627	-0.047
4.320	28.445	-0.056
4.340	26.872	-0.040
4.360	24.959	-0.047
4.380	22.671	-0.035
4.400	20.088	-0.039
4.420	17.257	-0.026
4.440	14.174	-0.023
4.460	10.893	-0.017
4.480	7.498	-0.011
4.500	3.969	-0.001
4.520	0.419	0.005
4.540	-3.147	0.014
4.560	-6.687	0.018
4.580	-10.157	0.030
4.600	-13.444	0.034
4.620	-16.591	0.040
4.640	-19.502	0.042
4.660	-22.140	0.056
4.680	-24.487	0.054
4.700	-26.506	0.064
4.720	-28.161	0.059
4.740	-29.450	0.069
4.760	-30.347	0.063
4.780	-30.776	0.072
4.800	-30.846	0.066
4.820	-30.529	0.075
4.840	-29.804	0.061
4.860	-28.666	0.071
4.880	-27.092	0.059
4.900	-25.185	0.061
4.920	-22.961	0.053
4.940	-20.405	0.055
4.960	-17.585	0.044
4.980	-14.534	0.044
5.000	-11.269	0.033
5.020	-7.847	0.028
5.040	-4.324	0.023
5.060	-0.757	0.015
5.080	2.814	0.010
5.100	6.370	-0.000
5.120	9.802	0.002
5.140	13.148	-0.014
5.160	16.291	-0.014
5.180	19.207	-0.024
5.200	21.898	-0.025
5.220	24.272	-0.035
5.240	26.297	-0.036
5.260	27.978	-0.043
5.280	29.294	-0.044
5.300	30.218	-0.047
5.320	30.728	-0.052
5.340	30.835	-0.047
5.360	30.540	-0.054
5.380	29.810	-0.044
5.400	28.708	-0.055
5.420	27.205	-0.039
5.440	25.373	-0.047
5.460	23.160	-0.032
5.480	20.636	-0.036
5.500	17.837	-0.026
5.520	14.808	-0.027
5.540	11.569	-0.015
5.560	8.191	-0.011
5.580	4.710	-0.007
5.600	1.133	0.002
5.620	-2.422	0.006
5.640	-5.978	0.016
5.660	-9.453	0.018
5.680	-12.783	0.027
5.700	-15.947	0.031
5.720	-18.901	0.044
5.740	-21.597	0.046
5.760	-24.003	0.055
5.780	-26.082	0.055
5.800	-27.838	0.061
5.820	-29.197	0.061
5.840	-30.148	0.067
5.860	-30.690	0.064
5.880	-30.862	0.070
5.900	-30.599	0.067
5.920	-29.938	0.067
5.940	-28.880	0.061
5.960	-27.419	0.061
5.980	-25.566	0.055
6.000	-23.407	0.050
6.020	-20.920	0.047
6.040	-18.144	0.040
6.060	-15.120	0.037
6.080	-11.902	0.029
6.100	-8.519	0.026
6.120	-5.006	0.014
6.140	-1.450	0.009
6.160	2.122	0.004
6.180	5.672	-0.002
6.200	9.142	-0.007
6.220	12.515	-0.019
6.240	15.684	-0.022
6.260	18.654	-0.036
6.280	21.393	-0.033
6.300	23.837	-0.047
6.320	25.932	-0.042
6.340	27.683	-0.058
6.360	29.063	-0.047
6.380	30.057	-0.061
6.400	30.664	-0.053
6.420	30.857	-0.065
6.440	30.626	-0.053
6.460	30.003	-0.064
6.480	28.966	-0.056
6.500	27.532	-0.056
6.520	25.760	-0.047
6.540	23.627	-0.055
6.560	21.157	-0.041
6.580	18.417	-0.047
6.600	15.437	-0.032
6.620	12.219	-0.034
6.640	8.878	-0.017
6.660	5.393	-0.021
6.680	1.858	-0.009
6.700	-1.719	-0.007
6.720	-5.253	0.003
6.740	-8.776	0.006
6.760	-12.128	0.018
6.780	-15.324	0.019
6.800	-18.332	0.035
6.820	-21.076	0.032
6.840	-23.542	0.044
6.860	-25.690	0.040
6.880	-27.511	0.052
6.900	-28.950	0.051
6.920	-29.981	0.057
6.940	-30.599	0.050
6.960	-30.819	0.058
6.980	-30.674	0.052
7.000	-30.094	0.060
7.020	-29.101	0.050
7.040	-27.709	0.057
7.060	-25.958	0.041
7.080	-23.848	0.051
7.100	-21.436	0.032
7.120	-18.691	0.041
7.140	-15.727	0.024
7.160	-12.536	0.029
7.180	-9.190	0.012
7.200	-5.715	0.019
7.220	-2.165	0.001
7.240	1.429	0.003
7.260	4.984	-0.014
7.280	8.449	-0.009
7.300	11.849	-0.024
7.320	15.071	-0.030
7.340	18.090	-0.036
7.360	20.872	-0.040
7.380	23.370	-0.048
7.400	25.534	-0.046
7.420	27.371	-0.056
7.440	28.816	-0.052
7.460	29.912	-0.061
7.480	30.583	-0.056
7.500	30.862	-0.064
7.520	30.701	-0.056
7.540	30.153	-0.069
7.560	29.192	-0.052
7.580	27.838	-0.066
7.600	26.130	-0.045
7.620	24.079	-0.057
7.640	21.667	-0.038
7.660	18.971	-0.052
7.680	16.043	-0.025
7.700	12.869	-0.037
7.720	9.539	-0.015
7.740	6.080	-0.023
7.760	2.557	-0.005
7.780	-1.015	-0.009
7.800	-4.592	0.009
7.820	-8.089	0.009
7.840	-11.489	0.023
7.860	-14.717	0.022
7.880	-17.784	0.033
7.900	-20.587	0.039
7.920	-23.112	0.047
7.940	-25.309	0.047
7.960	-27.205	0.052
7.980	-28.730	0.051
8.000	-29.831	0.059
8.020	-30.572	0.055
8.040	-30.825	0.065
8.060	-30.782	0.054
8.080	-30.282	0.068
8.100	-29.358	0.053
8.120	-28.069	0.068
8.140	-26.367	0.046
8.160	-24.331	0.060
8.180	-21.989	0.039
8.200	-19.293	0.054
8.220	-16.371	0.031
8.240	-13.224	0.040
8.260	-9.904	0.018
8.280	-6.440	0.035
8.300	-2.874	0.004
8.320	0.704	0.012
8.340	4.259	-0.009
8.360	7.772	-0.003
8.380	11.172	-0.017
8.400	14.443	-0.017
8.420	17.499	-0.030
8.440	20.324	-0.028
8.460	22.902	-0.039
8.480	25.131	-0.035
8.500	27.017	-0.048
8.520	28.563	-0.044
8.540	29.729	-0.056
8.560	30.476	-0.048
8.580	30.830	-0.057
8.600	30.755	-0.048
8.620	30.293	-0.059
8.640	29.417	-0.044
8.660	28.150	-0.053
8.680	26.485	-0.036
8.700	24.508	-0.048
8.720	22.156	-0.031
8.740	19.519	-0.040
8.760	16.640	-0.015
8.780	13.481	-0.031
8.800	10.200	-0.007
8.820	6.762	-0.018
8.840	3.244	0.008
8.860	-0.317	-0.000
8.880	-3.905	0.023
8.900	-7.434	0.016
8.920	-10.850	0.037
8.940	-14.115	0.028
8.960	-17.198	0.047
8.980	-20.061	0.042
9.000	-22.645	0.060
9.020	-24.922	0.053
9.040	-26.888	0.064
9.060	-28.472	0.061
9.080	-29.654	0.068
9.100	-30.459	0.066
9.120	-30.809	0.070
9.140	-30.825	0.068
9.160	-30.400	0.072
9.180	-29.568	0.063
9.200	-28.349	0.072
9.220	-26.721	0.055
9.240	-24.766	0.065
9.260	-22.451	0.050
9.280	-19.809	0.060
9.300	-16.951	0.039
9.320	-13.857	0.047
9.340	-10.549	0.025
9.360	-7.117	0.035
9.380	-3.588	0.010
9.400	-0.011	0.022
9.420	3.566	-0.003
9.440	7.079	0.006
9.460	10.511	-0.015
9.480	13.825	-0.007
9.500	16.919	-0.023
9.520	19.792	-0.019
9.540	22.435	-0.036
9.560	24.718	-0.034
9.580	26.684	-0.040
9.600	28.284	-0.039
9.620	29.530	-0.046
9.640	30.363	-0.048
9.660	30.792	-0.048
9.680	30.809	-0.048
9.700	30.422	-0.050
9.720	29.622	-0.044
9.740	28.429	-0.050
9.760	26.855	-0.040
9.780	24.938	-0.047
9.800	22.650	-0.035
9.820	20.077	-0.040
9.840	17.230	-0.021
9.860	14.142	-0.028
9.880	10.876	-0.011
9.900	7.460	-0.019
9.920	3.969	0.001
9.940	0.397	-0.002
9.960	-3.169	0.014
9.980	-6.719	0.010
10.000	-10.157	0.026
10.020	-13.455	0.022
10.040	-16.586	0.039
10.060	-19.492	0.036
10.080	-22.124	0.051
10.100	-24.487	0.047
10.120	-26.469	0.061
10.140	-28.166	0.058
10.160	-29.412	0.062
10.180	-30.309	0.062
10.200	-30.744	0.065
10.220	-30.846	0.063
10.240	-30.470	0.064
10.260	-29.750	0.057
10.280	-28.617	0.060
10.300	-27.049	0.054
10.320	-25.147	0.054
10.340	-22.897	0.048
10.360	-20.340	0.042
10.380	-17.526	0.036
10.400	-14.464	0.035
10.420	-11.204	0.022
10.440	-7.793	0.022
10.460	-4.265	0.011
10.480	-0.693	0.010
10.500	2.868	-0.006
10.520	6.413	-0.002
10.540	9.856	-0.017
10.560	13.191	-0.018
10.580	16.323	-0.031
10.600	19.239	-0.033
10.620	21.941	-0.044
10.640	24.293	-0.043
10.660	26.334	-0.050
10.680	28.005	-0.051
10.700	29.315	-0.056
10.720	30.229	-0.061
10.740	30.733	-0.059
10.760	30.846	-0.063
10.780	30.535	-0.060
10.800	29.804	-0.061
10.820	28.687	-0.058
10.840	27.194	-0.056
10.860	25.357	-0.053
10.880	23.133	-0.050
10.900	20.598	-0.045
10.920	17.805	-0.042
10.940	14.776	-0.036
10.960	11.532	-0.027
10.980	8.159	-0.024
11.000	4.678	-0.017
11.020	1.117	-0.008
11.040	-2.465	-0.003
11.060	-6.000	0.005
11.080	-9.485	0.012
11.100	-12.805	0.015
11.120	-15.963	0.020
11.140	-18.922	0.031
11.160	-21.629	0.037
11.180	-24.020	0.040
11.200	-26.104	0.045
11.220	-27.849	0.050
11.240	-29.197	0.049
11.260	-30.159	0.055
11.280	-30.685	0.055
11.300	-30.825	0.056
11.320	-30.583	0.052
11.340	-29.933	0.059
11.360	-28.864	0.049
11.380	-27.371	0.052
11.400	-25.529	0.043
11.420	-23.370	0.045
11.440	-20.851	0.035
11.460	-18.090	0.037
11.480	-15.071	0.026
11.500	-11.854	0.020
11.520	-8.459	0.015
11.540	-4.963	0.009
11.560	-1.413	-0.001
11.580	2.170	-0.002
11.600	5.726	-0.011
11.620	9.168	-0.016
11.640	12.547	-0.025
11.660	15.743	-0.031
11.680	18.691	-0.038
11.700	21.431	-0.040
11.720	23.858	-0.047
11.740	25.958	-0.048
11.760	27.704	-0.056
11.780	29.084	-0.053
11.800	30.067	-0.064
11.820	30.669	-0.056
11.840	30.857	-0.065
11.860	30.621	-0.056
11.880	29.976	-0.065
11.900	28.950	-0.056
11.920	27.516	-0.061
11.940	25.738	-0.048
11.960	23.601	-0.052
11.980	21.114	-0.041
12.000	18.375	-0.046
12.020	15.394	-0.027
12.040	12.187	-0.028
12.060	8.825	-0.016
12.080	5.350	-0.016
12.100	1.799	-0.006
12.120	-1.767	-0.005
12.140	-5.323	0.008
12.160	-8.819	0.014
12.180	-12.182	0.024
12.200	-15.388	0.026
12.220	-18.369	0.038
12.240	-21.151	0.038
12.260	-23.595	0.048
12.280	-25.738	0.047
12.300	-27.564	0.055
12.320	-29.009	0.053
12.340	-30.014	0.062
12.360	-30.664	0.055
12.380	-30.841	0.064
12.400	-30.712	0.055
12.420	-30.116	0.064
12.440	-29.138	0.055
12.460	-27.758	0.065
12.480	-25.980	0.049
12.500	-23.875	0.057
12.520	-21.441	0.041
12.540	-18.702	0.045
12.560	-15.732	0.032
12.580	-12.558	0.039
12.600	-9.179	0.023
12.620	-5.688	0.026
12.640	-2.138	0.006
12.660	1.439	0.008
12.680	5.006	-0.008
12.700	8.492	-0.005
12.720	11.886	-0.017
12.740	15.087	-0.017
12.760	18.111	-0.028
12.780	20.899	-0.027
12.800	23.402	-0.037
12.820	25.550	-0.035
12.840	27.382	-0.048
12.860	28.832	-0.041
12.880	29.928	-0.056
12.900	30.583	-0.045
12.920	30.857	-0.058
12.940	30.701	-0.044
12.960	30.132	-0.059
12.980	29.176	-0.043
13.000	27.822	-0.054
13.020	26.120	-0.032
13.040	24.041	-0.048
13.060	21.629	-0.029
13.080	18.922	-0.038
13.100	15.995	-0.015
13.120	12.805	-0.028
13.140	9.485	-0.004
13.160	6.037	-0.011
13.180	2.508	0.008
13.200	-1.080	0.004
13.220	-4.630	0.022
13.240	-8.164	0.021
13.260	-11.537	0.032
13.280	-14.781	0.031
13.300	-17.827	0.048
13.320	-20.636	0.043
13.340	-23.144	0.062
13.360	-25.346	0.056
13.380	-27.221	0.067
13.400	-28.751	0.059
13.420	-29.853	0.071
13.440	-30.572	0.064
13.460	-30.857	0.073
13.480	-30.782	0.064
13.500	-30.288	0.076
13.520	-29.364	0.055
13.540	-28.042	0.074
13.560	-26.334	0.052
13.580	-24.304	0.064
13.600	-21.946	0.048
13.620	-19.239	0.059
13.640	-16.323	0.035
13.660	-13.191	0.041
13.680	-9.856	0.025
13.700	-6.381	0.029
13.720	-2.836	0.014
13.740	0.741	0.015
13.760	4.308	-0.000
13.780	7.804	0.003
13.800	11.209	-0.013
13.820	14.486	-0.011
13.840	17.547	-0.024
13.860	20.356	-0.025
13.880	22.945	-0.036
13.900	25.153	-0.032
13.920	27.060	-0.047
13.940	28.574	-0.039
13.960	29.740	-0.052
13.980	30.486	-0.041
14.000	30.841	-0.059
14.020	30.744	-0.042
14.040	30.288	-0.058
14.060	29.401	-0.041
14.080	28.123	-0.056
14.100	26.479	-0.036
14.120	24.492	-0.049
14.140	22.129	-0.029
14.160	19.486	-0.041
14.180	16.597	-0.019
14.200	13.471	-0.029
14.220	10.167	-0.010
14.240	6.746	-0.017
14.260	3.217	0.001
14.280	-0.349	-0.002
14.300	-3.921	0.014
14.320	-7.444	0.014
14.340	-10.871	0.026
14.360	-14.110	0.022
14.380	-17.209	0.041
14.400	-20.045	0.035
14.420	-22.655	0.052
14.440	-24.917	0.042
14.460	-26.855	0.063
14.480	-28.451	0.054
14.500	-29.627	0.066
14.520	-30.438	0.060
14.540	-30.803	0.067
14.560	-30.798	0.057
14.580	-30.363	0.067
14.600	-29.536	0.051
14.620	-28.311	0.064
14.640	-26.673	0.047
14.660	-24.707	0.059
14.680	-22.397	0.041
14.700	-19.776	0.046
14.720	-16.876	0.031
14.740	-13.798	0.035
14.760	-10.495	0.020
14.780	-7.068	0.024
14.800	-3.523	0.007
14.820	0.059	0.009
14.840	3.615	-0.008
14.860	7.149	-0.003
14.880	10.565	-0.020
14.900	13.857	-0.023
14.920	16.967	-0.032
14.940	19.830	-0.036
14.960	22.446	-0.042
14.980	24.745	-0.042
15.000	26.710	-0.056
15.020	28.306	-0.050
15.040	29.536	-0.061
15.060	30.368	-0.054
15.080	30.792	-0.069
15.100	30.803	-0.058
15.120	30.417	-0.067
15.140	29.600	-0.054
15.160	28.424	-0.066
15.180	26.823	-0.048
15.200	24.917	-0.061
15.220	22.623	-0.043
15.240	20.040	-0.051
15.260	17.198	-0.036
15.280	14.110	-0.037
15.300	10.833	-0.024
15.320	7.423	-0.023
15.340	3.910	-0.015
15.360	0.371	-0.009
15.380	-3.207	-0.000
15.400	-6.741	0.006
15.420	-10.200	0.014
15.440	-13.487	0.017
15.460	-16.602	0.026
15.480	-19.508	0.031
15.500	-22.156	0.037
15.520	-24.481	0.039
15.540	-26.496	0.046
15.560	-28.150	0.045
15.580	-29.417	0.055
15.600	-30.309	0.053
15.620	-30.739	0.056
15.640	-30.841	0.054
15.660	-30.476	0.056
15.680	-29.734	0.048
15.700	-28.569	0.054
15.720	-27.022	0.046
15.740	-25.110	0.048
15.760	-22.881	0.041
15.780	-20.308	0.038
15.800	-17.483	0.032
15.820	-14.411	0.028
15.840	-11.161	0.024
15.860	-7.745	0.014
15.880	-4.227	0.012
15.900	-0.655	0.002
15.920	2.922	-0.000
15.940	6.456	-0.015
15.960	9.899	-0.015
15.980	13.224	-0.025
16.000	16.360	-0.028
16.020	19.282	-0.039
16.040	21.962	-0.040
16.060	24.315	-0.044
16.080	26.340	-0.052
16.100	28.021	-0.050
16.120	29.321	-0.059
16.140	30.229	-0.055
16.160	30.739	-0.065
16.180	30.841	-0.055
16.200	30.529	-0.065
16.220	29.799	-0.054
16.240	28.682	-0.062
16.260	27.156	-0.048
16.280	25.319	-0.056
16.300	23.096	-0.046
16.320	20.571	-0.043
16.340	17.773	-0.036
16.360	14.728	-0.029
16.380	11.483	-0.027
16.400	8.116	-0.018
16.420	4.619	-0.019
16.440	1.047	-0.003
16.460	-2.535	-0.003
16.480	-6.069	0.012
16.500	-9.555	0.010
16.520	-12.858	0.028
16.540	-16.027	0.026
16.560	-18.992	0.042
16.580	-21.699	0.042
16.600	-24.084	0.047
16.620	-26.173	0.047
16.640	-27.892	0.051
16.660	-29.251	0.059
16.680	-30.212	0.059
16.700	-30.733	0.059
16.720	-30.857	0.058
16.740	-30.631	0.065
16.760	-29.960	0.060
16.780	-28.880	0.060
16.800	-27.403	0.058
16.820	-25.550	0.056
16.840	-23.380	0.051
16.860	-20.872	0.044
16.880	-18.095	0.043
16.900	-15.077	0.037
16.920	-11.859	0.035
16.940	-8.465	0.024
16.960	-4.952	0.024
16.980	-1.380	0.010
17.000	2.202	0.009
17.020	5.742	-0.011
17.040	9.211	-0.003
17.060	12.574	-0.019
17.080	15.748	-0.012
17.100	18.713	-0.032
17.120	21.436	-0.024
17.140	23.875	-0.041
17.160	25.969	-0.032
17.180	27.709	-0.047
17.200	29.106	-0.039
17.220	30.089	-0.049
17.240	30.674	-0.045
17.260	30.846	-0.052
17.280	30.626	-0.050
17.300	29.965	-0.050
17.320	28.929	-0.049
17.340	27.505	-0.043
17.360	25.706	-0.041
17.380	23.563	-0.036
17.400	21.092	-0.032
17.420	18.337	-0.029
17.440	15.345	-0.017
17.460	12.128	-0.019
17.480	8.771	-0.004
17.500	5.307	-0.009
17.520	1.756	0.007
17.540	-1.826	0.006
17.560	-5.371	0.024
17.580	-8.862	0.019
17.600	-12.235	0.034
17.620	-15.420	0.029
17.640	-18.417	0.050
17.660	-21.189	0.045
17.680	-23.633	0.062
17.700	-25.776	0.056
17.720	-27.591	0.066
17.740	-29.009	0.061
17.760	-30.030	0.073
17.780	-30.664	0.062
17.800	-30.862	0.072
17.820	-30.680	0.065
17.840	-30.116	0.075
17.860	-29.122	0.059
17.880	-27.726	0.069
17.900	-25.932	0.050
17.920	-23.821	0.061
17.940	-21.398	0.048
17.960	-18.648	0.054
17.980	-15.689	0.035
18.000	-12.493	0.039
18.020	-9.109	0.025
18.040	-5.640	0.031
18.060	-2.089	0.012
18.080	1.499	0.014
18.100	5.060	-0.004
18.120	8.556	0.002
18.140	11.913	-0.016
18.160	15.157	-0.011
18.180	18.154	-0.027
18.200	20.926	-0.023
18.220	23.439	-0.040
18.240	25.583	-0.029
18.260	27.409	-0.046
18.280	28.854	-0.039
18.300	29.928	-0.054
18.320	30.588	-0.041
18.340	30.852	-0.058
18.360	30.701	-0.045
18.380	30.126	-0.056
18.400	29.176	-0.044
18.420	27.812	-0.054
18.440	26.093	-0.040
18.460	24.030	-0.049
18.480	21.597	-0.029
18.500	18.906	-0.040
18.520	15.963	-0.019
18.540	12.783	-0.030
18.560	9.464	-0.007
18.580	6.016	-0.019
18.600	2.481	0.006
18.620	-1.101	-0.003
18.640	-4.657	0.017
18.660	-8.180	0.012
18.680	-11.548	0.026
18.700	-14.792	0.020
18.720	-17.827	0.041
18.740	-20.625	0.035
18.760	-23.149	0.053
18.780	-25.330	0.043
18.800	-27.231	0.060
18.820	-28.730	0.051
18.840	-29.831	0.064
18.860	-30.551	0.055
18.880	-30.835	0.067
18.900	-30.750	0.056
18.920	-30.223	0.070
18.940	-29.315	0.049
18.960	-27.994	0.064
18.980	-26.286	0.044
19.000	-24.240	0.057
19.020	-21.876	0.034
19.040	-19.186	0.051
19.060	-16.264	0.022
19.080	-13.122	0.034
19.100	-9.792	0.012
19.120	-6.311	0.025
19.140	-2.782	0.002
19.160	0.800	0.012
19.180	4.356	-0.011
19.200	7.863	-0.003
19.220	11.269	-0.026
19.240	14.513	-0.019
19.260	17.574	-0.041
19.280	20.399	-0.031
19.300	22.972	-0.053
19.320	25.185	-0.041
19.340	27.070	-0.057
19.360	28.590	-0.049
19.380	29.745	-0.064
19.400	30.497	-0.058
19.420	30.835	-0.066
19.440	30.744	-0.057
19.460	30.282	-0.069
19.480	29.385	-0.056
19.500	28.107	-0.069
19.520	26.463	-0.046
19.540	24.465	-0.059
19.560	22.102	-0.041
19.580	19.465	-0.052
19.600	16.564	-0.030
19.620	13.428	-0.040
19.640	10.125	-0.019
19.660	6.703	-0.029
19.680	3.180	-0.003
19.700	-0.397	-0.017
19.720	-3.964	0.010
19.740	-7.466	-0.001
19.760	-10.893	0.019
19.780	-14.164	0.011
19.800	-17.236	0.035
19.820	-20.104	0.024
19.840	-22.655	0.044
19.860	-24.927	0.032
19.880	-26.872	0.053
19.900	-28.467	0.043
19.920	-29.627	0.060
19.940	-30.427	0.047
19.960	-30.771	0.060
19.980	-30.798	0.052
20.000	-30.368	0.059
20.020	-29.509	0.047
20.040	-28.284	0.059
20.060	-26.651	0.044
20.080	-24.680	0.053
20.100	-22.365	0.036
20.120	-19.733	0.043
20.140	-16.854	0.023
20.160	-13.755	0.035
20.180	-10.463	0.015
20.200	-7.020	0.023
20.220	-3.480	0.002
20.240	0.081	0.009
20.260	3.674	-0.011
20.280	7.176	-0.003
20.300	10.608	-0.023
20.320	13.906	-0.019
20.340	16.994	-0.036
20.360	19.857	-0.029
20.380	22.500	-0.043
20.400	24.766	-0.040
20.420	26.732	-0.053
20.440	28.327	-0.048
20.460	29.562	-0.062
20.480	30.368	-0.052
20.500	30.792	-0.067
20.520	30.803	-0.051
20.540	30.406	-0.063
20.560	29.595	-0.050
20.580	28.392	-0.065
20.600	26.812	-0.046
20.620	24.890	-0.056
20.640	22.591	-0.037
20.660	20.002	-0.051
20.680	17.150	-0.027
20.700	14.062	-0.035
20.720	10.796	-0.017
20.740	7.375	-0.021
20.760	3.873	-0.003
20.780	0.306	-0.008
20.800	-3.250	0.009
20.820	-6.789	0.009
20.840	-10.248	0.022
20.860	-13.551	0.018
20.880	-16.650	0.037
20.900	-19.556	0.037
20.920	-22.199	0.045
20.940	-24.530	0.043
20.960	-26.549	0.058
20.980	-28.209	0.050
21.000	-29.455	0.063
21.020	-30.347	0.055
21.040	-30.750	0.065
21.060	-30.825	0.058
21.080	-30.497	0.068
21.100	-29.734	0.057
21.120	-28.580	0.065
21.140	-27.017	0.051
21.160	-25.104	0.063
21.180	-22.870	0.043
21.200	-20.297	0.051
21.220	-17.461	0.037
21.240	-14.400	0.042
21.260	-11.156	0.031
21.280	-7.713	0.030
21.300	-4.195	0.015
21.320	-0.634	0.018
21.340	2.949	0.003
21.360	6.483	0.001
21.380	9.926	-0.009
21.400	13.250	-0.015
21.420	16.393	-0.017
21.440	19.304	-0.027
21.460	21.995	-0.027
21.480	24.336	-0.036
21.500	26.377	-0.036
21.520	28.032	-0.044
21.540	29.348	-0.042
21.560	30.234	-0.047
21.580	30.739	-0.047
21.600	30.835	-0.047
21.620	30.519	-0.051
21.640	29.793	-0.046
21.660	28.660	-0.048
21.680	27.140	-0.036
21.700	25.298	-0.043
21.720	23.074	-0.029
21.740	20.528	-0.038
21.760	17.725	-0.018
21.780	14.695	-0.027
21.800	11.451	-0.008
21.820	8.057	-0.015
21.840	4.571	0.003
21.860	1.015	0.001
21.880	-2.557	0.014
21.900	-6.107	0.016
21.920	-9.582	0.027
21.940	-12.907	0.032
21.960	-16.054	0.040
21.980	-18.992	0.047
22.000	-21.699	0.048
22.020	-24.089	0.057
22.040	-26.168	0.056
22.060	-27.892	0.066
22.080	-29.256	0.060
22.100	-30.191	0.071
22.120	-30.717	0.061
22.140	-30.846	0.070
22.160	-30.572	0.064
22.180	-29.922	0.068
22.200	-28.843	0.062
22.220	-27.350	0.067
22.240	-25.513	0.055
22.260	-23.332	0.056
22.280	-20.818	0.050
22.300	-18.036	0.050
22.320	-15.018	0.041
22.340	-11.795	0.032
22.360	-8.395	0.031
22.380	-4.893	0.026
22.400	-1.332	0.014
22.420	2.256	0.010
22.440	5.801	0.002
22.460	9.238	-0.004
22.480	12.617	-0.015
22.500	15.802	-0.015
22.520	18.745	-0.031
22.540	21.495	-0.023
22.560	23.907	-0.041
22.580	25.996	-0.032
22.600	27.742	-0.052
22.620	29.117	-0.039
22.640	30.105	-0.054
22.660	30.674	-0.045
22.680	30.857	-0.057
22.700	30.615	-0.044
22.720	29.944	-0.055
22.740	28.913	-0.045
22.760	27.468	-0.050
22.780	25.690	-0.041
22.800	23.536	-0.045
22.820	21.055	-0.035
22.840	18.310	-0.036
22.860	15.318	-0.024
22.880	12.090	-0.023
22.900	8.755	-0.014
22.920	5.274	-0.013
22.940	1.724	0.002
22.960	-1.837	0.002
22.980	-5.409	0.014
23.000	-8.905	0.013
23.020	-12.241	0.024
23.040	-15.431	0.026
23.060	-18.417	0.039
23.080	-21.189	0.039
23.100	-23.638	0.049
23.120	-25.754	0.045
23.140	-27.554	0.060
23.160	-28.988	0.054
23.180	-30.019	0.063
23.200	-30.621	0.053
23.220	-30.846	0.064
23.240	-30.664	0.056
23.260	-30.062	0.061
23.280	-29.068	0.052
23.300	-27.650	0.060
23.320	-25.883	0.044
23.340	-23.767	0.055
23.360	-21.334	0.035
23.380	-18.595	0.041
23.400	-15.614	0.027
23.420	-12.450	0.034
23.440	-9.083	0.011
23.460	-5.575	0.020
23.480	-2.030	0.002
23.500	1.552	0.004
23.520	5.108	-0.013
23.540	8.572	-0.008
23.560	11.967	-0.030
23.580	15.173	-0.023
23.600	18.203	-0.042
23.620	20.963	-0.033
23.640	23.466	-0.050
23.660	25.609	-0.044
23.680	27.436	-0.060
23.700	28.870	-0.053
23.720	29.938	-0.065
23.740	30.588	-0.059
23.760	30.846	-0.064
23.780	30.685	-0.062
23.800	30.126	-0.065
23.820	29.149	-0.059
23.840	27.795	-0.062
23.860	26.071	-0.054
23.880	23.993	-0.060
23.900	21.565	-0.046
23.920	18.863	-0.048
23.940	15.941	-0.035
23.960	12.751	-0.041
23.980	9.416	-0.018
24.000	5.978	-0.027
24.020	2.433	-0.006
24.040	-1.133	-0.015
24.060	-4.700	0.010
24.080	-8.196	-0.001
24.100	-11.585	0.022
24.120	-14.808	0.010
24.140	-17.848	0.034
24.160	-20.668	0.024
24.180	-23.155	0.045
24.200	-25.362	0.034
24.220	-27.221	0.053
24.240	-28.746	0.043
24.260	-29.836	0.059
24.280	-30.556	0.048
24.300	-30.803	0.060
24.320	-30.723	0.051
24.340	-30.207	0.060
24.360	-29.305	0.051
24.380	-27.978	0.055
24.400	-26.270	0.043
24.420	-24.213	0.048
24.440	-21.833	0.038
24.460	-19.148	0.039
24.480	-16.221	0.026
24.500	-13.084	0.031
24.520	-9.738	0.012
24.540	-6.263	0.022
24.560	-2.734	0.002
24.580	0.843	0.008
24.600	4.404	-0.015
24.620	7.901	-0.005
24.640	11.312	-0.030
24.660	14.566	-0.013
24.680	17.612	-0.041
24.700	20.432	-0.027
24.720	22.999	-0.056
24.740	25.212	-0.038
24.760	27.076	-0.056
24.780	28.606	-0.046
24.800	29.750	-0.066
24.820	30.497	-0.051
24.840	30.835	-0.063
24.860	30.750	-0.051
24.880	30.277	-0.065
24.900	29.375	-0.050
24.920	28.091	-0.059
24.940	26.426	-0.046
24.960	24.438	-0.052
24.980	22.075	-0.043
25.000	19.427	-0.046
25.020	16.532	-0.030
25.040	13.390	-0.033
25.060	10.092	-0.018
25.080	6.660	-0.022
25.100	3.121	-0.003
25.120	-0.440	-0.009
25.140	-4.001	0.010
25.160	-7.530	0.007
25.180	-10.946	0.027
25.200	-14.207	0.015
25.220	-17.284	0.040
25.240	-20.142	0.030
25.260	-22.704	0.051
25.280	-24.970	0.037
25.300	-26.920	0.061
25.320	-28.499	0.043
25.340	-29.681	0.069
25.360	-30.476	0.051
25.380	-30.792	0.068
25.400	-30.803	0.058
25.420	-30.374	0.068
25.440	-29.536	0.055
25.460	-28.290	0.066
25.480	-26.662	0.051
25.500	-24.664	0.060
25.520	-22.360	0.047
25.540	-19.739	0.050
25.560	-16.854	0.038
25.580	-13.739	0.041
25.600	-10.420	0.031
25.620	-6.982	0.031
25.640	-3.459	0.017
25.660	0.124	0.015
25.680	3.706	-0.001
25.700	7.213	0.002
25.720	10.646	-0.015
25.740	13.938	-0.011
25.760	17.032	-0.026
25.780	19.889	-0.020
25.800	22.510	-0.035
25.820	24.782	-0.032
25.840	26.748	-0.041
25.860	28.333	-0.040
25.880	29.573	-0.054
25.900	30.379	-0.044
25.920	30.798	-0.056
25.940	30.803	-0.044
25.960	30.400	-0.056
25.980	29.579	-0.042
26.000	28.370	-0.054
26.020	26.786	-0.035
26.040	24.868	-0.044
26.060	22.564	-0.031
26.080	19.964	-0.036
26.100	17.123	-0.019
26.120	14.035	-0.027
26.140	10.753	-0.008
26.160	7.342	-0.014
26.180	3.830	0.006
26.200	0.274	0.003
26.220	-3.292	0.017
26.240	-6.827	0.018
26.260	-10.270	0.030
26.280	-13.567	0.031
26.300	-16.683	0.041
26.320	-19.588	0.043
26.340	-22.209	0.053
26.360	-24.546	0.054
26.380	-26.555	0.060
26.400	-28.198	0.061
26.420	-29.466	0.063
26.440	-30.320	0.067
26.460	-30.760	0.067
26.480	-30.841	0.067
26.500	-30.459	0.069
26.520	-29.724	0.066
26.540	-28.542	0.068
26.560	-26.979	0.058
26.580	-25.067	0.064
26.600	-22.816	0.051
26.620	-20.254	0.056
26.640	-17.418	0.038
26.660	-14.335	0.044
26.680	-11.091	0.026
26.700	-7.675	0.033
26.720	-4.152	0.014
26.740	-0.580	0.018
26.760	3.008	-0.000
26.780	6.542	0.008
26.800	9.979	-0.016
26.820	13.299	-0.011
26.840	16.446	-0.023
26.860	19.352	-0.027
26.880	22.021	-0.031
26.900	24.379	-0.036
26.920	26.394	-0.041
26.940	28.064	-0.046
26.960	29.353	-0.047
26.980	30.255	-0.052
27.000	30.750	-0.052
27.020	30.835	-0.057
27.040	30.513	-0.049
27.060	29.772	-0.058
27.080	28.655	-0.050
27.100	27.135	-0.052
27.120	25.282	-0.043
27.140	23.053	-0.044
27.160	20.507	-0.036
27.180	17.714	-0.032
27.200	14.663	-0.026
27.220	11.430	-0.023
27.240	8.041	-0.017
27.260	4.539	-0.007
27.280	0.994	-0.007
27.300	-2.589	0.007
27.320	-6.118	0.006
27.340	-9.604	0.023
27.360	-12.928	0.018
27.380	-16.076	0.031
27.400	-19.024	0.033
27.420	-21.710	0.045
27.440	-24.089	0.042
27.460	-26.152	0.051
27.480	-27.887	0.051
27.500	-29.229	0.057
27.520	-30.175	0.057
27.540	-30.680	0.056
27.560	-30.841	0.060
27.580	-30.551	0.055
27.600	-29.896	0.061
27.620	-28.816	0.051
27.640	-27.323	0.059
27.660	-25.470	0.040
27.680	-23.300	0.052
27.700	-20.786	0.031
27.720	-17.988	0.043
27.740	-14.958	0.022
27.760	-11.736	0.030
27.780	-8.347	0.009
27.800	-4.829	0.016
27.820	-1.273	0.003
27.840	2.299	-0.001
27.860	5.854	-0.011
27.880	9.292	-0.019
27.900	12.660	-0.027
27.920	15.834	-0.033
27.940	18.788	-0.035
27.960	21.517	-0.042
27.980	23.934	-0.050
28.000	26.018	-0.054
28.020	27.752	-0.054
28.040	29.122	-0.062
28.060	30.110	-0.061
28.080	30.674	-0.064
28.100	30.857	-0.068
28.120	30.610	-0.061
28.140	29.944	-0.066
28.160	28.902	-0.061
28.180	27.457	-0.063
28.200	25.674	-0.048
28.220	23.504	-0.063
28.240	21.039	-0.042
28.260	18.289	-0.052
28.280	15.292	-0.031
28.300	12.069	-0.040
28.320	8.707	-0.020
28.340	5.237	-0.028
28.360	1.703	-0.006
28.380	-1.885	-0.013
28.400	-5.436	0.006
28.420	-8.916	0.006
28.440	-12.284	0.018
28.460	-15.463	0.017
28.480	-18.450	0.032
28.500	-21.210	0.031
28.520	-23.638	0.039
28.540	-25.787	0.043
28.560	-27.586	0.044
28.580	-28.999	0.048
28.600	-30.019	0.054
28.620	-30.626	0.055
28.640	-30.835	0.057
28.660	-30.658	0.055
28.680	-30.046	0.052
28.700	-29.063	0.053
28.720	-27.634	0.055
28.740	-25.867	0.046
28.760	-23.756	0.045
28.780	-21.291	0.035
28.800	-18.557	0.039
28.820	-15.571	0.026
28.840	-12.407	0.028
28.860	-9.029	0.014
28.880	-5.543	0.017
28.900	-1.977	-0.000
28.920	1.595	0.010
28.940	5.140	-0.015
28.960	8.626	-0.005
28.980	12.010	-0.030
29.000	15.232	-0.017
29.020	18.219	-0.045
29.040	20.985	-0.027
29.060	23.488	-0.054
29.080	25.625	-0.036
29.100	27.452	-0.062
29.120	28.886	-0.046
29.140	29.938	-0.064
29.160	30.604	-0.052
29.180	30.852	-0.064
29.200	30.685	-0.056
29.220	30.121	-0.059
29.240	29.138	-0.055
29.260	27.769	-0.056
29.280	26.061	-0.051
29.300	23.966	-0.050
29.320	21.543	-0.046
29.340	18.853	-0.037
29.360	15.898	-0.032
29.380	12.703	-0.028
29.400	9.394	-0.019
29.420	5.930	-0.016
29.440	2.385	-0.003
29.460	-1.187	-0.008
29.480	-4.748	0.014
29.500	-8.255	0.007
29.520	-11.645	0.029
29.540	-14.862	0.015
29.560	-17.896	0.043
29.580	-20.706	0.031
29.600	-23.203	0.055
29.620	-25.405	0.039
29.640	-27.274	0.066
29.660	-28.773	0.043
29.680	-29.879	0.071
29.700	-30.583	0.051
29.720	-30.835	0.073
29.740	-30.733	0.055
29.760	-30.218	0.073
29.780	-29.315	0.053
29.800	-27.962	0.068
29.820	-26.275	0.050
29.840	-24.208	0.061
29.860	-21.817	0.045
29.880	-19.143	0.050
29.900	-16.183	0.036
29.920	-13.073	0.039
29.940	-9.732	0.031
29.960	-6.252	0.028
29.980	-2.702	0.018
30.000	0.881	0.016
30.020	4.437	0.001
30.040	7.933	0.003
30.060	11.349	-0.017
30.080	14.599	-0.005
30.100	17.655	-0.031
30.120	20.464	-0.015
30.140	23.021	-0.044
30.160	25.223	-0.020
30.180	27.124	-0.056
30.200	28.617	-0.028
30.220	29.772	-0.060
30.240	30.497	-0.032
30.260	30.835	-0.066
30.280	30.750	-0.036
30.300	30.261	-0.065
30.320	29.369	-0.032
30.340	28.064	-0.059
30.360	26.415	-0.028
30.380	24.417	-0.048
30.400	22.054	-0.024
30.420	19.400	-0.041
30.440	16.489	-0.014
30.460	13.347	-0.027
30.480	10.044	-0.005
30.500	6.639	-0.014
30.520	3.094	0.006
30.540	-0.483	0.002
30.560	-4.055	0.021
30.580	-7.562	0.017
30.600	-10.973	0.031
30.620	-14.233	0.026
30.640	-17.311	0.049
30.660	-20.174	0.041
30.680	-22.720	0.060
30.700	-24.976	0.048
30.720	-26.931	0.067
30.740	-28.494	0.057
30.760	-29.681	0.073
30.780	-30.465	0.063
30.800	-30.792	0.072
30.820	-30.798	0.063
30.840	-30.341	0.076
30.860	-29.503	0.056
30.880	-28.257	0.072
30.900	-26.614	0.049
30.920	-24.632	0.071
30.940	-22.301	0.041
30.960	-19.685	0.062
30.980	-16.774	0.028
31.000	-13.680	0.048
31.020	-10.382	0.016
31.040	-6.923	0.037
31.060	-3.400	0.010
31.080	0.188	0.022
31.100	3.760	-0.007
31.120	7.278	0.006
31.140	10.699	-0.021
31.160	13.981	-0.007
31.180	17.059	-0.033
31.200	19.927	-0.023
31.220	22.553	-0.040
31.240	24.820	-0.036
31.260	26.759	-0.044
31.280	28.343	-0.045
31.300	29.579	-0.056
31.320	30.384	-0.049
31.340	30.798	-0.060
31.360	30.798	-0.054
31.380	30.400	-0.056
31.400	29.573	-0.049
31.420	28.365	-0.060
31.440	26.759	-0.043
31.460	24.836	-0.055
31.480	22.542	-0.039
31.500	19.954	-0.048
31.520	17.085	-0.027
31.540	13.997	-0.036
31.560	10.726	-0.013
31.580	7.315	-0.028
31.600	3.803	0.002
31.620	0.231	-0.015
31.640	-3.346	0.016
31.660	-6.854	-0.000
31.680	-10.318	0.031
31.700	-13.605	0.015
31.720	-16.709	0.042
31.740	-19.604	0.026
31.760	-22.231	0.050
31.780	-24.557	0.036
31.800	-26.555	0.058
31.820	-28.204	0.047
31.840	-29.471	0.064
31.860	-30.336	0.054
31.880	-30.739	0.061
31.900	-30.819	0.058
31.920	-30.465	0.062
31.940	-29.702	0.055
31.960	-28.531	0.054
31.980	-26.958	0.052
32.000	-25.029	0.043
32.020	-22.784	0.045
32.040	-20.211	0.039
32.060	-17.375	0.034
32.080	-14.314	0.027
32.100	-11.048	0.021
32.120	-7.622	0.020
32.140	-4.104	0.009
32.160	-0.537	0.006
32.180	3.045	-0.007
32.200	6.585	-0.007
32.220	10.012	-0.027
32.240	13.347	-0.016
32.260	16.473	-0.039
32.280	19.379	-0.030
32.300	22.064	-0.051
32.320	24.396	-0.042
32.340	26.410	-0.057
32.360	28.075	-0.045
32.380	29.375	-0.071
32.400	30.266	-0.054
32.420	30.750	-0.070
32.440	30.835	-0.057
32.460	30.502	-0.071
32.480	29.750	-0.061
32.500	28.628	-0.064
32.520	27.108	-0.057
32.540	25.244	-0.059
32.560	23.010	-0.052
32.580	20.475	-0.048
32.600	17.671	-0.042
32.620	14.631	-0.035
32.640	11.376	-0.033
32.660	7.992	-0.022
32.680	4.485	-0.020
32.700	0.929	-0.007
32.720	-2.637	-0.006
32.740	-6.182	0.006
32.760	-9.636	0.010
32.780	-12.977	0.017
32.800	-16.124	0.026
32.820	-19.078	0.030
32.840	-21.764	0.037
32.860	-24.132	0.038
32.880	-26.222	0.049
32.900	-27.940	0.043
32.920	-29.267	0.056
32.940	-30.212	0.047
32.960	-30.717	0.061
32.980	-30.835	0.051
33.000	-30.583	0.059
33.020	-29.901	0.047
33.040	-28.811	0.059
33.060	-27.323	0.046
33.080	-25.470	0.050
33.100	-23.284	0.046
33.120	-20.770	0.040
33.140	-17.988	0.035
33.160	-14.948	0.026
33.180	-11.730	0.028
33.200	-8.325	0.014
33.220	-4.812	0.019
33.240	-1.268	-0.000
33.260	2.336	0.007
33.280	5.871	-0.015
33.300	9.335	-0.008
33.320	12.687	-0.028
33.340	15.861	-0.017
33.360	18.820	-0.044
33.380	21.543	-0.032
33.400	23.955	-0.052
33.420	26.039	-0.040
33.440	27.774	-0.053
33.460	29.144	-0.053
33.480	30.116	-0.054
33.500	30.674	-0.056
33.520	30.852	-0.056
33.540	30.604	-0.061
33.560	29.944	-0.052
33.580	28.880	-0.057
33.600	27.436	-0.049
33.620	25.642	-0.048
33.640	23.477	-0.048
33.660	20.985	-0.044
33.680	18.235	-0.039
33.700	15.238	-0.028
33.720	12.010	-0.028
33.740	8.642	-0.015
33.760	5.172	-0.018
33.780	1.622	0.001
33.800	-1.955	-0.007
33.820	-5.511	0.017
33.840	-9.013	0.009
33.860	-12.359	0.028
33.880	-15.549	0.022
33.900	-18.541	0.047
33.920	-21.280	0.035
33.940	-23.724	0.055
33.960	-25.873	0.047
33.980	-27.667	0.064
34.000	-29.090	0.055
34.020	-30.083	0.069
34.040	-30.696	0.055
34.060	-30.884	0.072
34.080	-30.707	0.060
34.100	-30.105	0.070
34.120	-29.084	0.057
34.140	-27.672	0.068
34.160	-25.905	0.050
34.180	-23.767	0.062
34.200	-21.318	0.041
34.220	-18.573	0.051
34.240	-15.576	0.035
34.260	-12.413	0.039
34.280	-9.034	0.022
34.300	-5.532	0.032
34.320	-1.982	0.011
34.340	1.627	0.017
34.360	5.172	-0.002
34.380	8.642	0.002
34.400	12.031	-0.019
34.420	15.249	-0.004
34.440	18.246	-0.032
34.460	21.028	-0.018
34.480	23.515	-0.042
34.500	25.652	-0.027
34.520	27.446	-0.050
34.540	28.896	-0.036
34.560	29.955	-0.053
34.580	30.610	-0.043
34.600	30.852	-0.058
34.620	30.674	-0.043
34.640	30.094	-0.058
34.660	29.127	-0.037
34.680	27.758	-0.057
34.700	26.012	-0.028
34.720	23.939	-0.052
34.740	21.500	-0.023
34.760	18.793	-0.044
34.780	15.850	-0.009
34.800	12.665	-0.032
34.820	9.330	-0.000
34.840	5.871	-0.017
34.860	2.326	0.010
34.880	-1.230	-0.003
34.900	-4.812	0.022
34.920	-8.314	0.013
34.940	-11.682	0.029
34.960	-14.916	0.026
34.980	-17.945	0.043
35.000	-20.754	0.043
35.020	-23.251	0.056
35.040	-25.443	0.056
35.060	-27.317	0.061
35.080	-28.805	0.056
35.100	-29.879	0.068
35.120	-30.567	0.060
35.140	-30.862	0.072
35.160	-30.766	0.059
35.180	-30.212	0.075
35.200	-29.283	0.050
35.220	-27.946	0.076
35.240	-26.243	0.043
35.260	-24.175	0.066
35.280	-21.791	0.036
35.300	-19.089	0.064
35.320	-16.156	0.020
35.340	-13.030	0.053
35.360	-9.684	0.011
35.380	-6.220	0.039
35.400	-2.664	-0.001
35.420	0.929	0.021
35.440	4.479	-0.009
35.460	7.976	0.006
35.480	11.387	-0.022
35.500	14.636	-0.010
35.520	17.676	-0.030
35.540	20.491	-0.029
35.560	23.047	-0.040
35.580	25.250	-0.045
35.600	27.135	-0.044
35.620	28.639	-0.055
35.640	29.788	-0.045
35.660	30.502	-0.059
35.680	30.830	-0.049
35.700	30.733	-0.061
35.720	30.245	-0.054
35.740	29.342	-0.054
35.760	28.053	-0.056
35.780	26.388	-0.041
35.800	24.385	-0.057
35.820	22.005	-0.032
35.840	19.363	-0.054
35.860	16.457	-0.018
35.880	13.315	-0.048
35.900	9.996	0.001
35.920	6.574	-0.035
35.940	3.045	0.012
35.960	-0.516	-0.023
35.980	-4.087	0.026
36.000	-7.622	-0.003
36.020	-11.021	0.036
36.040	-14.266	0.008
36.060	-17.349	0.044
36.080	-20.201	0.025
36.100	-22.752	0.050
36.120	-25.019	0.039
36.140	-26.947	0.055
36.160	-28.510	0.048
36.180	-29.702	0.060
36.200	-30.465	0.056
36.220	-30.809	0.058
36.240	-30.792	0.059
36.260	-30.336	0.055
36.280	-29.493	0.056
36.300	-28.247	0.051
36.320	-26.592	0.051
36.340	-24.610	0.047
36.360	-22.279	0.042
36.380	-19.647	0.039
36.400	-16.747	0.025
36.420	-13.664	0.027
36.440	-10.339	0.015
36.460	-6.896	0.022
36.480	-3.357	-0.001
36.500	0.209	0.010
36.520	3.781	-0.020
36.540	7.289	-0.002
36.560	10.715	-0.036
36.580	14.008	-0.011
36.600	17.107	-0.048
36.620	19.959	-0.026
36.640	22.575	-0.060
36.660	24.841	-0.040
36.680	26.796	-0.065
36.700	28.370	-0.049
36.720	29.584	-0.067
36.740	30.384	-0.058
36.760	30.803	-0.072
36.780	30.787	-0.063
36.800	30.390	-0.069
36.820	29.552	-0.063
36.840	28.338	-0.065
36.860	26.743	-0.058
36.880	24.809	-0.056
36.900	22.510	-0.055
36.920	19.905	-0.045
36.940	17.042	-0.043
36.960	13.949	-0.036
36.980	10.672	-0.028
37.000	7.262	-0.025
37.020	3.744	-0.014
37.040	0.193	-0.016
37.060	-3.395	-0.000
37.080	-6.918	-0.001
37.100	-10.366	0.019
37.120	-13.637	0.007
37.140	-16.747	0.033
37.160	-19.653	0.023
37.180	-22.279	0.045
37.200	-24.589	0.030
37.220	-26.592	0.055
37.240	-28.236	0.040
37.260	-29.498	0.060
37.280	-30.336	0.046
37.300	-30.766	0.061
37.320	-30.830	0.051
37.340	-30.465	0.063
37.360	-29.691	0.051
37.380	-28.521	0.056
37.400	-26.958	0.044
37.420	-25.024	0.048
37.440	-22.763	0.038
37.460	-20.201	0.042
37.480	-17.349	0.031
37.500	-14.298	0.027
37.520	-11.011	0.020
37.540	-7.600	0.018
37.560	-4.071	0.010
37.580	-0.505	0.004
37.600	3.072	-0.004
37.620	6.612	-0.010
37.640	10.049	-0.019
37.660	13.363	-0.020
37.680	16.495	-0.036
37.700	19.390	-0.032
37.720	22.075	-0.042
37.740	24.406	-0.044
37.760	26.420	-0.052
37.780	28.085	-0.050
37.800	29.369	-0.060
37.820	30.261	-0.053
37.840	30.744	-0.066
37.860	30.830	-0.052
37.880	30.497	-0.063
37.900	29.740	-0.054
37.920	28.612	-0.061
37.940	27.076	-0.050
37.960	25.217	-0.052
37.980	22.978	-0.047
38.000	20.432	-0.044
38.020	17.612	-0.035
38.040	14.572	-0.032
38.060	11.328	-0.023
38.080	7.933	-0.020
38.100	4.426	-0.008
38.120	0.865	-0.007
38.140	-2.718	0.002
38.160	-6.252	0.006
38.180	-9.722	0.020
38.200	-13.041	0.024
38.220	-16.194	0.029
38.240	-19.148	0.039
38.260	-21.817	0.045
38.280	-24.208	0.051
38.300	-26.259	0.049
38.320	-27.973	0.060
38.340	-29.326	0.057
38.360	-30.266	0.067
38.380	-30.739	0.060
38.400	-30.857	0.071
38.420	-30.610	0.062
38.440	-29.944	0.071
38.460	-28.848	0.060
38.480	-27.350	0.068
38.500	-25.480	0.055
38.520	-23.284	0.057
38.540	-20.786	0.048
38.560	-17.966	0.047
38.580	-14.937	0.041
38.600	-11.709	0.033
38.620	-8.304	0.032
38.640	-4.802	0.017
38.660	-1.230	0.022
38.680	2.363	0.004
38.700	5.897	0.008
38.720	9.356	-0.012
38.740	12.713	-0.006
38.760	15.893	-0.025
38.780	18.847	-0.020
38.800	21.565	-0.035
38.820	23.977	-0.033
38.840	26.055	-0.038
38.860	27.790	-0.045
38.880	29.144	-0.041
38.900	30.116	-0.055
38.920	30.690	-0.043
38.940	30.846	-0.058
38.960	30.594	-0.041
38.980	29.933	-0.059
39.000	28.870	-0.037
39.020	27.398	-0.058
39.040	25.625	-0.029
39.060	23.445	-0.052
39.080	20.958	-0.019
39.100	18.203	-0.041
39.120	15.189	-0.014
39.140	11.972	-0.022
39.160	8.621	-0.007
39.180	5.129	-0.008
39.200	1.579	0.002
39.220	-1.993	0.009
39.240	-5.527	0.014
39.260	-9.045	0.026
39.280	-12.391	0.027
39.300	-15.560	0.036
39.320	-18.552	0.041
39.340	-21.302	0.054
39.360	-23.729	0.051
39.380	-25.862	0.061
39.400	-27.650	0.061
39.420	-29.068	0.066
39.440	-30.089	0.066
39.460	-30.669	0.061
39.480	-30.878	0.072
39.500	-30.664	0.063
39.520	-30.078	0.068
39.540	-29.047	0.054
39.560	-27.618	0.068
39.580	-25.840	0.053
39.600	-23.713	0.065
39.620	-21.264	0.040
39.640	-18.514	0.060
39.660	-15.522	0.024
39.680	-12.359	0.047
39.700	-8.959	0.014
39.720	-5.489	0.033
39.740	-1.912	0.006
39.760	1.676	0.014
39.780	5.226	-0.005
39.800	8.701	0.002
39.820	12.069	-0.016
39.840	15.292	-0.015
39.860	18.289	-0.030
39.880	21.039	-0.032
39.900	23.531	-0.038
39.920	25.674	-0.040
39.940	27.479	-0.044
39.960	28.907	-0.050
39.980	29.955	-0.052
40.000	30.604	-0.053
40.020	30.852	-0.054
40.040	30.669	-0.057
40.060	30.094	-0.057
40.080	29.111	-0.053
40.100	27.736	-0.057
40.120	26.001	-0.045
40.140	23.907	-0.053
40.160	21.479	-0.035
40.180	18.767	-0.048
40.200	15.829	-0.022
40.220	12.633	-0.037
40.240	9.297	-0.009
40.260	5.838	-0.026
40.280	2.288	0.006
40.300	-1.278	-0.013
40.320	-4.818	0.021
40.340	-8.320	0.002
40.360	-11.714	0.031
40.380	-14.958	0.014
40.400	-17.961	0.038
40.420	-20.759	0.030
40.440	-23.246	0.050
40.460	-25.454	0.039
40.480	-27.323	0.054
40.500	-28.794	0.046
40.520	-29.879	0.059
40.540	-30.567	0.053
40.560	-30.841	0.060
40.580	-30.717	0.054
40.600	-30.202	0.060
40.620	-29.267	0.048
40.640	-27.914	0.055
40.660	-26.206	0.047
40.680	-24.148	0.047
40.700	-21.753	0.037
40.720	-19.062	0.042
40.740	-16.113	0.022
40.760	-12.971	0.030
40.780	-9.620	0.010
40.800	-6.166	0.019
40.820	-2.616	-0.003
40.840	0.978	0.006
40.860	4.528	-0.018
40.880	8.046	-0.008
40.900	11.419	-0.033
40.920	14.663	-0.019
40.940	17.719	-0.045
40.960	20.518	-0.032
40.980	23.080	-0.061
41.000	25.271	-0.044
41.020	27.140	-0.062
41.040	28.655	-0.049
41.060	29.793	-0.069
41.080	30.502	-0.056
41.100	30.835	-0.072
41.120	30.744	-0.059
41.140	30.239	-0.072
41.160	29.337	-0.058
41.180	28.037	-0.071
41.200	26.361	-0.049
41.220	24.353	-0.065
41.240	21.984	-0.047
41.260	19.325	-0.059
41.280	16.419	-0.036
41.300	13.272	-0.041
41.320	9.985	-0.022
41.340	6.521	-0.032
41.360	3.002	-0.010
41.380	-0.564	-0.015
41.400	-4.114	0.007
41.420	-7.648	0.001
41.440	-11.064	0.018
41.460	-14.319	0.013
41.480	-17.381	0.029
41.500	-20.233	0.027
41.520	-22.763	0.044
41.540	-25.035	0.033
41.560	-26.968	0.055
41.580	-28.537	0.040
41.600	-29.702	0.060
41.620	-30.459	0.045
41.640	-30.825	0.064
41.660	-30.782	0.045
41.680	-30.320	0.064
41.700	-29.487	0.046
41.720	-28.220	0.063
41.740	-26.582	0.039
41.760	-24.583	0.053
41.780	-22.258	0.033
41.800	-19.615	0.043
41.820	-16.715	0.020
41.840	-13.621	0.034
41.860	-10.318	0.017
41.880	-6.864	0.021
41.900	-3.330	0.003
41.920	0.258	0.005
41.940	3.824	-0.007
41.960	7.337	-0.007
41.980	10.758	-0.023
42.000	14.045	-0.025
42.020	17.139	-0.032
42.040	19.980	-0.033
42.060	22.591	-0.044
42.080	24.852	-0.048
42.100	26.807	-0.052
42.120	28.381	-0.050
42.140	29.595	-0.058
42.160	30.400	-0.050
42.180	30.803	-0.064
42.200	30.787	-0.049
42.220	30.368	-0.066
42.240	29.530	-0.048
42.260	28.333	-0.067
42.280	26.727	-0.042
42.300	24.777	-0.061
42.320	22.483	-0.036
42.340	19.862	-0.052
42.360	17.010	-0.027
42.380	13.900	-0.037
42.400	10.619	-0.016
42.420	7.213	-0.028
42.440	3.695	-0.007
42.460	0.129	-0.011
42.480	-3.459	0.010
42.500	-6.977	0.003
42.520	-10.431	0.019
42.540	-13.712	0.023
42.560	-16.822	0.036
42.580	-19.723	0.040
42.600	-22.333	0.045
42.620	-24.664	0.049
42.640	-26.667	0.054
42.660	-28.290	0.056
42.680	-29.530	0.065
42.700	-30.395	0.061
42.720	-30.798	0.064
42.740	-30.841	0.060
42.760	-30.497	0.068
42.780	-29.734	0.060
42.800	-28.553	0.069
42.820	-26.979	0.054
42.840	-25.051	0.064
42.860	-22.779	0.042
42.880	-20.206	0.051
42.900	-17.333	0.035
42.920	-14.292	0.046
42.940	-11.011	0.025
42.960	-7.573	0.034
42.980	-4.050	0.013
43.000	-0.462	0.021
43.020	3.094	-0.003
43.040	6.639	0.002
43.060	10.071	-0.014
43.080	13.396	-0.011
43.100	16.532	-0.023
43.120	19.427	-0.025
43.140	22.097	-0.034
43.160	24.433	-0.037
43.180	26.453	-0.038
43.200	28.091	-0.042
43.220	29.380	-0.044
43.240	30.271	-0.052
43.260	30.750	-0.047
43.280	30.825	-0.052
43.300	30.497	-0.048
43.320	29.740	-0.048
43.340	28.606	-0.046
43.360	27.070	-0.044
43.380	25.190	-0.042
43.400	22.945	-0.040
43.420	20.394	-0.034
43.440	17.590	-0.029
43.460	14.534	-0.020
43.480	11.285	-0.013
43.500	7.901	-0.011
43.520	4.394	0.001
43.540	0.849	-0.000
43.560	-2.745	0.016
43.580	-6.284	0.014
43.600	-9.743	0.027
43.620	-13.073	0.027
43.640	-16.199	0.042
43.660	-19.159	0.039
43.680	-21.828	0.050
43.700	-24.208	0.051
43.720	-26.265	0.058
43.740	-27.978	0.058
43.760	-29.315	0.065
43.780	-30.245	0.065
43.800	-30.728	0.063
43.820	-30.873	0.068
43.840	-30.562	0.062
43.860	-29.890	0.069
43.880	-28.794	0.057
43.900	-27.291	0.062
43.920	-25.427	0.052
43.940	-23.225	0.055
43.960	-20.700	0.046
43.980	-17.896	0.046
44.000	-14.873	0.031
44.020	-11.661	0.032
44.040	-8.255	0.022
44.060	-4.737	0.020
44.080	-1.149	0.013
44.100	2.412	0.008
44.120	5.967	-0.000
44.140	9.416	-0.009
44.160	12.772	-0.011
44.180	15.931	-0.025
44.200	18.879	-0.027
44.220	21.613	-0.032
44.240	24.003	-0.038
44.260	26.077	-0.041
44.280	27.806	-0.048
44.300	29.160	-0.048
44.320	30.126	-0.052
44.340	30.696	-0.055
44.360	30.846	-0.058
44.380	30.588	-0.054
44.400	29.901	-0.054
44.420	28.848	-0.052
44.440	27.387	-0.055
44.460	25.593	-0.045
44.480	23.423	-0.052
44.500	20.931	-0.037
44.520	18.176	-0.044
44.540	15.173	-0.024
44.560	11.940	-0.032
44.580	8.578	-0.014
44.600	5.103	-0.019
44.620	1.558	-0.006
44.640	-2.025	-0.005
44.660	-5.559	0.009
44.680	-9.072	0.010
44.700	-12.413	0.026
44.720	-15.565	0.022
44.740	-18.573	0.035
44.760	-21.318	0.035
44.780	-23.724	0.044
44.800	-25.878	0.043
44.820	-27.656	0.050
44.840	-29.052	0.051
44.860	-30.062	0.054
44.880	-30.642	0.052
44.900	-30.852	0.060
44.920	-30.631	0.055
44.940	-30.051	0.056
44.960	-29.015	0.051
44.980	-27.591	0.050
45.000	-25.792	0.046
45.020	-23.681	0.044
45.040	-21.227	0.040
45.060	-18.460	0.036
45.080	-15.479	0.021
45.100	-12.289	0.024
45.120	-8.911	0.014
45.140	-5.436	0.016
45.160	-1.864	-0.002
45.180	1.713	-0.001
45.200	5.269	-0.013
45.220	8.744	-0.013
45.240	12.117	-0.027
45.260	15.324	-0.030
45.280	18.315	-0.044
45.300	21.087	-0.040
45.320	23.568	-0.053
45.340	25.701	-0.044
45.360	27.495	-0.061
45.380	28.918	-0.056
45.400	29.971	-0.065
45.420	30.615	-0.061
45.440	30.841	-0.069
45.460	30.669	-0.065
45.480	30.073	-0.066
45.500	29.095	-0.061
45.520	27.704	-0.065
45.540	25.980	-0.053
45.560	23.891	-0.061
45.580	21.436	-0.048
45.600	18.740	-0.048
45.620	15.786	-0.040
45.640	12.579	-0.038
45.660	9.265	-0.027
45.680	5.790	-0.024
45.700	2.267	-0.012
45.720	-1.311	-0.010
45.740	-4.866	0.005
45.760	-8.368	0.004
45.780	-11.757	0.018
45.800	-14.964	0.014
45.820	-18.004	0.030
45.840	-20.786	0.028
45.860	-23.278	0.043
45.880	-25.464	0.037
45.900	-27.328	0.051
45.920	-28.821	0.043
45.940	-29.896	0.056
45.960	-30.562	0.047
45.980	-30.835	0.060
46.000	-30.717	0.048
46.020	-30.202	0.059
46.040	-29.256	0.047
46.060	-27.903	0.052
46.080	-26.173	0.043
46.100	-24.116	0.043
46.120	-21.731	0.036
46.140	-19.035	0.036
46.160	-16.092	0.026
46.180	-12.950	0.026
46.200	-9.598	0.017
46.220	-6.134	0.012
46.240	-2.589	0.006
46.260	0.999	-0.001
46.280	4.560	-0.008
46.300	8.057	-0.015
46.320	11.457	-0.024
46.340	14.701	-0.026
46.360	17.741	-0.039
46.380	20.550	-0.036
46.400	23.096	-0.050
46.420	25.292	-0.046
46.440	27.162	-0.057
46.460	28.666	-0.050
46.480	29.799	-0.063
46.500	30.519	-0.052
46.520	30.841	-0.065
46.540	30.739	-0.052
46.560	30.234	-0.067
46.580	29.310	-0.051
46.600	28.016	-0.065
46.620	26.345	-0.044
46.640	24.326	-0.060
46.660	21.946	-0.040
46.680	19.288	-0.045
46.700	16.376	-0.032
46.720	13.224	-0.032
46.740	9.920	-0.019
46.760	6.478	-0.020
46.780	2.943	-0.007
46.800	-0.623	-0.007
46.820	-4.184	0.006
46.840	-7.718	0.009
46.860	-11.118	0.016
46.880	-14.389	0.018
46.900	-17.451	0.035
46.920	-20.308	0.035
46.940	-22.843	0.047
46.960	-25.104	0.046
46.980	-27.027	0.056
47.000	-28.601	0.053
47.020	-29.756	0.065
47.040	-30.529	0.060
47.060	-30.814	0.071
47.080	-30.825	0.059
47.100	-30.395	0.069
47.120	-29.536	0.059
47.140	-28.241	0.065
47.160	-26.608	0.050
47.180	-24.589	0.061
47.200	-22.290	0.043
47.220	-19.621	0.051
47.240	-16.715	0.038
47.260	-13.610	0.043
47.280	-10.296	0.024
47.300	-6.843	0.034
47.320	-3.298	0.010
47.340	0.279	0.016
47.360	3.840	-0.002
47.380	7.364	0.001
47.400	10.785	-0.013
47.420	14.072	-0.015
47.440	17.145	-0.025
47.460	20.013	-0.022
47.480	22.628	-0.036
47.500	24.879	-0.036
47.520	26.818	-0.044
47.540	28.408	-0.044
47.560	29.605	-0.048
47.580	30.411	-0.048
47.600	30.803	-0.053
47.620	30.787	-0.048
47.640	30.363	-0.053
47.660	29.525	-0.046
47.680	28.306	-0.053
47.700	26.684	-0.041
47.720	24.761	-0.048
47.740	22.440	-0.037
47.760	19.841	-0.038
47.780	16.967	-0.023
47.800	13.852	-0.022
47.820	10.581	-0.014
47.840	7.154	-0.012
47.860	3.647	-0.003
47.880	0.097	0.001
47.900	-3.491	0.017
47.920	-7.009	0.014
47.940	-10.452	0.028
47.960	-13.745	0.029
47.980	-16.838	0.041
48.000	-19.723	0.040
48.020	-22.333	0.051
48.040	-24.675	0.051
48.060	-26.667	0.057
48.080	-28.300	0.054
48.100	-29.514	0.064
48.120	-30.374	0.061
48.140	-30.803	0.064
48.160	-30.852	0.064
48.180	-30.459	0.061
48.200	-29.702	0.063
48.220	-28.515	0.060
48.240	-26.936	0.057
48.260	-24.986	0.054
48.280	-22.725	0.048
48.300	-20.142	0.047
48.320	-17.284	0.040
48.340	-14.217	0.031
48.360	-10.946	0.031
48.380	-7.525	0.020
48.400	-3.991	0.018
48.420	-0.403	0.008
48.440	3.174	0.006
48.460	6.687	-0.005
48.480	10.119	-0.010
48.500	13.460	-0.022
48.520	16.575	-0.022
48.540	19.476	-0.031
48.560	22.129	-0.036
48.580	24.465	-0.040
48.600	26.474	-0.045
48.620	28.123	-0.048
48.640	29.407	-0.054
48.660	30.271	-0.053
48.680	30.750	-0.056
48.700	30.819	-0.056
48.720	30.486	-0.058
48.740	29.729	-0.054
48.760	28.574	-0.057
48.780	27.043	-0.050
48.800	25.174	-0.049
48.820	22.924	-0.047
48.840	20.373	-0.042
48.860	17.558	-0.038
48.880	14.507	-0.030
48.900	11.252	-0.027
48.920	7.869	-0.015
48.940	4.351	-0.018
48.960	0.816	-0.004
48.980	-2.771	-0.003
49.000	-6.300	0.010
49.020	-9.781	0.011
49.040	-13.100	0.023
49.060	-16.221	0.023
49.080	-19.164	0.036
49.100	-21.844	0.036
49.120	-24.213	0.043
49.140	-26.281	0.044
49.160	-27.967	0.051
49.180	-29.294	0.051
49.200	-30.207	0.056
49.220	-30.728	0.054
49.240	-30.868	0.057
49.260	-30.545	0.051
49.280	-29.847	0.055
49.300	-28.751	0.051
49.320	-27.248	0.051
49.340	-25.384	0.043
49.360	-23.176	0.044
49.380	-20.663	0.034
49.400	-17.854	0.035
49.420	-14.824	0.023
49.440	-11.596	0.022
49.460	-8.196	0.010
49.480	-4.684	0.011
49.500	-1.101	-0.007
49.520	2.471	-0.003
49.540	5.994	-0.018
49.560	9.469	-0.015
49.580	12.810	-0.032
49.600	15.974	-0.028
49.620	18.912	-0.041
49.640	21.629	-0.042
49.660	24.030	-0.055
49.680	26.104	-0.050
49.700	27.817	-0.064
49.720	29.176	-0.055
49.740	30.132	-0.068
49.760	30.696	-0.063
49.780	30.857	-0.068
49.800	30.583	-0.065
49.820	29.890	-0.066
49.840	28.827	-0.061
49.860	27.382	-0.064
49.880	25.572	-0.056
49.900	23.391	-0.061
49.920	20.899	-0.047
49.940	18.133	-0.052
49.960	15.114	-0.034
49.980	11.897	-0.037
50.000	8.545	-0.023
50.020	5.076	-0.027
50.040	1.509	-0.011
50.060	-2.062	-0.012
50.080	-5.618	0.005
50.100	-9.099	0.002
50.120	-12.439	0.018
50.140	-15.614	0.014
50.160	-18.611	0.031
50.180	-21.339	0.027
50.200	-23.767	0.042
50.220	-25.883	0.038
50.240	-27.656	0.050
50.260	-29.068	0.044
50.280	-30.078	0.052
50.300	-30.658	0.046
50.320	-30.841	0.056
50.340	-30.642	0.049
50.360	-30.035	0.056
50.380	-28.999	0.046
50.400	-27.581	0.055
50.420	-25.787	0.039
50.440	-23.638	0.047
50.460	-21.194	0.031
50.480	-18.417	0.039
50.500	-15.437	0.020
50.520	-12.257	0.030
50.540	-8.895	0.006
50.560	-5.387	0.021
50.580	-1.815	-0.005
50.600	1.756	0.006
50.620	5.296	-0.016
50.640	8.771	-0.011
50.660	12.166	-0.031
50.680	15.356	-0.027
50.700	18.348	-0.044
50.720	21.108	-0.036
50.740	23.590	-0.051
50.760	25.717	-0.044
50.780	27.511	-0.060
50.800	28.939	-0.051
50.820	29.987	-0.065
50.840	30.615	-0.055
50.860	30.852	-0.065
50.880	30.664	-0.053
50.900	30.073	-0.065
50.920	29.084	-0.053
50.940	27.699	-0.065
50.960	25.953	-0.044
50.980	23.858	-0.060
51.000	21.415	-0.035
51.020	18.697	-0.049
51.040	15.732	-0.023
51.060	12.531	-0.038
51.080	9.206	-0.011
51.100	5.731	-0.027
51.120	2.197	-0.003
51.140	-1.375	-0.007
51.160	-4.925	0.014
51.180	-8.449	0.003
51.200	-11.827	0.025
51.220	-15.034	0.016
51.240	-18.079	0.035
51.260	-20.861	0.035
51.280	-23.359	0.051
51.300	-25.529	0.043
51.320	-27.393	0.060
51.340	-28.891	0.050
51.360	-29.944	0.068
51.380	-30.631	0.056
51.400	-30.862	0.072
51.420	-30.750	0.058
51.440	-30.245	0.072
51.460	-29.299	0.055
51.480	-27.951	0.067
51.500	-26.206	0.047
51.520	-24.132	0.060
51.540	-21.748	0.042
51.560	-19.030	0.052
51.580	-16.092	0.028
51.600	-12.934	0.042
51.620	-9.577	0.016
51.640	-6.107	0.031
51.660	-2.562	0.003
51.680	1.026	0.015
51.700	4.592	-0.010
51.720	8.083	-0.003
51.740	11.494	-0.022
51.760	14.744	-0.011
51.780	17.768	-0.032
51.800	20.577	-0.024
51.820	23.123	-0.042
51.840	25.314	-0.037
51.860	27.194	-0.048
51.880	28.676	-0.042
51.900	29.804	-0.050
51.920	30.519	-0.048
51.940	30.841	-0.052
51.960	30.728	-0.050
51.980	30.229	-0.056
52.000	29.310	-0.047
52.020	27.994	-0.056
52.040	26.329	-0.036
52.060	24.304	-0.052
52.080	21.919	-0.028
52.100	19.255	-0.046
52.120	16.344	-0.018
52.140	13.181	-0.033
52.160	9.872	-0.009
52.180	6.429	-0.021
52.200	2.911	0.006
52.220	-0.666	-0.006
52.240	-4.227	0.022
52.260	-7.756	0.010
52.280	-11.177	0.035
52.300	-14.400	0.023
52.320	-17.483	0.045
52.340	-20.330	0.042
52.360	-22.849	0.052
52.380	-25.110	0.047
52.400	-27.022	0.057
52.420	-28.596	0.053
52.440	-29.740	0.067
52.460	-30.492	0.058
52.480	-30.819	0.067
52.500	-30.787	0.057
52.520	-30.347	0.069
52.540	-29.466	0.056
52.560	-28.193	0.066
52.580	-26.544	0.051
52.600	-24.562	0.061
52.620	-22.209	0.043
52.640	-19.572	0.052
52.660	-16.656	0.031
52.680	-13.557	0.038
52.700	-10.221	0.019
52.720	-6.778	0.029
52.740	-3.233	0.008
52.760	0.333	0.017
52.780	3.905	-0.007
52.800	7.417	0.001
52.820	10.828	-0.016
52.840	14.121	-0.015
52.860	17.198	-0.032
52.880	20.034	-0.027
52.900	22.661	-0.044
52.920	24.906	-0.040
52.940	26.845	-0.049
52.960	28.418	-0.045
52.980	29.622	-0.055
53.000	30.417	-0.052
53.020	30.809	-0.057
53.040	30.792	-0.056
53.060	30.357	-0.062
53.080	29.514	-0.049
53.100	28.284	-0.060
53.120	26.684	-0.046
53.140	24.734	-0.058
53.160	22.419	-0.036
53.180	19.803	-0.047
53.200	16.940	-0.026
53.220	13.831	-0.036
53.240	10.554	-0.015
53.260	7.144	-0.023
53.280	3.625	-0.003
53.300	0.054	-0.014
53.320	-3.513	0.008
53.340	-7.036	0.001
53.360	-10.479	0.023
53.380	-13.761	0.014
53.400	-16.871	0.033
53.420	-19.750	0.031
53.440	-22.344	0.044
53.460	-24.664	0.041
53.480	-26.667	0.050
53.500	-28.300	0.047
53.520	-29.520	0.055
53.540	-30.357	0.051
53.560	-30.771	0.059
53.580	-30.819	0.052
53.600	-30.454	0.055
53.620	-29.670	0.051
53.640	-28.461	0.054
53.660	-26.888	0.046
53.680	-24.954	0.046
53.700	-22.682	0.037
53.720	-20.093	0.040
53.740	-17.236	0.028
53.760	-14.158	0.028
53.780	-10.893	0.011
53.800	-7.482	0.016
53.820	-3.937	-0.000
53.840	-0.365	0.002
53.860	3.223	-0.013
53.880	6.751	-0.011
53.900	10.178	-0.026
53.920	13.487	-0.027
53.940	16.618	-0.041
53.960	19.502	-0.040
53.980	22.177	-0.051
54.000	24.492	-0.048
54.020	26.485	-0.056
54.040	28.134	-0.057
54.060	29.417	-0.067
54.080	30.282	-0.066
54.100	30.755	-0.067
54.120	30.819	-0.066
54.140	30.476	-0.069
54.160	29.718	-0.065
54.180	28.563	-0.065
54.200	27.011	-0.059
54.220	25.153	-0.062
54.240	22.897	-0.056
54.260	20.346	-0.052
54.280	17.526	-0.046
54.300	14.470	-0.043
54.320	11.215	-0.032
54.340	7.804	-0.030
54.360	4.334	-0.019
54.380	0.768	-0.019
54.400	-2.814	-0.006
54.420	-6.343	-0.004
54.440	-9.808	0.009
54.460	-13.116	0.011
54.480	-16.253	0.022
54.500	-19.196	0.023
54.520	-21.855	0.034
54.540	-24.240	0.034
54.560	-26.297	0.043
54.580	-27.983	0.043
54.600	-29.315	0.049
54.620	-30.223	0.048
54.640	-30.723	0.051
54.660	-30.825	0.052
54.680	-30.540	0.051
54.700	-29.847	0.053
54.720	-28.741	0.047
54.740	-27.221	0.051
54.760	-25.357	0.040
54.780	-23.155	0.043
54.800	-20.636	0.032
54.820	-17.821	0.031
54.840	-14.792	0.024
54.860	-11.553	0.021
54.880	-8.148	0.011
54.900	-4.641	0.009
54.920	-1.080	-0.002
54.940	2.503	-0.005
54.960	6.048	-0.012
54.980	9.501	-0.020
55.000	12.848	-0.026
55.020	16.000	-0.033
55.040	18.960	-0.038
55.060	21.672	-0.046
55.080	24.062	-0.048
55.100	26.120	-0.048
55.120	27.844	-0.060
55.140	29.192	-0.053
55.160	30.153	-0.065
55.180	30.696	-0.056
55.200	30.852	-0.067
55.220	30.578	-0.056
55.240	29.879	-0.065
55.260	28.821	-0.054
55.280	27.350	-0.060
55.300	25.550	-0.050
55.320	23.364	-0.056
55.340	20.856	-0.040
55.360	18.095	-0.048
55.380	15.093	-0.029
55.400	11.859	-0.035
55.420	8.497	-0.019
55.440	5.000	-0.023
55.460	1.466	-0.004
55.480	-2.122	-0.007
55.500	-5.677	0.006
55.520	-9.163	0.010
55.540	-12.504	0.022
55.560	-15.684	0.018
55.580	-18.665	0.034
55.600	-21.404	0.029
55.620	-23.842	0.045
55.640	-25.953	0.043
55.660	-27.726	0.051
55.680	-29.133	0.053
55.700	-30.126	0.060
55.720	-30.690	0.060
55.740	-30.857	0.064
55.760	-30.685	0.060
55.780	-30.062	0.064
55.800	-29.025	0.051
55.820	-27.597	0.060
55.840	-25.797	0.047
55.860	-23.654	0.052
55.880	-21.194	0.039
55.900	-18.434	0.043
55.920	-15.447	0.026
55.940	-12.241	0.038
55.960	-8.852	0.015
55.980	-5.376	0.026
56.000	-1.799	0.004
56.020	1.767	0.014
56.040	5.328	-0.011
56.060	8.814	0.002
56.080	12.176	-0.026
56.100	15.388	-0.013
56.120	18.380	-0.034
56.140	21.135	-0.025
56.160	23.611	-0.047
56.180	25.728	-0.031
56.200	27.532	-0.055
56.220	28.950	-0.036
56.240	29.992	-0.060
56.260	30.621	-0.046
56.280	30.846	-0.059
56.300	30.664	-0.048
56.320	30.073	-0.053
56.340	29.068	-0.047
56.360	27.677	-0.050
56.380	25.926	-0.041
56.400	23.821	-0.044
56.420	21.372	-0.036
56.440	18.654	-0.036
56.460	15.705	-0.022
56.480	12.509	-0.024
56.500	9.168	-0.013
56.520	5.715	-0.016
56.540	2.165	0.003
56.560	-1.407	-0.001
56.580	-4.974	0.018
56.600	-8.476	0.011
56.620	-11.854	0.037
56.640	-15.066	0.020
56.660	-18.084	0.048
56.680	-20.883	0.033
56.700	-23.354	0.060
56.720	-25.550	0.044
56.740	-27.376	0.064
56.760	-28.864	0.047
56.780	-29.928	0.072
56.800	-30.610	0.053
56.820	-30.878	0.069
56.840	-30.728	0.055
56.860	-30.191	0.072
56.880	-29.256	0.052
56.900	-27.892	0.064
56.920	-26.163	0.051
56.940	-24.079	0.057
56.960	-21.683	0.041
56.980	-18.965	0.050
57.000	-16.022	0.035
57.020	-12.875	0.035
57.040	-9.518	0.023
57.060	-6.032	0.026
57.080	-2.481	0.008
57.100	1.090	0.013
57.120	4.635	-0.007
57.140	8.137	-0.003
57.160	11.532	-0.025
57.180	14.787	-0.014
57.200	17.827	-0.035
57.220	20.620	-0.024
57.240	23.160	-0.052
57.260	25.341	-0.033
57.280	27.205	-0.060
57.300	28.698	-0.035
57.320	29.815	-0.068
57.340	30.535	-0.044
57.360	30.841	-0.070
57.380	30.723	-0.046
57.400	30.229	-0.069
57.420	29.299	-0.048
57.440	27.994	-0.064
57.460	26.302	-0.040
57.480	24.293	-0.057
57.500	21.898	-0.036
57.520	19.229	-0.052
57.540	16.323	-0.027
57.560	13.170	-0.035
57.580	9.856	-0.017
57.600	6.413	-0.026
57.620	2.879	-0.007
57.640	-0.687	-0.011
57.660	-4.249	0.009
57.680	-7.767	0.002
57.700	-11.172	0.021
57.720	-14.411	0.014
57.740	-17.472	0.035
57.760	-20.324	0.023
57.780	-22.849	0.047
57.800	-25.104	0.037
57.820	-27.000	0.055
57.840	-28.574	0.043
57.860	-29.713	0.060
57.880	-30.481	0.046
57.900	-30.814	0.062
57.920	-30.766	0.044
57.940	-30.314	0.064
57.960	-29.434	0.041
57.980	-28.171	0.057
58.000	-26.506	0.036
58.020	-24.498	0.052
58.040	-22.145	0.030
58.060	-19.502	0.045
58.080	-16.607	0.018
58.100	-13.503	0.028
58.120	-10.167	0.007
58.140	-6.730	0.022
58.160	-3.174	-0.004
58.180	0.403	0.005
58.200	3.958	-0.015
58.220	7.471	-0.008
58.240	10.882	-0.030
58.260	14.169	-0.028
58.280	17.241	-0.042
58.300	20.099	-0.040
58.320	22.693	-0.053
58.340	24.938	-0.046
58.360	26.882	-0.065
58.380	28.440	-0.054
58.400	29.638	-0.069
58.420	30.422	-0.059
58.440	30.814	-0.072
58.460	30.787	-0.061
58.480	30.357	-0.073
58.500	29.514	-0.058
58.520	28.284	-0.073
58.540	26.673	-0.051
58.560	24.712	-0.068
58.580	22.381	-0.048
58.600	19.776	-0.060
58.620	16.908	-0.037
58.640	13.809	-0.050
58.660	10.533	-0.023
58.680	7.106	-0.037
58.700	3.588	-0.014
58.720	0.038	-0.023
58.740	-3.550	0.001
58.760	-7.074	-0.009
58.780	-10.511	0.014
58.800	-13.798	0.006
58.820	-16.892	0.025
58.840	-19.776	0.021
58.860	-22.387	0.032
58.880	-24.686	0.033
58.900	-26.657	0.044
58.920	-28.306	0.041
58.940	-29.541	0.049
58.960	-30.357	0.049
58.980	-30.766	0.054
59.000	-30.803	0.051
59.020	-30.433	0.052
59.040	-29.632	0.047
59.060	-28.445	0.048
59.080	-26.855	0.045
59.100	-24.911	0.040
59.120	-22.650	0.037
59.140	-20.061	0.036
59.160	-17.193	0.026
59.180	-14.131	0.023
59.200	-10.850	0.012
59.220	-7.423	0.012
59.240	-3.899	0.002
59.260	-0.322	-0.001
59.280	3.260	-0.012
59.300	6.778	-0.015
59.320	10.216	-0.023
59.340	13.530	-0.028
59.360	16.645	-0.036
59.380	19.535	-0.044
59.400	22.193	-0.046
59.420	24.530	-0.052
59.440	26.533	-0.055
59.460	28.161	-0.056
59.480	29.434	-0.062
59.500	30.293	-0.059
59.520	30.771	-0.069
59.540	30.819	-0.063
59.560	30.476	-0.065
59.580	29.708	-0.060
59.600	28.553	-0.067
59.620	27.011	-0.053
59.640	25.126	-0.061
59.660	22.870	-0.046
59.680	20.319	-0.048
59.700	17.494	-0.037
59.720	14.427	-0.036
59.740	11.172	-0.029
59.760	7.767	-0.022
59.780	4.259	-0.018
59.800	0.720	-0.009
59.820	-2.868	-0.005
59.840	-6.402	0.005
59.860	-9.861	0.008
59.880	-13.175	0.017
59.900	-16.317	0.020
59.920	-19.266	0.031
59.940	-21.914	0.035
59.960	-24.299	0.044
59.980	-26.345	0.047
60.000	-28.053	0.046
60.020	-29.375	0.053
60.040	-30.261	0.052
60.060	-30.776	0.061
60.080	-30.852	0.054
60.100	-30.572	0.064
60.120	-29.890	0.052
60.140	-28.762	0.057
60.160	-27.242	0.047
60.180	-25.341	0.052
60.200	-23.176	0.043
60.220	-20.636	0.045
60.240	-17.805	0.036
60.260	-14.781	0.035
60.280	-11.537	0.026
60.300	-8.143	0.018
60.320	-4.619	0.018
60.340	-1.058	0.005
60.360	2.519	0.005
60.380	6.069	-0.010
60.400	9.523	-0.006
60.420	12.891	-0.025
60.440	16.043	-0.018
60.460	18.981	-0.035
60.480	21.694	-0.030
60.500	24.084	-0.043
60.520	26.146	-0.039
60.540	27.865	-0.052
60.560	29.208	-0.045
60.580	30.159	-0.056
60.600	30.707	-0.049
60.620	30.852	-0.056
60.640	30.578	-0.051
60.660	29.879	-0.051
60.680	28.805	-0.052
60.700	27.328	-0.048
60.720	25.523	-0.044
60.740	23.337	-0.043
60.760	20.840	-0.036
60.780	18.068	-0.036
60.800	15.055	-0.023
60.820	11.816	-0.025
60.840	8.443	-0.015
60.860	4.974	-0.011
60.880	1.429	-0.003
60.900	-2.159	0.002
60.920	-5.726	0.015
60.940	-9.195	0.015
60.960	-12.536	0.028
60.980	-15.710	0.026
61.000	-18.686	0.043
61.020	-21.415	0.040
61.040	-23.837	0.055
61.060	-25.948	0.047
61.080	-27.731	0.060
61.100	-29.117	0.053
61.120	-30.105	0.067
61.140	-30.674	0.056
61.160	-30.873	0.071
61.180	-30.653	0.055
61.200	-30.046	0.069
61.220	-28.982	0.051
61.240	-27.564	0.065
61.260	-25.733	0.046
61.280	-23.601	0.058
61.300	-21.135	0.039
61.320	-18.369	0.049
61.340	-15.377	0.031
61.360	-12.182	0.035
61.380	-8.798	0.018
61.400	-5.301	0.026
61.420	-1.740	0.004
61.440	1.848	0.009
61.460	5.387	-0.012
61.480	8.857	-0.006
61.500	12.235	-0.025
61.520	15.437	-0.019
61.540	18.423	-0.034
61.560	21.178	-0.030
61.580	23.644	-0.047
61.600	25.765	-0.042
61.620	27.559	-0.055
61.640	28.966	-0.048
61.660	29.998	-0.061
61.680	30.631	-0.052
61.700	30.852	-0.062
61.720	30.669	-0.052
61.740	30.067	-0.063
61.760	29.052	-0.050
61.780	27.650	-0.064
61.800	25.916	-0.042
61.820	23.805	-0.059
61.840	21.366	-0.035
61.860	18.638	-0.052
61.880	15.678	-0.021
61.900	12.493	-0.040
61.920	9.142	-0.011
61.940	5.683	-0.029
61.960	2.138	-0.000
61.980	-1.429	-0.011
62.000	-4.990	0.012
62.020	-8.481	0.002
62.040	-11.865	0.025
62.060	-15.077	0.012
62.080	-18.095	0.034
62.100	-20.867	0.030
62.120	-23.359	0.045
62.140	-25.523	0.042
62.160	-27.366	0.052
62.180	-28.843	0.047
62.200	-29.922	0.058
62.220	-30.583	0.048
62.240	-30.841	0.058
62.260	-30.696	0.049
62.280	-30.169	0.059
62.300	-29.203	0.044
62.320	-27.844	0.060
62.340	-26.109	0.038
62.360	-24.025	0.053
62.380	-21.635	0.029
62.400	-18.912	0.044
62.420	-15.958	0.015
62.440	-12.815	0.033
62.460	-9.448	0.002
62.480	-5.994	0.022
62.500	-2.422	-0.011
62.520	1.144	0.010
62.540	4.700	-0.029
62.560	8.191	-0.008
62.580	11.580	-0.039
62.600	14.830	-0.024
62.620	17.854	-0.047
62.640	20.663	-0.039
62.660	23.187	-0.061
62.680	25.373	-0.048
62.700	27.248	-0.069
62.720	28.714	-0.053
62.740	29.826	-0.071
62.760	30.535	-0.061
62.780	30.852	-0.073
62.800	30.728	-0.064
62.820	30.207	-0.074
62.840	29.283	-0.060
62.860	27.967	-0.073
62.880	26.281	-0.052
62.900	24.261	-0.069
62.920	21.866	-0.046
62.940	19.196	-0.061
62.960	16.285	-0.036
62.980	13.127	-0.050
63.000	9.824	-0.025
63.020	6.381	-0.036
63.040	2.836	-0.010
63.060	-0.709	-0.026
63.080	-4.286	0.002
63.100	-7.799	-0.013
63.120	-11.215	0.018
63.140	-14.443	-0.000
63.160	-17.504	0.032
63.180	-20.335	0.014
63.200	-22.897	0.042
63.220	-25.126	0.026
63.240	-27.027	0.048
63.260	-28.585	0.035
63.280	-29.713	0.055
63.300	-30.486	0.036
63.320	-30.814	0.058
63.340	-30.750	0.038
63.360	-30.288	0.059
63.380	-29.417	0.036
63.400	-28.155	0.057
63.420	-26.485	0.032
63.440	-24.471	0.045
63.460	-22.118	0.026
63.480	-19.476	0.037
63.500	-16.564	0.016
63.520	-13.465	0.026
63.540	-10.125	0.005
63.560	-6.682	0.013
63.580	-3.137	-0.006
63.600	0.430	0.004
63.620	3.996	-0.019
63.640	7.520	-0.015
63.660	10.930	-0.028
63.680	14.201	-0.028
63.700	17.273	-0.042
63.720	20.120	-0.041
63.740	22.725	-0.057
63.760	24.970	-0.047
63.780	26.888	-0.061
63.800	28.451	-0.056
63.820	29.654	-0.069
63.840	30.433	-0.059
63.860	30.819	-0.073
63.880	30.787	-0.058
63.900	30.352	-0.074
63.920	29.498	-0.055
63.940	28.263	-0.074
63.960	26.630	-0.049
63.980	24.686	-0.068
64.000	22.354	-0.040
64.020	19.755	-0.057
64.040	16.865	-0.032
64.060	13.755	-0.047
64.080	10.468	-0.021
64.100	7.058	-0.032
64.120	3.534	-0.011
64.140	-0.021	-0.015
64.160	-3.620	0.002
64.180	-7.133	0.001
64.200	-10.565	0.014
64.220	-13.847	0.010
64.240	-16.951	0.026
64.260	-19.835	0.028
64.280	-22.446	0.039
64.300	-24.745	0.039
64.320	-26.732	0.046
64.340	-28.349	0.046
64.360	-29.589	0.058
64.380	-30.427	0.048
64.400	-30.814	0.056
64.420	-30.835	0.048
64.440	-30.470	0.061
64.460	-29.670	0.047
64.480	-28.483	0.061
64.500	-26.888	0.041
64.520	-24.938	0.053
64.540	-22.655	0.036
64.560	-20.050	0.047
64.580	-17.209	0.023
64.600	-14.126	0.038
64.620	-10.839	0.013
64.640	-7.407	0.025
64.660	-3.867	0.002
64.680	-0.312	0.010
64.700	3.287	-0.006
64.720	6.816	-0.007
64.740	10.237	-0.019
64.760	13.562	-0.019
64.780	16.672	-0.028
64.800	19.562	-0.034
64.820	22.226	-0.038
64.840	24.535	-0.040
64.860	26.539	-0.044
64.880	28.166	-0.048
64.900	29.444	-0.052
64.920	30.309	-0.055
64.940	30.766	-0.054
64.960	30.819	-0.053
64.980	30.465	-0.054
65.000	29.686	-0.051
65.020	28.531	-0.057
65.040	26.974	-0.044
65.060	25.110	-0.052
65.080	22.838	-0.036
65.100	20.276	-0.043
65.120	17.451	-0.027
65.140	14.378	-0.033
65.160	11.129	-0.018
65.180	7.724	-0.023
65.200	4.232	-0.007
65.220	0.666	-0.012
65.240	-2.906	0.012
65.260	-6.445	0.005
65.280	-9.904	0.022
65.300	-13.208	0.020
65.320	-16.360	0.032
65.340	-19.288	0.035
65.360	-21.941	0.041
65.380	-24.310	0.045
65.400	-26.345	0.052
65.420	-28.064	0.055
65.440	-29.369	0.055
65.460	-30.271	0.060
65.480	-30.728	0.056
65.500	-30.852	0.064
65.520	-30.540	0.061
65.540	-29.847	0.062
65.560	-28.719	0.054
65.580	-27.194	0.059
65.600	-25.335	0.047
65.620	-23.128	0.050
65.640	-20.582	0.040
65.660	-17.762	0.036
65.680	-14.728	0.027
65.700	-11.467	0.030
65.720	-8.073	0.022
65.740	-4.565	0.017
65.760	-0.988	0.005
65.780	2.589	0.002
65.800	6.128	-0.008
65.820	9.582	-0.014
65.840	12.923	-0.027
65.860	16.076	-0.024
65.880	19.019	-0.034
65.900	21.726	-0.036
65.920	24.122	-0.047
65.940	26.179	-0.044
65.960	27.892	-0.051
65.980	29.229	-0.050
66.000	30.169	-0.062
66.020	30.717	-0.055
66.040	30.846	-0.063
66.060	30.578	-0.056
66.080	29.874	-0.063
66.100	28.800	-0.056
66.120	27.328	-0.056
66.140	25.507	-0.053
66.160	23.321	-0.048
66.180	20.818	-0.042
66.200	18.025	-0.044
66.220	15.028	-0.034
66.240	11.790	-0.036
66.260	8.438	-0.020
66.280	4.952	-0.026
66.300	1.386	-0.007
66.320	-2.186	-0.012
66.340	-5.720	0.006
66.360	-9.217	0.007
66.380	-12.552	0.021
66.400	-15.716	0.016
66.420	-18.708	0.033
66.440	-21.420	0.031
66.460	-23.853	0.040
66.480	-25.948	0.042
66.500	-27.720	0.048
66.520	-29.106	0.048
66.540	-30.083	0.051
66.560	-30.658	0.051
66.580	-30.852	0.056
66.600	-30.599	0.055
66.620	-29.992	0.053
66.640	-28.950	0.047
66.660	-27.516	0.051
66.680	-25.679	0.039
66.700	-23.568	0.045
66.720	-21.092	0.030
66.740	-18.315	0.035
66.760	-15.318	0.019
66.780	-12.123	0.022
66.800	-8.739	0.007
66.820	-5.248	0.012
66.840	-1.687	-0.012
66.860	1.896	0.002
66.880	5.446	-0.027
66.900	8.905	-0.015
66.920	12.278	-0.040
66.940	15.479	-0.028
66.960	18.460	-0.053
66.980	21.227	-0.039
67.000	23.670	-0.062
67.020	25.797	-0.048
67.040	27.570	-0.071
67.060	28.988	-0.056
67.080	30.003	-0.077
67.100	30.631	-0.065
67.120	30.846	-0.077
67.140	30.664	-0.065
67.160	30.057	-0.073
67.180	29.042	-0.066
67.200	27.640	-0.073
67.220	25.894	-0.062
67.240	23.789	-0.066
67.260	21.323	-0.054
67.280	18.600	-0.058
67.300	15.635	-0.042
67.320	12.445	-0.048
67.340	9.099	-0.032
67.360	5.640	-0.036
67.380	2.105	-0.019
67.400	-1.466	-0.022
67.420	-5.017	-0.002
67.440	-8.535	-0.008
67.460	-11.897	0.011
67.480	-15.093	-0.001
67.500	-18.127	0.026
67.520	-20.899	0.011
67.540	-23.375	0.039
67.560	-25.540	0.021
67.580	-27.393	0.047
67.600	-28.859	0.030
67.620	-29.912	0.053
67.640	-30.588	0.033
67.660	-30.809	0.053
67.680	-30.690	0.033
67.700	-30.148	0.055
67.720	-29.187	0.033
67.740	-27.806	0.050
67.760	-26.077	0.026
67.780	-23.998	0.045
67.800	-21.592	0.022
67.820	-18.874	0.033
67.840	-15.915	0.013
67.860	-12.778	0.022
67.880	-9.416	0.002
67.900	-5.951	0.007
67.920	-2.396	-0.009
67.940	1.187	-0.006
67.960	4.748	-0.024
67.980	8.229	-0.020
68.000	11.628	-0.036
68.020	14.856	-0.032
68.040	17.902	-0.047
68.060	20.695	-0.044
68.080	23.225	-0.059
68.100	25.400	-0.049
68.120	27.258	-0.071
68.140	28.741	-0.054
68.160	29.858	-0.079
68.180	30.545	-0.057
68.200	30.846	-0.081
68.220	30.723	-0.058
68.240	30.202	-0.080
68.260	29.267	-0.056
68.280	27.940	-0.077
68.300	26.265	-0.052
68.320	24.224	-0.070
68.340	21.823	-0.043
68.360	19.164	-0.064
68.380	16.242	-0.035
68.400	13.079	-0.048
68.420	9.770	-0.025
68.440	6.311	-0.035
68.460	2.788	-0.015
68.480	-0.773	-0.019
68.500	-4.345	-0.003
68.520	-7.874	-0.005
68.540	-11.279	0.011
68.560	-14.518	0.004
68.580	-17.580	0.025
68.600	-20.410	0.019
68.620	-22.972	0.036
68.640	-25.185	0.031
68.660	-27.086	0.045
68.680	-28.644	0.039
68.700	-29.777	0.050
68.720	-30.535	0.043
68.740	-30.841	0.054
68.760	-30.792	0.040
68.780	-30.325	0.055
68.800	-29.455	0.038
68.820	-28.161	0.053
68.840	-26.490	0.035
68.860	-24.471	0.048
68.880	-22.140	0.030
68.900	-19.486	0.039
68.920	-16.575	0.019
68.940	-13.455	0.026
68.960	-10.119	0.013
68.980	-6.687	0.014
69.000	-3.121	-0.002
69.020	0.446	0.002
69.040	4.018	-0.011
69.060	7.530	-0.016
69.080	10.952	-0.027
69.100	14.228	-0.029
69.120	17.306	-0.037
69.140	20.147	-0.039
69.160	22.747	-0.046
69.180	24.992	-0.046
69.200	26.920	-0.056
69.220	28.472	-0.049
69.240	29.659	-0.061
69.260	30.438	-0.053
69.280	30.825	-0.065
69.300	30.776	-0.052
69.320	30.341	-0.063
69.340	29.482	-0.048
69.360	28.247	-0.059
69.380	26.614	-0.045
69.400	24.659	-0.054
69.420	22.322	-0.040
69.440	19.701	-0.046
69.460	16.838	-0.028
69.480	13.712	-0.035
69.500	10.425	-0.017
69.520	7.015	-0.019
69.540	3.486	-0.006
69.560	-0.081	-0.007
69.580	-3.652	0.008
69.600	-7.170	0.010
69.620	-10.624	0.022
69.640	-13.874	0.022
69.660	-16.973	0.037
69.680	-19.868	0.033
69.700	-22.473	0.048
69.720	-24.777	0.042
69.740	-26.737	0.055
69.760	-28.359	0.055
69.780	-29.573	0.060
69.800	-30.417	0.061
69.820	-30.803	0.063
69.840	-30.814	0.060
69.860	-30.443	0.062
69.880	-29.643	0.060
69.900	-28.451	0.061
69.920	-26.839	0.058
69.940	-24.874	0.049
69.960	-22.596	0.047
69.980	-20.007	0.042
70.000	-17.145	0.039
70.020	-14.062	0.029
70.040	-10.780	0.027
70.060	-7.348	0.020
70.080	-3.813	0.016
70.100	-0.252	0.009
70.120	3.325	-0.003
70.140	6.875	-0.008
70.160	10.286	-0.016
70.180	13.600	-0.019
70.200	16.715	-0.029
70.220	19.615	-0.033
70.240	22.263	-0.042
70.260	24.567	-0.039
70.280	26.555	-0.052
70.300	28.193	-0.048
70.320	29.455	-0.061
70.340	30.320	-0.052
70.360	30.766	-0.061
70.380	30.825	-0.057
70.400	30.465	-0.058
70.420	29.670	-0.057
70.440	28.521	-0.056
70.460	26.952	-0.054
70.480	25.072	-0.049
70.500	22.827	-0.051
70.520	20.249	-0.043
70.540	17.440	-0.041
70.560	14.357	-0.032
70.580	11.113	-0.030
70.600	7.697	-0.018
70.620	4.211	-0.021
70.640	0.645	-0.009
70.660	-2.933	-0.005
70.680	-6.483	0.005
70.700	-9.931	0.012
70.720	-13.245	0.017
70.740	-16.355	0.027
70.760	-19.288	0.029
70.780	-21.968	0.037
70.800	-24.304	0.039
70.820	-26.356	0.046
70.840	-28.037	0.045
70.860	-29.342	0.052
70.880	-30.250	0.051
70.900	-30.723	0.054
70.920	-30.830	0.050
70.940	-30.513	0.053
70.960	-29.799	0.052
70.980	-28.687	0.052
71.000	-27.151	0.050
71.020	-25.271	0.039
71.040	-23.053	0.040
71.060	-20.523	0.033
71.080	-17.703	0.032
71.100	-14.674	0.024
71.120	-11.414	0.022
71.140	-8.014	0.009
71.160	-4.496	0.011
71.180	-0.929	-0.006
71.200	2.643	-0.002
71.220	6.182	-0.023
71.240	9.625	-0.017
71.260	12.966	-0.035
71.280	16.129	-0.031
71.300	19.057	-0.048
71.320	21.758	-0.045
71.340	24.138	-0.056
71.360	26.195	-0.054
71.380	27.908	-0.064
71.400	29.240	-0.063
71.420	30.169	-0.070
