0.000	-26.120	0.059
0.020	-27.887	0.072
0.040	-29.246	0.074
0.060	-30.186	0.082
0.080	-30.707	0.080
0.100	-30.852	0.084
0.120	-30.556	0.081
0.140	-29.863	0.087
0.160	-28.741	0.076
0.180	-27.210	0.078
0.200	-25.298	0.070
0.220	-23.090	0.069
0.240	-20.523	0.059
0.260	-17.666	0.057
0.280	-14.604	0.047
0.300	-11.317	0.041
0.320	-7.869	0.027
0.340	-4.308	0.025
0.360	-0.698	0.005
0.380	2.906	0.006
0.400	6.483	-0.015
0.420	9.953	-0.014
0.440	13.310	-0.033
0.460	16.484	-0.030
0.480	19.417	-0.052
0.500	22.107	-0.047
0.520	24.460	-0.064
0.540	26.479	-0.062
0.560	28.150	-0.080
0.580	29.434	-0.073
0.600	30.298	-0.088
0.620	30.771	-0.077
0.640	30.803	-0.094
0.660	30.443	-0.081
0.680	29.643	-0.089
0.700	28.456	-0.084
0.720	26.872	-0.081
0.740	24.927	-0.075
0.760	22.618	-0.073
0.780	20.002	-0.065
0.800	17.128	-0.061
0.820	14.002	-0.051
0.840	10.694	-0.047
0.860	7.251	-0.033
0.880	3.701	-0.027
0.900	0.107	-0.012
0.920	-3.507	-0.007
0.940	-7.063	0.006
0.960	-10.560	0.010
0.980	-13.852	0.027
1.000	-16.989	0.026
1.020	-19.895	0.048
1.040	-22.505	0.044
1.060	-24.820	0.062
1.080	-26.812	0.055
1.100	-28.429	0.075
1.120	-29.627	0.070
1.140	-30.422	0.086
1.160	-30.787	0.075
1.180	-30.792	0.089
1.200	-30.368	0.075
1.220	-29.520	0.089
1.240	-28.230	0.076
1.260	-26.592	0.082
1.280	-24.557	0.069
1.300	-22.220	0.075
1.320	-19.540	0.058
1.340	-16.607	0.056
1.360	-13.455	0.043
1.380	-10.087	0.043
1.400	-6.617	0.028
1.420	-3.029	0.022
1.440	0.596	0.010
1.460	4.200	0.003
1.480	7.740	-0.010
1.500	11.177	-0.013
1.520	14.459	-0.026
1.540	17.563	-0.030
1.560	20.416	-0.048
1.580	22.994	-0.052
1.600	25.228	-0.060
1.620	27.135	-0.064
1.640	28.649	-0.073
1.660	29.804	-0.071
1.680	30.513	-0.081
1.700	30.830	-0.077
1.720	30.723	-0.084
1.740	30.191	-0.076
1.760	29.256	-0.082
1.780	27.924	-0.076
1.800	26.206	-0.076
1.820	24.138	-0.069
1.840	21.694	-0.067
1.860	18.992	-0.063
1.880	16.027	-0.058
1.900	12.810	-0.042
1.920	9.464	-0.034
1.940	5.967	-0.025
1.960	2.374	-0.015
1.980	-1.225	-0.004
2.000	-4.823	0.010
2.020	-8.379	0.018
2.040	-11.800	0.026
2.060	-15.023	0.034
2.080	-18.084	0.043
2.100	-20.910	0.052
2.120	-23.418	0.060
2.140	-25.620	0.067
2.160	-27.473	0.073
2.180	-28.950	0.078
2.200	-30.008	0.083
2.220	-30.653	0.086
2.240	-30.873	0.094
2.260	-30.723	0.094
2.280	-30.148	0.093
2.300	-29.144	0.093
2.320	-27.720	0.089
2.340	-25.921	0.086
2.360	-23.789	0.081
2.380	-21.312	0.074
2.400	-18.530	0.068
2.420	-15.512	0.064
2.440	-12.289	0.054
2.460	-8.862	0.046
2.480	-5.344	0.031
2.500	-1.740	0.031
2.520	1.880	0.015
2.540	5.473	0.013
2.560	8.970	-0.007
2.580	12.386	-0.006
2.600	15.614	-0.026
2.620	18.605	-0.026
2.640	21.377	-0.038
2.660	23.842	-0.043
2.680	25.958	-0.050
2.700	27.731	-0.059
2.720	29.117	-0.061
2.740	30.105	-0.065
2.760	30.680	-0.067
2.780	30.846	-0.073
2.800	30.583	-0.069
2.820	29.890	-0.075
2.840	28.816	-0.066
2.860	27.333	-0.072
2.880	25.507	-0.056
2.900	23.300	-0.063
2.920	20.765	-0.048
2.940	17.956	-0.049
2.960	14.905	-0.040
2.980	11.634	-0.033
3.000	8.207	-0.021
3.020	4.700	-0.018
3.040	1.096	-0.006
3.060	-2.508	0.002
3.080	-6.091	0.014
3.100	-9.604	0.022
3.120	-12.960	0.034
3.140	-16.140	0.043
3.160	-19.110	0.052
3.180	-21.823	0.058
3.200	-24.224	0.068
3.220	-26.297	0.071
3.240	-28.016	0.079
3.260	-29.342	0.084
3.280	-30.266	0.095
3.300	-30.744	0.089
3.320	-30.873	0.097
3.340	-30.529	0.090
3.360	-29.788	0.097
3.380	-28.649	0.089
3.400	-27.081	0.094
3.420	-25.174	0.078
3.440	-22.902	0.080
3.460	-20.303	0.067
3.480	-17.451	0.066
3.500	-14.346	0.053
3.520	-11.043	0.050
3.540	-7.589	0.038
3.560	-4.028	0.027
3.580	-0.430	0.021
3.600	3.196	0.006
3.620	6.768	0.002
3.640	10.232	-0.014
3.660	13.573	-0.019
3.680	16.715	-0.033
3.700	19.637	-0.036
3.720	22.317	-0.042
3.740	24.632	-0.052
3.760	26.641	-0.056
3.780	28.263	-0.066
3.800	29.525	-0.068
3.820	30.357	-0.076
3.840	30.787	-0.074
3.860	30.787	-0.085
3.880	30.390	-0.073
3.900	29.568	-0.084
3.920	28.338	-0.071
3.940	26.710	-0.077
3.960	24.750	-0.067
3.980	22.419	-0.069
4.000	19.787	-0.057
4.020	16.892	-0.056
4.040	13.739	-0.044
4.060	10.431	-0.043
4.080	6.966	-0.030
4.100	3.411	-0.021
4.120	-0.183	-0.015
4.140	-3.787	-0.003
4.160	-7.353	0.009
4.180	-10.817	0.014
4.200	-14.104	0.024
4.220	-17.220	0.033
4.240	-20.104	0.043
4.260	-22.704	0.051
4.280	-24.986	0.055
4.300	-26.952	0.059
4.320	-28.526	0.072
4.340	-29.691	0.072
4.360	-30.481	0.080
4.380	-30.803	0.076
4.400	-30.782	0.088
4.420	-30.309	0.080
4.440	-29.412	0.081
4.460	-28.096	0.076
4.480	-26.420	0.076
4.500	-24.379	0.064
4.520	-22.005	0.065
4.540	-19.293	0.055
4.560	-16.344	0.055
4.580	-13.170	0.042
4.600	-9.813	0.035
4.620	-6.311	0.026
4.640	-2.739	0.017
4.660	0.886	0.010
4.680	4.490	-0.007
4.700	7.998	-0.011
4.720	11.457	-0.026
4.740	14.738	-0.031
4.760	17.805	-0.044
4.780	20.625	-0.048
4.800	23.182	-0.057
4.820	25.395	-0.061
4.840	27.264	-0.071
4.860	28.751	-0.077
4.880	29.869	-0.080
4.900	30.551	-0.085
4.920	30.846	-0.081
4.940	30.701	-0.089
4.960	30.126	-0.082
4.980	29.170	-0.090
5.000	27.801	-0.077
5.020	26.061	-0.083
5.040	23.955	-0.073
5.060	21.495	-0.073
5.080	18.772	-0.064
5.100	15.786	-0.056
5.120	12.552	-0.049
5.140	9.195	-0.040
5.160	5.693	-0.032
5.180	2.122	-0.016
5.200	-1.488	-0.019
5.220	-5.070	0.004
5.240	-8.631	0.004
5.260	-12.026	0.027
5.280	-15.249	0.022
5.300	-18.294	0.043
5.320	-21.076	0.037
5.340	-23.579	0.063
5.360	-25.744	0.058
5.380	-27.554	0.073
5.400	-29.015	0.069
5.420	-30.030	0.080
5.440	-30.664	0.080
5.460	-30.846	0.084
5.480	-30.647	0.084
5.500	-30.041	0.080
5.520	-29.015	0.081
5.540	-27.570	0.077
5.560	-25.733	0.079
5.580	-23.579	0.068
5.600	-21.082	0.067
5.620	-18.283	0.059
5.640	-15.243	0.057
5.660	-12.015	0.043
5.680	-8.594	0.037
5.700	-5.060	0.026
5.720	-1.445	0.014
5.740	2.175	0.010
5.760	5.752	-0.004
5.780	9.260	-0.006
5.800	12.654	-0.022
5.820	15.855	-0.023
5.840	18.836	-0.048
5.860	21.586	-0.040
5.880	24.020	-0.061
5.900	26.114	-0.056
5.920	27.844	-0.073
5.940	29.208	-0.064
5.960	30.159	-0.080
5.980	30.701	-0.074
6.000	30.830	-0.083
6.020	30.540	-0.077
6.040	29.815	-0.079
6.060	28.719	-0.081
6.080	27.205	-0.076
6.100	25.352	-0.076
6.120	23.101	-0.065
6.140	20.544	-0.062
6.160	17.708	-0.059
6.180	14.636	-0.044
6.200	11.344	-0.040
6.220	7.933	-0.028
6.240	4.399	-0.021
6.260	0.795	-0.003
6.280	-2.814	0.001
6.300	-6.392	0.016
6.320	-9.910	0.018
6.340	-13.250	0.037
6.360	-16.403	0.034
6.380	-19.363	0.055
6.400	-22.059	0.054
6.420	-24.433	0.069
6.440	-26.496	0.066
6.460	-28.177	0.085
6.480	-29.460	0.080
6.500	-30.363	0.091
6.520	-30.782	0.084
6.540	-30.857	0.099
6.560	-30.535	0.084
6.580	-29.750	0.098
6.600	-28.547	0.083
6.620	-26.963	0.093
6.640	-25.035	0.078
6.660	-22.736	0.084
6.680	-20.131	0.066
6.700	-17.230	0.067
6.720	-14.137	0.056
6.740	-10.817	0.057
6.760	-7.337	0.039
6.780	-3.765	0.039
6.800	-0.140	0.022
6.820	3.464	0.019
6.840	7.025	0.002
6.860	10.490	-0.001
6.880	13.820	-0.019
6.900	16.946	-0.019
6.920	19.841	-0.033
6.940	22.510	-0.035
6.960	24.798	-0.051
6.980	26.786	-0.048
7.000	28.370	-0.064
7.020	29.595	-0.059
7.040	30.400	-0.073
7.060	30.803	-0.067
7.080	30.766	-0.073
7.100	30.336	-0.066
7.120	29.471	-0.073
7.140	28.230	-0.067
7.160	26.571	-0.069
7.180	24.583	-0.055
7.200	22.215	-0.065
7.220	19.556	-0.047
7.240	16.640	-0.047
7.260	13.481	-0.029
7.280	10.151	-0.033
7.300	6.671	-0.014
7.320	3.121	-0.015
7.340	-0.483	-0.002
7.360	-4.087	0.002
7.380	-7.643	0.024
7.400	-11.097	0.021
7.420	-14.378	0.041
7.440	-17.472	0.043
7.460	-20.351	0.055
7.480	-22.918	0.059
7.500	-25.174	0.072
7.520	-27.097	0.071
7.540	-28.644	0.084
7.560	-29.788	0.089
7.580	-30.540	0.091
7.600	-30.862	0.087
7.620	-30.771	0.093
7.640	-30.255	0.089
7.660	-29.348	0.091
7.680	-28.000	0.083
7.700	-26.292	0.084
7.720	-24.208	0.076
7.740	-21.801	0.077
7.760	-19.089	0.065
7.780	-16.097	0.059
7.800	-12.917	0.047
7.820	-9.555	0.048
7.840	-6.032	0.030
7.860	-2.444	0.031
7.880	1.171	0.010
7.900	4.764	0.010
7.920	8.293	-0.011
7.940	11.725	-0.014
7.960	14.980	-0.029
7.980	18.025	-0.031
8.000	20.834	-0.041
8.020	23.375	-0.045
8.040	25.556	-0.056
8.060	27.387	-0.064
8.080	28.859	-0.069
8.100	29.933	-0.074
8.120	30.599	-0.073
8.140	30.841	-0.082
8.160	30.664	-0.073
8.180	30.067	-0.084
8.200	29.074	-0.075
8.220	27.667	-0.080
8.240	25.910	-0.073
8.260	23.767	-0.073
8.280	21.296	-0.065
8.300	18.546	-0.061
8.320	15.549	-0.050
8.340	12.294	-0.041
8.360	8.921	-0.037
8.380	5.425	-0.025
8.400	1.826	-0.020
8.420	-1.778	-0.007
8.440	-5.366	0.001
8.460	-8.905	0.013
8.480	-12.284	0.018
8.500	-15.501	0.027
8.520	-18.520	0.038
8.540	-21.302	0.047
8.560	-23.751	0.060
8.580	-25.894	0.056
8.600	-27.688	0.070
8.620	-29.095	0.069
8.640	-30.105	0.080
8.660	-30.658	0.072
8.680	-30.835	0.086
8.700	-30.610	0.074
8.720	-29.960	0.084
8.740	-28.896	0.075
8.760	-27.409	0.079
8.780	-25.572	0.067
8.800	-23.370	0.071
8.820	-20.851	0.055
8.840	-18.042	0.060
8.860	-14.975	0.047
8.880	-11.720	0.039
8.900	-8.293	0.031
8.920	-4.743	0.019
8.940	-1.133	0.014
8.960	2.476	0.002
8.980	6.042	-0.006
9.000	9.528	-0.018
9.020	12.917	-0.029
9.040	16.108	-0.037
9.060	19.073	-0.045
9.080	21.796	-0.054
9.100	24.191	-0.061
9.120	26.254	-0.065
9.140	27.962	-0.077
9.160	29.294	-0.073
9.180	30.223	-0.090
9.200	30.728	-0.075
9.220	30.830	-0.096
9.240	30.497	-0.077
9.260	29.740	-0.092
9.280	28.612	-0.073
9.300	27.076	-0.089
9.320	25.201	-0.071
9.340	22.913	-0.083
9.360	20.340	-0.058
9.380	17.504	-0.069
9.400	14.395	-0.048
9.420	11.097	-0.045
9.440	7.670	-0.035
9.460	4.130	-0.030
9.480	0.526	-0.015
9.500	-3.072	-0.008
9.520	-6.655	0.006
9.540	-10.135	0.012
9.560	-13.455	0.022
9.580	-16.618	0.031
9.600	-19.562	0.046
9.620	-22.215	0.046
9.640	-24.567	0.063
9.660	-26.598	0.059
9.680	-28.268	0.075
9.700	-29.520	0.068
9.720	-30.384	0.088
9.740	-30.787	0.074
9.760	-30.819	0.088
9.780	-30.433	0.073
9.800	-29.632	0.089
9.820	-28.451	0.073
9.840	-26.812	0.084
9.860	-24.831	0.067
9.880	-22.516	0.079
9.900	-19.868	0.055
9.920	-16.962	0.065
9.940	-13.857	0.046
9.960	-10.527	0.042
9.980	-7.052	0.030
10.000	-3.480	0.025
10.020	0.145	0.011
10.040	3.749	0.006
10.060	7.305	-0.007
10.080	10.758	-0.012
10.100	14.083	-0.022
10.120	17.198	-0.029
10.140	20.066	-0.044
10.160	22.704	-0.048
10.180	24.976	-0.059
10.200	26.931	-0.061
10.220	28.478	-0.073
10.240	29.670	-0.069
10.260	30.454	-0.084
10.280	30.819	-0.070
10.300	30.750	-0.088
10.320	30.293	-0.069
10.340	29.380	-0.085
10.360	28.107	-0.070
10.380	26.426	-0.077
10.400	24.417	-0.067
10.420	22.016	-0.069
10.440	19.341	-0.056
10.460	16.387	-0.054
10.480	13.208	-0.042
10.500	9.867	-0.033
10.520	6.392	-0.026
10.540	2.831	-0.013
10.560	-0.795	0.001
10.580	-4.383	0.010
10.600	-7.933	0.018
10.620	-11.381	0.029
10.640	-14.636	0.033
10.660	-17.751	0.048
10.680	-20.587	0.054
10.700	-23.139	0.062
10.720	-25.352	0.068
10.740	-27.253	0.075
10.760	-28.784	0.086
10.780	-29.912	0.083
10.800	-30.599	0.090
10.820	-30.841	0.089
10.840	-30.755	0.093
10.860	-30.245	0.088
10.880	-29.289	0.093
10.900	-27.930	0.083
10.920	-26.168	0.090
10.940	-24.057	0.080
10.960	-21.629	0.082
10.980	-18.890	0.068
11.000	-15.882	0.065
11.020	-12.692	0.056
11.040	-9.292	0.049
11.060	-5.779	0.039
11.080	-2.170	0.030
11.100	1.445	0.020
11.120	5.049	0.009
11.140	8.562	-0.001
11.160	11.972	-0.011
11.180	15.232	-0.020
11.200	18.256	-0.030
11.220	21.044	-0.036
11.240	23.558	-0.043
11.260	25.711	-0.044
11.280	27.527	-0.058
11.300	28.966	-0.057
11.320	29.998	-0.068
11.340	30.626	-0.069
11.360	30.841	-0.072
11.380	30.626	-0.073
11.400	30.008	-0.069
11.420	28.966	-0.074
11.440	27.527	-0.068
11.460	25.744	-0.069
11.480	23.579	-0.060
11.500	21.092	-0.054
11.520	18.315	-0.049
11.540	15.286	-0.042
11.560	12.031	-0.034
11.580	8.631	-0.024
11.600	5.119	-0.018
11.620	1.536	-0.008
11.640	-2.073	-0.007
11.660	-5.656	0.014
11.680	-9.163	0.014
11.700	-12.552	0.036
11.720	-15.748	0.034
11.740	-18.772	0.055
11.760	-21.500	0.052
11.780	-23.939	0.068
11.800	-26.061	0.065
11.820	-27.817	0.079
11.840	-29.219	0.080
11.860	-30.159	0.090
11.880	-30.712	0.083
11.900	-30.868	0.095
11.920	-30.572	0.086
11.940	-29.906	0.091
11.960	-28.811	0.086
11.980	-27.296	0.084
12.000	-25.405	0.084
12.020	-23.171	0.073
12.040	-20.657	0.072
12.060	-17.794	0.062
12.080	-14.738	0.056
12.100	-11.462	0.046
12.120	-8.024	0.039
12.140	-4.469	0.029
12.160	-0.854	0.022
12.180	2.750	0.006
12.200	6.327	-0.003
12.220	9.797	-0.010
12.240	13.165	-0.024
12.260	16.360	-0.029
12.280	19.293	-0.043
12.300	22.011	-0.038
12.320	24.369	-0.061
12.340	26.410	-0.052
12.360	28.085	-0.071
12.380	29.380	-0.065
12.400	30.277	-0.085
12.420	30.750	-0.072
12.440	30.819	-0.086
12.460	30.454	-0.079
12.480	29.675	-0.082
12.500	28.504	-0.078
12.520	26.936	-0.080
12.540	25.019	-0.072
12.560	22.714	-0.072
12.580	20.115	-0.063
12.600	17.263	-0.059
12.620	14.131	-0.048
12.640	10.823	-0.042
12.660	7.396	-0.031
12.680	3.840	-0.023
12.700	0.247	-0.017
12.720	-3.373	-0.008
12.740	-6.934	0.006
12.760	-10.393	0.013
12.780	-13.718	0.025
12.800	-16.854	0.028
12.820	-19.782	0.046
12.840	-22.419	0.046
12.860	-24.729	0.060
12.880	-26.727	0.058
12.900	-28.349	0.073
12.920	-29.584	0.069
12.940	-30.411	0.082
12.960	-30.782	0.073
12.980	-30.798	0.085
13.000	-30.374	0.076
13.020	-29.552	0.084
13.040	-28.300	0.073
13.060	-26.651	0.075
13.080	-24.648	0.066
13.100	-22.301	0.066
13.120	-19.647	0.056
13.140	-16.709	0.055
13.160	-13.583	0.041
13.180	-10.232	0.036
13.200	-6.757	0.028
13.220	-3.174	0.020
13.240	0.440	0.012
13.260	4.050	-0.005
13.280	7.595	-0.012
13.300	11.032	-0.022
13.320	14.362	-0.032
13.340	17.429	-0.036
13.360	20.292	-0.052
13.380	22.892	-0.053
13.400	25.142	-0.064
13.420	27.070	-0.065
13.440	28.601	-0.074
13.460	29.750	-0.075
13.480	30.502	-0.085
13.500	30.835	-0.081
13.520	30.739	-0.087
13.540	30.239	-0.084
13.560	29.294	-0.085
13.580	27.989	-0.084
13.600	26.286	-0.080
13.620	24.240	-0.073
13.640	21.823	-0.072
13.660	19.110	-0.062
13.680	16.151	-0.057
13.700	12.960	-0.049
13.720	9.609	-0.039
13.740	6.118	-0.033
13.760	2.551	-0.022
13.780	-1.053	-0.010
13.800	-4.646	0.001
13.820	-8.202	0.010
13.840	-11.618	0.018
13.860	-14.878	0.030
13.880	-17.956	0.039
13.900	-20.792	0.043
13.920	-23.289	0.054
13.940	-25.480	0.058
13.960	-27.371	0.068
13.980	-28.880	0.070
14.000	-29.944	0.076
14.020	-30.610	0.079
14.040	-30.825	0.082
14.060	-30.728	0.085
14.080	-30.169	0.084
14.100	-29.192	0.077
14.120	-27.785	0.083
14.140	-26.001	0.075
14.160	-23.864	0.079
14.180	-21.398	0.066
14.200	-18.654	0.062
14.220	-15.630	0.055
14.240	-12.413	0.047
14.260	-9.029	0.039
14.280	-5.484	0.029
14.300	-1.891	0.022
14.320	1.729	0.012
14.340	5.317	0.004
14.360	8.825	-0.004
14.380	12.235	-0.015
14.400	15.469	-0.024
14.420	18.477	-0.033
14.440	21.259	-0.049
14.460	23.740	-0.053
14.480	25.867	-0.063
14.500	27.650	-0.065
14.520	29.052	-0.072
14.540	30.062	-0.071
14.560	30.669	-0.077
14.580	30.846	-0.081
14.600	30.610	-0.077
14.620	29.944	-0.081
14.640	28.875	-0.073
14.660	27.398	-0.077
14.680	25.593	-0.065
14.700	23.391	-0.070
14.720	20.872	-0.054
14.740	18.084	-0.063
14.760	15.018	-0.037
14.780	11.757	-0.044
14.800	8.352	-0.019
14.820	4.839	-0.027
14.840	1.235	-0.002
14.860	-2.385	-0.000
14.880	-5.957	0.017
14.900	-9.480	0.020
14.920	-12.832	0.033
14.940	-16.033	0.038
14.960	-19.024	0.051
14.980	-21.737	0.056
15.000	-24.148	0.068
15.020	-26.249	0.073
15.040	-27.983	0.080
15.060	-29.337	0.082
15.080	-30.250	0.085
15.100	-30.739	0.085
15.120	-30.852	0.093
15.140	-30.583	0.089
15.160	-29.847	0.096
15.180	-28.725	0.083
15.200	-27.188	0.093
15.220	-25.276	0.078
15.240	-23.026	0.087
15.260	-20.458	0.066
15.280	-17.590	0.074
15.300	-14.507	0.054
15.320	-11.204	0.059
15.340	-7.772	0.035
15.360	-4.206	0.043
15.380	-0.596	0.018
15.400	3.024	0.025
15.420	6.601	-0.007
15.440	10.071	0.002
15.460	13.417	-0.019
15.480	16.575	-0.019
15.500	19.513	-0.034
15.520	22.204	-0.037
15.540	24.541	-0.047
15.560	26.549	-0.048
15.580	28.193	-0.060
15.600	29.466	-0.062
15.620	30.331	-0.066
15.640	30.776	-0.071
15.660	30.803	-0.073
15.680	30.411	-0.073
15.700	29.595	-0.070
15.720	28.397	-0.071
15.740	26.807	-0.066
15.760	24.852	-0.060
15.780	22.521	-0.061
15.800	19.895	-0.049
15.820	17.016	-0.050
15.840	13.874	-0.034
15.860	10.560	-0.036
15.880	7.111	-0.017
15.900	3.556	-0.023
15.920	-0.038	0.002
15.940	-3.663	0.001
15.960	-7.208	0.024
15.980	-10.678	0.021
16.000	-13.976	0.043
16.020	-17.118	0.039
16.040	-20.007	0.057
16.060	-22.607	0.056
16.080	-24.911	0.071
16.100	-26.882	0.067
16.120	-28.494	0.082
16.140	-29.670	0.082
16.160	-30.470	0.089
16.180	-30.809	0.084
16.200	-30.809	0.093
16.220	-30.347	0.089
16.240	-29.466	0.086
16.260	-28.182	0.081
16.280	-26.506	0.084
16.300	-24.487	0.073
16.320	-22.129	0.075
16.340	-19.422	0.061
16.360	-16.479	0.061
16.380	-13.310	0.047
16.400	-9.947	0.047
16.420	-6.467	0.033
16.440	-2.884	0.029
16.460	0.736	0.010
16.480	4.324	0.008
16.500	7.869	-0.013
16.520	11.306	-0.011
16.540	14.593	-0.032
16.560	17.671	-0.032
16.580	20.507	-0.041
16.600	23.090	-0.048
16.620	25.298	-0.053
16.640	27.199	-0.063
16.660	28.703	-0.071
16.680	29.826	-0.076
16.700	30.540	-0.077
16.720	30.841	-0.081
16.740	30.707	-0.080
16.760	30.180	-0.081
16.780	29.208	-0.081
16.800	27.865	-0.082
16.820	26.146	-0.076
16.840	24.062	-0.074
16.860	21.619	-0.067
16.880	18.890	-0.064
16.900	15.909	-0.054
16.920	12.703	-0.044
16.940	9.346	-0.040
16.960	5.849	-0.030
16.980	2.267	-0.023
17.000	-1.337	-0.014
17.020	-4.925	-0.002
17.040	-8.459	0.011
17.060	-11.875	0.016
17.080	-15.120	0.025
17.100	-18.165	0.037
17.120	-20.969	0.045
17.140	-23.466	0.054
17.160	-25.658	0.057
17.180	-27.495	0.066
17.200	-28.956	0.067
17.220	-29.981	0.076
17.240	-30.626	0.074
17.260	-30.835	0.083
17.280	-30.658	0.080
17.300	-30.078	0.079
17.320	-29.047	0.076
17.340	-27.618	0.074
17.360	-25.808	0.073
17.380	-23.654	0.070
17.400	-21.178	0.062
17.420	-18.385	0.060
17.440	-15.351	0.047
17.460	-12.123	0.039
17.480	-8.701	0.033
17.500	-5.183	0.025
17.520	-1.584	0.017
17.540	2.025	0.002
17.560	5.624	-0.005
17.580	9.115	-0.015
17.600	12.520	-0.024
17.620	15.732	-0.031
17.640	18.729	-0.045
17.660	21.484	-0.047
17.680	23.923	-0.062
17.700	26.034	-0.056
17.720	27.785	-0.075
17.740	29.144	-0.071
17.760	30.121	-0.085
17.780	30.690	-0.077
17.800	30.841	-0.089
17.820	30.578	-0.077
17.840	29.869	-0.087
17.860	28.773	-0.083
17.880	27.269	-0.083
17.900	25.432	-0.074
17.920	23.208	-0.074
17.940	20.663	-0.064
17.960	17.859	-0.062
17.980	14.792	-0.050
18.000	11.510	-0.044
18.020	8.100	-0.035
18.040	4.565	-0.030
18.060	0.967	-0.014
18.080	-2.643	-0.006
18.100	-6.220	0.011
18.120	-9.722	0.011
18.140	-13.073	0.028
18.160	-16.242	0.031
18.180	-19.218	0.047
18.200	-21.914	0.047
18.220	-24.293	0.063
18.240	-26.367	0.061
18.260	-28.080	0.074
18.280	-29.391	0.067
18.300	-30.304	0.086
18.320	-30.750	0.075
18.340	-30.852	0.092
18.360	-30.519	0.079
18.380	-29.788	0.086
18.400	-28.623	0.077
18.420	-27.027	0.084
18.440	-25.104	0.072
18.460	-22.827	0.076
18.480	-20.238	0.062
18.500	-17.354	0.064
18.520	-14.250	0.049
18.540	-10.952	0.047
18.560	-7.471	0.034
18.580	-3.926	0.027
18.600	-0.301	0.016
18.620	3.314	0.011
18.640	6.875	-0.003
18.660	10.329	-0.007
18.680	13.686	-0.023
18.700	16.828	-0.025
18.720	19.744	-0.046
18.740	22.397	-0.044
18.760	24.712	-0.061
18.780	26.705	-0.058
18.800	28.311	-0.069
18.820	29.552	-0.065
18.840	30.384	-0.081
18.860	30.792	-0.070
18.880	30.787	-0.082
18.900	30.357	-0.072
18.920	29.514	-0.081
18.940	28.284	-0.070
18.960	26.641	-0.073
18.980	24.675	-0.065
19.000	22.322	-0.066
19.020	19.674	-0.058
19.040	16.758	-0.051
19.060	13.610	-0.035
19.080	10.275	-0.032
19.100	6.816	-0.020
19.120	3.255	-0.017
19.140	-0.349	0.002
19.160	-3.942	0.006
19.180	-7.520	0.021
19.200	-10.962	0.024
19.220	-14.266	0.040
19.240	-17.375	0.045
19.260	-20.249	0.055
19.280	-22.843	0.061
19.300	-25.104	0.076
19.320	-27.065	0.076
19.340	-28.623	0.087
19.360	-29.761	0.083
19.380	-30.551	0.091
19.400	-30.830	0.087
19.420	-30.782	0.097
19.440	-30.325	0.087
19.460	-29.401	0.093
19.480	-28.091	0.089
19.500	-26.377	0.090
19.520	-24.326	0.082
19.540	-21.946	0.080
19.560	-19.239	0.071
19.580	-16.264	0.068
19.600	-13.084	0.056
19.620	-9.706	0.052
19.640	-6.214	0.038
19.660	-2.621	0.033
19.680	1.004	0.020
19.700	4.603	0.014
19.720	8.126	-0.002
19.740	11.569	-0.008
19.760	14.824	-0.023
19.780	17.902	-0.027
19.800	20.732	-0.036
19.820	23.284	-0.037
19.840	25.470	-0.051
19.860	27.323	-0.050
19.880	28.805	-0.065
19.900	29.901	-0.061
19.920	30.583	-0.070
19.940	30.846	-0.068
19.960	30.680	-0.073
19.980	30.116	-0.069
20.000	29.122	-0.075
20.020	27.731	-0.068
20.040	25.985	-0.067
20.060	23.875	-0.065
20.080	21.404	-0.052
20.100	18.665	-0.054
20.120	15.667	-0.039
20.140	12.439	-0.040
20.160	9.072	-0.024
20.180	5.559	-0.023
20.200	1.977	-0.010
20.220	-1.622	-0.002
20.240	-5.215	0.011
20.260	-8.771	0.019
20.280	-12.155	0.028
20.300	-15.372	0.037
20.320	-18.407	0.047
20.340	-21.189	0.055
20.360	-23.654	0.067
20.380	-25.824	0.071
20.400	-27.634	0.076
20.420	-29.063	0.081
20.440	-30.051	0.083
20.460	-30.664	0.085
20.480	-30.878	0.089
20.500	-30.642	0.089
20.520	-30.019	0.088
20.540	-28.950	0.087
20.560	-27.489	0.086
20.580	-25.658	0.083
20.600	-23.488	0.076
20.620	-20.979	0.068
20.640	-18.165	0.064
20.660	-15.109	0.055
20.680	-11.859	0.048
20.700	-8.454	0.036
20.720	-4.909	0.031
20.740	-1.300	0.014
20.760	2.320	0.014
20.780	5.903	-0.006
20.800	9.389	-0.003
20.820	12.783	-0.025
20.840	15.979	-0.032
20.860	18.944	-0.041
20.880	21.688	-0.046
20.900	24.100	-0.056
20.920	26.189	-0.057
20.940	27.908	-0.070
20.960	29.256	-0.072
20.980	30.180	-0.077
21.000	30.712	-0.078
21.020	30.825	-0.081
21.040	30.535	-0.085
21.060	29.804	-0.081
21.080	28.671	-0.085
21.100	27.140	-0.076
21.120	25.282	-0.073
21.140	23.015	-0.073
21.160	20.453	-0.065
21.180	17.623	-0.065
21.200	14.534	-0.046
21.220	11.247	-0.048
21.240	7.815	-0.029
21.260	4.286	-0.029
21.280	0.693	-0.015
21.300	-2.927	-0.011
21.320	-6.483	0.006
21.340	-9.996	0.010
21.360	-13.320	0.026
21.380	-16.489	0.025
21.400	-19.438	0.044
21.420	-22.107	0.042
21.440	-24.476	0.061
21.460	-26.506	0.059
21.480	-28.182	0.069
21.500	-29.455	0.070
21.520	-30.325	0.080
21.540	-30.766	0.075
21.560	-30.830	0.082
21.580	-30.438	0.076
21.600	-29.665	0.080
21.620	-28.461	0.071
21.640	-26.866	0.076
21.660	-24.917	0.068
21.680	-22.607	0.067
21.700	-19.986	0.055
21.720	-17.075	0.058
21.740	-13.976	0.043
21.760	-10.640	0.039
21.780	-7.176	0.026
21.800	-3.609	0.019
21.820	0.000	0.006
21.840	3.615	0.003
21.860	7.154	-0.015
21.880	10.624	-0.016
21.900	13.943	-0.032
21.920	17.069	-0.035
21.940	19.964	-0.050
21.960	22.596	-0.055
21.980	24.884	-0.061
22.000	26.850	-0.068
22.020	28.435	-0.074
22.040	29.638	-0.077
22.060	30.422	-0.078
22.080	30.814	-0.086
22.100	30.760	-0.085
22.120	30.314	-0.085
22.140	29.434	-0.082
22.160	28.171	-0.086
22.180	26.506	-0.076
22.200	24.508	-0.075
22.220	22.134	-0.073
22.240	19.449	-0.061
22.260	16.527	-0.060
22.280	13.358	-0.045
22.300	10.017	-0.044
22.320	6.558	-0.027
22.340	2.981	-0.025
22.360	-0.602	-0.010
22.380	-4.232	0.001
22.400	-7.767	0.007
22.420	-11.226	0.018
22.440	-14.491	0.030
22.460	-17.601	0.039
22.480	-20.442	0.046
22.500	-23.010	0.055
22.520	-25.271	0.063
22.540	-27.172	0.067
22.560	-28.725	0.070
22.580	-29.842	0.082
22.600	-30.572	0.078
22.620	-30.846	0.082
22.640	-30.766	0.084
22.660	-30.261	0.084
22.680	-29.315	0.082
22.700	-27.973	0.080
22.720	-26.243	0.081
22.740	-24.154	0.077
22.760	-21.742	0.071
22.780	-18.998	0.064
22.800	-16.006	0.055
22.820	-12.837	0.047
22.840	-9.442	0.043
22.860	-5.930	0.027
22.880	-2.331	0.025
22.900	1.284	0.011
22.920	4.877	0.005
22.940	8.390	-0.009
22.960	11.843	-0.011
22.980	15.082	-0.021
23.000	18.127	-0.031
23.020	20.937	-0.043
23.040	23.456	-0.054
23.060	25.625	-0.056
23.080	27.457	-0.065
23.100	28.902	-0.063
23.120	29.965	-0.076
23.140	30.615	-0.068
23.160	30.846	-0.081
23.180	30.658	-0.070
23.200	30.046	-0.081
23.220	29.031	-0.069
23.240	27.597	-0.081
23.260	25.835	-0.062
23.280	23.687	-0.068
23.300	21.194	-0.058
23.320	18.428	-0.059
23.340	15.420	-0.043
23.360	12.155	-0.036
23.380	8.771	-0.026
23.400	5.264	-0.019
23.420	1.681	-0.006
23.440	-1.939	0.004
23.460	-5.511	0.014
23.480	-9.061	0.022
23.500	-12.434	0.031
23.520	-15.646	0.040
23.540	-18.670	0.051
23.560	-21.431	0.055
23.580	-23.880	0.071
23.600	-26.001	0.075
23.620	-27.795	0.081
23.640	-29.170	0.080
23.660	-30.169	0.094
23.680	-30.707	0.084
23.700	-30.873	0.096
23.720	-30.647	0.084
23.740	-29.971	0.097
23.760	-28.886	0.087
23.780	-27.376	0.096
23.800	-25.529	0.084
23.820	-23.321	0.092
23.840	-20.775	0.072
23.860	-17.939	0.072
23.880	-14.894	0.060
23.900	-11.623	0.060
23.920	-8.180	0.043
23.940	-4.641	0.039
23.960	-1.021	0.027
23.980	2.578	0.019
24.000	6.150	0.006
24.020	9.652	0.002
24.040	13.036	-0.017
24.060	16.210	-0.019
24.080	19.169	-0.031
24.100	21.887	-0.036
24.120	24.283	-0.044
24.140	26.334	-0.045
24.160	28.016	-0.061
24.180	29.348	-0.055
24.200	30.239	-0.071
24.220	30.733	-0.064
24.240	30.819	-0.077
24.260	30.492	-0.064
24.280	29.724	-0.077
24.300	28.563	-0.064
24.320	27.011	-0.073
24.340	25.115	-0.057
24.360	22.822	-0.064
24.380	20.238	-0.049
24.400	17.375	-0.048
24.420	14.282	-0.036
24.440	10.984	-0.037
24.460	7.536	-0.022
24.480	4.001	-0.019
24.500	0.403	-0.009
24.520	-3.217	-0.003
24.540	-6.789	0.018
24.560	-10.259	0.017
24.580	-13.589	0.035
24.600	-16.731	0.037
24.620	-19.658	0.055
24.640	-22.317	0.055
24.660	-24.648	0.069
24.680	-26.651	0.065
24.700	-28.290	0.083
24.720	-29.546	0.076
24.740	-30.395	0.091
24.760	-30.814	0.080
24.780	-30.835	0.092
24.800	-30.411	0.087
24.820	-29.595	0.090
24.840	-28.365	0.084
24.860	-26.721	0.084
24.880	-24.739	0.073
24.900	-22.403	0.076
24.920	-19.766	0.060
24.940	-16.833	0.063
24.960	-13.712	0.050
24.980	-10.388	0.047
25.000	-6.902	0.035
25.020	-3.319	0.027
25.040	0.295	0.014
25.060	3.894	0.007
25.080	7.439	-0.006
25.100	10.893	-0.014
25.120	14.207	-0.029
25.140	17.316	-0.032
25.160	20.179	-0.044
25.180	22.795	-0.049
25.200	25.062	-0.063
25.220	26.995	-0.060
25.240	28.531	-0.073
25.260	29.724	-0.074
25.280	30.476	-0.079
25.300	30.819	-0.078
25.320	30.744	-0.089
25.340	30.255	-0.077
25.360	29.353	-0.087
25.380	28.048	-0.076
25.400	26.361	-0.081
25.420	24.336	-0.072
25.440	21.936	-0.073
25.460	19.239	-0.061
25.480	16.296	-0.058
25.500	13.100	-0.046
25.520	9.759	-0.043
25.540	6.279	-0.032
25.560	2.718	-0.020
25.580	-0.892	-0.018
25.600	-4.485	-0.002
25.620	-8.051	0.006
25.640	-11.462	0.018
25.660	-14.722	0.025
25.680	-17.816	0.034
25.700	-20.630	0.043
25.720	-23.187	0.051
25.740	-25.395	0.056
25.760	-27.280	0.063
25.780	-28.789	0.073
25.800	-29.879	0.069
25.820	-30.578	0.080
25.840	-30.852	0.076
25.860	-30.707	0.081
25.880	-30.148	0.075
25.900	-29.203	0.078
25.920	-27.812	0.074
25.940	-26.055	0.077
25.960	-23.934	0.064
25.980	-21.495	0.067
26.000	-18.734	0.052
26.020	-15.727	0.054
26.040	-12.547	0.039
26.060	-9.131	0.035
26.080	-5.618	0.025
26.100	-2.020	0.014
26.120	1.601	0.008
26.140	5.183	-0.003
26.160	8.696	-0.015
26.180	12.106	-0.025
26.200	15.345	-0.031
26.220	18.364	-0.044
26.240	21.157	-0.047
26.260	23.644	-0.063
26.280	25.787	-0.056
26.300	27.586	-0.072
26.320	29.004	-0.069
26.340	30.041	-0.083
26.360	30.642	-0.081
26.380	30.841	-0.083
26.400	30.621	-0.083
26.420	29.971	-0.084
26.440	28.923	-0.084
26.460	27.462	-0.080
26.480	25.674	-0.075
26.500	23.493	-0.072
26.520	20.985	-0.065
26.540	18.203	-0.063
26.560	15.173	-0.050
26.580	11.902	-0.043
26.600	8.513	-0.036
26.620	4.995	-0.031
26.640	1.418	-0.015
26.660	-2.208	-0.010
26.680	-5.785	0.010
26.700	-9.303	0.012
26.720	-12.681	0.027
26.740	-15.882	0.030
26.760	-18.885	0.048
26.780	-21.603	0.045
26.800	-24.030	0.063
26.820	-26.146	0.058
26.840	-27.892	0.075
26.860	-29.272	0.072
26.880	-30.223	0.089
26.900	-30.744	0.075
26.920	-30.857	0.093
26.940	-30.572	0.079
26.960	-29.901	0.089
26.980	-28.789	0.080
27.000	-27.248	0.084
27.020	-25.341	0.078
27.040	-23.117	0.076
27.060	-20.571	0.064
27.080	-17.703	0.065
27.100	-14.652	0.053
27.120	-11.365	0.048
27.140	-7.901	0.034
27.160	-4.356	0.026
27.180	-0.736	0.014
27.200	2.874	0.011
27.220	6.440	0.001
27.240	9.926	-0.006
27.260	13.283	-0.019
27.280	16.457	-0.021
27.300	19.400	-0.040
27.320	22.081	-0.046
27.340	24.449	-0.056
27.360	26.474	-0.056
27.380	28.134	-0.067
27.400	29.428	-0.064
27.420	30.309	-0.077
27.440	30.760	-0.071
27.460	30.803	-0.082
27.480	30.443	-0.075
27.500	29.648	-0.079
27.520	28.456	-0.076
27.540	26.872	-0.070
27.560	24.938	-0.065
27.580	22.618	-0.065
27.600	20.013	-0.055
27.620	17.134	-0.053
27.640	14.008	-0.036
27.660	10.694	-0.036
27.680	7.251	-0.019
27.700	3.695	-0.018
27.720	0.107	0.002
27.740	-3.523	0.004
27.760	-7.074	0.021
27.780	-10.549	0.023
27.800	-13.857	0.039
27.820	-16.978	0.043
27.840	-19.921	0.060
27.860	-22.521	0.062
27.880	-24.863	0.072
27.900	-26.823	0.077
27.920	-28.440	0.083
27.940	-29.659	0.085
27.960	-30.481	0.090
27.980	-30.825	0.089
28.000	-30.819	0.097
28.020	-30.390	0.090
28.040	-29.546	0.097
28.060	-28.279	0.094
28.080	-26.608	0.095
28.100	-24.589	0.084
28.120	-22.247	0.085
28.140	-19.572	0.068
28.160	-16.640	0.071
28.180	-13.481	0.055
28.200	-10.125	0.058
28.220	-6.633	0.033
28.240	-3.051	0.038
28.260	0.569	0.016
28.280	4.168	0.020
28.300	7.702	-0.001
28.320	11.156	-0.003
28.340	14.454	-0.025
28.360	17.553	-0.023
28.380	20.394	-0.036
28.400	22.988	-0.036
28.420	25.223	-0.052
28.440	27.135	-0.048
28.460	28.649	-0.065
28.480	29.799	-0.066
28.500	30.513	-0.067
28.520	30.830	-0.075
28.540	30.723	-0.072
28.560	30.191	-0.075
28.580	29.267	-0.070
28.600	27.935	-0.073
28.620	26.211	-0.062
28.640	24.154	-0.068
28.660	21.715	-0.055
28.680	19.008	-0.049
28.700	16.054	-0.044
28.720	12.832	-0.037
28.740	9.475	-0.030
28.760	5.994	-0.023
28.780	2.412	-0.014
28.800	-1.192	-0.004
28.820	-4.775	0.005
28.840	-8.325	0.021
28.860	-11.730	0.022
28.880	-15.001	0.037
28.900	-18.047	0.043
28.920	-20.856	0.058
28.940	-23.386	0.061
28.960	-25.561	0.069
28.980	-27.425	0.072
29.000	-28.896	0.078
29.020	-29.965	0.085
29.040	-30.615	0.089
29.060	-30.862	0.088
29.080	-30.690	0.089
29.100	-30.110	0.090
29.120	-29.117	0.084
29.140	-27.683	0.087
29.160	-25.889	0.079
29.180	-23.756	0.081
29.200	-21.286	0.066
29.220	-18.503	0.068
29.240	-15.490	0.057
29.260	-12.278	0.051
29.280	-8.868	0.036
29.300	-5.323	0.033
29.320	-1.746	0.022
29.340	1.875	0.007
29.360	5.462	-0.000
29.380	8.964	-0.014
29.400	12.370	-0.023
29.420	15.598	-0.032
29.440	18.600	-0.039
29.460	21.366	-0.048
29.480	23.832	-0.053
29.500	25.958	-0.061
29.520	27.715	-0.070
29.540	29.101	-0.070
29.560	30.105	-0.076
29.580	30.674	-0.077
29.600	30.857	-0.086
29.620	30.583	-0.080
29.640	29.906	-0.090
29.660	28.832	-0.080
29.680	27.333	-0.084
29.700	25.518	-0.076
29.720	23.316	-0.077
29.740	20.781	-0.065
29.760	17.966	-0.067
29.780	14.916	-0.049
29.800	11.655	-0.048
29.820	8.245	-0.032
29.840	4.716	-0.034
29.860	1.128	-0.014
29.880	-2.487	-0.013
29.900	-6.053	0.004
29.920	-9.582	0.010
29.940	-12.923	0.023
29.960	-16.113	0.028
29.980	-19.083	0.041
30.000	-21.801	0.040
30.020	-24.197	0.057
30.040	-26.265	0.056
30.060	-27.994	0.069
30.080	-29.326	0.071
30.100	-30.239	0.079
30.120	-30.728	0.073
30.140	-30.841	0.082
30.160	-30.502	0.076
30.180	-29.783	0.082
30.200	-28.644	0.076
30.220	-27.086	0.080
30.240	-25.147	0.067
30.260	-22.897	0.068
30.280	-20.313	0.058
30.300	-17.440	0.060
30.320	-14.357	0.046
30.340	-11.064	0.038
30.360	-7.611	0.026
30.380	-4.044	0.022
30.400	-0.435	0.010
30.420	3.174	0.004
30.440	6.746	-0.011
30.460	10.200	-0.013
30.480	13.551	-0.032
30.500	16.704	-0.032
30.520	19.621	-0.049
30.540	22.312	-0.052
30.560	24.621	-0.063
30.580	26.619	-0.061
30.600	28.257	-0.074
30.620	29.514	-0.074
30.640	30.352	-0.088
30.660	30.787	-0.077
30.680	30.792	-0.089
30.700	30.400	-0.077
30.720	29.568	-0.090
30.740	28.343	-0.077
30.760	26.737	-0.085
30.780	24.771	-0.073
30.800	22.440	-0.073
30.820	19.803	-0.061
30.840	16.908	-0.061
30.860	13.750	-0.044
30.880	10.441	-0.041
30.900	6.977	-0.032
30.920	3.427	-0.024
30.940	-0.188	-0.010
30.960	-3.787	-0.001
30.980	-7.348	0.010
31.000	-10.807	0.014
31.020	-14.099	0.028
31.040	-17.236	0.035
31.060	-20.115	0.049
31.080	-22.714	0.051
31.100	-25.008	0.063
31.120	-26.958	0.064
31.140	-28.547	0.076
31.160	-29.724	0.072
31.180	-30.497	0.087
31.200	-30.819	0.076
31.220	-30.782	0.089
31.240	-30.347	0.079
31.260	-29.455	0.089
31.280	-28.171	0.076
31.300	-26.474	0.083
31.320	-24.412	0.071
31.340	-22.043	0.074
31.360	-19.341	0.060
31.380	-16.414	0.063
31.400	-13.218	0.047
31.420	-9.851	0.043
31.440	-6.365	0.026
31.460	-2.771	0.024
31.480	0.843	0.014
31.500	4.447	0.010
31.520	7.987	-0.005
31.540	11.414	-0.010
31.560	14.695	-0.023
31.580	17.773	-0.030
31.600	20.609	-0.045
31.620	23.182	-0.048
31.640	25.373	-0.056
31.660	27.258	-0.063
31.680	28.746	-0.066
31.700	29.863	-0.072
31.720	30.562	-0.077
31.740	30.846	-0.075
31.760	30.696	-0.081
31.780	30.132	-0.073
31.800	29.176	-0.080
31.820	27.806	-0.076
31.840	26.066	-0.069
31.860	23.966	-0.065
31.880	21.500	-0.062
31.900	18.772	-0.054
31.920	15.796	-0.047
31.940	12.558	-0.036
31.960	9.217	-0.028
31.980	5.704	-0.019
32.000	2.132	-0.008
32.020	-1.504	0.001
32.040	-5.097	0.011
32.060	-8.626	0.018
32.080	-12.042	0.031
32.100	-15.265	0.036
32.120	-18.321	0.053
32.140	-21.114	0.060
32.160	-23.590	0.066
32.180	-25.754	0.071
32.200	-27.591	0.080
32.220	-29.042	0.084
32.240	-30.062	0.088
32.260	-30.664	0.087
32.280	-30.873	0.092
32.300	-30.674	0.092
32.320	-30.067	0.096
32.340	-29.036	0.092
32.360	-27.591	0.094
32.380	-25.771	0.088
32.400	-23.584	0.085
32.420	-21.108	0.075
32.440	-18.294	0.066
32.460	-15.259	0.062
32.480	-12.037	0.055
32.500	-8.588	0.045
32.520	-5.060	0.036
32.540	-1.461	0.030
32.560	2.170	0.021
32.580	5.742	0.007
32.600	9.222	-0.000
32.620	12.627	-0.013
32.640	15.839	-0.022
32.660	18.815	-0.035
32.680	21.565	-0.033
32.700	24.003	-0.048
32.720	26.104	-0.043
32.740	27.844	-0.062
32.760	29.203	-0.054
32.780	30.159	-0.071
32.800	30.701	-0.065
32.820	30.841	-0.073
32.840	30.545	-0.069
32.860	29.831	-0.075
32.880	28.730	-0.069
32.900	27.205	-0.073
32.920	25.357	-0.061
32.940	23.123	-0.063
32.960	20.566	-0.052
32.980	17.735	-0.049
33.000	14.668	-0.039
33.020	11.392	-0.036
33.040	7.965	-0.024
33.060	4.437	-0.019
33.080	0.833	-0.007
33.100	-2.777	-0.005
33.120	-6.349	0.018
33.140	-9.851	0.017
33.160	-13.197	0.038
33.180	-16.344	0.033
33.200	-19.336	0.053
33.220	-22.005	0.052
33.240	-24.363	0.068
33.260	-26.426	0.063
33.280	-28.107	0.084
33.300	-29.428	0.075
33.320	-30.298	0.091
33.340	-30.755	0.082
33.360	-30.841	0.093
33.380	-30.465	0.082
33.400	-29.734	0.093
33.420	-28.542	0.084
33.440	-26.947	0.087
33.460	-24.997	0.074
33.480	-22.698	0.074
33.500	-20.104	0.064
33.520	-17.225	0.062
33.540	-14.104	0.050
33.560	-10.780	0.046
33.580	-7.315	0.031
33.600	-3.771	0.031
33.620	-0.150	0.014
33.640	3.475	0.007
33.660	7.025	-0.011
33.680	10.500	-0.013
33.700	13.809	-0.031
33.720	16.946	-0.027
33.740	19.841	-0.046
33.760	22.505	-0.041
33.780	24.788	-0.066
33.800	26.786	-0.056
33.820	28.370	-0.074
33.840	29.589	-0.071
33.860	30.400	-0.085
33.880	30.809	-0.077
33.900	30.771	-0.089
33.920	30.352	-0.078
33.940	29.482	-0.089
33.960	28.236	-0.081
33.980	26.592	-0.079
34.000	24.600	-0.073
34.020	22.247	-0.073
34.040	19.583	-0.062
34.060	16.672	-0.057
34.080	13.503	-0.048
34.100	10.173	-0.041
34.120	6.714	-0.032
34.140	3.147	-0.024
34.160	-0.457	-0.014
34.180	-4.050	-0.007
34.200	-7.616	0.010
34.220	-11.059	0.010
34.240	-14.352	0.026
34.260	-17.451	0.028
34.280	-20.313	0.043
34.300	-22.886	0.043
34.320	-25.131	0.062
34.340	-27.081	0.060
34.360	-28.633	0.072
34.380	-29.761	0.067
34.400	-30.508	0.076
34.420	-30.814	0.072
34.440	-30.744	0.085
34.460	-30.239	0.072
34.480	-29.342	0.082
34.500	-28.005	0.075
34.520	-26.275	0.076
34.540	-24.202	0.068
34.560	-21.807	0.064
34.580	-19.083	0.057
34.600	-16.113	0.054
34.620	-12.928	0.041
34.640	-9.550	0.036
34.660	-6.042	0.026
34.680	-2.465	0.018
34.700	1.155	0.006
34.720	4.743	-0.002
34.740	8.282	-0.014
34.760	11.714	-0.020
34.780	14.964	-0.033
34.800	18.020	-0.037
34.820	20.834	-0.052
34.840	23.380	-0.053
34.860	25.556	-0.067
34.880	27.393	-0.063
34.900	28.843	-0.076
34.920	29.938	-0.077
34.940	30.594	-0.083
34.960	30.846	-0.081
34.980	30.669	-0.085
35.000	30.073	-0.082
35.020	29.079	-0.083
35.040	27.677	-0.082
35.060	25.916	-0.078
35.080	23.789	-0.075
35.100	21.302	-0.065
35.120	18.546	-0.066
35.140	15.544	-0.047
35.160	12.316	-0.044
35.180	8.948	-0.035
35.200	5.436	-0.033
35.220	1.848	-0.014
35.240	-1.767	-0.006
35.260	-5.366	0.005
35.280	-8.889	0.014
35.300	-12.284	0.023
35.320	-15.501	0.031
35.340	-18.530	0.041
35.360	-21.291	0.047
35.380	-23.767	0.057
35.400	-25.894	0.063
35.420	-27.699	0.073
35.440	-29.111	0.074
35.460	-30.110	0.080
35.480	-30.690	0.078
35.500	-30.841	0.084
35.520	-30.642	0.086
35.540	-30.014	0.085
35.560	-28.934	0.081
35.580	-27.457	0.083
35.600	-25.604	0.076
35.620	-23.407	0.076
35.640	-20.904	0.067
35.660	-18.079	0.064
35.680	-15.023	0.052
35.700	-11.773	0.043
35.720	-8.347	0.035
35.740	-4.791	0.027
35.760	-1.192	0.016
35.780	2.417	0.014
35.800	6.021	0.003
35.820	9.512	-0.003
35.840	12.896	-0.017
35.860	16.065	-0.023
35.880	19.046	-0.036
35.900	21.769	-0.045
35.920	24.181	-0.054
35.940	26.254	-0.060
35.960	27.962	-0.065
35.980	29.294	-0.065
36.000	30.218	-0.073
36.020	30.723	-0.069
36.040	30.825	-0.080
36.060	30.508	-0.072
36.080	29.756	-0.082
36.100	28.617	-0.073
36.120	27.076	-0.077
36.140	25.190	-0.065
36.160	22.908	-0.065
36.180	20.340	-0.056
36.200	17.494	-0.056
36.220	14.400	-0.035
36.240	11.107	-0.037
36.260	7.675	-0.017
36.280	4.130	-0.016
36.300	0.537	-0.000
36.320	-3.088	0.007
36.340	-6.644	0.018
36.360	-10.141	0.024
36.380	-13.481	0.037
36.400	-16.629	0.042
36.420	-19.583	0.052
36.440	-22.209	0.060
36.460	-24.589	0.074
36.480	-26.603	0.076
36.500	-28.284	0.083
36.520	-29.541	0.084
36.540	-30.379	0.093
36.560	-30.787	0.084
36.580	-30.846	0.097
36.600	-30.476	0.091
36.620	-29.675	0.099
36.640	-28.456	0.089
36.660	-26.829	0.099
36.680	-24.874	0.081
36.700	-22.553	0.091
36.720	-19.895	0.071
36.740	-16.994	0.070
36.760	-13.863	0.054
36.780	-10.533	0.055
36.800	-7.063	0.037
36.820	-3.497	0.035
36.840	0.134	0.020
36.860	3.744	0.015
36.880	7.289	-0.000
36.900	10.742	-0.004
36.920	14.062	-0.019
36.940	17.193	-0.026
36.960	20.056	-0.035
36.980	22.698	-0.039
37.000	24.965	-0.046
37.020	26.920	-0.052
37.040	28.478	-0.058
37.060	29.670	-0.062
37.080	30.454	-0.069
37.100	30.819	-0.073
37.120	30.755	-0.077
37.140	30.293	-0.069
37.160	29.401	-0.075
37.180	28.118	-0.067
37.200	26.431	-0.071
37.220	24.417	-0.061
37.240	22.027	-0.062
37.260	19.357	-0.049
37.280	16.425	-0.047
37.300	13.240	-0.035
37.320	9.910	-0.034
37.340	6.408	-0.023
37.360	2.857	-0.016
37.380	-0.757	-0.009
37.400	-4.356	0.006
37.420	-7.890	0.014
37.440	-11.349	0.029
37.460	-14.615	0.035
37.480	-17.692	0.043
37.500	-20.534	0.049
37.520	-23.080	0.057
37.540	-25.319	0.067
37.560	-27.221	0.072
37.580	-28.751	0.079
37.600	-29.858	0.083
37.620	-30.545	0.087
37.640	-30.841	0.090
37.660	-30.728	0.089
37.680	-30.202	0.088
37.700	-29.251	0.087
37.720	-27.871	0.085
37.740	-26.136	0.084
37.760	-24.036	0.074
37.780	-21.624	0.072
37.800	-18.858	0.061
37.820	-15.872	0.057
37.840	-12.681	0.047
37.860	-9.292	0.040
37.880	-5.790	0.032
37.900	-2.175	0.025
37.920	1.439	0.008
37.940	5.033	0.002
37.960	8.562	-0.011
37.980	11.967	-0.019
38.000	15.216	-0.027
38.020	18.246	-0.037
38.040	21.033	-0.040
38.060	23.552	-0.057
38.080	25.706	-0.056
38.100	27.511	-0.074
38.120	28.950	-0.070
38.140	29.992	-0.081
38.160	30.631	-0.077
38.180	30.852	-0.084
38.200	30.642	-0.082
38.220	30.008	-0.083
38.240	28.972	-0.085
38.260	27.543	-0.081
38.280	25.765	-0.075
38.300	23.601	-0.073
38.320	21.103	-0.070
38.340	18.315	-0.062
38.360	15.308	-0.052
38.380	12.063	-0.044
38.400	8.658	-0.037
38.420	5.146	-0.033
38.440	1.558	-0.017
38.460	-2.041	-0.014
38.480	-5.634	0.003
38.500	-9.158	0.004
38.520	-12.536	0.025
38.540	-15.737	0.022
38.560	-18.734	0.042
38.580	-21.479	0.040
38.600	-23.917	0.055
38.620	-26.034	0.056
38.640	-27.801	0.068
38.660	-29.176	0.066
38.680	-30.153	0.079
38.700	-30.680	0.072
38.720	-30.841	0.084
38.740	-30.572	0.076
38.760	-29.885	0.082
38.780	-28.800	0.073
38.800	-27.280	0.080
38.820	-25.400	0.068
38.840	-23.182	0.067
38.860	-20.646	0.060
38.880	-17.816	0.057
38.900	-14.733	0.045
38.920	-11.494	0.040
38.940	-8.035	0.031
38.960	-4.496	0.027
38.980	-0.881	0.010
39.000	2.734	0.005
39.020	6.306	-0.012
39.040	9.792	-0.013
39.060	13.165	-0.031
39.080	16.328	-0.029
39.100	19.271	-0.051
39.120	21.989	-0.045
39.140	24.369	-0.068
39.160	26.404	-0.058
39.180	28.075	-0.077
39.200	29.375	-0.072
39.220	30.277	-0.085
39.240	30.744	-0.080
39.260	30.814	-0.088
39.280	30.465	-0.081
39.300	29.670	-0.085
39.320	28.510	-0.080
39.340	26.947	-0.078
39.360	25.029	-0.076
39.380	22.725	-0.072
39.400	20.131	-0.065
39.420	17.263	-0.054
39.440	14.153	-0.048
39.460	10.844	-0.044
39.480	7.401	-0.028
39.500	3.851	-0.027
39.520	0.263	-0.008
39.540	-3.346	-0.007
39.560	-6.923	0.015
39.580	-10.415	0.009
39.600	-13.723	0.033
39.620	-16.865	0.029
39.640	-19.766	0.051
39.660	-22.408	0.046
39.680	-24.745	0.070
39.700	-26.753	0.060
39.720	-28.386	0.080
39.740	-29.600	0.069
39.760	-30.438	0.088
39.780	-30.803	0.072
39.800	-30.830	0.093
39.820	-30.417	0.077
39.840	-29.584	0.092
39.860	-28.333	0.078
39.880	-26.700	0.084
39.900	-24.696	0.076
39.920	-22.344	0.077
39.940	-19.696	0.059
39.960	-16.763	0.062
39.980	-13.621	0.044
40.000	-10.275	0.045
40.020	-6.789	0.028
40.040	-3.207	0.029
40.060	0.392	0.012
40.080	4.018	0.010
40.100	7.541	-0.007
40.120	11.016	-0.007
40.140	14.303	-0.023
40.160	17.413	-0.022
40.180	20.276	-0.049
40.200	22.886	-0.039
40.220	25.126	-0.061
40.240	27.060	-0.060
40.260	28.580	-0.069
40.280	29.745	-0.068
40.300	30.502	-0.077
40.320	30.825	-0.073
40.340	30.733	-0.081
40.360	30.234	-0.073
40.380	29.305	-0.081
40.400	28.000	-0.072
40.420	26.286	-0.071
40.440	24.240	-0.065
40.460	21.823	-0.064
40.480	19.110	-0.055
40.500	16.162	-0.051
40.520	12.971	-0.035
40.540	9.604	-0.032
40.560	6.145	-0.015
40.580	2.551	-0.014
40.600	-1.042	0.007
40.620	-4.646	0.009
40.640	-8.196	0.023
40.660	-11.645	0.027
40.680	-14.878	0.041
40.700	-17.956	0.047
40.720	-20.781	0.059
40.740	-23.305	0.066
40.760	-25.518	0.073
40.780	-27.371	0.079
40.800	-28.880	0.084
40.820	-29.944	0.086
40.840	-30.615	0.090
40.860	-30.862	0.091
40.880	-30.733	0.093
40.900	-30.180	0.093
40.920	-29.181	0.095
40.940	-27.785	0.090
40.960	-26.001	0.090
40.980	-23.901	0.082
41.000	-21.431	0.083
41.020	-18.654	0.069
41.040	-15.646	0.068
41.060	-12.429	0.051
41.080	-9.040	0.054
41.100	-5.511	0.031
41.120	-1.896	0.033
41.140	1.713	0.015
41.160	5.317	0.012
41.180	8.825	-0.006
41.200	12.235	-0.005
41.220	15.469	-0.027
41.240	18.471	-0.028
41.260	21.253	-0.038
41.280	23.735	-0.040
41.300	25.851	-0.048
41.320	27.645	-0.057
41.340	29.058	-0.056
41.360	30.062	-0.070
41.380	30.669	-0.068
41.400	30.846	-0.077
41.420	30.610	-0.069
41.440	29.944	-0.077
41.460	28.891	-0.065
41.480	27.403	-0.071
41.500	25.599	-0.062
41.520	23.413	-0.065
41.540	20.894	-0.053
41.560	18.095	-0.048
41.580	15.050	-0.040
41.600	11.790	-0.036
41.620	8.384	-0.029
41.640	4.866	-0.019
41.660	1.284	-0.015
41.680	-2.326	0.003
41.700	-5.897	0.011
41.720	-9.421	0.023
41.740	-12.799	0.028
41.760	-15.984	0.039
41.780	-18.955	0.047
41.800	-21.688	0.054
41.820	-24.105	0.060
41.840	-26.189	0.068
41.860	-27.940	0.073
41.880	-29.267	0.078
41.900	-30.212	0.086
41.920	-30.733	0.084
41.940	-30.873	0.093
41.960	-30.540	0.084
41.980	-29.831	0.094
42.000	-28.692	0.083
42.020	-27.156	0.091
42.040	-25.244	0.076
42.060	-23.010	0.081
42.080	-20.442	0.062
42.100	-17.580	0.064
42.120	-14.486	0.049
42.140	-11.193	0.047
42.160	-7.772	0.035
42.180	-4.195	0.031
42.200	-0.580	0.018
42.220	3.024	0.006
42.240	6.590	-0.002
42.260	10.049	-0.015
42.280	13.428	-0.022
42.300	16.570	-0.033
42.320	19.492	-0.039
42.340	22.193	-0.051
42.360	24.541	-0.056
42.380	26.549	-0.064
42.400	28.193	-0.065
42.420	29.460	-0.076
42.440	30.331	-0.079
42.460	30.776	-0.082
42.480	30.798	-0.090
42.500	30.422	-0.083
42.520	29.595	-0.089
42.540	28.402	-0.082
42.560	26.807	-0.081
42.580	24.868	-0.073
42.600	22.532	-0.076
42.620	19.916	-0.063
42.640	17.037	-0.064
42.660	13.900	-0.045
42.680	10.586	-0.046
42.700	7.144	-0.031
42.720	3.588	-0.028
42.740	-0.005	-0.015
42.760	-3.620	-0.007
42.780	-7.181	0.007
42.800	-10.646	0.013
42.820	-13.959	0.024
42.840	-17.080	0.031
42.860	-19.986	0.045
42.880	-22.585	0.048
42.900	-24.895	0.055
42.920	-26.855	0.065
42.940	-28.461	0.065
42.960	-29.643	0.075
42.980	-30.449	0.076
43.000	-30.809	0.077
43.020	-30.776	0.080
43.040	-30.314	0.079
43.060	-29.471	0.080
43.080	-28.171	0.076
43.100	-26.517	0.076
43.120	-24.487	0.068
43.140	-22.107	0.066
43.160	-19.427	0.060
43.180	-16.495	0.053
43.200	-13.336	0.043
43.220	-9.969	0.039
43.240	-6.494	0.024
43.260	-2.895	0.021
43.280	0.720	0.008
43.300	4.308	0.002
43.320	7.858	-0.015
43.340	11.285	-0.019
43.360	14.583	-0.031
43.380	17.655	-0.037
43.400	20.496	-0.049
43.420	23.074	-0.056
43.440	25.287	-0.063
43.460	27.194	-0.067
43.480	28.687	-0.072
43.500	29.820	-0.078
43.520	30.535	-0.081
43.540	30.830	-0.085
43.560	30.712	-0.085
43.580	30.180	-0.084
43.600	29.224	-0.083
43.620	27.871	-0.085
43.640	26.146	-0.076
43.660	24.062	-0.074
43.680	21.624	-0.065
43.700	18.890	-0.063
43.720	15.931	-0.053
43.740	12.724	-0.045
43.760	9.356	-0.036
43.780	5.854	-0.033
43.800	2.277	-0.016
43.820	-1.327	-0.011
43.840	-4.925	0.004
43.860	-8.476	0.011
43.880	-11.865	0.022
43.900	-15.109	0.029
43.920	-18.165	0.041
43.940	-20.979	0.046
43.960	-23.477	0.057
43.980	-25.647	0.062
44.000	-27.505	0.071
44.020	-28.966	0.075
44.040	-30.019	0.082
44.060	-30.658	0.080
44.080	-30.846	0.085
44.100	-30.696	0.084
44.120	-30.100	0.083
44.140	-29.095	0.083
44.160	-27.656	0.084
44.180	-25.867	0.076
44.200	-23.708	0.073
44.220	-21.227	0.067
44.240	-18.439	0.065
44.260	-15.410	0.054
44.280	-12.171	0.048
44.300	-8.771	0.039
44.320	-5.210	0.030
44.340	-1.627	0.019
44.360	1.993	0.013
44.380	5.570	0.003
44.400	9.083	-0.003
44.420	12.482	-0.017
44.440	15.689	-0.019
44.460	18.697	-0.039
44.480	21.458	-0.040
44.500	23.907	-0.056
44.520	26.012	-0.054
44.540	27.763	-0.068
44.560	29.149	-0.065
44.580	30.121	-0.075
44.600	30.690	-0.073
44.620	30.841	-0.081
44.640	30.578	-0.071
44.660	29.869	-0.077
44.680	28.778	-0.075
44.700	27.269	-0.071
44.720	25.443	-0.068
44.740	23.203	-0.064
44.760	20.668	-0.059
44.780	17.848	-0.052
44.800	14.797	-0.041
44.820	11.510	-0.035
44.840	8.089	-0.022
44.860	4.576	-0.020
44.880	0.967	-0.000
44.900	-2.637	0.002
44.920	-6.220	0.018
44.940	-9.738	0.019
44.960	-13.079	0.036
44.980	-16.258	0.038
45.000	-19.223	0.058
45.020	-21.925	0.056
45.040	-24.326	0.074
45.060	-26.372	0.068
45.080	-28.091	0.089
45.100	-29.385	0.080
45.120	-30.320	0.098
45.140	-30.771	0.088
45.160	-30.857	0.101
45.180	-30.519	0.089
45.200	-29.793	0.093
45.220	-28.644	0.093
45.240	-27.033	0.093
45.260	-25.110	0.088
45.280	-22.838	0.085
45.300	-20.238	0.072
45.320	-17.365	0.068
45.340	-14.266	0.060
45.360	-10.952	0.052
45.380	-7.503	0.045
45.400	-3.932	0.033
45.420	-0.322	0.023
45.440	3.298	0.015
45.460	6.864	0.002
45.480	10.323	-0.003
45.500	13.669	-0.023
45.520	16.817	-0.022
45.540	19.728	-0.036
45.560	22.392	-0.036
45.580	24.702	-0.052
45.600	26.684	-0.047
45.620	28.306	-0.067
45.640	29.562	-0.056
45.660	30.374	-0.074
45.680	30.787	-0.062
45.700	30.782	-0.078
45.720	30.374	-0.065
45.740	29.520	-0.079
45.760	28.284	-0.067
45.780	26.667	-0.072
45.800	24.691	-0.054
45.820	22.328	-0.065
45.840	19.690	-0.051
45.860	16.785	-0.046
45.880	13.621	-0.040
45.900	10.307	-0.032
45.920	6.848	-0.023
45.940	3.303	-0.015
45.960	-0.312	-0.007
45.980	-3.916	0.006
46.000	-7.493	0.015
46.020	-10.925	0.026
46.040	-14.223	0.034
46.060	-17.333	0.042
46.080	-20.201	0.053
46.100	-22.795	0.056
46.120	-25.056	0.068
46.140	-26.995	0.065
46.160	-28.585	0.082
46.180	-29.724	0.078
46.200	-30.508	0.093
46.220	-30.835	0.080
46.240	-30.760	0.097
46.260	-30.282	0.084
46.280	-29.380	0.095
46.300	-28.064	0.077
46.320	-26.367	0.089
46.340	-24.299	0.070
46.360	-21.919	0.077
46.380	-19.196	0.061
46.400	-16.242	0.061
46.420	-13.084	0.048
46.440	-9.706	0.041
46.460	-6.209	0.035
46.480	-2.621	0.023
46.500	1.004	0.017
46.520	4.592	-0.000
46.540	8.116	-0.003
46.560	11.542	-0.023
46.580	14.824	-0.023
46.600	17.891	-0.040
46.620	20.700	-0.040
46.640	23.262	-0.055
46.660	25.454	-0.056
46.680	27.323	-0.065
46.700	28.805	-0.070
46.720	29.890	-0.074
46.740	30.578	-0.085
46.760	30.841	-0.076
46.780	30.690	-0.090
46.800	30.121	-0.076
46.820	29.138	-0.091
46.840	27.747	-0.073
46.860	25.996	-0.080
46.880	23.880	-0.071
46.900	21.431	-0.073
46.920	18.670	-0.059
46.940	15.694	-0.056
46.960	12.461	-0.046
46.980	9.093	-0.036
47.000	5.575	-0.034
47.020	2.009	-0.016
47.040	-1.601	-0.013
47.060	-5.199	0.006
47.080	-8.717	0.005
47.100	-12.123	0.022
47.120	-15.334	0.018
47.140	-18.385	0.043
47.160	-21.173	0.039
47.180	-23.638	0.055
47.200	-25.781	0.055
47.220	-27.602	0.068
47.240	-29.052	0.068
47.260	-30.041	0.079
47.280	-30.658	0.071
47.300	-30.852	0.083
47.320	-30.615	0.076
47.340	-30.003	0.084
47.360	-28.939	0.076
47.380	-27.489	0.076
47.400	-25.647	0.070
47.420	-23.477	0.068
47.440	-20.974	0.058
47.460	-18.154	0.055
47.480	-15.141	0.050
47.500	-11.897	0.039
47.520	-8.454	0.031
47.540	-4.909	0.022
47.560	-1.305	0.014
47.580	2.293	0.006
47.600	5.871	-0.006
47.620	9.362	-0.015
47.640	12.767	-0.027
47.660	15.952	-0.033
47.680	18.933	-0.046
47.700	21.678	-0.051
47.720	24.084	-0.063
47.740	26.173	-0.062
47.760	27.897	-0.073
47.780	29.240	-0.074
47.800	30.180	-0.080
47.820	30.712	-0.083
47.840	30.825	-0.085
47.860	30.540	-0.087
47.880	29.799	-0.086
47.900	28.682	-0.083
47.920	27.140	-0.082
47.940	25.287	-0.072
47.960	23.031	-0.074
47.980	20.458	-0.056
48.000	17.623	-0.065
48.020	14.540	-0.043
48.040	11.252	-0.048
48.060	7.847	-0.028
48.080	4.302	-0.035
48.100	0.714	-0.008
48.120	-2.911	-0.011
48.140	-6.488	0.012
48.160	-9.969	0.011
48.180	-13.331	0.027
48.200	-16.484	0.028
48.220	-19.438	0.047
48.240	-22.118	0.047
48.260	-24.481	0.060
48.280	-26.506	0.063
48.300	-28.204	0.073
48.320	-29.482	0.078
48.340	-30.363	0.082
48.360	-30.776	0.081
48.380	-30.830	0.089
48.400	-30.481	0.082
48.420	-29.702	0.086
48.440	-28.499	0.082
48.460	-26.904	0.083
48.480	-24.938	0.075
48.500	-22.628	0.078
48.520	-20.029	0.063
48.540	-17.118	0.067
48.560	-14.013	0.043
48.580	-10.694	0.052
48.600	-7.197	0.026
48.620	-3.636	0.033
48.640	-0.021	0.010
48.660	3.588	0.014
48.680	7.144	-0.010
48.700	10.592	-0.001
48.720	13.922	-0.027
48.740	17.059	-0.020
48.760	19.937	-0.045
48.780	22.585	-0.041
48.800	24.874	-0.062
48.820	26.834	-0.059
48.840	28.418	-0.069
48.860	29.643	-0.070
48.880	30.422	-0.073
48.900	30.809	-0.081
48.920	30.776	-0.076
48.940	30.336	-0.080
48.960	29.439	-0.072
48.980	28.171	-0.077
49.000	26.533	-0.070
49.020	24.524	-0.066
49.040	22.145	-0.065
49.060	19.481	-0.055
49.080	16.548	-0.050
49.100	13.374	-0.035
49.120	10.039	-0.033
49.140	6.569	-0.015
49.160	3.008	-0.014
49.180	-0.602	0.006
49.200	-4.211	0.007
49.220	-7.767	0.029
49.240	-11.220	0.022
49.260	-14.475	0.042
49.280	-17.563	0.042
49.300	-20.442	0.061
49.320	-23.015	0.060
49.340	-25.255	0.074
49.360	-27.183	0.074
49.380	-28.719	0.088
49.400	-29.842	0.088
49.420	-30.567	0.093
49.440	-30.852	0.090
49.460	-30.760	0.096
49.480	-30.239	0.092
49.500	-29.332	0.096
49.520	-27.978	0.095
49.540	-26.238	0.089
49.560	-24.159	0.087
49.580	-21.726	0.076
49.600	-19.003	0.071
49.620	-16.011	0.063
49.640	-12.826	0.056
49.660	-9.437	0.050
49.680	-5.924	0.036
49.700	-2.336	0.033
49.720	1.278	0.021
49.740	4.882	0.013
49.760	8.406	0.001
49.780	11.833	-0.003
49.800	15.077	-0.023
49.820	18.138	-0.025
49.840	20.937	-0.037
49.860	23.456	-0.039
49.880	25.620	-0.049
49.900	27.446	-0.050
49.920	28.902	-0.061
49.940	29.965	-0.065
49.960	30.615	-0.067
49.980	30.852	-0.073
50.000	30.658	-0.071
50.020	30.062	-0.073
50.040	29.036	-0.069
50.060	27.629	-0.067
50.080	25.851	-0.064
50.100	23.697	-0.063
50.120	21.221	-0.052
50.140	18.455	-0.052
50.160	15.442	-0.040
50.180	12.214	-0.037
50.200	8.819	-0.024
50.220	5.312	-0.022
50.240	1.724	-0.009
50.260	-1.885	-0.006
50.280	-5.479	0.012
50.300	-8.986	0.020
50.320	-12.391	0.031
50.340	-15.598	0.034
50.360	-18.611	0.050
50.380	-21.377	0.052
50.400	-23.832	0.065
50.420	-25.948	0.068
50.440	-27.736	0.081
50.460	-29.127	0.081
50.480	-30.116	0.089
50.500	-30.674	0.086
50.520	-30.852	0.094
50.540	-30.588	0.093
50.560	-29.933	0.091
50.580	-28.854	0.088
50.600	-27.350	0.088
50.620	-25.497	0.084
50.640	-23.305	0.075
50.660	-20.743	0.071
50.680	-17.939	0.064
50.700	-14.873	0.056
50.720	-11.618	0.047
50.740	-8.175	0.039
50.760	-4.625	0.026
50.780	-1.021	0.023
50.800	2.600	0.010
50.820	6.166	-0.003
50.840	9.663	-0.011
50.860	13.030	-0.024
50.880	16.194	-0.030
50.900	19.169	-0.038
50.920	21.887	-0.042
50.940	24.267	-0.061
50.960	26.329	-0.056
50.980	28.021	-0.070
51.000	29.342	-0.069
51.020	30.245	-0.083
51.040	30.744	-0.076
51.060	30.825	-0.088
51.080	30.497	-0.083
51.100	29.729	-0.086
51.120	28.580	-0.084
51.140	27.011	-0.077
51.160	25.126	-0.075
51.180	22.833	-0.071
51.200	20.260	-0.068
51.220	17.397	-0.056
51.240	14.298	-0.049
51.260	11.000	-0.046
51.280	7.568	-0.036
51.300	4.028	-0.027
51.320	0.430	-0.017
51.340	-3.180	-0.009
51.360	-6.746	0.005
51.380	-10.237	0.013
51.400	-13.551	0.022
51.420	-16.704	0.030
51.440	-19.642	0.043
51.460	-22.279	0.043
51.480	-24.610	0.059
51.500	-26.625	0.058
51.520	-28.279	0.069
51.540	-29.530	0.070
51.560	-30.363	0.081
51.580	-30.771	0.074
51.600	-30.792	0.083
51.620	-30.390	0.077
51.640	-29.579	0.082
51.660	-28.359	0.074
51.680	-26.716	0.078
51.700	-24.739	0.067
51.720	-22.408	0.068
51.740	-19.776	0.059
51.760	-16.860	0.054
51.780	-13.734	0.043
51.800	-10.382	0.036
51.820	-6.902	0.027
51.840	-3.330	0.019
51.860	0.290	0.009
51.880	3.889	0.003
51.900	7.428	-0.013
51.920	10.898	-0.016
51.940	14.190	-0.033
51.960	17.295	-0.033
51.980	20.163	-0.052
52.000	22.800	-0.053
52.020	25.040	-0.065
52.040	26.995	-0.061
52.060	28.531	-0.075
52.080	29.729	-0.073
52.100	30.476	-0.085
52.120	30.825	-0.081
52.140	30.750	-0.085
52.160	30.261	-0.083
52.180	29.358	-0.083
52.200	28.059	-0.085
52.220	26.383	-0.074
52.240	24.353	-0.075
52.260	21.946	-0.065
52.280	19.261	-0.063
52.300	16.317	-0.056
52.320	13.122	-0.045
52.340	9.786	-0.039
52.360	6.306	-0.027
52.380	2.723	-0.023
52.400	-0.881	-0.009
52.420	-4.479	-0.002
52.440	-8.030	0.014
52.460	-11.467	0.021
52.480	-14.722	0.027
52.500	-17.794	0.039
52.520	-20.636	0.047
52.540	-23.160	0.056
52.560	-25.389	0.063
52.580	-27.264	0.071
52.600	-28.789	0.073
52.620	-29.879	0.083
52.640	-30.583	0.078
52.660	-30.830	0.087
52.680	-30.701	0.083
52.700	-30.186	0.089
52.720	-29.208	0.085
52.740	-27.822	0.084
52.760	-26.071	0.079
52.780	-23.950	0.075
52.800	-21.522	0.071
52.820	-18.767	0.061
52.840	-15.764	0.057
52.860	-12.563	0.044
52.880	-9.158	0.040
52.900	-5.656	0.029
52.920	-2.036	0.028
52.940	1.563	0.008
52.960	5.172	0.008
52.980	8.674	-0.015
53.000	12.096	-0.009
53.020	15.334	-0.030
53.040	18.358	-0.028
53.060	21.146	-0.046
53.080	23.638	-0.050
53.100	25.781	-0.061
53.120	27.575	-0.061
53.140	29.004	-0.067
53.160	30.035	-0.070
53.180	30.647	-0.071
53.200	30.852	-0.078
53.220	30.637	-0.070
53.240	29.992	-0.080
53.260	28.939	-0.069
53.280	27.500	-0.079
53.300	25.690	-0.061
53.320	23.509	-0.072
53.340	21.001	-0.049
53.360	18.224	-0.057
53.380	15.184	-0.033
53.400	11.945	-0.040
53.420	8.535	-0.023
53.440	5.011	-0.019
53.460	1.423	-0.006
53.480	-2.197	0.005
53.500	-5.769	0.014
53.520	-9.308	0.026
53.540	-12.681	0.031
53.560	-15.861	0.043
53.580	-18.869	0.051
53.600	-21.597	0.063
53.620	-24.009	0.062
53.640	-26.125	0.080
53.660	-27.892	0.082
53.680	-29.246	0.086
53.700	-30.196	0.094
53.720	-30.712	0.092
53.740	-30.846	0.099
53.760	-30.556	0.091
53.780	-29.885	0.099
53.800	-28.762	0.090
53.820	-27.226	0.099
53.840	-25.346	0.081
53.860	-23.123	0.093
53.880	-20.571	0.066
53.900	-17.708	0.080
53.920	-14.636	0.053
53.940	-11.349	0.065
53.960	-7.896	0.038
53.980	-4.351	0.046
54.000	-0.752	0.022
54.020	2.874	0.023
54.040	6.435	-0.002
54.060	9.920	0.002
54.080	13.288	-0.017
54.100	16.446	-0.019
54.120	19.390	-0.035
54.140	22.081	-0.039
54.160	24.438	-0.044
54.180	26.474	-0.057
54.200	28.128	-0.050
54.220	29.428	-0.073
54.240	30.304	-0.061
54.260	30.766	-0.082
54.280	30.814	-0.067
54.300	30.449	-0.080
54.320	29.654	-0.077
54.340	28.467	-0.073
54.360	26.882	-0.073
54.380	24.965	-0.059
54.400	22.645	-0.071
54.420	20.034	-0.049
54.440	17.166	-0.057
54.460	14.045	-0.033
54.480	10.726	-0.040
54.500	7.294	-0.022
54.520	3.738	-0.022
54.540	0.134	-0.006
54.560	-3.470	0.001
54.580	-7.025	0.014
54.600	-10.506	0.022
54.620	-13.820	0.030
54.640	-16.946	0.041
54.660	-19.857	0.044
54.680	-22.489	0.063
54.700	-24.788	0.058
54.720	-26.786	0.072
54.740	-28.418	0.075
54.760	-29.600	0.082
54.780	-30.422	0.084
54.800	-30.782	0.084
54.820	-30.792	0.093
54.840	-30.352	0.083
54.860	-29.509	0.093
54.880	-28.247	0.082
54.900	-26.565	0.088
54.920	-24.567	0.067
54.940	-22.215	0.081
54.960	-19.545	0.054
54.980	-16.613	0.066
55.000	-13.476	0.038
55.020	-10.108	0.051
55.040	-6.628	0.022
55.060	-3.045	0.028
55.080	0.564	0.009
55.100	4.173	0.009
55.120	7.713	-0.007
55.140	11.150	-0.020
55.160	14.448	-0.023
55.180	17.542	-0.039
55.200	20.394	-0.036
55.220	22.978	-0.061
55.240	25.217	-0.051
55.260	27.129	-0.077
55.280	28.644	-0.062
55.300	29.804	-0.090
55.320	30.519	-0.068
55.340	30.841	-0.095
55.360	30.723	-0.077
55.380	30.207	-0.090
55.400	29.278	-0.084
55.420	27.940	-0.085
55.440	26.243	-0.080
55.460	24.170	-0.069
55.480	21.748	-0.076
55.500	19.041	-0.055
55.520	16.076	-0.068
55.540	12.875	-0.037
55.560	9.518	-0.055
55.580	6.032	-0.021
55.600	2.460	-0.036
55.620	-1.166	-0.004
55.640	-4.753	-0.015
55.660	-8.304	0.015
55.680	-11.720	0.011
55.700	-14.953	0.025
55.720	-18.015	0.031
55.740	-20.829	0.040
55.760	-23.354	0.055
55.780	-25.540	0.051
55.800	-27.398	0.072
55.820	-28.886	0.057
55.840	-29.933	0.085
55.860	-30.588	0.063
55.880	-30.835	0.093
55.900	-30.674	0.066
55.920	-30.089	0.092
55.940	-29.106	0.064
55.960	-27.683	0.089
55.980	-25.883	0.060
56.000	-23.751	0.076
56.020	-21.296	0.055
56.040	-18.520	0.063
56.060	-15.506	0.042
56.080	-12.278	0.041
56.100	-8.873	0.035
56.120	-5.344	0.022
56.140	-1.746	0.017
56.160	1.869	-0.002
56.180	5.452	-0.001
56.200	8.959	-0.025
56.220	12.364	-0.018
56.240	15.592	-0.044
56.260	18.589	-0.035
56.280	21.355	-0.058
56.300	23.832	-0.052
56.320	25.942	-0.069
56.340	27.699	-0.071
56.360	29.095	-0.077
56.380	30.105	-0.085
56.400	30.674	-0.076
56.420	30.852	-0.095
56.440	30.594	-0.075
56.460	29.922	-0.098
56.480	28.843	-0.074
56.500	27.360	-0.096
56.520	25.545	-0.065
56.540	23.327	-0.089
56.560	20.802	-0.054
56.580	17.993	-0.071
56.600	14.948	-0.041
56.620	11.677	-0.055
56.640	8.271	-0.029
56.660	4.743	-0.037
56.680	1.149	-0.014
56.700	-2.460	-0.012
56.720	-6.037	0.006
56.740	-9.561	0.010
56.760	-12.912	0.022
56.780	-16.103	0.031
56.800	-19.062	0.040
56.820	-21.785	0.046
56.840	-24.181	0.055
56.860	-26.270	0.064
56.880	-27.994	0.068
56.900	-29.326	0.074
56.920	-30.250	0.080
56.940	-30.728	0.082
56.960	-30.835	0.082
56.980	-30.519	0.084
57.000	-29.804	0.085
57.020	-28.655	0.076
57.040	-27.103	0.083
57.060	-25.174	0.070
57.080	-22.913	0.078
57.100	-20.351	0.059
57.120	-17.461	0.064
57.140	-14.378	0.045
57.160	-11.070	0.050
57.180	-7.632	0.031
57.200	-4.071	0.033
57.220	-0.451	0.008
57.240	3.164	0.014
57.260	6.735	-0.008
57.280	10.194	-0.007
57.300	13.551	-0.031
57.320	16.683	-0.025
57.340	19.615	-0.045
57.360	22.285	-0.044
57.380	24.626	-0.061
57.400	26.608	-0.054
57.420	28.247	-0.069
57.440	29.514	-0.067
57.460	30.352	-0.078
57.480	30.792	-0.070
57.500	30.792	-0.081
57.520	30.400	-0.073
57.540	29.579	-0.081
57.560	28.354	-0.078
57.580	26.743	-0.072
57.600	24.793	-0.069
57.620	22.451	-0.064
57.640	19.814	-0.057
57.660	16.919	-0.052
57.680	13.782	-0.043
57.700	10.474	-0.033
57.720	7.004	-0.024
57.740	3.448	-0.015
57.760	-0.150	-0.005
57.780	-3.765	0.004
57.800	-7.326	0.022
57.820	-10.774	0.025
57.840	-14.088	0.041
57.860	-17.187	0.038
57.880	-20.088	0.063
57.900	-22.677	0.055
57.920	-24.986	0.079
57.940	-26.931	0.067
57.960	-28.537	0.089
57.980	-29.691	0.077
58.000	-30.486	0.099
58.020	-30.809	0.083
58.040	-30.782	0.104
58.060	-30.331	0.083
58.080	-29.444	0.101
58.100	-28.128	0.086
58.120	-26.453	0.093
58.140	-24.406	0.080
58.160	-22.032	0.080
58.180	-19.331	0.067
58.200	-16.382	0.065
58.220	-13.224	0.058
58.240	-9.845	0.045
58.260	-6.365	0.040
58.280	-2.766	0.027
58.300	0.849	0.025
58.320	4.458	0.011
58.340	7.981	0.003
58.360	11.419	-0.013
58.380	14.706	-0.015
58.400	17.768	-0.030
58.420	20.614	-0.035
58.440	23.182	-0.042
58.460	25.378	-0.053
58.480	27.264	-0.052
58.500	28.741	-0.068
58.520	29.869	-0.061
58.540	30.567	-0.078
58.560	30.835	-0.061
58.580	30.707	-0.085
58.600	30.137	-0.063
58.620	29.187	-0.087
58.640	27.817	-0.061
58.660	26.077	-0.075
58.680	23.993	-0.056
58.700	21.538	-0.064
58.720	18.810	-0.048
58.740	15.839	-0.046
58.760	12.601	-0.038
58.780	9.238	-0.032
58.800	5.747	-0.026
58.820	2.165	-0.011
58.840	-1.434	-0.011
58.860	-5.027	0.015
58.880	-8.583	0.017
58.900	-11.972	0.032
58.920	-15.211	0.029
58.940	-18.262	0.051
58.960	-21.044	0.050
58.980	-23.525	0.066
59.000	-25.717	0.064
59.020	-27.548	0.076
59.040	-28.982	0.076
59.060	-30.024	0.085
59.080	-30.610	0.084
59.100	-30.835	0.088
59.120	-30.653	0.091
59.140	-30.024	0.086
59.160	-29.004	0.091
59.180	-27.559	0.079
59.200	-25.749	0.089
59.220	-23.568	0.069
59.240	-21.087	0.072
59.260	-18.289	0.059
59.280	-15.243	0.060
59.300	-12.010	0.042
59.320	-8.583	0.043
59.340	-5.070	0.022
59.360	-1.461	0.022
59.380	2.165	0.006
59.400	5.747	0.002
59.420	9.222	-0.012
59.440	12.627	-0.023
59.460	15.834	-0.026
59.480	18.820	-0.044
59.500	21.560	-0.040
59.520	24.014	-0.060
59.540	26.104	-0.056
59.560	27.838	-0.075
59.580	29.203	-0.070
59.600	30.164	-0.085
59.620	30.717	-0.077
59.640	30.841	-0.087
59.660	30.545	-0.080
59.680	29.847	-0.089
59.700	28.741	-0.083
59.720	27.215	-0.082
59.740	25.373	-0.075
59.760	23.133	-0.072
59.780	20.577	-0.069
59.800	17.762	-0.061
59.820	14.690	-0.054
59.840	11.414	-0.043
59.860	7.987	-0.038
59.880	4.463	-0.032
59.900	0.870	-0.020
59.920	-2.734	-0.012
59.940	-6.311	0.002
59.960	-9.813	0.009
59.980	-13.175	0.022
60.000	-16.328	0.026
60.020	-19.282	0.041
60.040	-21.979	0.043
60.060	-24.347	0.056
60.080	-26.404	0.055
60.100	-28.102	0.066
60.120	-29.385	0.064
60.140	-30.288	0.081
60.160	-30.728	0.069
60.180	-30.809	0.084
60.200	-30.465	0.074
60.220	-29.702	0.082
60.240	-28.521	0.069
60.260	-26.936	0.080
60.280	-24.992	0.064
60.300	-22.714	0.072
60.320	-20.099	0.051
60.340	-17.220	0.058
60.360	-14.099	0.035
60.380	-10.796	0.040
60.400	-7.348	0.021
60.420	-3.771	0.024
60.440	-0.161	0.002
60.460	3.454	0.003
60.480	7.025	-0.015
60.500	10.479	-0.018
60.520	13.809	-0.035
60.540	16.935	-0.035
60.560	19.835	-0.052
60.580	22.505	-0.052
60.600	24.793	-0.068
60.620	26.748	-0.067
60.640	28.370	-0.079
60.660	29.595	-0.078
60.680	30.411	-0.082
60.700	30.809	-0.082
60.720	30.782	-0.091
60.740	30.352	-0.085
60.760	29.493	-0.090
60.780	28.236	-0.084
60.800	26.608	-0.085
60.820	24.616	-0.074
60.840	22.258	-0.074
60.860	19.599	-0.065
60.880	16.693	-0.065
60.900	13.524	-0.048
60.920	10.189	-0.048
60.940	6.730	-0.028
60.960	3.164	-0.032
60.980	-0.435	-0.009
61.000	-4.028	-0.010
61.020	-7.600	0.013
61.040	-11.043	0.010
61.060	-14.330	0.027
61.080	-17.429	0.028
61.100	-20.297	0.048
61.120	-22.870	0.048
61.140	-25.137	0.063
61.160	-27.070	0.060
61.180	-28.628	0.074
61.200	-29.761	0.074
61.220	-30.519	0.084
61.240	-30.814	0.083
61.260	-30.760	0.084
61.280	-30.250	0.081
61.300	-29.337	0.084
61.320	-28.005	0.082
61.340	-26.308	0.076
61.360	-24.240	0.071
61.380	-21.828	0.066
61.400	-19.100	0.062
61.420	-16.146	0.055
61.440	-12.960	0.043
61.460	-9.587	0.039
61.480	-6.075	0.028
61.500	-2.487	0.022
61.520	1.139	0.006
61.540	4.737	0.006
61.560	8.255	-0.011
61.580	11.687	-0.009
61.600	14.948	-0.033
61.620	18.009	-0.027
61.640	20.824	-0.056
61.660	23.359	-0.048
61.680	25.534	-0.069
61.700	27.387	-0.061
61.720	28.848	-0.074
61.740	29.938	-0.067
61.760	30.594	-0.081
61.780	30.852	-0.076
61.800	30.674	-0.082
61.820	30.073	-0.076
61.840	29.084	-0.083
61.860	27.693	-0.077
61.880	25.932	-0.073
61.900	23.805	-0.072
61.920	21.323	-0.060
61.940	18.579	-0.059
61.960	15.571	-0.042
61.980	12.332	-0.044
62.000	8.954	-0.027
62.020	5.452	-0.025
62.040	1.864	-0.010
62.060	-1.751	-0.000
62.080	-5.317	0.013
62.100	-8.868	0.021
62.120	-12.251	0.028
62.140	-15.469	0.039
62.160	-18.514	0.044
62.180	-21.264	0.057
62.200	-23.740	0.058
62.220	-25.878	0.072
62.240	-27.688	0.073
62.260	-29.090	0.086
62.280	-30.094	0.081
62.300	-30.680	0.093
62.320	-30.846	0.088
62.340	-30.615	0.095
62.360	-29.987	0.088
62.380	-28.923	0.094
62.400	-27.441	0.089
62.420	-25.583	0.088
62.440	-23.407	0.080
62.460	-20.888	0.074
62.480	-18.063	0.067
62.500	-15.007	0.062
62.520	-11.768	0.051
62.540	-8.325	0.042
62.560	-4.791	0.035
62.580	-1.187	0.024
62.600	2.428	0.018
62.620	6.021	0.004
62.640	9.491	-0.003
62.660	12.891	-0.015
62.680	16.076	-0.021
62.700	19.046	-0.035
62.720	21.769	-0.040
62.740	24.175	-0.048
62.760	26.249	-0.054
62.780	27.957	-0.060
62.800	29.294	-0.061
62.820	30.212	-0.068
62.840	30.733	-0.071
62.860	30.830	-0.073
62.880	30.508	-0.077
62.900	29.777	-0.073
62.920	28.633	-0.076
62.940	27.081	-0.069
62.960	25.217	-0.066
62.980	22.951	-0.064
63.000	20.367	-0.055
63.020	17.537	-0.049
63.040	14.437	-0.043
63.060	11.140	-0.036
63.080	7.713	-0.026
63.100	4.173	-0.019
63.120	0.580	-0.009
63.140	-3.035	0.002
63.160	-6.612	0.014
63.180	-10.103	0.021
63.200	-13.428	0.033
63.220	-16.570	0.038
63.240	-19.519	0.054
63.260	-22.172	0.057
63.280	-24.546	0.064
63.300	-26.565	0.064
63.320	-28.204	0.076
63.340	-29.482	0.080
63.360	-30.347	0.090
63.380	-30.771	0.084
63.400	-30.809	0.095
63.420	-30.422	0.086
63.440	-29.632	0.091
63.460	-28.413	0.082
63.480	-26.807	0.084
63.500	-24.820	0.076
63.520	-22.521	0.073
63.540	-19.873	0.064
63.560	-16.973	0.060
63.580	-13.857	0.049
63.600	-10.517	0.043
63.620	-7.058	0.034
63.640	-3.475	0.026
63.660	0.124	0.014
63.680	3.738	0.006
63.700	7.289	-0.006
63.720	10.753	-0.016
63.740	14.051	-0.022
63.760	17.182	-0.033
63.780	20.061	-0.042
63.800	22.693	-0.050
63.820	24.959	-0.055
63.840	26.920	-0.061
63.860	28.472	-0.072
63.880	29.670	-0.074
63.900	30.449	-0.081
63.920	30.825	-0.083
63.940	30.766	-0.081
63.960	30.298	-0.080
63.980	29.412	-0.082
64.000	28.123	-0.082
64.020	26.458	-0.079
64.040	24.438	-0.073
64.060	22.059	-0.073
64.080	19.374	-0.061
64.100	16.436	-0.061
64.120	13.261	-0.048
64.140	9.926	-0.043
64.160	6.461	-0.035
64.180	2.895	-0.023
64.200	-0.714	-0.015
64.220	-4.318	-0.003
64.240	-7.879	0.004
64.260	-11.312	0.018
64.280	-14.572	0.022
64.300	-17.655	0.031
64.320	-20.507	0.043
64.340	-23.058	0.051
64.360	-25.287	0.054
64.380	-27.194	0.063
64.400	-28.714	0.065
64.420	-29.847	0.076
64.440	-30.545	0.075
64.460	-30.825	0.077
64.480	-30.707	0.080
64.500	-30.196	0.076
64.520	-29.240	0.077
64.540	-27.887	0.076
64.560	-26.141	0.072
64.580	-24.036	0.065
64.600	-21.624	0.061
64.620	-18.874	0.053
64.640	-15.877	0.047
64.660	-12.708	0.036
64.680	-9.292	0.033
64.700	-5.785	0.020
64.720	-2.208	0.014
64.740	1.418	0.001
64.760	5.006	-0.007
64.780	8.540	-0.015
64.800	11.961	-0.026
64.820	15.206	-0.036
64.840	18.240	-0.044
64.860	21.022	-0.054
64.880	23.536	-0.065
64.900	25.701	-0.065
64.920	27.511	-0.076
64.940	28.956	-0.077
64.960	29.998	-0.085
64.980	30.626	-0.084
65.000	30.852	-0.090
65.020	30.647	-0.085
65.040	30.008	-0.090
65.060	28.988	-0.085
65.080	27.575	-0.085
65.100	25.781	-0.077
65.120	23.617	-0.081
65.140	21.114	-0.071
65.160	18.353	-0.066
65.180	15.324	-0.059
65.200	12.074	-0.050
65.220	8.685	-0.036
65.240	5.162	-0.034
65.260	1.584	-0.019
65.280	-2.036	-0.015
65.300	-5.624	0.003
65.320	-9.158	0.008
65.340	-12.536	0.022
65.360	-15.732	0.026
65.380	-18.729	0.043
65.400	-21.495	0.043
65.420	-23.939	0.060
65.440	-26.044	0.055
65.460	-27.806	0.068
65.480	-29.208	0.066
65.500	-30.191	0.080
65.520	-30.723	0.072
65.540	-30.852	0.085
65.560	-30.615	0.079
65.580	-29.944	0.082
65.600	-28.864	0.073
65.620	-27.333	0.081
65.640	-25.448	0.071
65.660	-23.246	0.072
65.680	-20.695	0.059
65.700	-17.870	0.056
65.720	-14.787	0.045
65.740	-11.532	0.044
65.760	-8.083	0.031
65.780	-4.522	0.026
65.800	-0.913	0.014
65.820	2.707	0.007
65.840	6.273	-0.003
65.860	9.765	-0.011
65.880	13.138	-0.022
65.900	16.312	-0.030
65.920	19.261	-0.044
65.940	21.979	-0.047
65.960	24.353	-0.061
65.980	26.394	-0.060
66.000	28.069	-0.074
66.020	29.375	-0.073
66.040	30.271	-0.082
66.060	30.750	-0.075
66.080	30.825	-0.085
66.100	30.470	-0.077
66.120	29.691	-0.085
66.140	28.521	-0.077
66.160	26.947	-0.077
66.180	25.045	-0.073
66.200	22.747	-0.070
66.220	20.152	-0.058
66.240	17.273	-0.056
66.260	14.158	-0.042
66.280	10.866	-0.040
66.300	7.412	-0.026
66.320	3.873	-0.023
66.340	0.258	-0.003
66.360	-3.346	0.001
66.380	-6.923	0.015
66.400	-10.404	0.019
66.420	-13.712	0.035
66.440	-16.865	0.039
66.460	-19.776	0.054
66.480	-22.424	0.055
66.500	-24.755	0.071
66.520	-26.743	0.072
66.540	-28.386	0.082
66.560	-29.611	0.079
66.580	-30.459	0.089
66.600	-30.814	0.084
66.620	-30.841	0.094
66.640	-30.422	0.084
66.660	-29.595	0.090
66.680	-28.354	0.084
66.700	-26.700	0.090
66.720	-24.702	0.079
66.740	-22.365	0.080
66.760	-19.690	0.068
66.780	-16.769	0.066
66.800	-13.637	0.054
66.820	-10.275	0.051
66.840	-6.805	0.035
66.860	-3.223	0.031
66.880	0.397	0.019
66.900	4.018	0.012
66.920	7.536	-0.006
66.940	11.021	-0.007
66.960	14.309	-0.023
66.980	17.397	-0.021
67.000	20.276	-0.043
67.020	22.875	-0.040
67.040	25.126	-0.054
67.060	27.049	-0.050
67.080	28.580	-0.060
67.100	29.740	-0.061
67.120	30.497	-0.071
67.140	30.835	-0.066
67.160	30.739	-0.077
67.180	30.245	-0.070
67.200	29.326	-0.075
67.220	28.005	-0.072
67.240	26.302	-0.064
67.260	24.261	-0.062
67.280	21.839	-0.055
67.300	19.159	-0.053
67.320	16.194	-0.044
67.340	12.993	-0.039
67.360	9.657	-0.026
67.380	6.150	-0.022
67.400	2.594	-0.012
67.420	-1.021	-0.009
67.440	-4.608	0.007
67.460	-8.153	0.016
67.480	-11.580	0.026
67.500	-14.835	0.035
67.520	-17.896	0.042
67.540	-20.732	0.056
67.560	-23.246	0.060
67.580	-25.470	0.071
67.600	-27.350	0.070
67.620	-28.837	0.081
67.640	-29.917	0.082
67.660	-30.578	0.089
67.680	-30.862	0.085
67.700	-30.712	0.093
67.720	-30.159	0.088
67.740	-29.160	0.089
67.760	-27.769	0.085
67.780	-25.996	0.081
67.800	-23.864	0.076
67.820	-21.425	0.071
67.840	-18.648	0.063
67.860	-15.646	0.055
67.880	-12.434	0.050
67.900	-9.023	0.041
67.920	-5.505	0.031
67.940	-1.901	0.020
67.960	1.713	0.010
67.980	5.307	0.002
68.000	8.819	-0.011
68.020	12.230	-0.018
68.040	15.453	-0.029
68.060	18.466	-0.035
68.080	21.243	-0.048
68.100	23.729	-0.052
68.120	25.851	-0.058
68.140	27.640	-0.065
68.160	29.052	-0.074
68.180	30.057	-0.074
68.200	30.669	-0.081
68.220	30.857	-0.082
68.240	30.610	-0.082
68.260	29.944	-0.083
68.280	28.896	-0.083
68.300	27.441	-0.081
68.320	25.615	-0.074
68.340	23.429	-0.077
68.360	20.899	-0.062
68.380	18.111	-0.065
68.400	15.082	-0.051
68.420	11.816	-0.052
68.440	8.406	-0.035
68.460	4.893	-0.032
68.480	1.300	-0.019
68.500	-2.315	-0.015
68.520	-5.887	0.002
68.540	-9.399	0.007
68.560	-12.767	0.022
68.580	-15.952	0.023
68.600	-18.949	0.040
68.620	-21.678	0.043
68.640	-24.079	0.056
68.660	-26.184	0.057
68.680	-27.919	0.066
68.700	-29.278	0.067
68.720	-30.223	0.077
68.740	-30.696	0.072
68.760	-30.841	0.083
68.780	-30.529	0.074
68.800	-29.842	0.080
68.820	-28.708	0.072
68.840	-27.156	0.075
68.860	-25.255	0.065
68.880	-22.999	0.066
68.900	-20.442	0.052
68.920	-17.590	0.055
68.940	-14.513	0.039
68.960	-11.226	0.040
68.980	-7.767	0.022
69.000	-4.222	0.021
69.020	-0.607	0.004
69.040	3.008	-0.002
69.060	6.569	-0.016
69.080	10.055	-0.022
69.100	13.406	-0.030
69.120	16.559	-0.042
69.140	19.492	-0.052
69.160	22.188	-0.053
69.180	24.524	-0.069
69.200	26.539	-0.067
69.220	28.193	-0.081
69.240	29.471	-0.077
69.260	30.325	-0.086
69.280	30.782	-0.085
69.300	30.809	-0.094
69.320	30.422	-0.084
69.340	29.605	-0.095
69.360	28.418	-0.083
69.380	26.818	-0.088
69.400	24.884	-0.077
69.420	22.553	-0.081
69.440	19.937	-0.063
69.460	17.064	-0.067
69.480	13.933	-0.055
69.500	10.597	-0.049
69.520	7.149	-0.037
69.540	3.599	-0.028
69.560	-0.005	-0.019
69.580	-3.593	-0.009
69.600	-7.170	0.005
69.620	-10.635	0.010
69.640	-13.943	0.024
69.660	-17.059	0.028
69.680	-19.975	0.036
69.700	-22.591	0.045
69.720	-24.884	0.055
69.740	-26.861	0.060
69.760	-28.451	0.068
69.780	-29.670	0.070
69.800	-30.470	0.079
69.820	-30.792	0.074
69.840	-30.798	0.085
69.860	-30.336	0.076
69.880	-29.487	0.083
69.900	-28.204	0.074
69.920	-26.533	0.075
69.940	-24.508	0.066
