0.000	12.893	-0.005
0.020	16.121	-0.026
0.040	19.124	-0.041
0.060	21.890	-0.062
0.080	24.307	-0.080
0.100	26.385	-0.095
0.120	28.088	-0.107
0.140	29.404	-0.124
0.160	30.296	-0.132
0.180	30.768	-0.144
0.200	30.806	-0.149
0.220	30.425	-0.157
0.240	29.597	-0.161
0.260	28.389	-0.163
0.280	26.745	-0.161
0.300	24.769	-0.160
0.320	22.400	-0.157
0.340	19.715	-0.147
0.360	16.766	-0.141
0.380	13.570	-0.128
0.400	10.192	-0.117
0.420	6.684	-0.102
0.440	3.075	-0.088
0.460	-0.572	-0.070
0.480	-4.224	-0.051
0.500	-7.834	-0.032
0.520	-11.330	-0.016
0.540	-14.639	0.002
0.560	-17.770	0.021
0.580	-20.644	0.042
0.600	-23.227	0.058
0.620	-25.472	0.077
0.640	-27.385	0.088
0.660	-28.888	0.106
0.680	-29.979	0.114
0.700	-30.645	0.127
0.720	-30.870	0.138
0.740	-30.720	0.146
0.760	-30.124	0.146
0.780	-29.098	0.151
0.800	-27.626	0.150
0.820	-25.779	0.154
0.840	-23.598	0.148
0.860	-21.057	0.144
0.880	-18.205	0.133
0.900	-15.133	0.126
0.920	-11.846	0.108
0.940	-8.349	0.101
0.960	-4.761	0.084
0.980	-1.109	0.071
1.000	2.565	0.049
1.020	6.196	0.032
1.040	9.724	0.014
1.060	13.146	-0.003
1.080	16.352	-0.022
1.100	19.333	-0.038
1.120	22.083	-0.051
1.140	24.468	-0.076
1.160	26.525	-0.084
1.180	28.190	-0.105
1.200	29.490	-0.116
1.220	30.349	-0.128
1.240	30.790	-0.136
1.260	30.790	-0.145
1.280	30.371	-0.149
1.300	29.528	-0.153
1.320	28.271	-0.158
1.340	26.606	-0.153
1.360	24.597	-0.154
1.380	22.201	-0.142
1.400	19.494	-0.142
1.420	16.519	-0.127
1.440	13.302	-0.119
1.460	9.912	-0.103
1.480	6.389	-0.096
1.500	2.753	-0.076
1.520	-0.889	-0.061
1.540	-4.541	-0.042
1.560	-8.145	-0.019
1.580	-11.610	-0.007
1.600	-14.913	0.013
1.620	-18.039	0.029
1.640	-20.885	0.049
1.660	-23.426	0.064
1.680	-25.639	0.088
1.700	-27.540	0.095
1.720	-29.012	0.122
1.740	-30.065	0.129
1.760	-30.698	0.137
1.780	-30.860	0.144
1.800	-30.698	0.158
1.820	-30.065	0.158
1.840	-28.990	0.167
1.860	-27.497	0.162
1.880	-25.644	0.162
1.900	-23.410	0.157
1.920	-20.864	0.152
1.940	-17.974	0.137
1.960	-14.881	0.130
1.980	-11.556	0.117
2.000	-8.081	0.107
2.020	-4.482	0.088
2.040	-0.824	0.077
2.060	2.844	0.055
2.080	6.480	0.039
2.100	9.993	0.024
2.120	13.414	0.005
2.140	16.610	-0.018
2.160	19.564	-0.032
2.180	22.282	-0.053
2.200	24.651	-0.065
2.220	26.670	-0.086
2.240	28.303	-0.099
2.260	29.571	-0.115
2.280	30.398	-0.119
2.300	30.801	-0.132
2.320	30.768	-0.139
2.340	30.328	-0.141
2.360	29.442	-0.148
2.380	28.142	-0.152
2.400	26.471	-0.144
2.420	24.420	-0.145
2.440	22.003	-0.144
2.460	19.263	-0.131
2.480	16.288	-0.127
2.500	13.071	-0.115
2.520	9.671	-0.106
2.540	6.126	-0.091
2.560	2.506	-0.074
2.580	-1.147	-0.055
2.600	-4.810	-0.042
2.620	-8.398	-0.026
2.640	-11.873	-0.003
2.660	-15.133	0.015
2.680	-18.221	0.035
2.700	-21.063	0.046
2.720	-23.593	0.067
2.740	-25.779	0.084
2.760	-27.621	0.104
2.780	-29.071	0.113
2.800	-30.092	0.130
2.820	-30.682	0.131
2.840	-30.886	0.148
2.860	-30.629	0.153
2.880	-29.968	0.157
2.900	-28.867	0.161
2.920	-27.347	0.160
2.940	-25.446	0.158
2.960	-23.200	0.154
2.980	-20.622	0.146
3.000	-17.727	0.136
3.020	-14.612	0.123
3.040	-11.282	0.116
3.060	-7.785	0.100
3.080	-4.176	0.087
3.100	-0.524	0.067
3.120	3.161	0.048
3.140	6.765	0.032
3.160	10.261	0.014
3.180	13.667	-0.003
3.200	16.846	-0.020
3.220	19.795	-0.042
3.240	22.486	-0.058
3.260	24.823	-0.076
3.280	26.810	-0.090
3.300	28.421	-0.105
3.320	29.656	-0.118
3.340	30.441	-0.132
3.360	30.827	-0.143
3.380	30.752	-0.145
3.400	30.269	-0.153
3.420	29.361	-0.150
3.440	28.034	-0.157
3.460	26.321	-0.155
3.480	24.253	-0.157
3.500	21.804	-0.148
3.520	19.054	-0.144
3.540	16.052	-0.130
3.560	12.802	-0.123
3.580	9.397	-0.111
3.600	5.852	-0.099
3.620	2.226	-0.083
3.640	-1.426	-0.065
3.660	-5.057	-0.049
3.680	-8.656	-0.029
3.700	-12.093	-0.012
3.720	-15.369	0.010
3.740	-18.442	0.024
3.760	-21.256	0.041
3.780	-23.754	0.059
3.800	-25.918	0.074
3.820	-27.734	0.093
3.840	-29.168	0.105
3.860	-30.140	0.120
3.880	-30.704	0.128
3.900	-30.860	0.139
3.920	-30.575	0.140
3.940	-29.877	0.148
3.960	-28.754	0.147
3.980	-27.197	0.148
4.000	-25.279	0.146
4.020	-22.996	0.145
4.040	-20.386	0.136
4.060	-17.480	0.125
4.080	-14.354	0.114
4.100	-11.003	0.103
4.120	-7.501	0.090
4.140	-3.886	0.075
4.160	-0.239	0.059
4.180	3.435	0.038
4.200	7.044	0.019
4.220	10.546	0.001
4.240	13.935	-0.015
4.260	17.088	-0.032
4.280	20.021	-0.049
4.300	22.690	-0.070
4.320	24.984	-0.081
4.340	26.949	-0.104
4.360	28.529	-0.111
4.380	29.726	-0.128
4.400	30.484	-0.140
4.420	30.833	-0.147
4.440	30.731	-0.156
4.460	30.215	-0.157
4.480	29.264	-0.166
4.500	27.900	-0.165
4.520	26.176	-0.164
4.540	24.060	-0.159
4.560	21.600	-0.155
4.580	18.828	-0.144
4.600	15.821	-0.139
4.620	12.550	-0.125
4.640	9.128	-0.116
4.660	5.567	-0.101
4.680	1.947	-0.084
4.700	-1.716	-0.066
4.720	-5.363	-0.049
4.740	-8.940	-0.029
4.760	-12.378	-0.012
4.780	-15.616	0.003
4.800	-18.673	0.029
4.820	-21.466	0.041
4.840	-23.942	0.059
4.860	-26.085	0.079
4.880	-27.852	0.091
4.900	-29.270	0.106
4.920	-30.215	0.121
4.940	-30.720	0.125
4.960	-30.838	0.140
4.980	-30.543	0.146
5.000	-29.823	0.147
5.020	-28.657	0.153
5.040	-27.068	0.150
5.060	-25.118	0.150
5.080	-22.808	0.142
5.100	-20.182	0.137
5.120	-17.255	0.129
5.140	-14.102	0.117
5.160	-10.729	0.102
5.180	-7.221	0.092
5.200	-3.612	0.075
5.220	0.046	0.059
5.240	3.709	0.038
5.260	7.302	0.023
5.280	10.815	0.005
5.300	14.177	-0.011
5.320	17.308	-0.024
5.340	20.230	-0.051
5.360	22.884	-0.059
5.380	25.156	-0.086
5.400	27.078	-0.092
5.420	28.641	-0.116
5.440	29.802	-0.116
5.460	30.532	-0.140
5.480	30.838	-0.136
5.500	30.715	-0.153
5.520	30.145	-0.151
5.540	29.178	-0.157
5.560	27.777	-0.161
5.580	26.026	-0.157
5.600	23.877	-0.159
5.620	21.369	-0.144
5.640	18.603	-0.150
5.660	15.552	-0.124
5.680	12.270	-0.128
5.700	8.838	-0.102
5.720	5.288	-0.099
5.740	1.652	-0.070
5.760	-2.017	-0.066
5.780	-5.642	-0.037
5.800	-9.219	-0.024
5.820	-12.646	-0.006
5.840	-15.890	0.010
5.860	-18.920	0.033
5.880	-21.686	0.051
5.900	-24.140	0.067
5.920	-26.257	0.085
5.940	-28.008	0.096
5.960	-29.366	0.115
5.980	-30.301	0.125
6.000	-30.779	0.137
6.020	-30.844	0.147
6.040	-30.527	0.152
6.060	-29.764	0.152
6.080	-28.577	0.158
6.100	-26.949	0.158
6.120	-24.973	0.154
6.140	-22.631	0.152
6.160	-19.951	0.142
6.180	-17.040	0.135
6.200	-13.860	0.124
6.220	-10.492	0.114
6.240	-6.958	0.096
6.260	-3.344	0.084
6.280	0.320	0.065
6.300	3.988	0.050
6.320	7.581	0.030
6.340	11.094	0.015
6.360	14.424	-0.006
6.380	17.550	-0.020
6.400	20.445	-0.039
6.420	23.077	-0.059
6.440	25.306	-0.070
6.460	27.213	-0.095
6.480	28.743	-0.097
6.500	29.871	-0.119
6.520	30.570	-0.121
6.540	30.838	-0.138
6.560	30.682	-0.136
6.580	30.081	-0.149
6.600	29.093	-0.145
6.620	27.653	-0.153
6.640	25.870	-0.146
6.660	23.700	-0.145
6.680	21.165	-0.136
6.700	18.377	-0.132
6.720	15.300	-0.122
6.740	12.018	-0.112
6.760	8.570	-0.097
6.780	5.003	-0.079
6.800	1.362	-0.067
6.820	-2.302	-0.053
6.840	-5.927	-0.030
6.860	-9.493	-0.018
6.880	-12.899	0.009
6.900	-16.116	0.020
6.920	-19.140	0.044
6.940	-21.879	0.057
6.960	-24.302	0.079
6.980	-26.402	0.088
7.000	-28.115	0.110
7.020	-29.442	0.119
7.040	-30.328	0.136
7.060	-30.784	0.136
7.080	-30.854	0.155
7.100	-30.462	0.153
7.120	-29.678	0.167
7.140	-28.437	0.158
7.160	-26.788	0.164
7.180	-24.790	0.154
7.200	-22.427	0.158
7.220	-19.731	0.140
7.240	-16.777	0.138
7.260	-13.608	0.121
7.280	-10.197	0.117
7.300	-6.668	0.092
7.320	-3.037	0.085
7.340	0.620	0.063
7.360	4.278	0.049
7.380	7.855	0.027
7.400	11.352	0.016
7.420	14.687	-0.008
7.440	17.802	-0.022
7.460	20.660	-0.045
7.480	23.254	-0.057
7.500	25.483	-0.080
7.520	27.352	-0.088
7.540	28.845	-0.110
7.560	29.941	-0.114
7.580	30.596	-0.134
7.600	30.849	-0.135
7.620	30.656	-0.148
7.640	30.022	-0.146
7.660	28.990	-0.157
7.680	27.530	-0.151
7.700	25.719	-0.155
7.720	23.517	-0.148
7.740	20.961	-0.143
7.760	18.146	-0.136
7.780	15.063	-0.125
7.800	11.760	-0.117
7.820	8.312	-0.103
7.840	4.745	-0.090
7.860	1.098	-0.070
7.880	-2.554	-0.053
7.900	-6.201	-0.037
7.920	-9.740	-0.018
7.940	-13.140	-0.001
7.960	-16.347	0.020
7.980	-19.349	0.032
8.000	-22.067	0.055
8.020	-24.473	0.068
8.040	-26.525	0.089
8.060	-28.228	0.097
8.080	-29.485	0.114
8.100	-30.376	0.127
8.120	-30.784	0.135
8.140	-30.811	0.141
8.160	-30.398	0.148
8.180	-29.565	0.151
8.200	-28.314	0.153
8.220	-26.654	0.153
8.240	-24.592	0.147
8.260	-22.228	0.146
8.280	-19.500	0.133
8.300	-16.546	0.128
8.320	-13.344	0.114
8.340	-9.934	0.101
8.360	-6.378	0.088
8.380	-2.753	0.075
8.400	0.921	0.056
8.420	4.557	0.037
8.440	8.151	0.018
8.460	11.610	-0.000
8.480	14.940	-0.017
8.500	18.017	-0.037
8.520	20.875	-0.053
8.540	23.431	-0.073
8.560	25.634	-0.083
8.580	27.492	-0.107
8.600	28.937	-0.111
8.620	30.000	-0.134
8.640	30.639	-0.136
8.660	30.844	-0.153
8.680	30.618	-0.150
8.700	29.952	-0.161
8.720	28.888	-0.161
8.740	27.401	-0.165
8.760	25.564	-0.158
8.780	23.335	-0.163
8.800	20.762	-0.149
8.820	17.921	-0.147
8.840	14.805	-0.134
8.860	11.502	-0.124
8.880	8.032	-0.113
8.900	4.445	-0.099
8.920	0.808	-0.077
8.940	-2.855	-0.063
8.960	-6.453	-0.043
8.980	-10.004	-0.030
9.000	-13.393	-0.005
9.020	-16.583	0.009
9.040	-19.564	0.033
9.060	-22.260	0.042
9.080	-24.635	0.066
9.100	-26.670	0.074
9.120	-28.324	0.097
9.140	-29.581	0.109
9.160	-30.419	0.125
9.180	-30.795	0.125
9.200	-30.806	0.145
9.220	-30.365	0.138
9.240	-29.490	0.152
9.260	-28.190	0.142
9.280	-26.498	0.154
9.300	-24.420	0.139
9.320	-22.019	0.144
9.340	-19.285	0.125
9.360	-16.282	0.128
9.380	-13.071	0.107
9.400	-9.655	0.104
9.420	-6.094	0.079
9.440	-2.468	0.075
9.460	1.206	0.048
9.480	4.842	0.038
9.500	8.408	0.015
9.520	11.889	0.001
9.540	15.176	-0.020
9.560	18.259	-0.036
9.580	21.090	-0.054
9.600	23.625	-0.071
9.620	25.795	-0.086
9.640	27.621	-0.104
9.660	29.039	-0.116
9.680	30.065	-0.127
9.700	30.672	-0.136
9.720	30.844	-0.144
9.740	30.586	-0.155
9.760	29.887	-0.155
9.780	28.792	-0.165
9.800	27.272	-0.159
9.820	25.413	-0.161
9.840	23.152	-0.152
9.860	20.552	-0.150
9.880	17.695	-0.140
9.900	14.564	-0.132
9.920	11.234	-0.119
9.940	7.753	-0.107
9.960	4.176	-0.090
9.980	0.518	-0.076
10.000	-3.129	-0.054
10.020	-6.765	-0.035
10.040	-10.288	-0.020
10.060	-13.656	-0.003
10.080	-16.857	0.015
10.100	-19.795	0.033
10.120	-22.491	0.054
10.140	-24.817	0.074
10.160	-26.837	0.085
10.180	-28.464	0.103
10.200	-29.667	0.114
10.220	-30.494	0.129
10.240	-30.833	0.133
10.260	-30.790	0.145
10.280	-30.328	0.147
10.300	-29.420	0.153
10.320	-28.104	0.150
10.340	-26.359	0.157
10.360	-24.275	0.148
10.380	-21.852	0.149
10.400	-19.081	0.133
10.420	-16.068	0.131
10.440	-12.840	0.111
10.460	-9.413	0.101
10.480	-5.846	0.085
10.500	-2.189	0.074
10.520	1.464	0.054
10.540	5.116	0.040
10.560	8.682	0.018
10.580	12.136	0.005
10.600	15.418	-0.017
10.620	18.479	-0.027
10.640	21.294	-0.049
10.660	23.791	-0.066
10.680	25.950	-0.081
10.700	27.744	-0.097
10.720	29.130	-0.107
10.740	30.124	-0.123
10.760	30.698	-0.130
10.780	30.844	-0.139
10.800	30.543	-0.144
10.820	29.812	-0.146
10.840	28.684	-0.155
10.860	27.143	-0.150
10.880	25.252	-0.148
10.900	22.959	-0.147
10.920	20.332	-0.137
10.940	17.443	-0.132
10.960	14.295	-0.120
10.980	10.954	-0.111
11.000	7.463	-0.095
11.020	3.865	-0.081
11.040	0.239	-0.061
11.060	-3.429	-0.047
11.080	-7.033	-0.025
11.100	-10.562	-0.014
11.120	-13.925	0.009
11.140	-17.083	0.023
11.160	-20.031	0.047
11.180	-22.669	0.062
11.200	-25.000	0.083
11.220	-26.992	0.095
11.240	-28.572	0.114
11.260	-29.769	0.125
11.280	-30.532	0.137
11.300	-30.833	0.139
11.320	-30.784	0.156
11.340	-30.280	0.153
11.360	-29.340	0.165
11.380	-27.959	0.158
11.400	-26.219	0.162
11.420	-24.103	0.154
11.440	-21.632	0.155
11.460	-18.839	0.140
11.480	-15.810	0.134
11.500	-12.587	0.119
11.520	-9.134	0.113
11.540	-5.556	0.092
11.560	-1.909	0.084
11.580	1.770	0.055
11.600	5.395	0.047
11.620	8.956	0.027
11.640	12.410	0.011
11.660	15.676	-0.012
11.680	18.705	-0.028
11.700	21.503	-0.045
11.720	23.979	-0.060
11.740	26.106	-0.078
11.760	27.868	-0.094
11.780	29.232	-0.107
11.800	30.188	-0.117
11.820	30.725	-0.127
11.840	30.833	-0.139
11.860	30.510	-0.144
11.880	29.742	-0.145
11.900	28.582	-0.153
11.920	27.009	-0.146
11.940	25.075	-0.148
11.960	22.771	-0.142
11.980	20.123	-0.136
12.000	17.212	-0.128
12.020	14.053	-0.119
12.040	10.697	-0.107
12.060	7.184	-0.092
12.080	3.612	-0.080
12.100	-0.046	-0.063
12.120	-3.703	-0.049
12.140	-7.313	-0.025
12.160	-10.825	-0.010
12.180	-14.172	0.010
12.200	-17.319	0.026
12.220	-20.219	0.046
12.240	-22.851	0.060
12.260	-25.139	0.083
12.280	-27.094	0.091
12.300	-28.684	0.109
12.320	-29.812	0.120
12.340	-30.559	0.133
12.360	-30.849	0.142
12.380	-30.758	0.150
12.400	-30.199	0.152
12.420	-29.227	0.159
12.440	-27.830	0.154
12.460	-26.042	0.162
12.480	-23.920	0.150
12.500	-21.412	0.150
12.520	-18.608	0.133
12.540	-15.568	0.128
12.560	-12.292	0.115
12.580	-8.838	0.107
12.600	-5.261	0.086
12.620	-1.598	0.076
12.640	2.060	0.054
12.660	5.691	0.035
12.680	9.219	0.017
12.700	12.668	0.002
12.720	15.928	-0.018
12.740	18.936	-0.034
12.760	21.718	-0.056
12.780	24.156	-0.070
12.800	26.246	-0.086
12.820	27.981	-0.103
12.840	29.323	-0.115
12.860	30.242	-0.127
12.880	30.747	-0.140
12.900	30.817	-0.145
12.920	30.457	-0.151
12.940	29.667	-0.155
12.960	28.469	-0.158
12.980	26.874	-0.156
13.000	24.919	-0.155
13.020	22.572	-0.152
13.040	19.908	-0.145
13.060	16.986	-0.138
13.080	13.790	-0.126
13.100	10.439	-0.116
13.120	6.931	-0.103
13.140	3.333	-0.089
13.160	-0.314	-0.067
13.180	-3.972	-0.054
13.200	-7.587	-0.033
13.220	-11.089	-0.020
13.240	-14.408	0.004
13.260	-17.550	0.018
13.280	-20.440	0.036
13.300	-23.029	0.051
13.320	-25.301	0.071
13.340	-27.240	0.088
13.360	-28.770	0.100
13.380	-29.882	0.113
13.400	-30.580	0.122
13.420	-30.844	0.132
13.440	-30.698	0.143
13.460	-30.129	0.145
13.480	-29.130	0.148
13.500	-27.701	0.144
13.520	-25.881	0.150
13.540	-23.716	0.142
13.560	-21.208	0.138
13.580	-18.383	0.124
13.600	-15.310	0.119
13.620	-12.029	0.102
13.640	-8.559	0.096
13.660	-4.976	0.078
13.680	-1.324	0.065
13.700	2.323	0.043
13.720	5.965	0.029
13.740	9.510	0.009
13.760	12.936	-0.004
13.780	16.159	-0.026
13.800	19.156	-0.042
13.820	21.906	-0.060
13.840	24.323	-0.080
13.860	26.391	-0.096
13.880	28.094	-0.108
13.900	29.409	-0.123
13.920	30.301	-0.132
13.940	30.768	-0.145
13.960	30.811	-0.151
13.980	30.414	-0.156
14.000	29.587	-0.160
14.020	28.362	-0.165
14.040	26.735	-0.161
14.060	24.747	-0.162
14.080	22.368	-0.155
14.100	19.688	-0.148
14.120	16.744	-0.140
14.140	13.543	-0.129
14.160	10.176	-0.113
14.180	6.657	-0.100
14.200	3.043	-0.090
14.220	-0.604	-0.073
14.240	-4.257	-0.055
14.260	-7.855	-0.032
14.280	-11.346	-0.016
14.300	-14.655	0.003
14.320	-17.786	0.020
14.340	-20.649	0.038
14.360	-23.222	0.056
14.380	-25.478	0.077
14.400	-27.379	0.087
14.420	-28.872	0.103
14.440	-29.952	0.114
14.460	-30.613	0.129
14.480	-30.849	0.134
14.500	-30.682	0.144
14.520	-30.086	0.144
14.540	-29.039	0.153
14.560	-27.589	0.150
14.580	-25.725	0.151
14.600	-23.550	0.145
14.620	-21.014	0.142
14.640	-18.152	0.129
14.660	-15.063	0.121
14.680	-11.776	0.108
14.700	-8.301	0.101
14.720	-4.697	0.080
14.740	-1.055	0.067
14.760	2.613	0.047
14.780	6.233	0.031
14.800	9.778	0.011
14.820	13.189	-0.002
14.840	16.401	-0.026
14.860	19.382	-0.035
14.880	22.121	-0.060
14.900	24.500	-0.072
14.920	26.541	-0.090
14.940	28.217	-0.103
14.960	29.501	-0.119
14.980	30.349	-0.131
15.000	30.784	-0.140
15.020	30.795	-0.146
15.040	30.371	-0.150
15.060	29.517	-0.150
15.080	28.244	-0.158
15.100	26.595	-0.157
15.120	24.575	-0.156
15.140	22.158	-0.150
15.160	19.457	-0.144
15.180	16.503	-0.132
15.200	13.275	-0.124
15.220	9.891	-0.111
15.240	6.362	-0.092
15.260	2.758	-0.078
15.280	-0.905	-0.061
15.300	-4.547	-0.044
15.320	-8.161	-0.025
15.340	-11.636	-0.008
15.360	-14.924	0.012
15.380	-18.028	0.026
15.400	-20.885	0.047
15.420	-23.426	0.066
15.440	-25.660	0.081
15.460	-27.508	0.096
15.480	-28.996	0.108
15.500	-30.049	0.126
15.520	-30.650	0.132
15.540	-30.860	0.146
15.560	-30.656	0.150
15.580	-30.043	0.152
15.600	-28.969	0.158
15.620	-27.465	0.159
15.640	-25.591	0.158
15.660	-23.372	0.151
15.680	-20.816	0.149
15.700	-17.942	0.133
15.720	-14.822	0.129
15.740	-11.518	0.114
15.760	-8.016	0.106
15.780	-4.434	0.088
15.800	-0.760	0.074
15.820	2.908	0.055
15.840	6.512	0.041
15.860	10.047	0.020
15.880	13.441	0.005
15.900	16.642	-0.014
15.920	19.602	-0.032
15.940	22.325	-0.052
15.960	24.667	-0.070
15.980	26.681	-0.082
16.000	28.324	-0.099
16.020	29.587	-0.111
16.040	30.408	-0.121
16.060	30.806	-0.128
16.080	30.779	-0.137
16.100	30.312	-0.141
16.120	29.431	-0.146
16.140	28.131	-0.150
16.160	26.450	-0.144
16.180	24.404	-0.144
16.200	21.954	-0.140
16.220	19.242	-0.135
16.240	16.261	-0.124
16.260	13.022	-0.113
16.280	9.622	-0.102
16.300	6.088	-0.086
16.320	2.463	-0.072
16.340	-1.195	-0.053
16.360	-4.826	-0.038
16.380	-8.414	-0.020
16.400	-11.889	-0.004
16.420	-15.176	0.017
16.440	-18.248	0.036
16.460	-21.084	0.051
16.480	-23.603	0.071
16.500	-25.805	0.087
16.520	-27.637	0.099
16.540	-29.098	0.115
16.560	-30.113	0.128
16.580	-30.688	0.135
16.600	-30.854	0.144
16.620	-30.618	0.153
16.640	-29.952	0.156
16.660	-28.856	0.160
16.680	-27.331	0.159
16.700	-25.413	0.159
16.720	-23.168	0.154
16.740	-20.579	0.149
16.760	-17.679	0.136
16.780	-14.580	0.125
16.800	-11.228	0.116
16.820	-7.742	0.103
16.840	-4.138	0.090
16.860	-0.481	0.071
16.880	3.188	0.052
16.900	6.802	0.035
16.920	10.310	0.017
16.940	13.699	-0.000
16.960	16.889	-0.021
16.980	19.822	-0.038
17.000	22.529	-0.057
17.020	24.849	-0.072
17.040	26.831	-0.090
17.060	28.437	-0.102
17.080	29.662	-0.113
17.100	30.451	-0.125
17.120	30.822	-0.135
17.140	30.747	-0.144
17.160	30.253	-0.148
17.180	29.345	-0.151
17.200	28.018	-0.153
17.220	26.305	-0.150
17.240	24.226	-0.148
17.260	21.766	-0.144
17.280	19.022	-0.140
17.300	16.025	-0.132
17.320	12.759	-0.118
17.340	9.365	-0.107
17.360	5.820	-0.094
17.380	2.199	-0.078
17.400	-1.474	-0.061
17.420	-5.105	-0.041
17.440	-8.698	-0.027
17.460	-12.141	-0.007
17.480	-15.402	0.009
17.500	-18.479	0.030
17.520	-21.288	0.042
17.540	-23.775	0.066
17.560	-25.940	0.083
17.580	-27.750	0.096
17.600	-29.173	0.106
17.620	-30.151	0.121
17.640	-30.693	0.128
17.660	-30.854	0.139
17.680	-30.559	0.146
17.700	-29.877	0.149
17.720	-28.738	0.151
17.740	-27.191	0.153
17.760	-25.252	0.148
17.780	-22.969	0.144
17.800	-20.359	0.136
17.820	-17.448	0.129
17.840	-14.322	0.118
17.860	-10.965	0.106
17.880	-7.463	0.091
17.900	-3.832	0.081
17.920	-0.185	0.059
17.940	3.478	0.042
17.960	7.076	0.025
17.980	10.578	0.005
18.000	13.957	-0.011
18.020	17.115	-0.030
18.040	20.037	-0.050
18.060	22.717	-0.061
18.080	25.010	-0.084
18.100	26.976	-0.096
18.120	28.545	-0.114
18.140	29.737	-0.124
18.160	30.494	-0.138
18.180	30.833	-0.145
18.200	30.736	-0.153
18.220	30.194	-0.157
18.240	29.264	-0.161
18.260	27.895	-0.162
18.280	26.155	-0.157
18.300	24.049	-0.158
18.320	21.562	-0.150
18.340	18.807	-0.151
18.360	15.783	-0.133
18.380	12.496	-0.129
18.400	9.091	-0.112
18.420	5.546	-0.099
18.440	1.899	-0.083
18.460	-1.748	-0.066
18.480	-5.395	-0.044
18.500	-8.978	-0.030
18.520	-12.405	-0.014
18.540	-15.665	0.005
18.560	-18.699	0.022
18.580	-21.503	0.042
18.600	-23.974	0.062
18.620	-26.112	0.079
18.640	-27.900	0.092
18.660	-29.270	0.108
18.680	-30.242	0.119
18.700	-30.741	0.126
18.720	-30.849	0.138
18.740	-30.553	0.145
18.760	-29.823	0.146
18.780	-28.652	0.145
18.800	-27.041	0.150
18.820	-25.102	0.146
18.840	-22.798	0.144
18.860	-20.150	0.133
18.880	-17.239	0.126
18.900	-14.096	0.118
18.920	-10.723	0.105
18.940	-7.211	0.091
18.960	-3.558	0.075
18.980	0.083	0.057
19.000	3.736	0.042
19.020	7.345	0.021
19.040	10.842	0.008
19.060	14.198	-0.014
19.080	17.346	-0.028
19.100	20.257	-0.043
19.120	22.894	-0.067
19.140	25.177	-0.079
19.160	27.116	-0.099
19.180	28.647	-0.108
19.200	29.807	-0.122
19.220	30.537	-0.131
19.240	30.844	-0.145
19.260	30.709	-0.148
19.280	30.135	-0.151
19.300	29.168	-0.156
19.320	27.771	-0.160
19.340	25.999	-0.157
19.360	23.866	-0.155
19.380	21.358	-0.149
19.400	18.565	-0.144
19.420	15.520	-0.132
19.440	12.233	-0.120
19.460	8.801	-0.104
19.480	5.234	-0.090
19.500	1.609	-0.079
19.520	-2.065	-0.057
19.540	-5.701	-0.040
19.560	-9.284	-0.022
19.580	-12.684	-0.006
19.600	-15.944	0.009
19.620	-18.979	0.034
19.640	-21.729	0.052
19.660	-24.173	0.067
19.680	-26.294	0.085
19.700	-28.051	0.100
19.720	-29.404	0.112
19.740	-30.344	0.126
19.760	-30.795	0.129
19.780	-30.892	0.147
19.800	-30.548	0.148
19.820	-29.780	0.150
19.840	-28.588	0.152
19.860	-26.960	0.154
19.880	-24.968	0.150
19.900	-22.636	0.150
19.920	-19.967	0.140
19.940	-17.029	0.133
19.960	-13.860	0.117
19.980	-10.466	0.111
20.000	-6.937	0.092
20.020	-3.306	0.085
20.040	0.357	0.061
20.060	4.004	0.046
20.080	7.597	0.027
20.100	11.094	0.013
20.120	14.446	-0.007
20.140	17.577	-0.020
20.160	20.472	-0.041
20.180	23.088	-0.052
20.200	25.333	-0.078
20.220	27.256	-0.088
20.240	28.749	-0.104
20.260	29.882	-0.115
20.280	30.580	-0.128
20.300	30.849	-0.128
20.320	30.682	-0.141
20.340	30.075	-0.143
20.360	29.066	-0.150
20.380	27.648	-0.147
20.400	25.848	-0.147
20.420	23.668	-0.146
20.440	21.154	-0.142
20.460	18.340	-0.136
20.480	15.273	-0.122
20.500	11.964	-0.115
20.520	8.527	-0.097
20.540	4.976	-0.083
20.560	1.319	-0.064
20.580	-2.334	-0.048
20.600	-5.975	-0.032
20.620	-9.547	-0.016
20.640	-12.942	0.003
20.660	-16.170	0.022
20.680	-19.188	0.040
20.700	-21.938	0.055
20.720	-24.344	0.076
20.740	-26.412	0.091
20.760	-28.153	0.105
20.780	-29.458	0.123
20.800	-30.349	0.133
20.820	-30.811	0.142
20.840	-30.865	0.148
20.860	-30.484	0.155
20.880	-29.662	0.164
20.900	-28.443	0.164
20.920	-26.810	0.164
20.940	-24.780	0.158
20.960	-22.406	0.160
20.980	-19.709	0.144
21.000	-16.766	0.138
21.020	-13.592	0.126
21.040	-10.186	0.115
21.060	-6.647	0.096
21.080	-3.016	0.088
21.100	0.663	0.066
21.120	4.316	0.052
21.140	7.904	0.031
21.160	11.406	0.015
21.180	14.714	-0.007
21.200	17.824	-0.021
21.220	20.681	-0.042
21.240	23.270	-0.060
21.260	25.489	-0.068
21.280	27.379	-0.091
21.300	28.856	-0.102
21.320	29.947	-0.118
21.340	30.607	-0.123
21.360	30.849	-0.136
21.380	30.650	-0.138
21.400	30.011	-0.148
21.420	28.974	-0.150
21.440	27.524	-0.149
21.460	25.698	-0.148
21.480	23.490	-0.144
21.500	20.950	-0.140
21.520	18.125	-0.136
21.540	15.031	-0.124
21.560	11.722	-0.112
21.580	8.274	-0.098
21.600	4.697	-0.082
21.620	1.061	-0.070
21.640	-2.608	-0.049
21.660	-6.233	-0.032
21.680	-9.794	-0.019
21.700	-13.183	0.004
21.720	-16.374	0.017
21.740	-19.382	0.042
21.760	-22.099	0.054
21.780	-24.484	0.076
21.800	-26.552	0.085
21.820	-28.244	0.104
21.840	-29.522	0.117
21.860	-30.382	0.130
21.880	-30.806	0.130
21.900	-30.822	0.151
21.920	-30.403	0.146
21.940	-29.571	0.158
21.960	-28.308	0.154
21.980	-26.638	0.159
22.000	-24.586	0.150
22.020	-22.196	0.150
22.040	-19.484	0.135
22.060	-16.508	0.133
22.080	-13.296	0.116
22.100	-9.891	0.110
22.120	-6.351	0.089
22.140	-2.720	0.080
22.160	0.953	0.055
22.180	4.595	0.042
22.200	8.172	0.025
22.220	11.653	0.006
22.240	14.961	-0.012
22.260	18.055	-0.032
22.280	20.902	-0.053
22.300	23.453	-0.066
22.320	25.660	-0.088
22.340	27.508	-0.095
22.360	28.964	-0.114
22.380	30.006	-0.119
22.400	30.645	-0.138
22.420	30.854	-0.138
22.440	30.618	-0.155
22.460	29.947	-0.153
22.480	28.883	-0.164
22.500	27.401	-0.157
22.520	25.542	-0.161
22.540	23.292	-0.152
22.560	20.730	-0.151
22.580	17.883	-0.138
22.600	14.779	-0.135
22.620	11.470	-0.123
22.640	7.995	-0.107
22.660	4.428	-0.096
22.680	0.765	-0.074
22.700	-2.892	-0.061
22.720	-6.507	-0.039
22.740	-10.063	-0.026
22.760	-13.436	-0.004
22.780	-16.632	0.012
22.800	-19.596	0.030
22.820	-22.287	0.051
22.840	-24.661	0.065
22.860	-26.686	0.081
22.880	-28.341	0.096
22.900	-29.587	0.107
22.920	-30.430	0.123
22.940	-30.795	0.127
22.960	-30.801	0.137
22.980	-30.349	0.145
23.000	-29.474	0.146
23.020	-28.185	0.145
23.040	-26.482	0.151
23.060	-24.398	0.142
23.080	-22.008	0.142
23.100	-19.258	0.130
23.120	-16.256	0.125
23.140	-13.049	0.109
23.160	-9.612	0.101
23.180	-6.067	0.086
23.200	-2.425	0.071
23.220	1.238	0.052
23.240	4.885	0.034
23.260	8.446	0.012
23.280	11.927	0.001
23.300	15.203	-0.018
23.320	18.286	-0.037
23.340	21.116	-0.057
23.360	23.630	-0.074
23.380	25.811	-0.086
23.400	27.632	-0.106
23.420	29.055	-0.113
23.440	30.081	-0.132
23.460	30.677	-0.136
23.480	30.844	-0.153
23.500	30.580	-0.152
23.520	29.877	-0.159
23.540	28.786	-0.162
23.560	27.272	-0.161
23.580	25.386	-0.157
23.600	23.109	-0.155
23.620	20.520	-0.148
23.640	17.663	-0.141
23.660	14.531	-0.132
23.680	11.191	-0.119
23.700	7.721	-0.107
23.720	4.122	-0.092
23.740	0.486	-0.075
23.760	-3.182	-0.057
23.780	-6.786	-0.036
23.800	-10.331	-0.023
23.820	-13.694	-0.003
23.840	-16.868	0.017
23.860	-19.833	0.037
23.880	-22.497	0.050
23.900	-24.844	0.073
23.920	-26.864	0.083
23.940	-28.486	0.103
23.960	-29.694	0.112
23.980	-30.505	0.127
24.000	-30.827	0.130
24.020	-30.801	0.146
24.040	-30.317	0.143
24.060	-29.415	0.153
24.080	-28.088	0.146
24.100	-26.369	0.154
24.120	-24.253	0.146
24.140	-21.825	0.147
24.160	-19.054	0.133
24.180	-16.035	0.129
24.200	-12.823	0.113
24.220	-9.375	0.105
24.240	-5.814	0.080
24.260	-2.167	0.075
24.280	1.496	0.051
24.300	5.143	0.042
24.320	8.704	0.013
24.340	12.179	0.003
24.360	15.455	-0.020
24.380	18.511	-0.030
24.400	21.326	-0.049
24.420	23.818	-0.069
24.440	25.967	-0.084
24.460	27.750	-0.096
24.480	29.152	-0.115
24.500	30.129	-0.120
24.520	30.709	-0.136
24.540	30.833	-0.140
24.560	30.548	-0.153
24.580	29.807	-0.150
24.600	28.679	-0.159
24.620	27.137	-0.151
24.640	25.215	-0.154
24.660	22.905	-0.148
24.680	20.305	-0.144
24.700	17.410	-0.134
24.720	14.268	-0.122
24.740	10.911	-0.111
24.760	7.431	-0.097
24.780	3.832	-0.085
24.800	0.180	-0.062
24.820	-3.483	-0.048
24.840	-7.103	-0.027
24.860	-10.632	-0.015
24.880	-13.978	0.006
24.900	-17.147	0.026
24.920	-20.080	0.042
24.940	-22.722	0.063
24.960	-25.043	0.076
24.980	-27.035	0.092
25.000	-28.625	0.109
25.020	-29.785	0.118
25.040	-30.570	0.135
25.060	-30.854	0.142
25.080	-30.795	0.150
25.100	-30.317	0.153
25.120	-29.361	0.158
25.140	-27.981	0.160
25.160	-26.219	0.158
25.180	-24.119	0.153
25.200	-21.643	0.154
25.220	-18.839	0.140
25.240	-15.804	0.137
25.260	-12.566	0.119
25.280	-9.101	0.113
25.300	-5.530	0.092
25.320	-1.883	0.081
25.340	1.786	0.056
25.360	5.422	0.042
25.380	8.972	0.024
25.400	12.431	0.014
25.420	15.697	-0.009
25.440	18.726	-0.024
25.460	21.541	-0.046
25.480	23.995	-0.061
25.500	26.122	-0.075
25.520	27.873	-0.096
25.540	29.254	-0.103
25.560	30.199	-0.120
25.580	30.725	-0.125
25.600	30.827	-0.136
25.620	30.505	-0.138
25.640	29.737	-0.147
25.660	28.572	-0.146
25.680	27.003	-0.145
25.700	25.059	-0.145
25.720	22.722	-0.140
25.740	20.091	-0.134
25.760	17.179	-0.128
25.780	14.005	-0.117
25.800	10.643	-0.107
25.820	7.162	-0.090
25.840	3.558	-0.077
25.860	-0.083	-0.058
25.880	-3.741	-0.044
25.900	-7.356	-0.029
25.920	-10.879	-0.012
25.940	-14.209	0.010
25.960	-17.357	0.028
25.980	-20.284	0.051
26.000	-22.894	0.063
26.020	-25.193	0.084
26.040	-27.143	0.094
26.060	-28.711	0.110
26.080	-29.844	0.122
26.100	-30.564	0.133
26.120	-30.870	0.138
26.140	-30.747	0.151
26.160	-30.215	0.153
26.180	-29.227	0.163
26.200	-27.841	0.157
26.220	-26.047	0.163
26.240	-23.893	0.152
26.260	-21.401	0.154
26.280	-18.597	0.134
26.300	-15.536	0.132
26.320	-12.281	0.116
26.340	-8.822	0.108
26.360	-5.240	0.089
26.380	-1.593	0.077
26.400	2.092	0.055
26.420	5.728	0.042
26.440	9.252	0.022
26.460	12.705	0.007
26.480	15.955	-0.019
26.500	18.957	-0.032
26.520	21.750	-0.050
26.540	24.178	-0.066
26.560	26.262	-0.084
26.580	27.997	-0.095
26.600	29.334	-0.112
26.620	30.253	-0.122
26.640	30.752	-0.139
26.660	30.822	-0.143
26.680	30.457	-0.149
26.700	29.667	-0.148
26.720	28.459	-0.158
26.740	26.864	-0.148
26.760	24.898	-0.153
26.780	22.529	-0.144
26.800	19.876	-0.141
26.820	16.948	-0.131
26.840	13.769	-0.125
26.860	10.396	-0.110
26.880	6.894	-0.099
26.900	3.284	-0.083
26.920	-0.373	-0.064
26.940	-4.015	-0.049
26.960	-7.614	-0.031
26.980	-11.121	-0.013
27.000	-14.440	0.006
27.020	-17.577	0.021
27.040	-20.467	0.040
27.060	-23.055	0.056
27.080	-25.322	0.077
27.100	-27.256	0.088
27.120	-28.797	0.105
27.140	-29.893	0.114
27.160	-30.596	0.127
27.180	-30.860	0.133
27.200	-30.715	0.144
27.220	-30.145	0.146
27.240	-29.109	0.150
27.260	-27.696	0.152
27.280	-25.881	0.150
27.300	-23.705	0.144
27.320	-21.192	0.140
27.340	-18.356	0.129
27.360	-15.283	0.121
27.380	-11.986	0.106
27.400	-8.532	0.098
27.420	-4.933	0.081
27.440	-1.297	0.066
27.460	2.377	0.044
27.480	6.002	0.031
27.500	9.531	0.011
27.520	12.969	-0.006
27.540	16.186	-0.028
27.560	19.188	-0.041
27.580	21.949	-0.056
27.600	24.350	-0.077
27.620	26.423	-0.094
27.640	28.120	-0.111
27.660	29.426	-0.118
27.680	30.306	-0.136
27.700	30.768	-0.137
27.720	30.806	-0.154
27.740	30.408	-0.151
27.760	29.581	-0.159
27.780	28.357	-0.161
27.800	26.719	-0.161
27.820	24.720	-0.159
27.840	22.341	-0.159
27.860	19.650	-0.148
27.880	16.712	-0.140
27.900	13.506	-0.128
27.920	10.122	-0.118
27.940	6.620	-0.103
27.960	3.005	-0.086
27.980	-0.647	-0.070
28.000	-4.289	-0.051
28.020	-7.904	-0.036
28.040	-11.395	-0.018
28.060	-14.698	0.003
28.080	-17.808	0.020
28.100	-20.698	0.039
28.120	-23.249	0.052
28.140	-25.494	0.074
28.160	-27.379	0.084
28.180	-28.894	0.101
28.200	-29.968	0.110
28.220	-30.618	0.125
28.240	-30.865	0.133
28.260	-30.672	0.140
28.280	-30.070	0.144
28.300	-29.028	0.150
28.320	-27.562	0.145
28.340	-25.709	0.152
28.360	-23.517	0.141
28.380	-20.982	0.138
28.400	-18.125	0.126
28.420	-15.042	0.121
28.440	-11.744	0.106
28.460	-8.258	0.096
28.480	-4.654	0.081
28.500	-1.007	0.065
28.520	2.667	0.044
28.540	6.281	0.033
28.560	9.805	0.011
28.580	13.226	-0.008
28.600	16.417	-0.022
28.620	19.408	-0.041
28.640	22.148	-0.057
28.660	24.516	-0.075
28.680	26.563	-0.093
28.700	28.222	-0.103
28.720	29.506	-0.119
28.740	30.355	-0.131
28.760	30.795	-0.143
28.780	30.795	-0.144
28.800	30.360	-0.153
28.820	29.506	-0.157
28.840	28.239	-0.165
28.860	26.563	-0.153
28.880	24.554	-0.157
28.900	22.148	-0.150
28.920	19.430	-0.144
28.940	16.465	-0.134
28.960	13.242	-0.124
28.980	9.853	-0.109
29.000	6.324	-0.099
29.020	2.688	-0.081
29.040	-0.969	-0.066
29.060	-4.600	-0.048
29.080	-8.215	-0.028
29.100	-11.669	-0.011
29.120	-14.972	0.006
29.140	-18.082	0.026
29.160	-20.939	0.045
29.180	-23.464	0.065
29.200	-25.693	0.080
29.220	-27.562	0.096
29.240	-29.039	0.109
29.260	-30.092	0.121
29.280	-30.704	0.126
29.300	-30.870	0.137
29.320	-30.704	0.145
29.340	-30.059	0.153
29.360	-28.985	0.154
29.380	-27.465	0.155
29.400	-25.591	0.154
29.420	-23.372	0.150
29.440	-20.805	0.142
29.460	-17.942	0.133
29.480	-14.822	0.125
29.500	-11.513	0.114
29.520	-8.011	0.103
29.540	-4.407	0.083
29.560	-0.744	0.071
29.580	2.908	0.051
29.600	6.539	0.032
29.620	10.057	0.015
29.640	13.457	-0.002
29.660	16.664	-0.017
29.680	19.623	-0.031
29.700	22.341	-0.049
29.720	24.688	-0.066
29.740	26.719	-0.088
29.760	28.335	-0.099
29.780	29.592	-0.114
29.800	30.403	-0.124
29.820	30.817	-0.131
29.840	30.768	-0.137
29.860	30.306	-0.143
29.880	29.420	-0.146
29.900	28.126	-0.148
29.920	26.412	-0.146
29.940	24.371	-0.147
29.960	21.954	-0.142
29.980	19.215	-0.136
30.000	16.218	-0.125
30.020	12.985	-0.115
30.040	9.590	-0.103
30.060	6.045	-0.088
30.080	2.414	-0.070
30.100	-1.254	-0.056
30.120	-4.885	-0.037
30.140	-8.489	-0.019
30.160	-11.937	-0.002
30.180	-15.224	0.018
30.200	-18.318	0.036
30.220	-21.154	0.055
30.240	-23.630	0.073
30.260	-25.859	0.091
30.280	-27.675	0.101
30.300	-29.119	0.117
30.320	-30.135	0.132
30.340	-30.731	0.138
30.360	-30.892	0.149
30.380	-30.634	0.150
30.400	-29.979	0.158
30.420	-28.872	0.162
30.440	-27.325	0.162
30.460	-25.424	0.162
30.480	-23.157	0.152
30.500	-20.563	0.148
30.520	-17.679	0.142
30.540	-14.553	0.127
30.560	-11.218	0.117
30.580	-7.726	0.105
30.600	-4.117	0.091
30.620	-0.443	0.075
30.640	3.225	0.053
30.660	6.829	0.038
30.680	10.342	0.020
30.700	13.737	0.005
30.720	16.911	-0.020
30.740	19.838	-0.034
30.760	22.529	-0.052
30.780	24.855	-0.067
30.800	26.853	-0.088
30.820	28.443	-0.096
30.840	29.667	-0.116
30.860	30.457	-0.121
30.880	30.827	-0.135
30.900	30.752	-0.136
30.920	30.253	-0.146
30.940	29.334	-0.147
30.960	28.008	-0.154
30.980	26.278	-0.144
31.000	24.199	-0.148
31.020	21.740	-0.140
31.040	19.000	-0.136
31.060	15.976	-0.124
31.080	12.727	-0.115
31.100	9.327	-0.101
31.120	5.777	-0.089
31.140	2.156	-0.073
31.160	-1.507	-0.053
31.180	-5.154	-0.041
31.200	-8.736	-0.021
31.220	-12.168	-0.005
31.240	-15.455	0.017
31.260	-18.511	0.034
31.280	-21.326	0.049
31.300	-23.802	0.067
31.320	-25.972	0.084
31.340	-27.782	0.097
31.360	-29.189	0.112
31.380	-30.172	0.127
31.400	-30.720	0.129
31.420	-30.860	0.143
31.440	-30.564	0.150
31.460	-29.866	0.154
31.480	-28.717	0.156
31.500	-27.180	0.159
31.520	-25.209	0.152
31.540	-22.953	0.151
31.560	-20.332	0.139
31.580	-17.432	0.129
31.600	-14.290	0.120
31.620	-10.938	0.111
31.640	-7.431	0.097
31.660	-3.822	0.085
31.680	-0.158	0.062
31.700	3.505	0.046
31.720	7.109	0.026
31.740	10.627	0.013
31.760	14.000	-0.007
31.780	17.147	-0.028
31.800	20.069	-0.044
31.820	22.733	-0.060
31.840	25.027	-0.080
31.860	26.992	-0.095
31.880	28.555	-0.108
31.900	29.742	-0.119
31.920	30.500	-0.134
31.940	30.838	-0.140
31.960	30.731	-0.150
31.980	30.194	-0.153
32.000	29.248	-0.158
32.020	27.889	-0.160
32.040	26.128	-0.156
32.060	24.017	-0.156
32.080	21.546	-0.152
32.100	18.764	-0.142
32.120	15.751	-0.135
32.140	12.480	-0.125
32.160	9.058	-0.114
32.180	5.503	-0.096
32.200	1.872	-0.080
32.220	-1.797	-0.065
32.240	-5.427	-0.049
32.260	-9.010	-0.031
32.280	-12.426	-0.011
32.300	-15.665	0.005
32.320	-18.726	0.025
32.340	-21.519	0.044
32.360	-23.974	0.059
32.380	-26.122	0.075
32.400	-27.884	0.090
32.420	-29.264	0.102
32.440	-30.215	0.119
32.460	-30.720	0.125
32.480	-30.854	0.136
32.500	-30.532	0.141
32.520	-29.791	0.143
32.540	-28.631	0.146
32.560	-27.025	0.148
32.580	-25.070	0.146
32.600	-22.749	0.142
32.620	-20.117	0.134
32.640	-17.190	0.125
32.660	-14.037	0.113
32.680	-10.659	0.103
32.700	-7.146	0.088
32.720	-3.521	0.075
32.740	0.137	0.057
32.760	3.795	0.036
32.780	7.393	0.022
32.800	10.890	0.006
32.820	14.241	-0.012
32.840	17.378	-0.030
32.860	20.289	-0.047
32.880	22.932	-0.070
32.900	25.193	-0.082
32.920	27.132	-0.099
32.940	28.674	-0.111
32.960	29.812	-0.125
32.980	30.537	-0.136
33.000	30.838	-0.145
33.020	30.704	-0.153
33.040	30.129	-0.157
33.060	29.152	-0.161
33.080	27.760	-0.161
33.100	25.983	-0.162
33.120	23.834	-0.156
33.140	21.337	-0.150
33.160	18.544	-0.142
33.180	15.488	-0.134
33.200	12.200	-0.124
33.220	8.784	-0.109
33.240	5.229	-0.098
33.260	1.587	-0.077
33.280	-2.076	-0.062
33.300	-5.723	-0.043
33.320	-9.284	-0.028
33.340	-12.695	-0.008
33.360	-15.933	0.009
33.380	-18.979	0.030
33.400	-21.740	0.046
33.420	-24.167	0.064
33.440	-26.273	0.078
33.460	-28.040	0.097
33.480	-29.372	0.108
33.500	-30.306	0.123
33.520	-30.779	0.127
33.540	-30.854	0.143
33.560	-30.516	0.144
33.580	-29.726	0.153
33.600	-28.550	0.147
33.620	-26.906	0.154
33.640	-24.930	0.148
33.660	-22.572	0.147
33.680	-19.903	0.137
33.700	-16.975	0.129
33.720	-13.812	0.117
33.740	-10.439	0.107
33.760	-6.883	0.094
33.780	-3.284	0.079
33.800	0.400	0.063
33.820	4.063	0.047
33.840	7.651	0.022
33.860	11.148	0.009
33.880	14.489	-0.011
33.900	17.609	-0.027
33.920	20.488	-0.045
33.940	23.109	-0.063
33.960	25.349	-0.078
33.980	27.266	-0.093
34.000	28.765	-0.107
34.020	29.882	-0.119
34.040	30.580	-0.135
34.060	30.838	-0.139
34.080	30.677	-0.148
34.100	30.075	-0.152
34.120	29.055	-0.153
34.140	27.642	-0.156
34.160	25.832	-0.148
34.180	23.646	-0.152
34.200	21.116	-0.143
34.220	18.302	-0.139
34.240	15.235	-0.124
34.260	11.927	-0.119
34.280	8.494	-0.101
34.300	4.917	-0.091
34.320	1.281	-0.070
34.340	-2.387	-0.056
34.360	-6.008	-0.029
34.380	-9.579	-0.017
34.400	-12.990	-0.002
34.420	-16.186	0.020
34.440	-19.237	0.042
34.460	-21.970	0.055
34.480	-24.371	0.075
34.500	-26.455	0.090
34.520	-28.163	0.104
34.540	-29.501	0.117
34.560	-30.398	0.134
34.580	-30.795	0.137
34.600	-30.865	0.150
34.620	-30.494	0.148
34.640	-29.694	0.162
34.660	-28.443	0.154
34.680	-26.794	0.162
34.700	-24.769	0.150
34.720	-22.406	0.154
34.740	-19.709	0.143
34.760	-16.734	0.137
34.780	-13.559	0.125
34.800	-10.143	0.120
34.820	-6.615	0.094
34.840	-2.978	0.087
34.860	0.685	0.067
34.880	4.326	0.052
34.900	7.920	0.031
34.920	11.416	0.019
34.940	14.736	-0.004
34.960	17.845	-0.018
34.980	20.708	-0.040
35.000	23.308	-0.056
35.020	25.510	-0.071
35.040	27.390	-0.089
35.060	28.878	-0.099
35.080	29.947	-0.116
35.100	30.618	-0.123
35.120	30.844	-0.136
35.140	30.639	-0.137
35.160	30.011	-0.143
35.180	28.964	-0.146
35.200	27.513	-0.145
35.220	25.682	-0.147
35.240	23.458	-0.144
35.260	20.907	-0.140
35.280	18.087	-0.129
35.300	14.983	-0.119
35.320	11.679	-0.108
35.340	8.215	-0.102
35.360	4.649	-0.080
35.380	1.002	-0.063
35.400	-2.661	-0.049
35.420	-6.281	-0.031
35.440	-9.843	-0.016
35.460	-13.226	0.010
35.480	-16.438	0.020
35.500	-19.430	0.046
35.520	-22.137	0.057
35.540	-24.522	0.081
35.560	-26.568	0.088
35.580	-28.271	0.110
35.600	-29.522	0.118
35.620	-30.414	0.136
35.640	-30.838	0.137
35.660	-30.833	0.148
35.680	-30.408	0.153
35.700	-29.554	0.161
35.720	-28.303	0.156
35.740	-26.611	0.164
35.760	-24.570	0.152
35.780	-22.175	0.154
35.800	-19.462	0.138
35.820	-16.481	0.134
35.840	-13.275	0.119
35.860	-9.869	0.115
35.880	-6.314	0.092
35.900	-2.694	0.082
35.920	0.980	0.063
35.940	4.633	0.048
35.960	8.204	0.026
35.980	11.674	0.013
36.000	14.993	-0.012
36.020	18.087	-0.022
36.040	20.934	-0.048
36.060	23.490	-0.059
36.080	25.677	-0.079
36.100	27.513	-0.096
36.120	28.969	-0.107
36.140	30.022	-0.120
36.160	30.650	-0.130
36.180	30.844	-0.142
36.200	30.618	-0.147
36.220	29.947	-0.149
36.240	28.872	-0.157
36.260	27.395	-0.154
36.280	25.531	-0.151
36.300	23.286	-0.150
36.320	20.714	-0.141
36.340	17.851	-0.139
36.360	14.746	-0.129
36.380	11.422	-0.111
36.400	7.952	-0.103
36.420	4.385	-0.084
36.440	0.733	-0.074
36.460	-2.930	-0.053
36.480	-6.539	-0.037
36.500	-10.100	-0.024
36.520	-13.463	-0.002
36.540	-16.648	0.015
36.560	-19.634	0.036
36.580	-22.330	0.050
36.600	-24.677	0.070
36.620	-26.708	0.084
36.640	-28.373	0.100
36.660	-29.597	0.110
36.680	-30.435	0.126
36.700	-30.811	0.129
36.720	-30.811	0.145
36.740	-30.339	0.142
36.760	-29.474	0.154
36.780	-28.169	0.146
36.800	-26.471	0.153
36.820	-24.393	0.143
36.840	-21.965	0.141
36.860	-19.226	0.131
36.880	-16.223	0.125
36.900	-13.006	0.109
36.920	-9.595	0.101
36.940	-6.034	0.084
36.960	-2.398	0.074
36.980	1.265	0.052
37.000	4.912	0.035
37.020	8.478	0.017
37.040	11.953	0.001
37.060	15.246	-0.019
37.080	18.318	-0.039
37.100	21.143	-0.054
37.120	23.668	-0.071
37.140	25.838	-0.093
37.160	27.642	-0.103
37.180	29.066	-0.117
37.200	30.081	-0.127
37.220	30.682	-0.143
37.240	30.849	-0.147
37.260	30.580	-0.156
37.280	29.877	-0.156
37.300	28.770	-0.164
37.320	27.245	-0.157
37.340	25.354	-0.160
37.360	23.093	-0.154
37.380	20.493	-0.152
37.400	17.625	-0.142
37.420	14.510	-0.134
37.440	11.153	-0.122
37.460	7.694	-0.107
37.480	4.106	-0.096
37.500	0.454	-0.072
37.520	-3.209	-0.062
37.540	-6.829	-0.040
37.560	-10.380	-0.026
37.580	-13.715	-0.004
37.600	-16.895	0.012
37.620	-19.838	0.031
37.640	-22.497	0.048
37.660	-24.844	0.070
37.680	-26.853	0.084
37.700	-28.491	0.100
37.720	-29.673	0.108
37.740	-30.484	0.125
37.760	-30.822	0.125
37.780	-30.768	0.140
37.800	-30.285	0.143
37.820	-29.383	0.148
37.840	-28.045	0.149
37.860	-26.316	0.151
37.880	-24.221	0.142
37.900	-21.782	0.144
37.920	-19.006	0.129
37.940	-15.976	0.128
37.960	-12.764	0.110
37.980	-9.311	0.104
38.000	-5.755	0.083
38.020	-2.108	0.074
38.040	1.550	0.051
38.060	5.197	0.039
38.080	8.758	0.015
38.100	12.206	0.001
38.120	15.477	-0.019
38.140	18.538	-0.032
38.160	21.353	-0.056
38.180	23.840	-0.069
38.200	25.988	-0.085
38.220	27.760	-0.104
38.240	29.168	-0.117
38.260	30.145	-0.128
38.280	30.704	-0.137
38.300	30.833	-0.147
38.320	30.543	-0.152
38.340	29.802	-0.157
38.360	28.668	-0.157
38.380	27.100	-0.157
38.400	25.198	-0.157
38.420	22.905	-0.153
38.440	20.273	-0.146
38.460	17.384	-0.138
38.480	14.220	-0.125
38.500	10.879	-0.115
38.520	7.393	-0.099
38.540	3.805	-0.088
38.560	0.164	-0.070
38.580	-3.515	-0.050
38.600	-7.130	-0.030
38.620	-10.654	-0.017
38.640	-14.005	0.001
38.660	-17.163	0.020
38.680	-20.107	0.043
38.700	-22.739	0.059
38.720	-25.064	0.078
38.740	-27.035	0.086
38.760	-28.636	0.107
38.780	-29.807	0.115
38.800	-30.559	0.128
38.820	-30.870	0.134
38.840	-30.795	0.147
38.860	-30.290	0.146
38.880	-29.350	0.157
38.900	-27.965	0.153
38.920	-26.203	0.157
38.940	-24.071	0.149
38.960	-21.627	0.148
38.980	-18.802	0.136
39.000	-15.778	0.132
39.020	-12.544	0.117
39.040	-9.091	0.106
39.060	-5.513	0.087
39.080	-1.856	0.077
39.100	1.807	0.058
39.120	5.460	0.043
39.140	9.010	0.022
39.160	12.458	0.008
39.180	15.729	-0.011
39.200	18.769	-0.026
39.220	21.557	-0.045
39.240	24.017	-0.059
39.260	26.133	-0.085
39.280	27.879	-0.093
39.300	29.254	-0.112
39.320	30.199	-0.116
39.340	30.731	-0.132
39.360	30.827	-0.133
39.380	30.500	-0.148
39.400	29.732	-0.139
39.420	28.561	-0.153
39.440	26.949	-0.145
39.460	25.037	-0.144
39.480	22.712	-0.142
39.500	20.064	-0.135
39.520	17.147	-0.128
39.540	13.973	-0.117
39.560	10.627	-0.107
39.580	7.125	-0.088
39.600	3.515	-0.078
39.620	-0.148	-0.056
39.640	-3.811	-0.045
39.660	-7.420	-0.020
39.680	-10.917	-0.008
39.700	-14.247	0.015
39.720	-17.405	0.031
39.740	-20.305	0.049
39.760	-22.916	0.068
39.780	-25.215	0.081
39.800	-27.170	0.097
39.820	-28.733	0.111
39.840	-29.861	0.126
39.860	-30.586	0.140
39.880	-30.865	0.144
39.900	-30.768	0.148
39.920	-30.226	0.157
39.940	-29.232	0.163
39.960	-27.836	0.161
39.980	-26.031	0.162
40.000	-23.893	0.153
40.020	-21.390	0.150
40.040	-18.565	0.144
40.060	-15.514	0.138
40.080	-12.233	0.117
40.100	-8.801	0.111
40.120	-5.197	0.092
40.140	-1.555	0.081
40.160	2.114	0.060
40.180	5.750	0.046
40.200	9.284	0.025
40.220	12.727	0.012
40.240	15.982	-0.014
40.260	18.995	-0.028
40.280	21.761	-0.049
40.300	24.199	-0.061
40.320	26.294	-0.078
40.340	28.018	-0.097
40.360	29.356	-0.105
40.380	30.263	-0.119
40.400	30.747	-0.127
40.420	30.822	-0.137
40.440	30.462	-0.140
40.460	29.646	-0.150
40.480	28.448	-0.150
40.500	26.831	-0.151
40.520	24.865	-0.145
40.540	22.518	-0.144
40.560	19.844	-0.132
40.580	16.916	-0.127
40.600	13.731	-0.119
40.620	10.374	-0.109
40.640	6.862	-0.092
40.660	3.247	-0.080
40.680	-0.400	-0.060
40.700	-4.063	-0.046
40.720	-7.662	-0.025
40.740	-11.158	-0.007
40.760	-14.483	0.013
40.780	-17.615	0.026
40.800	-20.504	0.047
40.820	-23.093	0.062
40.840	-25.354	0.081
40.860	-27.277	0.096
40.880	-28.819	0.109
40.900	-29.909	0.120
40.920	-30.596	0.133
40.940	-30.865	0.138
40.960	-30.715	0.148
40.980	-30.135	0.150
41.000	-29.114	0.160
41.020	-27.691	0.154
41.040	-25.848	0.158
41.060	-23.684	0.149
41.080	-21.165	0.146
41.100	-18.318	0.135
41.120	-15.240	0.125
41.140	-11.969	0.117
41.160	-8.510	0.102
41.180	-4.912	0.088
41.200	-1.260	0.071
41.220	2.409	0.054
41.240	6.040	0.038
41.260	9.579	0.016
41.280	13.001	-0.002
41.300	16.223	-0.019
41.320	19.210	-0.034
41.340	21.960	-0.055
41.360	24.382	-0.071
41.380	26.439	-0.090
41.400	28.126	-0.102
41.420	29.436	-0.119
41.440	30.323	-0.128
41.460	30.779	-0.140
41.480	30.801	-0.147
41.500	30.403	-0.149
41.520	29.576	-0.159
41.540	28.335	-0.156
41.560	26.681	-0.162
41.580	24.710	-0.153
41.600	22.330	-0.157
41.620	19.629	-0.143
41.640	16.685	-0.139
41.660	13.473	-0.127
41.680	10.100	-0.115
41.700	6.572	-0.099
41.720	2.962	-0.086
41.740	-0.706	-0.070
41.760	-4.337	-0.051
41.780	-7.936	-0.035
41.800	-11.411	-0.015
41.820	-14.725	0.002
41.840	-17.851	0.020
41.860	-20.708	0.043
41.880	-23.270	0.052
41.900	-25.521	0.076
41.920	-27.406	0.086
41.940	-28.915	0.103
41.960	-29.963	0.113
41.980	-30.629	0.129
42.000	-30.849	0.131
42.020	-30.682	0.142
42.040	-30.070	0.142
42.060	-29.012	0.150
42.080	-27.540	0.144
42.100	-25.677	0.150
42.120	-23.501	0.140
42.140	-20.950	0.138
42.160	-18.082	0.125
42.180	-14.999	0.121
42.200	-11.690	0.106
42.220	-8.210	0.095
42.240	-4.622	0.080
42.260	-0.975	0.063
42.280	2.699	0.047
42.300	6.314	0.025
42.320	9.853	0.014
42.340	13.248	-0.012
42.360	16.460	-0.021
42.380	19.425	-0.045
42.400	22.158	-0.057
42.420	24.549	-0.081
42.440	26.590	-0.093
42.460	28.233	-0.110
42.480	29.522	-0.120
42.500	30.365	-0.131
42.520	30.795	-0.144
42.540	30.790	-0.147
42.560	30.360	-0.162
42.580	29.495	-0.152
42.600	28.222	-0.169
42.620	26.547	-0.147
42.640	24.527	-0.164
42.660	22.121	-0.145
42.680	19.414	-0.150
42.700	16.438	-0.132
42.720	13.226	-0.128
42.740	9.832	-0.111
42.760	6.298	-0.099
42.780	2.683	-0.083
42.800	-0.980	-0.066
42.820	-4.627	-0.049
42.840	-8.215	-0.028
42.860	-11.685	-0.017
42.880	-14.988	0.012
42.900	-18.071	0.019
42.920	-20.934	0.046
42.940	-23.469	0.055
42.960	-25.693	0.083
42.980	-27.540	0.088
43.000	-29.028	0.108
43.020	-30.065	0.116
43.040	-30.682	0.130
43.060	-30.854	0.138
43.080	-30.656	0.146
43.100	-30.032	0.146
43.120	-28.958	0.150
43.140	-27.444	0.151
43.160	-25.553	0.152
43.180	-23.335	0.150
43.200	-20.767	0.137
43.220	-17.899	0.133
43.240	-14.784	0.119
43.260	-11.475	0.114
43.280	-7.957	0.096
43.300	-4.359	0.085
43.320	-0.712	0.064
43.340	2.951	0.052
43.360	6.588	0.032
43.380	10.106	0.017
43.400	13.495	0.001
43.420	16.680	-0.023
43.440	19.656	-0.033
43.460	22.352	-0.061
43.480	24.710	-0.070
43.500	26.719	-0.093
43.520	28.346	-0.100
43.540	29.597	-0.122
43.560	30.414	-0.125
43.580	30.811	-0.142
43.600	30.774	-0.140
43.620	30.306	-0.152
43.640	29.409	-0.151
43.660	28.110	-0.157
43.680	26.407	-0.154
43.700	24.361	-0.151
43.720	21.901	-0.144
43.740	19.177	-0.138
43.760	16.180	-0.128
43.780	12.936	-0.115
43.800	9.542	-0.107
43.820	6.008	-0.092
43.840	2.361	-0.077
43.860	-1.286	-0.055
43.880	-4.917	-0.040
43.900	-8.532	-0.016
43.920	-11.975	-0.006
43.940	-15.257	0.016
43.960	-18.361	0.034
43.980	-21.170	0.053
44.000	-23.678	0.068
44.020	-25.875	0.089
44.040	-27.718	0.098
44.060	-29.146	0.114
44.080	-30.145	0.131
44.100	-30.725	0.136
44.120	-30.865	0.148
44.140	-30.645	0.150
44.160	-29.979	0.158
44.180	-28.856	0.160
44.200	-27.320	0.164
44.220	-25.408	0.156
44.240	-23.157	0.155
44.260	-20.552	0.146
44.280	-17.663	0.140
44.300	-14.531	0.129
44.320	-11.180	0.123
44.340	-7.699	0.103
44.360	-4.090	0.090
44.380	-0.432	0.071
44.400	3.241	0.059
44.420	6.862	0.041
44.440	10.374	0.021
44.460	13.753	0.005
44.480	16.943	-0.017
44.500	19.870	-0.030
44.520	22.567	-0.049
44.540	24.876	-0.062
44.560	26.864	-0.083
44.580	28.459	-0.095
44.600	29.673	-0.113
44.620	30.457	-0.120
44.640	30.827	-0.130
44.660	30.741	-0.133
44.680	30.253	-0.144
44.700	29.323	-0.136
44.720	27.986	-0.153
44.740	26.262	-0.140
44.760	24.167	-0.144
44.780	21.713	-0.135
44.800	18.963	-0.132
44.820	15.955	-0.121
44.840	12.689	-0.113
44.860	9.273	-0.100
44.880	5.739	-0.082
44.900	2.097	-0.069
44.920	-1.544	-0.052
44.940	-5.202	-0.041
44.960	-8.795	-0.016
44.980	-12.217	-0.000
45.000	-15.493	0.020
45.020	-18.554	0.035
45.040	-21.358	0.055
45.060	-23.845	0.074
45.080	-26.010	0.088
45.100	-27.803	0.103
45.120	-29.221	0.115
45.140	-30.199	0.133
45.160	-30.736	0.135
45.180	-30.892	0.151
45.200	-30.580	0.149
45.220	-29.871	0.160
45.240	-28.738	0.155
45.260	-27.164	0.163
45.280	-25.231	0.154
45.300	-22.943	0.157
45.320	-20.311	0.146
45.340	-17.394	0.138
45.360	-14.258	0.125
45.380	-10.895	0.117
45.400	-7.388	0.101
45.420	-3.773	0.089
45.440	-0.121	0.068
45.460	3.542	0.051
45.480	7.141	0.036
45.500	10.643	0.015
45.520	14.016	-0.001
45.540	17.179	-0.024
45.560	20.091	-0.035
45.580	22.765	-0.057
45.600	25.053	-0.068
45.620	27.014	-0.090
45.640	28.577	-0.101
45.660	29.742	-0.115
45.680	30.505	-0.127
45.700	30.833	-0.135
45.720	30.720	-0.144
45.740	30.188	-0.148
45.760	29.232	-0.156
45.780	27.873	-0.152
45.800	26.117	-0.155
45.820	24.001	-0.145
45.840	21.498	-0.148
45.860	18.742	-0.132
45.880	15.713	-0.128
45.900	12.437	-0.116
45.920	9.010	-0.107
45.940	5.476	-0.087
45.960	1.840	-0.075
45.980	-1.818	-0.057
46.000	-5.460	-0.043
46.020	-9.058	-0.022
46.040	-12.464	-0.008
46.060	-15.702	0.013
46.080	-18.769	0.034
46.100	-21.546	0.046
46.120	-24.011	0.068
46.140	-26.144	0.079
46.160	-27.916	0.096
46.180	-29.270	0.109
46.200	-30.226	0.125
46.220	-30.725	0.125
46.240	-30.854	0.143
46.260	-30.527	0.146
46.280	-29.775	0.152
46.300	-28.604	0.147
46.320	-27.014	0.154
46.340	-25.037	0.144
46.360	-22.728	0.149
46.380	-20.085	0.133
46.400	-17.158	0.127
46.420	-14.010	0.117
46.440	-10.643	0.104
46.460	-7.119	0.090
46.480	-3.494	0.077
46.500	0.164	0.058
46.520	3.827	0.042
46.540	7.426	0.022
46.560	10.927	0.009
46.580	14.284	-0.008
46.600	17.416	-0.032
46.620	20.305	-0.049
46.640	22.953	-0.065
46.660	25.209	-0.082
46.680	27.143	-0.100
46.700	28.674	-0.111
46.720	29.812	-0.124
46.740	30.543	-0.137
46.760	30.849	-0.145
46.780	30.698	-0.153
46.800	30.129	-0.156
46.820	29.146	-0.161
46.840	27.734	-0.165
46.860	25.977	-0.161
46.880	23.818	-0.157
46.900	21.299	-0.152
46.920	18.517	-0.143
46.940	15.466	-0.135
46.960	12.179	-0.124
46.980	8.747	-0.112
47.000	5.175	-0.094
47.020	1.555	-0.083
47.040	-2.124	-0.064
47.060	-5.750	-0.045
47.080	-9.322	-0.028
47.100	-12.711	-0.008
47.120	-15.955	0.010
47.140	-18.990	0.030
47.160	-21.756	0.044
47.180	-24.173	0.064
47.200	-26.289	0.080
47.220	-28.034	0.094
47.240	-29.361	0.105
47.260	-30.296	0.125
47.280	-30.758	0.126
47.300	-30.844	0.142
47.320	-30.484	0.144
47.340	-29.721	0.150
47.360	-28.507	0.146
47.380	-26.874	0.154
47.400	-24.892	0.144
47.420	-22.540	0.146
47.440	-19.870	0.131
47.460	-16.922	0.129
47.480	-13.753	0.116
47.500	-10.364	0.106
47.520	-6.835	0.089
47.540	-3.225	0.078
47.560	0.438	0.062
47.580	4.095	0.042
47.600	7.683	0.025
47.620	11.175	0.009
47.640	14.510	-0.011
47.660	17.636	-0.030
47.680	20.531	-0.045
47.700	23.136	-0.063
47.720	25.370	-0.081
47.740	27.272	-0.095
47.760	28.781	-0.111
47.780	29.887	-0.124
47.800	30.575	-0.135
47.820	30.838	-0.144
47.840	30.672	-0.149
47.860	30.070	-0.153
47.880	29.039	-0.158
47.900	27.589	-0.155
47.920	25.811	-0.156
47.940	23.625	-0.150
47.960	21.095	-0.147
47.980	18.270	-0.140
48.000	15.203	-0.131
48.020	11.905	-0.117
48.040	8.462	-0.100
48.060	4.890	-0.092
48.080	1.249	-0.074
48.100	-2.420	-0.055
48.120	-6.045	-0.032
48.140	-9.612	-0.020
48.160	-13.011	-0.004
48.180	-16.245	0.014
48.200	-19.258	0.036
48.220	-21.992	0.054
48.240	-24.404	0.071
48.260	-26.477	0.083
48.280	-28.196	0.100
48.300	-29.495	0.111
48.320	-30.403	0.127
48.340	-30.822	0.133
48.360	-30.870	0.143
48.380	-30.489	0.151
48.400	-29.662	0.153
48.420	-28.437	0.151
48.440	-26.788	0.161
48.460	-24.753	0.150
48.480	-22.400	0.154
48.500	-19.682	0.141
48.520	-16.734	0.138
48.540	-13.543	0.123
48.560	-10.127	0.112
48.580	-6.598	0.094
48.600	-2.968	0.082
48.620	0.706	0.063
48.640	4.353	0.051
48.660	7.941	0.025
48.680	11.432	0.015
48.700	14.762	-0.005
48.720	17.867	-0.021
48.740	20.740	-0.038
48.760	23.319	-0.055
48.780	25.531	-0.073
48.800	27.395	-0.089
48.820	28.867	-0.101
48.840	29.952	-0.118
48.860	30.613	-0.124
48.880	30.838	-0.134
48.900	30.634	-0.136
48.920	30.011	-0.146
48.940	28.948	-0.144
48.960	27.465	-0.150
48.980	25.655	-0.142
49.000	23.442	-0.144
49.020	20.880	-0.136
49.040	18.039	-0.132
49.060	14.940	-0.119
49.080	11.631	-0.111
49.100	8.172	-0.095
49.120	4.600	-0.081
49.140	0.953	-0.064
49.160	-2.704	-0.049
49.180	-6.324	-0.027
49.200	-9.880	-0.012
49.220	-13.269	0.008
49.240	-16.470	0.023
49.260	-19.478	0.046
49.280	-22.191	0.062
49.300	-24.581	0.080
49.320	-26.622	0.092
49.340	-28.303	0.108
49.360	-29.581	0.124
49.380	-30.446	0.140
49.400	-30.822	0.143
49.420	-30.838	0.156
49.440	-30.430	0.151
49.460	-29.592	0.165
49.480	-28.308	0.161
49.500	-26.627	0.167
49.520	-24.570	0.154
49.540	-22.175	0.157
49.560	-19.457	0.144
49.580	-16.465	0.142
49.600	-13.269	0.121
49.620	-9.859	0.117
49.640	-6.292	0.097
49.660	-2.661	0.091
49.680	1.012	0.066
49.700	4.654	0.054
49.720	8.226	0.031
49.740	11.712	0.014
49.760	15.020	-0.003
49.780	18.109	-0.022
49.800	20.950	-0.044
49.820	23.507	-0.056
49.840	25.687	-0.074
49.860	27.513	-0.090
49.880	28.969	-0.102
49.900	30.016	-0.114
49.920	30.645	-0.128
49.940	30.844	-0.132
49.960	30.602	-0.142
49.980	29.936	-0.142
50.000	28.840	-0.151
50.020	27.336	-0.145
50.040	25.494	-0.148
50.060	23.254	-0.144
50.080	20.671	-0.139
50.100	17.819	-0.126
50.120	14.714	-0.123
50.140	11.389	-0.109
50.160	7.914	-0.096
50.180	4.348	-0.084
50.200	0.690	-0.064
50.220	-2.968	-0.051
50.240	-6.598	-0.031
50.260	-10.122	-0.013
50.280	-13.511	0.008
50.300	-16.701	0.022
50.320	-19.672	0.043
50.340	-22.352	0.055
50.360	-24.726	0.077
50.380	-26.745	0.092
50.400	-28.378	0.109
50.420	-29.619	0.117
50.440	-30.462	0.132
50.460	-30.833	0.137
50.480	-30.817	0.150
50.500	-30.355	0.154
50.520	-29.463	0.158
50.540	-28.163	0.156
50.560	-26.461	0.162
50.580	-24.371	0.152
50.600	-21.960	0.152
50.620	-19.204	0.137
50.640	-16.223	0.134
50.660	-12.990	0.114
50.680	-9.563	0.108
50.700	-6.002	0.089
50.720	-2.355	0.079
50.740	1.302	0.061
50.760	4.949	0.045
50.780	8.505	0.022
50.800	11.980	0.008
50.820	15.267	-0.014
50.840	18.340	-0.031
50.860	21.159	-0.050
50.880	23.689	-0.071
50.900	25.843	-0.082
50.920	27.648	-0.100
50.940	29.087	-0.114
50.960	30.086	-0.126
50.980	30.682	-0.134
51.000	30.833	-0.142
51.020	30.575	-0.153
51.040	29.866	-0.155
51.060	28.743	-0.161
51.080	27.207	-0.155
51.100	25.338	-0.157
51.120	23.066	-0.151
51.140	20.467	-0.148
51.160	17.577	-0.139
51.180	14.446	-0.128
51.200	11.126	-0.119
51.220	7.651	-0.107
51.240	4.052	-0.094
51.260	0.422	-0.074
51.280	-3.252	-0.057
51.300	-6.867	-0.038
51.320	-10.390	-0.023
51.340	-13.763	-0.000
51.360	-16.938	0.013
51.380	-19.892	0.038
51.400	-22.545	0.049
51.420	-24.871	0.071
51.440	-26.880	0.082
51.460	-28.491	0.097
51.480	-29.699	0.109
51.500	-30.489	0.125
51.520	-30.822	0.129
51.540	-30.768	0.142
51.560	-30.296	0.143
51.580	-29.388	0.153
51.600	-28.034	0.146
51.620	-26.300	0.154
51.640	-24.183	0.142
51.660	-21.750	0.143
51.680	-18.973	0.128
51.700	-15.949	0.125
51.720	-12.738	0.111
51.740	-9.284	0.102
51.760	-5.723	0.080
51.780	-2.087	0.072
51.800	1.587	0.050
51.820	5.245	0.039
51.840	8.779	0.015
51.860	12.243	0.001
51.880	15.520	-0.023
51.900	18.571	-0.032
51.920	21.369	-0.057
51.940	23.861	-0.067
51.960	25.988	-0.095
51.980	27.782	-0.098
52.000	29.173	-0.118
52.020	30.156	-0.126
52.040	30.704	-0.140
52.060	30.827	-0.147
52.080	30.537	-0.156
52.100	29.796	-0.159
52.120	28.641	-0.161
52.140	27.078	-0.164
52.160	25.188	-0.157
52.180	22.878	-0.155
52.200	20.252	-0.147
52.220	17.362	-0.143
52.240	14.215	-0.129
52.260	10.868	-0.119
52.280	7.377	-0.103
52.300	3.789	-0.089
52.320	0.132	-0.074
52.340	-3.526	-0.057
52.360	-7.157	-0.037
52.380	-10.659	-0.020
52.400	-14.010	0.002
52.420	-17.179	0.019
52.440	-20.101	0.037
52.460	-22.733	0.054
52.480	-25.048	0.071
52.500	-27.025	0.085
52.520	-28.625	0.104
52.540	-29.780	0.113
52.560	-30.548	0.130
52.580	-30.849	0.133
52.600	-30.779	0.145
52.620	-30.258	0.146
52.640	-29.297	0.153
52.660	-27.927	0.147
52.680	-26.165	0.155
52.700	-24.038	0.145
52.720	-21.578	0.143
52.740	-18.785	0.135
52.760	-15.729	0.127
52.780	-12.485	0.113
52.800	-9.021	0.104
52.820	-5.444	0.087
52.840	-1.797	0.076
52.860	1.872	0.059
52.880	5.508	0.040
52.900	9.037	0.018
52.920	12.490	0.005
52.940	15.756	-0.017
52.960	18.791	-0.031
52.980	21.568	-0.045
53.000	24.038	-0.070
53.020	26.160	-0.082
53.040	27.916	-0.100
53.060	29.275	-0.111
53.080	30.215	-0.127
53.100	30.731	-0.134
53.120	30.822	-0.143
53.140	30.494	-0.149
53.160	29.716	-0.152
53.180	28.539	-0.159
53.200	26.944	-0.153
53.220	25.016	-0.156
53.240	22.663	-0.146
53.260	20.021	-0.144
53.280	17.115	-0.133
53.300	13.935	-0.123
53.320	10.573	-0.108
53.340	7.082	-0.095
53.360	3.472	-0.080
53.380	-0.175	-0.064
53.400	-3.838	-0.044
53.420	-7.452	-0.023
53.440	-10.960	-0.010
53.460	-14.284	0.009
53.480	-17.432	0.024
53.500	-20.354	0.050
53.520	-22.969	0.060
53.540	-25.258	0.083
53.560	-27.202	0.092
53.580	-28.760	0.112
53.600	-29.877	0.124
53.620	-30.607	0.136
53.640	-30.881	0.142
53.660	-30.752	0.156
53.680	-30.210	0.154
53.700	-29.248	0.162
53.720	-27.820	0.157
53.740	-26.031	0.159
53.760	-23.861	0.154
53.780	-21.369	0.155
53.800	-18.549	0.139
53.820	-15.498	0.134
53.840	-12.222	0.119
53.860	-8.763	0.113
53.880	-5.186	0.095
53.900	-1.528	0.081
53.920	2.162	0.061
53.940	5.777	0.048
53.960	9.338	0.023
53.980	12.770	0.012
54.000	16.014	-0.010
54.020	19.016	-0.024
54.040	21.782	-0.045
54.060	24.216	-0.057
54.080	26.310	-0.081
54.100	28.029	-0.088
54.120	29.361	-0.108
54.140	30.274	-0.115
54.160	30.758	-0.128
54.180	30.806	-0.131
54.200	30.457	-0.140
54.220	29.646	-0.144
54.240	28.432	-0.147
54.260	26.810	-0.144
54.280	24.849	-0.142
54.300	22.475	-0.139
54.320	19.817	-0.136
54.340	16.884	-0.125
54.360	13.699	-0.114
54.380	10.315	-0.104
54.400	6.802	-0.089
54.420	3.209	-0.074
54.440	-0.454	-0.056
54.460	-4.106	-0.044
54.480	-7.732	-0.021
54.500	-11.196	-0.007
54.520	-14.521	0.015
54.540	-17.652	0.033
54.560	-20.542	0.050
54.580	-23.125	0.067
54.600	-25.381	0.084
54.620	-27.304	0.100
54.640	-28.835	0.112
54.660	-29.914	0.125
54.680	-30.618	0.135
54.700	-30.876	0.149
54.720	-30.720	0.152
54.740	-30.135	0.158
54.760	-29.114	0.162
54.780	-27.669	0.163
54.800	-25.843	0.162
54.820	-23.662	0.158
54.840	-21.133	0.156
54.860	-18.302	0.140
54.880	-15.235	0.133
54.900	-11.927	0.118
54.920	-8.478	0.107
54.940	-4.874	0.092
54.960	-1.217	0.077
54.980	2.452	0.058
55.000	6.077	0.041
55.020	9.601	0.020
55.040	13.038	0.006
55.060	16.250	-0.016
55.080	19.253	-0.032
55.100	22.003	-0.053
55.120	24.398	-0.068
55.140	26.461	-0.082
55.160	28.142	-0.098
55.180	29.442	-0.108
55.200	30.323	-0.124
55.220	30.774	-0.132
55.240	30.801	-0.141
55.260	30.408	-0.145
55.280	29.560	-0.148
55.300	28.319	-0.156
55.320	26.676	-0.148
55.340	24.667	-0.149
55.360	22.277	-0.144
55.380	19.596	-0.140
55.400	16.648	-0.128
55.420	13.452	-0.119
55.440	10.057	-0.110
55.460	6.539	-0.095
55.480	2.925	-0.080
55.500	-0.722	-0.061
55.520	-4.385	-0.045
55.540	-7.973	-0.027
55.560	-11.459	-0.011
55.580	-14.757	0.013
55.600	-17.888	0.022
55.620	-20.746	0.045
55.640	-23.297	0.059
55.660	-25.531	0.080
55.680	-27.411	0.093
55.700	-28.921	0.106
55.720	-29.979	0.120
55.740	-30.629	0.129
55.760	-30.860	0.137
55.780	-30.677	0.146
55.800	-30.054	0.150
55.820	-29.012	0.154
55.840	-27.508	0.153
55.860	-25.677	0.153
55.880	-23.458	0.146
55.900	-20.928	0.141
55.920	-18.055	0.129
55.940	-14.967	0.121
55.960	-11.674	0.109
55.980	-8.194	0.097
56.000	-4.590	0.081
56.020	-0.943	0.068
56.040	2.731	0.046
56.060	6.362	0.032
56.080	9.875	0.009
56.100	13.296	-0.006
56.120	16.487	-0.025
56.140	19.473	-0.039
56.160	22.207	-0.061
56.180	24.570	-0.074
56.200	26.606	-0.094
56.220	28.255	-0.107
56.240	29.522	-0.123
56.260	30.371	-0.132
56.280	30.795	-0.143
56.300	30.790	-0.148
56.320	30.355	-0.157
56.340	29.485	-0.162
56.360	28.212	-0.165
56.380	26.536	-0.160
56.400	24.506	-0.160
56.420	22.089	-0.151
56.440	19.376	-0.146
56.460	16.406	-0.136
56.480	13.194	-0.128
56.500	9.789	-0.115
56.520	6.265	-0.100
56.540	2.656	-0.088
56.560	-1.007	-0.068
56.580	-4.649	-0.050
56.600	-8.242	-0.032
56.620	-11.717	-0.016
56.640	-15.004	0.001
56.660	-18.103	0.021
56.680	-20.950	0.042
56.700	-23.496	0.058
56.720	-25.666	0.075
56.740	-27.551	0.089
56.760	-29.012	0.103
56.780	-30.065	0.120
56.800	-30.650	0.127
56.820	-30.844	0.138
56.840	-30.645	0.143
56.860	-29.995	0.145
56.880	-28.899	0.149
56.900	-27.395	0.150
56.920	-25.510	0.146
56.940	-23.286	0.146
56.960	-20.714	0.138
56.980	-17.829	0.129
57.000	-14.714	0.118
57.020	-11.406	0.106
57.040	-7.920	0.097
57.060	-4.305	0.080
57.080	-0.653	0.067
57.100	3.027	0.047
57.120	6.625	0.034
57.140	10.133	0.010
57.160	13.549	-0.003
57.180	16.734	-0.026
57.200	19.688	-0.037
57.220	22.400	-0.063
57.240	24.731	-0.073
57.260	26.745	-0.095
57.280	28.362	-0.102
57.300	29.603	-0.120
57.320	30.414	-0.130
57.340	30.817	-0.139
57.360	30.763	-0.144
57.380	30.296	-0.152
57.400	29.404	-0.154
57.420	28.088	-0.161
57.440	26.391	-0.155
57.460	24.334	-0.154
57.480	21.890	-0.149
57.500	19.151	-0.139
57.520	16.159	-0.136
57.540	12.926	-0.119
57.560	9.531	-0.111
57.580	5.986	-0.094
57.600	2.355	-0.078
57.620	-1.308	-0.065
57.640	-4.955	-0.042
57.660	-8.532	-0.028
57.680	-12.007	-0.008
57.700	-15.283	0.007
57.720	-18.366	0.030
57.740	-21.192	0.046
57.760	-23.695	0.065
57.780	-25.886	0.080
57.800	-27.712	0.096
57.820	-29.157	0.106
57.840	-30.151	0.129
57.860	-30.725	0.131
57.880	-30.881	0.146
57.900	-30.634	0.146
57.920	-29.963	0.156
57.940	-28.840	0.152
57.960	-27.309	0.153
57.980	-25.392	0.154
58.000	-23.131	0.150
58.020	-20.536	0.144
58.040	-17.631	0.137
58.060	-14.494	0.124
58.080	-11.153	0.113
58.100	-7.662	0.100
58.120	-4.047	0.086
58.140	-0.395	0.071
58.160	3.279	0.055
58.180	6.883	0.031
58.200	10.396	0.017
58.220	13.790	-0.001
58.240	16.965	-0.017
58.260	19.892	-0.036
58.280	22.588	-0.046
58.300	24.892	-0.071
58.320	26.874	-0.083
58.340	28.475	-0.101
58.360	29.673	-0.111
58.380	30.468	-0.126
58.400	30.827	-0.132
58.420	30.747	-0.138
58.440	30.247	-0.141
58.460	29.307	-0.148
58.480	27.965	-0.148
58.500	26.251	-0.145
58.520	24.151	-0.144
58.540	21.686	-0.140
58.560	18.936	-0.135
58.580	15.917	-0.126
58.600	12.652	-0.113
58.620	9.230	-0.100
58.640	5.701	-0.086
58.660	2.065	-0.067
58.680	-1.587	-0.052
58.700	-5.229	-0.037
58.720	-8.817	-0.016
58.740	-12.260	-0.001
58.760	-15.547	0.021
58.780	-18.603	0.040
58.800	-21.401	0.058
58.820	-23.888	0.073
58.840	-26.031	0.090
58.860	-27.846	0.104
58.880	-29.243	0.121
58.900	-30.210	0.133
58.920	-30.736	0.141
58.940	-30.876	0.151
58.960	-30.586	0.154
58.980	-29.877	0.157
59.000	-28.727	0.161
59.020	-27.170	0.166
59.040	-25.198	0.158
59.060	-22.910	0.154
59.080	-20.311	0.150
59.100	-17.394	0.138
59.120	-14.252	0.131
59.140	-10.890	0.117
59.160	-7.372	0.106
59.180	-3.762	0.092
59.200	-0.099	0.075
59.220	3.580	0.054
59.240	7.173	0.041
59.260	10.691	0.022
59.280	14.059	0.005
59.300	17.206	-0.016
59.320	20.134	-0.032
59.340	22.781	-0.055
59.360	25.059	-0.065
59.380	27.014	-0.086
59.400	28.588	-0.097
59.420	29.759	-0.111
59.440	30.505	-0.121
59.460	30.844	-0.128
59.480	30.720	-0.139
59.500	30.188	-0.141
59.520	29.211	-0.149
59.540	27.841	-0.149
59.560	26.101	-0.147
59.580	23.979	-0.140
59.600	21.492	-0.138
59.620	18.705	-0.130
59.640	15.676	-0.124
59.660	12.410	-0.112
59.680	8.978	-0.098
59.700	5.417	-0.083
59.720	1.791	-0.070
59.740	-1.877	-0.054
59.760	-5.508	-0.035
59.780	-9.080	-0.023
59.800	-12.496	0.004
59.820	-15.751	0.019
59.840	-18.796	0.039
59.860	-21.584	0.051
59.880	-24.038	0.075
59.900	-26.165	0.089
59.920	-27.916	0.105
59.940	-29.307	0.114
59.960	-30.247	0.129
59.980	-30.747	0.132
60.000	-30.865	0.147
60.020	-30.516	0.154
60.040	-29.785	0.158
60.060	-28.598	0.158
60.080	-26.998	0.160
60.100	-25.021	0.158
60.120	-22.701	0.153
60.140	-20.069	0.145
60.160	-17.120	0.133
60.180	-13.968	0.122
60.200	-10.594	0.112
60.220	-7.076	0.099
60.240	-3.456	0.084
60.260	0.212	0.067
60.280	3.865	0.050
60.300	7.458	0.027
60.320	10.965	0.014
60.340	14.306	-0.005
60.360	17.443	-0.024
60.380	20.338	-0.044
60.400	22.964	-0.058
60.420	25.241	-0.079
60.440	27.164	-0.090
60.460	28.695	-0.107
60.480	29.844	-0.119
60.500	30.553	-0.133
60.520	30.838	-0.139
60.540	30.698	-0.151
60.560	30.135	-0.152
60.580	29.130	-0.157
60.600	27.712	-0.160
60.620	25.950	-0.153
60.640	23.791	-0.155
60.660	21.283	-0.147
60.680	18.485	-0.144
60.700	15.428	-0.129
60.720	12.152	-0.122
60.740	8.709	-0.107
60.760	5.159	-0.098
60.780	1.512	-0.079
60.800	-2.146	-0.061
60.820	-5.782	-0.043
60.840	-9.348	-0.025
60.860	-12.759	-0.009
60.880	-15.992	0.013
60.900	-19.032	0.027
60.920	-21.777	0.045
60.940	-24.205	0.063
60.960	-26.305	0.080
60.980	-28.051	0.095
61.000	-29.377	0.108
61.020	-30.301	0.123
61.040	-30.763	0.127
61.060	-30.844	0.138
61.080	-30.473	0.143
61.100	-29.683	0.148
61.120	-28.486	0.146
61.140	-26.853	0.154
61.160	-24.849	0.146
61.180	-22.513	0.143
61.200	-19.833	0.130
61.220	-16.884	0.125
61.240	-13.715	0.113
61.260	-10.326	0.104
61.280	-6.802	0.086
61.300	-3.172	0.074
61.320	0.491	0.059
61.340	4.149	0.040
61.360	7.732	0.022
61.380	11.234	0.006
61.400	14.569	-0.014
61.420	17.690	-0.033
61.440	20.552	-0.049
61.460	23.163	-0.070
61.480	25.392	-0.085
61.500	27.304	-0.099
61.520	28.792	-0.113
61.540	29.909	-0.126
61.560	30.586	-0.140
61.580	30.854	-0.144
61.600	30.672	-0.155
61.620	30.070	-0.154
61.640	29.044	-0.162
61.660	27.589	-0.160
61.680	25.805	-0.161
61.700	23.614	-0.155
61.720	21.079	-0.149
61.740	18.264	-0.144
61.760	15.187	-0.131
61.780	11.878	-0.123
61.800	8.435	-0.107
61.820	4.869	-0.094
61.840	1.227	-0.078
61.860	-2.425	-0.061
61.880	-6.067	-0.040
61.900	-9.606	-0.027
61.920	-13.006	-0.003
61.940	-16.234	0.009
61.960	-19.247	0.034
61.980	-21.981	0.046
62.000	-24.371	0.066
62.020	-26.450	0.083
62.040	-28.169	0.097
62.060	-29.479	0.109
62.080	-30.365	0.125
62.100	-30.784	0.133
62.120	-30.833	0.140
62.140	-30.441	0.145
62.160	-29.646	0.150
62.180	-28.378	0.148
62.200	-26.729	0.152
62.220	-24.704	0.149
62.240	-22.330	0.145
62.260	-19.639	0.140
62.280	-16.653	0.133
62.300	-13.484	0.117
62.320	-10.068	0.109
62.340	-6.529	0.090
62.360	-2.903	0.083
62.380	0.755	0.059
62.400	4.407	0.046
62.420	7.995	0.022
62.440	11.481	0.013
62.460	14.805	-0.012
62.480	17.915	-0.026
62.500	20.762	-0.046
62.520	23.345	-0.059
62.540	25.564	-0.080
62.560	27.438	-0.091
62.580	28.899	-0.111
62.600	29.979	-0.121
62.620	30.623	-0.134
62.640	30.849	-0.138
62.660	30.639	-0.146
62.680	30.000	-0.153
62.700	28.942	-0.153
62.720	27.465	-0.157
62.740	25.639	-0.153
62.760	23.410	-0.154
62.780	20.848	-0.144
62.800	18.023	-0.140
62.820	14.924	-0.124
62.840	11.604	-0.117
62.860	8.145	-0.099
62.880	4.579	-0.089
62.900	0.927	-0.066
62.920	-2.737	-0.054
62.940	-6.373	-0.029
62.960	-9.923	-0.016
62.980	-13.312	-0.003
63.000	-16.524	0.023
63.020	-19.510	0.040
63.040	-22.218	0.058
63.060	-24.597	0.076
63.080	-26.649	0.092
63.100	-28.324	0.107
63.120	-29.603	0.118
63.140	-30.462	0.132
63.160	-30.817	0.139
63.180	-30.833	0.153
63.200	-30.419	0.150
63.220	-29.571	0.160
63.240	-28.308	0.159
63.260	-26.600	0.165
63.280	-24.549	0.153
63.300	-22.158	0.159
63.320	-19.435	0.142
63.340	-16.444	0.142
63.360	-13.242	0.125
63.380	-9.826	0.117
63.400	-6.265	0.096
63.420	-2.635	0.088
63.440	1.050	0.067
63.460	4.692	0.049
63.480	8.269	0.027
63.500	11.733	0.018
63.520	15.052	-0.005
63.540	18.135	-0.019
63.560	20.977	-0.040
63.580	23.539	-0.055
63.600	25.709	-0.074
63.620	27.567	-0.086
63.640	28.996	-0.101
63.660	30.049	-0.115
63.680	30.656	-0.123
63.700	30.844	-0.130
63.720	30.607	-0.137
63.740	29.936	-0.140
63.760	28.840	-0.148
63.780	27.336	-0.144
63.800	25.489	-0.142
63.820	23.227	-0.137
63.840	20.644	-0.134
63.860	17.797	-0.125
63.880	14.671	-0.120
63.900	11.346	-0.104
63.920	7.871	-0.094
63.940	4.300	-0.078
63.960	0.658	-0.059
63.980	-3.000	-0.048
64.000	-6.625	-0.027
64.020	-10.176	-0.012
64.040	-13.538	0.012
64.060	-16.739	0.026
64.080	-19.715	0.047
64.100	-22.395	0.063
64.120	-24.758	0.084
64.140	-26.767	0.095
64.160	-28.421	0.110
64.180	-29.646	0.125
64.200	-30.484	0.136
64.220	-30.838	0.140
64.240	-30.817	0.154
64.260	-30.339	0.157
64.280	-29.474	0.164
64.300	-28.158	0.162
64.320	-26.434	0.164
64.340	-24.371	0.159
64.360	-21.938	0.157
64.380	-19.177	0.144
64.400	-16.164	0.139
64.420	-12.958	0.121
64.440	-9.531	0.115
64.460	-5.975	0.095
64.480	-2.328	0.087
64.500	1.340	0.064
64.520	4.987	0.051
64.540	8.553	0.025
64.560	12.029	0.013
64.580	15.310	-0.010
64.600	18.383	-0.024
64.620	21.208	-0.045
64.640	23.716	-0.060
64.660	25.865	-0.078
64.680	27.685	-0.092
64.700	29.098	-0.108
64.720	30.108	-0.115
64.740	30.688	-0.131
64.760	30.854	-0.139
64.780	30.575	-0.145
64.800	29.866	-0.146
64.820	28.743	-0.149
64.840	27.207	-0.153
64.860	25.322	-0.146
64.880	23.045	-0.148
64.900	20.445	-0.132
64.920	17.572	-0.135
64.940	14.429	-0.124
64.960	11.083	-0.115
64.980	7.624	-0.095
65.000	4.020	-0.085
65.020	0.379	-0.066
65.040	-3.279	-0.049
65.060	-6.905	-0.031
65.080	-10.439	-0.012
65.100	-13.785	0.006
65.120	-16.959	0.024
65.140	-19.908	0.039
65.160	-22.545	0.059
65.180	-24.898	0.074
65.200	-26.896	0.092
65.220	-28.507	0.105
65.240	-29.689	0.119
65.260	-30.500	0.129
65.280	-30.827	0.137
65.300	-30.784	0.148
65.320	-30.280	0.146
65.340	-29.361	0.155
65.360	-28.024	0.152
65.380	-26.273	0.158
65.400	-24.162	0.147
65.420	-21.734	0.146
65.440	-18.947	0.131
65.460	-15.928	0.129
65.480	-12.684	0.109
65.500	-9.246	0.105
65.520	-5.680	0.084
65.540	-2.022	0.075
65.560	1.635	0.052
65.580	5.282	0.037
65.600	8.822	0.016
65.620	12.286	0.004
65.640	15.552	-0.019
65.660	18.614	-0.037
65.680	21.412	-0.053
65.700	23.893	-0.076
65.720	26.031	-0.085
65.740	27.809	-0.107
65.760	29.189	-0.114
65.780	30.172	-0.132
65.800	30.709	-0.137
65.820	30.827	-0.148
65.840	30.543	-0.148
65.860	29.791	-0.157
65.880	28.636	-0.165
65.900	27.078	-0.159
65.920	25.156	-0.159
65.940	22.846	-0.153
65.960	20.230	-0.151
65.980	17.330	-0.136
66.000	14.161	-0.132
66.020	10.836	-0.118
66.040	7.334	-0.107
66.060	3.741	-0.090
66.080	0.094	-0.074
66.100	-3.564	-0.055
66.120	-7.168	-0.040
66.140	-10.697	-0.024
66.160	-14.037	-0.002
66.180	-17.190	0.013
66.200	-20.134	0.036
66.220	-22.760	0.048
66.240	-25.064	0.071
66.260	-27.035	0.083
66.280	-28.615	0.101
66.300	-29.775	0.112
66.320	-30.527	0.127
66.340	-30.827	0.129
66.360	-30.758	0.146
66.380	-30.226	0.140
66.400	-29.275	0.150
66.420	-27.873	0.146
66.440	-26.122	0.154
66.460	-23.979	0.142
66.480	-21.509	0.145
66.500	-18.726	0.127
66.520	-15.676	0.124
66.540	-12.437	0.110
66.560	-8.972	0.104
66.580	-5.395	0.082
66.600	-1.743	0.072
66.620	1.920	0.050
66.640	5.562	0.040
66.660	9.091	0.016
66.680	12.550	0.001
66.700	15.821	-0.020
66.720	18.834	-0.036
66.740	21.621	-0.057
66.760	24.071	-0.070
66.780	26.187	-0.090
66.800	27.922	-0.099
66.820	29.275	-0.121
66.840	30.215	-0.125
66.860	30.731	-0.141
66.880	30.827	-0.142
66.900	30.489	-0.156
66.920	29.710	-0.156
66.940	28.529	-0.162
66.960	26.939	-0.155
66.980	25.000	-0.156
67.000	22.653	-0.152
67.020	20.015	-0.144
67.040	17.088	-0.134
67.060	13.908	-0.125
67.080	10.562	-0.116
67.100	7.060	-0.099
67.120	3.435	-0.088
67.140	-0.207	-0.067
67.160	-3.881	-0.053
67.180	-7.474	-0.032
67.200	-10.965	-0.015
67.220	-14.322	-0.000
67.240	-17.448	0.022
67.260	-20.365	0.040
67.280	-22.975	0.060
67.300	-25.247	0.075
67.320	-27.207	0.088
67.340	-28.765	0.107
67.360	-29.877	0.117
67.380	-30.607	0.133
67.400	-30.849	0.136
67.420	-30.758	0.147
67.440	-30.204	0.150
67.460	-29.211	0.153
67.480	-27.809	0.150
67.500	-26.010	0.156
67.520	-23.845	0.147
67.540	-21.353	0.147
67.560	-18.506	0.137
67.580	-15.466	0.133
67.600	-12.184	0.116
67.620	-8.720	0.108
67.640	-5.137	0.086
67.660	-1.480	0.074
67.680	2.189	0.056
67.700	5.803	0.041
67.720	9.354	0.018
67.740	12.791	0.005
67.760	16.035	-0.015
67.780	19.043	-0.027
67.800	21.825	-0.043
67.820	24.248	-0.066
67.840	26.332	-0.083
67.860	28.040	-0.095
67.880	29.372	-0.107
67.900	30.274	-0.125
67.920	30.758	-0.130
67.940	30.817	-0.140
67.960	30.446	-0.144
67.980	29.635	-0.150
68.000	28.416	-0.150
68.020	26.799	-0.148
68.040	24.823	-0.151
68.060	22.454	-0.144
68.080	19.779	-0.136
68.100	16.846	-0.127
68.120	13.656	-0.119
68.140	10.272	-0.104
68.160	6.765	-0.095
68.180	3.156	-0.073
68.200	-0.497	-0.059
68.220	-4.160	-0.039
68.240	-7.759	-0.020
68.260	-11.260	-0.007
68.280	-14.580	0.015
68.300	-17.706	0.031
68.320	-20.595	0.050
68.340	-23.179	0.066
68.360	-25.429	0.088
68.380	-27.347	0.100
68.400	-28.872	0.117
68.420	-29.979	0.125
68.440	-30.645	0.138
68.460	-30.881	0.147
68.480	-30.731	0.158
68.500	-30.129	0.155
68.520	-29.125	0.163
68.540	-27.669	0.162
68.560	-25.832	0.164
68.580	-23.662	0.156
68.600	-21.138	0.158
68.620	-18.297	0.139
68.640	-15.203	0.137
68.660	-11.932	0.121
68.680	-8.435	0.111
68.700	-4.853	0.096
68.720	-1.195	0.080
68.740	2.473	0.060
68.760	6.104	0.048
68.780	9.644	0.025
68.800	13.054	0.012
68.820	16.282	-0.011
68.840	19.263	-0.024
68.860	22.019	-0.049
68.880	24.420	-0.059
68.900	26.471	-0.082
68.920	28.158	-0.090
68.940	29.452	-0.115
68.960	30.323	-0.115
68.980	30.779	-0.132
69.000	30.801	-0.130
69.020	30.403	-0.144
69.040	29.554	-0.142
69.060	28.303	-0.150
69.080	26.665	-0.143
69.100	24.651	-0.140
69.120	22.271	-0.138
69.140	19.570	-0.136
69.160	16.615	-0.128
69.180	13.398	-0.115
69.200	10.009	-0.104
69.220	6.491	-0.089
69.240	2.882	-0.075
69.260	-0.781	-0.053
69.280	-4.418	-0.044
69.300	-8.032	-0.021
69.320	-11.491	-0.006
69.340	-14.795	0.014
69.360	-17.921	0.034
69.380	-20.767	0.047
69.400	-23.324	0.070
69.420	-25.558	0.085
69.440	-27.460	0.103
69.460	-28.937	0.113
69.480	-29.984	0.125
69.500	-30.639	0.135
69.520	-30.865	0.147
69.540	-30.672	0.154
69.560	-30.054	0.159
69.580	-28.990	0.160
69.600	-27.513	0.162
69.620	-25.650	0.161
69.640	-23.453	0.154
69.660	-20.885	0.150
69.680	-18.033	0.142
69.700	-14.940	0.130
69.720	-11.658	0.114
69.740	-8.145	0.105
69.760	-4.563	0.088
69.780	-0.894	0.074
69.800	2.753	0.054
69.820	6.389	0.043
69.840	9.923	0.017
69.860	13.318	0.005
69.880	16.524	-0.020
69.900	19.489	-0.035
69.920	22.228	-0.053
69.940	24.592	-0.069
69.960	26.611	-0.086
69.980	28.276	-0.105
70.000	29.533	-0.110
70.020	30.371	-0.128
70.040	30.801	-0.133
70.060	30.790	-0.145
70.080	30.355	-0.144
70.100	29.469	-0.155
70.120	28.185	-0.154
70.140	26.525	-0.153
70.160	24.495	-0.152
70.180	22.073	-0.147
70.200	19.349	-0.141
70.220	16.379	-0.132
70.240	13.140	-0.124
70.260	9.757	-0.110
70.280	6.228	-0.095
70.300	2.613	-0.081
70.320	-1.039	-0.066
70.340	-4.697	-0.045
70.360	-8.285	-0.031
70.380	-11.749	-0.010
70.400	-15.042	0.009
70.420	-18.130	0.026
70.440	-20.982	0.042
70.460	-23.490	0.057
70.480	-25.693	0.079
70.500	-27.573	0.091
70.520	-29.017	0.106
70.540	-30.059	0.115
70.560	-30.661	0.126
70.580	-30.838	0.137
70.600	-30.629	0.146
70.620	-29.984	0.146
70.640	-28.894	0.153
70.660	-27.363	0.152
70.680	-25.494	0.153
70.700	-23.260	0.142
70.720	-20.692	0.139
70.740	-17.802	0.125
70.760	-14.677	0.121
70.780	-11.357	0.106
70.800	-7.861	0.097
70.820	-4.273	0.079
70.840	-0.604	0.065
70.860	3.059	0.047
70.880	6.674	0.029
70.900	10.181	0.010
70.920	13.581	-0.003
70.940	16.760	-0.028
70.960	19.704	-0.042
70.980	22.406	-0.061
71.000	24.753	-0.078
71.020	26.761	-0.099
71.040	28.384	-0.104
71.060	29.624	-0.127
71.080	30.435	-0.132
71.100	30.817	-0.146
71.120	30.763	-0.148
71.140	30.301	-0.161
71.160	29.383	-0.157
71.180	28.072	-0.164
71.200	26.375	-0.161
71.220	24.307	-0.157
71.240	21.874	-0.152
71.260	19.124	-0.144
71.280	16.137	-0.139
71.300	12.888	-0.124
71.320	9.477	-0.116
71.340	5.948	-0.099
71.360	2.318	-0.087
71.380	-1.329	-0.067
71.400	-4.966	-0.049
71.420	-8.559	-0.029
71.440	-11.996	-0.015
71.460	-15.283	0.007
71.480	-18.366	0.027
71.500	-21.186	0.042
71.520	-23.689	0.063
71.540	-25.859	0.074
71.560	-27.696	0.096
71.580	-29.135	0.106
71.600	-30.102	0.121
