0.000	-1.112	-0.042
0.020	-4.727	-0.024
0.040	-8.320	-0.013
0.060	-11.757	0.005
0.080	-15.039	0.016
0.100	-18.122	0.033
0.120	-20.942	0.043
0.140	-23.477	0.057
0.160	-25.674	0.066
0.180	-27.527	0.078
0.200	-29.015	0.083
0.220	-30.041	0.099
0.240	-30.669	0.097
0.260	-30.862	0.106
0.280	-30.658	0.107
0.300	-30.041	0.107
0.320	-28.988	0.110
0.340	-27.495	0.104
0.360	-25.658	0.105
0.380	-23.445	0.092
0.400	-20.920	0.092
0.420	-18.068	0.082
0.440	-14.985	0.075
0.460	-11.714	0.058
0.480	-8.229	0.056
0.500	-4.657	0.037
0.520	-1.026	0.029
0.540	2.616	0.013
0.560	6.230	0.005
0.580	9.749	-0.018
0.600	13.148	-0.026
0.620	16.360	-0.042
0.640	19.325	-0.052
0.660	22.038	-0.062
0.680	24.433	-0.078
0.700	26.485	-0.081
0.720	28.155	-0.099
0.740	29.455	-0.101
0.760	30.331	-0.112
0.780	30.787	-0.113
0.800	30.814	-0.122
0.820	30.422	-0.118
0.840	29.600	-0.122
0.860	28.375	-0.120
0.880	26.753	-0.117
0.900	24.777	-0.112
0.920	22.414	-0.111
0.940	19.750	-0.104
0.960	16.822	-0.097
0.980	13.637	-0.084
1.000	10.280	-0.073
1.020	6.784	-0.063
1.040	3.196	-0.050
1.060	-0.446	-0.036
1.080	-4.082	-0.024
1.100	-7.681	-0.007
1.120	-11.150	0.007
1.140	-14.475	0.027
1.160	-17.596	0.037
1.180	-20.469	0.051
1.200	-23.058	0.061
1.220	-25.314	0.074
1.240	-27.248	0.083
1.260	-28.805	0.095
1.280	-29.917	0.098
1.300	-30.615	0.104
1.320	-30.857	0.109
1.340	-30.766	0.119
1.360	-30.229	0.114
1.380	-29.246	0.119
1.400	-27.844	0.116
1.420	-26.044	0.112
1.440	-23.917	0.107
1.460	-21.431	0.103
1.480	-18.654	0.092
1.500	-15.614	0.087
1.520	-12.359	0.071
1.540	-8.927	0.067
1.560	-5.366	0.050
1.580	-1.735	0.041
1.600	1.923	0.024
1.620	5.564	0.015
1.640	9.072	-0.003
1.660	12.509	-0.012
1.680	15.759	-0.026
1.700	18.767	-0.039
1.720	21.560	-0.056
1.740	24.003	-0.068
1.760	26.125	-0.075
1.780	27.876	-0.080
1.800	29.229	-0.090
1.820	30.191	-0.103
1.840	30.728	-0.104
1.860	30.841	-0.112
1.880	30.535	-0.109
1.900	29.788	-0.116
1.920	28.649	-0.109
1.940	27.086	-0.109
1.960	25.196	-0.100
1.980	22.892	-0.103
2.000	20.297	-0.095
2.020	17.397	-0.094
2.040	14.282	-0.075
2.060	10.941	-0.070
2.080	7.466	-0.054
2.100	3.899	-0.046
2.120	0.269	-0.028
2.140	-3.389	-0.018
2.160	-6.977	-0.003
2.180	-10.484	0.008
2.200	-13.820	0.025
2.220	-16.989	0.036
2.240	-19.927	0.055
2.260	-22.564	0.065
2.280	-24.890	0.076
2.300	-26.877	0.083
2.320	-28.510	0.092
2.340	-29.686	0.100
2.360	-30.486	0.111
2.380	-30.830	0.110
2.400	-30.803	0.120
2.420	-30.325	0.115
2.440	-29.444	0.125
2.460	-28.118	0.115
2.480	-26.388	0.119
2.500	-24.326	0.102
2.520	-21.919	0.107
2.540	-19.180	0.089
2.560	-16.178	0.089
2.580	-12.982	0.071
2.600	-9.577	0.071
2.620	-6.037	0.050
2.640	-2.401	0.045
2.660	1.241	0.021
2.680	4.866	0.015
2.700	8.427	-0.002
2.720	11.870	-0.008
2.740	15.157	-0.027
2.760	18.208	-0.041
2.780	21.049	-0.053
2.800	23.568	-0.067
2.820	25.738	-0.075
2.840	27.575	-0.088
2.860	29.004	-0.094
2.880	30.035	-0.104
2.900	30.664	-0.109
2.920	30.857	-0.115
2.940	30.626	-0.120
2.960	29.960	-0.114
2.980	28.891	-0.123
3.000	27.409	-0.114
3.020	25.572	-0.116
3.040	23.354	-0.105
3.060	20.802	-0.103
3.080	17.966	-0.091
3.100	14.899	-0.087
3.120	11.585	-0.074
3.140	8.153	-0.066
3.160	4.592	-0.052
3.180	0.972	-0.039
3.200	-2.675	-0.027
3.220	-6.273	-0.014
3.240	-9.808	-0.003
3.260	-13.197	0.016
3.280	-16.371	0.025
3.300	-19.357	0.041
3.320	-22.070	0.052
3.340	-24.449	0.065
3.360	-26.512	0.075
3.380	-28.193	0.083
3.400	-29.487	0.091
3.420	-30.363	0.099
3.440	-30.782	0.099
3.460	-30.825	0.109
3.480	-30.427	0.105
3.500	-29.632	0.111
3.520	-28.392	0.103
3.540	-26.748	0.106
3.560	-24.729	0.097
3.580	-22.381	0.095
3.600	-19.717	0.082
3.620	-16.769	0.080
3.640	-13.594	0.066
3.660	-10.216	0.057
3.680	-6.703	0.041
3.700	-3.104	0.034
3.720	0.548	0.019
3.740	4.184	0.007
3.760	7.750	-0.007
3.780	11.236	-0.021
3.800	14.550	-0.037
3.820	17.655	-0.048
3.840	20.523	-0.065
3.860	23.117	-0.071
3.880	25.352	-0.085
3.900	27.253	-0.092
3.920	28.762	-0.107
3.940	29.885	-0.108
3.960	30.572	-0.121
3.980	30.846	-0.119
4.000	30.696	-0.126
4.020	30.121	-0.124
4.040	29.122	-0.129
4.060	27.726	-0.123
4.080	25.964	-0.124
4.100	23.815	-0.116
4.120	21.307	-0.113
4.140	18.536	-0.105
4.160	15.496	-0.095
4.180	12.235	-0.087
4.200	8.814	-0.074
4.220	5.274	-0.065
4.240	1.670	-0.050
4.260	-1.987	-0.034
4.280	-5.586	-0.021
4.300	-9.142	-0.009
4.320	-12.547	0.003
4.340	-15.780	0.021
4.360	-18.815	0.033
4.380	-21.565	0.046
4.400	-24.025	0.057
4.420	-26.136	0.071
4.440	-27.897	0.076
4.460	-29.272	0.087
4.480	-30.234	0.095
4.500	-30.723	0.097
4.520	-30.825	0.104
4.540	-30.540	0.105
4.560	-29.799	0.107
4.580	-28.655	0.105
4.600	-27.103	0.103
4.620	-25.147	0.097
4.640	-22.870	0.096
4.660	-20.249	0.088
4.680	-17.349	0.080
4.700	-14.223	0.068
4.720	-10.882	0.059
4.740	-7.396	0.050
4.760	-3.792	0.037
4.780	-0.150	0.025
4.800	3.486	0.012
4.820	7.084	-0.004
4.840	10.581	-0.015
4.860	13.922	-0.035
4.880	17.085	-0.042
4.900	19.986	-0.056
4.920	22.650	-0.070
4.940	24.943	-0.075
4.960	26.915	-0.094
4.980	28.499	-0.096
5.000	29.686	-0.107
5.020	30.470	-0.110
5.040	30.835	-0.116
5.060	30.766	-0.118
5.080	30.266	-0.120
5.100	29.353	-0.123
5.120	28.021	-0.120
5.140	26.324	-0.116
5.160	24.245	-0.113
5.180	21.817	-0.109
5.200	19.073	-0.099
5.220	16.092	-0.095
5.240	12.864	-0.079
5.260	9.480	-0.073
5.280	5.940	-0.058
5.300	2.347	-0.049
5.320	-1.305	-0.032
5.340	-4.941	-0.017
5.360	-8.508	-0.007
5.380	-11.951	0.011
5.400	-15.216	0.023
5.420	-18.299	0.038
5.440	-21.114	0.047
5.460	-23.627	0.061
5.480	-25.803	0.072
5.500	-27.645	0.083
5.520	-29.101	0.089
5.540	-30.121	0.102
5.560	-30.717	0.100
5.580	-30.873	0.110
5.600	-30.674	0.112
5.620	-30.035	0.112
5.640	-28.950	0.116
5.660	-27.446	0.108
5.680	-25.588	0.107
5.700	-23.364	0.100
5.720	-20.824	0.099
5.740	-17.950	0.088
5.760	-14.873	0.082
5.780	-11.569	0.066
5.800	-8.094	0.062
5.820	-4.506	0.045
5.840	-0.870	0.035
5.860	2.771	0.020
5.880	6.386	0.015
5.900	9.888	-0.008
5.920	13.293	-0.019
5.940	16.495	-0.037
5.960	19.438	-0.042
5.980	22.161	-0.057
6.000	24.535	-0.070
6.020	26.560	-0.076
6.040	28.225	-0.087
6.060	29.509	-0.090
6.080	30.357	-0.103
6.100	30.798	-0.106
6.120	30.798	-0.112
6.140	30.406	-0.108
6.160	29.552	-0.116
6.180	28.306	-0.108
6.200	26.673	-0.111
6.220	24.680	-0.102
6.240	22.290	-0.099
6.260	19.621	-0.091
6.280	16.683	-0.087
6.300	13.492	-0.075
6.320	10.141	-0.063
6.340	6.633	-0.056
6.360	3.040	-0.040
6.380	-0.602	-0.029
6.400	-4.232	-0.012
6.420	-7.820	0.001
6.440	-11.279	0.016
6.460	-14.588	0.030
6.480	-17.714	0.037
6.500	-20.593	0.055
6.520	-23.149	0.064
6.540	-25.395	0.078
6.560	-27.307	0.088
6.580	-28.837	0.095
6.600	-29.933	0.100
6.620	-30.626	0.112
6.640	-30.868	0.112
6.660	-30.728	0.123
6.680	-30.164	0.116
6.700	-29.165	0.124
6.720	-27.731	0.111
6.740	-25.942	0.119
6.760	-23.789	0.104
6.780	-21.302	0.102
6.800	-18.487	0.092
6.820	-15.447	0.087
6.840	-12.182	0.074
6.860	-8.750	0.070
6.880	-5.183	0.046
6.900	-1.558	0.045
6.920	2.105	0.020
6.940	5.715	0.012
6.960	9.238	-0.002
6.980	12.665	-0.012
7.000	15.898	-0.024
7.020	18.912	-0.041
7.040	21.694	-0.055
7.060	24.116	-0.065
7.080	26.211	-0.077
7.100	27.940	-0.086
7.120	29.289	-0.096
7.140	30.234	-0.100
7.160	30.733	-0.110
7.180	30.835	-0.108
7.200	30.513	-0.116
7.220	29.745	-0.113
7.240	28.580	-0.119
7.260	27.017	-0.110
7.280	25.083	-0.113
7.300	22.784	-0.100
7.320	20.163	-0.097
7.340	17.268	-0.091
7.360	14.115	-0.083
7.380	10.785	-0.070
7.400	7.315	-0.059
7.420	3.733	-0.051
7.440	0.118	-0.035
7.460	-3.534	-0.021
7.480	-7.122	-0.007
7.500	-10.624	0.006
7.520	-13.949	0.020
7.540	-17.118	0.035
7.560	-20.034	0.046
7.580	-22.666	0.057
7.600	-24.965	0.068
7.620	-26.941	0.077
7.640	-28.537	0.087
7.660	-29.718	0.095
7.680	-30.508	0.103
7.700	-30.819	0.104
7.720	-30.760	0.111
7.740	-30.277	0.108
7.760	-29.364	0.111
7.780	-28.026	0.108
7.800	-26.302	0.109
7.820	-24.197	0.098
7.840	-21.785	0.097
7.860	-19.030	0.083
7.880	-16.038	0.081
7.900	-12.810	0.066
7.920	-9.389	0.061
7.940	-5.860	0.041
7.960	-2.229	0.036
7.980	1.413	0.017
8.000	5.043	0.011
8.020	8.588	-0.012
8.040	12.047	-0.017
8.060	15.308	-0.037
8.080	18.353	-0.047
8.100	21.162	-0.066
8.120	23.687	-0.072
8.140	25.840	-0.086
8.160	27.645	-0.095
8.180	29.058	-0.104
8.200	30.078	-0.110
8.220	30.685	-0.116
8.240	30.857	-0.124
8.260	30.610	-0.123
8.280	29.922	-0.129
8.300	28.832	-0.124
8.320	27.350	-0.125
8.340	25.486	-0.118
8.360	23.246	-0.118
8.380	20.689	-0.108
8.400	17.832	-0.099
8.420	14.744	-0.091
8.440	11.440	-0.082
8.460	7.998	-0.070
8.480	4.420	-0.060
8.500	0.806	-0.050
8.520	-2.847	-0.031
8.540	-6.440	-0.017
8.560	-9.979	-0.005
8.580	-13.331	0.009
8.600	-16.505	0.021
8.620	-19.492	0.038
8.640	-22.193	0.050
8.660	-24.551	0.061
8.680	-26.587	0.071
8.700	-28.257	0.079
8.720	-29.525	0.086
8.740	-30.400	0.096
8.760	-30.771	0.095
8.780	-30.798	0.101
8.800	-30.400	0.101
8.820	-29.584	0.108
8.840	-28.311	0.100
8.860	-26.641	0.108
8.880	-24.632	0.091
8.900	-22.269	0.096
8.920	-19.572	0.083
8.940	-16.624	0.082
8.960	-13.444	0.062
8.980	-10.060	0.058
9.000	-6.537	0.042
9.020	-2.927	0.036
9.040	0.725	0.018
9.060	4.345	0.008
9.080	7.917	-0.009
9.100	11.392	-0.017
9.120	14.690	-0.036
9.140	17.800	-0.044
9.160	20.646	-0.060
9.180	23.235	-0.072
9.200	25.459	-0.082
9.220	27.328	-0.092
9.240	28.811	-0.102
9.260	29.906	-0.105
9.280	30.599	-0.116
9.300	30.862	-0.114
9.320	30.685	-0.124
9.340	30.089	-0.120
9.360	29.074	-0.126
9.380	27.661	-0.120
9.400	25.856	-0.119
9.420	23.703	-0.109
9.440	21.184	-0.108
9.460	18.407	-0.095
9.480	15.351	-0.094
9.500	12.069	-0.080
9.520	8.658	-0.070
9.540	5.113	-0.057
9.560	1.493	-0.043
9.580	-2.154	-0.028
9.600	-5.774	-0.017
9.620	-9.308	-0.002
9.640	-12.719	0.010
9.660	-15.941	0.025
9.680	-18.944	0.037
9.700	-21.710	0.051
9.720	-24.154	0.065
9.740	-26.254	0.075
9.760	-28.005	0.084
9.780	-29.337	0.090
9.800	-30.282	0.097
9.820	-30.744	0.101
9.840	-30.852	0.108
9.860	-30.519	0.108
9.880	-29.793	0.109
9.900	-28.612	0.108
9.920	-27.017	0.109
9.940	-25.072	0.102
9.960	-22.779	0.100
9.980	-20.142	0.092
10.000	-17.230	0.086
10.020	-14.099	0.075
10.040	-10.731	0.068
10.060	-7.235	0.054
10.080	-3.631	0.044
10.100	0.000	0.031
10.120	3.652	0.018
10.140	7.229	0.004
10.160	10.721	-0.012
10.180	14.078	-0.024
10.200	17.209	-0.037
10.220	20.115	-0.047
10.240	22.757	-0.063
10.260	25.051	-0.069
10.280	27.011	-0.083
10.300	28.558	-0.087
10.320	29.750	-0.095
10.340	30.497	-0.105
10.360	30.835	-0.108
10.380	30.744	-0.112
10.400	30.245	-0.112
10.420	29.299	-0.115
10.440	27.951	-0.112
10.460	26.227	-0.107
10.480	24.143	-0.107
10.500	21.694	-0.096
10.520	18.949	-0.088
10.540	15.963	-0.083
10.560	12.697	-0.073
10.580	9.324	-0.065
10.600	5.790	-0.050
10.620	2.181	-0.039
10.640	-1.461	-0.024
10.660	-5.092	-0.012
10.680	-8.658	0.005
10.700	-12.090	0.016
10.720	-15.340	0.031
10.740	-18.423	0.048
10.760	-21.210	0.059
10.780	-23.687	0.073
10.800	-25.867	0.080
10.820	-27.693	0.089
10.840	-29.122	0.098
10.860	-30.126	0.108
10.880	-30.701	0.106
10.900	-30.873	0.119
10.920	-30.604	0.120
10.940	-29.971	0.120
10.960	-28.859	0.119
10.980	-27.344	0.116
11.000	-25.459	0.114
11.020	-23.219	0.108
11.040	-20.646	0.100
11.060	-17.794	0.091
11.080	-14.679	0.081
11.100	-11.392	0.075
11.120	-7.906	0.065
11.140	-4.329	0.049
11.160	-0.677	0.037
11.180	2.965	0.023
11.200	6.569	0.011
11.220	10.065	-0.003
11.240	13.455	-0.012
11.260	16.634	-0.033
11.280	19.588	-0.039
11.300	22.285	-0.058
11.320	24.643	-0.064
11.340	26.662	-0.079
11.360	28.290	-0.087
11.380	29.552	-0.095
11.400	30.390	-0.102
11.420	30.809	-0.104
11.440	30.798	-0.112
11.460	30.374	-0.112
11.480	29.503	-0.113
11.500	28.247	-0.113
11.520	26.587	-0.109
11.540	24.583	-0.104
11.560	22.172	-0.103
11.580	19.497	-0.090
11.600	16.554	-0.085
11.620	13.342	-0.074
11.640	9.996	-0.070
11.660	6.467	-0.051
11.680	2.895	-0.043
11.700	-0.752	-0.027
11.720	-4.394	-0.018
11.740	-7.965	-0.000
11.760	-11.414	0.012
11.780	-14.722	0.025
11.800	-17.821	0.037
11.820	-20.695	0.052
11.840	-23.246	0.063
11.860	-25.470	0.075
11.880	-27.355	0.083
11.900	-28.870	0.089
11.920	-29.944	0.100
11.940	-30.610	0.103
11.960	-30.846	0.108
11.980	-30.680	0.113
12.000	-30.105	0.115
12.020	-29.090	0.112
12.040	-27.645	0.112
12.060	-25.830	0.109
12.080	-23.676	0.100
12.100	-21.146	0.097
12.120	-18.364	0.086
12.140	-15.275	0.080
12.160	-12.015	0.066
12.180	-8.567	0.063
12.200	-5.006	0.046
12.220	-1.370	0.034
12.240	2.283	0.014
12.260	5.887	0.008
12.280	9.416	-0.010
12.300	12.826	-0.022
12.320	16.049	-0.036
12.340	19.035	-0.049
12.360	21.796	-0.062
12.380	24.208	-0.075
12.400	26.302	-0.083
12.420	28.005	-0.092
12.440	29.337	-0.101
12.460	30.250	-0.112
12.480	30.750	-0.116
12.500	30.830	-0.121
12.520	30.476	-0.121
12.540	29.686	-0.124
12.560	28.521	-0.122
12.580	26.920	-0.120
12.600	24.986	-0.118
12.620	22.671	-0.112
12.640	20.029	-0.108
12.660	17.123	-0.096
12.680	13.965	-0.087
12.700	10.646	-0.079
12.720	7.160	-0.068
12.740	3.572	-0.056
12.760	-0.054	-0.041
12.780	-3.695	-0.027
12.800	-7.283	-0.015
12.820	-10.780	-0.002
12.840	-14.094	0.015
12.860	-17.257	0.026
12.880	-20.152	0.041
12.900	-22.779	0.049
12.920	-25.051	0.062
12.940	-27.011	0.073
12.960	-28.601	0.080
12.980	-29.767	0.088
13.000	-30.524	0.093
13.020	-30.809	0.096
13.040	-30.750	0.104
13.060	-30.245	0.100
13.080	-29.294	0.108
13.100	-27.967	0.100
13.120	-26.216	0.104
13.140	-24.111	0.090
13.160	-21.651	0.096
13.180	-18.901	0.079
13.200	-15.888	0.078
13.220	-12.676	0.058
13.240	-9.228	0.056
13.260	-5.699	0.033
13.280	-2.062	0.030
13.300	1.579	0.010
13.320	5.199	0.007
13.340	8.750	-0.017
13.360	12.187	-0.025
13.380	15.453	-0.041
13.400	18.487	-0.047
13.420	21.296	-0.068
13.440	23.783	-0.073
13.460	25.926	-0.087
13.480	27.704	-0.094
13.500	29.111	-0.107
13.520	30.126	-0.109
13.540	30.696	-0.118
13.560	30.857	-0.122
13.580	30.583	-0.126
13.600	29.885	-0.124
13.620	28.768	-0.127
13.640	27.269	-0.122
13.660	25.384	-0.116
13.680	23.133	-0.116
13.700	20.555	-0.104
13.720	17.698	-0.101
13.740	14.599	-0.088
13.760	11.290	-0.082
13.780	7.836	-0.066
13.800	4.265	-0.057
13.820	0.623	-0.044
13.840	-3.024	-0.030
13.860	-6.617	-0.016
13.880	-10.130	-0.001
13.900	-13.498	0.011
13.920	-16.672	0.025
13.940	-19.631	0.041
13.960	-22.306	0.053
13.980	-24.659	0.063
14.000	-26.694	0.072
14.020	-28.327	0.083
14.040	-29.595	0.094
14.060	-30.422	0.095
14.080	-30.803	0.096
14.100	-30.792	0.108
14.120	-30.384	0.106
14.140	-29.530	0.111
14.160	-28.252	0.105
14.180	-26.614	0.111
14.200	-24.557	0.096
14.220	-22.156	0.098
14.240	-19.465	0.084
14.260	-16.500	0.081
14.280	-13.320	0.066
14.300	-9.926	0.063
14.320	-6.386	0.045
14.340	-2.777	0.039
14.360	0.875	0.020
14.380	4.512	0.014
14.400	8.062	-0.007
14.420	11.542	-0.017
14.440	14.846	-0.032
14.460	17.934	-0.045
14.480	20.770	-0.054
14.500	23.332	-0.066
14.520	25.534	-0.073
14.540	27.403	-0.091
14.560	28.875	-0.091
14.580	29.960	-0.104
14.600	30.621	-0.107
14.620	30.862	-0.115
14.640	30.669	-0.115
14.660	30.041	-0.118
14.680	29.015	-0.120
14.700	27.591	-0.112
14.720	25.781	-0.114
14.740	23.590	-0.103
14.760	21.065	-0.102
14.780	18.256	-0.088
14.800	15.206	-0.087
14.820	11.924	-0.070
14.840	8.486	-0.066
14.860	4.931	-0.049
14.880	1.332	-0.038
14.900	-2.320	-0.023
14.920	-5.940	-0.007
14.940	-9.480	0.008
14.960	-12.875	0.021
14.980	-16.081	0.033
15.000	-19.100	0.051
15.020	-21.833	0.058
15.040	-24.245	0.075
15.060	-26.329	0.079
15.080	-28.048	0.093
15.100	-29.369	0.095
15.120	-30.293	0.108
15.140	-30.771	0.105
15.160	-30.852	0.117
15.180	-30.508	0.115
15.200	-29.740	0.119
15.220	-28.547	0.113
15.240	-26.936	0.117
15.260	-24.970	0.110
15.280	-22.655	0.106
15.300	-19.997	0.096
15.320	-17.075	0.093
15.340	-13.922	0.079
15.360	-10.576	0.071
15.380	-7.068	0.060
15.400	-3.454	0.049
15.420	0.177	0.035
15.440	3.824	0.021
15.460	7.407	0.007
15.480	10.903	-0.004
15.500	14.233	-0.017
15.520	17.359	-0.032
15.540	20.260	-0.048
15.560	22.886	-0.054
15.580	25.147	-0.072
15.600	27.086	-0.076
15.620	28.628	-0.087
15.640	29.799	-0.091
15.660	30.513	-0.104
15.680	30.835	-0.103
15.700	30.733	-0.114
15.720	30.202	-0.107
15.740	29.240	-0.113
15.760	27.887	-0.108
15.780	26.146	-0.106
15.800	24.041	-0.102
15.820	21.576	-0.098
15.840	18.826	-0.089
15.860	15.812	-0.082
15.880	12.568	-0.073
15.900	9.163	-0.063
15.920	5.634	-0.055
15.940	2.030	-0.039
15.960	-1.622	-0.024
15.980	-5.242	-0.011
16.000	-8.803	0.002
16.020	-12.225	0.015
16.040	-15.469	0.032
16.060	-18.514	0.043
16.080	-21.323	0.058
16.100	-23.810	0.067
16.120	-25.953	0.083
16.140	-27.747	0.086
16.160	-29.160	0.095
16.180	-30.137	0.098
16.200	-30.707	0.104
16.220	-30.852	0.109
16.240	-30.578	0.116
16.260	-29.890	0.113
16.280	-28.789	0.113
16.300	-27.253	0.113
16.320	-25.352	0.108
16.340	-23.101	0.101
16.360	-20.507	0.100
16.380	-17.639	0.085
16.400	-14.540	0.079
16.420	-11.209	0.069
16.440	-7.750	0.056
16.460	-4.141	0.046
16.480	-0.505	0.029
16.500	3.142	0.019
16.520	6.735	0.005
16.540	10.248	-0.010
16.560	13.616	-0.025
16.580	16.779	-0.037
16.600	19.717	-0.048
16.620	22.408	-0.063
16.640	24.734	-0.070
16.660	26.748	-0.088
16.680	28.359	-0.091
16.700	29.600	-0.101
16.720	30.417	-0.104
16.740	30.819	-0.116
16.760	30.787	-0.112
16.780	30.341	-0.122
16.800	29.455	-0.116
16.820	28.177	-0.120
16.840	26.496	-0.114
16.860	24.481	-0.116
16.880	22.070	-0.109
16.900	19.374	-0.100
16.920	16.409	-0.097
16.940	13.191	-0.081
16.960	9.824	-0.075
16.980	6.316	-0.062
17.000	2.723	-0.052
17.020	-0.908	-0.035
17.040	-4.544	-0.025
17.060	-8.132	-0.011
17.080	-11.585	-0.000
17.100	-14.862	0.018
17.120	-17.966	0.029
17.140	-20.802	0.046
17.160	-23.348	0.055
17.180	-25.556	0.066
17.200	-27.430	0.078
17.220	-28.913	0.083
17.240	-29.998	0.094
17.260	-30.621	0.091
17.280	-30.857	0.099
17.300	-30.669	0.100
17.320	-30.062	0.104
17.340	-29.025	0.104
17.360	-27.586	0.101
17.380	-25.733	0.098
17.400	-23.547	0.094
17.420	-21.028	0.088
17.440	-18.192	0.079
17.460	-15.130	0.071
17.480	-11.865	0.058
17.500	-8.411	0.050
17.520	-4.834	0.035
17.540	-1.203	0.028
17.560	2.449	0.010
17.580	6.048	-0.004
17.600	9.566	-0.016
17.620	12.987	-0.031
17.640	16.199	-0.043
17.660	19.169	-0.055
17.680	21.914	-0.069
17.700	24.326	-0.083
17.720	26.394	-0.088
17.740	28.085	-0.099
17.760	29.391	-0.104
17.780	30.288	-0.116
17.800	30.771	-0.116
17.820	30.835	-0.128
17.840	30.465	-0.120
17.860	29.659	-0.126
17.880	28.461	-0.124
17.900	26.834	-0.122
17.920	24.890	-0.117
17.940	22.542	-0.117
17.960	19.900	-0.107
17.980	16.989	-0.099
18.000	13.825	-0.087
18.020	10.468	-0.082
18.040	7.004	-0.070
18.060	3.421	-0.057
18.080	-0.226	-0.039
18.100	-3.862	-0.033
18.120	-7.466	-0.012
18.140	-10.946	-0.005
18.160	-14.250	0.017
18.180	-17.381	0.025
18.200	-20.271	0.046
18.220	-22.892	0.050
18.240	-25.153	0.070
18.260	-27.108	0.071
18.280	-28.666	0.083
18.300	-29.810	0.089
18.320	-30.556	0.101
18.340	-30.841	0.095
18.360	-30.739	0.107
18.380	-30.212	0.103
18.400	-29.262	0.106
18.420	-27.892	0.099
18.440	-26.130	0.105
18.460	-24.009	0.094
18.480	-21.565	0.094
18.500	-18.761	0.080
18.520	-15.753	0.079
18.540	-12.520	0.061
18.560	-9.077	0.058
18.580	-5.521	0.042
18.600	-1.896	0.033
18.620	1.756	0.017
18.640	5.360	0.010
18.660	8.905	-0.016
18.680	12.332	-0.021
18.700	15.598	-0.037
18.720	18.627	-0.043
18.740	21.431	-0.065
18.760	23.885	-0.069
18.780	26.028	-0.084
18.800	27.785	-0.087
18.820	29.176	-0.103
18.840	30.143	-0.099
18.860	30.707	-0.116
18.880	30.852	-0.108
18.900	30.562	-0.124
18.920	29.820	-0.112
18.940	28.714	-0.127
18.960	27.162	-0.114
18.980	25.303	-0.116
19.000	23.026	-0.109
19.020	20.442	-0.103
19.040	17.553	-0.095
19.060	14.437	-0.082
19.080	11.107	-0.075
19.100	7.659	-0.059
19.120	4.082	-0.053
19.140	0.462	-0.036
19.160	-3.190	-0.024
19.180	-6.794	-0.007
19.200	-10.302	0.002
19.220	-13.653	0.021
19.240	-16.812	0.033
19.260	-19.760	0.045
19.280	-22.424	0.061
19.300	-24.777	0.068
19.320	-26.796	0.083
19.340	-28.413	0.087
19.360	-29.638	0.102
19.380	-30.459	0.100
19.400	-30.825	0.108
19.420	-30.798	0.112
19.440	-30.368	0.117
19.460	-29.498	0.116
19.480	-28.204	0.111
19.500	-26.501	0.110
19.520	-24.444	0.109
19.540	-22.048	0.101
19.560	-19.325	0.095
19.580	-16.344	0.087
19.600	-13.170	0.077
19.620	-9.754	0.069
19.640	-6.225	0.053
19.660	-2.594	0.044
19.680	1.058	0.028
19.700	4.684	0.023
19.720	8.229	-0.000
19.740	11.693	-0.004
19.760	14.991	-0.027
19.780	18.074	-0.037
19.800	20.899	-0.050
19.820	23.450	-0.057
19.840	25.642	-0.067
19.860	27.468	-0.083
19.880	28.939	-0.089
19.900	29.998	-0.095
19.920	30.631	-0.098
19.940	30.852	-0.111
19.960	30.653	-0.103
19.980	30.014	-0.113
20.000	28.956	-0.104
20.020	27.489	-0.114
20.040	25.679	-0.100
20.060	23.482	-0.105
20.080	20.947	-0.092
20.100	18.127	-0.092
20.120	15.066	-0.079
20.140	11.768	-0.070
20.160	8.325	-0.060
20.180	4.791	-0.052
20.200	1.166	-0.033
20.220	-2.476	-0.022
20.240	-6.091	-0.004
20.260	-9.625	0.003
20.280	-13.020	0.021
20.300	-16.215	0.033
20.320	-19.207	0.049
20.340	-21.946	0.060
20.360	-24.331	0.070
20.380	-26.404	0.080
20.400	-28.128	0.092
20.420	-29.417	0.096
20.440	-30.320	0.107
20.460	-30.766	0.104
20.480	-30.846	0.118
20.500	-30.470	0.112
20.520	-29.670	0.120
20.540	-28.456	0.112
20.560	-26.834	0.120
20.580	-24.852	0.103
20.600	-22.521	0.107
20.620	-19.852	0.094
20.640	-16.935	0.091
20.660	-13.771	0.079
20.680	-10.415	0.070
20.700	-6.896	0.054
20.720	-3.287	0.045
20.740	0.360	0.032
20.760	3.991	0.018
20.780	7.573	0.004
20.800	11.043	-0.005
20.820	14.378	-0.025
20.840	17.504	-0.033
20.860	20.378	-0.055
20.880	22.994	-0.061
20.900	25.244	-0.079
20.920	27.156	-0.080
20.940	28.692	-0.096
20.960	29.826	-0.093
20.980	30.551	-0.110
21.000	30.852	-0.106
21.020	30.723	-0.120
21.040	30.159	-0.111
21.060	29.192	-0.122
21.080	27.801	-0.111
21.100	26.055	-0.116
21.120	23.944	-0.107
21.140	21.447	-0.107
21.160	18.686	-0.095
21.180	15.662	-0.090
21.200	12.413	-0.079
21.220	8.997	-0.067
21.240	5.468	-0.058
21.260	1.858	-0.045
21.280	-1.783	-0.031
21.300	-5.409	-0.020
21.320	-8.964	-0.002
21.340	-12.391	0.007
21.360	-15.608	0.023
21.380	-18.659	0.036
21.400	-21.425	0.053
21.420	-23.896	0.060
21.440	-26.044	0.075
21.460	-27.822	0.075
21.480	-29.208	0.091
21.500	-30.175	0.093
21.520	-30.717	0.102
21.540	-30.835	0.101
21.560	-30.567	0.104
21.580	-29.858	0.105
21.600	-28.725	0.106
21.620	-27.167	0.104
21.640	-25.255	0.100
21.660	-22.994	0.095
21.680	-20.383	0.087
21.700	-17.494	0.076
21.720	-14.395	0.073
21.740	-11.054	0.062
21.760	-7.573	0.049
21.780	-3.980	0.037
21.800	-0.333	0.022
21.820	3.309	0.014
21.840	6.902	-0.004
21.860	10.393	-0.015
21.880	13.755	-0.028
21.900	16.914	-0.046
21.920	19.846	-0.056
21.940	22.532	-0.070
21.960	24.841	-0.079
21.980	26.823	-0.091
22.000	28.418	-0.098
22.020	29.659	-0.108
22.040	30.443	-0.111
22.060	30.819	-0.124
22.080	30.766	-0.118
22.100	30.314	-0.128
22.120	29.401	-0.120
22.140	28.112	-0.128
22.160	26.420	-0.116
22.180	24.369	-0.119
22.200	21.957	-0.114
22.220	19.229	-0.106
22.240	16.264	-0.095
22.260	13.036	-0.089
22.280	9.663	-0.079
22.300	6.139	-0.066
22.320	2.535	-0.053
22.340	-1.090	-0.040
22.360	-4.727	-0.029
22.380	-8.298	-0.010
22.400	-11.741	0.001
22.420	-15.007	0.017
22.440	-18.117	0.026
22.460	-20.953	0.044
22.480	-23.461	0.055
22.500	-25.685	0.066
22.520	-27.521	0.074
22.540	-28.982	0.081
22.560	-30.046	0.093
22.580	-30.664	0.094
22.600	-30.873	0.097
22.620	-30.680	0.105
22.640	-30.035	0.104
22.660	-28.999	0.104
22.680	-27.521	0.099
22.700	-25.668	0.102
22.720	-23.472	0.095
22.740	-20.931	0.090
22.760	-18.095	0.083
22.780	-15.012	0.072
22.800	-11.736	0.062
22.820	-8.271	0.053
22.840	-4.705	0.037
22.860	-1.053	0.031
22.880	2.583	0.012
22.900	6.198	0.007
22.920	9.706	-0.015
22.940	13.122	-0.024
22.960	16.323	-0.037
22.980	19.298	-0.054
23.000	22.032	-0.063
23.020	24.417	-0.079
23.040	26.474	-0.085
23.060	28.145	-0.098
23.080	29.444	-0.101
23.100	30.320	-0.109
23.120	30.792	-0.114
23.140	30.814	-0.121
23.160	30.433	-0.120
23.180	29.605	-0.124
23.200	28.392	-0.121
23.220	26.753	-0.120
23.240	24.793	-0.115
23.260	22.419	-0.112
23.280	19.755	-0.100
23.300	16.849	-0.097
23.320	13.659	-0.087
23.340	10.312	-0.076
23.360	6.805	-0.062
23.380	3.212	-0.053
23.400	-0.430	-0.040
23.420	-4.061	-0.025
23.440	-7.654	-0.008
23.460	-11.140	0.005
23.480	-14.437	0.021
23.500	-17.574	0.031
23.520	-20.458	0.046
23.540	-23.053	0.054
23.560	-25.319	0.071
23.580	-27.253	0.075
23.600	-28.800	0.091
23.620	-29.906	0.095
23.640	-30.631	0.105
23.660	-30.895	0.103
23.680	-30.776	0.114
23.700	-30.239	0.107
23.720	-29.256	0.113
23.740	-27.876	0.108
23.760	-26.077	0.112
23.780	-23.944	0.096
23.800	-21.458	0.100
23.820	-18.681	0.087
23.840	-15.641	0.084
23.860	-12.402	0.069
23.880	-8.954	0.066
23.900	-5.393	0.048
23.920	-1.756	0.041
23.940	1.880	0.026
23.960	5.521	0.017
23.980	9.040	-0.005
24.000	12.482	-0.014
24.020	15.732	-0.032
24.040	18.756	-0.037
24.060	21.533	-0.058
24.080	23.987	-0.062
24.100	26.104	-0.079
24.120	27.860	-0.079
24.140	29.235	-0.095
24.160	30.191	-0.094
24.180	30.728	-0.109
24.200	30.846	-0.104
24.220	30.545	-0.120
24.240	29.799	-0.106
24.260	28.649	-0.116
24.280	27.092	-0.105
24.300	25.201	-0.104
24.320	22.902	-0.100
24.340	20.303	-0.095
24.360	17.418	-0.091
24.380	14.292	-0.078
24.400	10.962	-0.071
24.420	7.487	-0.058
24.440	3.905	-0.046
24.460	0.274	-0.029
24.480	-3.362	-0.018
24.500	-6.961	-0.002
24.520	-10.463	0.007
24.540	-13.831	0.027
24.560	-16.973	0.035
24.580	-19.911	0.054
24.600	-22.542	0.068
24.620	-24.895	0.075
24.640	-26.872	0.087
24.660	-28.499	0.094
24.680	-29.691	0.102
24.700	-30.492	0.102
24.720	-30.841	0.110
24.740	-30.819	0.117
24.760	-30.336	0.116
24.780	-29.450	0.117
24.800	-28.134	0.116
24.820	-26.426	0.116
24.840	-24.358	0.110
24.860	-21.936	0.104
24.880	-19.202	0.096
24.900	-16.199	0.089
24.920	-13.003	0.075
24.940	-9.593	0.070
24.960	-6.059	0.054
24.980	-2.428	0.044
25.000	1.225	0.025
25.020	4.839	0.019
25.040	8.395	-0.002
25.060	11.849	-0.004
25.080	15.130	-0.024
25.100	18.203	-0.034
25.120	21.033	-0.056
25.140	23.558	-0.062
25.160	25.728	-0.072
25.180	27.564	-0.081
25.200	28.999	-0.087
25.220	30.035	-0.098
25.240	30.658	-0.104
25.260	30.857	-0.112
25.280	30.626	-0.111
25.300	29.960	-0.115
25.320	28.907	-0.113
25.340	27.414	-0.116
25.360	25.593	-0.106
25.380	23.380	-0.111
25.400	20.824	-0.097
25.420	17.993	-0.091
25.440	14.905	-0.084
25.460	11.612	-0.075
25.480	8.169	-0.065
25.500	4.614	-0.056
25.520	0.988	-0.041
25.540	-2.648	-0.026
25.560	-6.252	-0.012
25.580	-9.802	0.004
25.600	-13.181	0.017
25.620	-16.366	0.027
25.640	-19.331	0.041
25.660	-22.064	0.056
25.680	-24.433	0.071
25.700	-26.501	0.075
25.720	-28.187	0.086
25.740	-29.455	0.089
25.760	-30.347	0.103
25.780	-30.782	0.100
25.800	-30.846	0.108
25.820	-30.443	0.109
25.840	-29.627	0.113
25.860	-28.402	0.109
25.880	-26.743	0.113
25.900	-24.761	0.100
25.920	-22.408	0.097
25.940	-19.733	0.086
25.960	-16.769	0.083
25.980	-13.621	0.071
26.000	-10.248	0.062
26.020	-6.735	0.047
26.040	-3.115	0.037
26.060	0.526	0.021
26.080	4.173	0.009
26.100	7.729	-0.002
26.120	11.215	-0.016
26.140	14.534	-0.029
26.160	17.639	-0.046
26.180	20.507	-0.060
26.200	23.106	-0.066
26.220	25.346	-0.080
26.240	27.226	-0.091
26.260	28.746	-0.102
26.280	29.879	-0.104
26.300	30.572	-0.120
26.320	30.852	-0.114
26.340	30.707	-0.127
26.360	30.132	-0.117
26.380	29.138	-0.132
26.400	27.726	-0.117
26.420	25.980	-0.122
26.440	23.826	-0.112
26.460	21.329	-0.112
26.480	18.552	-0.102
26.500	15.522	-0.094
26.520	12.257	-0.087
26.540	8.835	-0.072
26.560	5.301	-0.065
26.580	1.692	-0.047
26.600	-1.955	-0.037
26.620	-5.570	-0.023
26.640	-9.131	-0.011
26.660	-12.536	0.007
26.680	-15.753	0.014
26.700	-18.804	0.035
26.720	-21.549	0.044
26.740	-24.025	0.061
26.760	-26.136	0.066
26.780	-27.897	0.077
26.800	-29.267	0.082
26.820	-30.223	0.091
26.840	-30.728	0.097
26.860	-30.841	0.101
26.880	-30.551	0.104
26.900	-29.820	0.103
26.920	-28.666	0.107
26.940	-27.086	0.102
26.960	-25.153	0.100
26.980	-22.870	0.089
27.000	-20.260	0.087
27.020	-17.359	0.078
27.040	-14.228	0.071
27.060	-10.898	0.058
27.080	-7.412	0.046
27.100	-3.819	0.038
27.120	-0.167	0.021
27.140	3.464	0.010
27.160	7.058	-0.005
27.180	10.533	-0.012
27.200	13.917	-0.031
27.220	17.064	-0.042
27.240	19.975	-0.059
27.260	22.645	-0.068
27.280	24.938	-0.080
27.300	26.904	-0.086
27.320	28.488	-0.102
27.340	29.686	-0.106
27.360	30.470	-0.114
27.380	30.841	-0.120
27.400	30.766	-0.123
27.420	30.277	-0.125
27.440	29.364	-0.121
27.460	28.032	-0.129
27.480	26.334	-0.118
27.500	24.267	-0.120
27.520	21.839	-0.112
27.540	19.100	-0.107
27.560	16.124	-0.097
27.580	12.891	-0.084
27.600	9.501	-0.078
27.620	5.973	-0.066
27.640	2.379	-0.051
27.660	-1.268	-0.035
27.680	-4.882	-0.022
27.700	-8.476	-0.003
27.720	-11.913	0.002
27.740	-15.179	0.023
27.760	-18.256	0.030
27.780	-21.076	0.051
27.800	-23.584	0.054
27.820	-25.787	0.074
27.840	-27.624	0.078
27.860	-29.063	0.091
27.880	-30.089	0.093
27.900	-30.690	0.102
27.920	-30.873	0.105
27.940	-30.653	0.108
27.960	-30.030	0.106
27.980	-28.934	0.112
28.000	-27.452	0.104
28.020	-25.604	0.106
28.040	-23.370	0.100
28.060	-20.818	0.093
28.080	-17.977	0.085
28.100	-14.878	0.075
28.120	-11.596	0.062
28.140	-8.116	0.054
28.160	-4.544	0.044
28.180	-0.881	0.033
28.200	2.771	0.019
28.220	6.365	0.011
28.240	9.883	-0.010
28.260	13.267	-0.024
28.280	16.468	-0.034
28.300	19.433	-0.046
28.320	22.156	-0.058
28.340	24.524	-0.066
28.360	26.549	-0.081
28.380	28.214	-0.090
28.400	29.503	-0.099
28.420	30.363	-0.104
28.440	30.803	-0.111
28.460	30.809	-0.111
28.480	30.406	-0.118
28.500	29.568	-0.115
28.520	28.322	-0.112
28.540	26.689	-0.111
28.560	24.696	-0.104
28.580	22.312	-0.103
28.600	19.647	-0.095
28.620	16.704	-0.091
28.640	13.514	-0.075
28.660	10.146	-0.069
28.680	6.644	-0.055
28.700	3.062	-0.050
28.720	-0.585	-0.029
28.740	-4.211	-0.015
28.760	-7.799	0.002
28.780	-11.279	0.011
28.800	-14.583	0.028
28.820	-17.687	0.041
28.840	-20.571	0.054
28.860	-23.155	0.071
28.880	-25.384	0.078
28.900	-27.312	0.083
28.920	-28.821	0.098
28.940	-29.928	0.104
28.960	-30.610	0.108
28.980	-30.857	0.114
29.000	-30.750	0.118
29.020	-30.175	0.116
29.040	-29.187	0.120
29.060	-27.769	0.116
29.080	-25.953	0.120
29.100	-23.826	0.109
29.120	-21.329	0.108
29.140	-18.514	0.091
29.160	-15.474	0.089
29.180	-12.214	0.075
29.200	-8.782	0.071
29.220	-5.215	0.054
29.240	-1.579	0.045
29.260	2.084	0.025
29.280	5.693	0.018
29.300	9.233	0.003
29.320	12.654	-0.010
29.340	15.877	-0.028
29.360	18.890	-0.036
29.380	21.667	-0.052
29.400	24.100	-0.063
29.420	26.195	-0.073
29.440	27.935	-0.081
29.460	29.294	-0.086
29.480	30.234	-0.097
29.500	30.750	-0.103
29.520	30.852	-0.108
29.540	30.524	-0.112
29.560	29.750	-0.109
29.580	28.596	-0.115
29.600	27.027	-0.109
29.620	25.110	-0.107
29.640	22.790	-0.100
29.660	20.179	-0.095
29.680	17.290	-0.087
29.700	14.142	-0.079
29.720	10.812	-0.074
29.740	7.342	-0.059
29.760	3.771	-0.046
29.780	0.140	-0.033
29.800	-3.507	-0.021
29.820	-7.101	-0.003
29.840	-10.613	0.010
29.860	-13.943	0.024
29.880	-17.091	0.032
29.900	-20.013	0.051
29.920	-22.655	0.059
29.940	-24.954	0.076
29.960	-26.941	0.082
29.980	-28.542	0.091
30.000	-29.713	0.095
30.020	-30.497	0.107
30.040	-30.830	0.109
30.060	-30.776	0.116
30.080	-30.282	0.109
30.100	-29.369	0.118
30.120	-28.032	0.109
30.140	-26.308	0.113
30.160	-24.229	0.104
30.180	-21.796	0.104
30.200	-19.051	0.089
30.220	-16.043	0.084
30.240	-12.837	0.072
30.260	-9.421	0.064
30.280	-5.887	0.048
30.300	-2.272	0.040
30.320	1.396	0.022
30.340	5.027	0.016
30.360	8.567	-0.007
30.380	12.021	-0.011
30.400	15.292	-0.032
30.420	18.337	-0.038
30.440	21.167	-0.057
30.460	23.670	-0.063
30.480	25.830	-0.081
30.500	27.640	-0.087
30.520	29.058	-0.098
30.540	30.073	-0.104
30.560	30.680	-0.115
30.580	30.862	-0.115
30.600	30.615	-0.120
30.620	29.944	-0.120
30.640	28.854	-0.123
30.660	27.350	-0.118
30.680	25.502	-0.118
30.700	23.268	-0.111
30.720	20.711	-0.109
30.740	17.864	-0.097
30.760	14.771	-0.087
30.780	11.467	-0.079
30.800	8.024	-0.069
30.820	4.453	-0.056
30.840	0.838	-0.043
30.860	-2.814	-0.031
30.880	-6.413	-0.016
30.900	-9.926	-0.003
30.920	-13.315	0.010
30.940	-16.500	0.024
30.960	-19.476	0.037
30.980	-22.156	0.052
31.000	-24.535	0.059
31.020	-26.582	0.074
31.040	-28.257	0.083
31.060	-29.520	0.088
31.080	-30.379	0.095
31.100	-30.771	0.097
31.120	-30.814	0.104
31.140	-30.400	0.105
31.160	-29.579	0.108
31.180	-28.316	0.105
31.200	-26.657	0.104
31.220	-24.643	0.100
31.240	-22.295	0.094
31.260	-19.588	0.083
31.280	-16.645	0.076
31.300	-13.460	0.068
31.320	-10.092	0.061
31.340	-6.569	0.043
31.360	-2.943	0.032
31.380	0.687	0.017
31.400	4.340	0.008
31.420	7.890	-0.008
31.440	11.360	-0.021
31.460	14.668	-0.034
31.480	17.778	-0.048
31.500	20.641	-0.064
31.520	23.219	-0.069
31.540	25.443	-0.083
31.560	27.323	-0.088
31.580	28.816	-0.104
31.600	29.906	-0.109
31.620	30.599	-0.116
31.640	30.852	-0.116
31.660	30.690	-0.125
31.680	30.089	-0.125
31.700	29.079	-0.124
31.720	27.661	-0.124
31.740	25.889	-0.120
31.760	23.724	-0.117
31.780	21.216	-0.106
31.800	18.428	-0.103
31.820	15.383	-0.096
31.840	12.106	-0.085
31.860	8.690	-0.070
31.880	5.140	-0.062
31.900	1.520	-0.048
31.920	-2.116	-0.035
31.940	-5.726	-0.017
31.960	-9.287	-0.007
31.980	-12.687	0.006
32.000	-15.915	0.020
32.020	-18.922	0.034
32.040	-21.678	0.047
32.060	-24.122	0.063
32.080	-26.216	0.071
32.100	-27.978	0.080
32.120	-29.321	0.091
32.140	-30.261	0.096
32.160	-30.744	0.100
32.180	-30.841	0.104
32.200	-30.524	0.104
32.220	-29.799	0.108
32.240	-28.612	0.107
32.260	-27.011	0.108
32.280	-25.062	0.099
32.300	-22.779	0.098
32.320	-20.147	0.093
32.340	-17.241	0.087
32.360	-14.104	0.074
32.380	-10.758	0.062
32.400	-7.251	0.051
32.420	-3.658	0.045
32.440	-0.011	0.025
32.460	3.631	0.017
32.480	7.219	-0.001
32.500	10.710	-0.010
32.520	14.067	-0.028
32.540	17.204	-0.038
32.560	20.104	-0.054
32.580	22.741	-0.064
32.600	25.040	-0.077
32.620	26.990	-0.082
32.640	28.553	-0.096
32.660	29.750	-0.099
32.680	30.508	-0.108
32.700	30.852	-0.108
32.720	30.750	-0.119
32.740	30.250	-0.119
32.760	29.299	-0.120
32.780	27.962	-0.117
32.800	26.249	-0.110
32.820	24.165	-0.108
32.840	21.710	-0.105
32.860	18.965	-0.095
32.880	15.974	-0.090
32.900	12.735	-0.075
32.920	9.346	-0.066
32.940	5.801	-0.055
32.960	2.191	-0.043
32.980	-1.439	-0.028
33.000	-5.076	-0.012
33.020	-8.653	-0.000
33.040	-12.080	0.009
33.060	-15.334	0.029
33.080	-18.401	0.042
33.100	-21.221	0.054
33.120	-23.703	0.070
33.140	-25.878	0.080
33.160	-27.715	0.087
33.180	-29.144	0.099
33.200	-30.137	0.104
33.220	-30.707	0.108
33.240	-30.884	0.112
33.260	-30.658	0.120
33.280	-29.992	0.112
33.300	-28.891	0.119
33.320	-27.371	0.115
33.340	-25.497	0.114
33.360	-23.273	0.104
33.380	-20.700	0.103
33.400	-17.832	0.091
33.420	-14.728	0.083
33.440	-11.408	0.075
33.460	-7.949	0.066
33.480	-4.361	0.049
33.500	-0.725	0.037
33.520	2.938	0.022
33.540	6.531	0.011
33.560	10.039	-0.003
33.580	13.433	-0.014
33.600	16.613	-0.029
33.620	19.572	-0.043
33.640	22.285	-0.055
33.660	24.626	-0.063
33.680	26.646	-0.075
33.700	28.279	-0.083
33.720	29.541	-0.091
33.740	30.379	-0.099
33.760	30.809	-0.104
33.780	30.798	-0.105
33.800	30.374	-0.110
33.820	29.525	-0.108
33.840	28.252	-0.114
33.860	26.608	-0.104
33.880	24.594	-0.104
33.900	22.215	-0.098
33.920	19.519	-0.091
33.940	16.570	-0.083
33.960	13.369	-0.073
33.980	10.006	-0.062
34.000	6.499	-0.051
34.020	2.895	-0.042
34.040	-0.747	-0.025
34.060	-4.377	-0.019
34.080	-7.955	0.006
34.100	-11.414	0.013
34.120	-14.706	0.029
34.140	-17.816	0.041
34.160	-20.673	0.057
34.180	-23.246	0.067
34.200	-25.459	0.079
34.220	-27.350	0.088
34.240	-28.880	0.096
34.260	-29.938	0.104
34.280	-30.626	0.111
34.300	-30.873	0.113
34.320	-30.701	0.116
34.340	-30.132	0.116
34.360	-29.106	0.120
34.380	-27.661	0.113
34.400	-25.856	0.116
34.420	-23.687	0.106
34.440	-21.189	0.105
34.460	-18.358	0.090
34.480	-15.308	0.089
34.500	-12.047	0.071
34.520	-8.604	0.066
34.540	-5.027	0.050
34.560	-1.396	0.041
34.580	2.256	0.022
34.600	5.871	0.013
34.620	9.389	-0.004
34.640	12.815	-0.016
34.660	16.022	-0.030
34.680	19.041	-0.040
34.700	21.785	-0.055
34.720	24.208	-0.065
34.740	26.292	-0.076
34.760	28.000	-0.090
34.780	29.348	-0.094
34.800	30.255	-0.103
34.820	30.766	-0.105
34.840	30.835	-0.116
34.860	30.497	-0.114
34.880	29.724	-0.116
34.900	28.531	-0.117
34.920	26.958	-0.116
34.940	25.008	-0.106
34.960	22.682	-0.108
34.980	20.056	-0.099
35.000	17.150	-0.091
35.020	14.002	-0.083
35.040	10.662	-0.071
35.060	7.192	-0.059
35.080	3.599	-0.050
35.100	-0.038	-0.037
35.120	-3.674	-0.021
35.140	-7.246	-0.008
35.160	-10.758	0.003
35.180	-14.078	0.021
35.200	-17.236	0.028
35.220	-20.136	0.046
35.240	-22.752	0.058
35.260	-25.045	0.071
35.280	-27.000	0.077
35.300	-28.590	0.086
35.320	-29.756	0.092
35.340	-30.513	0.100
35.360	-30.825	0.100
35.380	-30.755	0.110
35.400	-30.245	0.105
35.420	-29.326	0.112
35.440	-27.946	0.103
35.460	-26.222	0.111
35.480	-24.111	0.095
35.500	-21.683	0.095
35.520	-18.912	0.082
35.540	-15.904	0.082
35.560	-12.681	0.065
35.580	-9.249	0.059
35.600	-5.709	0.041
35.620	-2.079	0.034
35.640	1.568	0.016
35.660	5.188	0.007
35.680	8.723	-0.012
35.700	12.171	-0.023
35.720	15.431	-0.038
35.740	18.466	-0.052
35.760	21.291	-0.063
35.780	23.778	-0.074
35.800	25.926	-0.084
35.820	27.709	-0.096
35.840	29.111	-0.107
35.860	30.126	-0.106
35.880	30.701	-0.118
35.900	30.862	-0.119
35.920	30.599	-0.128
35.940	29.885	-0.121
35.960	28.789	-0.131
35.980	27.285	-0.120
36.000	25.421	-0.118
36.020	23.155	-0.116
36.040	20.566	-0.110
36.060	17.730	-0.097
36.080	14.615	-0.093
36.100	11.301	-0.083
36.120	7.853	-0.067
36.140	4.292	-0.060
36.160	0.666	-0.041
36.180	-2.965	-0.034
36.200	-6.563	-0.015
36.220	-10.108	-0.011
36.240	-13.471	0.012
36.260	-16.656	0.021
36.280	-19.604	0.039
36.300	-22.274	0.050
36.320	-24.632	0.065
36.340	-26.667	0.071
36.360	-28.327	0.083
36.380	-29.562	0.086
36.400	-30.400	0.098
36.420	-30.787	0.094
36.440	-30.803	0.107
36.460	-30.395	0.103
36.480	-29.530	0.110
36.500	-28.252	0.104
36.520	-26.576	0.107
36.540	-24.557	0.095
36.560	-22.156	0.098
36.580	-19.476	0.081
36.600	-16.500	0.083
36.620	-13.320	0.066
36.640	-9.920	0.061
36.660	-6.397	0.043
36.680	-2.777	0.037
36.700	0.870	0.021
36.720	4.485	0.012
36.740	8.046	-0.008
36.760	11.521	-0.014
36.780	14.824	-0.034
36.800	17.907	-0.040
36.820	20.759	-0.061
36.840	23.327	-0.066
36.860	25.523	-0.081
36.880	27.398	-0.086
36.900	28.880	-0.099
36.920	29.955	-0.104
36.940	30.615	-0.114
36.960	30.857	-0.117
36.980	30.669	-0.117
37.000	30.057	-0.120
37.020	29.025	-0.118
37.040	27.597	-0.120
37.060	25.792	-0.115
37.080	23.611	-0.115
37.100	21.092	-0.104
37.120	18.289	-0.099
37.140	15.222	-0.087
37.160	11.940	-0.078
37.180	8.524	-0.066
37.200	4.952	-0.058
37.220	1.337	-0.041
37.240	-2.304	-0.025
37.260	-5.919	-0.013
37.280	-9.480	-0.000
37.300	-12.864	0.009
37.320	-16.076	0.025
37.340	-19.083	0.044
37.360	-21.828	0.055
37.380	-24.250	0.066
37.400	-26.345	0.074
37.420	-28.091	0.085
37.440	-29.401	0.093
37.460	-30.314	0.100
37.480	-30.776	0.101
37.500	-30.857	0.112
37.520	-30.535	0.110
37.540	-29.777	0.112
37.560	-28.596	0.110
37.580	-26.958	0.114
37.600	-25.002	0.106
37.620	-22.682	0.104
37.640	-20.045	0.093
37.660	-17.112	0.087
37.680	-13.981	0.079
37.700	-10.603	0.071
37.720	-7.106	0.056
37.740	-3.497	0.046
37.760	0.145	0.033
37.780	3.781	0.017
37.800	7.369	0.006
37.820	10.850	-0.004
37.840	14.207	-0.020
37.860	17.338	-0.035
37.880	20.233	-0.046
37.900	22.865	-0.058
37.920	25.137	-0.064
37.940	27.076	-0.076
37.960	28.617	-0.090
37.980	29.788	-0.091
38.000	30.524	-0.106
38.020	30.852	-0.099
38.040	30.739	-0.116
38.060	30.207	-0.104
38.080	29.256	-0.117
38.100	27.903	-0.106
38.120	26.163	-0.108
38.140	24.062	-0.098
38.160	21.576	-0.099
38.180	18.842	-0.088
38.200	15.834	-0.084
38.220	12.574	-0.070
38.240	9.174	-0.061
38.260	5.645	-0.050
38.280	2.041	-0.033
38.300	-1.617	-0.023
38.320	-5.231	-0.007
38.340	-8.803	0.005
38.360	-12.214	0.020
38.380	-15.469	0.031
38.400	-18.525	0.049
38.420	-21.318	0.065
38.440	-23.794	0.073
38.460	-25.969	0.080
38.480	-27.769	0.091
38.500	-29.170	0.098
38.520	-30.169	0.107
38.540	-30.712	0.111
38.560	-30.884	0.117
38.580	-30.604	0.126
38.600	-29.938	0.119
38.620	-28.816	0.124
38.640	-27.307	0.115
38.660	-25.384	0.119
38.680	-23.128	0.103
38.700	-20.544	0.107
38.720	-17.682	0.092
38.740	-14.556	0.083
38.760	-11.247	0.072
38.780	-7.777	0.062
38.800	-4.184	0.052
38.820	-0.537	0.036
38.840	3.110	0.024
38.860	6.703	0.012
38.880	10.205	-0.002
38.900	13.583	-0.020
38.920	16.758	-0.026
38.940	19.701	-0.048
38.960	22.403	-0.052
38.980	24.729	-0.070
39.000	26.737	-0.073
39.020	28.354	-0.091
39.040	29.605	-0.092
39.060	30.411	-0.101
39.080	30.819	-0.104
39.100	30.787	-0.108
39.120	30.352	-0.116
39.140	29.477	-0.109
39.160	28.193	-0.119
39.180	26.522	-0.106
39.200	24.498	-0.108
39.220	22.097	-0.099
39.240	19.384	-0.097
39.260	16.430	-0.085
39.280	13.224	-0.076
39.300	9.856	-0.065
39.320	6.343	-0.054
39.340	2.745	-0.044
39.360	-0.897	-0.027
39.380	-4.522	-0.021
39.400	-8.100	0.000
39.420	-11.559	0.008
39.440	-14.840	0.026
39.460	-17.945	0.034
39.480	-20.797	0.056
39.500	-23.348	0.062
39.520	-25.534	0.079
39.540	-27.419	0.082
39.560	-28.923	0.093
39.580	-29.976	0.099
39.600	-30.626	0.109
39.620	-30.857	0.108
39.640	-30.674	0.114
39.660	-30.073	0.111
39.680	-29.036	0.110
39.700	-27.586	0.108
39.720	-25.738	0.110
39.740	-23.584	0.104
39.760	-21.049	0.095
39.780	-18.229	0.087
39.800	-15.163	0.079
39.820	-11.897	0.068
39.840	-8.433	0.058
39.860	-4.861	0.037
39.880	-1.225	0.035
39.900	2.422	0.016
39.920	6.032	0.008
39.940	9.555	-0.012
39.960	12.966	-0.020
39.980	16.172	-0.041
40.000	19.159	-0.045
40.020	21.903	-0.066
40.040	24.315	-0.069
40.060	26.388	-0.088
40.080	28.075	-0.094
40.100	29.391	-0.106
40.120	30.293	-0.109
40.140	30.771	-0.116
40.160	30.825	-0.121
40.180	30.465	-0.120
40.200	29.670	-0.128
40.220	28.461	-0.122
40.240	26.866	-0.120
40.260	24.917	-0.112
40.280	22.575	-0.115
40.300	19.927	-0.102
40.320	17.016	-0.099
40.340	13.852	-0.088
40.360	10.517	-0.078
40.380	7.020	-0.066
40.400	3.443	-0.054
40.420	-0.199	-0.041
40.440	-3.840	-0.028
40.460	-7.428	-0.016
40.480	-10.903	0.000
40.500	-14.233	0.013
40.520	-17.365	0.031
40.540	-20.265	0.041
40.560	-22.859	0.054
40.580	-25.131	0.068
40.600	-27.086	0.075
40.620	-28.655	0.083
40.640	-29.804	0.089
40.660	-30.535	0.097
40.680	-30.825	0.100
40.700	-30.733	0.104
40.720	-30.212	0.104
40.740	-29.267	0.108
40.760	-27.887	0.102
40.780	-26.125	0.104
40.800	-23.993	0.093
40.820	-21.554	0.091
40.840	-18.788	0.078
40.860	-15.748	0.076
40.880	-12.520	0.062
40.900	-9.088	0.054
40.920	-5.543	0.041
40.940	-1.917	0.029
40.960	1.724	0.017
40.980	5.355	0.004
41.000	8.884	-0.007
41.020	12.327	-0.022
41.040	15.582	-0.036
41.060	18.611	-0.051
41.080	21.398	-0.062
41.100	23.875	-0.076
41.120	26.007	-0.079
41.140	27.769	-0.094
41.160	29.176	-0.103
41.180	30.153	-0.108
41.200	30.717	-0.118
41.220	30.862	-0.116
41.240	30.567	-0.125
41.260	29.853	-0.120
41.280	28.730	-0.128
41.300	27.199	-0.116
41.320	25.309	-0.118
41.340	23.042	-0.112
41.360	20.448	-0.105
41.380	17.580	-0.098
41.400	14.470	-0.088
41.420	11.156	-0.079
41.440	7.697	-0.062
41.460	4.120	-0.055
41.480	0.489	-0.038
41.500	-3.147	-0.032
41.520	-6.751	-0.007
41.540	-10.264	-0.004
41.560	-13.637	0.019
41.580	-16.806	0.025
41.600	-19.750	0.047
41.620	-22.414	0.053
41.640	-24.755	0.071
41.660	-26.775	0.075
41.680	-28.408	0.087
41.700	-29.638	0.090
41.720	-30.470	0.102
41.740	-30.809	0.100
41.760	-30.809	0.112
41.780	-30.379	0.108
41.800	-29.509	0.111
41.820	-28.230	0.105
41.840	-26.512	0.109
41.860	-24.476	0.102
41.880	-22.075	0.100
41.900	-19.374	0.088
41.920	-16.398	0.087
41.940	-13.191	0.070
41.960	-9.781	0.065
41.980	-6.252	0.046
42.000	-2.648	0.041
42.020	1.004	0.022
42.040	4.641	0.012
42.060	8.202	-0.004
42.080	11.671	-0.007
42.100	14.958	-0.033
42.120	18.036	-0.036
42.140	20.877	-0.062
42.160	23.434	-0.059
42.180	25.631	-0.080
42.200	27.468	-0.079
42.220	28.929	-0.099
42.240	30.003	-0.099
42.260	30.637	-0.111
42.280	30.857	-0.108
42.300	30.658	-0.113
42.320	30.024	-0.114
42.340	28.977	-0.116
42.360	27.527	-0.114
42.380	25.695	-0.105
42.400	23.509	-0.108
42.420	20.974	-0.095
42.440	18.133	-0.096
42.460	15.082	-0.077
42.480	11.790	-0.071
42.500	8.347	-0.058
42.520	4.802	-0.050
42.540	1.166	-0.034
42.560	-2.476	-0.019
42.580	-6.096	-0.008
42.600	-9.625	0.008
42.620	-13.014	0.017
42.640	-16.237	0.037
42.660	-19.229	0.046
42.680	-21.946	0.067
42.700	-24.353	0.073
42.720	-26.415	0.083
42.740	-28.155	0.091
42.760	-29.455	0.103
42.780	-30.347	0.106
42.800	-30.776	0.114
42.820	-30.852	0.115
42.840	-30.502	0.119
42.860	-29.713	0.120
42.880	-28.515	0.119
42.900	-26.893	0.116
42.920	-24.884	0.115
42.940	-22.569	0.110
42.960	-19.911	0.097
42.980	-16.962	0.093
43.000	-13.809	0.083
43.020	-10.441	0.074
43.040	-6.939	0.061
43.060	-3.325	0.052
43.080	0.317	0.034
43.100	3.958	0.021
43.120	7.541	0.007
43.140	11.027	-0.004
43.160	14.346	-0.020
43.180	17.478	-0.030
43.200	20.367	-0.043
43.220	22.978	-0.054
43.240	25.233	-0.064
43.260	27.151	-0.078
43.280	28.687	-0.088
43.300	29.826	-0.094
43.320	30.551	-0.103
43.340	30.852	-0.103
43.360	30.728	-0.112
43.380	30.159	-0.107
43.400	29.203	-0.115
43.420	27.833	-0.109
43.440	26.066	-0.108
43.460	23.950	-0.100
43.480	21.474	-0.100
43.500	18.718	-0.091
43.520	15.694	-0.081
43.540	12.439	-0.071
43.560	9.013	-0.057
43.580	5.495	-0.050
43.600	1.880	-0.034
43.620	-1.762	-0.026
43.640	-5.398	-0.007
43.660	-8.937	0.004
43.680	-12.370	0.020
43.700	-15.598	0.029
43.720	-18.648	0.046
43.740	-21.425	0.057
43.760	-23.891	0.071
43.780	-26.034	0.077
43.800	-27.806	0.090
43.820	-29.213	0.096
43.840	-30.175	0.107
43.860	-30.723	0.110
43.880	-30.862	0.113
43.900	-30.562	0.117
43.920	-29.869	0.116
43.940	-28.751	0.116
43.960	-27.188	0.112
43.980	-25.250	0.108
44.000	-22.994	0.104
44.020	-20.405	0.099
44.040	-17.521	0.089
44.060	-14.411	0.081
44.080	-11.097	0.069
44.100	-7.589	0.054
44.120	-4.001	0.048
44.140	-0.349	0.029
44.160	3.282	0.025
44.180	6.880	0.005
44.200	10.388	-0.004
44.220	13.750	-0.024
44.240	16.908	-0.030
44.260	19.825	-0.054
44.280	22.526	-0.055
44.300	24.831	-0.076
44.320	26.818	-0.078
44.340	28.418	-0.093
44.360	29.659	-0.100
44.380	30.449	-0.108
44.400	30.830	-0.110
44.420	30.782	-0.114
44.440	30.320	-0.118
44.460	29.417	-0.120
44.480	28.134	-0.123
44.500	26.426	-0.112
44.520	24.390	-0.113
44.540	21.968	-0.107
44.560	19.255	-0.099
44.580	16.285	-0.094
44.600	13.073	-0.085
44.620	9.689	-0.070
44.640	6.177	-0.059
44.660	2.567	-0.051
44.680	-1.080	-0.036
44.700	-4.689	-0.025
44.720	-8.271	-0.003
44.740	-11.714	0.000
44.760	-14.996	0.025
44.780	-18.084	0.030
44.800	-20.910	0.051
44.820	-23.413	0.055
44.840	-25.642	0.074
44.860	-27.495	0.076
44.880	-28.972	0.087
44.900	-30.024	0.091
44.920	-30.637	0.100
44.940	-30.846	0.101
44.960	-30.658	0.110
44.980	-30.019	0.104
45.000	-28.972	0.108
45.020	-27.500	0.105
45.040	-25.647	0.105
45.060	-23.439	0.095
45.080	-20.920	0.091
45.100	-18.090	0.080
45.120	-15.007	0.074
45.140	-11.725	0.061
45.160	-8.266	0.053
45.180	-4.684	0.038
45.200	-1.053	0.028
45.220	2.589	0.012
45.240	6.193	0.002
45.260	9.706	-0.017
45.280	13.111	-0.025
45.300	16.328	-0.045
45.320	19.282	-0.050
45.340	22.032	-0.069
45.360	24.412	-0.074
45.380	26.474	-0.091
45.400	28.145	-0.092
45.420	29.444	-0.108
45.440	30.320	-0.109
45.460	30.782	-0.122
45.480	30.814	-0.120
45.500	30.433	-0.125
45.520	29.611	-0.125
45.540	28.408	-0.128
45.560	26.764	-0.120
45.580	24.814	-0.116
45.600	22.467	-0.113
45.620	19.803	-0.103
45.640	16.871	-0.099
45.660	13.702	-0.089
45.680	10.355	-0.078
45.700	6.864	-0.064
45.720	3.266	-0.056
45.740	-0.365	-0.041
45.760	-4.012	-0.028
45.780	-7.584	-0.010
45.800	-11.075	0.003
45.820	-14.368	0.012
45.840	-17.504	0.032
45.860	-20.394	0.043
45.880	-22.978	0.053
45.900	-25.233	0.070
45.920	-27.183	0.075
45.940	-28.730	0.083
45.960	-29.847	0.091
45.980	-30.572	0.095
46.000	-30.830	0.100
46.020	-30.717	0.104
46.040	-30.196	0.110
46.060	-29.213	0.109
46.080	-27.822	0.103
46.100	-26.055	0.107
46.120	-23.907	0.099
46.140	-21.452	0.099
46.160	-18.654	0.084
46.180	-15.641	0.082
46.200	-12.391	0.066
46.220	-8.943	0.061
46.240	-5.393	0.045
46.260	-1.756	0.034
46.280	1.885	0.021
46.300	5.511	0.007
46.320	9.040	-0.008
46.340	12.477	-0.018
46.360	15.727	-0.034
46.380	18.740	-0.045
46.400	21.506	-0.057
46.420	23.982	-0.072
46.440	26.098	-0.077
46.460	27.860	-0.092
46.480	29.224	-0.097
46.500	30.191	-0.108
46.520	30.733	-0.109
46.540	30.852	-0.114
46.560	30.545	-0.118
46.580	29.804	-0.118
46.600	28.671	-0.120
46.620	27.092	-0.116
46.640	25.217	-0.112
46.660	22.918	-0.107
46.680	20.313	-0.099
46.700	17.445	-0.092
46.720	14.309	-0.082
46.740	10.973	-0.074
46.760	7.520	-0.063
46.780	3.937	-0.050
46.800	0.301	-0.031
46.820	-3.352	-0.024
46.840	-6.945	-0.003
46.860	-10.436	0.001
46.880	-13.798	0.025
46.900	-16.957	0.028
46.920	-19.905	0.052
46.940	-22.537	0.057
46.960	-24.874	0.076
46.980	-26.877	0.079
47.000	-28.494	0.095
47.020	-29.708	0.096
47.040	-30.519	0.107
47.060	-30.819	0.103
47.080	-30.803	0.118
47.100	-30.368	0.113
47.120	-29.477	0.117
47.140	-28.166	0.115
47.160	-26.458	0.121
47.180	-24.374	0.104
47.200	-21.973	0.104
47.220	-19.234	0.093
47.240	-16.248	0.091
47.260	-13.052	0.076
47.280	-9.620	0.070
47.300	-6.091	0.054
47.320	-2.465	0.048
47.340	1.171	0.028
47.360	4.802	0.018
47.380	8.363	0.002
47.400	11.822	-0.004
47.420	15.104	-0.022
47.440	18.181	-0.029
47.460	21.001	-0.051
47.480	23.547	-0.054
47.500	25.722	-0.074
47.520	27.538	-0.075
47.540	28.988	-0.096
47.560	30.030	-0.092
47.580	30.664	-0.105
47.600	30.862	-0.102
47.620	30.637	-0.111
47.640	29.960	-0.108
47.660	28.913	-0.111
47.680	27.425	-0.105
47.700	25.609	-0.102
47.720	23.391	-0.098
47.740	20.845	-0.096
47.760	18.020	-0.089
47.780	14.926	-0.076
47.800	11.634	-0.066
47.820	8.191	-0.053
47.840	4.641	-0.049
47.860	1.010	-0.029
47.880	-2.632	-0.019
47.900	-6.241	-0.005
47.920	-9.792	0.011
47.940	-13.159	0.022
47.960	-16.344	0.039
47.980	-19.341	0.047
48.000	-22.038	0.066
48.020	-24.444	0.072
48.040	-26.490	0.084
48.060	-28.198	0.092
48.080	-29.477	0.101
48.100	-30.363	0.104
48.120	-30.798	0.112
48.140	-30.846	0.120
48.160	-30.449	0.118
48.180	-29.643	0.119
48.200	-28.418	0.117
48.220	-26.780	0.116
48.240	-24.782	0.112
48.260	-22.424	0.110
48.280	-19.760	0.097
48.300	-16.817	0.092
48.320	-13.659	0.081
48.340	-10.259	0.071
48.360	-6.751	0.057
48.380	-3.147	0.050
48.400	0.500	0.033
48.420	4.136	0.021
48.440	7.702	0.008
48.460	11.172	-0.009
48.480	14.507	-0.023
48.500	17.606	-0.033
48.520	20.496	-0.045
48.540	23.096	-0.060
48.560	25.335	-0.066
48.580	27.221	-0.083
48.600	28.746	-0.087
48.620	29.874	-0.100
48.640	30.567	-0.106
48.660	30.852	-0.113
48.680	30.712	-0.114
48.700	30.143	-0.116
48.720	29.149	-0.113
48.740	27.736	-0.116
48.760	25.991	-0.111
48.780	23.842	-0.111
48.800	21.361	-0.098
48.820	18.589	-0.093
48.840	15.555	-0.087
48.860	12.289	-0.075
48.880	8.862	-0.062
48.900	5.333	-0.054
48.920	1.708	-0.038
48.940	-1.928	-0.029
48.960	-5.548	-0.010
48.980	-9.099	-0.001
49.000	-12.499	0.018
49.020	-15.737	0.025
49.040	-18.783	0.044
49.060	-21.543	0.052
49.080	-23.982	0.066
49.100	-26.104	0.075
49.120	-27.881	0.086
49.140	-29.256	0.088
49.160	-30.223	0.103
49.180	-30.717	0.100
49.200	-30.862	0.112
49.220	-30.529	0.110
49.240	-29.836	0.113
49.260	-28.671	0.108
49.280	-27.103	0.108
49.300	-25.164	0.104
49.320	-22.881	0.100
49.340	-20.271	0.089
49.360	-17.381	0.085
49.380	-14.250	0.074
49.400	-10.930	0.063
49.420	-7.423	0.051
49.440	-3.835	0.042
49.460	-0.199	0.025
49.480	3.454	0.014
49.500	7.042	-0.002
49.520	10.522	-0.012
49.540	13.890	-0.028
49.560	17.042	-0.039
49.580	19.959	-0.056
49.600	22.623	-0.062
49.620	24.922	-0.080
49.640	26.898	-0.083
49.660	28.488	-0.104
49.680	29.686	-0.104
49.700	30.470	-0.117
49.720	30.841	-0.110
49.740	30.760	-0.124
49.760	30.282	-0.119
49.780	29.369	-0.126
49.800	28.048	-0.120
49.820	26.351	-0.124
49.840	24.288	-0.112
49.860	21.844	-0.111
49.880	19.132	-0.100
49.900	16.146	-0.098
49.920	12.923	-0.087
49.940	9.539	-0.073
49.960	6.016	-0.061
49.980	2.401	-0.051
50.000	-1.241	-0.037
50.020	-4.855	-0.025
50.040	-8.433	-0.005
50.060	-11.854	0.000
50.080	-15.130	0.024
50.100	-18.203	0.028
50.120	-21.039	0.050
50.140	-23.542	0.054
50.160	-25.738	0.071
50.180	-27.570	0.074
50.200	-29.025	0.087
50.220	-30.051	0.090
50.240	-30.658	0.099
50.260	-30.841	0.097
50.280	-30.642	0.108
50.300	-29.981	0.104
50.320	-28.918	0.110
50.340	-27.430	0.104
50.360	-25.561	0.105
50.380	-23.343	0.095
50.400	-20.802	0.091
50.420	-17.956	0.080
50.440	-14.878	0.075
50.460	-11.575	0.058
50.480	-8.105	0.054
50.500	-4.517	0.040
50.520	-0.892	0.030
50.540	2.755	0.011
50.560	6.375	0.006
50.580	9.883	-0.012
50.600	13.277	-0.022
50.620	16.468	-0.037
50.640	19.427	-0.051
50.660	22.145	-0.065
50.680	24.514	-0.075
50.700	26.549	-0.091
50.720	28.214	-0.094
50.740	29.498	-0.109
50.760	30.357	-0.110
50.780	30.803	-0.116
50.800	30.819	-0.116
50.820	30.417	-0.122
50.840	29.568	-0.122
50.860	28.333	-0.124
50.880	26.689	-0.116
50.900	24.707	-0.115
50.920	22.349	-0.110
50.940	19.669	-0.101
50.960	16.731	-0.092
50.980	13.546	-0.083
51.000	10.189	-0.075
51.020	6.692	-0.062
51.040	3.099	-0.048
51.060	-0.548	-0.033
51.080	-4.179	-0.018
51.100	-7.767	-0.005
51.120	-11.236	0.006
51.140	-14.545	0.019
51.160	-17.676	0.034
51.180	-20.544	0.050
51.200	-23.117	0.060
51.220	-25.373	0.068
51.240	-27.269	0.081
51.260	-28.832	0.091
51.280	-29.922	0.100
51.300	-30.615	0.100
51.320	-30.868	0.106
51.340	-30.744	0.112
51.360	-30.196	0.112
51.380	-29.192	0.115
51.400	-27.795	0.109
51.420	-25.980	0.113
51.440	-23.842	0.104
51.460	-21.350	0.103
51.480	-18.541	0.086
51.500	-15.501	0.084
51.520	-12.268	0.070
51.540	-8.798	0.062
51.560	-5.248	0.050
51.580	-1.601	0.041
51.600	2.041	0.021
51.620	5.672	0.013
51.640	9.179	-0.002
51.660	12.627	-0.010
51.680	15.861	-0.030
51.700	18.869	-0.041
51.720	21.640	-0.052
51.740	24.089	-0.066
51.760	26.189	-0.071
51.780	27.924	-0.087
51.800	29.278	-0.088
51.820	30.229	-0.104
51.840	30.739	-0.106
51.860	30.846	-0.110
51.880	30.519	-0.108
51.900	29.750	-0.112
51.920	28.596	-0.112
51.940	27.027	-0.111
51.960	25.115	-0.104
51.980	22.811	-0.101
52.000	20.190	-0.094
52.020	17.306	-0.086
52.040	14.169	-0.076
52.060	10.823	-0.062
52.080	7.353	-0.055
52.100	3.765	-0.039
52.120	0.150	-0.026
52.140	-3.502	-0.015
52.160	-7.101	0.004
52.180	-10.613	0.011
52.200	-13.938	0.028
52.220	-17.096	0.037
52.240	-20.034	0.058
52.260	-22.661	0.068
52.280	-24.970	0.080
52.300	-26.952	0.079
52.320	-28.553	0.098
52.340	-29.729	0.100
52.360	-30.519	0.114
52.380	-30.825	0.110
52.400	-30.803	0.125
52.420	-30.314	0.118
52.440	-29.417	0.124
52.460	-28.080	0.116
52.480	-26.345	0.121
52.500	-24.261	0.109
52.520	-21.833	0.108
52.540	-19.100	0.095
52.560	-16.086	0.094
52.580	-12.901	0.078
52.600	-9.458	0.071
52.620	-5.919	0.055
52.640	-2.293	0.050
52.660	1.354	0.029
52.680	4.990	0.023
52.700	8.524	0.005
52.720	11.983	-0.011
52.740	15.265	-0.018
52.760	18.321	-0.032
52.780	21.141	-0.049
52.800	23.649	-0.056
52.820	25.824	-0.075
52.840	27.629	-0.077
52.860	29.047	-0.095
52.880	30.073	-0.095
52.900	30.680	-0.108
52.920	30.862	-0.104
52.940	30.615	-0.116
52.960	29.938	-0.108
52.980	28.854	-0.117
53.000	27.350	-0.108
53.020	25.518	-0.110
53.040	23.284	-0.099
53.060	20.716	-0.098
53.080	17.880	-0.087
53.100	14.792	-0.079
53.120	11.489	-0.067
53.140	8.035	-0.054
53.160	4.485	-0.045
53.180	0.843	-0.033
53.200	-2.804	-0.024
53.220	-6.392	-0.004
53.240	-9.926	0.006
53.260	-13.299	0.025
53.280	-16.468	0.031
53.300	-19.459	0.048
53.320	-22.140	0.060
53.340	-24.530	0.071
53.360	-26.571	0.078
53.380	-28.252	0.088
53.400	-29.509	0.099
53.420	-30.390	0.108
53.440	-30.814	0.110
53.460	-30.825	0.112
53.480	-30.411	0.115
53.500	-29.584	0.113
53.520	-28.327	0.115
53.540	-26.689	0.116
53.560	-24.648	0.108
53.580	-22.301	0.104
53.600	-19.615	0.094
53.620	-16.656	0.088
53.640	-13.481	0.077
53.660	-10.114	0.066
53.680	-6.585	0.054
53.700	-2.965	0.043
53.720	0.677	0.025
53.740	4.297	0.017
53.760	7.874	-0.004
53.780	11.354	-0.008
53.800	14.658	-0.031
53.820	17.768	-0.033
53.840	20.625	-0.055
53.860	23.208	-0.059
53.880	25.427	-0.079
53.900	27.307	-0.083
53.920	28.800	-0.096
53.940	29.912	-0.104
53.960	30.599	-0.113
53.980	30.857	-0.116
54.000	30.696	-0.117
54.020	30.089	-0.119
54.040	29.095	-0.118
54.060	27.667	-0.120
54.080	25.899	-0.112
54.100	23.740	-0.116
54.120	21.237	-0.105
54.140	18.450	-0.104
54.160	15.388	-0.087
54.180	12.123	-0.083
54.200	8.717	-0.069
54.220	5.172	-0.058
54.240	1.563	-0.045
54.260	-2.100	-0.029
54.280	-5.709	-0.019
54.300	-9.260	-0.004
54.320	-12.665	0.008
54.340	-15.872	0.023
54.360	-18.896	0.037
54.380	-21.640	0.046
54.400	-24.105	0.061
54.420	-26.200	0.071
54.440	-27.957	0.077
54.460	-29.310	0.086
54.480	-30.239	0.093
54.500	-30.723	0.100
54.520	-30.841	0.107
54.540	-30.513	0.104
54.560	-29.777	0.107
54.580	-28.601	0.105
54.600	-27.033	0.106
54.620	-25.072	0.099
54.640	-22.763	0.096
54.660	-20.142	0.087
54.680	-17.230	0.081
54.700	-14.110	0.071
54.720	-10.758	0.062
54.740	-7.262	0.050
54.760	-3.663	0.038
54.780	-0.016	0.022
54.800	3.615	0.013
54.820	7.208	-0.001
54.840	10.705	-0.012
54.860	14.051	-0.029
54.880	17.187	-0.044
54.900	20.093	-0.054
54.920	22.741	-0.070
54.940	25.029	-0.081
54.960	26.968	-0.093
54.980	28.547	-0.099
55.000	29.740	-0.108
55.020	30.492	-0.118
55.040	30.852	-0.118
55.060	30.755	-0.121
55.080	30.245	-0.120
55.100	29.310	-0.123
55.120	27.967	-0.120
55.140	26.270	-0.122
55.160	24.191	-0.113
55.180	21.731	-0.112
55.200	19.003	-0.099
55.220	16.011	-0.095
55.240	12.762	-0.081
55.260	9.373	-0.071
55.280	5.854	-0.062
55.300	2.245	-0.046
55.320	-1.391	-0.032
55.340	-5.027	-0.019
55.360	-8.588	-0.008
55.380	-12.031	0.008
55.400	-15.281	0.021
55.420	-18.337	0.032
55.440	-21.162	0.048
55.460	-23.654	0.061
55.480	-25.830	0.069
55.500	-27.640	0.077
55.520	-29.084	0.086
55.540	-30.100	0.097
55.560	-30.685	0.102
55.580	-30.857	0.104
55.600	-30.626	0.112
55.620	-29.955	0.107
55.640	-28.870	0.112
55.660	-27.382	0.105
55.680	-25.475	0.108
55.700	-23.251	0.100
55.720	-20.700	0.098
55.740	-17.843	0.086
55.760	-14.744	0.076
55.780	-11.446	0.063
55.800	-7.960	0.059
55.820	-4.367	0.044
55.840	-0.730	0.033
55.860	2.906	0.016
55.880	6.515	0.004
55.900	10.012	-0.004
55.920	13.412	-0.021
55.940	16.607	-0.033
55.960	19.551	-0.050
55.980	22.263	-0.057
56.000	24.616	-0.075
56.020	26.625	-0.080
56.040	28.279	-0.093
56.060	29.536	-0.095
56.080	30.384	-0.106
56.100	30.809	-0.108
56.120	30.803	-0.116
56.140	30.374	-0.118
56.160	29.525	-0.116
56.180	28.263	-0.123
56.200	26.619	-0.115
56.220	24.605	-0.112
56.240	22.226	-0.103
56.260	19.519	-0.101
56.280	16.591	-0.086
56.300	13.390	-0.081
56.320	10.017	-0.066
56.340	6.504	-0.057
56.360	2.917	-0.044
56.380	-0.730	-0.028
56.400	-4.356	-0.013
56.420	-7.949	0.000
56.440	-11.414	0.008
56.460	-14.695	0.030
56.480	-17.821	0.038
56.500	-20.679	0.058
56.520	-23.246	0.061
56.540	-25.480	0.080
56.560	-27.371	0.082
56.580	-28.886	0.098
56.600	-29.971	0.100
56.620	-30.653	0.109
56.640	-30.873	0.112
56.660	-30.739	0.120
56.680	-30.153	0.119
56.700	-29.144	0.120
56.720	-27.715	0.114
56.740	-25.878	0.116
56.760	-23.729	0.108
56.780	-21.221	0.103
56.800	-18.407	0.092
56.820	-15.345	0.087
56.840	-12.090	0.078
56.860	-8.637	0.068
56.880	-5.076	0.055
56.900	-1.418	0.046
56.920	2.208	0.026
56.940	5.838	0.021
56.960	9.356	-0.000
56.980	12.772	-0.008
57.000	16.006	-0.028
57.020	19.008	-0.033
57.040	21.774	-0.054
57.060	24.181	-0.059
57.080	26.270	-0.070
57.100	27.994	-0.081
57.120	29.342	-0.090
57.140	30.250	-0.096
57.160	30.760	-0.103
57.180	30.841	-0.108
57.200	30.497	-0.111
57.220	29.724	-0.110
57.240	28.542	-0.110
57.260	26.952	-0.104
57.280	25.029	-0.101
57.300	22.698	-0.100
57.320	20.083	-0.092
57.340	17.166	-0.085
57.360	14.024	-0.074
57.380	10.678	-0.061
57.400	7.197	-0.054
57.420	3.620	-0.041
57.440	-0.021	-0.026
57.460	-3.663	-0.012
57.480	-7.262	0.004
57.500	-10.753	0.013
57.520	-14.078	0.029
57.540	-17.214	0.037
57.560	-20.147	0.058
57.580	-22.730	0.065
57.600	-25.056	0.076
57.620	-27.011	0.082
57.640	-28.601	0.098
57.660	-29.761	0.104
57.680	-30.529	0.112
57.700	-30.846	0.112
57.720	-30.766	0.121
57.740	-30.255	0.115
57.760	-29.337	0.125
57.780	-27.983	0.114
57.800	-26.254	0.121
57.820	-24.143	0.108
57.840	-21.699	0.108
57.860	-18.944	0.095
57.880	-15.920	0.094
57.900	-12.719	0.079
57.920	-9.292	0.068
57.940	-5.742	0.056
57.960	-2.116	0.044
57.980	1.542	0.029
58.000	5.151	0.019
58.020	8.707	0.004
58.040	12.149	-0.012
58.060	15.410	-0.024
58.080	18.455	-0.039
58.100	21.264	-0.051
58.120	23.756	-0.062
58.140	25.910	-0.074
58.160	27.709	-0.084
58.180	29.111	-0.095
58.200	30.116	-0.098
58.220	30.696	-0.112
58.240	30.862	-0.106
58.260	30.594	-0.118
58.280	29.890	-0.109
58.300	28.794	-0.118
58.320	27.285	-0.109
58.340	25.427	-0.114
58.360	23.171	-0.104
58.380	20.593	-0.104
58.400	17.751	-0.091
58.420	14.647	-0.082
58.440	11.328	-0.073
58.460	7.874	-0.054
58.480	4.318	-0.054
58.500	0.687	-0.029
58.520	-2.954	-0.029
58.540	-6.553	-0.001
58.560	-10.098	-0.001
58.580	-13.438	0.022
58.600	-16.618	0.028
58.620	-19.578	0.048
58.640	-22.247	0.052
58.660	-24.626	0.072
58.680	-26.641	0.072
58.700	-28.327	0.087
58.720	-29.552	0.091
58.740	-30.411	0.102
58.760	-30.792	0.102
58.780	-30.803	0.108
58.800	-30.384	0.111
58.820	-29.520	0.112
58.840	-28.273	0.107
58.860	-26.598	0.110
58.880	-24.551	0.105
58.900	-22.183	0.097
58.920	-19.476	0.088
58.940	-16.505	0.082
58.960	-13.331	0.068
58.980	-9.931	0.058
59.000	-6.440	0.049
59.020	-2.804	0.037
59.040	0.849	0.021
59.060	4.479	0.014
59.080	8.035	-0.007
59.100	11.500	-0.012
59.120	14.819	-0.036
59.140	17.896	-0.036
59.160	20.754	-0.062
59.180	23.316	-0.062
59.200	25.518	-0.084
59.220	27.398	-0.087
59.240	28.870	-0.104
59.260	29.960	-0.107
59.280	30.621	-0.116
59.300	30.862	-0.119
59.320	30.690	-0.121
59.340	30.073	-0.123
59.360	29.047	-0.122
59.380	27.597	-0.124
59.400	25.813	-0.115
59.420	23.627	-0.122
59.440	21.108	-0.105
59.460	18.310	-0.106
59.480	15.265	-0.090
59.500	11.972	-0.086
59.520	8.545	-0.066
59.540	5.011	-0.060
59.560	1.386	-0.046
59.580	-2.250	-0.035
59.600	-5.871	-0.018
59.620	-9.421	-0.004
59.640	-12.821	0.008
59.660	-16.017	0.023
59.680	-19.035	0.035
59.700	-21.774	0.050
59.720	-24.197	0.060
59.740	-26.297	0.071
59.760	-28.021	0.078
59.780	-29.353	0.087
59.800	-30.266	0.095
59.820	-30.728	0.098
59.840	-30.835	0.107
59.860	-30.492	0.107
59.880	-29.724	0.108
59.900	-28.542	0.106
59.920	-26.952	0.107
59.940	-24.970	0.100
59.960	-22.655	0.093
59.980	-20.013	0.087
60.000	-17.096	0.080
60.020	-13.954	0.072
60.040	-10.608	0.060
60.060	-7.106	0.051
60.080	-3.502	0.037
60.100	0.134	0.026
60.120	3.792	0.012
60.140	7.358	0.001
60.160	10.850	-0.014
60.180	14.190	-0.027
60.200	17.327	-0.039
60.220	20.217	-0.051
60.240	22.854	-0.067
60.260	25.121	-0.078
60.280	27.070	-0.090
60.300	28.612	-0.097
60.320	29.783	-0.103
60.340	30.519	-0.112
60.360	30.846	-0.113
60.380	30.739	-0.123
60.400	30.207	-0.118
60.420	29.267	-0.123
60.440	27.903	-0.119
60.460	26.173	-0.117
60.480	24.079	-0.111
60.500	21.608	-0.108
60.520	18.863	-0.096
60.540	15.855	-0.089
60.560	12.617	-0.080
60.580	9.195	-0.069
60.600	5.677	-0.060
60.620	2.068	-0.042
60.640	-1.579	-0.033
60.660	-5.210	-0.014
60.680	-8.776	-0.004
60.700	-12.203	0.009
60.720	-15.463	0.023
60.740	-18.503	0.040
60.760	-21.329	0.050
60.780	-23.794	0.066
60.800	-25.953	0.071
60.820	-27.763	0.084
60.840	-29.181	0.093
60.860	-30.180	0.101
60.880	-30.733	0.102
60.900	-30.878	0.110
60.920	-30.621	0.116
60.940	-29.955	0.111
60.960	-28.837	0.112
60.980	-27.328	0.112
61.000	-25.421	0.108
61.020	-23.166	0.104
61.040	-20.587	0.098
61.060	-17.719	0.091
61.080	-14.599	0.079
61.100	-11.295	0.070
61.120	-7.799	0.061
61.140	-4.222	0.049
61.160	-0.575	0.037
61.180	3.078	0.021
61.200	6.676	0.007
61.220	10.173	-0.004
61.240	13.551	-0.021
61.260	16.726	-0.031
61.280	19.680	-0.048
61.300	22.365	-0.053
61.320	24.702	-0.066
61.340	26.737	-0.075
61.360	28.349	-0.089
61.380	29.600	-0.094
61.400	30.411	-0.100
61.420	30.819	-0.105
61.440	30.798	-0.109
61.460	30.357	-0.111
61.480	29.466	-0.110
61.500	28.198	-0.112
61.520	26.533	-0.104
61.540	24.508	-0.107
61.560	22.097	-0.094
61.580	19.411	-0.091
61.600	16.457	-0.081
61.620	13.234	-0.073
61.640	9.861	-0.065
61.660	6.354	-0.053
61.680	2.750	-0.043
61.700	-0.886	-0.021
61.720	-4.522	-0.012
61.740	-8.105	0.009
61.760	-11.575	0.013
61.780	-14.851	0.033
61.800	-17.950	0.041
61.820	-20.792	0.060
61.840	-23.348	0.068
61.860	-25.556	0.083
61.880	-27.441	0.083
61.900	-28.945	0.100
61.920	-30.008	0.104
61.940	-30.653	0.114
61.960	-30.868	0.117
61.980	-30.701	0.119
62.000	-30.116	0.122
62.020	-29.074	0.124
62.040	-27.634	0.122
62.060	-25.787	0.117
62.080	-23.622	0.112
62.100	-21.103	0.106
62.120	-18.251	0.095
62.140	-15.195	0.089
62.160	-11.913	0.078
62.180	-8.481	0.069
62.200	-4.909	0.055
62.220	-1.257	0.045
62.240	2.390	0.027
62.260	6.010	0.021
62.280	9.518	0.000
62.300	12.939	-0.010
62.320	16.151	-0.028
62.340	19.137	-0.034
62.360	21.893	-0.054
62.380	24.299	-0.058
62.400	26.356	-0.075
62.420	28.064	-0.079
62.440	29.380	-0.094
62.460	30.293	-0.095
62.480	30.771	-0.105
62.500	30.841	-0.109
62.520	30.476	-0.111
62.540	29.670	-0.113
62.560	28.483	-0.112
62.580	26.882	-0.108
62.600	24.917	-0.101
62.620	22.585	-0.106
62.640	19.943	-0.092
62.660	17.037	-0.089
62.680	13.857	-0.073
62.700	10.527	-0.070
62.720	7.042	-0.053
62.740	3.459	-0.047
62.760	-0.177	-0.027
62.780	-3.819	-0.017
62.800	-7.412	-0.004
62.820	-10.898	0.012
62.840	-14.212	0.025
62.860	-17.349	0.039
62.880	-20.244	0.051
62.900	-22.843	0.064
62.920	-25.147	0.075
62.940	-27.081	0.079
62.960	-28.644	0.090
62.980	-29.793	0.100
63.000	-30.551	0.106
63.020	-30.852	0.112
63.040	-30.755	0.120
63.060	-30.229	0.112
63.080	-29.272	0.118
63.100	-27.897	0.112
63.120	-26.152	0.117
63.140	-24.020	0.105
63.160	-21.576	0.105
63.180	-18.799	0.089
63.200	-15.780	0.087
63.220	-12.558	0.071
63.240	-9.120	0.066
63.260	-5.564	0.046
63.280	-1.950	0.040
63.300	1.719	0.021
63.320	5.333	0.017
63.340	8.852	-0.007
63.360	12.305	-0.015
63.380	15.571	-0.033
63.400	18.595	-0.044
63.420	21.382	-0.058
63.440	23.869	-0.070
63.460	25.996	-0.079
63.480	27.769	-0.091
63.500	29.165	-0.099
63.520	30.137	-0.104
63.540	30.717	-0.111
63.560	30.857	-0.116
63.580	30.572	-0.119
63.600	29.858	-0.122
63.620	28.735	-0.123
63.640	27.221	-0.116
63.660	25.330	-0.115
63.680	23.053	-0.111
63.700	20.475	-0.105
63.720	17.612	-0.098
63.740	14.502	-0.088
63.760	11.177	-0.075
63.780	7.708	-0.066
63.800	4.146	-0.056
63.820	0.521	-0.042
63.840	-3.110	-0.030
63.860	-6.719	-0.012
63.880	-10.243	-0.003
63.900	-13.589	0.015
63.920	-16.763	0.024
63.940	-19.701	0.042
63.960	-22.376	0.050
63.980	-24.718	0.066
64.000	-26.727	0.071
64.020	-28.381	0.082
64.040	-29.600	0.088
64.060	-30.427	0.096
64.080	-30.792	0.094
64.100	-30.798	0.109
64.120	-30.352	0.103
64.140	-29.498	0.111
64.160	-28.193	0.104
64.180	-26.501	0.108
64.200	-24.460	0.094
64.220	-22.075	0.095
64.240	-19.352	0.079
64.260	-16.371	0.081
64.280	-13.181	0.064
64.300	-9.797	0.057
64.320	-6.252	0.042
64.340	-2.637	0.036
64.360	1.010	0.021
64.380	4.646	0.008
64.400	8.196	-0.012
64.420	11.661	-0.018
64.440	14.948	-0.035
64.460	18.031	-0.043
64.480	20.877	-0.062
64.500	23.429	-0.066
64.520	25.615	-0.085
64.540	27.468	-0.092
64.560	28.929	-0.104
64.580	29.992	-0.107
64.600	30.642	-0.117
64.620	30.868	-0.116
64.640	30.653	-0.125
64.660	30.024	-0.122
64.680	28.982	-0.125
64.700	27.538	-0.119
64.720	25.722	-0.118
64.740	23.515	-0.116
64.760	20.985	-0.104
64.780	18.176	-0.101
64.800	15.104	-0.091
64.820	11.822	-0.079
64.840	8.384	-0.068
64.860	4.834	-0.060
64.880	1.219	-0.046
64.900	-2.428	-0.029
64.920	-6.032	-0.015
64.940	-9.593	-0.002
64.960	-12.987	0.010
64.980	-16.183	0.024
65.000	-19.180	0.037
65.020	-21.898	0.052
65.040	-24.310	0.062
65.060	-26.394	0.075
65.080	-28.107	0.081
65.100	-29.434	0.088
65.120	-30.309	0.099
65.140	-30.771	0.103
65.160	-30.841	0.108
65.180	-30.486	0.108
65.200	-29.718	0.106
65.220	-28.488	0.108
65.240	-26.888	0.113
65.260	-24.884	0.105
65.280	-22.564	0.101
65.300	-19.921	0.090
65.320	-16.973	0.087
65.340	-13.836	0.073
65.360	-10.452	0.064
65.380	-6.950	0.050
65.400	-3.346	0.045
65.420	0.306	0.026
65.440	3.937	0.014
65.460	7.525	-0.001
65.480	10.989	-0.007
65.500	14.330	-0.024
65.520	17.461	-0.037
65.540	20.346	-0.052
65.560	22.967	-0.063
65.580	25.217	-0.071
65.600	27.140	-0.085
65.620	28.671	-0.095
65.640	29.826	-0.101
65.660	30.556	-0.107
65.680	30.857	-0.115
65.700	30.723	-0.119
65.720	30.180	-0.118
65.740	29.213	-0.117
65.760	27.838	-0.116
65.780	26.087	-0.111
65.800	23.966	-0.108
65.820	21.484	-0.104
65.840	18.718	-0.095
65.860	15.705	-0.084
65.880	12.445	-0.077
65.900	9.040	-0.065
65.920	5.505	-0.056
65.940	1.880	-0.038
65.960	-1.762	-0.028
65.980	-5.393	-0.010
66.000	-8.948	-0.002
66.020	-12.364	0.017
66.040	-15.619	0.030
66.060	-18.648	0.044
66.080	-21.447	0.060
66.100	-23.896	0.069
66.120	-26.061	0.076
66.140	-27.844	0.087
66.160	-29.229	0.095
66.180	-30.191	0.109
66.200	-30.733	0.107
66.220	-30.862	0.120
66.240	-30.604	0.120
66.260	-29.901	0.118
66.280	-28.768	0.119
66.300	-27.226	0.119
66.320	-25.309	0.114
66.340	-23.063	0.112
66.360	-20.464	0.099
66.380	-17.563	0.095
66.400	-14.454	0.084
66.420	-11.134	0.075
66.440	-7.643	0.064
66.460	-4.039	0.055
66.480	-0.403	0.039
66.500	3.244	0.025
66.520	6.837	0.013
66.540	10.329	0.003
66.560	13.712	-0.014
66.580	16.871	-0.025
66.600	19.809	-0.041
66.620	22.489	-0.051
66.640	24.820	-0.066
66.660	26.807	-0.075
66.680	28.408	-0.083
66.700	29.638	-0.092
66.720	30.443	-0.099
66.740	30.830	-0.101
66.760	30.782	-0.108
66.780	30.320	-0.108
66.800	29.434	-0.108
66.820	28.139	-0.110
66.840	26.437	-0.104
66.860	24.412	-0.100
66.880	21.968	-0.097
66.900	19.277	-0.087
66.920	16.301	-0.083
66.940	13.089	-0.072
66.960	9.716	-0.062
66.980	6.193	-0.049
67.000	2.594	-0.039
67.020	-1.053	-0.021
67.040	-4.667	-0.012
67.060	-8.271	0.011
67.080	-11.704	0.015
67.100	-14.980	0.035
67.120	-18.074	0.043
67.140	-20.904	0.061
67.160	-23.434	0.069
67.180	-25.636	0.079
67.200	-27.495	0.083
67.220	-28.972	0.098
67.240	-30.019	0.104
67.260	-30.653	0.109
67.280	-30.862	0.115
67.300	-30.680	0.120
67.320	-30.051	0.119
67.340	-28.993	0.120
67.360	-27.527	0.117
67.380	-25.663	0.117
67.400	-23.482	0.108
67.420	-20.963	0.104
67.440	-18.111	0.094
67.460	-15.044	0.088
67.480	-11.747	0.075
67.500	-8.309	0.065
67.520	-4.727	0.050
67.540	-1.090	0.041
67.560	2.551	0.025
67.580	6.177	0.013
67.600	9.684	-0.000
67.620	13.089	-0.017
67.640	16.301	-0.031
67.660	19.266	-0.038
67.680	22.016	-0.055
67.700	24.396	-0.062
67.720	26.458	-0.078
67.740	28.134	-0.086
67.760	29.439	-0.096
67.780	30.320	-0.101
67.800	30.782	-0.110
67.820	30.819	-0.109
67.840	30.454	-0.117
67.860	29.616	-0.115
67.880	28.408	-0.118
67.900	26.796	-0.109
67.920	24.831	-0.111
67.940	22.473	-0.107
67.960	19.814	-0.097
67.980	16.897	-0.088
68.000	13.723	-0.075
68.020	10.377	-0.073
68.040	6.886	-0.056
68.060	3.287	-0.049
68.080	-0.338	-0.030
68.100	-3.980	-0.022
68.120	-7.562	-0.003
68.140	-11.043	0.010
68.160	-14.346	0.024
68.180	-17.483	0.033
68.200	-20.362	0.050
68.220	-22.945	0.058
68.240	-25.233	0.071
68.260	-27.167	0.079
68.280	-28.708	0.086
68.300	-29.836	0.097
68.320	-30.545	0.097
68.340	-30.841	0.108
68.360	-30.728	0.110
68.380	-30.180	0.108
68.400	-29.219	0.111
68.420	-27.817	0.108
68.440	-26.050	0.109
68.460	-23.928	0.099
68.480	-21.458	0.095
68.500	-18.665	0.085
68.520	-15.630	0.081
68.540	-12.402	0.064
68.560	-8.959	0.059
68.580	-5.403	0.039
68.600	-1.778	0.035
68.620	1.885	0.017
68.640	5.505	0.012
68.660	9.029	-0.013
68.680	12.456	-0.019
68.700	15.710	-0.040
68.720	18.729	-0.046
68.740	21.506	-0.062
68.760	23.982	-0.070
68.780	26.093	-0.085
68.800	27.838	-0.092
68.820	29.219	-0.105
68.840	30.186	-0.108
68.860	30.728	-0.116
68.880	30.857	-0.120
68.900	30.556	-0.124
68.920	29.810	-0.125
68.940	28.671	-0.124
68.960	27.124	-0.121
68.980	25.233	-0.116
69.000	22.935	-0.117
69.020	20.351	-0.102
69.040	17.472	-0.100
69.060	14.346	-0.089
69.080	11.032	-0.082
69.100	7.552	-0.064
69.120	3.980	-0.059
69.140	0.349	-0.041
69.160	-3.287	-0.032
69.180	-6.886	-0.012
69.200	-10.388	-0.004
69.220	-13.745	0.015
69.240	-16.908	0.024
69.260	-19.830	0.040
69.280	-22.500	0.051
69.300	-24.820	0.062
69.320	-26.829	0.074
69.340	-28.451	0.083
69.360	-29.648	0.089
69.380	-30.459	0.098
69.400	-30.798	0.099
69.420	-30.803	0.106
69.440	-30.331	0.107
69.460	-29.428	0.109
69.480	-28.123	0.108
69.500	-26.404	0.107
69.520	-24.363	0.099
69.540	-21.957	0.096
69.560	-19.218	0.086
69.580	-16.231	0.083
69.600	-13.030	0.069
69.620	-9.625	0.064
69.640	-6.085	0.046
69.660	-2.476	0.040
69.680	1.176	0.021
69.700	4.807	0.010
69.720	8.347	-0.008
69.740	11.816	-0.013
69.760	15.098	-0.034
69.780	18.165	-0.042
69.800	20.996	-0.059
69.820	23.520	-0.066
69.840	25.717	-0.082
69.860	27.527	-0.087
69.880	28.982	-0.102
69.900	30.024	-0.106
69.920	30.653	-0.109
69.940	30.857	-0.115
69.960	30.637	-0.120
69.980	29.971	-0.118
70.000	28.918	-0.123
70.020	27.446	-0.116
70.040	25.615	-0.112
70.060	23.407	-0.106
70.080	20.851	-0.102
70.100	18.025	-0.092
70.120	14.958	-0.086
70.140	11.655	-0.075
70.160	8.212	-0.061
70.180	4.646	-0.056
70.200	1.026	-0.037
70.220	-2.610	-0.029
70.240	-6.225	-0.008
70.260	-9.775	-0.000
70.280	-13.132	0.019
70.300	-16.339	0.029
70.320	-19.331	0.042
70.340	-22.038	0.056
70.360	-24.438	0.067
70.380	-26.512	0.078
70.400	-28.198	0.084
70.420	-29.503	0.097
70.440	-30.384	0.101
70.460	-30.787	0.107
70.480	-30.862	0.114
70.500	-30.497	0.113
70.520	-29.686	0.113
70.540	-28.467	0.113
70.560	-26.823	0.116
70.580	-24.814	0.106
70.600	-22.473	0.103
70.620	-19.798	0.092
70.640	-16.854	0.091
70.660	-13.680	0.079
70.680	-10.312	0.071
70.700	-6.811	0.058
70.720	-3.190	0.050
70.740	0.457	0.029
70.760	4.093	0.022
70.780	7.670	0.001
70.800	11.150	-0.003
70.820	14.475	-0.020
70.840	17.590	-0.028
70.860	20.469	-0.048
70.880	23.074	-0.058
70.900	25.309	-0.068
70.920	27.221	-0.080
70.940	28.730	-0.091
70.960	29.869	-0.097
70.980	30.572	-0.102
71.000	30.857	-0.107
71.020	30.707	-0.106
71.040	30.143	-0.108
71.060	29.160	-0.109
71.080	27.769	-0.109
71.100	25.991	-0.101
71.120	23.858	-0.102
71.140	21.377	-0.097
71.160	18.589	-0.087
71.180	15.560	-0.080
71.200	12.294	-0.069
71.220	8.884	-0.056
71.240	5.333	-0.046
71.260	1.724	-0.033
71.280	-1.917	-0.018
71.300	-5.538	-0.007
71.320	-9.093	0.009
71.340	-12.515	0.022
71.360	-15.743	0.037
71.380	-18.777	0.049
71.400	-21.543	0.066
71.420	-23.993	0.073
71.440	-26.130	0.083
71.460	-27.903	0.089
71.480	-29.272	0.100
71.500	-30.239	0.112
71.520	-30.728	0.114
71.540	-30.878	0.122
71.560	-30.578	0.122
71.580	-29.869	0.122
71.600	-28.719	0.123
71.620	-27.135	0.123
71.640	-25.207	0.116
71.660	-22.913	0.108
71.680	-20.297	0.100
71.700	-17.429	0.095
71.720	-14.287	0.084
71.740	-10.952	0.079
71.760	-7.482	0.064
71.780	-3.878	0.052
71.800	-0.226	0.040
71.820	3.405	0.023
71.840	7.009	0.014
71.860	10.511	0.000
71.880	13.863	-0.017
71.900	17.021	-0.030
71.920	19.932	-0.037
71.940	22.602	-0.053
71.960	24.911	-0.066
71.980	26.882	-0.074
72.000	28.478	-0.082
72.020	29.681	-0.094
72.040	30.470	-0.102
72.060	30.841	-0.108
72.080	30.771	-0.111
72.100	30.277	-0.110
72.120	29.375	-0.117
72.140	28.064	-0.109
72.160	26.351	-0.108
72.180	24.304	-0.102
72.200	21.871	-0.101
72.220	19.143	-0.091
72.240	16.167	-0.086
72.260	12.939	-0.071
72.280	9.544	-0.062
72.300	6.037	-0.049
72.320	2.444	-0.042
72.340	-1.214	-0.026
72.360	-4.845	-0.012
72.380	-8.417	0.007
72.400	-11.870	0.017
72.420	-15.120	0.029
72.440	-18.187	0.043
72.460	-21.017	0.057
72.480	-23.525	0.069
72.500	-25.722	0.075
72.520	-27.575	0.087
72.540	-29.025	0.094
72.560	-30.051	0.104
72.580	-30.658	0.110
72.600	-30.862	0.111
72.620	-30.642	0.118
72.640	-29.998	0.117
72.660	-28.934	0.115
72.680	-27.436	0.113
72.700	-25.577	0.111
72.720	-23.370	0.107
72.740	-20.824	0.096
72.760	-17.961	0.084
72.780	-14.878	0.082
72.800	-11.591	0.067
72.820	-8.121	0.062
72.840	-4.549	0.046
72.860	-0.908	0.035
72.880	2.723	0.017
72.900	6.343	0.009
72.920	9.856	-0.008
72.940	13.250	-0.021
72.960	16.441	-0.034
72.980	19.411	-0.044
73.000	22.124	-0.061
73.020	24.498	-0.070
73.040	26.539	-0.081
73.060	28.198	-0.093
73.080	29.487	-0.102
73.100	30.347	-0.108
73.120	30.798	-0.115
73.140	30.809	-0.115
73.160	30.417	-0.120
73.180	29.579	-0.117
73.200	28.343	-0.122
73.220	26.694	-0.112
73.240	24.729	-0.115
73.260	22.349	-0.108
73.280	19.696	-0.103
73.300	16.758	-0.095
73.320	13.573	-0.082
73.340	10.210	-0.077
73.360	6.714	-0.060
73.380	3.121	-0.054
73.400	-0.505	-0.034
73.420	-4.157	-0.027
73.440	-7.729	-0.009
73.460	-11.209	0.001
73.480	-14.513	0.021
73.500	-17.633	0.028
73.520	-20.501	0.043
73.540	-23.069	0.053
73.560	-25.325	0.066
73.580	-27.231	0.071
73.600	-28.789	0.084
73.620	-29.874	0.096
73.640	-30.583	0.099
73.660	-30.825	0.107
73.680	-30.712	0.109
73.700	-30.148	0.108
73.720	-29.165	0.108
73.740	-27.742	0.105
73.760	-25.969	0.109
73.780	-23.815	0.099
73.800	-21.329	0.093
73.820	-18.530	0.078
73.840	-15.463	0.076
73.860	-12.235	0.063
73.880	-8.798	0.058
73.900	-5.242	0.040
73.920	-1.611	0.035
73.940	2.036	0.014
73.960	5.656	0.007
73.980	9.179	-0.013
74.000	12.601	-0.020
74.020	15.850	-0.042
74.040	18.858	-0.044
74.060	21.640	-0.062
74.080	24.079	-0.070
74.100	26.184	-0.087
74.120	27.924	-0.091
74.140	29.272	-0.106
74.160	30.218	-0.108
74.180	30.744	-0.118
74.200	30.841	-0.119
74.220	30.519	-0.123
74.240	29.761	-0.123
74.260	28.612	-0.122
74.280	27.033	-0.120
74.300	25.137	-0.112
74.320	22.833	-0.116
74.340	20.233	-0.100
74.360	17.338	-0.101
74.380	14.201	-0.085
74.400	10.855	-0.078
74.420	7.401	-0.062
74.440	3.803	-0.054
74.460	0.183	-0.035
74.480	-3.454	-0.028
74.500	-7.052	-0.008
74.520	-10.560	-0.002
74.540	-13.900	0.018
74.560	-17.069	0.035
74.580	-19.980	0.043
74.600	-22.607	0.057
74.620	-24.922	0.066
74.640	-26.925	0.076
74.660	-28.526	0.083
74.680	-29.718	0.094
74.700	-30.497	0.104
74.720	-30.825	0.107
74.740	-30.814	0.112
74.760	-30.314	0.108
74.780	-29.417	0.113
74.800	-28.080	0.109
74.820	-26.351	0.110
74.840	-24.283	0.103
74.860	-21.860	0.101
74.880	-19.100	0.087
74.900	-16.119	0.087
74.920	-12.885	0.067
74.940	-9.491	0.066
74.960	-5.946	0.047
74.980	-2.326	0.042
75.000	1.327	0.021
75.020	4.963	0.012
75.040	8.513	0.000
75.060	11.940	-0.012
75.080	15.232	-0.029
75.100	18.294	-0.040
75.120	21.114	-0.055
75.140	23.638	-0.066
75.160	25.797	-0.073
75.180	27.613	-0.083
75.200	29.047	-0.094
75.220	30.073	-0.103
75.240	30.674	-0.106
75.260	30.868	-0.112
75.280	30.626	-0.113
