0.000	30.610	-0.018
0.020	30.857	-0.058
0.040	30.685	-0.087
0.060	30.073	-0.123
0.080	29.025	-0.153
0.100	27.559	-0.184
0.120	25.722	-0.205
0.140	23.493	-0.235
0.160	20.910	-0.250
0.180	18.047	-0.270
0.200	14.916	-0.275
0.220	11.569	-0.291
0.240	8.057	-0.291
0.260	4.437	-0.295
0.280	0.763	-0.287
0.300	-2.949	-0.283
0.320	-6.601	-0.262
0.340	-10.178	-0.253
0.360	-13.589	-0.231
0.380	-16.801	-0.212
0.400	-19.787	-0.179
0.420	-22.489	-0.158
0.440	-24.852	-0.122
0.460	-26.882	-0.097
0.480	-28.510	-0.058
0.500	-29.691	-0.030
0.520	-30.492	0.010
0.540	-30.809	0.037
0.560	-30.733	0.079
0.580	-30.218	0.105
0.600	-29.256	0.145
0.620	-27.860	0.165
0.640	-26.061	0.202
0.660	-23.896	0.219
0.680	-21.388	0.248
0.700	-18.536	0.258
0.720	-15.453	0.274
0.740	-12.155	0.280
0.760	-8.647	0.287
0.780	-5.022	0.286
0.800	-1.332	0.284
0.820	2.379	0.273
0.840	6.042	0.268
0.860	9.614	0.251
0.880	13.073	0.234
0.900	16.339	0.208
0.920	19.347	0.183
0.940	22.113	0.157
0.960	24.535	0.130
0.980	26.603	0.094
1.000	28.268	0.062
1.020	29.552	0.027
1.040	30.406	-0.007
1.060	30.830	-0.041
1.080	30.798	-0.072
1.100	30.336	-0.106
1.120	29.444	-0.142
1.140	28.107	-0.170
1.160	26.404	-0.194
1.180	24.320	-0.219
1.200	21.844	-0.243
1.220	19.078	-0.259
1.240	16.027	-0.274
1.260	12.729	-0.282
1.280	9.287	-0.288
1.300	5.699	-0.287
1.320	2.030	-0.293
1.340	-1.681	-0.277
1.360	-5.350	-0.270
1.380	-8.980	-0.249
1.400	-12.445	-0.236
1.420	-15.727	-0.212
1.440	-18.815	-0.188
1.460	-21.603	-0.161
1.480	-24.095	-0.131
1.500	-26.254	-0.099
1.520	-28.021	-0.066
1.540	-29.369	-0.033
1.560	-30.298	0.001
1.580	-30.755	0.032
1.600	-30.862	0.073
1.620	-30.497	0.106
1.640	-29.697	0.135
1.660	-28.440	0.161
1.680	-26.764	0.194
1.700	-24.729	0.218
1.720	-22.328	0.243
1.740	-19.588	0.265
1.760	-16.586	0.270
1.780	-13.353	0.286
1.800	-9.899	0.290
1.820	-6.322	0.297
1.840	-2.648	0.288
1.860	1.063	0.285
1.880	4.753	0.275
1.900	8.368	0.264
1.920	11.892	0.246
1.940	15.200	0.227
1.960	18.315	0.194
1.980	21.184	0.176
2.000	23.729	0.138
2.020	25.921	0.120
2.040	27.736	0.078
2.060	29.154	0.049
2.080	30.159	0.008
2.100	30.723	-0.017
2.120	30.862	-0.054
2.140	30.556	-0.085
2.160	29.799	-0.122
2.180	28.623	-0.150
2.200	27.033	-0.177
2.220	25.083	-0.200
2.240	22.741	-0.230
2.260	20.050	-0.239
2.280	17.112	-0.262
2.300	13.884	-0.268
2.320	10.495	-0.280
2.340	6.950	-0.275
2.360	3.292	-0.285
2.380	-0.387	-0.267
2.400	-4.087	-0.269
2.420	-7.740	-0.241
2.440	-11.252	-0.237
2.460	-14.615	-0.206
2.480	-17.778	-0.194
2.500	-20.679	-0.158
2.520	-23.268	-0.137
2.540	-25.534	-0.102
2.560	-27.457	-0.075
2.580	-28.950	-0.034
2.600	-30.024	-0.006
2.620	-30.669	0.032
2.640	-30.846	0.060
2.660	-30.653	0.100
2.680	-30.008	0.127
2.700	-28.913	0.168
2.720	-27.403	0.186
2.740	-25.459	0.219
2.760	-23.203	0.239
2.780	-20.571	0.260
2.800	-17.644	0.273
2.820	-14.491	0.289
2.840	-11.124	0.291
2.860	-7.584	0.304
2.880	-3.916	0.294
2.900	-0.226	0.299
2.920	3.491	0.280
2.940	7.138	0.271
2.960	10.678	0.253
2.980	14.083	0.236
3.000	17.268	0.211
3.020	20.222	0.193
3.040	22.892	0.157
3.060	25.185	0.130
3.080	27.162	0.092
3.100	28.698	0.066
3.120	29.863	0.027
3.140	30.578	-0.002
3.160	30.857	-0.043
3.180	30.701	-0.075
3.200	30.100	-0.108
3.220	29.079	-0.137
3.240	27.618	-0.173
3.260	25.803	-0.191
3.280	23.595	-0.222
3.300	21.033	-0.233
3.320	18.170	-0.259
3.340	15.050	-0.266
3.360	11.704	-0.275
3.380	8.212	-0.274
3.400	4.603	-0.282
3.420	0.913	-0.274
3.440	-2.798	-0.271
3.460	-6.451	-0.253
3.480	-10.033	-0.242
3.500	-13.455	-0.219
3.520	-16.672	-0.202
3.540	-19.696	-0.171
3.560	-22.387	-0.145
3.580	-24.761	-0.115
3.600	-26.791	-0.088
3.620	-28.461	-0.051
3.640	-29.675	-0.024
3.660	-30.476	0.020
3.680	-30.819	0.044
3.700	-30.771	0.090
3.720	-30.255	0.110
3.740	-29.310	0.152
3.760	-27.930	0.175
3.780	-26.146	0.207
3.800	-24.003	0.226
3.820	-21.506	0.252
3.840	-18.675	0.265
3.860	-15.592	0.280
3.880	-12.294	0.282
3.900	-8.803	0.294
3.920	-5.183	0.290
3.940	-1.493	0.294
3.960	2.213	0.278
3.980	5.876	0.272
4.000	9.458	0.256
4.020	12.944	0.237
4.040	16.199	0.215
4.060	19.218	0.191
4.080	22.000	0.161
4.100	24.433	0.133
4.120	26.517	0.102
4.140	28.204	0.067
4.160	29.509	0.036
4.180	30.374	-0.002
4.200	30.814	-0.029
4.220	30.798	-0.074
4.240	30.379	-0.100
4.260	29.477	-0.135
4.280	28.187	-0.165
4.300	26.485	-0.191
4.320	24.406	-0.216
4.340	21.968	-0.240
4.360	19.196	-0.260
4.380	16.172	-0.271
4.400	12.891	-0.279
4.420	9.442	-0.287
4.440	5.876	-0.288
4.460	2.208	-0.289
4.480	-1.488	-0.279
4.500	-5.183	-0.266
4.520	-8.798	-0.253
4.540	-12.273	-0.237
4.560	-15.555	-0.217
4.580	-18.665	-0.190
4.600	-21.468	-0.167
4.620	-23.977	-0.136
4.640	-26.120	-0.106
4.660	-27.892	-0.071
4.680	-29.289	-0.037
4.700	-30.229	-0.005
4.720	-30.717	0.027
4.740	-30.830	0.065
4.760	-30.449	0.096
4.780	-29.691	0.128
4.800	-28.445	0.160
4.820	-26.807	0.187
4.840	-24.782	0.209
4.860	-22.397	0.233
4.880	-19.680	0.252
4.900	-16.683	0.263
4.920	-13.481	0.273
4.940	-10.028	0.282
4.960	-6.456	0.286
4.980	-2.766	0.285
5.000	0.929	0.276
5.020	4.614	0.269
5.040	8.218	0.257
5.060	11.747	0.236
5.080	15.093	0.217
5.100	18.208	0.190
5.120	21.076	0.167
5.140	23.633	0.131
5.160	25.835	0.111
5.180	27.667	0.070
5.200	29.106	0.043
5.220	30.132	0.001
5.240	30.712	-0.025
5.260	30.868	-0.071
5.280	30.578	-0.094
5.300	29.836	-0.134
5.320	28.687	-0.158
5.340	27.108	-0.193
5.360	25.174	-0.210
5.380	22.849	-0.240
5.400	20.201	-0.253
5.420	17.257	-0.278
5.440	14.056	-0.277
5.460	10.656	-0.291
5.480	7.138	-0.286
5.500	3.486	-0.295
5.520	-0.199	-0.281
5.540	-3.899	-0.283
5.560	-7.552	-0.257
5.580	-11.081	-0.252
5.600	-14.448	-0.223
5.620	-17.612	-0.205
5.640	-20.523	-0.175
5.660	-23.139	-0.149
5.680	-25.411	-0.116
5.700	-27.328	-0.087
5.720	-28.859	-0.050
5.740	-29.955	-0.020
5.760	-30.610	0.019
5.780	-30.819	0.049
5.800	-30.647	0.090
5.820	-30.008	0.115
5.840	-28.950	0.152
5.860	-27.425	0.176
5.880	-25.529	0.207
5.900	-23.273	0.223
5.920	-20.673	0.252
5.940	-17.757	0.261
5.960	-14.625	0.279
5.980	-11.258	0.280
6.000	-7.718	0.292
6.020	-4.077	0.286
6.040	-0.360	0.289
6.060	3.325	0.273
6.080	6.977	0.263
6.100	10.517	0.248
6.120	13.933	0.232
6.140	17.134	0.203
6.160	20.088	0.182
6.180	22.806	0.148
6.200	25.099	0.124
6.220	27.081	0.087
6.240	28.633	0.058
6.260	29.826	0.019
6.280	30.551	-0.013
6.300	30.862	-0.048
6.320	30.717	-0.083
6.340	30.148	-0.116
6.360	29.133	-0.142
6.380	27.693	-0.174
6.400	25.905	-0.199
6.420	23.692	-0.225
6.440	21.141	-0.243
6.460	18.294	-0.265
6.480	15.184	-0.273
6.500	11.838	-0.286
6.520	8.352	-0.284
6.540	4.743	-0.291
6.560	1.047	-0.283
6.580	-2.637	-0.281
6.600	-6.311	-0.258
6.620	-9.904	-0.251
6.640	-13.326	-0.225
6.660	-16.559	-0.204
6.680	-19.578	-0.177
6.700	-22.301	-0.157
6.720	-24.702	-0.121
6.740	-26.748	-0.094
6.760	-28.435	-0.054
6.780	-29.648	-0.028
6.800	-30.486	0.012
6.820	-30.809	0.043
6.840	-30.798	0.082
6.860	-30.320	0.107
6.880	-29.407	0.148
6.900	-28.042	0.171
6.920	-26.270	0.205
6.940	-24.148	0.223
6.960	-21.651	0.253
6.980	-18.847	0.267
7.000	-15.775	0.279
7.020	-12.482	0.286
7.040	-8.991	0.296
7.060	-5.371	0.294
7.080	-1.692	0.294
7.100	2.020	0.285
7.120	5.709	0.275
7.140	9.281	0.263
7.160	12.767	0.244
7.180	16.049	0.221
7.200	19.089	0.195
7.220	21.893	0.167
7.240	24.320	0.140
7.260	26.426	0.107
7.280	28.134	0.074
7.300	29.460	0.042
7.320	30.347	0.003
7.340	30.809	-0.023
7.360	30.809	-0.063
7.380	30.390	-0.090
7.400	29.536	-0.126
7.420	28.263	-0.159
7.440	26.565	-0.182
7.460	24.503	-0.207
7.480	22.059	-0.231
7.500	19.309	-0.245
7.520	16.296	-0.262
7.540	13.030	-0.271
7.560	9.587	-0.273
7.580	6.010	-0.276
7.600	2.353	-0.277
7.620	-1.354	-0.273
7.640	-5.033	-0.257
7.660	-8.658	-0.245
7.680	-12.155	-0.227
7.700	-15.447	-0.208
7.720	-18.546	-0.181
7.740	-21.388	-0.153
7.760	-23.885	-0.129
7.780	-26.055	-0.093
7.800	-27.876	-0.063
7.820	-29.262	-0.030
7.840	-30.234	0.006
7.860	-30.728	0.037
7.880	-30.862	0.075
7.900	-30.513	0.104
7.920	-29.750	0.139
7.940	-28.542	0.171
7.960	-26.915	0.194
7.980	-24.906	0.222
8.000	-22.542	0.244
8.020	-19.830	0.263
8.040	-16.854	0.277
8.060	-13.637	0.286
8.080	-10.200	0.297
8.100	-6.628	0.302
8.120	-2.954	0.295
8.140	0.747	0.293
8.160	4.447	0.275
8.180	8.073	0.271
8.200	11.575	0.247
8.220	14.942	0.229
8.240	18.079	0.205
8.260	20.947	0.182
8.280	23.531	0.147
8.300	25.744	0.124
8.320	27.602	0.083
8.340	29.052	0.057
8.360	30.094	0.016
8.380	30.696	-0.013
8.400	30.868	-0.053
8.420	30.599	-0.081
8.440	29.890	-0.116
8.460	28.741	-0.150
8.480	27.178	-0.179
8.500	25.282	-0.199
8.520	22.945	-0.226
8.540	20.313	-0.243
8.560	17.392	-0.262
8.580	14.190	-0.266
8.600	10.801	-0.277
8.620	7.278	-0.279
8.640	3.647	-0.282
8.660	-0.054	-0.274
8.680	-3.749	-0.269
8.700	-7.391	-0.249
8.720	-10.930	-0.241
8.740	-14.287	-0.216
8.760	-17.483	-0.198
8.780	-20.399	-0.166
8.800	-23.031	-0.144
8.820	-25.314	-0.108
8.840	-27.258	-0.082
8.860	-28.800	-0.046
8.880	-29.922	-0.013
8.900	-30.599	0.025
8.920	-30.852	0.053
8.940	-30.658	0.092
8.960	-30.057	0.118
8.980	-29.004	0.157
9.000	-27.511	0.180
9.020	-25.620	0.209
9.040	-23.364	0.228
9.060	-20.792	0.251
9.080	-17.902	0.265
9.100	-14.754	0.280
9.120	-11.403	0.282
9.140	-7.869	0.292
9.160	-4.227	0.287
9.180	-0.526	0.287
9.200	3.169	0.275
9.220	6.827	0.267
9.240	10.377	0.248
9.260	13.798	0.235
9.280	17.010	0.208
9.300	19.970	0.183
9.320	22.677	0.153
9.340	25.002	0.124
9.360	26.995	0.090
9.380	28.574	0.056
9.400	29.772	0.022
9.420	30.529	-0.010
9.440	30.841	-0.050
9.460	30.739	-0.080
9.480	30.164	-0.116
9.500	29.187	-0.141
9.520	27.785	-0.176
9.540	25.991	-0.198
9.560	23.810	-0.232
9.580	21.253	-0.242
9.600	18.439	-0.266
9.620	15.334	-0.272
9.640	12.015	-0.290
9.660	8.519	-0.283
9.680	4.931	-0.296
9.700	1.251	-0.282
9.720	-2.449	-0.286
9.740	-6.123	-0.264
9.760	-9.716	-0.257
9.780	-13.143	-0.233
9.800	-16.398	-0.213
9.820	-19.411	-0.185
9.840	-22.145	-0.162
9.860	-24.573	-0.129
9.880	-26.630	-0.098
9.900	-28.316	-0.063
9.920	-29.562	-0.036
9.940	-30.400	0.004
9.960	-30.798	0.033
9.980	-30.760	0.074
10.000	-30.314	0.100
10.020	-29.407	0.135
10.040	-28.059	0.161
10.060	-26.313	0.194
10.080	-24.186	0.212
10.100	-21.731	0.241
10.120	-18.922	0.254
10.140	-15.882	0.271
10.160	-12.617	0.277
10.180	-9.104	0.286
10.200	-5.511	0.283
10.220	-1.821	0.282
10.240	1.880	0.274
10.260	5.559	0.268
10.280	9.152	0.249
10.300	12.644	0.236
10.320	15.925	0.210
10.340	18.976	0.187
10.360	21.780	0.158
10.380	24.240	0.127
10.400	26.345	0.098
10.420	28.069	0.063
10.440	29.407	0.031
10.460	30.314	-0.005
10.480	30.792	-0.034
10.500	30.819	-0.075
10.520	30.433	-0.103
10.540	29.579	-0.140
10.560	28.322	-0.167
10.580	26.641	-0.195
10.600	24.610	-0.220
10.620	22.177	-0.243
10.640	19.443	-0.258
10.660	16.452	-0.278
10.680	13.181	-0.282
10.700	9.759	-0.291
10.720	6.198	-0.290
10.740	2.541	-0.291
10.760	-1.166	-0.285
10.780	-4.877	-0.272
10.800	-8.486	-0.255
10.820	-11.967	-0.243
10.840	-15.281	-0.217
10.860	-18.396	-0.195
10.880	-21.237	-0.167
10.900	-23.778	-0.141
10.920	-25.937	-0.111
10.940	-27.785	-0.079
10.960	-29.187	-0.041
10.980	-30.180	-0.007
11.000	-30.712	0.024
11.020	-30.841	0.058
11.040	-30.540	0.094
11.060	-29.788	0.120
11.080	-28.590	0.157
11.100	-26.974	0.184
11.120	-24.992	0.211
11.140	-22.639	0.232
11.160	-19.948	0.253
11.180	-16.978	0.265
11.200	-13.766	0.279
11.220	-10.361	0.286
11.240	-6.789	0.290
11.260	-3.126	0.286
11.280	0.585	0.285
11.300	4.281	0.272
11.320	7.906	0.261
11.340	11.430	0.242
11.360	14.792	0.227
11.380	17.923	0.198
11.400	20.824	0.174
11.420	23.423	0.142
11.440	25.642	0.118
11.460	27.532	0.078
11.480	28.993	0.051
11.500	30.041	0.008
11.520	30.674	-0.017
11.540	30.857	-0.057
11.560	30.610	-0.083
11.580	29.906	-0.124
11.600	28.800	-0.148
11.620	27.248	-0.179
11.640	25.373	-0.203
11.660	23.063	-0.230
11.680	20.432	-0.242
11.700	17.515	-0.269
11.720	14.335	-0.275
11.740	10.936	-0.289
11.760	7.412	-0.286
11.780	3.792	-0.291
11.800	0.113	-0.282
11.820	-3.593	-0.275
11.840	-7.256	-0.253
11.860	-10.807	-0.244
11.880	-14.180	-0.218
11.900	-17.392	-0.202
11.920	-20.324	-0.166
11.940	-22.967	-0.150
11.960	-25.271	-0.108
11.980	-27.221	-0.083
12.000	-28.784	-0.042
12.020	-29.912	-0.017
12.040	-30.615	0.024
12.060	-30.857	0.053
12.080	-30.723	0.097
12.100	-30.132	0.116
12.120	-29.084	0.156
12.140	-27.618	0.180
12.160	-25.749	0.212
12.180	-23.520	0.230
12.200	-20.947	0.259
12.220	-18.068	0.270
12.240	-14.926	0.286
12.260	-11.580	0.287
12.280	-8.062	0.299
12.300	-4.415	0.291
12.320	-0.720	0.297
12.340	2.992	0.282
12.360	6.660	0.273
12.380	10.216	0.259
12.400	13.637	0.240
12.420	16.871	0.215
12.440	19.841	0.194
12.460	22.559	0.161
12.480	24.911	0.134
12.500	26.915	0.100
12.520	28.521	0.073
12.540	29.745	0.030
12.560	30.508	0.002
12.580	30.852	-0.037
12.600	30.750	-0.067
12.620	30.218	-0.103
12.640	29.240	-0.130
12.660	27.860	-0.164
12.680	26.071	-0.186
12.700	23.907	-0.215
12.720	21.382	-0.231
12.740	18.557	-0.253
12.760	15.474	-0.264
12.780	12.149	-0.271
12.800	8.674	-0.272
12.820	5.065	-0.278
12.840	1.396	-0.274
12.860	-2.310	-0.270
12.880	-5.973	-0.253
12.900	-9.582	-0.240
12.920	-13.020	-0.222
12.940	-16.285	-0.203
12.960	-19.320	-0.175
12.980	-22.059	-0.147
13.000	-24.481	-0.115
13.020	-26.576	-0.088
13.040	-28.273	-0.054
13.060	-29.557	-0.023
13.080	-30.406	0.017
13.100	-30.803	0.045
13.120	-30.809	0.084
13.140	-30.357	0.110
13.160	-29.493	0.153
13.180	-28.161	0.174
13.200	-26.410	0.206
13.220	-24.310	0.224
13.240	-21.876	0.253
13.260	-19.078	0.263
13.280	-16.027	0.282
13.300	-12.746	0.286
13.320	-9.292	0.296
13.340	-5.667	0.298
13.360	-1.993	0.298
13.380	1.724	0.286
13.400	5.393	0.277
13.420	8.991	0.265
13.440	12.477	0.245
13.460	15.775	0.220
13.480	18.842	0.199
13.500	21.651	0.171
13.520	24.138	0.139
13.540	26.265	0.115
13.560	28.010	0.073
13.580	29.364	0.047
13.600	30.288	0.004
13.620	30.782	-0.023
13.640	30.825	-0.064
13.660	30.459	-0.096
13.680	29.622	-0.124
13.700	28.381	-0.155
13.720	26.721	-0.186
13.740	24.712	-0.208
13.760	22.306	-0.235
13.780	19.572	-0.249
13.800	16.586	-0.264
13.820	13.336	-0.274
13.840	9.910	-0.280
13.860	6.354	-0.280
13.880	2.686	-0.281
13.900	-1.010	-0.274
13.920	-4.694	-0.267
13.940	-8.331	-0.247
13.960	-11.816	-0.237
13.980	-15.146	-0.212
14.000	-18.267	-0.189
14.020	-21.119	-0.163
14.040	-23.633	-0.135
14.060	-25.867	-0.104
14.080	-27.699	-0.075
14.100	-29.149	-0.035
14.120	-30.148	-0.005
14.140	-30.669	0.027
14.160	-30.830	0.062
14.180	-30.540	0.097
14.200	-29.810	0.127
14.220	-28.655	0.161
14.240	-27.054	0.186
14.260	-25.067	0.214
14.280	-22.736	0.235
14.300	-20.056	0.256
14.320	-17.112	0.267
14.340	-13.911	0.281
14.360	-10.490	0.283
14.380	-6.929	0.293
14.400	-3.266	0.286
14.420	0.430	0.283
14.440	4.136	0.275
14.460	7.761	0.263
14.480	11.306	0.241
14.500	14.663	0.223
14.520	17.811	0.198
14.540	20.706	0.174
14.560	23.305	0.141
14.580	25.561	0.121
14.600	27.441	0.074
14.620	28.934	0.052
14.640	30.014	0.007
14.660	30.653	-0.019
14.680	30.857	-0.063
14.700	30.631	-0.085
14.720	29.960	-0.125
14.740	28.859	-0.151
14.760	27.355	-0.187
14.780	25.464	-0.206
14.800	23.182	-0.237
14.820	20.561	-0.245
14.840	17.666	-0.273
14.860	14.491	-0.280
14.880	11.118	-0.290
14.900	7.605	-0.288
14.920	3.975	-0.293
14.940	0.285	-0.286
14.960	-3.421	-0.283
14.980	-7.074	-0.264
15.000	-10.613	-0.251
15.020	-14.002	-0.228
15.040	-17.193	-0.210
15.060	-20.163	-0.180
15.080	-22.811	-0.154
15.100	-25.115	-0.120
15.120	-27.097	-0.094
15.140	-28.676	-0.055
15.160	-29.847	-0.027
15.180	-30.551	0.013
15.200	-30.814	0.040
15.220	-30.690	0.083
15.240	-30.110	0.104
15.260	-29.101	0.147
15.280	-27.650	0.166
15.300	-25.792	0.203
15.320	-23.595	0.220
15.340	-21.028	0.246
15.360	-18.154	0.257
15.380	-15.039	0.277
15.400	-11.704	0.278
15.420	-8.191	0.289
15.440	-4.549	0.282
15.460	-0.849	0.282
15.480	2.841	0.271
15.500	6.521	0.265
15.520	10.065	0.246
15.540	13.508	0.229
15.560	16.742	0.207
15.580	19.728	0.183
15.600	22.446	0.152
15.620	24.814	0.124
15.640	26.834	0.089
15.660	28.451	0.058
15.680	29.691	0.023
15.700	30.486	-0.012
15.720	30.835	-0.043
15.740	30.755	-0.079
15.760	30.229	-0.111
15.780	29.299	-0.145
15.800	27.919	-0.175
15.820	26.152	-0.196
15.840	24.030	-0.224
15.860	21.506	-0.242
15.880	18.686	-0.265
15.900	15.625	-0.274
15.920	12.311	-0.286
15.940	8.841	-0.289
15.960	5.248	-0.294
15.980	1.563	-0.286
16.000	-2.148	-0.283
16.020	-5.812	-0.263
16.040	-9.426	-0.255
16.060	-12.858	-0.230
16.080	-16.119	-0.212
16.100	-19.180	-0.186
16.120	-21.936	-0.159
16.140	-24.379	-0.130
16.160	-26.479	-0.100
16.180	-28.193	-0.066
16.200	-29.493	-0.034
16.220	-30.379	-0.000
16.240	-30.782	0.033
16.260	-30.809	0.074
16.280	-30.379	0.103
16.300	-29.541	0.137
16.320	-28.220	0.161
16.340	-26.496	0.200
16.360	-24.438	0.217
16.380	-21.979	0.243
16.400	-19.202	0.261
16.420	-16.162	0.271
16.440	-12.917	0.282
16.460	-9.448	0.290
16.480	-5.844	0.289
16.500	-2.154	0.291
16.520	1.542	0.282
16.540	5.231	0.273
16.560	8.835	0.260
16.580	12.316	0.244
16.600	15.625	0.224
16.620	18.702	0.190
16.640	21.522	0.174
16.660	24.030	0.137
16.680	26.168	0.114
16.700	27.935	0.071
16.720	29.310	0.045
16.740	30.255	0.001
16.760	30.771	-0.025
16.780	30.830	-0.065
16.800	30.481	-0.087
16.820	29.675	-0.133
16.840	28.445	-0.153
16.860	26.786	-0.188
16.880	24.804	-0.203
16.900	22.403	-0.234
16.920	19.690	-0.245
16.940	16.704	-0.266
16.960	13.465	-0.275
16.980	10.044	-0.282
17.000	6.478	-0.290
17.020	2.836	-0.285
17.040	-0.865	-0.279
17.060	-4.560	-0.263
17.080	-8.207	-0.252
17.100	-11.709	-0.233
17.120	-15.039	-0.214
17.140	-18.165	-0.187
17.160	-21.033	-0.162
17.180	-23.590	-0.133
17.200	-25.819	-0.104
17.220	-27.672	-0.071
17.240	-29.122	-0.031
17.260	-30.143	-0.006
17.280	-30.712	0.032
17.300	-30.846	0.065
17.320	-30.583	0.103
17.340	-29.879	0.129
17.360	-28.741	0.165
17.380	-27.156	0.189
17.400	-25.190	0.225
17.420	-22.870	0.237
17.440	-20.217	0.265
17.460	-17.257	0.269
17.480	-14.072	0.292
17.500	-10.672	0.292
17.520	-7.111	0.304
17.540	-3.448	0.297
17.560	0.258	0.298
17.580	3.953	0.282
17.600	7.600	0.276
17.620	11.124	0.253
17.640	14.507	0.236
17.660	17.671	0.209
17.680	20.587	0.191
17.700	23.214	0.154
17.720	25.464	0.132
17.740	27.366	0.092
17.760	28.880	0.065
17.780	29.976	0.022
17.800	30.647	-0.009
17.820	30.868	-0.045
17.840	30.658	-0.075
17.860	29.987	-0.110
17.880	28.929	-0.138
17.900	27.430	-0.172
17.920	25.556	-0.190
17.940	23.289	-0.223
17.960	20.679	-0.237
17.980	17.794	-0.259
18.000	14.631	-0.262
18.020	11.252	-0.273
18.040	7.745	-0.273
18.060	4.125	-0.278
18.080	0.435	-0.273
18.100	-3.250	-0.270
18.120	-6.918	-0.247
18.140	-10.484	-0.243
18.160	-13.868	-0.214
18.180	-17.075	-0.199
18.200	-20.045	-0.164
18.220	-22.714	-0.141
18.240	-25.035	-0.107
18.260	-27.043	-0.083
18.280	-28.639	-0.045
18.300	-29.783	-0.015
18.320	-30.529	0.024
18.340	-30.846	0.049
18.360	-30.728	0.094
18.380	-30.159	0.120
18.400	-29.154	0.157
18.420	-27.720	0.179
18.440	-25.894	0.212
18.460	-23.703	0.229
18.480	-21.162	0.257
18.500	-18.294	0.265
18.520	-15.189	0.284
18.540	-11.870	0.286
18.560	-8.347	0.300
18.580	-4.700	0.296
18.600	-1.021	0.294
18.620	2.702	0.284
18.640	6.365	0.273
18.660	9.920	0.258
18.680	13.363	0.244
18.700	16.602	0.213
18.720	19.594	0.194
18.740	22.349	0.162
18.760	24.718	0.135
18.780	26.759	0.100
18.800	28.392	0.065
18.820	29.659	0.036
18.840	30.454	-0.003
18.860	30.830	-0.035
18.880	30.776	-0.076
18.900	30.282	-0.100
18.920	29.353	-0.137
18.940	27.983	-0.162
18.960	26.249	-0.189
18.980	24.122	-0.211
19.000	21.619	-0.241
19.020	18.820	-0.250
19.040	15.770	-0.270
19.060	12.461	-0.274
19.080	9.007	-0.284
19.100	5.409	-0.284
19.120	1.729	-0.282
19.140	-1.966	-0.279
19.160	-5.634	-0.263
19.180	-9.249	-0.249
19.200	-12.703	-0.231
19.220	-15.968	-0.210
19.240	-19.024	-0.183
19.260	-21.801	-0.159
19.280	-24.245	-0.125
19.300	-26.367	-0.102
19.320	-28.102	-0.066
19.340	-29.412	-0.037
19.360	-30.314	0.004
19.380	-30.744	0.029
19.400	-30.803	0.076
19.420	-30.379	0.103
19.440	-29.562	0.136
19.460	-28.252	0.165
19.480	-26.565	0.190
19.500	-24.487	0.215
19.520	-22.070	0.236
19.540	-19.314	0.257
19.560	-16.285	0.269
19.580	-13.030	0.278
19.600	-9.571	0.283
19.620	-5.978	0.286
19.640	-2.310	0.282
19.660	1.402	0.282
19.680	5.086	0.265
19.700	8.701	0.256
19.720	12.198	0.235
19.740	15.506	0.216
19.760	18.595	0.188
19.780	21.436	0.170
19.800	23.939	0.132
19.820	26.093	0.108
19.840	27.865	0.067
19.860	29.267	0.041
19.880	30.229	-0.003
19.900	30.755	-0.029
19.920	30.852	-0.071
19.940	30.519	-0.099
19.960	29.713	-0.136
19.980	28.510	-0.163
20.000	26.898	-0.193
20.020	24.917	-0.213
20.040	22.521	-0.241
20.060	19.835	-0.255
20.080	16.865	-0.278
20.100	13.626	-0.281
20.120	10.221	-0.294
20.140	6.671	-0.295
20.160	3.029	-0.295
20.180	-0.671	-0.282
20.200	-4.377	-0.277
20.220	-7.998	-0.262
20.240	-11.510	-0.247
20.260	-14.840	-0.225
20.280	-17.999	-0.203
20.300	-20.883	-0.169
20.320	-23.434	-0.149
20.340	-25.668	-0.111
20.360	-27.554	-0.088
20.380	-29.009	-0.046
20.400	-30.062	-0.018
20.420	-30.653	0.019
20.440	-30.841	0.050
20.460	-30.572	0.089
20.480	-29.890	0.116
20.500	-28.757	0.154
20.520	-27.183	0.173
20.540	-25.244	0.209
20.560	-22.945	0.223
20.580	-20.308	0.253
20.600	-17.359	0.262
20.620	-14.190	0.279
20.640	-10.801	0.277
20.660	-7.229	0.289
20.680	-3.583	0.282
20.700	0.113	0.282
20.720	3.803	0.270
20.740	7.455	0.261
20.760	10.979	0.243
20.780	14.373	0.229
20.800	17.547	0.199
20.820	20.458	0.178
20.840	23.117	0.141
20.860	25.378	0.120
20.880	27.301	0.082
20.900	28.821	0.056
20.920	29.938	0.012
20.940	30.621	-0.017
20.960	30.868	-0.058
20.980	30.680	-0.079
21.000	30.041	-0.124
21.020	28.977	-0.147
21.040	27.495	-0.181
21.060	25.636	-0.204
21.080	23.386	-0.233
21.100	20.802	-0.245
21.120	17.918	-0.270
21.140	14.776	-0.278
21.160	11.419	-0.287
21.180	7.917	-0.287
21.200	4.286	-0.291
21.220	0.607	-0.282
21.240	-3.104	-0.279
21.260	-6.757	-0.261
21.280	-10.323	-0.249
21.300	-13.734	-0.226
21.320	-16.940	-0.204
21.340	-19.937	-0.178
21.360	-22.612	-0.156
21.380	-24.959	-0.121
21.400	-26.963	-0.093
21.420	-28.590	-0.052
21.440	-29.761	-0.027
21.460	-30.540	0.014
21.480	-30.846	0.042
21.500	-30.744	0.085
21.520	-30.212	0.109
21.540	-29.224	0.146
21.560	-27.817	0.170
21.580	-26.018	0.206
21.600	-23.826	0.221
21.620	-21.307	0.255
21.640	-18.444	0.262
21.660	-15.351	0.280
21.680	-12.042	0.282
21.700	-8.513	0.294
21.720	-4.893	0.289
21.740	-1.198	0.290
21.760	2.508	0.278
21.780	6.187	0.273
21.800	9.754	0.255
21.820	13.218	0.242
21.840	16.468	0.215
21.860	19.470	0.190
21.880	22.236	0.162
21.900	24.621	0.133
21.920	26.678	0.101
21.940	28.333	0.070
21.960	29.605	0.035
21.980	30.433	-0.000
22.000	30.835	-0.033
22.020	30.787	-0.067
22.040	30.331	-0.097
22.060	29.391	-0.132
22.080	28.048	-0.162
22.100	26.329	-0.187
22.120	24.229	-0.209
22.140	21.726	-0.233
22.160	18.955	-0.251
22.180	15.898	-0.267
22.200	12.601	-0.274
22.220	9.136	-0.278
22.240	5.559	-0.286
22.260	1.885	-0.275
22.280	-1.821	-0.273
22.300	-5.516	-0.259
22.320	-9.120	-0.247
22.340	-12.579	-0.227
22.360	-15.866	-0.204
22.380	-18.933	-0.178
22.400	-21.731	-0.152
22.420	-24.191	-0.125
22.440	-26.313	-0.097
22.460	-28.085	-0.058
22.480	-29.401	-0.027
22.500	-30.331	0.012
22.520	-30.760	0.042
22.540	-30.825	0.080
22.560	-30.459	0.108
22.580	-29.622	0.145
22.600	-28.370	0.174
22.620	-26.678	0.202
22.640	-24.616	0.223
22.660	-22.220	0.248
22.680	-19.470	0.263
22.700	-16.452	0.282
22.720	-13.197	0.292
22.740	-9.738	0.298
22.760	-6.166	0.303
22.780	-2.476	0.298
22.800	1.235	0.295
22.820	4.915	0.280
22.840	8.513	0.270
22.860	12.026	0.249
22.880	15.361	0.231
22.900	18.450	0.205
22.920	21.302	0.182
22.940	23.837	0.146
22.960	26.001	0.125
22.980	27.795	0.080
23.000	29.219	0.057
23.020	30.196	0.016
23.040	30.744	-0.015
23.060	30.862	-0.058
23.080	30.529	-0.083
23.100	29.761	-0.119
23.120	28.580	-0.150
23.140	26.968	-0.178
23.160	25.002	-0.199
23.180	22.628	-0.228
23.200	19.948	-0.241
23.220	16.994	-0.262
23.240	13.771	-0.266
23.260	10.355	-0.277
23.280	6.821	-0.274
23.300	3.174	-0.278
23.320	-0.521	-0.269
23.340	-4.211	-0.264
23.360	-7.853	-0.247
23.380	-11.387	-0.236
23.400	-14.728	-0.212
23.420	-17.859	-0.194
23.440	-20.759	-0.158
23.460	-23.343	-0.137
23.480	-25.615	-0.101
23.500	-27.468	-0.078
23.520	-28.977	-0.037
23.540	-30.024	-0.005
23.560	-30.642	0.029
23.580	-30.857	0.058
23.600	-30.621	0.101
23.620	-29.933	0.123
23.640	-28.816	0.164
23.660	-27.280	0.182
23.680	-25.341	0.218
23.700	-23.063	0.232
23.720	-20.421	0.259
23.740	-17.510	0.267
23.760	-14.330	0.286
23.780	-10.952	0.288
23.800	-7.407	0.298
23.820	-3.749	0.293
23.840	-0.048	0.293
23.860	3.658	0.279
23.880	7.289	0.271
23.900	10.828	0.251
23.920	14.239	0.232
23.940	17.413	0.207
23.960	20.346	0.185
23.980	22.994	0.149
24.000	25.292	0.128
24.020	27.231	0.088
24.040	28.762	0.061
24.060	29.906	0.020
24.080	30.610	-0.009
24.100	30.873	-0.050
24.120	30.701	-0.079
24.140	30.089	-0.116
24.160	29.025	-0.144
24.180	27.559	-0.175
24.200	25.733	-0.198
24.220	23.493	-0.224
24.240	20.920	-0.241
24.260	18.063	-0.261
24.280	14.926	-0.273
24.300	11.575	-0.280
24.320	8.073	-0.284
24.340	4.453	-0.287
24.360	0.773	-0.282
24.380	-2.927	-0.278
24.400	-6.580	-0.260
24.420	-10.167	-0.253
24.440	-13.562	-0.225
24.460	-16.795	-0.209
24.480	-19.787	-0.177
24.500	-22.467	-0.158
24.520	-24.836	-0.119
24.540	-26.855	-0.096
24.560	-28.499	-0.058
24.580	-29.708	-0.029
24.600	-30.470	0.012
24.620	-30.803	0.041
24.640	-30.723	0.083
24.660	-30.202	0.105
24.680	-29.256	0.145
24.700	-27.860	0.167
24.720	-26.061	0.199
24.740	-23.885	0.216
24.760	-21.388	0.244
24.780	-18.541	0.259
24.800	-15.442	0.273
24.820	-12.155	0.275
24.840	-8.647	0.288
24.860	-5.027	0.284
24.880	-1.337	0.285
24.900	2.363	0.274
24.920	6.032	0.266
24.940	9.620	0.244
24.960	13.079	0.234
24.980	16.333	0.207
25.000	19.347	0.183
25.020	22.113	0.157
25.040	24.535	0.128
25.060	26.598	0.096
25.080	28.268	0.060
25.100	29.557	0.029
25.120	30.400	-0.009
25.140	30.830	-0.041
25.160	30.798	-0.075
25.180	30.347	-0.108
25.200	29.444	-0.144
25.220	28.123	-0.169
25.240	26.415	-0.196
25.260	24.331	-0.220
25.280	21.850	-0.245
25.300	19.094	-0.261
25.320	16.038	-0.279
25.340	12.762	-0.284
25.360	9.303	-0.293
25.380	5.726	-0.295
25.400	2.062	-0.291
25.420	-1.644	-0.282
25.440	-5.312	-0.273
25.460	-8.932	-0.258
25.480	-12.407	-0.240
25.500	-15.700	-0.219
25.520	-18.772	-0.191
25.540	-21.570	-0.167
25.560	-24.046	-0.136
25.580	-26.195	-0.109
25.600	-27.973	-0.072
25.620	-29.332	-0.040
25.640	-30.255	-0.006
25.660	-30.717	0.028
25.680	-30.792	0.064
25.700	-30.443	0.099
25.720	-29.654	0.129
25.740	-28.397	0.161
25.760	-26.721	0.186
25.780	-24.686	0.211
25.800	-22.295	0.235
25.820	-19.572	0.253
25.840	-16.548	0.270
25.860	-13.342	0.279
25.880	-9.883	0.288
25.900	-6.300	0.290
25.920	-2.632	0.286
25.940	1.069	0.283
25.960	4.770	0.270
25.980	8.374	0.260
26.000	11.897	0.243
26.020	15.216	0.223
26.040	18.321	0.195
26.060	21.178	0.176
26.080	23.729	0.138
26.100	25.916	0.116
26.120	27.731	0.072
26.140	29.154	0.049
26.160	30.153	0.003
26.180	30.728	-0.021
26.200	30.862	-0.063
26.220	30.567	-0.087
26.240	29.810	-0.127
26.260	28.628	-0.154
26.280	27.038	-0.186
26.300	25.099	-0.208
26.320	22.752	-0.237
26.340	20.088	-0.246
26.360	17.128	-0.271
26.380	13.927	-0.275
26.400	10.522	-0.289
26.420	6.982	-0.291
26.440	3.335	-0.290
26.460	-0.365	-0.281
26.480	-4.066	-0.275
26.500	-7.713	-0.253
26.520	-11.247	-0.241
26.540	-14.593	-0.215
26.560	-17.768	-0.196
26.580	-20.679	-0.170
26.600	-23.273	-0.145
26.620	-25.523	-0.108
26.640	-27.436	-0.083
26.660	-28.945	-0.043
26.680	-30.035	-0.014
26.700	-30.674	0.025
26.720	-30.857	0.051
26.740	-30.653	0.095
26.760	-30.008	0.118
26.780	-28.913	0.157
26.800	-27.393	0.178
26.820	-25.470	0.210
26.840	-23.198	0.232
26.860	-20.587	0.259
26.880	-17.660	0.273
26.900	-14.497	0.287
26.920	-11.140	0.288
26.940	-7.584	0.298
26.960	-3.937	0.293
26.980	-0.236	0.293
27.000	3.475	0.277
27.020	7.117	0.274
27.040	10.667	0.255
27.060	14.078	0.240
27.080	17.263	0.210
27.100	20.206	0.190
27.120	22.875	0.155
27.140	25.185	0.133
27.160	27.156	0.095
27.180	28.703	0.066
27.200	29.853	0.024
27.220	30.578	-0.004
27.240	30.857	-0.040
27.260	30.712	-0.072
27.280	30.105	-0.107
27.300	29.084	-0.134
27.320	27.624	-0.166
27.340	25.819	-0.190
27.360	23.601	-0.223
27.380	21.039	-0.231
27.400	18.181	-0.257
27.420	15.055	-0.263
27.440	11.709	-0.275
27.460	8.218	-0.274
27.480	4.603	-0.280
27.500	0.929	-0.271
27.520	-2.782	-0.269
27.540	-6.440	-0.251
27.560	-10.033	-0.243
27.580	-13.449	-0.216
27.600	-16.677	-0.199
27.620	-19.685	-0.167
27.640	-22.387	-0.146
27.660	-24.777	-0.113
27.680	-26.818	-0.084
27.700	-28.451	-0.048
27.720	-29.675	-0.018
27.740	-30.481	0.020
27.760	-30.835	0.046
27.780	-30.760	0.091
27.800	-30.277	0.114
27.820	-29.332	0.155
27.840	-27.951	0.177
27.860	-26.168	0.210
27.880	-24.030	0.226
27.900	-21.527	0.255
27.920	-18.691	0.266
27.940	-15.608	0.286
27.960	-12.321	0.293
27.980	-8.814	0.302
28.000	-5.210	0.297
28.020	-1.504	0.301
28.040	2.202	0.285
28.060	5.865	0.280
28.080	9.448	0.265
28.100	12.917	0.245
28.120	16.194	0.220
28.140	19.223	0.199
28.160	21.989	0.171
28.180	24.438	0.141
28.200	26.506	0.113
28.220	28.204	0.074
28.240	29.514	0.045
28.260	30.379	0.008
28.280	30.825	-0.025
28.300	30.809	-0.064
28.320	30.379	-0.094
28.340	29.493	-0.126
28.360	28.193	-0.156
28.380	26.490	-0.185
28.400	24.422	-0.209
28.420	21.973	-0.233
28.440	19.218	-0.250
28.460	16.183	-0.261
28.480	12.901	-0.274
28.500	9.464	-0.276
28.520	5.881	-0.280
28.540	2.229	-0.275
28.560	-1.482	-0.273
28.580	-5.162	-0.259
28.600	-8.782	-0.248
28.620	-12.268	-0.231
28.640	-15.544	-0.209
28.660	-18.643	-0.183
28.680	-21.463	-0.158
28.700	-23.966	-0.129
28.720	-26.120	-0.098
28.740	-27.903	-0.065
28.760	-29.283	-0.035
28.780	-30.234	0.002
28.800	-30.728	0.034
28.820	-30.835	0.074
28.840	-30.470	0.103
28.860	-29.686	0.133
28.880	-28.461	0.165
28.900	-26.812	0.194
28.920	-24.777	0.219
28.940	-22.408	0.237
28.960	-19.707	0.261
28.980	-16.688	0.272
29.000	-13.481	0.286
29.020	-10.044	0.286
29.040	-6.467	0.295
29.060	-2.798	0.288
29.080	0.924	0.288
29.100	4.608	0.277
29.120	8.212	0.264
29.140	11.747	0.242
29.160	15.066	0.228
29.180	18.203	0.198
29.200	21.060	0.177
29.220	23.633	0.141
29.240	25.830	0.120
29.260	27.667	0.078
29.280	29.101	0.049
29.300	30.132	0.008
29.320	30.712	-0.019
29.340	30.862	-0.060
29.360	30.583	-0.089
29.380	29.836	-0.125
29.400	28.698	-0.154
29.420	27.113	-0.184
29.440	25.196	-0.205
29.460	22.870	-0.237
29.480	20.211	-0.250
29.500	17.263	-0.269
29.520	14.067	-0.274
29.540	10.672	-0.287
29.560	7.144	-0.286
29.580	3.507	-0.293
29.600	-0.188	-0.279
29.620	-3.883	-0.280
29.640	-7.520	-0.257
29.660	-11.064	-0.253
29.680	-14.427	-0.224
29.700	-17.596	-0.204
29.720	-20.507	-0.173
29.740	-23.117	-0.153
29.760	-25.373	-0.116
29.780	-27.328	-0.090
29.800	-28.859	-0.049
29.820	-29.933	-0.018
29.840	-30.594	0.018
29.860	-30.809	0.047
29.880	-30.637	0.090
29.900	-29.998	0.113
29.920	-28.939	0.149
29.940	-27.419	0.173
29.960	-25.513	0.204
29.980	-23.278	0.223
30.000	-20.679	0.248
30.020	-17.757	0.258
30.040	-14.620	0.278
30.060	-11.242	0.278
30.080	-7.718	0.291
30.100	-4.077	0.282
30.120	-0.371	0.282
30.140	3.335	0.269
30.160	6.982	0.261
30.180	10.533	0.244
30.200	13.943	0.231
30.220	17.134	0.203
30.240	20.093	0.180
30.260	22.795	0.145
30.280	25.094	0.124
30.300	27.081	0.083
30.320	28.644	0.055
30.340	29.826	0.016
30.360	30.562	-0.015
30.380	30.857	-0.053
30.400	30.728	-0.086
30.420	30.159	-0.118
30.440	29.149	-0.146
30.460	27.726	-0.179
30.480	25.910	-0.201
30.500	23.713	-0.231
30.520	21.162	-0.245
30.540	18.315	-0.267
30.560	15.222	-0.278
30.580	11.886	-0.286
30.600	8.395	-0.286
30.620	4.775	-0.298
30.640	1.096	-0.282
30.660	-2.600	-0.284
30.680	-6.263	-0.264
30.700	-9.851	-0.256
30.720	-13.277	-0.233
30.740	-16.500	-0.216
30.760	-19.529	-0.184
30.780	-22.242	-0.163
30.800	-24.626	-0.124
30.820	-26.694	-0.101
30.840	-28.365	-0.060
30.860	-29.605	-0.034
30.880	-30.438	0.008
30.900	-30.771	0.033
30.920	-30.750	0.080
30.940	-30.277	0.103
30.960	-29.369	0.141
30.980	-28.005	0.164
31.000	-26.232	0.199
31.020	-24.111	0.218
31.040	-21.624	0.247
31.060	-18.810	0.261
31.080	-15.748	0.276
31.100	-12.466	0.279
31.120	-8.970	0.291
31.140	-5.371	0.290
31.160	-1.676	0.290
31.180	2.030	0.280
31.200	5.704	0.270
31.220	9.297	0.257
31.240	12.772	0.241
31.260	16.049	0.219
31.280	19.089	0.192
31.300	21.903	0.166
31.320	24.326	0.136
31.340	26.426	0.103
31.360	28.139	0.070
31.380	29.460	0.038
31.400	30.347	-0.000
31.420	30.809	-0.030
31.440	30.819	-0.067
31.460	30.395	-0.097
31.480	29.536	-0.130
31.500	28.263	-0.164
31.520	26.565	-0.186
31.540	24.524	-0.214
31.560	22.086	-0.234
31.580	19.331	-0.253
31.600	16.323	-0.267
31.620	13.046	-0.280
31.640	9.609	-0.284
31.660	6.026	-0.288
31.680	2.369	-0.285
31.700	-1.332	-0.282
31.720	-5.033	-0.268
31.740	-8.664	-0.254
31.760	-12.144	-0.234
31.780	-15.420	-0.212
31.800	-18.552	-0.188
31.820	-21.377	-0.162
31.840	-23.880	-0.135
31.860	-26.061	-0.099
31.880	-27.871	-0.068
31.900	-29.283	-0.033
31.920	-30.250	-0.002
31.940	-30.733	0.033
31.960	-30.830	0.069
31.980	-30.535	0.104
32.000	-29.783	0.132
32.020	-28.553	0.163
32.040	-26.925	0.194
32.060	-24.922	0.220
32.080	-22.548	0.243
32.100	-19.862	0.262
32.120	-16.871	0.276
32.140	-13.653	0.285
32.160	-10.232	0.293
32.180	-6.644	0.298
32.200	-2.981	0.296
32.220	0.736	0.291
32.240	4.431	0.280
32.260	8.046	0.269
32.280	11.575	0.248
32.300	14.921	0.236
32.320	18.058	0.206
32.340	20.937	0.186
32.360	23.531	0.148
32.380	25.733	0.128
32.400	27.597	0.087
32.420	29.058	0.062
32.440	30.094	0.016
32.460	30.701	-0.009
32.480	30.878	-0.051
32.500	30.599	-0.076
32.520	29.885	-0.114
32.540	28.757	-0.141
32.560	27.188	-0.177
32.580	25.292	-0.192
32.600	22.951	-0.228
32.620	20.319	-0.236
32.640	17.402	-0.260
32.660	14.201	-0.263
32.680	10.807	-0.274
32.700	7.294	-0.272
32.720	3.642	-0.278
32.740	-0.043	-0.270
32.760	-3.733	-0.266
32.780	-7.396	-0.248
32.800	-10.936	-0.237
32.820	-14.298	-0.212
32.840	-17.483	-0.192
32.860	-20.405	-0.160
32.880	-23.037	-0.141
32.900	-25.319	-0.102
32.920	-27.253	-0.077
32.940	-28.821	-0.041
32.960	-29.922	-0.012
32.980	-30.615	0.033
33.000	-30.857	0.056
33.020	-30.674	0.097
33.040	-30.067	0.124
33.060	-29.020	0.164
33.080	-27.511	0.182
33.100	-25.647	0.217
33.120	-23.407	0.229
33.140	-20.824	0.260
33.160	-17.913	0.265
33.180	-14.781	0.290
33.200	-11.403	0.290
33.220	-7.879	0.303
33.240	-4.238	0.294
33.260	-0.548	0.299
33.280	3.164	0.283
33.300	6.816	0.279
33.320	10.377	0.257
33.340	13.793	0.244
33.360	17.005	0.218
33.380	19.959	0.198
33.400	22.677	0.159
33.420	25.002	0.134
33.440	26.995	0.099
33.460	28.580	0.066
33.480	29.772	0.037
33.500	30.540	-0.003
33.520	30.852	-0.036
33.540	30.744	-0.072
33.560	30.175	-0.104
33.580	29.197	-0.134
33.600	27.795	-0.170
33.620	26.001	-0.187
33.640	23.815	-0.219
33.660	21.280	-0.234
33.680	18.450	-0.257
33.700	15.356	-0.262
33.720	12.021	-0.281
33.740	8.529	-0.274
33.760	4.931	-0.290
33.780	1.257	-0.271
33.800	-2.433	-0.278
33.820	-6.118	-0.255
33.840	-9.706	-0.246
33.860	-13.143	-0.224
33.880	-16.376	-0.208
33.900	-19.400	-0.178
33.920	-22.134	-0.155
33.940	-24.557	-0.121
33.960	-26.630	-0.097
33.980	-28.306	-0.057
34.000	-29.557	-0.029
34.020	-30.422	0.013
34.040	-30.803	0.039
34.060	-30.766	0.083
34.080	-30.314	0.107
34.100	-29.396	0.143
34.120	-28.059	0.169
34.140	-26.313	0.201
34.160	-24.208	0.219
34.180	-21.742	0.246
34.200	-18.933	0.261
34.220	-15.877	0.277
34.240	-12.595	0.285
34.260	-9.120	0.293
34.280	-5.516	0.290
34.300	-1.826	0.290
34.320	1.885	0.281
34.340	5.559	0.273
34.360	9.142	0.254
34.380	12.622	0.239
34.400	15.920	0.215
34.420	18.965	0.193
34.440	21.774	0.163
34.460	24.240	0.136
34.480	26.340	0.105
34.500	28.075	0.069
34.520	29.412	0.038
34.540	30.320	0.000
34.560	30.798	-0.033
34.580	30.825	-0.070
34.600	30.433	-0.099
34.620	29.584	-0.134
34.640	28.333	-0.164
34.660	26.657	-0.188
34.680	24.632	-0.216
34.700	22.177	-0.244
34.720	19.465	-0.254
34.740	16.468	-0.274
34.760	13.208	-0.277
34.780	9.770	-0.293
34.800	6.209	-0.286
34.820	2.546	-0.295
34.840	-1.139	-0.282
34.860	-4.834	-0.278
34.880	-8.470	-0.257
34.900	-11.967	-0.245
34.920	-15.270	-0.220
34.940	-18.375	-0.199
34.960	-21.210	-0.169
34.980	-23.735	-0.142
35.000	-25.932	-0.112
35.020	-27.763	-0.079
35.040	-29.165	-0.046
35.060	-30.153	-0.009
35.080	-30.690	0.019
35.100	-30.825	0.059
35.120	-30.508	0.091
35.140	-29.761	0.121
35.160	-28.569	0.157
35.180	-26.952	0.181
35.200	-24.976	0.207
35.220	-22.634	0.231
35.240	-19.937	0.248
35.260	-16.962	0.265
35.280	-13.766	0.276
35.300	-10.339	0.282
35.320	-6.778	0.288
35.340	-3.110	0.283
35.360	0.585	0.282
35.380	4.286	0.269
35.400	7.912	0.260
35.420	11.435	0.238
35.440	14.797	0.224
35.460	17.929	0.194
35.480	20.829	0.175
35.500	23.423	0.138
35.520	25.652	0.120
35.540	27.527	0.075
35.560	28.988	0.052
35.580	30.041	0.008
35.600	30.674	-0.019
35.620	30.873	-0.062
35.640	30.626	-0.089
35.660	29.912	-0.125
35.680	28.811	-0.154
35.700	27.291	-0.185
35.720	25.389	-0.205
35.740	23.069	-0.237
35.760	20.448	-0.246
35.780	17.537	-0.276
35.800	14.357	-0.273
35.820	10.989	-0.291
35.840	7.466	-0.284
35.860	3.824	-0.296
35.880	0.145	-0.282
35.900	-3.561	-0.280
35.920	-7.213	-0.257
35.940	-10.769	-0.249
35.960	-14.142	-0.224
35.980	-17.343	-0.206
36.000	-20.287	-0.173
36.020	-22.897	-0.150
36.040	-25.217	-0.117
36.060	-27.183	-0.091
36.080	-28.757	-0.050
36.100	-29.879	-0.021
36.120	-30.578	0.018
36.140	-30.819	0.048
36.160	-30.674	0.088
36.180	-30.105	0.111
36.200	-29.063	0.153
36.220	-27.602	0.174
36.240	-25.728	0.207
36.260	-23.493	0.222
36.280	-20.937	0.254
36.300	-18.063	0.263
36.320	-14.910	0.282
36.340	-11.575	0.283
36.360	-8.046	0.294
36.380	-4.410	0.289
36.400	-0.714	0.290
36.420	2.992	0.275
36.440	6.666	0.269
36.460	10.200	0.249
36.480	13.648	0.243
36.500	16.860	0.209
36.520	19.830	0.186
36.540	22.559	0.157
36.560	24.906	0.131
36.580	26.904	0.095
36.600	28.521	0.067
36.620	29.740	0.025
36.640	30.508	-0.002
36.660	30.862	-0.041
36.680	30.755	-0.067
36.700	30.218	-0.108
36.720	29.246	-0.136
36.740	27.860	-0.171
36.760	26.077	-0.194
36.780	23.917	-0.219
36.800	21.382	-0.234
36.820	18.562	-0.259
36.840	15.485	-0.266
36.860	12.155	-0.286
36.880	8.696	-0.284
36.900	5.081	-0.288
36.920	1.407	-0.278
36.940	-2.320	-0.279
36.960	-5.962	-0.255
36.980	-9.561	-0.249
37.000	-13.025	-0.225
37.020	-16.269	-0.206
37.040	-19.309	-0.178
37.060	-22.059	-0.155
37.080	-24.481	-0.121
37.100	-26.565	-0.094
37.120	-28.290	-0.054
37.140	-29.568	-0.024
37.160	-30.438	0.012
37.180	-30.798	0.041
37.200	-30.792	0.083
37.220	-30.390	0.112
37.240	-29.509	0.146
37.260	-28.171	0.168
37.280	-26.453	0.205
37.300	-24.326	0.223
37.320	-21.882	0.253
37.340	-19.100	0.263
37.360	-16.043	0.282
37.380	-12.794	0.289
37.400	-9.297	0.301
37.420	-5.693	0.299
37.440	-2.009	0.300
37.460	1.708	0.290
37.480	5.387	0.283
37.500	8.980	0.267
37.520	12.472	0.248
37.540	15.764	0.228
37.560	18.820	0.204
37.580	21.651	0.177
37.600	24.127	0.144
37.620	26.259	0.120
37.640	28.016	0.080
37.660	29.364	0.054
37.680	30.288	0.009
37.700	30.782	-0.014
37.720	30.835	-0.058
37.740	30.459	-0.085
37.760	29.622	-0.121
37.780	28.392	-0.147
37.800	26.732	-0.179
37.820	24.729	-0.197
37.840	22.306	-0.230
37.860	19.572	-0.241
37.880	16.607	-0.259
37.900	13.347	-0.266
37.920	9.920	-0.274
37.940	6.349	-0.274
37.960	2.702	-0.274
37.980	-1.004	-0.270
38.000	-4.694	-0.261
38.020	-8.320	-0.245
38.040	-11.827	-0.230
38.060	-15.141	-0.208
38.080	-18.262	-0.184
38.100	-21.125	-0.156
38.120	-23.654	-0.130
38.140	-25.873	-0.098
38.160	-27.704	-0.069
38.180	-29.144	-0.035
38.200	-30.153	0.002
38.220	-30.701	0.032
38.240	-30.841	0.069
38.260	-30.545	0.107
38.280	-29.826	0.131
38.300	-28.660	0.169
38.320	-27.065	0.194
38.340	-25.072	0.220
38.360	-22.747	0.237
38.380	-20.066	0.260
38.400	-17.107	0.273
38.420	-13.922	0.290
38.440	-10.500	0.293
38.460	-6.939	0.304
38.480	-3.287	0.292
38.500	0.419	0.295
38.520	4.125	0.280
38.540	7.745	0.276
38.560	11.285	0.250
38.580	14.647	0.232
38.600	17.800	0.207
38.620	20.711	0.188
38.640	23.305	0.149
38.660	25.566	0.128
38.680	27.436	0.087
38.700	28.929	0.062
38.720	30.014	0.020
38.740	30.664	-0.009
38.760	30.868	-0.050
38.780	30.642	-0.080
38.800	29.965	-0.114
38.820	28.870	-0.144
38.840	27.366	-0.178
38.860	25.470	-0.194
38.880	23.187	-0.228
38.900	20.571	-0.241
38.920	17.671	-0.261
38.940	14.502	-0.265
38.960	11.145	-0.280
38.980	7.616	-0.279
39.000	3.991	-0.288
39.020	0.301	-0.274
39.040	-3.411	-0.274
39.060	-7.058	-0.254
39.080	-10.608	-0.247
39.100	-14.002	-0.221
39.120	-17.187	-0.204
39.140	-20.147	-0.170
39.160	-22.784	-0.151
39.180	-25.110	-0.113
39.200	-27.092	-0.087
39.220	-28.666	-0.050
39.240	-29.820	-0.018
39.260	-30.545	0.019
39.280	-30.830	0.047
39.300	-30.685	0.090
39.320	-30.105	0.111
39.340	-29.095	0.152
39.360	-27.640	0.174
39.380	-25.792	0.206
39.400	-23.584	0.223
39.420	-21.044	0.251
39.440	-18.165	0.260
39.460	-15.034	0.279
39.480	-11.714	0.280
39.500	-8.191	0.293
39.520	-4.539	0.289
39.540	-0.865	0.289
39.560	2.852	0.275
39.580	6.510	0.271
39.600	10.065	0.247
39.620	13.503	0.234
39.640	16.736	0.207
39.660	19.717	0.183
39.680	22.451	0.153
39.700	24.814	0.128
39.720	26.834	0.091
39.740	28.467	0.061
39.760	29.686	0.025
39.780	30.486	-0.010
39.800	30.857	-0.043
39.820	30.776	-0.078
39.840	30.266	-0.111
39.860	29.299	-0.143
39.880	27.924	-0.172
39.900	26.163	-0.196
39.920	24.036	-0.226
39.940	21.517	-0.247
39.960	18.724	-0.262
39.980	15.635	-0.276
40.000	12.332	-0.285
40.020	8.857	-0.290
40.040	5.264	-0.293
40.060	1.595	-0.287
40.080	-2.116	-0.282
40.100	-5.779	-0.274
40.120	-9.389	-0.257
40.140	-12.842	-0.235
40.160	-16.097	-0.215
40.180	-19.126	-0.189
40.200	-21.909	-0.166
40.220	-24.347	-0.132
40.240	-26.442	-0.108
40.260	-28.171	-0.073
40.280	-29.471	-0.036
40.300	-30.347	-0.001
40.320	-30.750	0.031
40.340	-30.776	0.070
40.360	-30.357	0.095
40.380	-29.498	0.134
40.400	-28.187	0.160
40.420	-26.485	0.193
40.440	-24.390	0.213
40.460	-21.952	0.240
40.480	-19.202	0.253
40.500	-16.146	0.269
40.520	-12.907	0.276
40.540	-9.421	0.286
40.560	-5.838	0.286
40.580	-2.154	0.287
40.600	1.558	0.277
40.620	5.248	0.271
40.640	8.835	0.256
40.660	12.332	0.239
40.680	15.630	0.218
40.700	18.708	0.192
40.720	21.533	0.168
40.740	24.030	0.135
40.760	26.163	0.110
40.780	27.946	0.073
40.800	29.310	0.043
40.820	30.255	-0.000
40.840	30.766	-0.028
40.860	30.841	-0.070
40.880	30.486	-0.096
40.900	29.675	-0.135
40.920	28.456	-0.159
40.940	26.823	-0.191
40.960	24.814	-0.210
40.980	22.430	-0.239
41.000	19.712	-0.251
41.020	16.736	-0.274
41.040	13.492	-0.278
41.060	10.071	-0.289
41.080	6.531	-0.288
41.100	2.857	-0.294
41.120	-0.833	-0.281
41.140	-4.522	-0.274
41.160	-8.164	-0.255
41.180	-11.655	-0.244
41.200	-14.985	-0.220
41.220	-18.127	-0.198
41.240	-20.996	-0.170
41.260	-23.552	-0.141
41.280	-25.771	-0.108
41.300	-27.645	-0.081
41.320	-29.090	-0.039
41.340	-30.100	-0.010
41.360	-30.685	0.024
41.380	-30.852	0.057
41.400	-30.583	0.097
41.420	-29.885	0.126
41.440	-28.725	0.159
41.460	-27.140	0.186
41.480	-25.196	0.211
41.500	-22.881	0.233
41.520	-20.217	0.261
41.540	-17.252	0.266
41.560	-14.072	0.284
41.580	-10.678	0.286
41.600	-7.127	0.298
41.620	-3.454	0.290
41.640	0.247	0.290
41.660	3.948	0.274
41.680	7.584	0.268
41.700	11.118	0.248
41.720	14.502	0.239
41.740	17.655	0.204
41.760	20.571	0.182
41.780	23.203	0.144
41.800	25.464	0.128
41.820	27.366	0.085
41.840	28.886	0.064
41.860	29.976	0.018
41.880	30.642	-0.008
41.900	30.878	-0.050
41.920	30.664	-0.073
41.940	29.998	-0.115
41.960	28.929	-0.141
41.980	27.430	-0.175
42.000	25.572	-0.194
42.020	23.294	-0.224
42.040	20.695	-0.237
42.060	17.794	-0.257
42.080	14.636	-0.267
42.100	11.263	-0.279
42.120	7.756	-0.277
42.140	4.125	-0.286
42.160	0.451	-0.272
42.180	-3.260	-0.272
42.200	-6.918	-0.252
42.220	-10.484	-0.244
42.240	-13.884	-0.212
42.260	-17.102	-0.199
42.280	-20.056	-0.166
42.300	-22.730	-0.148
42.320	-25.056	-0.107
42.340	-27.049	-0.084
42.360	-28.649	-0.043
42.380	-29.820	-0.017
42.400	-30.556	0.027
42.420	-30.825	0.052
42.440	-30.733	0.096
42.460	-30.180	0.115
42.480	-29.197	0.157
42.500	-27.763	0.179
42.520	-25.910	0.215
42.540	-23.729	0.232
42.560	-21.184	0.257
42.580	-18.332	0.269
42.600	-15.211	0.290
42.620	-11.892	0.289
42.640	-8.357	0.305
42.660	-4.743	0.298
42.680	-1.042	0.304
42.700	2.664	0.288
42.720	6.338	0.279
42.740	9.910	0.262
42.760	13.347	0.246
42.780	16.591	0.221
42.800	19.583	0.200
42.820	22.344	0.168
42.840	24.712	0.141
42.860	26.753	0.107
42.880	28.402	0.074
42.900	29.648	0.043
42.920	30.465	0.005
42.940	30.857	-0.027
42.960	30.776	-0.064
42.980	30.282	-0.092
43.000	29.353	-0.126
43.020	27.994	-0.158
43.040	26.249	-0.187
43.060	24.138	-0.207
43.080	21.640	-0.230
43.100	18.842	-0.246
43.120	15.775	-0.264
43.140	12.466	-0.271
43.160	9.007	-0.272
43.180	5.403	-0.278
43.200	1.746	-0.271
43.220	-1.966	-0.271
43.240	-5.629	-0.253
43.260	-9.244	-0.247
43.280	-12.687	-0.222
43.300	-15.968	-0.208
43.320	-19.035	-0.171
43.340	-21.801	-0.153
43.360	-24.250	-0.120
43.380	-26.367	-0.091
43.400	-28.123	-0.058
43.420	-29.417	-0.026
43.440	-30.341	0.014
43.460	-30.771	0.037
43.480	-30.809	0.080
43.500	-30.411	0.107
43.520	-29.573	0.145
43.540	-28.268	0.172
43.560	-26.582	0.202
43.580	-24.503	0.223
43.600	-22.086	0.244
43.620	-19.320	0.264
43.640	-16.296	0.278
43.660	-13.046	0.290
43.680	-9.587	0.298
43.700	-5.989	0.300
43.720	-2.320	0.299
43.740	1.386	0.287
43.760	5.081	0.280
43.780	8.674	0.265
43.800	12.182	0.244
43.820	15.501	0.230
43.840	18.573	0.202
43.860	21.415	0.178
43.880	23.944	0.142
43.900	26.087	0.117
43.920	27.865	0.076
43.940	29.256	0.052
43.960	30.223	0.011
43.980	30.755	-0.017
44.000	30.857	-0.058
44.020	30.508	-0.086
44.040	29.729	-0.126
44.060	28.521	-0.150
44.080	26.898	-0.185
44.100	24.927	-0.204
44.120	22.542	-0.234
44.140	19.841	-0.248
44.160	16.876	-0.264
44.180	13.637	-0.274
44.200	10.232	-0.281
44.220	6.671	-0.280
44.240	3.035	-0.286
44.260	-0.666	-0.277
44.280	-4.351	-0.270
44.300	-7.992	-0.250
44.320	-11.505	-0.240
44.340	-14.830	-0.219
44.360	-17.988	-0.197
44.380	-20.867	-0.166
44.400	-23.418	-0.142
44.420	-25.658	-0.106
44.440	-27.554	-0.082
44.460	-29.004	-0.042
44.480	-30.051	-0.015
44.500	-30.653	0.024
44.520	-30.852	0.058
44.540	-30.562	0.095
44.560	-29.896	0.119
44.580	-28.768	0.159
44.600	-27.188	0.178
44.620	-25.260	0.211
44.640	-22.935	0.225
44.660	-20.313	0.258
44.680	-17.359	0.263
44.700	-14.196	0.282
44.720	-10.801	0.281
44.740	-7.246	0.292
44.760	-3.593	0.283
44.780	0.113	0.289
44.800	3.803	0.270
44.820	7.423	0.264
44.840	10.979	0.241
44.860	14.368	0.229
44.880	17.537	0.200
44.900	20.469	0.182
44.920	23.112	0.145
44.940	25.378	0.122
44.960	27.296	0.080
44.980	28.821	0.056
45.000	29.938	0.015
45.020	30.626	-0.015
45.040	30.862	-0.058
45.060	30.674	-0.083
45.080	30.041	-0.121
45.100	28.988	-0.149
45.120	27.495	-0.183
45.140	25.647	-0.203
45.160	23.386	-0.231
45.180	20.813	-0.249
45.200	17.929	-0.271
45.220	14.803	-0.277
45.240	11.440	-0.288
45.260	7.938	-0.286
45.280	4.329	-0.297
45.300	0.634	-0.281
45.320	-3.067	-0.282
45.340	-6.735	-0.261
45.360	-10.302	-0.259
45.380	-13.691	-0.226
45.400	-16.919	-0.216
45.420	-19.878	-0.182
45.440	-22.569	-0.162
45.460	-24.927	-0.122
45.480	-26.925	-0.100
45.500	-28.558	-0.057
45.520	-29.729	-0.028
45.540	-30.513	0.014
45.560	-30.803	0.038
45.580	-30.707	0.082
45.600	-30.169	0.105
45.620	-29.192	0.146
45.640	-27.785	0.166
45.660	-25.975	0.203
45.680	-23.799	0.215
45.700	-21.270	0.249
45.720	-18.434	0.257
45.740	-15.308	0.276
45.760	-12.015	0.279
45.780	-8.508	0.291
45.800	-4.882	0.287
45.820	-1.182	0.290
45.840	2.519	0.276
45.860	6.193	0.271
45.880	9.749	0.250
45.900	13.213	0.240
45.920	16.457	0.211
45.940	19.476	0.189
45.960	22.236	0.160
45.980	24.616	0.130
46.000	26.678	0.100
46.020	28.338	0.067
46.040	29.600	0.031
46.060	30.433	-0.005
46.080	30.841	-0.034
46.100	30.792	-0.074
46.120	30.325	-0.104
46.140	29.396	-0.138
46.160	28.059	-0.166
46.180	26.345	-0.191
46.200	24.234	-0.216
46.220	21.742	-0.242
46.240	18.965	-0.254
46.260	15.920	-0.277
46.280	12.627	-0.278
46.300	9.158	-0.290
46.320	5.570	-0.291
46.340	1.901	-0.286
46.360	-1.794	-0.282
46.380	-5.479	-0.264
46.400	-9.093	-0.253
46.420	-12.547	-0.230
46.440	-15.850	-0.216
46.460	-18.901	-0.187
46.480	-21.699	-0.163
46.500	-24.175	-0.129
46.520	-26.308	-0.102
46.540	-28.064	-0.065
46.560	-29.385	-0.033
46.580	-30.320	0.004
46.600	-30.755	0.036
46.620	-30.835	0.074
46.640	-30.454	0.101
46.660	-29.627	0.138
46.680	-28.349	0.165
46.700	-26.689	0.195
46.720	-24.632	0.215
46.740	-22.231	0.242
46.760	-19.481	0.261
46.780	-16.462	0.273
46.800	-13.218	0.285
46.820	-9.770	0.290
46.840	-6.182	0.296
46.860	-2.492	0.292
46.880	1.208	0.290
46.900	4.915	0.275
46.920	8.508	0.268
46.940	12.021	0.248
46.960	15.334	0.230
46.980	18.450	0.203
47.000	21.291	0.181
47.020	23.821	0.147
47.040	25.991	0.122
47.060	27.795	0.081
47.080	29.213	0.058
47.100	30.191	0.010
47.120	30.744	-0.013
47.140	30.862	-0.055
47.160	30.540	-0.076
47.180	29.761	-0.118
47.200	28.585	-0.146
47.220	26.974	-0.178
47.240	25.013	-0.198
47.260	22.628	-0.225
47.280	19.959	-0.242
47.300	17.000	-0.256
47.320	13.771	-0.270
47.340	10.388	-0.271
47.360	6.821	-0.282
47.380	3.180	-0.284
47.400	-0.521	-0.286
47.420	-4.216	-0.277
47.440	-7.858	-0.257
47.460	-11.387	-0.246
47.480	-14.733	-0.220
47.500	-17.891	-0.204
47.520	-20.770	-0.172
47.540	-23.337	-0.151
47.560	-25.604	-0.107
47.580	-27.500	-0.087
47.600	-29.004	-0.046
47.620	-30.067	-0.015
47.640	-30.674	0.020
47.660	-30.868	0.054
47.680	-30.621	0.091
47.700	-29.971	0.122
47.720	-28.870	0.160
47.740	-27.301	0.187
47.760	-25.373	0.220
47.780	-23.090	0.242
47.800	-20.469	0.261
47.820	-17.515	0.274
47.840	-14.368	0.293
47.860	-10.984	0.294
47.880	-7.428	0.305
47.900	-3.776	0.300
47.920	-0.064	0.299
47.940	3.625	0.284
47.960	7.272	0.282
47.980	10.817	0.259
48.000	14.207	0.247
48.020	17.397	0.214
48.040	20.335	0.198
48.060	22.988	0.154
48.080	25.276	0.137
48.100	27.226	0.095
48.120	28.768	0.070
48.140	29.906	0.033
48.160	30.604	0.002
48.180	30.873	-0.039
48.200	30.707	-0.070
48.220	30.083	-0.103
48.240	29.042	-0.137
48.260	27.559	-0.162
48.280	25.738	-0.195
48.300	23.509	-0.207
48.320	20.931	-0.243
48.340	18.068	-0.241
48.360	14.937	-0.273
48.380	11.575	-0.264
48.400	8.089	-0.287
48.420	4.463	-0.272
48.440	0.773	-0.279
48.460	-2.922	-0.264
48.480	-6.580	-0.259
48.500	-10.157	-0.238
48.520	-13.557	-0.220
48.540	-16.790	-0.204
48.560	-19.782	-0.167
48.580	-22.462	-0.151
48.600	-24.841	-0.112
48.620	-26.855	-0.093
48.640	-28.504	-0.050
48.660	-29.691	-0.023
48.680	-30.476	0.020
48.700	-30.825	0.045
48.720	-30.728	0.091
48.740	-30.218	0.111
48.760	-29.272	0.153
48.780	-27.849	0.173
48.800	-26.066	0.207
48.820	-23.891	0.224
48.840	-21.398	0.252
48.860	-18.552	0.265
48.880	-15.463	0.282
48.900	-12.160	0.288
48.920	-8.664	0.295
48.940	-5.043	0.298
48.960	-1.354	0.294
48.980	2.358	0.287
49.000	6.026	0.277
49.020	9.598	0.261
49.040	13.068	0.240
49.060	16.323	0.220
49.080	19.336	0.190
49.100	22.107	0.165
49.120	24.514	0.132
49.140	26.592	0.106
49.160	28.257	0.066
49.180	29.552	0.042
49.200	30.406	-0.004
49.220	30.825	-0.029
49.240	30.803	-0.072
49.260	30.336	-0.099
49.280	29.455	-0.135
49.300	28.128	-0.163
49.320	26.420	-0.191
49.340	24.336	-0.215
49.360	21.850	-0.237
49.380	19.094	-0.255
49.400	16.065	-0.270
49.420	12.767	-0.281
49.440	9.335	-0.282
49.460	5.747	-0.294
49.480	2.073	-0.280
49.500	-1.633	-0.282
49.520	-5.301	-0.265
49.540	-8.916	-0.257
49.560	-12.391	-0.233
49.580	-15.673	-0.217
49.600	-18.761	-0.194
49.620	-21.560	-0.164
49.640	-24.046	-0.137
49.660	-26.189	-0.104
49.680	-27.946	-0.071
49.700	-29.321	-0.039
49.720	-30.261	-0.001
49.740	-30.733	0.030
49.760	-30.814	0.064
49.780	-30.427	0.098
49.800	-29.627	0.124
49.820	-28.392	0.159
49.840	-26.727	0.187
49.860	-24.686	0.211
49.880	-22.301	0.234
49.900	-19.551	0.251
49.920	-16.570	0.269
49.940	-13.336	0.277
49.960	-9.894	0.283
49.980	-6.316	0.289
50.000	-2.643	0.282
50.020	1.069	0.282
50.040	4.759	0.271
50.060	8.374	0.256
50.080	11.886	0.236
50.100	15.211	0.223
50.120	18.315	0.194
50.140	21.173	0.171
50.160	23.719	0.135
50.180	25.916	0.113
50.200	27.731	0.069
50.220	29.154	0.047
50.240	30.153	0.003
50.260	30.728	-0.021
50.280	30.857	-0.067
50.300	30.567	-0.092
50.320	29.810	-0.131
50.340	28.639	-0.158
50.360	27.043	-0.190
50.380	25.115	-0.210
50.400	22.752	-0.238
50.420	20.093	-0.255
50.440	17.150	-0.269
50.460	13.927	-0.282
50.480	10.538	-0.290
50.500	7.009	-0.291
50.520	3.362	-0.290
50.540	-0.328	-0.283
50.560	-4.044	-0.278
50.580	-7.675	-0.266
50.600	-11.204	-0.249
50.620	-14.545	-0.224
50.640	-17.698	-0.204
50.660	-20.625	-0.175
50.680	-23.214	-0.150
50.700	-25.470	-0.118
50.720	-27.387	-0.090
50.740	-28.886	-0.049
50.760	-29.976	-0.018
50.780	-30.610	0.016
50.800	-30.825	0.050
50.820	-30.626	0.091
50.840	-29.971	0.112
50.860	-28.875	0.158
50.880	-27.350	0.172
50.900	-25.432	0.211
50.920	-23.176	0.223
50.940	-20.550	0.255
50.960	-17.649	0.260
50.980	-14.486	0.283
51.000	-11.129	0.280
51.020	-7.568	0.292
51.040	-3.910	0.288
51.060	-0.220	0.292
51.080	3.475	0.275
51.100	7.117	0.268
51.120	10.667	0.246
51.140	14.078	0.237
51.160	17.263	0.205
51.180	20.206	0.186
51.200	22.875	0.152
51.220	25.185	0.127
51.240	27.146	0.087
51.260	28.703	0.062
51.280	29.869	0.024
51.300	30.578	-0.012
51.320	30.857	-0.046
51.340	30.707	-0.078
51.360	30.110	-0.112
51.380	29.090	-0.141
51.400	27.640	-0.173
51.420	25.835	-0.199
51.440	23.617	-0.220
51.460	21.044	-0.241
51.480	18.187	-0.260
51.500	15.082	-0.272
51.520	11.720	-0.286
51.540	8.245	-0.284
51.560	4.608	-0.291
51.580	0.951	-0.283
51.600	-2.761	-0.282
51.620	-6.413	-0.255
51.640	-10.022	-0.251
51.660	-13.433	-0.222
51.680	-16.667	-0.208
51.700	-19.690	-0.175
51.720	-22.381	-0.156
51.740	-24.777	-0.118
51.760	-26.829	-0.095
51.780	-28.472	-0.053
51.800	-29.686	-0.025
51.820	-30.492	0.013
51.840	-30.814	0.040
51.860	-30.776	0.082
51.880	-30.282	0.111
51.900	-29.353	0.145
51.920	-27.973	0.170
51.940	-26.195	0.206
51.960	-24.036	0.223
51.980	-21.549	0.254
52.000	-18.729	0.263
52.020	-15.630	0.282
52.040	-12.348	0.286
52.060	-8.841	0.296
52.080	-5.237	0.296
52.100	-1.531	0.297
52.120	2.175	0.286
52.140	5.844	0.278
52.160	9.426	0.265
52.180	12.901	0.245
52.200	16.167	0.227
52.220	19.207	0.198
52.240	21.984	0.174
52.260	24.417	0.142
52.280	26.501	0.114
52.300	28.204	0.077
52.320	29.509	0.045
52.340	30.374	0.008
52.360	30.825	-0.022
52.380	30.809	-0.060
52.400	30.384	-0.089
52.420	29.498	-0.125
52.440	28.198	-0.154
52.460	26.490	-0.186
52.480	24.433	-0.204
52.500	21.973	-0.232
52.520	19.212	-0.245
52.540	16.194	-0.262
52.560	12.907	-0.270
52.580	9.458	-0.274
52.600	5.871	-0.278
52.620	2.218	-0.274
52.640	-1.482	-0.272
52.660	-5.156	-0.259
52.680	-8.798	-0.241
52.700	-12.268	-0.227
52.720	-15.565	-0.204
52.740	-18.659	-0.181
52.760	-21.452	-0.153
52.780	-23.971	-0.124
52.800	-26.120	-0.092
52.820	-27.935	-0.061
52.840	-29.310	-0.026
52.860	-30.250	0.010
52.880	-30.733	0.040
52.900	-30.835	0.077
52.920	-30.486	0.108
52.940	-29.702	0.139
52.960	-28.483	0.173
52.980	-26.839	0.198
53.000	-24.809	0.226
53.020	-22.435	0.247
53.040	-19.723	0.267
53.060	-16.709	0.278
53.080	-13.503	0.294
53.100	-10.065	0.295
53.120	-6.494	0.307
53.140	-2.820	0.299
53.160	0.897	0.297
53.180	4.587	0.282
53.200	8.207	0.273
53.220	11.714	0.252
53.240	15.066	0.235
53.260	18.187	0.210
53.280	21.055	0.190
53.300	23.622	0.147
53.320	25.824	0.129
53.340	27.667	0.086
53.360	29.101	0.059
53.380	30.126	0.018
53.400	30.712	-0.010
53.420	30.868	-0.047
53.440	30.583	-0.081
53.460	29.836	-0.112
53.480	28.703	-0.146
53.500	27.108	-0.170
53.520	25.201	-0.198
53.540	22.870	-0.224
53.560	20.217	-0.241
53.580	17.273	-0.256
53.600	14.072	-0.270
53.620	10.678	-0.274
53.640	7.160	-0.274
53.660	3.513	-0.278
53.680	-0.183	-0.270
53.700	-3.873	-0.269
53.720	-7.514	-0.247
53.740	-11.038	-0.240
53.760	-14.427	-0.212
53.780	-17.590	-0.197
53.800	-20.501	-0.160
53.820	-23.117	-0.145
53.840	-25.378	-0.104
53.860	-27.333	-0.081
53.880	-28.854	-0.040
53.900	-29.944	-0.012
53.920	-30.604	0.028
53.940	-30.841	0.055
53.960	-30.653	0.096
53.980	-30.014	0.124
54.000	-28.939	0.157
54.020	-27.436	0.184
54.040	-25.540	0.215
54.060	-23.300	0.231
54.080	-20.679	0.258
54.100	-17.768	0.267
54.120	-14.625	0.285
54.140	-11.252	0.290
54.160	-7.734	0.298
54.180	-4.087	0.294
54.200	-0.381	0.295
54.220	3.314	0.282
54.240	6.961	0.269
54.260	10.522	0.253
54.280	13.933	0.236
54.300	17.128	0.211
54.320	20.083	0.186
54.340	22.784	0.153
54.360	25.094	0.134
54.380	27.070	0.093
54.400	28.639	0.065
54.420	29.826	0.023
54.440	30.562	-0.005
54.460	30.868	-0.044
54.480	30.728	-0.077
54.500	30.159	-0.111
54.520	29.149	-0.139
54.540	27.731	-0.177
54.560	25.916	-0.194
54.580	23.724	-0.227
54.600	21.178	-0.241
54.620	18.332	-0.265
54.640	15.227	-0.270
54.660	11.881	-0.285
54.680	8.400	-0.281
54.700	4.796	-0.292
54.720	1.112	-0.284
54.740	-2.589	-0.281
54.760	-6.247	-0.262
54.780	-9.834	-0.254
54.800	-13.250	-0.228
54.820	-16.484	-0.212
54.840	-19.513	-0.185
54.860	-22.242	-0.157
54.880	-24.637	-0.127
54.900	-26.684	-0.100
54.920	-28.349	-0.061
54.940	-29.584	-0.031
54.960	-30.433	0.008
54.980	-30.776	0.036
55.000	-30.739	0.080
55.020	-30.255	0.103
55.040	-29.353	0.143
55.060	-27.989	0.161
55.080	-26.227	0.199
55.100	-24.105	0.214
55.120	-21.603	0.245
55.140	-18.804	0.257
55.160	-15.737	0.273
55.180	-12.450	0.276
55.200	-8.980	0.288
55.220	-5.355	0.287
55.240	-1.681	0.290
55.260	2.036	0.277
55.280	5.704	0.270
55.300	9.292	0.252
55.320	12.767	0.237
55.340	16.049	0.215
55.360	19.089	0.190
55.380	21.887	0.162
55.400	24.326	0.129
55.420	26.426	0.105
55.440	28.139	0.070
55.460	29.460	0.037
55.480	30.357	-0.004
55.500	30.803	-0.031
55.520	30.819	-0.075
55.540	30.400	-0.100
55.560	29.546	-0.134
55.580	28.268	-0.167
55.600	26.582	-0.193
55.620	24.530	-0.219
55.640	22.102	-0.240
55.660	19.352	-0.262
55.680	16.350	-0.268
55.700	13.062	-0.288
55.720	9.630	-0.285
55.740	6.048	-0.296
55.760	2.401	-0.286
55.780	-1.305	-0.286
55.800	-4.979	-0.270
55.820	-8.599	-0.261
55.840	-12.096	-0.240
55.860	-15.394	-0.220
55.880	-18.487	-0.191
55.900	-21.329	-0.171
55.920	-23.832	-0.141
55.940	-26.012	-0.108
55.960	-27.806	-0.075
55.980	-29.219	-0.042
56.000	-30.196	-0.007
56.020	-30.707	0.026
56.040	-30.809	0.063
56.060	-30.481	0.098
56.080	-29.734	0.128
56.100	-28.526	0.158
56.120	-26.904	0.186
56.140	-24.906	0.211
56.160	-22.542	0.233
56.180	-19.825	0.258
56.200	-16.833	0.270
56.220	-13.632	0.285
56.240	-10.205	0.288
56.260	-6.633	0.292
56.280	-2.959	0.290
56.300	0.747	0.289
56.320	4.426	0.275
56.340	8.046	0.262
56.360	11.569	0.245
56.380	14.926	0.230
56.400	18.047	0.197
56.420	20.931	0.179
56.440	23.525	0.145
56.460	25.728	0.120
56.480	27.591	0.084
56.500	29.042	0.054
56.520	30.089	0.017
56.540	30.696	-0.017
56.560	30.868	-0.055
56.580	30.610	-0.085
56.600	29.896	-0.118
56.620	28.762	-0.150
56.640	27.210	-0.179
56.660	25.292	-0.203
56.680	22.967	-0.227
56.700	20.335	-0.246
56.720	17.413	-0.266
56.740	14.217	-0.273
56.760	10.850	-0.288
56.780	7.299	-0.279
56.800	3.668	-0.292
56.820	-0.016	-0.279
56.840	-3.728	-0.281
56.860	-7.385	-0.253
56.880	-10.936	-0.248
56.900	-14.298	-0.219
56.920	-17.483	-0.199
56.940	-20.405	-0.170
56.960	-23.063	-0.147
56.980	-25.330	-0.112
57.000	-27.285	-0.084
57.020	-28.821	-0.043
57.040	-29.933	-0.015
57.060	-30.631	0.024
57.080	-30.841	0.050
57.100	-30.685	0.091
57.120	-30.089	0.118
57.140	-29.036	0.157
57.160	-27.554	0.181
57.180	-25.674	0.212
57.200	-23.429	0.228
57.220	-20.840	0.257
57.240	-17.934	0.269
57.260	-14.803	0.289
57.280	-11.440	0.289
57.300	-7.917	0.299
57.320	-4.275	0.297
57.340	-0.564	0.294
57.360	3.147	0.285
57.380	6.794	0.273
57.400	10.345	0.263
57.420	13.771	0.243
57.440	16.989	0.222
57.460	19.948	0.196
57.480	22.677	0.164
57.500	24.997	0.136
57.520	26.984	0.106
57.540	28.569	0.068
57.560	29.772	0.037
57.580	30.529	0.001
57.600	30.852	-0.032
57.620	30.739	-0.067
57.640	30.180	-0.100
57.660	29.197	-0.129
57.680	27.795	-0.165
57.700	26.007	-0.181
57.720	23.826	-0.222
57.740	21.291	-0.226
57.760	18.450	-0.259
57.780	15.367	-0.249
57.800	12.021	-0.279
57.820	8.551	-0.266
57.840	4.947	-0.288
57.860	1.262	-0.266
57.880	-2.428	-0.273
57.900	-6.107	-0.247
57.920	-9.711	-0.248
57.940	-13.154	-0.214
57.960	-16.393	-0.204
57.980	-19.395	-0.173
58.000	-22.129	-0.146
58.020	-24.557	-0.116
58.040	-26.630	-0.085
58.060	-28.316	-0.053
58.080	-29.584	-0.021
58.100	-30.406	0.016
58.120	-30.798	0.046
58.140	-30.792	0.090
58.160	-30.309	0.114
58.180	-29.434	0.153
58.200	-28.085	0.177
58.220	-26.340	0.208
58.240	-24.229	0.227
58.260	-21.737	0.254
58.280	-18.960	0.263
58.300	-15.893	0.286
58.320	-12.633	0.290
58.340	-9.136	0.304
58.360	-5.521	0.298
58.380	-1.842	0.301
58.400	1.864	0.286
58.420	5.548	0.282
58.440	9.131	0.269
58.460	12.606	0.250
58.480	15.898	0.224
58.500	18.955	0.206
58.520	21.769	0.173
58.540	24.218	0.148
58.560	26.340	0.114
58.580	28.075	0.080
58.600	29.412	0.052
58.620	30.314	0.009
58.640	30.787	-0.021
58.660	30.830	-0.058
58.680	30.438	-0.090
58.700	29.595	-0.122
58.720	28.333	-0.154
58.740	26.662	-0.178
58.760	24.632	-0.206
58.780	22.215	-0.230
58.800	19.476	-0.245
58.820	16.473	-0.264
58.840	13.229	-0.269
58.860	9.781	-0.278
58.880	6.209	-0.278
58.900	2.562	-0.282
58.920	-1.139	-0.269
58.940	-4.818	-0.266
58.960	-8.454	-0.245
58.980	-11.924	-0.237
59.000	-15.259	-0.208
59.020	-18.369	-0.189
59.040	-21.210	-0.161
59.060	-23.735	-0.135
59.080	-25.937	-0.102
59.100	-27.747	-0.071
59.120	-29.176	-0.039
59.140	-30.169	0.001
59.160	-30.685	0.029
59.180	-30.830	0.068
59.200	-30.502	0.099
59.220	-29.777	0.131
59.240	-28.585	0.165
59.260	-26.947	0.190
59.280	-24.976	0.215
59.300	-22.623	0.238
59.320	-19.954	0.261
59.340	-16.973	0.271
59.360	-13.761	0.285
59.380	-10.355	0.287
59.400	-6.778	0.297
59.420	-3.121	0.293
59.440	0.580	0.289
59.460	4.275	0.276
59.480	7.901	0.268
59.500	11.440	0.244
59.520	14.787	0.228
59.540	17.939	0.201
59.560	20.818	0.178
59.580	23.413	0.145
59.600	25.647	0.119
59.620	27.521	0.080
59.640	28.988	0.052
59.660	30.041	0.016
59.680	30.680	-0.019
59.700	30.873	-0.053
59.720	30.626	-0.088
59.740	29.928	-0.121
59.760	28.816	-0.153
59.780	27.301	-0.183
59.800	25.395	-0.204
59.820	23.069	-0.234
59.840	20.458	-0.245
59.860	17.553	-0.276
59.880	14.378	-0.272
59.900	10.995	-0.295
59.920	7.466	-0.280
59.940	3.856	-0.302
59.960	0.150	-0.277
59.980	-3.550	-0.286
60.000	-7.192	-0.255
60.020	-10.737	-0.257
60.040	-14.126	-0.223
60.060	-17.311	-0.213
60.080	-20.260	-0.175
60.100	-22.892	-0.155
60.120	-25.190	-0.117
60.140	-27.151	-0.095
60.160	-28.730	-0.054
60.180	-29.847	-0.026
60.200	-30.562	0.012
60.220	-30.814	0.045
60.240	-30.653	0.083
60.260	-30.073	0.109
60.280	-29.047	0.147
60.300	-27.564	0.172
60.320	-25.717	0.200
60.340	-23.477	0.222
60.360	-20.910	0.248
60.380	-18.031	0.260
60.400	-14.905	0.276
60.420	-11.564	0.278
60.440	-8.041	0.290
60.460	-4.404	0.288
60.480	-0.709	0.285
60.500	2.986	0.272
60.520	6.649	0.266
60.540	10.216	0.247
60.560	13.643	0.232
60.580	16.865	0.204
60.600	19.835	0.183
60.620	22.559	0.154
60.640	24.906	0.130
60.660	26.904	0.091
60.680	28.521	0.061
60.700	29.740	0.021
60.720	30.519	-0.009
60.740	30.862	-0.045
60.760	30.755	-0.075
60.780	30.223	-0.113
60.800	29.251	-0.138
60.820	27.865	-0.176
60.840	26.082	-0.194
60.860	23.934	-0.228
60.880	21.398	-0.241
60.900	18.589	-0.264
60.920	15.512	-0.273
60.940	12.203	-0.287
60.960	8.707	-0.283
60.980	5.124	-0.295
61.000	1.429	-0.283
61.020	-2.261	-0.281
61.040	-5.935	-0.267
61.060	-9.539	-0.253
61.080	-12.960	-0.234
61.100	-16.231	-0.209
61.120	-19.245	-0.187
61.140	-22.000	-0.159
61.160	-24.449	-0.124
61.180	-26.528	-0.101
61.200	-28.241	-0.063
61.220	-29.520	-0.031
61.240	-30.384	0.007
61.260	-30.771	0.032
61.280	-30.776	0.075
61.300	-30.347	0.104
61.320	-29.455	0.141
61.340	-28.150	0.163
61.360	-26.426	0.199
61.380	-24.315	0.214
61.400	-21.871	0.248
61.420	-19.083	0.259
61.440	-16.043	0.278
61.460	-12.783	0.283
61.480	-9.297	0.293
61.500	-5.693	0.293
61.520	-2.009	0.290
61.540	1.703	0.284
61.560	5.371	0.276
61.580	8.959	0.259
61.600	12.461	0.244
61.620	15.753	0.223
61.640	18.820	0.196
61.660	21.651	0.174
61.680	24.116	0.140
61.700	26.249	0.113
61.720	28.005	0.076
61.740	29.358	0.044
61.760	30.288	0.008
61.780	30.787	-0.025
61.800	30.846	-0.060
61.820	30.465	-0.090
61.840	29.632	-0.128
61.860	28.397	-0.157
61.880	26.743	-0.180
61.900	24.729	-0.208
61.920	22.306	-0.235
61.940	19.604	-0.247
61.960	16.607	-0.266
61.980	13.342	-0.271
62.000	9.926	-0.286
62.020	6.354	-0.282
62.040	2.702	-0.289
62.060	-0.983	-0.276
62.080	-4.689	-0.270
62.100	-8.336	-0.247
62.120	-11.822	-0.238
62.140	-15.152	-0.208
62.160	-18.278	-0.189
62.180	-21.130	-0.161
62.200	-23.665	-0.136
62.220	-25.883	-0.104
62.240	-27.731	-0.070
62.260	-29.154	-0.033
62.280	-30.169	-0.003
62.300	-30.723	0.033
62.320	-30.841	0.066
62.340	-30.583	0.102
62.360	-29.836	0.131
62.380	-28.687	0.168
62.400	-27.097	0.193
62.420	-25.126	0.217
62.440	-22.795	0.245
62.460	-20.120	0.264
62.480	-17.155	0.276
62.500	-13.943	0.293
62.520	-10.549	0.299
62.540	-6.972	0.303
62.560	-3.303	0.299
62.580	0.397	0.302
62.600	4.093	0.286
62.620	7.729	0.277
62.640	11.247	0.256
62.660	14.631	0.239
62.680	17.789	0.211
62.700	20.684	0.194
62.720	23.300	0.157
62.740	25.545	0.137
62.760	27.430	0.090
62.780	28.934	0.066
62.800	30.014	0.024
62.820	30.658	-0.000
62.840	30.873	-0.042
62.860	30.642	-0.068
62.880	29.971	-0.107
62.900	28.870	-0.132
62.920	27.366	-0.174
62.940	25.480	-0.187
62.960	23.187	-0.227
62.980	20.571	-0.228
63.000	17.682	-0.261
63.020	14.513	-0.255
63.040	11.140	-0.278
63.060	7.622	-0.268
63.080	3.985	-0.280
63.100	0.312	-0.266
63.120	-3.411	-0.266
63.140	-7.052	-0.245
63.160	-10.613	-0.234
63.180	-14.002	-0.211
63.200	-17.187	-0.193
63.220	-20.147	-0.162
63.240	-22.800	-0.140
63.260	-25.137	-0.107
63.280	-27.092	-0.079
63.300	-28.687	-0.039
63.320	-29.842	-0.010
63.340	-30.556	0.025
63.360	-30.830	0.056
63.380	-30.717	0.095
63.400	-30.121	0.121
63.420	-29.117	0.165
63.440	-27.667	0.181
63.460	-25.803	0.221
63.480	-23.601	0.232
63.500	-21.049	0.265
63.520	-18.187	0.270
63.540	-15.055	0.290
63.560	-11.720	0.292
63.580	-8.212	0.306
63.600	-4.576	0.298
63.620	-0.875	0.301
63.640	2.831	0.282
63.660	6.488	0.281
63.680	10.044	0.258
63.700	13.492	0.247
63.720	16.720	0.217
63.740	19.701	0.198
63.760	22.435	0.163
63.780	24.814	0.142
63.800	26.823	0.104
63.820	28.456	0.073
63.840	29.691	0.037
63.860	30.486	0.002
63.880	30.857	-0.032
63.900	30.771	-0.067
63.920	30.266	-0.100
63.940	29.305	-0.131
63.960	27.930	-0.162
63.980	26.179	-0.186
64.000	24.041	-0.212
64.020	21.517	-0.238
64.040	18.724	-0.252
64.060	15.651	-0.266
64.080	12.348	-0.274
64.100	8.868	-0.274
64.120	5.269	-0.286
64.140	1.601	-0.278
64.160	-2.105	-0.274
64.180	-5.769	-0.260
64.200	-9.367	-0.249
64.220	-12.821	-0.231
64.240	-16.086	-0.207
64.260	-19.126	-0.183
64.280	-21.909	-0.155
64.300	-24.331	-0.125
64.320	-26.442	-0.095
64.340	-28.171	-0.065
64.360	-29.466	-0.031
64.380	-30.341	0.009
64.400	-30.750	0.035
64.420	-30.798	0.079
64.440	-30.352	0.101
64.460	-29.509	0.144
64.480	-28.193	0.167
64.500	-26.490	0.201
64.520	-24.396	0.213
64.540	-21.979	0.244
64.560	-19.196	0.257
64.580	-16.151	0.276
64.600	-12.912	0.286
64.620	-9.426	0.289
64.640	-5.849	0.292
64.660	-2.159	0.290
64.680	1.547	0.282
64.700	5.231	0.274
64.720	8.819	0.259
64.740	12.327	0.241
64.760	15.619	0.219
64.780	18.702	0.193
64.800	21.522	0.174
64.820	24.025	0.134
64.840	26.168	0.112
64.860	27.935	0.068
64.880	29.305	0.045
64.900	30.261	-0.004
64.920	30.771	-0.022
64.940	30.841	-0.068
64.960	30.486	-0.093
64.980	29.686	-0.133
65.000	28.456	-0.158
65.020	26.829	-0.187
65.040	24.831	-0.216
65.060	22.435	-0.234
65.080	19.723	-0.258
65.100	16.747	-0.264
65.120	13.503	-0.287
65.140	10.092	-0.281
65.160	6.553	-0.299
65.180	2.879	-0.282
65.200	-0.811	-0.293
65.220	-4.501	-0.270
65.240	-8.126	-0.268
65.260	-11.639	-0.242
65.280	-14.975	-0.228
65.300	-18.101	-0.199
65.320	-20.969	-0.175
65.340	-23.515	-0.146
65.360	-25.744	-0.114
65.380	-27.607	-0.085
65.400	-29.063	-0.045
65.420	-30.083	-0.015
65.440	-30.658	0.024
65.460	-30.814	0.053
65.480	-30.540	0.095
65.500	-29.853	0.116
65.520	-28.714	0.156
65.540	-27.135	0.180
65.560	-25.147	0.211
65.580	-22.854	0.227
65.600	-20.185	0.252
65.620	-17.247	0.264
65.640	-14.056	0.279
65.660	-10.672	0.283
65.680	-7.106	0.290
65.700	-3.448	0.287
65.720	0.252	0.286
65.740	3.948	0.276
65.760	7.589	0.265
65.780	11.124	0.244
65.800	14.497	0.228
65.820	17.655	0.202
65.840	20.566	0.179
65.860	23.208	0.145
65.880	25.454	0.125
65.900	27.366	0.081
65.920	28.875	0.058
65.940	29.976	0.018
65.960	30.642	-0.013
65.980	30.873	-0.054
66.000	30.658	-0.079
66.020	30.008	-0.120
66.040	28.934	-0.145
66.060	27.430	-0.181
66.080	25.577	-0.199
66.100	23.311	-0.228
66.120	20.700	-0.243
66.140	17.816	-0.262
66.160	14.668	-0.276
66.180	11.301	-0.280
66.200	7.783	-0.291
66.220	4.157	-0.290
66.240	0.467	-0.288
66.260	-3.233	-0.277
66.280	-6.886	-0.257
66.300	-10.420	-0.247
66.320	-13.841	-0.224
66.340	-17.048	-0.205
66.360	-20.023	-0.175
66.380	-22.682	-0.153
66.400	-25.024	-0.120
66.420	-27.017	-0.089
66.440	-28.633	-0.049
66.460	-29.799	-0.021
66.480	-30.545	0.016
66.500	-30.809	0.046
66.520	-30.728	0.089
66.540	-30.159	0.108
66.560	-29.176	0.155
66.580	-27.742	0.169
66.600	-25.926	0.209
66.620	-23.729	0.223
66.640	-21.167	0.256
66.660	-18.348	0.263
66.680	-15.222	0.285
66.700	-11.892	0.284
66.720	-8.390	0.298
66.740	-4.748	0.291
66.760	-1.047	0.296
66.780	2.648	0.282
66.800	6.311	0.273
66.820	9.888	0.256
66.840	13.342	0.243
66.860	16.575	0.218
66.880	19.583	0.191
66.900	22.317	0.163
66.920	24.702	0.139
66.940	26.748	0.102
66.960	28.386	0.068
66.980	29.648	0.034
67.000	30.454	0.000
67.020	30.841	-0.029
67.040	30.782	-0.067
67.060	30.282	-0.091
67.080	29.358	-0.135
67.100	28.000	-0.154
67.120	26.265	-0.190
67.140	24.138	-0.207
67.160	21.635	-0.237
67.180	18.836	-0.246
67.200	15.786	-0.266
67.220	12.472	-0.273
67.240	9.018	-0.280
67.260	5.425	-0.287
67.280	1.751	-0.276
67.300	-1.955	-0.274
67.320	-5.634	-0.256
67.340	-9.254	-0.247
67.360	-12.708	-0.220
67.380	-15.968	-0.208
67.400	-19.057	-0.175
67.420	-21.817	-0.154
67.440	-24.283	-0.122
67.460	-26.404	-0.093
67.480	-28.123	-0.055
67.500	-29.455	-0.025
67.520	-30.363	0.012
67.540	-30.771	0.042
67.560	-30.830	0.081
67.580	-30.422	0.110
67.600	-29.584	0.145
67.620	-28.306	0.174
67.640	-26.608	0.202
67.660	-24.535	0.228
67.680	-22.124	0.251
67.700	-19.352	0.272
67.720	-16.333	0.283
67.740	-13.079	0.294
67.760	-9.609	0.298
67.780	-6.026	0.303
67.800	-2.336	0.304
67.820	1.375	0.296
67.840	5.054	0.282
67.860	8.642	0.274
67.880	12.155	0.255
67.900	15.479	0.235
67.920	18.557	0.207
67.940	21.398	0.189
67.960	23.923	0.149
67.980	26.071	0.124
68.000	27.854	0.086
68.020	29.256	0.061
68.040	30.218	0.020
68.060	30.760	-0.011
68.080	30.852	-0.051
68.100	30.519	-0.080
68.120	29.734	-0.113
68.140	28.526	-0.143
68.160	26.898	-0.173
68.180	24.922	-0.195
68.200	22.548	-0.224
68.220	19.841	-0.237
68.240	16.876	-0.258
68.260	13.648	-0.264
68.280	10.259	-0.273
68.300	6.676	-0.270
68.320	3.040	-0.275
68.340	-0.650	-0.267
68.360	-4.351	-0.264
68.380	-7.992	-0.241
68.400	-11.510	-0.232
68.420	-14.840	-0.208
68.440	-17.977	-0.187
68.460	-20.861	-0.158
68.480	-23.434	-0.133
68.500	-25.685	-0.099
68.520	-27.548	-0.071
68.540	-29.020	-0.034
68.560	-30.067	-0.000
68.580	-30.674	0.033
68.600	-30.846	0.066
68.620	-30.588	0.100
68.640	-29.912	0.132
68.660	-28.757	0.165
68.680	-27.205	0.189
68.700	-25.276	0.220
68.720	-22.967	0.242
68.740	-20.335	0.260
68.760	-17.375	0.273
68.780	-14.212	0.294
68.800	-10.823	0.293
68.820	-7.278	0.302
68.840	-3.620	0.299
68.860	0.086	0.299
68.880	3.792	0.283
68.900	7.423	0.273
68.920	10.962	0.254
68.940	14.352	0.241
68.960	17.521	0.212
68.980	20.442	0.190
69.000	23.106	0.156
69.020	25.362	0.132
69.040	27.296	0.095
69.060	28.821	0.066
69.080	29.928	0.027
69.100	30.626	-0.005
69.120	30.873	-0.043
69.140	30.680	-0.073
69.160	30.041	-0.109
69.180	28.993	-0.136
69.200	27.495	-0.177
69.220	25.663	-0.189
69.240	23.413	-0.226
69.260	20.824	-0.232
69.280	17.945	-0.262
69.300	14.803	-0.262
69.320	11.446	-0.283
69.340	7.955	-0.274
69.360	4.313	-0.294
69.380	0.645	-0.270
69.400	-3.051	-0.276
69.420	-6.725	-0.255
69.440	-10.291	-0.248
69.460	-13.691	-0.222
69.480	-16.903	-0.201
69.500	-19.889	-0.174
69.520	-22.559	-0.150
69.540	-24.895	-0.120
69.560	-26.931	-0.091
69.580	-28.542	-0.054
69.600	-29.724	-0.025
69.620	-30.486	0.016
69.640	-30.798	0.041
69.660	-30.717	0.085
69.680	-30.169	0.109
69.700	-29.219	0.150
69.720	-27.795	0.170
69.740	-25.964	0.205
69.760	-23.810	0.219
69.780	-21.275	0.250
69.800	-18.423	0.260
69.820	-15.329	0.279
69.840	-12.026	0.278
69.860	-8.519	0.295
69.880	-4.893	0.287
69.900	-1.187	0.292
69.920	2.508	0.280
69.940	6.171	0.274
69.960	9.749	0.252
69.980	13.208	0.241
70.000	16.446	0.211
70.020	19.459	0.191
70.040	22.220	0.160
70.060	24.610	0.133
70.080	26.684	0.099
70.100	28.327	0.066
70.120	29.605	0.034
70.140	30.433	-0.005
70.160	30.830	-0.037
70.180	30.792	-0.078
70.200	30.331	-0.103
70.220	29.407	-0.140
70.240	28.075	-0.168
70.260	26.345	-0.195
70.280	24.250	-0.219
70.300	21.769	-0.242
70.320	18.981	-0.259
70.340	15.941	-0.272
70.360	12.638	-0.285
70.380	9.190	-0.286
70.400	5.597	-0.292
70.420	1.928	-0.285
70.440	-1.767	-0.286
70.460	-5.446	-0.266
70.480	-9.066	-0.259
70.500	-12.525	-0.233
70.520	-15.791	-0.222
70.540	-18.879	-0.186
70.560	-21.672	-0.169
70.580	-24.122	-0.133
70.600	-26.254	-0.105
70.620	-28.026	-0.073
70.640	-29.369	-0.038
70.660	-30.271	-0.000
70.680	-30.723	0.029
70.700	-30.814	0.066
70.720	-30.406	0.095
70.740	-29.589	0.132
70.760	-28.333	0.161
70.780	-26.646	0.191
70.800	-24.594	0.215
70.820	-22.183	0.235
70.840	-19.449	0.260
70.860	-16.430	0.273
70.880	-13.208	0.282
70.900	-9.743	0.287
70.920	-6.166	0.293
70.940	-2.492	0.290
70.960	1.214	0.285
70.980	4.909	0.276
71.000	8.513	0.261
71.020	12.026	0.241
71.040	15.351	0.224
71.060	18.428	0.197
71.080	21.291	0.175
71.100	23.832	0.140
71.120	25.996	0.116
71.140	27.795	0.080
71.160	29.203	0.051
71.180	30.202	0.011
71.200	30.739	-0.018
71.220	30.857	-0.060
71.240	30.545	-0.086
