0.000	30.591	0.086
0.020	30.838	0.054
0.040	30.650	0.021
0.060	30.011	-0.012
0.080	28.969	-0.044
0.100	27.465	-0.078
0.120	25.623	-0.109
0.140	23.362	-0.143
0.160	20.762	-0.173
0.180	17.883	-0.193
0.200	14.725	-0.219
0.220	11.352	-0.240
0.240	7.823	-0.257
0.260	4.181	-0.269
0.280	0.497	-0.277
0.300	-3.231	-0.281
0.320	-6.905	-0.279
0.340	-10.487	-0.277
0.360	-13.876	-0.268
0.380	-17.094	-0.261
0.400	-20.085	-0.236
0.420	-22.760	-0.228
0.440	-25.091	-0.200
0.460	-27.089	-0.182
0.480	-28.690	-0.147
0.500	-29.871	-0.127
0.520	-30.602	-0.088
0.540	-30.854	-0.062
0.560	-30.736	-0.020
0.580	-30.167	0.004
0.600	-29.184	0.046
0.620	-27.718	0.073
0.640	-25.848	0.107
0.660	-23.646	0.139
0.680	-21.079	0.170
0.700	-18.184	0.193
0.720	-15.047	0.220
0.740	-11.701	0.233
0.760	-8.172	0.253
0.780	-4.520	0.270
0.800	-0.814	0.278
0.820	2.925	0.279
0.840	6.588	0.282
0.860	10.149	0.282
0.880	13.597	0.273
0.900	16.836	0.263
0.920	19.822	0.248
0.940	22.540	0.235
0.960	24.898	0.209
0.980	26.912	0.181
1.000	28.512	0.159
1.020	29.721	0.127
1.040	30.500	0.096
1.060	30.827	0.070
1.080	30.715	0.031
1.100	30.156	0.002
1.120	29.184	-0.036
1.140	27.771	-0.067
1.160	25.972	-0.101
1.180	23.786	-0.131
1.200	21.229	-0.158
1.220	18.383	-0.189
1.240	15.289	-0.211
1.260	11.932	-0.227
1.280	8.441	-0.250
1.300	4.826	-0.256
1.320	1.136	-0.279
1.340	-2.581	-0.275
1.360	-6.249	-0.283
1.380	-9.859	-0.273
1.400	-13.291	-0.272
1.420	-16.540	-0.258
1.440	-19.564	-0.242
1.460	-22.287	-0.227
1.480	-24.704	-0.205
1.500	-26.751	-0.182
1.520	-28.432	-0.154
1.540	-29.646	-0.126
1.560	-30.484	-0.092
1.580	-30.838	-0.068
1.600	-30.784	-0.028
1.620	-30.296	-0.000
1.640	-29.334	0.041
1.660	-27.954	0.067
1.680	-26.176	0.101
1.700	-24.017	0.133
1.720	-21.503	0.162
1.740	-18.667	0.185
1.760	-15.573	0.212
1.780	-12.276	0.235
1.800	-8.768	0.246
1.820	-5.137	0.261
1.840	-1.415	0.272
1.860	2.291	0.277
1.880	5.975	0.278
1.900	9.552	0.279
1.920	13.044	0.267
1.940	16.304	0.261
1.960	19.333	0.245
1.980	22.099	0.232
2.000	24.522	0.207
2.020	26.590	0.187
2.040	28.271	0.157
2.060	29.554	0.133
2.080	30.392	0.095
2.100	30.801	0.071
2.120	30.763	0.029
2.140	30.301	0.005
2.160	29.377	-0.037
2.180	28.040	-0.067
2.200	26.310	-0.102
2.220	24.194	-0.130
2.240	21.686	-0.159
2.260	18.909	-0.188
2.280	15.853	-0.214
2.300	12.523	-0.233
2.320	9.058	-0.251
2.340	5.454	-0.263
2.360	1.786	-0.282
2.380	-1.931	-0.280
2.400	-5.615	-0.288
2.420	-9.246	-0.281
2.440	-12.700	-0.281
2.460	-15.982	-0.269
2.480	-19.054	-0.251
2.500	-21.825	-0.241
2.520	-24.302	-0.216
2.540	-26.412	-0.200
2.560	-28.153	-0.166
2.580	-29.463	-0.144
2.600	-30.360	-0.108
2.620	-30.790	-0.081
2.640	-30.806	-0.050
2.660	-30.382	-0.012
2.680	-29.522	0.014
2.700	-28.201	0.054
2.720	-26.498	0.084
2.740	-24.393	0.118
2.760	-21.954	0.145
2.780	-19.172	0.173
2.800	-16.121	0.195
2.820	-12.840	0.216
2.840	-9.359	0.236
2.860	-5.755	0.248
2.880	-2.060	0.261
2.900	1.662	0.269
2.920	5.352	0.270
2.940	8.946	0.262
2.960	12.448	0.264
2.980	15.756	0.253
3.000	18.828	0.244
3.020	21.659	0.225
3.040	24.135	0.201
3.060	26.257	0.179
3.080	28.002	0.158
3.100	29.361	0.125
3.120	30.280	0.096
3.140	30.774	0.068
3.160	30.806	0.029
3.180	30.408	0.001
3.200	29.565	-0.041
3.220	28.298	-0.065
3.240	26.616	-0.108
3.260	24.586	-0.122
3.280	22.148	-0.175
3.300	19.398	-0.178
3.320	16.379	-0.230
3.340	13.114	-0.223
3.360	9.671	-0.269
3.380	6.083	-0.256
3.400	2.420	-0.293
3.420	-1.297	-0.274
3.440	-4.987	-0.302
3.460	-8.623	-0.279
3.480	-12.120	-0.294
3.500	-15.428	-0.273
3.520	-18.549	-0.264
3.540	-21.380	-0.247
3.560	-23.883	-0.224
3.580	-26.058	-0.206
3.600	-27.889	-0.174
3.620	-29.275	-0.154
3.640	-30.226	-0.116
3.660	-30.720	-0.089
3.680	-30.817	-0.052
3.700	-30.494	-0.024
3.720	-29.699	0.009
3.740	-28.469	0.047
3.760	-26.821	0.078
3.780	-24.774	0.110
3.800	-22.400	0.135
3.820	-19.661	0.170
3.840	-16.653	0.189
3.860	-13.436	0.222
3.880	-9.966	0.229
3.900	-6.378	0.257
3.920	-2.710	0.254
3.940	1.029	0.275
3.960	4.713	0.264
3.980	8.339	0.281
4.000	11.867	0.262
4.020	15.203	0.266
4.040	18.307	0.242
4.060	21.192	0.242
4.080	23.738	0.199
4.100	25.918	0.199
4.120	27.744	0.154
4.140	29.157	0.144
4.160	30.156	0.100
4.180	30.709	0.081
4.200	30.833	0.036
4.220	30.516	0.015
4.240	29.732	-0.027
4.260	28.539	-0.054
4.280	26.933	-0.096
4.300	24.962	-0.119
4.320	22.594	-0.159
4.340	19.881	-0.178
4.360	16.922	-0.210
4.380	13.672	-0.226
4.400	10.256	-0.249
4.420	6.706	-0.261
4.440	3.021	-0.276
4.460	-0.685	-0.282
4.480	-4.385	-0.282
4.500	-8.043	-0.283
4.520	-11.567	-0.282
4.540	-14.913	-0.267
4.560	-18.066	-0.259
4.580	-20.955	-0.240
4.600	-23.533	-0.228
4.620	-25.768	-0.196
4.640	-27.648	-0.182
4.660	-29.109	-0.145
4.680	-30.135	-0.124
4.700	-30.725	-0.081
4.720	-30.854	-0.062
4.740	-30.613	-0.013
4.760	-29.898	0.004
4.780	-28.765	0.050
4.800	-27.164	0.074
4.820	-25.215	0.115
4.840	-22.873	0.139
4.860	-20.187	0.169
4.880	-17.239	0.191
4.900	-14.037	0.220
4.920	-10.594	0.234
4.940	-7.028	0.257
4.960	-3.344	0.262
4.980	0.363	0.279
5.000	4.069	0.278
5.020	7.710	0.280
5.040	11.266	0.276
5.060	14.650	0.270
5.080	17.797	0.257
5.100	20.708	0.245
5.120	23.335	0.218
5.140	25.569	0.203
5.160	27.454	0.170
5.180	28.942	0.155
5.200	30.011	0.113
5.220	30.645	0.096
5.240	30.838	0.052
5.260	30.602	0.029
5.280	29.882	-0.016
5.300	28.776	-0.037
5.320	27.223	-0.083
5.340	25.327	-0.099
5.360	23.012	-0.145
5.380	20.365	-0.162
5.400	17.443	-0.198
5.420	14.247	-0.212
5.440	10.842	-0.235
5.460	7.302	-0.249
5.480	3.660	-0.263
5.500	-0.046	-0.272
5.520	-3.757	-0.273
5.540	-7.415	-0.274
5.560	-10.965	-0.272
5.580	-14.349	-0.263
5.600	-17.545	-0.251
5.620	-20.483	-0.236
5.640	-23.109	-0.220
5.660	-25.419	-0.193
5.680	-27.336	-0.178
5.700	-28.878	-0.145
5.720	-29.990	-0.117
5.740	-30.639	-0.084
5.760	-30.870	-0.056
5.780	-30.693	-0.015
5.800	-30.065	0.004
5.820	-28.990	0.051
5.840	-27.460	0.073
5.860	-25.553	0.117
5.880	-23.281	0.139
5.900	-20.671	0.174
5.920	-17.727	0.191
5.940	-14.574	0.225
5.960	-11.185	0.237
5.980	-7.640	0.257
6.000	-3.977	0.267
6.020	-0.250	0.282
6.040	3.462	0.278
6.060	7.119	0.286
6.080	10.670	0.276
6.100	14.091	0.271
6.120	17.292	0.257
6.140	20.236	0.249
6.160	22.910	0.227
6.180	25.209	0.208
6.200	27.164	0.178
6.220	28.711	0.158
6.240	29.871	0.121
6.260	30.570	0.091
6.280	30.844	0.062
6.300	30.661	0.021
6.320	30.049	-0.000
6.340	29.001	-0.046
6.360	27.530	-0.073
6.380	25.682	-0.107
6.400	23.426	-0.133
6.420	20.837	-0.169
6.440	17.964	-0.190
6.460	14.822	-0.218
6.480	11.459	-0.231
6.500	7.930	-0.248
6.520	4.289	-0.264
6.540	0.604	-0.273
6.560	-3.118	-0.281
6.580	-6.765	-0.277
6.600	-10.374	-0.282
6.620	-13.769	-0.265
6.640	-16.986	-0.260
6.660	-19.972	-0.238
6.680	-22.647	-0.232
6.700	-25.005	-0.202
6.720	-27.014	-0.183
6.740	-28.598	-0.155
6.760	-29.791	-0.132
6.780	-30.537	-0.094
6.800	-30.849	-0.066
6.820	-30.725	-0.029
6.840	-30.151	0.000
6.860	-29.157	0.035
6.880	-27.712	0.067
6.900	-25.875	0.100
6.920	-23.673	0.131
6.940	-21.106	0.158
6.960	-18.243	0.183
6.980	-15.095	0.208
7.000	-11.771	0.229
7.020	-8.237	0.247
7.040	-4.595	0.260
7.060	-0.889	0.267
7.080	2.833	0.274
7.100	6.502	0.270
7.120	10.073	0.275
7.140	13.522	0.261
7.160	16.760	0.256
7.180	19.752	0.240
7.200	22.475	0.221
7.220	24.844	0.198
7.240	26.858	0.179
7.260	28.475	0.154
7.280	29.710	0.123
7.300	30.489	0.090
7.320	30.817	0.060
7.340	30.720	0.026
7.360	30.194	-0.007
7.380	29.205	-0.043
7.400	27.820	-0.074
7.420	26.020	-0.107
7.440	23.845	-0.140
7.460	21.299	-0.170
7.480	18.463	-0.196
7.500	15.375	-0.216
7.520	12.045	-0.237
7.540	8.543	-0.254
7.560	4.928	-0.270
7.580	1.249	-0.282
7.600	-2.479	-0.285
7.620	-6.142	-0.286
7.640	-9.740	-0.286
7.660	-13.194	-0.280
7.680	-16.438	-0.272
7.700	-19.473	-0.252
7.720	-22.218	-0.238
7.740	-24.618	-0.216
7.760	-26.670	-0.194
7.780	-28.373	-0.170
7.800	-29.619	-0.144
7.820	-30.435	-0.109
7.840	-30.801	-0.081
7.860	-30.768	-0.041
7.880	-30.280	-0.017
7.900	-29.361	0.018
7.920	-27.981	0.052
7.940	-26.208	0.087
7.960	-24.065	0.114
7.980	-21.573	0.147
8.000	-18.742	0.174
8.020	-15.654	0.198
8.040	-12.351	0.218
8.060	-8.838	0.236
8.080	-5.223	0.249
8.100	-1.528	0.258
8.120	2.205	0.266
8.140	5.879	0.269
8.160	9.472	0.270
8.180	12.947	0.262
8.200	16.218	0.255
8.220	19.247	0.236
8.240	22.030	0.225
8.260	24.457	0.195
8.280	26.536	0.183
8.300	28.222	0.151
8.320	29.511	0.127
8.340	30.376	0.092
8.360	30.801	0.066
8.380	30.774	0.028
8.400	30.306	-0.001
8.420	29.409	-0.041
8.440	28.077	-0.068
8.460	26.348	-0.103
8.480	24.259	-0.131
8.500	21.756	-0.166
8.520	18.968	-0.190
8.540	15.923	-0.216
8.560	12.619	-0.233
8.580	9.155	-0.257
8.600	5.556	-0.267
8.620	1.872	-0.284
8.640	-1.840	-0.280
8.660	-5.524	-0.290
8.680	-9.155	-0.282
8.700	-12.625	-0.285
8.720	-15.906	-0.265
8.740	-18.995	-0.257
8.760	-21.782	-0.241
8.780	-24.248	-0.221
8.800	-26.359	-0.198
8.820	-28.147	-0.170
8.840	-29.463	-0.142
8.860	-30.360	-0.112
8.880	-30.784	-0.083
8.900	-30.822	-0.053
8.920	-30.414	-0.012
8.940	-29.576	0.015
8.960	-28.271	0.050
8.980	-26.573	0.084
9.000	-24.473	0.116
9.020	-22.051	0.144
9.040	-19.263	0.170
9.060	-16.218	0.198
9.080	-12.952	0.218
9.100	-9.472	0.237
9.120	-5.873	0.261
9.140	-2.167	0.265
9.160	1.544	0.270
9.180	5.245	0.274
9.200	8.844	0.273
9.220	12.362	0.270
9.240	15.659	0.264
9.260	18.732	0.249
9.280	21.573	0.236
9.300	24.076	0.209
9.320	26.214	0.193
9.340	27.970	0.160
9.360	29.329	0.137
9.380	30.258	0.101
9.400	30.758	0.075
9.420	30.811	0.036
9.440	30.414	0.012
9.460	29.587	-0.026
9.480	28.346	-0.053
9.500	26.670	-0.095
9.520	24.629	-0.116
9.540	22.212	-0.157
9.560	19.462	-0.174
9.580	16.454	-0.210
9.600	13.183	-0.219
9.620	9.746	-0.248
9.640	6.174	-0.253
9.660	2.495	-0.277
9.680	-1.227	-0.273
9.700	-4.933	-0.283
9.720	-8.575	-0.274
9.740	-12.061	-0.277
9.760	-15.385	-0.261
9.780	-18.506	-0.253
9.800	-21.358	-0.236
9.820	-23.883	-0.214
9.840	-26.052	-0.192
9.860	-27.868	-0.172
9.880	-29.275	-0.139
9.900	-30.263	-0.111
9.920	-30.758	-0.078
9.940	-30.854	-0.051
9.960	-30.543	-0.009
9.980	-29.775	0.017
10.000	-28.545	0.057
10.020	-26.906	0.084
10.040	-24.887	0.123
10.060	-22.497	0.143
10.080	-19.768	0.177
10.100	-16.771	0.196
10.120	-13.532	0.229
10.140	-10.095	0.238
10.160	-6.496	0.261
10.180	-2.823	0.266
10.200	0.905	0.279
10.220	4.611	0.281
10.240	8.220	0.286
10.260	11.765	0.274
10.280	15.117	0.272
10.300	18.232	0.253
10.320	21.106	0.245
10.340	23.678	0.217
10.360	25.870	0.205
10.380	27.691	0.169
10.400	29.119	0.155
10.420	30.124	0.111
10.440	30.704	0.091
10.460	30.833	0.048
10.480	30.521	0.028
10.500	29.753	-0.016
10.520	28.582	-0.041
10.540	26.987	-0.085
10.560	25.016	-0.105
10.580	22.653	-0.147
10.600	19.967	-0.161
10.620	17.002	-0.199
10.640	13.763	-0.211
10.660	10.353	-0.240
10.680	6.797	-0.247
10.700	3.134	-0.268
10.720	-0.572	-0.273
10.740	-4.283	-0.275
10.760	-7.930	-0.276
10.780	-11.448	-0.271
10.800	-14.811	-0.261
10.820	-17.964	-0.249
10.840	-20.869	-0.233
10.860	-23.448	-0.221
10.880	-25.693	-0.199
10.900	-27.578	-0.174
10.920	-29.055	-0.141
10.940	-30.097	-0.117
10.960	-30.693	-0.086
10.980	-30.886	-0.056
11.000	-30.607	-0.012
11.020	-29.904	0.010
11.040	-28.760	0.051
11.060	-27.197	0.077
11.080	-25.220	0.114
11.100	-22.910	0.137
11.120	-20.236	0.170
11.140	-17.271	0.190
11.160	-14.080	0.222
11.180	-10.664	0.237
11.200	-7.109	0.253
11.220	-3.429	0.259
11.240	0.282	0.275
11.260	3.993	0.273
11.280	7.635	0.278
11.300	11.175	0.268
11.320	14.564	0.265
11.340	17.733	0.255
11.360	20.644	0.243
11.380	23.270	0.216
11.400	25.521	0.200
11.420	27.411	0.171
11.440	28.905	0.152
11.460	29.990	0.116
11.480	30.634	0.091
11.500	30.844	0.051
11.520	30.607	0.021
11.540	29.930	-0.013
11.560	28.808	-0.045
11.580	27.272	-0.081
11.600	25.386	-0.110
11.620	23.088	-0.145
11.640	20.445	-0.171
11.660	17.523	-0.195
11.680	14.344	-0.219
11.700	10.960	-0.236
11.720	7.415	-0.259
11.740	3.762	-0.266
11.760	0.078	-0.285
11.780	-3.634	-0.280
11.800	-7.297	-0.288
11.820	-10.858	-0.279
11.840	-14.247	-0.277
11.860	-17.432	-0.261
11.880	-20.375	-0.245
11.900	-23.002	-0.230
11.920	-25.306	-0.203
11.940	-27.250	-0.190
11.960	-28.819	-0.154
11.980	-29.920	-0.132
12.000	-30.596	-0.095
12.020	-30.860	-0.069
12.040	-30.666	-0.030
12.060	-30.038	-0.007
12.080	-28.958	0.037
12.100	-27.476	0.062
12.120	-25.569	0.097
12.140	-23.324	0.123
12.160	-20.708	0.156
12.180	-17.786	0.179
12.200	-14.639	0.206
12.220	-11.260	0.224
12.240	-7.716	0.241
12.260	-4.047	0.251
12.280	-0.346	0.262
12.300	3.365	0.265
12.320	7.017	0.267
12.340	10.573	0.266
12.360	13.994	0.260
12.380	17.190	0.249
12.400	20.166	0.233
12.420	22.846	0.217
12.440	25.156	0.194
12.460	27.127	0.171
12.480	28.674	0.143
12.500	29.839	0.112
12.520	30.548	0.083
12.540	30.833	0.050
12.560	30.677	0.018
12.580	30.075	-0.015
12.600	29.039	-0.053
12.620	27.583	-0.081
12.640	25.736	-0.113
12.660	23.496	-0.144
12.680	20.923	-0.173
12.700	18.039	-0.199
12.720	14.907	-0.224
12.740	11.545	-0.242
12.760	8.038	-0.261
12.780	4.396	-0.273
12.800	0.712	-0.286
12.820	-3.000	-0.289
12.840	-6.674	-0.291
12.860	-10.267	-0.284
12.880	-13.677	-0.279
12.900	-16.911	-0.270
12.920	-19.903	-0.253
12.940	-22.577	-0.241
12.960	-24.941	-0.211
12.980	-26.944	-0.195
13.000	-28.582	-0.166
13.020	-29.764	-0.140
13.040	-30.521	-0.107
13.060	-30.827	-0.078
13.080	-30.715	-0.041
13.100	-30.194	-0.012
13.120	-29.189	0.026
13.140	-27.744	0.055
13.160	-25.924	0.092
13.180	-23.721	0.119
13.200	-21.181	0.150
13.220	-18.313	0.173
13.240	-15.192	0.200
13.260	-11.867	0.220
13.280	-8.328	0.242
13.300	-4.692	0.253
13.320	-0.986	0.264
13.340	2.726	0.269
13.360	6.400	0.271
13.380	9.977	0.266
13.400	13.436	0.265
13.420	16.669	0.252
13.440	19.661	0.241
13.460	22.406	0.223
13.480	24.780	0.202
13.500	26.804	0.178
13.520	28.437	0.153
13.540	29.667	0.124
13.560	30.462	0.094
13.580	30.822	0.063
13.600	30.731	0.026
13.620	30.199	-0.002
13.640	29.243	-0.041
13.660	27.836	-0.069
13.680	26.074	-0.108
13.700	23.909	-0.127
13.720	21.369	-0.170
13.740	18.544	-0.184
13.760	15.439	-0.219
13.780	12.120	-0.228
13.800	8.645	-0.260
13.820	5.019	-0.261
13.840	1.324	-0.280
13.860	-2.404	-0.275
13.880	-6.067	-0.282
13.900	-9.681	-0.279
13.920	-13.119	-0.272
13.940	-16.390	-0.268
13.960	-19.446	-0.248
13.980	-22.175	-0.235
14.000	-24.592	-0.210
14.020	-26.665	-0.195
14.040	-28.384	-0.164
14.060	-29.624	-0.138
14.080	-30.489	-0.105
14.100	-30.827	-0.081
14.120	-30.801	-0.041
14.140	-30.339	-0.009
14.160	-29.426	0.024
14.180	-28.077	0.056
14.200	-26.321	0.087
14.220	-24.173	0.123
14.240	-21.675	0.149
14.260	-18.866	0.178
14.280	-15.778	0.202
14.300	-12.485	0.228
14.320	-8.972	0.239
14.340	-5.336	0.261
14.360	-1.641	0.265
14.380	2.071	0.278
14.400	5.760	0.272
14.420	9.354	0.282
14.440	12.840	0.266
14.460	16.116	0.266
14.480	19.161	0.251
14.500	21.949	0.237
14.520	24.404	0.207
14.540	26.493	0.193
14.560	28.179	0.159
14.580	29.490	0.141
14.600	30.360	0.101
14.620	30.795	0.079
14.640	30.774	0.039
14.660	30.333	0.012
14.680	29.436	-0.025
14.700	28.120	-0.056
14.720	26.396	-0.091
14.740	24.307	-0.118
14.760	21.825	-0.150
14.780	19.043	-0.174
14.800	15.998	-0.203
14.820	12.700	-0.219
14.840	9.236	-0.242
14.860	5.642	-0.253
14.880	1.958	-0.266
14.900	-1.759	-0.273
14.920	-5.449	-0.275
14.940	-9.085	-0.269
14.960	-12.566	-0.269
14.980	-15.847	-0.256
15.000	-18.930	-0.244
15.020	-21.734	-0.228
15.040	-24.210	-0.210
15.060	-26.321	-0.184
15.080	-28.094	-0.166
15.100	-29.436	-0.131
15.120	-30.355	-0.107
15.140	-30.790	-0.070
15.160	-30.838	-0.042
15.180	-30.430	-0.005
15.200	-29.603	0.021
15.220	-28.330	0.058
15.240	-26.622	0.089
15.260	-24.549	0.122
15.280	-22.132	0.147
15.300	-19.339	0.177
15.320	-16.315	0.205
15.340	-13.049	0.226
15.360	-9.585	0.241
15.380	-5.965	0.257
15.400	-2.264	0.270
15.420	1.453	0.278
15.440	5.143	0.278
15.460	8.752	0.282
15.480	12.260	0.272
15.500	15.584	0.268
15.520	18.662	0.249
15.540	21.519	0.239
15.560	24.011	0.212
15.580	26.165	0.199
15.600	27.932	0.165
15.620	29.302	0.150
15.640	30.237	0.104
15.660	30.747	0.086
15.680	30.817	0.041
15.700	30.446	0.021
15.720	29.608	-0.024
15.740	28.373	-0.049
15.760	26.713	-0.085
15.780	24.699	-0.114
15.800	22.277	-0.151
15.820	19.537	-0.174
15.840	16.546	-0.202
15.860	13.280	-0.221
15.880	9.853	-0.236
15.900	6.276	-0.261
15.920	2.608	-0.265
15.940	-1.115	-0.279
15.960	-4.810	-0.271
15.980	-8.446	-0.280
16.000	-11.943	-0.268
16.020	-15.278	-0.266
16.040	-18.388	-0.248
16.060	-21.251	-0.234
16.080	-23.781	-0.215
16.100	-25.983	-0.200
16.120	-27.798	-0.174
16.140	-29.211	-0.141
16.160	-30.194	-0.116
16.180	-30.715	-0.081
16.200	-30.870	-0.054
16.220	-30.521	-0.019
16.240	-29.759	0.004
16.260	-28.561	0.052
16.280	-26.906	0.074
16.300	-24.908	0.115
16.320	-22.540	0.134
16.340	-19.817	0.166
16.360	-16.825	0.189
16.380	-13.597	0.217
16.400	-10.159	0.229
16.420	-6.582	0.250
16.440	-2.892	0.256
16.460	0.830	0.272
16.480	4.531	0.271
16.500	8.156	0.274
16.520	11.679	0.266
16.540	15.042	0.258
16.560	18.162	0.247
16.580	21.047	0.231
16.600	23.619	0.210
16.620	25.822	0.192
16.640	27.648	0.163
16.660	29.098	0.138
16.680	30.113	0.107
16.700	30.688	0.081
16.720	30.833	0.044
16.740	30.543	0.012
16.760	29.791	-0.019
16.780	28.615	-0.059
16.800	27.014	-0.083
16.820	25.070	-0.120
16.840	22.722	-0.148
16.860	20.037	-0.180
16.880	17.077	-0.207
16.900	13.860	-0.226
16.920	10.444	-0.246
16.940	6.888	-0.261
16.960	3.236	-0.279
16.980	-0.465	-0.281
17.000	-4.181	-0.292
17.020	-7.823	-0.280
17.040	-11.357	-0.290
17.060	-14.719	-0.265
17.080	-17.872	-0.273
17.100	-20.789	-0.239
17.120	-23.351	-0.238
17.140	-25.623	-0.204
17.160	-27.508	-0.191
17.180	-29.007	-0.151
17.200	-30.043	-0.132
17.220	-30.650	-0.095
17.240	-30.849	-0.066
17.260	-30.586	-0.032
17.280	-29.925	-0.003
17.300	-28.786	0.033
17.320	-27.213	0.067
17.340	-25.274	0.099
17.360	-22.953	0.127
17.380	-20.300	0.156
17.400	-17.357	0.181
17.420	-14.172	0.203
17.440	-10.766	0.224
17.460	-7.189	0.243
17.480	-3.531	0.253
17.500	0.191	0.264
17.520	3.897	0.264
17.540	7.538	0.268
17.560	11.083	0.258
17.580	14.472	0.258
17.600	17.652	0.247
17.620	20.563	0.230
17.640	23.211	0.209
17.660	25.462	0.193
17.680	27.374	0.165
17.700	28.878	0.142
17.720	29.957	0.107
17.740	30.618	0.084
17.760	30.844	0.044
17.780	30.618	0.017
17.800	29.941	-0.020
17.820	28.840	-0.054
17.840	27.336	-0.083
17.860	25.440	-0.117
17.880	23.147	-0.141
17.900	20.520	-0.175
17.920	17.598	-0.199
17.940	14.424	-0.224
17.960	11.035	-0.239
17.980	7.506	-0.261
18.000	3.865	-0.274
18.020	0.169	-0.282
18.040	-3.548	-0.286
18.060	-7.205	-0.281
18.080	-10.772	-0.285
18.100	-14.161	-0.274
18.120	-17.373	-0.265
18.140	-20.311	-0.244
18.160	-22.964	-0.238
18.180	-25.252	-0.207
18.200	-27.223	-0.194
18.220	-28.792	-0.158
18.240	-29.909	-0.139
18.260	-30.596	-0.098
18.280	-30.838	-0.071
18.300	-30.693	-0.032
18.320	-30.097	-0.012
18.340	-29.033	0.034
18.360	-27.546	0.058
18.380	-25.655	0.098
18.400	-23.399	0.122
18.420	-20.816	0.156
18.440	-17.899	0.179
18.460	-14.757	0.206
18.480	-11.368	0.221
18.500	-7.828	0.243
18.520	-4.171	0.259
18.540	-0.459	0.262
18.560	3.241	0.270
18.580	6.910	0.270
18.600	10.476	0.266
18.620	13.908	0.263
18.640	17.104	0.259
18.660	20.074	0.241
18.680	22.781	0.222
18.700	25.096	0.198
18.720	27.068	0.179
18.740	28.647	0.147
18.760	29.807	0.121
18.780	30.548	0.094
18.800	30.833	0.058
18.820	30.677	0.030
18.840	30.075	-0.008
18.860	29.060	-0.040
18.880	27.594	-0.074
18.900	25.784	-0.100
18.920	23.550	-0.136
18.940	20.977	-0.158
18.960	18.114	-0.193
18.980	14.977	-0.207
19.000	11.610	-0.239
19.020	8.102	-0.247
19.040	4.477	-0.269
19.060	0.776	-0.267
19.080	-2.935	-0.282
19.100	-6.620	-0.275
19.120	-10.197	-0.280
19.140	-13.608	-0.268
19.160	-16.846	-0.258
19.180	-19.854	-0.243
19.200	-22.545	-0.226
19.220	-24.925	-0.208
19.240	-26.955	-0.186
19.260	-28.593	-0.158
19.280	-29.780	-0.131
19.300	-30.575	-0.096
19.320	-30.854	-0.068
19.340	-30.768	-0.029
19.360	-30.253	-0.002
19.380	-29.264	0.038
19.400	-27.857	0.065
19.420	-26.015	0.101
19.440	-23.840	0.126
19.460	-21.283	0.162
19.480	-18.420	0.179
19.500	-15.310	0.212
19.520	-11.980	0.230
19.540	-8.473	0.249
19.560	-4.810	0.260
19.580	-1.104	0.275
19.600	2.608	0.276
19.620	6.287	0.280
19.640	9.869	0.274
19.660	13.334	0.273
19.680	16.573	0.257
19.700	19.580	0.249
19.720	22.341	0.230
19.740	24.715	0.211
19.760	26.751	0.185
19.780	28.400	0.163
19.800	29.646	0.137
19.820	30.451	0.103
19.840	30.822	0.074
19.860	30.741	0.038
19.880	30.237	0.009
19.900	29.270	-0.028
19.920	27.895	-0.061
19.940	26.117	-0.090
19.960	23.969	-0.121
19.980	21.444	-0.151
20.000	18.619	-0.176
20.020	15.531	-0.206
20.040	12.206	-0.223
20.060	8.720	-0.239
20.080	5.121	-0.259
20.100	1.437	-0.263
20.120	-2.280	-0.271
20.140	-5.970	-0.275
20.160	-9.601	-0.276
20.180	-13.022	-0.266
20.200	-16.288	-0.255
20.220	-19.344	-0.240
20.240	-22.105	-0.223
20.260	-24.522	-0.206
20.280	-26.611	-0.188
20.300	-28.314	-0.158
20.320	-29.576	-0.135
20.340	-30.441	-0.099
20.360	-30.827	-0.075
20.380	-30.806	-0.035
20.400	-30.344	-0.008
20.420	-29.426	0.029
20.440	-28.099	0.063
20.460	-26.337	0.093
20.480	-24.199	0.125
20.500	-21.729	0.155
20.520	-18.898	0.175
20.540	-15.842	0.205
20.560	-12.539	0.225
20.580	-9.058	0.241
20.600	-5.427	0.255
20.620	-1.716	0.269
20.640	1.990	0.274
20.660	5.691	0.275
20.680	9.268	0.276
20.700	12.764	0.267
20.720	16.046	0.263
20.740	19.097	0.246
20.760	21.890	0.232
20.780	24.344	0.208
20.800	26.439	0.188
20.820	28.153	0.158
20.840	29.458	0.139
20.860	30.344	0.102
20.880	30.795	0.076
20.900	30.774	0.038
20.920	30.355	0.011
20.940	29.463	-0.027
20.960	28.153	-0.061
20.980	26.450	-0.091
21.000	24.371	-0.123
21.020	21.895	-0.152
21.040	19.129	-0.182
21.060	16.094	-0.207
21.080	12.802	-0.222
21.100	9.332	-0.248
21.120	5.739	-0.258
21.140	2.065	-0.277
21.160	-1.635	-0.277
21.180	-5.325	-0.289
21.200	-8.946	-0.272
21.220	-12.448	-0.283
21.240	-15.729	-0.259
21.260	-18.823	-0.259
21.280	-21.627	-0.232
21.300	-24.119	-0.224
21.320	-26.262	-0.194
21.340	-28.024	-0.176
21.360	-29.372	-0.145
21.380	-30.285	-0.116
21.400	-30.752	-0.087
21.420	-30.827	-0.053
21.440	-30.425	-0.020
21.460	-29.608	0.013
21.480	-28.324	0.046
21.500	-26.649	0.077
21.520	-24.575	0.109
21.540	-22.158	0.137
21.560	-19.408	0.163
21.580	-16.368	0.189
21.600	-13.124	0.209
21.620	-9.644	0.229
21.640	-6.045	0.248
21.660	-2.361	0.252
21.680	1.367	0.267
21.700	5.068	0.262
21.720	8.677	0.269
21.740	12.190	0.260
21.760	15.504	0.256
21.780	18.592	0.239
21.800	21.439	0.226
21.820	23.958	0.200
21.840	26.106	0.187
21.860	27.884	0.151
21.880	29.275	0.136
21.900	30.226	0.095
21.920	30.736	0.075
21.940	30.811	0.033
21.960	30.457	0.011
21.980	29.646	-0.031
22.000	28.421	-0.059
22.020	26.756	-0.097
22.040	24.758	-0.122
22.060	22.341	-0.156
22.080	19.623	-0.182
22.100	16.621	-0.214
22.120	13.371	-0.224
22.140	9.939	-0.253
22.160	6.373	-0.263
22.180	2.710	-0.282
22.200	-1.002	-0.280
22.220	-4.713	-0.293
22.240	-8.339	-0.283
22.260	-11.857	-0.284
22.280	-15.181	-0.271
22.300	-18.313	-0.265
22.320	-21.165	-0.244
22.340	-23.705	-0.232
22.360	-25.913	-0.203
22.380	-27.744	-0.186
22.400	-29.178	-0.153
22.420	-30.172	-0.126
22.440	-30.693	-0.089
22.460	-30.838	-0.062
22.480	-30.527	-0.027
22.500	-29.785	0.001
22.520	-28.588	0.038
22.540	-26.960	0.067
22.560	-24.962	0.103
22.580	-22.588	0.129
22.600	-19.908	0.161
22.620	-16.906	0.185
22.640	-13.683	0.211
22.660	-10.251	0.227
22.680	-6.668	0.245
22.700	-2.989	0.253
22.720	0.728	0.266
22.740	4.428	0.266
22.760	8.065	0.270
22.780	11.599	0.261
22.800	14.950	0.258
22.820	18.082	0.245
22.840	20.977	0.232
22.860	23.550	0.208
22.880	25.762	0.194
22.900	27.626	0.164
22.920	29.060	0.144
22.940	30.092	0.106
22.960	30.677	0.083
22.980	30.838	0.042
23.000	30.543	0.019
23.020	29.802	-0.025
23.040	28.663	-0.050
23.060	27.073	-0.090
23.080	25.134	-0.109
23.100	22.781	-0.153
23.120	20.107	-0.168
23.140	17.158	-0.202
23.160	13.930	-0.218
23.180	10.546	-0.246
23.200	6.980	-0.255
23.220	3.327	-0.272
23.240	-0.373	-0.279
23.260	-4.090	-0.282
23.280	-7.737	-0.281
23.300	-11.287	-0.277
23.320	-14.644	-0.269
23.340	-17.829	-0.260
23.360	-20.746	-0.244
23.380	-23.335	-0.229
23.400	-25.591	-0.201
23.420	-27.508	-0.185
23.440	-29.017	-0.153
23.460	-30.065	-0.124
23.480	-30.693	-0.091
23.500	-30.838	-0.063
23.520	-30.639	-0.024
23.540	-29.979	0.001
23.560	-28.883	0.043
23.580	-27.304	0.064
23.600	-25.370	0.102
23.620	-23.055	0.122
23.640	-20.424	0.162
23.660	-17.475	0.179
23.680	-14.279	0.214
23.700	-10.879	0.226
23.720	-7.313	0.257
23.740	-3.644	0.260
23.760	0.056	0.271
23.780	3.773	0.270
23.800	7.442	0.276
23.820	10.981	0.268
23.840	14.376	0.270
23.860	17.555	0.256
23.880	20.477	0.245
23.900	23.136	0.220
23.920	25.397	0.204
23.940	27.325	0.173
23.960	28.835	0.154
23.980	29.941	0.122
24.000	30.613	0.096
24.020	30.838	0.057
24.040	30.629	0.029
24.060	29.963	-0.009
24.080	28.878	-0.038
24.100	27.374	-0.068
24.120	25.483	-0.101
24.140	23.211	-0.133
24.160	20.590	-0.160
24.180	17.679	-0.189
24.200	14.494	-0.211
24.220	11.115	-0.229
24.240	7.581	-0.247
24.260	3.950	-0.262
24.280	0.244	-0.267
24.300	-3.467	-0.275
24.320	-7.130	-0.272
24.340	-10.713	-0.273
24.360	-14.091	-0.260
24.380	-17.298	-0.253
24.400	-20.273	-0.236
24.420	-22.910	-0.225
24.440	-25.231	-0.194
24.460	-27.197	-0.182
24.480	-28.781	-0.148
24.500	-29.914	-0.124
24.520	-30.613	-0.091
24.540	-30.876	-0.063
24.560	-30.704	-0.027
24.580	-30.113	0.001
24.600	-29.071	0.043
24.620	-27.605	0.066
24.640	-25.719	0.107
24.660	-23.464	0.130
24.680	-20.891	0.161
24.700	-17.980	0.182
24.720	-14.832	0.216
24.740	-11.465	0.234
24.760	-7.936	0.249
24.780	-4.273	0.261
24.800	-0.561	0.273
24.820	3.161	0.277
24.840	6.819	0.278
24.860	10.380	0.274
24.880	13.828	0.271
24.900	17.040	0.259
24.920	19.999	0.247
24.940	22.717	0.230
24.960	25.037	0.211
24.980	27.009	0.182
25.000	28.604	0.158
25.020	29.796	0.131
25.040	30.537	0.097
25.060	30.844	0.067
25.080	30.693	0.033
25.100	30.118	0.004
25.120	29.098	-0.031
25.140	27.653	-0.065
25.160	25.843	-0.099
25.180	23.619	-0.128
25.200	21.063	-0.157
25.220	18.205	-0.178
25.240	15.074	-0.211
25.260	11.722	-0.224
25.280	8.215	-0.249
25.300	4.590	-0.258
25.320	0.900	-0.270
25.340	-2.817	-0.272
25.360	-6.491	-0.277
25.380	-10.106	-0.273
25.400	-13.506	-0.268
25.420	-16.739	-0.256
25.440	-19.747	-0.240
25.460	-22.465	-0.228
25.480	-24.828	-0.205
25.500	-26.864	-0.188
25.520	-28.502	-0.156
25.540	-29.710	-0.134
25.560	-30.505	-0.097
25.580	-30.827	-0.074
25.600	-30.768	-0.037
25.620	-30.231	-0.006
25.640	-29.248	0.031
25.660	-27.836	0.058
25.680	-26.031	0.092
25.700	-23.861	0.124
25.720	-21.342	0.154
25.740	-18.463	0.172
25.760	-15.364	0.202
25.780	-12.050	0.222
25.800	-8.537	0.241
25.820	-4.890	0.252
25.840	-1.184	0.262
25.860	2.527	0.268
25.880	6.217	0.268
25.900	9.778	0.266
25.920	13.259	0.262
25.940	16.503	0.257
25.960	19.510	0.238
25.980	22.277	0.226
26.000	24.672	0.205
26.020	26.719	0.185
26.040	28.351	0.154
26.060	29.614	0.127
26.080	30.425	0.096
26.100	30.806	0.067
26.120	30.741	0.029
26.140	30.253	0.002
26.160	29.307	-0.039
26.180	27.943	-0.067
26.200	26.176	-0.101
26.220	24.033	-0.131
26.240	21.525	-0.164
26.260	18.705	-0.184
26.280	15.633	-0.214
26.300	12.313	-0.228
26.320	8.827	-0.253
26.340	5.223	-0.266
26.360	1.533	-0.274
26.380	-2.173	-0.283
26.400	-5.863	-0.284
26.420	-9.461	-0.284
26.440	-12.942	-0.276
26.460	-16.186	-0.271
26.480	-19.242	-0.255
26.500	-22.013	-0.239
26.520	-24.430	-0.220
26.540	-26.531	-0.197
26.560	-28.265	-0.170
26.580	-29.533	-0.145
26.600	-30.398	-0.113
26.620	-30.790	-0.085
26.640	-30.790	-0.052
26.660	-30.333	-0.018
26.680	-29.436	0.014
26.700	-28.115	0.048
26.720	-26.364	0.077
26.740	-24.253	0.108
26.760	-21.788	0.137
26.780	-18.973	0.164
26.800	-15.906	0.190
26.820	-12.635	0.211
26.840	-9.134	0.229
26.860	-5.508	0.248
26.880	-1.818	0.255
26.900	1.893	0.263
26.920	5.594	0.264
26.940	9.177	0.266
26.960	12.689	0.259
26.980	15.971	0.253
27.000	19.027	0.237
27.020	21.820	0.224
27.040	24.291	0.197
27.060	26.385	0.179
27.080	28.110	0.151
27.100	29.431	0.130
27.120	30.317	0.092
27.140	30.774	0.069
27.160	30.784	0.029
27.180	30.360	0.002
27.200	29.495	-0.035
27.220	28.196	-0.064
27.240	26.504	-0.103
27.260	24.430	-0.130
27.280	21.960	-0.162
27.300	19.215	-0.183
27.320	16.175	-0.215
27.340	12.883	-0.228
27.360	9.445	-0.254
27.380	5.846	-0.262
27.400	2.162	-0.282
27.420	-1.544	-0.284
27.440	-5.229	-0.286
27.460	-8.865	-0.282
27.480	-12.345	-0.282
27.500	-15.633	-0.271
27.520	-18.737	-0.259
27.540	-21.562	-0.242
27.560	-24.044	-0.226
27.580	-26.214	-0.198
27.600	-27.970	-0.177
27.620	-29.356	-0.148
27.640	-30.301	-0.116
27.660	-30.741	-0.091
27.680	-30.827	-0.055
27.700	-30.451	-0.022
27.720	-29.646	0.008
27.740	-28.400	0.046
27.760	-26.719	0.071
27.780	-24.656	0.108
27.800	-22.234	0.134
27.820	-19.484	0.164
27.840	-16.460	0.188
27.860	-13.221	0.214
27.880	-9.773	0.228
27.900	-6.142	0.250
27.920	-2.468	0.260
27.940	1.254	0.269
27.960	4.955	0.267
27.980	8.564	0.273
28.000	12.088	0.265
28.020	15.418	0.261
28.040	18.517	0.244
28.060	21.374	0.232
28.080	23.888	0.205
28.100	26.052	0.192
28.120	27.825	0.161
28.140	29.238	0.142
28.160	30.194	0.104
28.180	30.731	0.083
28.200	30.822	0.039
28.220	30.478	0.014
28.240	29.662	-0.025
28.260	28.453	-0.051
28.280	26.804	-0.091
28.300	24.817	-0.116
28.320	22.406	-0.153
28.340	19.688	-0.173
28.360	16.701	-0.203
28.380	13.441	-0.219
28.400	10.036	-0.245
28.420	6.448	-0.253
28.440	2.774	-0.271
28.460	-0.937	-0.273
28.480	-4.643	-0.281
28.500	-8.274	-0.277
28.520	-11.798	-0.275
28.540	-15.138	-0.264
28.560	-18.259	-0.258
28.580	-21.154	-0.236
28.600	-23.695	-0.225
28.620	-25.913	-0.193
28.640	-27.755	-0.178
28.660	-29.195	-0.142
28.680	-30.194	-0.120
28.700	-30.758	-0.087
28.720	-30.876	-0.057
28.740	-30.580	-0.017
28.760	-29.855	0.010
28.780	-28.684	0.046
28.800	-27.068	0.075
28.820	-25.059	0.113
28.840	-22.701	0.133
28.860	-20.015	0.168
28.880	-17.013	0.191
28.900	-13.817	0.219
28.920	-10.385	0.236
28.940	-6.786	0.255
28.960	-3.118	0.263
28.980	0.620	0.277
29.000	4.316	0.275
29.020	7.952	0.281
29.040	11.491	0.270
29.060	14.854	0.269
29.080	18.001	0.253
29.100	20.880	0.243
29.120	23.496	0.218
29.140	25.703	0.206
29.160	27.573	0.171
29.180	29.023	0.154
29.200	30.065	0.115
29.220	30.666	0.093
29.240	30.838	0.054
29.260	30.570	0.027
29.280	29.850	-0.008
29.300	28.690	-0.038
29.320	27.127	-0.074
29.340	25.188	-0.102
29.360	22.846	-0.139
29.380	20.182	-0.161
29.400	17.228	-0.190
29.420	14.027	-0.212
29.440	10.637	-0.231
29.460	7.071	-0.244
29.480	3.424	-0.261
29.500	-0.293	-0.263
29.520	-3.988	-0.272
29.540	-7.646	-0.270
29.560	-11.196	-0.271
29.580	-14.553	-0.260
29.600	-17.738	-0.252
29.620	-20.649	-0.234
29.640	-23.260	-0.224
29.660	-25.542	-0.195
29.680	-27.444	-0.173
29.700	-28.958	-0.144
29.720	-30.032	-0.117
29.740	-30.661	-0.084
29.760	-30.876	-0.058
29.780	-30.639	-0.022
29.800	-29.979	0.004
29.820	-28.872	0.046
29.840	-27.347	0.071
29.860	-25.386	0.111
29.880	-23.115	0.130
29.900	-20.467	0.165
29.920	-17.512	0.185
29.940	-14.344	0.214
29.960	-10.954	0.230
29.980	-7.393	0.248
30.000	-3.730	0.257
30.020	-0.013	0.270
30.040	3.687	0.271
30.060	7.356	0.277
30.080	10.895	0.271
30.100	14.301	0.267
30.120	17.486	0.255
30.140	20.413	0.241
30.160	23.082	0.221
30.180	25.354	0.200
30.200	27.272	0.177
30.220	28.802	0.150
30.240	29.925	0.125
30.260	30.613	0.093
30.280	30.844	0.059
30.300	30.645	0.028
30.320	30.006	-0.004
30.340	28.915	-0.040
30.360	27.401	-0.074
30.380	25.542	-0.105
30.400	23.281	-0.136
30.420	20.665	-0.163
30.440	17.765	-0.189
30.460	14.607	-0.213
30.480	11.218	-0.229
30.500	7.705	-0.248
30.520	4.052	-0.267
30.540	0.357	-0.269
30.560	-3.349	-0.282
30.580	-7.007	-0.272
30.600	-10.594	-0.282
30.620	-13.978	-0.265
30.640	-17.201	-0.264
30.660	-20.150	-0.238
30.680	-22.808	-0.232
30.700	-25.139	-0.202
30.720	-27.127	-0.189
30.740	-28.706	-0.154
30.760	-29.839	-0.132
30.780	-30.570	-0.096
30.800	-30.838	-0.068
30.820	-30.704	-0.032
30.840	-30.113	-0.008
30.860	-29.071	0.030
30.880	-27.605	0.060
30.900	-25.719	0.095
30.920	-23.507	0.121
30.940	-20.950	0.153
30.960	-18.028	0.173
30.980	-14.891	0.205
31.000	-11.534	0.218
31.020	-8.022	0.241
31.040	-4.364	0.251
31.060	-0.642	0.261
31.080	3.086	0.265
31.100	6.743	0.266
31.120	10.304	0.265
31.140	13.742	0.261
31.160	16.959	0.249
31.180	19.935	0.235
31.200	22.653	0.215
31.220	24.984	0.199
31.240	26.987	0.173
31.260	28.566	0.145
31.280	29.764	0.117
31.300	30.516	0.087
31.320	30.833	0.055
31.340	30.704	0.024
31.360	30.135	-0.008
31.380	29.130	-0.045
31.400	27.707	-0.075
31.420	25.886	-0.107
31.440	23.689	-0.136
31.460	21.133	-0.167
31.480	18.275	-0.190
31.500	15.160	-0.219
31.520	11.803	-0.235
31.540	8.323	-0.256
31.560	4.681	-0.268
31.580	0.996	-0.277
31.600	-2.710	-0.288
31.620	-6.373	-0.285
31.640	-9.977	-0.290
31.660	-13.420	-0.274
31.680	-16.648	-0.270
31.700	-19.666	-0.253
31.720	-22.389	-0.240
31.740	-24.769	-0.214
31.760	-26.815	-0.198
31.780	-28.453	-0.167
31.800	-29.673	-0.143
31.820	-30.478	-0.110
31.840	-30.806	-0.081
31.860	-30.752	-0.044
31.880	-30.247	-0.016
31.900	-29.275	0.020
31.920	-27.889	0.051
31.940	-26.079	0.086
31.960	-23.915	0.113
31.980	-21.390	0.145
32.000	-18.554	0.166
32.020	-15.445	0.195
32.040	-12.125	0.212
32.060	-8.623	0.233
32.080	-4.987	0.249
32.100	-1.281	0.258
32.120	2.441	0.263
32.140	6.115	0.265
32.160	9.714	0.265
32.180	13.173	0.260
32.200	16.433	0.253
32.220	19.446	0.239
32.240	22.212	0.220
32.260	24.613	0.201
32.280	26.659	0.179
32.300	28.330	0.149
32.320	29.592	0.129
32.340	30.408	0.092
32.360	30.806	0.069
32.380	30.752	0.028
32.400	30.258	0.003
32.420	29.329	-0.037
32.440	27.970	-0.065
32.460	26.230	-0.103
32.480	24.097	-0.127
32.500	21.594	-0.163
32.520	18.785	-0.185
32.540	15.719	-0.211
32.560	12.383	-0.232
32.580	8.924	-0.248
32.600	5.315	-0.268
32.620	1.641	-0.271
32.640	-2.087	-0.282
32.660	-5.777	-0.277
32.680	-9.391	-0.282
32.700	-12.866	-0.274
32.720	-16.116	-0.269
32.740	-19.194	-0.252
32.760	-21.965	-0.240
32.780	-24.393	-0.215
32.800	-26.504	-0.195
32.820	-28.228	-0.171
32.840	-29.538	-0.144
32.860	-30.414	-0.107
32.880	-30.795	-0.083
32.900	-30.806	-0.048
32.920	-30.376	-0.018
32.940	-29.522	0.017
32.960	-28.190	0.052
32.980	-26.450	0.083
33.000	-24.344	0.116
33.020	-21.885	0.141
33.040	-19.092	0.171
33.060	-16.025	0.194
33.080	-12.754	0.218
33.100	-9.257	0.235
33.120	-5.615	0.253
33.140	-1.936	0.260
33.160	1.797	0.270
33.180	5.481	0.271
33.200	9.069	0.271
33.220	12.576	0.265
33.240	15.869	0.257
33.260	18.930	0.249
33.280	21.745	0.234
33.300	24.226	0.212
33.320	26.343	0.187
33.340	28.061	0.161
33.360	29.409	0.139
33.380	30.306	0.103
33.400	30.779	0.079
33.420	30.801	0.042
33.440	30.392	0.014
33.460	29.511	-0.024
33.480	28.239	-0.053
33.500	26.547	-0.090
33.520	24.500	-0.115
33.540	22.019	-0.150
33.560	19.280	-0.170
33.580	16.245	-0.203
33.600	12.952	-0.214
33.620	9.515	-0.241
33.640	5.922	-0.248
33.660	2.237	-0.267
33.680	-1.464	-0.267
33.700	-5.164	-0.277
33.720	-8.801	-0.271
33.740	-12.292	-0.271
33.760	-15.595	-0.258
33.780	-18.716	-0.252
33.800	-21.525	-0.232
33.820	-24.038	-0.212
33.840	-26.181	-0.189
33.860	-27.981	-0.167
33.880	-29.350	-0.135
33.900	-30.306	-0.108
33.920	-30.774	-0.078
33.940	-30.838	-0.044
33.960	-30.489	-0.015
33.980	-29.705	0.018
34.000	-28.448	0.055
34.020	-26.794	0.083
34.040	-24.737	0.117
34.060	-22.314	0.145
34.080	-19.586	0.172
34.100	-16.551	0.201
34.120	-13.323	0.224
34.140	-9.875	0.241
34.160	-6.260	0.256
34.180	-2.559	0.268
34.200	1.163	0.275
34.220	4.864	0.275
34.240	8.468	0.282
34.260	11.996	0.270
34.280	15.326	0.266
34.300	18.442	0.253
34.320	21.283	0.245
34.340	23.823	0.216
34.360	25.999	0.205
34.380	27.803	0.172
34.400	29.205	0.147
34.420	30.183	0.112
34.440	30.720	0.092
34.460	30.827	0.050
34.480	30.489	0.025
34.500	29.694	-0.017
34.520	28.496	-0.045
34.540	26.869	-0.078
34.560	24.876	-0.106
34.580	22.470	-0.143
34.600	19.779	-0.162
34.620	16.782	-0.196
34.640	13.554	-0.212
34.660	10.116	-0.238
34.680	6.566	-0.244
34.700	2.892	-0.269
34.720	-0.814	-0.261
34.740	-4.514	-0.280
34.760	-8.177	-0.265
34.780	-11.679	-0.272
34.800	-15.020	-0.256
34.820	-18.168	-0.250
34.840	-21.041	-0.233
34.860	-23.593	-0.219
34.880	-25.822	-0.193
34.900	-27.685	-0.173
34.920	-29.114	-0.141
34.940	-30.129	-0.118
34.960	-30.715	-0.081
34.980	-30.870	-0.057
35.000	-30.553	-0.016
35.020	-29.834	0.012
35.040	-28.668	0.046
35.060	-27.073	0.075
35.080	-25.086	0.110
35.100	-22.733	0.136
35.120	-20.048	0.168
35.140	-17.077	0.187
35.160	-13.876	0.216
35.180	-10.439	0.230
35.200	-6.856	0.252
35.220	-3.188	0.260
35.240	0.524	0.271
35.260	4.235	0.270
35.280	7.877	0.275
35.300	11.411	0.266
35.320	14.773	0.267
35.340	17.921	0.253
35.360	20.826	0.240
35.380	23.437	0.210
35.400	25.655	0.198
35.420	27.519	0.169
35.440	28.990	0.147
35.460	30.049	0.113
35.480	30.666	0.091
35.500	30.844	0.050
35.520	30.580	0.025
35.540	29.866	-0.015
35.560	28.727	-0.047
35.580	27.175	-0.079
35.600	25.252	-0.107
35.620	22.910	-0.142
35.640	20.257	-0.166
35.660	17.330	-0.198
35.680	14.129	-0.216
35.700	10.723	-0.244
35.720	7.189	-0.250
35.740	3.526	-0.276
35.760	-0.164	-0.271
35.780	-3.875	-0.287
35.800	-7.533	-0.272
35.820	-11.089	-0.284
35.840	-14.467	-0.267
35.860	-17.636	-0.263
35.880	-20.558	-0.242
35.900	-23.179	-0.230
35.920	-25.456	-0.206
35.940	-27.368	-0.190
35.960	-28.910	-0.156
35.980	-29.968	-0.132
36.000	-30.639	-0.097
36.020	-30.854	-0.071
36.040	-30.639	-0.033
36.060	-29.995	-0.005
36.080	-28.883	0.032
36.100	-27.342	0.061
36.120	-25.429	0.096
36.140	-23.152	0.122
36.160	-20.515	0.154
36.180	-17.593	0.175
36.200	-14.424	0.206
36.220	-11.019	0.219
36.240	-7.490	0.240
36.260	-3.816	0.248
36.280	-0.105	0.261
36.300	3.617	0.261
36.320	7.259	0.265
36.340	10.809	0.261
36.360	14.215	0.261
36.380	17.400	0.245
36.400	20.343	0.233
36.420	23.018	0.208
36.440	25.295	0.195
36.460	27.229	0.166
36.480	28.765	0.143
36.500	29.893	0.113
36.520	30.586	0.085
36.540	30.854	0.051
36.560	30.645	0.021
36.580	30.011	-0.016
36.600	28.953	-0.045
36.620	27.465	-0.083
36.640	25.607	-0.109
36.660	23.340	-0.145
36.680	20.740	-0.170
36.700	17.845	-0.198
36.720	14.698	-0.217
36.740	11.303	-0.241
36.760	7.807	-0.254
36.780	4.165	-0.275
36.800	0.459	-0.278
36.820	-3.247	-0.284
36.840	-6.921	-0.284
36.860	-10.498	-0.283
36.880	-13.882	-0.274
36.900	-17.104	-0.269
36.920	-20.080	-0.250
36.940	-22.755	-0.236
36.960	-25.075	-0.211
36.980	-27.073	-0.193
37.000	-28.657	-0.165
37.020	-29.823	-0.140
37.040	-30.559	-0.103
37.060	-30.833	-0.078
37.080	-30.715	-0.040
37.100	-30.129	-0.015
37.120	-29.103	0.025
37.140	-27.658	0.053
37.160	-25.789	0.088
37.180	-23.576	0.118
37.200	-21.004	0.150
37.220	-18.119	0.171
37.240	-14.993	0.201
37.260	-11.647	0.220
37.280	-8.108	0.241
37.300	-4.455	0.253
37.320	-0.744	0.263
37.340	2.978	0.268
37.360	6.652	0.269
37.380	10.213	0.264
37.400	13.651	0.261
37.420	16.873	0.250
37.440	19.849	0.242
37.460	22.588	0.220
37.480	24.930	0.202
37.500	26.933	0.176
37.520	28.529	0.152
37.540	29.737	0.125
37.560	30.500	0.092
37.580	30.827	0.067
37.600	30.715	0.029
37.620	30.145	-0.001
37.640	29.162	-0.038
37.660	27.744	-0.070
37.680	25.945	-0.099
37.700	23.754	-0.129
37.720	21.208	-0.161
37.740	18.345	-0.187
37.760	15.246	-0.212
37.780	11.873	-0.228
37.800	8.398	-0.251
37.820	4.767	-0.261
37.840	1.082	-0.273
37.860	-2.645	-0.275
37.880	-6.319	-0.277
37.900	-9.912	-0.277
37.920	-13.355	-0.269
37.940	-16.599	-0.263
37.960	-19.613	-0.244
37.980	-22.341	-0.234
38.000	-24.747	-0.208
38.020	-26.799	-0.193
38.040	-28.469	-0.163
38.060	-29.705	-0.141
38.080	-30.527	-0.103
38.100	-30.827	-0.080
38.120	-30.790	-0.040
38.140	-30.296	-0.012
38.160	-29.361	0.026
38.180	-27.965	0.054
38.200	-26.181	0.088
38.220	-24.022	0.119
38.240	-21.503	0.150
38.260	-18.667	0.174
38.280	-15.557	0.202
38.300	-12.260	0.220
38.320	-8.747	0.246
38.340	-5.105	0.256
38.360	-1.405	0.267
38.380	2.328	0.271
38.400	6.002	0.274
38.420	9.590	0.276
38.440	13.071	0.267
38.460	16.325	0.262
38.480	19.371	0.250
38.500	22.142	0.235
38.520	24.559	0.209
38.540	26.611	0.190
38.560	28.281	0.159
38.580	29.565	0.137
38.600	30.403	0.100
38.620	30.806	0.078
38.640	30.758	0.041
38.660	30.290	0.016
38.680	29.361	-0.028
38.700	28.013	-0.054
38.720	26.267	-0.091
38.740	24.151	-0.116
38.760	21.664	-0.151
38.780	18.844	-0.171
38.800	15.799	-0.200
38.820	12.453	-0.217
38.840	8.994	-0.242
38.860	5.401	-0.250
38.880	1.716	-0.265
38.900	-2.001	-0.270
38.920	-5.685	-0.270
38.940	-9.305	-0.270
38.960	-12.781	-0.264
38.980	-16.052	-0.258
39.000	-19.118	-0.240
39.020	-21.895	-0.229
39.040	-24.355	-0.206
39.060	-26.471	-0.187
39.080	-28.196	-0.161
39.100	-29.506	-0.132
39.120	-30.387	-0.103
39.140	-30.806	-0.075
39.160	-30.849	-0.039
39.180	-30.398	-0.009
39.200	-29.538	0.025
39.220	-28.212	0.056
39.240	-26.504	0.089
39.260	-24.404	0.123
39.280	-21.944	0.146
39.300	-19.156	0.175
39.320	-16.089	0.199
39.340	-12.834	0.225
39.360	-9.343	0.241
39.380	-5.718	0.258
39.400	-2.022	0.266
39.420	1.700	0.276
39.440	5.390	0.276
39.460	8.994	0.280
39.480	12.480	0.267
39.500	15.788	0.263
39.520	18.855	0.249
39.540	21.686	0.238
39.560	24.162	0.213
39.580	26.289	0.196
39.600	28.034	0.165
39.620	29.377	0.145
39.640	30.285	0.107
39.660	30.763	0.084
39.680	30.795	0.041
39.700	30.398	0.019
39.720	29.544	-0.024
39.740	28.287	-0.049
39.760	26.595	-0.086
39.780	24.543	-0.112
39.800	22.105	-0.149
39.820	19.360	-0.167
39.840	16.342	-0.203
39.860	13.071	-0.216
39.880	9.622	-0.240
39.900	6.040	-0.248
39.920	2.355	-0.268
39.940	-1.356	-0.267
39.960	-5.035	-0.274
39.980	-8.677	-0.272
40.000	-12.184	-0.271
40.020	-15.488	-0.261
40.040	-18.587	-0.247
40.060	-21.412	-0.235
40.080	-23.936	-0.213
40.100	-26.106	-0.195
40.120	-27.911	-0.172
40.140	-29.286	-0.141
40.160	-30.237	-0.112
40.180	-30.747	-0.081
40.200	-30.854	-0.053
40.220	-30.489	-0.020
40.240	-29.699	0.011
40.260	-28.453	0.049
40.280	-26.799	0.076
40.300	-24.747	0.110
40.320	-22.373	0.133
40.340	-19.629	0.167
40.360	-16.615	0.186
40.380	-13.387	0.216
40.400	-9.934	0.228
40.420	-6.346	0.249
40.440	-2.656	0.256
40.460	1.077	0.270
40.480	4.772	0.270
40.500	8.392	0.273
40.520	11.910	0.261
40.540	15.246	0.261
40.560	18.361	0.241
40.580	21.219	0.237
40.600	23.764	0.204
40.620	25.945	0.195
40.640	27.755	0.159
40.660	29.173	0.141
40.680	30.172	0.101
40.700	30.715	0.079
40.720	30.827	0.042
40.740	30.500	0.019
40.760	29.721	-0.025
40.780	28.534	-0.052
40.800	26.917	-0.092
40.820	24.935	-0.115
40.840	22.540	-0.153
40.860	19.860	-0.175
40.880	16.873	-0.208
40.900	13.645	-0.220
40.920	10.224	-0.244
40.940	6.657	-0.257
40.960	2.994	-0.270
40.980	-0.712	-0.278
41.000	-4.407	-0.285
41.020	-8.054	-0.281
41.040	-11.594	-0.279
41.060	-14.929	-0.271
41.080	-18.066	-0.261
41.100	-20.955	-0.246
41.120	-23.517	-0.229
41.140	-25.730	-0.205
41.160	-27.626	-0.187
41.180	-29.076	-0.156
41.200	-30.092	-0.129
41.220	-30.677	-0.094
41.240	-30.849	-0.068
41.260	-30.570	-0.028
41.280	-29.844	-0.005
41.300	-28.690	0.031
41.320	-27.100	0.062
41.340	-25.129	0.100
41.360	-22.787	0.125
41.380	-20.123	0.157
41.400	-17.147	0.177
41.420	-13.946	0.204
41.440	-10.525	0.220
41.460	-6.958	0.244
41.480	-3.290	0.251
41.500	0.438	0.261
41.520	4.149	0.263
41.540	7.780	0.265
41.560	11.320	0.263
41.580	14.698	0.259
41.600	17.851	0.243
41.620	20.762	0.229
41.640	23.367	0.208
41.660	25.601	0.191
41.680	27.476	0.158
41.700	28.958	0.141
41.720	30.011	0.106
41.740	30.650	0.082
41.760	30.844	0.046
41.780	30.596	0.017
41.800	29.877	-0.016
41.820	28.765	-0.050
41.840	27.207	-0.084
41.860	25.306	-0.112
41.880	22.975	-0.149
41.900	20.338	-0.171
41.920	17.400	-0.204
41.940	14.209	-0.217
41.960	10.815	-0.244
41.980	7.270	-0.253
42.000	3.623	-0.275
42.020	-0.078	-0.277
42.040	-3.784	-0.289
42.060	-7.442	-0.277
42.080	-11.003	-0.287
42.100	-14.376	-0.268
42.120	-17.561	-0.265
42.140	-20.483	-0.248
42.160	-23.104	-0.232
42.180	-25.408	-0.206
42.200	-27.342	-0.188
42.220	-28.878	-0.158
42.240	-29.979	-0.134
42.260	-30.645	-0.098
42.280	-30.838	-0.070
42.300	-30.666	-0.033
42.320	-30.022	-0.004
42.340	-28.937	0.031
42.360	-27.411	0.059
42.380	-25.515	0.096
42.400	-23.233	0.124
42.420	-20.628	0.154
42.440	-17.700	0.177
42.460	-14.526	0.208
42.480	-11.148	0.220
42.500	-7.592	0.247
42.520	-3.924	0.251
42.540	-0.218	0.265
42.560	3.499	0.270
42.580	7.162	0.270
42.600	10.702	0.266
42.620	14.129	0.261
42.640	17.314	0.252
42.660	20.262	0.240
42.680	22.948	0.218
42.700	25.236	0.201
42.720	27.191	0.170
42.740	28.733	0.150
42.760	29.871	0.120
42.780	30.580	0.092
42.800	30.838	0.058
42.820	30.661	0.025
42.840	30.027	-0.008
42.860	28.985	-0.042
42.880	27.513	-0.074
42.900	25.655	-0.103
42.920	23.399	-0.138
42.940	20.800	-0.161
42.960	17.910	-0.190
42.980	14.762	-0.207
43.000	11.400	-0.232
43.020	7.877	-0.244
43.040	4.235	-0.263
43.060	0.540	-0.269
43.080	-3.177	-0.279
43.100	-6.851	-0.272
43.120	-10.433	-0.277
43.140	-13.844	-0.263
43.160	-17.061	-0.260
43.180	-20.053	-0.240
43.200	-22.728	-0.224
43.220	-25.070	-0.206
43.240	-27.068	-0.183
43.260	-28.679	-0.157
43.280	-29.871	-0.128
43.300	-30.602	-0.096
43.320	-30.849	-0.071
43.340	-30.741	-0.030
43.360	-30.194	-0.004
43.380	-29.195	0.037
43.400	-27.734	0.064
43.420	-25.865	0.097
43.440	-23.689	0.125
43.460	-21.100	0.160
43.480	-18.238	0.182
43.500	-15.106	0.212
43.520	-11.760	0.225
43.540	-8.231	0.247
43.560	-4.568	0.255
43.580	-0.873	0.272
43.600	2.855	0.273
43.620	6.523	0.276
43.640	10.106	0.277
43.660	13.549	0.266
43.680	16.782	0.260
43.700	19.774	0.248
43.720	22.513	0.232
43.740	24.871	0.210
43.760	26.874	0.187
43.780	28.496	0.162
43.800	29.716	0.133
43.820	30.500	0.102
43.840	30.827	0.073
43.860	30.720	0.035
43.880	30.188	0.009
43.900	29.189	-0.029
43.920	27.777	-0.063
43.940	25.999	-0.090
43.960	23.818	-0.124
43.980	21.278	-0.150
44.000	18.431	-0.181
44.020	15.326	-0.200
44.040	11.991	-0.224
44.060	8.484	-0.236
44.080	4.880	-0.255
44.100	1.190	-0.264
44.120	-2.543	-0.269
44.140	-6.206	-0.271
44.160	-9.826	-0.271
44.180	-13.264	-0.265
44.200	-16.503	-0.256
44.220	-19.548	-0.241
44.240	-22.271	-0.227
44.260	-24.661	-0.203
44.280	-26.745	-0.184
44.300	-28.394	-0.157
44.320	-29.651	-0.127
44.340	-30.473	-0.098
44.360	-30.822	-0.069
44.380	-30.790	-0.033
44.400	-30.306	-0.011
44.420	-29.350	0.029
44.440	-27.986	0.061
44.460	-26.214	0.097
44.480	-24.060	0.125
44.500	-21.562	0.156
44.520	-18.716	0.174
44.540	-15.616	0.203
44.560	-12.329	0.225
44.580	-8.833	0.243
44.600	-5.180	0.252
44.620	-1.485	0.266
44.640	2.237	0.272
44.660	5.916	0.275
44.680	9.510	0.276
44.700	12.990	0.270
44.720	16.261	0.261
44.740	19.285	0.247
44.760	22.078	0.229
44.780	24.490	0.211
44.800	26.573	0.188
44.820	28.244	0.158
44.840	29.549	0.134
44.860	30.382	0.103
44.880	30.801	0.073
44.900	30.768	0.035
44.920	30.306	0.009
44.940	29.393	-0.032
44.960	28.061	-0.057
44.980	26.332	-0.093
45.000	24.226	-0.120
45.020	21.734	-0.152
45.040	18.930	-0.178
45.060	15.880	-0.207
45.080	12.576	-0.223
45.100	9.112	-0.245
45.120	5.503	-0.257
45.140	1.829	-0.269
45.160	-1.893	-0.273
45.180	-5.567	-0.280
45.200	-9.193	-0.270
45.220	-12.678	-0.273
45.240	-15.933	-0.262
45.260	-19.011	-0.249
45.280	-21.804	-0.235
45.300	-24.264	-0.213
45.320	-26.385	-0.191
45.340	-28.131	-0.167
45.360	-29.452	-0.138
45.380	-30.360	-0.112
45.400	-30.763	-0.080
45.420	-30.806	-0.048
45.440	-30.398	-0.016
45.460	-29.538	0.013
45.480	-28.228	0.048
45.500	-26.514	0.081
45.520	-24.425	0.109
45.540	-21.981	0.140
45.560	-19.210	0.167
45.580	-16.154	0.188
45.600	-12.888	0.213
45.620	-9.402	0.232
45.640	-5.809	0.247
45.660	-2.114	0.255
45.680	1.614	0.264
45.700	5.299	0.263
45.720	8.908	0.267
45.740	12.415	0.261
45.760	15.719	0.257
45.780	18.791	0.240
45.800	21.611	0.228
45.820	24.108	0.199
45.840	26.240	0.187
45.860	27.991	0.150
45.880	29.345	0.133
45.900	30.269	0.096
45.920	30.752	0.073
45.940	30.801	0.034
45.960	30.408	0.008
45.980	29.571	-0.033
46.000	28.314	-0.059
46.020	26.654	-0.099
46.040	24.613	-0.123
46.060	22.175	-0.161
46.080	19.446	-0.181
46.100	16.433	-0.212
46.120	13.156	-0.224
46.140	9.719	-0.251
46.160	6.131	-0.261
46.180	2.457	-0.282
46.200	-1.254	-0.280
46.220	-4.944	-0.289
46.240	-8.580	-0.284
46.260	-12.072	-0.284
46.280	-15.391	-0.269
46.300	-18.506	-0.261
46.320	-21.353	-0.243
46.340	-23.861	-0.226
46.360	-26.036	-0.203
46.380	-27.863	-0.182
46.400	-29.259	-0.149
46.420	-30.215	-0.125
46.440	-30.725	-0.089
46.460	-30.827	-0.062
46.480	-30.489	-0.025
46.500	-29.705	0.002
46.520	-28.480	0.038
46.540	-26.842	0.069
46.560	-24.806	0.104
46.580	-22.422	0.129
46.600	-19.698	0.161
46.620	-16.696	0.182
46.640	-13.463	0.208
46.660	-10.014	0.224
46.680	-6.427	0.246
46.700	-2.742	0.252
46.720	0.986	0.265
46.740	4.659	0.261
46.760	8.296	0.266
46.780	11.814	0.260
46.800	15.160	0.257
46.820	18.281	0.241
46.840	21.143	0.231
46.860	23.711	0.206
46.880	25.891	0.192
46.900	27.707	0.158
46.920	29.135	0.140
46.940	30.135	0.102
46.960	30.704	0.081
46.980	30.822	0.039
47.000	30.527	0.013
47.020	29.742	-0.025
47.040	28.566	-0.049
47.060	26.944	-0.091
47.080	24.989	-0.113
47.100	22.599	-0.154
47.120	19.929	-0.170
47.140	16.954	-0.206
47.160	13.726	-0.215
47.180	10.315	-0.248
47.200	6.743	-0.254
47.220	3.091	-0.276
47.240	-0.610	-0.273
47.260	-4.321	-0.282
47.280	-7.979	-0.278
47.300	-11.497	-0.282
47.320	-14.859	-0.269
47.340	-18.017	-0.261
47.360	-20.907	-0.243
47.380	-23.474	-0.228
47.400	-25.730	-0.203
47.420	-27.599	-0.180
47.440	-29.071	-0.152
47.460	-30.118	-0.127
47.480	-30.715	-0.091
47.500	-30.838	-0.068
47.520	-30.618	-0.025
47.540	-29.914	-0.000
47.560	-28.786	0.040
47.580	-27.197	0.065
47.600	-25.220	0.104
47.620	-22.884	0.130
47.640	-20.219	0.164
47.660	-17.260	0.181
47.680	-14.070	0.212
47.700	-10.643	0.222
47.720	-7.076	0.251
47.740	-3.397	0.261
47.760	0.314	0.267
47.780	4.015	0.268
47.800	7.683	0.270
47.820	11.207	0.270
47.840	14.596	0.264
47.860	17.754	0.250
47.880	20.676	0.241
47.900	23.292	0.216
47.920	25.542	0.203
47.940	27.449	0.168
47.960	28.931	0.150
47.980	30.006	0.115
48.000	30.645	0.090
48.020	30.844	0.055
48.040	30.607	0.025
48.060	29.914	-0.011
48.080	28.797	-0.039
48.100	27.261	-0.074
48.120	25.349	-0.101
48.140	23.034	-0.139
48.160	20.402	-0.160
48.180	17.469	-0.195
48.200	14.284	-0.206
48.220	10.895	-0.230
48.240	7.350	-0.243
48.260	3.714	-0.263
48.280	0.003	-0.269
48.300	-3.714	-0.272
48.320	-7.377	-0.269
48.340	-10.927	-0.273
48.360	-14.301	-0.258
48.380	-17.502	-0.252
48.400	-20.456	-0.239
48.420	-23.082	-0.223
48.440	-25.370	-0.198
48.460	-27.320	-0.179
48.480	-28.867	-0.150
48.500	-29.984	-0.124
48.520	-30.645	-0.092
48.540	-30.854	-0.064
48.560	-30.693	-0.025
48.580	-30.065	0.002
48.600	-28.996	0.043
48.620	-27.460	0.068
48.640	-25.580	0.106
48.660	-23.319	0.133
48.680	-20.698	0.165
48.700	-17.781	0.186
48.720	-14.612	0.217
48.740	-11.239	0.233
48.760	-7.699	0.252
48.780	-4.036	0.257
48.800	-0.320	0.275
48.820	3.392	0.276
48.840	7.060	0.279
48.860	10.627	0.275
48.880	14.032	0.269
48.900	17.233	0.259
48.920	20.187	0.249
48.940	22.889	0.227
48.960	25.177	0.208
48.980	27.137	0.183
49.000	28.695	0.156
49.020	29.861	0.125
49.040	30.564	0.100
49.060	30.838	0.066
49.080	30.677	0.031
49.100	30.070	0.003
49.120	29.017	-0.033
49.140	27.540	-0.064
49.160	25.703	-0.094
49.180	23.464	-0.126
49.200	20.875	-0.155
49.220	17.990	-0.181
49.240	14.865	-0.204
49.260	11.486	-0.225
49.280	7.968	-0.240
49.300	4.348	-0.261
49.320	0.653	-0.265
49.340	-3.070	-0.273
49.360	-6.727	-0.272
49.380	-10.326	-0.271
49.400	-13.737	-0.264
49.420	-16.954	-0.253
49.440	-19.935	-0.238
49.460	-22.626	-0.225
49.480	-24.984	-0.199
49.500	-26.987	-0.183
49.520	-28.604	-0.155
49.540	-29.785	-0.124
49.560	-30.537	-0.094
49.580	-30.838	-0.066
49.600	-30.736	-0.031
49.620	-30.177	-0.007
49.640	-29.173	0.033
49.660	-27.734	0.064
49.680	-25.897	0.095
49.700	-23.716	0.126
49.720	-21.149	0.156
49.740	-18.270	0.179
49.760	-15.155	0.203
49.780	-11.808	0.226
49.800	-8.290	0.239
49.820	-4.654	0.253
49.840	-0.932	0.266
49.860	2.780	0.270
49.880	6.448	0.271
49.900	10.025	0.272
49.920	13.473	0.264
49.940	16.718	0.258
49.960	19.709	0.242
49.980	22.465	0.227
50.000	24.817	0.202
50.020	26.847	0.183
50.040	28.464	0.152
50.060	29.689	0.129
50.080	30.462	0.096
50.100	30.827	0.068
50.120	30.720	0.031
50.140	30.194	0.004
50.160	29.232	-0.036
50.180	27.836	-0.066
50.200	26.052	-0.098
50.220	23.883	-0.126
50.240	21.347	-0.157
50.260	18.522	-0.186
50.280	15.418	-0.209
50.300	12.082	-0.232
50.320	8.591	-0.247
50.340	4.976	-0.265
50.360	1.292	-0.269
50.380	-2.420	-0.282
50.400	-6.088	-0.278
50.420	-9.714	-0.282
50.440	-13.156	-0.271
50.460	-16.395	-0.266
50.480	-19.451	-0.250
50.500	-22.175	-0.236
50.520	-24.570	-0.213
50.540	-26.654	-0.195
50.560	-28.341	-0.170
50.580	-29.603	-0.138
50.600	-30.430	-0.111
50.620	-30.801	-0.078
50.640	-30.763	-0.049
50.660	-30.296	-0.018
50.680	-29.372	0.017
50.700	-28.008	0.047
50.720	-26.235	0.081
50.740	-24.076	0.111
50.760	-21.616	0.141
50.780	-18.785	0.166
50.800	-15.692	0.191
50.820	-12.399	0.211
50.840	-8.886	0.229
50.860	-5.272	0.249
50.880	-1.571	0.256
50.900	2.146	0.260
50.920	5.825	0.266
50.940	9.424	0.263
50.960	12.899	0.260
50.980	16.186	0.249
51.000	19.210	0.234
51.020	22.008	0.223
51.040	24.436	0.199
51.060	26.520	0.179
51.080	28.212	0.149
51.100	29.506	0.126
51.120	30.371	0.092
51.140	30.795	0.066
51.160	30.768	0.033
51.180	30.312	0.001
51.200	29.420	-0.039
51.220	28.088	-0.066
51.240	26.385	-0.099
51.260	24.285	-0.126
51.280	21.809	-0.162
51.300	19.016	-0.185
51.320	15.971	-0.215
51.340	12.668	-0.231
51.360	9.209	-0.251
51.380	5.610	-0.265
51.400	1.920	-0.275
51.420	-1.786	-0.282
51.440	-5.470	-0.288
51.460	-9.096	-0.284
51.480	-12.571	-0.282
51.500	-15.858	-0.269
51.520	-18.941	-0.256
51.540	-21.729	-0.240
51.560	-24.199	-0.223
51.580	-26.326	-0.203
51.600	-28.094	-0.175
51.620	-29.436	-0.148
51.640	-30.333	-0.119
51.660	-30.763	-0.089
51.680	-30.795	-0.054
51.700	-30.403	-0.022
51.720	-29.560	0.008
51.740	-28.271	0.042
51.760	-26.584	0.077
51.780	-24.490	0.108
51.800	-22.056	0.137
51.820	-19.285	0.162
51.840	-16.240	0.184
51.860	-12.990	0.210
51.880	-9.510	0.228
51.900	-5.906	0.247
51.920	-2.210	0.254
51.940	1.512	0.265
51.960	5.202	0.268
51.980	8.811	0.266
52.000	12.313	0.263
52.020	15.638	0.257
52.040	18.710	0.238
52.060	21.552	0.232
52.080	24.054	0.204
52.100	26.181	0.191
52.120	27.943	0.158
52.140	29.313	0.137
52.160	30.242	0.100
52.180	30.752	0.081
52.200	30.806	0.037
52.220	30.441	0.011
52.240	29.592	-0.024
52.260	28.362	-0.054
52.280	26.692	-0.091
52.300	24.672	-0.120
52.320	22.239	-0.152
52.340	19.505	-0.174
52.360	16.503	-0.203
52.380	13.221	-0.224
52.400	9.789	-0.244
52.420	6.212	-0.256
52.440	2.532	-0.273
52.460	-1.168	-0.274
52.480	-4.874	-0.281
52.500	-8.510	-0.276
52.520	-12.002	-0.280
52.540	-15.343	-0.261
52.560	-18.458	-0.257
52.580	-21.326	-0.237
52.600	-23.845	-0.219
52.620	-26.036	-0.193
52.640	-27.846	-0.178
52.660	-29.264	-0.147
52.680	-30.258	-0.118
52.700	-30.758	-0.087
52.720	-30.854	-0.054
52.740	-30.548	-0.020
52.760	-29.780	0.008
52.780	-28.593	0.045
52.800	-26.939	0.077
52.820	-24.903	0.110
52.840	-22.540	0.137
52.860	-19.817	0.166
52.880	-16.814	0.191
52.900	-13.597	0.216
52.920	-10.143	0.230
52.940	-6.561	0.253
52.960	-2.865	0.261
52.980	0.841	0.273
53.000	4.557	0.274
53.020	8.183	0.274
53.040	11.717	0.271
53.060	15.074	0.266
53.080	18.200	0.253
53.100	21.079	0.241
53.120	23.635	0.215
53.140	25.843	0.201
53.160	27.680	0.167
53.180	29.109	0.150
53.200	30.124	0.114
53.220	30.698	0.091
53.240	30.838	0.054
53.260	30.532	0.025
53.280	29.780	-0.012
53.300	28.598	-0.042
53.320	27.003	-0.076
53.340	25.048	-0.103
53.360	22.669	-0.141
53.380	20.005	-0.159
53.400	17.029	-0.193
53.420	13.801	-0.211
53.440	10.380	-0.232
53.460	6.835	-0.244
53.480	3.182	-0.261
53.500	-0.540	-0.265
53.520	-4.240	-0.273
53.540	-7.898	-0.265
53.560	-11.416	-0.268
53.580	-14.789	-0.258
53.600	-17.942	-0.250
53.620	-20.859	-0.231
53.640	-23.431	-0.219
53.660	-25.682	-0.192
53.680	-27.556	-0.171
53.700	-29.060	-0.141
53.720	-30.097	-0.116
53.740	-30.688	-0.083
53.760	-30.886	-0.057
53.780	-30.618	-0.016
53.800	-29.920	0.010
53.820	-28.792	0.047
53.840	-27.223	0.075
53.860	-25.279	0.109
53.880	-22.953	0.137
53.900	-20.284	0.167
53.920	-17.330	0.191
53.940	-14.129	0.219
53.960	-10.729	0.233
53.980	-7.162	0.250
54.000	-3.489	0.261
54.020	0.234	0.272
54.040	3.929	0.274
54.060	7.576	0.277
54.080	11.137	0.270
54.100	14.510	0.266
54.120	17.684	0.253
54.140	20.595	0.245
54.160	23.227	0.220
54.180	25.489	0.209
54.200	27.390	0.178
54.220	28.883	0.153
54.240	29.979	0.118
54.260	30.629	0.098
54.280	30.844	0.058
54.300	30.618	0.033
54.320	29.936	-0.004
54.340	28.835	-0.039
54.360	27.309	-0.074
54.380	25.419	-0.103
54.400	23.098	-0.136
54.420	20.483	-0.161
54.440	17.566	-0.193
54.460	14.392	-0.210
54.480	10.992	-0.232
54.500	7.458	-0.244
54.520	3.811	-0.264
54.540	0.115	-0.269
54.560	-3.591	-0.278
54.580	-7.243	-0.271
54.600	-10.804	-0.273
54.620	-14.204	-0.265
54.640	-17.400	-0.257
54.660	-20.338	-0.236
54.680	-22.980	-0.224
54.700	-25.284	-0.202
54.720	-27.245	-0.182
54.740	-28.813	-0.153
54.760	-29.898	-0.127
54.780	-30.596	-0.091
54.800	-30.865	-0.065
54.820	-30.682	-0.027
54.840	-30.059	-0.003
54.860	-28.990	0.034
54.880	-27.492	0.063
54.900	-25.591	0.098
54.920	-23.345	0.127
54.940	-20.757	0.160
54.960	-17.835	0.178
54.980	-14.682	0.205
55.000	-11.314	0.224
55.020	-7.769	0.241
55.040	-4.112	0.251
55.060	-0.411	0.263
55.080	3.311	0.267
55.100	6.974	0.268
55.120	10.535	0.264
55.140	13.957	0.260
55.160	17.163	0.251
55.180	20.123	0.237
55.200	22.819	0.220
55.220	25.129	0.199
55.240	27.089	0.172
55.260	28.663	0.145
55.280	29.823	0.115
55.300	30.548	0.090
55.320	30.833	0.052
55.340	30.677	0.026
55.360	30.075	-0.008
55.380	29.044	-0.041
55.400	27.589	-0.077
55.420	25.762	-0.104
55.440	23.533	-0.141
55.460	20.945	-0.165
55.480	18.076	-0.199
55.500	14.956	-0.217
55.520	11.599	-0.239
55.540	8.081	-0.251
55.560	4.455	-0.269
55.580	0.760	-0.274
55.600	-2.962	-0.285
55.620	-6.625	-0.286
55.640	-10.208	-0.284
55.660	-13.624	-0.277
55.680	-16.846	-0.265
55.700	-19.865	-0.253
55.720	-22.534	-0.236
55.740	-24.908	-0.213
55.760	-26.939	-0.199
55.780	-28.555	-0.167
55.800	-29.748	-0.139
55.820	-30.505	-0.107
55.840	-30.827	-0.082
55.860	-30.731	-0.046
55.880	-30.204	-0.019
55.900	-29.195	0.021
55.920	-27.782	0.050
55.940	-25.940	0.087
55.960	-23.748	0.111
55.980	-21.219	0.147
56.000	-18.350	0.166
56.020	-15.214	0.198
56.040	-11.921	0.215
56.060	-8.382	0.232
56.080	-4.735	0.247
56.100	-1.029	0.256
56.120	2.677	0.259
56.140	6.362	0.266
56.160	9.939	0.262
56.180	13.382	0.260
56.200	16.642	0.249
56.220	19.639	0.233
56.240	22.395	0.218
56.260	24.758	0.195
56.280	26.794	0.176
56.300	28.416	0.146
56.320	29.656	0.121
56.340	30.457	0.088
56.360	30.817	0.058
56.380	30.731	0.025
56.400	30.210	-0.006
56.420	29.254	-0.041
56.440	27.863	-0.070
56.460	26.095	-0.105
56.480	23.942	-0.132
56.500	21.423	-0.161
56.520	18.592	-0.191
56.540	15.504	-0.216
56.560	12.174	-0.235
56.580	8.698	-0.248
56.600	5.078	-0.266
56.620	1.399	-0.277
56.640	-2.323	-0.281
56.660	-6.008	-0.286
56.680	-9.601	-0.279
56.700	-13.060	-0.278
56.720	-16.331	-0.265
56.740	-19.365	-0.253
56.760	-22.110	-0.241
56.780	-24.538	-0.216
56.800	-26.616	-0.195
56.820	-28.308	-0.169
56.840	-29.576	-0.144
56.860	-30.419	-0.109
56.880	-30.811	-0.084
56.900	-30.784	-0.048
56.920	-30.328	-0.018
56.940	-29.409	0.018
56.960	-28.072	0.048
56.980	-26.321	0.084
57.000	-24.183	0.113
57.020	-21.691	0.146
57.040	-18.877	0.170
57.060	-15.799	0.192
57.080	-12.512	0.216
57.100	-9.010	0.232
57.120	-5.385	0.251
57.140	-1.678	0.258
57.160	2.028	0.266
57.180	5.707	0.268
57.200	9.316	0.268
57.220	12.797	0.263
57.240	16.089	0.256
57.260	19.135	0.242
57.280	21.938	0.228
57.300	24.366	0.204
57.320	26.461	0.188
57.340	28.163	0.155
57.360	29.479	0.133
57.380	30.344	0.100
57.400	30.795	0.072
57.420	30.774	0.038
57.440	30.339	0.004
57.460	29.442	-0.028
57.480	28.136	-0.057
57.500	26.418	-0.095
57.520	24.334	-0.123
57.540	21.874	-0.158
57.560	19.086	-0.177
57.580	16.041	-0.207
57.600	12.738	-0.220
57.620	9.284	-0.247
57.640	5.675	-0.255
57.660	1.995	-0.273
57.680	-1.721	-0.275
57.700	-5.406	-0.281
57.720	-9.037	-0.272
57.740	-12.507	-0.275
57.760	-15.810	-0.257
57.780	-18.887	-0.253
57.800	-21.702	-0.234
57.820	-24.189	-0.217
57.840	-26.326	-0.190
57.860	-28.099	-0.169
57.880	-29.431	-0.140
57.900	-30.360	-0.110
57.920	-30.801	-0.081
57.940	-30.849	-0.046
57.960	-30.462	-0.015
57.980	-29.624	0.018
58.000	-28.373	0.054
58.020	-26.676	0.087
58.040	-24.586	0.118
58.060	-22.164	0.147
58.080	-19.382	0.172
58.100	-16.363	0.198
58.120	-13.097	0.223
58.140	-9.628	0.239
58.160	-6.018	0.255
58.180	-2.312	0.263
58.200	1.394	0.275
58.220	5.089	0.274
58.240	8.704	0.278
58.260	12.200	0.269
58.280	15.531	0.267
58.300	18.619	0.251
58.320	21.476	0.243
58.340	23.979	0.215
58.360	26.138	0.200
58.380	27.906	0.166
58.400	29.281	0.147
58.420	30.231	0.111
58.440	30.736	0.092
58.460	30.811	0.050
58.480	30.457	0.024
58.500	29.635	-0.016
58.520	28.389	-0.045
58.540	26.735	-0.078
58.560	24.731	-0.107
58.580	22.314	-0.141
58.600	19.580	-0.166
58.620	16.578	-0.197
58.640	13.323	-0.215
58.660	9.896	-0.229
58.680	6.308	-0.250
58.700	2.635	-0.260
58.720	-1.061	-0.269
58.740	-4.756	-0.269
58.760	-8.408	-0.271
58.780	-11.916	-0.265
58.800	-15.257	-0.260
58.820	-18.361	-0.245
58.840	-21.219	-0.231
58.860	-23.759	-0.211
58.880	-25.972	-0.193
58.900	-27.793	-0.170
58.920	-29.211	-0.136
58.940	-30.199	-0.114
58.960	-30.709	-0.081
58.980	-30.865	-0.054
59.000	-30.548	-0.012
59.020	-29.775	0.012
59.040	-28.577	0.053
59.060	-26.944	0.079
59.080	-24.957	0.114
59.100	-22.594	0.140
59.120	-19.870	0.167
59.140	-16.879	0.192
59.160	-13.661	0.217
59.180	-10.219	0.235
59.200	-6.631	0.249
59.220	-2.946	0.260
59.240	0.787	0.271
59.260	4.477	0.269
59.280	8.097	0.276
59.300	11.653	0.267
59.320	14.993	0.261
59.340	18.125	0.253
59.360	21.009	0.239
59.380	23.582	0.218
59.400	25.789	0.199
59.420	27.637	0.167
59.440	29.082	0.145
59.460	30.102	0.112
59.480	30.693	0.087
59.500	30.838	0.049
59.520	30.543	0.022
59.540	29.802	-0.013
59.560	28.641	-0.045
59.580	27.057	-0.078
59.600	25.102	-0.109
59.620	22.728	-0.143
59.640	20.085	-0.165
59.660	17.120	-0.197
59.680	13.898	-0.215
59.700	10.503	-0.237
59.720	6.931	-0.251
59.740	3.284	-0.266
59.760	-0.422	-0.270
59.780	-4.128	-0.278
59.800	-7.764	-0.275
59.820	-11.309	-0.277
59.840	-14.666	-0.263
59.860	-17.824	-0.261
59.880	-20.746	-0.236
59.900	-23.329	-0.228
59.920	-25.591	-0.197
59.940	-27.487	-0.180
59.960	-28.985	-0.149
59.980	-30.032	-0.124
60.000	-30.639	-0.092
60.020	-30.854	-0.062
60.040	-30.602	-0.027
60.060	-29.930	0.001
60.080	-28.797	0.037
60.100	-27.240	0.066
60.120	-25.301	0.103
60.140	-22.991	0.125
60.160	-20.338	0.159
60.180	-17.394	0.176
60.200	-14.204	0.208
60.220	-10.799	0.221
60.240	-7.248	0.241
60.260	-3.580	0.251
60.280	0.142	0.263
60.300	3.843	0.261
60.320	7.495	0.265
60.340	11.046	0.261
60.360	14.429	0.257
60.380	17.604	0.244
60.400	20.531	0.232
60.420	23.168	0.209
60.440	25.435	0.191
60.460	27.336	0.164
60.480	28.867	0.143
60.500	29.947	0.108
60.520	30.618	0.083
60.540	30.844	0.046
60.560	30.618	0.020
60.580	29.947	-0.016
60.600	28.872	-0.050
60.620	27.336	-0.083
60.640	25.467	-0.112
60.660	23.168	-0.145
60.680	20.552	-0.175
60.700	17.647	-0.201
60.720	14.478	-0.222
60.740	11.094	-0.240
60.760	7.549	-0.257
60.780	3.918	-0.272
60.800	0.223	-0.279
60.820	-3.510	-0.287
60.840	-7.152	-0.283
60.860	-10.718	-0.286
60.880	-14.102	-0.277
60.900	-17.314	-0.267
60.920	-20.268	-0.246
60.940	-22.916	-0.236
60.960	-25.225	-0.210
60.980	-27.191	-0.194
61.000	-28.765	-0.161
61.020	-29.882	-0.137
61.040	-30.591	-0.100
61.060	-30.838	-0.076
61.080	-30.661	-0.039
61.100	-30.075	-0.012
61.120	-29.023	0.028
61.140	-27.524	0.053
61.160	-25.650	0.092
61.180	-23.410	0.117
61.200	-20.821	0.150
61.220	-17.915	0.174
61.240	-14.762	0.199
61.260	-11.400	0.216
61.280	-7.861	0.236
61.300	-4.203	0.252
61.320	-0.491	0.258
61.340	3.231	0.262
61.360	6.883	0.263
61.380	10.444	0.261
61.400	13.865	0.258
61.420	17.067	0.247
61.440	20.058	0.233
61.460	22.744	0.215
61.480	25.070	0.195
61.500	27.062	0.174
61.520	28.625	0.146
61.540	29.807	0.118
61.560	30.537	0.087
61.580	30.838	0.058
61.600	30.677	0.021
61.620	30.097	-0.008
61.640	29.087	-0.041
61.660	27.648	-0.074
61.680	25.811	-0.104
61.700	23.593	-0.137
61.720	21.025	-0.164
61.740	18.146	-0.195
61.760	15.042	-0.211
61.780	11.674	-0.237
61.800	8.161	-0.250
61.820	4.536	-0.275
61.840	0.846	-0.273
61.860	-2.882	-0.283
61.880	-6.550	-0.278
61.900	-10.127	-0.282
61.920	-13.554	-0.274
61.940	-16.798	-0.262
61.960	-19.806	-0.248
61.980	-22.497	-0.237
62.000	-24.876	-0.211
62.020	-26.890	-0.188
62.040	-28.550	-0.163
62.060	-29.742	-0.133
62.080	-30.527	-0.102
62.100	-30.833	-0.076
62.120	-30.768	-0.039
62.140	-30.247	-0.011
62.160	-29.270	0.024
62.180	-27.852	0.053
62.200	-26.047	0.089
62.220	-23.856	0.119
62.240	-21.315	0.147
62.260	-18.458	0.175
62.280	-15.353	0.199
62.300	-12.045	0.218
62.320	-8.494	0.237
62.340	-4.853	0.256
62.360	-1.147	0.264
62.380	2.559	0.265
62.400	6.239	0.268
62.420	9.821	0.267
62.440	13.280	0.267
62.460	16.546	0.255
62.480	19.543	0.248
62.500	22.309	0.224
62.520	24.694	0.206
62.540	26.735	0.181
62.560	28.384	0.155
62.580	29.635	0.132
62.600	30.441	0.100
62.620	30.827	0.068
62.640	30.752	0.035
62.660	30.242	0.003
62.680	29.291	-0.031
62.700	27.900	-0.058
62.720	26.160	-0.093
62.740	24.001	-0.122
62.760	21.482	-0.155
62.780	18.651	-0.178
62.800	15.568	-0.202
62.820	12.249	-0.224
62.840	8.758	-0.241
62.860	5.159	-0.255
62.880	1.464	-0.266
62.900	-2.259	-0.273
62.920	-5.938	-0.274
62.940	-9.563	-0.272
62.960	-12.985	-0.272
62.980	-16.272	-0.258
63.000	-19.317	-0.243
63.020	-22.083	-0.229
63.040	-24.527	-0.207
63.060	-26.600	-0.187
63.080	-28.308	-0.161
63.100	-29.576	-0.134
63.120	-30.451	-0.102
63.140	-30.822	-0.072
63.160	-30.806	-0.039
63.180	-30.371	-0.009
63.200	-29.452	0.026
63.220	-28.131	0.058
63.240	-26.375	0.092
63.260	-24.248	0.120
63.280	-21.788	0.154
63.300	-18.968	0.175
63.320	-15.890	0.208
63.340	-12.619	0.223
63.360	-9.112	0.241
63.380	-5.476	0.257
63.400	-1.797	0.266
63.420	1.931	0.275
63.440	5.621	0.276
63.460	9.209	0.278
63.480	12.700	0.268
63.500	15.998	0.263
63.520	19.059	0.250
63.540	21.863	0.237
63.560	24.318	0.215
63.580	26.402	0.195
63.600	28.136	0.166
63.620	29.442	0.141
63.640	30.333	0.104
63.660	30.784	0.083
63.680	30.784	0.043
63.700	30.355	0.018
63.720	29.479	-0.020
63.740	28.190	-0.053
63.760	26.471	-0.084
63.780	24.393	-0.114
63.800	21.944	-0.145
63.820	19.167	-0.169
63.840	16.132	-0.200
63.860	12.829	-0.216
63.880	9.386	-0.240
63.900	5.793	-0.250
63.920	2.108	-0.263
63.940	-1.593	-0.270
63.960	-5.293	-0.271
63.980	-8.919	-0.273
64.000	-12.415	-0.269
64.020	-15.697	-0.263
64.040	-18.796	-0.250
64.060	-21.600	-0.235
64.080	-24.081	-0.215
64.100	-26.240	-0.194
64.120	-28.018	-0.172
64.140	-29.366	-0.143
64.160	-30.301	-0.109
64.180	-30.763	-0.083
64.200	-30.854	-0.048
64.220	-30.446	-0.020
64.240	-29.635	0.013
64.260	-28.357	0.046
64.280	-26.676	0.079
64.300	-24.613	0.111
64.320	-22.212	0.141
64.340	-19.451	0.163
64.360	-16.417	0.189
64.380	-13.173	0.214
64.400	-9.703	0.232
64.420	-6.094	0.251
64.440	-2.409	0.255
64.460	1.319	0.267
64.480	5.025	0.264
64.500	8.618	0.271
64.520	12.131	0.261
64.540	15.466	0.259
64.560	18.549	0.242
64.580	21.406	0.232
64.600	23.920	0.203
64.620	26.074	0.190
64.640	27.868	0.160
64.660	29.254	0.141
64.680	30.215	0.103
64.700	30.736	0.081
64.720	30.822	0.038
64.740	30.462	0.017
64.760	29.656	-0.027
64.780	28.432	-0.052
64.800	26.794	-0.093
64.820	24.780	-0.114
64.840	22.395	-0.152
64.860	19.666	-0.171
64.880	16.669	-0.204
64.900	13.414	-0.223
64.920	9.993	-0.243
64.940	6.427	-0.260
64.960	2.742	-0.273
64.980	-0.959	-0.286
65.000	-4.654	-0.279
65.020	-8.301	-0.287
65.040	-11.808	-0.277
65.060	-15.133	-0.273
65.080	-18.270	-0.257
65.100	-21.143	-0.248
65.120	-23.668	-0.225
65.140	-25.891	-0.205
65.160	-27.728	-0.187
65.180	-29.146	-0.153
65.200	-30.151	-0.127
65.220	-30.693	-0.094
65.240	-30.838	-0.066
65.260	-30.532	-0.028
65.280	-29.791	-0.006
65.300	-28.609	0.038
65.320	-26.987	0.061
65.340	-24.973	0.100
65.360	-22.631	0.122
65.380	-19.929	0.157
65.400	-16.932	0.174
65.420	-13.726	0.204
65.440	-10.304	0.217
65.460	-6.706	0.241
65.480	-3.032	0.246
65.500	0.685	0.262
65.520	4.385	0.257
65.540	8.011	0.262
65.560	11.545	0.256
65.580	14.907	0.255
65.600	18.050	0.237
65.620	20.939	0.225
65.640	23.523	0.204
65.660	25.741	0.187
65.680	27.583	0.157
65.700	29.039	0.133
65.720	30.070	0.101
65.740	30.677	0.078
65.760	30.838	0.040
65.780	30.553	0.012
65.800	29.807	-0.025
65.820	28.668	-0.058
65.840	27.094	-0.087
65.860	25.166	-0.122
65.880	22.830	-0.149
65.900	20.144	-0.180
65.920	17.196	-0.204
65.940	13.989	-0.225
65.960	10.578	-0.245
65.980	7.039	-0.260
66.000	3.381	-0.273
66.020	-0.320	-0.281
66.040	-4.020	-0.290
66.060	-7.678	-0.286
66.080	-11.218	-0.287
66.100	-14.585	-0.271
66.120	-17.760	-0.269
66.140	-20.676	-0.248
66.160	-23.249	-0.241
66.180	-25.526	-0.207
66.200	-27.438	-0.195
66.220	-28.942	-0.159
66.240	-30.022	-0.136
66.260	-30.623	-0.103
66.280	-30.833	-0.072
66.300	-30.618	-0.038
66.320	-29.952	-0.004
66.340	-28.835	0.029
66.360	-27.288	0.060
66.380	-25.344	0.092
66.400	-23.045	0.121
66.420	-20.413	0.154
66.440	-17.480	0.178
66.460	-14.301	0.200
66.480	-10.901	0.218
66.500	-7.345	0.237
66.520	-3.677	0.253
66.540	0.046	0.259
66.560	3.752	0.263
66.580	7.404	0.266
66.600	10.954	0.261
66.620	14.349	0.257
66.640	17.529	0.246
66.660	20.445	0.233
66.680	23.093	0.210
66.700	25.386	0.195
66.720	27.293	0.163
66.740	28.824	0.147
66.760	29.930	0.112
66.780	30.602	0.087
66.800	30.833	0.050
66.820	30.639	0.023
66.840	29.979	-0.016
66.860	28.899	-0.044
66.880	27.401	-0.083
66.900	25.515	-0.109
66.920	23.222	-0.144
66.940	20.617	-0.170
66.960	17.711	-0.194
66.980	14.553	-0.220
67.000	11.158	-0.236
67.020	7.640	-0.258
67.040	4.004	-0.266
67.060	0.293	-0.277
67.080	-3.419	-0.274
67.100	-7.087	-0.288
67.120	-10.648	-0.277
67.140	-14.048	-0.277
67.160	-17.265	-0.260
67.180	-20.219	-0.248
67.200	-22.884	-0.232
67.220	-25.220	-0.210
67.240	-27.164	-0.187
67.260	-28.765	-0.157
67.280	-29.893	-0.136
67.300	-30.618	-0.099
67.320	-30.860	-0.077
67.340	-30.736	-0.036
67.360	-30.140	-0.010
67.380	-29.103	0.033
67.400	-27.642	0.056
67.420	-25.746	0.099
67.440	-23.517	0.118
67.460	-20.923	0.157
67.480	-18.028	0.175
67.500	-14.897	0.205
67.520	-11.534	0.224
67.540	-7.979	0.241
67.560	-4.326	0.257
67.580	-0.615	0.264
67.600	3.096	0.270
67.620	6.770	0.272
67.640	10.331	0.269
67.660	13.774	0.266
67.680	16.997	0.257
67.700	19.962	0.244
67.720	22.658	0.226
67.740	25.016	0.200
67.760	27.003	0.180
67.780	28.588	0.154
67.800	29.780	0.130
67.820	30.521	0.096
67.840	30.827	0.065
67.860	30.704	0.035
67.880	30.129	0.000
67.900	29.119	-0.032
67.920	27.669	-0.068
67.940	25.859	-0.096
67.960	23.652	-0.129
67.980	21.090	-0.153
68.000	18.227	-0.181
68.020	15.117	-0.206
68.040	11.755	-0.225
68.060	8.247	-0.242
68.080	4.616	-0.256
68.100	0.937	-0.266
68.120	-2.780	-0.273
68.140	-6.464	-0.273
68.160	-10.052	-0.277
68.180	-13.473	-0.264
68.200	-16.712	-0.259
68.220	-19.720	-0.242
68.240	-22.459	-0.229
68.260	-24.839	-0.199
68.280	-26.864	-0.187
68.300	-28.518	-0.158
68.320	-29.732	-0.128
68.340	-30.527	-0.098
68.360	-30.844	-0.070
68.380	-30.779	-0.035
68.400	-30.258	-0.004
68.420	-29.275	0.027
68.440	-27.906	0.062
68.460	-26.090	0.096
68.480	-23.904	0.122
68.500	-21.385	0.155
68.520	-18.522	0.177
68.540	-15.418	0.206
68.560	-12.104	0.226
68.580	-8.580	0.244
68.600	-4.949	0.251
68.620	-1.227	0.270
68.640	2.473	0.271
68.660	6.163	0.276
68.680	9.740	0.268
68.700	13.199	0.270
68.720	16.465	0.256
68.740	19.468	0.245
68.760	22.244	0.228
68.780	24.640	0.209
68.800	26.681	0.187
68.820	28.346	0.156
68.840	29.603	0.134
68.860	30.425	0.100
68.880	30.811	0.076
68.900	30.747	0.034
68.920	30.253	0.013
68.940	29.318	-0.033
68.960	27.954	-0.057
68.980	26.198	-0.098
69.000	24.065	-0.116
69.020	21.552	-0.162
69.040	18.742	-0.174
69.060	15.670	-0.215
69.080	12.345	-0.218
69.100	8.876	-0.248
69.120	5.266	-0.253
69.140	1.576	-0.271
69.160	-2.119	-0.273
69.180	-5.814	-0.273
69.200	-9.445	-0.280
69.220	-12.899	-0.268
69.240	-16.159	-0.266
69.260	-19.204	-0.244
69.280	-21.981	-0.240
69.300	-24.420	-0.207
69.320	-26.520	-0.200
69.340	-28.233	-0.161
69.360	-29.528	-0.141
69.380	-30.387	-0.101
69.400	-30.795	-0.083
69.420	-30.817	-0.044
69.440	-30.349	-0.013
69.460	-29.458	0.017
69.480	-28.142	0.053
69.500	-26.402	0.081
69.520	-24.280	0.118
69.540	-21.820	0.141
69.560	-19.022	0.173
69.580	-15.949	0.190
69.600	-12.689	0.217
69.620	-9.182	0.230
69.640	-5.556	0.253
69.660	-1.866	0.253
69.680	1.856	0.270
69.700	5.546	0.264
69.720	9.134	0.275
69.740	12.625	0.259
69.760	15.917	0.259
69.780	18.979	0.239
69.800	21.804	0.228
69.820	24.259	0.200
69.840	26.369	0.182
69.860	28.088	0.152
69.880	29.426	0.134
69.900	30.312	0.096
69.920	30.774	0.072
69.940	30.790	0.034
69.960	30.376	0.007
69.980	29.506	-0.029
70.000	28.222	-0.066
70.020	26.525	-0.094
70.040	24.457	-0.128
70.060	22.008	-0.157
70.080	19.247	-0.183
70.100	16.218	-0.211
70.120	12.942	-0.226
70.140	9.493	-0.253
70.160	5.889	-0.258
70.180	2.210	-0.277
70.200	-1.485	-0.276
70.220	-5.186	-0.294
70.240	-8.811	-0.281
70.260	-12.313	-0.287
70.280	-15.600	-0.264
70.300	-18.705	-0.267
70.320	-21.530	-0.237
70.340	-24.011	-0.233
70.360	-26.181	-0.200
70.380	-27.959	-0.183
70.400	-29.323	-0.149
70.420	-30.274	-0.125
70.440	-30.747	-0.091
70.460	-30.817	-0.059
70.480	-30.435	-0.029
70.500	-29.656	0.004
70.520	-28.400	0.036
70.540	-26.713	0.068
70.560	-24.672	0.102
70.580	-22.260	0.129
70.600	-19.521	0.158
70.620	-16.487	0.179
70.640	-13.248	0.205
70.660	-9.773	0.222
70.680	-6.190	0.240
70.700	-2.506	0.249
70.720	1.217	0.261
70.740	4.923	0.260
70.760	8.527	0.261
70.780	12.061	0.253
70.800	15.369	0.253
70.820	18.469	0.234
70.840	21.337	0.226
70.860	23.866	0.196
70.880	26.031	0.187
70.900	27.820	0.152
70.920	29.216	0.136
70.940	30.188	0.095
70.960	30.725	0.077
70.980	30.827	0.031
71.000	30.489	0.009
71.020	29.683	-0.030
71.040	28.469	-0.058
71.060	26.826	-0.095
71.080	24.849	-0.124
71.100	22.459	-0.156
71.120	19.736	-0.178
71.140	16.755	-0.210
71.160	13.500	-0.224
71.180	10.090	-0.249
71.200	6.512	-0.258
71.220	2.865	-0.278
71.240	-0.851	-0.280
71.260	-4.563	-0.290
71.280	-8.220	-0.283
71.300	-11.722	-0.287
71.320	-15.036	-0.272
71.340	-18.189	-0.262
71.360	-21.068	-0.242
71.380	-23.609	-0.232
71.400	-25.838	-0.203
71.420	-27.680	-0.186
71.440	-29.152	-0.151
71.460	-30.151	-0.128
71.480	-30.682	-0.095
71.500	-30.849	-0.066
71.520	-30.553	-0.031
71.540	-29.823	-0.003
71.560	-28.652	0.038
71.580	-27.035	0.060
71.600	-25.048	0.102
71.620	-22.696	0.125
71.640	-20.015	0.161
71.660	-17.029	0.177
71.680	-13.817	0.206
71.700	-10.406	0.222
71.720	-6.813	0.244
71.740	-3.139	0.253
71.760	0.567	0.264
71.780	4.278	0.266
71.800	7.904	0.266
71.820	11.470	0.261
71.840	14.811	0.258
71.860	17.964	0.245
71.880	20.864	0.232
71.900	23.453	0.209
71.920	25.677	0.189
71.940	27.546	0.165
71.960	29.007	0.141
71.980	30.059	0.108
72.000	30.661	0.082
72.020	30.833	0.048
72.040	30.575	0.015
72.060	29.855	-0.019
72.080	28.706	-0.049
72.100	27.143	-0.083
72.120	25.220	-0.111
72.140	22.889	-0.149
72.160	20.219	-0.169
72.180	17.281	-0.202
72.200	14.080	-0.212
72.220	10.670	-0.248
72.240	7.114	-0.245
72.260	3.462	-0.275
72.280	-0.244	-0.265
72.300	-3.934	-0.290
72.320	-7.603	-0.273
72.340	-11.158	-0.283
72.360	-14.499	-0.264
72.380	-17.679	-0.263
72.400	-20.612	-0.240
72.420	-23.222	-0.229
72.440	-25.505	-0.200
72.460	-27.417	-0.182
72.480	-28.942	-0.152
72.500	-30.011	-0.125
72.520	-30.661	-0.092
72.540	-30.865	-0.064
72.560	-30.639	-0.028
72.580	-29.995	-0.000
72.600	-28.899	0.038
72.620	-27.368	0.067
72.640	-25.424	0.104
72.660	-23.141	0.125
72.680	-20.499	0.164
72.700	-17.572	0.181
72.720	-14.413	0.214
72.740	-11.024	0.225
72.760	-7.442	0.249
72.780	-3.779	0.257
72.800	-0.062	0.273
72.820	3.644	0.270
72.840	7.302	0.281
72.860	10.842	0.266
72.880	14.247	0.270
72.900	17.437	0.250
72.920	20.375	0.249
72.940	23.034	0.216
72.960	25.322	0.210
72.980	27.261	0.174
73.000	28.781	0.160
73.020	29.909	0.121
73.040	30.591	0.100
73.060	30.844	0.059
73.080	30.645	0.033
73.100	30.006	-0.003
73.120	28.937	-0.037
73.140	27.438	-0.070
73.160	25.585	-0.103
73.180	23.292	-0.128
73.200	20.703	-0.164
73.220	17.797	-0.177
73.240	14.639	-0.215
73.260	11.277	-0.221
73.280	7.732	-0.246
73.300	4.106	-0.253
73.320	0.411	-0.266
73.340	-3.311	-0.272
73.360	-6.969	-0.267
73.380	-10.535	-0.277
73.400	-13.951	-0.258
73.420	-17.158	-0.257
73.440	-20.128	-0.234
73.460	-22.792	-0.229
73.480	-25.123	-0.192
73.500	-27.094	-0.188
73.520	-28.700	-0.146
73.540	-29.823	-0.130
73.560	-30.570	-0.087
73.580	-30.838	-0.071
73.600	-30.693	-0.025
73.620	-30.135	-0.004
73.640	-29.098	0.038
73.660	-27.621	0.064
73.680	-25.773	0.101
73.700	-23.544	0.128
73.720	-20.988	0.162
73.740	-18.087	0.182
73.760	-14.961	0.208
73.780	-11.588	0.228
73.800	-8.059	0.242
73.820	-4.412	0.261
73.840	-0.696	0.264
73.860	3.021	0.273
73.880	6.690	0.271
73.900	10.261	0.273
73.920	13.699	0.264
73.940	16.911	0.257
73.960	19.903	0.240
73.980	22.610	0.224
74.000	24.951	0.203
74.020	26.949	0.184
74.040	28.545	0.151
74.060	29.742	0.131
74.080	30.505	0.096
74.100	30.827	0.067
74.120	30.715	0.031
74.140	30.140	0.000
74.160	29.146	-0.033
74.180	27.718	-0.068
74.200	25.913	-0.095
74.220	23.727	-0.133
74.240	21.159	-0.157
74.260	18.313	-0.186
74.280	15.203	-0.206
74.300	11.857	-0.230
74.320	8.349	-0.244
74.340	4.735	-0.265
74.360	1.050	-0.265
74.380	-2.667	-0.283
74.400	-6.330	-0.269
74.420	-9.934	-0.282
74.440	-13.355	-0.269
74.460	-16.610	-0.262
74.480	-19.629	-0.247
74.500	-22.352	-0.233
74.520	-24.731	-0.211
74.540	-26.788	-0.190
74.560	-28.453	-0.166
74.580	-29.673	-0.133
74.600	-30.462	-0.106
74.620	-30.817	-0.075
74.640	-30.747	-0.044
74.660	-30.242	-0.009
74.680	-29.286	0.024
74.700	-27.900	0.054
74.720	-26.101	0.088
74.740	-23.947	0.113
74.760	-21.439	0.149
74.780	-18.581	0.169
74.800	-15.488	0.196
74.820	-12.174	0.210
74.840	-8.656	0.236
74.860	-5.035	0.243
74.880	-1.319	0.257
74.900	2.387	0.261
74.920	6.077	0.267
74.940	9.655	0.262
74.960	13.130	0.258
74.980	16.379	0.250
75.000	19.403	0.236
75.020	22.191	0.220
75.040	24.586	0.199
75.060	26.654	0.178
75.080	28.298	0.148
75.100	29.581	0.125
75.120	30.408	0.089
75.140	30.822	0.066
75.160	30.752	0.026
75.180	30.280	-0.001
75.200	29.350	-0.038
75.220	28.008	-0.065
75.240	26.257	-0.103
