0.000	-6.628	-0.158
0.020	-10.205	-0.140
0.040	-13.567	-0.111
0.060	-16.790	-0.086
0.080	-19.776	-0.055
0.100	-22.467	-0.030
0.120	-24.831	-0.002
0.140	-26.834	0.026
0.160	-28.478	0.053
0.180	-29.686	0.082
0.200	-30.502	0.108
0.220	-30.819	0.126
0.240	-30.760	0.155
0.260	-30.271	0.169
0.280	-29.342	0.191
0.300	-27.967	0.201
0.320	-26.189	0.220
0.340	-24.062	0.222
0.360	-21.581	0.230
0.380	-18.777	0.226
0.400	-15.700	0.226
0.420	-12.456	0.217
0.440	-8.964	0.217
0.460	-5.360	0.196
0.480	-1.692	0.186
0.500	2.020	0.164
0.520	5.667	0.147
0.540	9.238	0.121
0.560	12.703	0.103
0.580	15.979	0.076
0.600	19.014	0.047
0.620	21.791	0.022
0.640	24.256	-0.008
0.660	26.356	-0.036
0.680	28.085	-0.061
0.700	29.417	-0.089
0.720	30.320	-0.119
0.740	30.792	-0.138
0.760	30.841	-0.163
0.780	30.449	-0.181
0.800	29.611	-0.205
0.820	28.375	-0.211
0.840	26.710	-0.228
0.860	24.707	-0.233
0.880	22.312	-0.239
0.900	19.583	-0.241
0.920	16.602	-0.241
0.940	13.369	-0.236
0.960	9.947	-0.225
0.980	6.402	-0.215
1.000	2.771	-0.202
1.020	-0.924	-0.189
1.040	-4.592	-0.164
1.060	-8.223	-0.144
1.080	-11.720	-0.120
1.100	-15.044	-0.097
1.120	-18.154	-0.065
1.140	-21.012	-0.036
1.160	-23.574	-0.011
1.180	-25.776	0.016
1.200	-27.634	0.044
1.220	-29.101	0.073
1.240	-30.110	0.101
1.260	-30.712	0.122
1.280	-30.889	0.146
1.300	-30.626	0.167
1.320	-29.949	0.185
1.340	-28.827	0.203
1.360	-27.285	0.215
1.380	-25.346	0.229
1.400	-23.053	0.232
1.420	-20.416	0.236
1.440	-17.494	0.231
1.460	-14.341	0.234
1.480	-10.973	0.225
1.500	-7.417	0.214
1.520	-3.781	0.201
1.540	-0.086	0.187
1.560	3.599	0.163
1.580	7.229	0.145
1.600	10.758	0.122
1.620	14.147	0.099
1.640	17.322	0.072
1.660	20.249	0.043
1.680	22.929	0.014
1.700	25.201	-0.012
1.720	27.167	-0.038
1.740	28.708	-0.066
1.760	29.863	-0.097
1.780	30.583	-0.116
1.800	30.873	-0.147
1.820	30.728	-0.163
1.840	30.143	-0.182
1.860	29.127	-0.196
1.880	27.688	-0.220
1.900	25.889	-0.222
1.920	23.692	-0.232
1.940	21.167	-0.231
1.960	18.326	-0.237
1.980	15.232	-0.231
2.000	11.897	-0.229
2.020	8.438	-0.216
2.040	4.839	-0.210
2.060	1.171	-0.185
2.080	-2.524	-0.174
2.100	-6.177	-0.147
2.120	-9.765	-0.130
2.140	-13.175	-0.099
2.160	-16.398	-0.076
2.180	-19.427	-0.048
2.200	-22.156	-0.024
2.220	-24.562	0.009
2.240	-26.619	0.035
2.260	-28.311	0.062
2.280	-29.568	0.091
2.300	-30.417	0.116
2.320	-30.798	0.134
2.340	-30.819	0.164
2.360	-30.384	0.180
2.380	-29.487	0.200
2.400	-28.177	0.210
2.420	-26.458	0.228
2.440	-24.363	0.229
2.460	-21.936	0.242
2.480	-19.164	0.240
2.500	-16.129	0.240
2.520	-12.901	0.229
2.540	-9.437	0.223
2.560	-5.860	0.209
2.580	-2.170	0.200
2.600	1.525	0.175
2.620	5.199	0.159
2.640	8.771	0.135
2.660	12.268	0.114
2.680	15.565	0.080
2.700	18.627	0.064
2.720	21.458	0.030
2.740	23.960	0.002
2.760	26.104	-0.022
2.780	27.876	-0.053
2.800	29.262	-0.082
2.820	30.223	-0.105
2.840	30.760	-0.129
2.860	30.852	-0.158
2.880	30.529	-0.175
2.900	29.761	-0.196
2.920	28.563	-0.210
2.940	26.968	-0.223
2.960	25.002	-0.230
2.980	22.628	-0.242
3.000	19.964	-0.240
3.020	17.026	-0.242
3.040	13.814	-0.234
3.060	10.425	-0.229
3.080	6.891	-0.214
3.100	3.260	-0.206
3.120	-0.414	-0.183
3.140	-4.109	-0.165
3.160	-7.718	-0.146
3.180	-11.252	-0.122
3.200	-14.577	-0.097
3.220	-17.719	-0.072
3.240	-20.636	-0.040
3.260	-23.203	-0.017
3.280	-25.470	0.012
3.300	-27.382	0.043
3.320	-28.891	0.071
3.340	-29.976	0.097
3.360	-30.621	0.117
3.380	-30.857	0.144
3.400	-30.647	0.166
3.420	-30.024	0.180
3.440	-28.966	0.205
3.460	-27.436	0.212
3.480	-25.572	0.225
3.500	-23.332	0.229
3.520	-20.759	0.238
3.540	-17.854	0.231
3.560	-14.722	0.232
3.580	-11.376	0.221
3.600	-7.874	0.211
3.620	-4.238	0.196
3.640	-0.564	0.183
3.660	3.131	0.159
3.680	6.768	0.143
3.700	10.302	0.117
3.720	13.729	0.097
3.740	16.935	0.068
3.760	19.889	0.042
3.780	22.596	0.011
3.800	24.933	-0.015
3.820	26.920	-0.047
3.840	28.526	-0.072
3.860	29.740	-0.100
3.880	30.513	-0.123
3.900	30.862	-0.153
3.920	30.771	-0.169
3.940	30.234	-0.197
3.960	29.283	-0.206
3.980	27.914	-0.227
4.000	26.146	-0.231
4.020	24.020	-0.246
4.040	21.522	-0.244
4.060	18.718	-0.246
4.080	15.657	-0.243
4.100	12.359	-0.242
4.120	8.905	-0.230
4.140	5.328	-0.223
4.160	1.670	-0.205
4.180	-2.009	-0.187
4.200	-5.677	-0.163
4.220	-9.271	-0.146
4.240	-12.703	-0.117
4.260	-15.963	-0.098
4.280	-19.014	-0.065
4.300	-21.774	-0.040
4.320	-24.229	-0.008
4.340	-26.345	0.015
4.360	-28.080	0.044
4.380	-29.407	0.072
4.400	-30.314	0.104
4.420	-30.750	0.118
4.440	-30.819	0.147
4.460	-30.433	0.163
4.480	-29.622	0.186
4.500	-28.349	0.196
4.520	-26.678	0.213
4.540	-24.643	0.217
4.560	-22.258	0.225
4.580	-19.524	0.222
4.600	-16.516	0.227
4.620	-13.304	0.217
4.640	-9.872	0.212
4.660	-6.306	0.198
4.680	-2.643	0.187
4.700	1.053	0.164
4.720	4.727	0.152
4.740	8.331	0.124
4.760	11.833	0.102
4.780	15.141	0.073
4.800	18.246	0.049
4.820	21.103	0.023
4.840	23.654	-0.007
4.860	25.846	-0.032
4.880	27.672	-0.062
4.900	29.106	-0.089
4.920	30.121	-0.119
4.940	30.712	-0.138
4.960	30.878	-0.162
4.980	30.599	-0.184
5.000	29.879	-0.203
5.020	28.741	-0.218
5.040	27.178	-0.233
5.060	25.282	-0.239
5.080	22.972	-0.249
5.100	20.335	-0.247
5.120	17.429	-0.252
5.140	14.260	-0.247
5.160	10.876	-0.239
5.180	7.369	-0.228
5.200	3.744	-0.214
5.220	0.064	-0.198
5.240	-3.615	-0.180
5.260	-7.240	-0.154
5.280	-10.791	-0.136
5.300	-14.153	-0.102
5.320	-17.316	-0.085
5.340	-20.260	-0.051
5.360	-22.897	-0.026
5.380	-25.185	0.005
5.400	-27.146	0.029
5.420	-28.719	0.057
5.440	-29.847	0.082
5.460	-30.572	0.113
5.480	-30.830	0.130
5.500	-30.696	0.158
5.520	-30.143	0.169
5.540	-29.122	0.194
5.560	-27.693	0.205
5.580	-25.846	0.220
5.600	-23.665	0.223
5.620	-21.114	0.229
5.640	-18.262	0.224
5.660	-15.157	0.227
5.680	-11.838	0.220
5.700	-8.341	0.215
5.720	-4.732	0.196
5.740	-1.047	0.184
5.760	2.643	0.160
5.780	6.300	0.144
5.800	9.856	0.117
5.820	13.293	0.097
5.840	16.511	0.064
5.860	19.502	0.047
5.880	22.247	0.012
5.900	24.637	-0.011
5.920	26.684	-0.044
5.940	28.338	-0.066
5.960	29.605	-0.097
5.980	30.433	-0.119
6.000	30.835	-0.147
6.020	30.792	-0.169
6.040	30.336	-0.188
6.060	29.434	-0.206
6.080	28.112	-0.220
6.100	26.410	-0.228
6.120	24.326	-0.239
6.140	21.855	-0.243
6.160	19.100	-0.245
6.180	16.070	-0.243
6.200	12.794	-0.241
6.220	9.356	-0.228
6.240	5.785	-0.213
6.260	2.132	-0.203
6.280	-1.568	-0.187
6.300	-5.221	-0.161
6.320	-8.830	-0.142
6.340	-12.289	-0.120
6.360	-15.576	-0.090
6.380	-18.675	-0.059
6.400	-21.484	-0.036
6.420	-23.977	-0.007
6.440	-26.136	0.017
6.460	-27.919	0.045
6.480	-29.315	0.074
6.500	-30.277	0.106
6.520	-30.766	0.125
6.540	-30.868	0.152
6.560	-30.551	0.167
6.580	-29.804	0.188
6.600	-28.601	0.205
6.620	-26.968	0.221
6.640	-24.965	0.227
6.660	-22.618	0.234
6.680	-19.943	0.234
6.700	-16.962	0.234
6.720	-13.782	0.229
6.740	-10.350	0.226
6.760	-6.811	0.209
6.780	-3.164	0.200
6.800	0.542	0.180
6.820	4.222	0.165
6.840	7.831	0.142
6.860	11.360	0.121
6.880	14.706	0.095
6.900	17.843	0.062
6.920	20.722	0.037
6.940	23.337	0.009
6.960	25.566	-0.014
6.980	27.446	-0.048
7.000	28.923	-0.069
7.020	30.014	-0.102
7.040	30.658	-0.117
7.060	30.873	-0.151
7.080	30.658	-0.164
7.100	29.981	-0.190
7.120	28.907	-0.202
7.140	27.430	-0.220
7.160	25.545	-0.223
7.180	23.289	-0.235
7.200	20.706	-0.233
7.220	17.816	-0.238
7.240	14.668	-0.230
7.260	11.322	-0.227
7.280	7.820	-0.217
7.300	4.206	-0.206
7.320	0.537	-0.183
7.340	-3.147	-0.169
7.360	-6.800	-0.148
7.380	-10.350	-0.127
7.400	-13.745	-0.097
7.420	-16.951	-0.073
7.440	-19.921	-0.042
7.460	-22.591	-0.018
7.480	-24.938	0.013
7.500	-26.915	0.038
7.520	-28.569	0.072
7.540	-29.750	0.097
7.560	-30.545	0.119
7.580	-30.841	0.139
7.600	-30.766	0.171
7.620	-30.271	0.184
7.640	-29.310	0.205
7.660	-27.919	0.209
7.680	-26.141	0.235
7.700	-23.971	0.237
7.720	-21.484	0.245
7.740	-18.659	0.238
7.760	-15.592	0.241
7.780	-12.305	0.229
7.800	-8.825	0.227
7.820	-5.221	0.207
7.840	-1.536	0.199
7.860	2.143	0.172
7.880	5.812	0.159
7.900	9.378	0.134
7.920	12.848	0.110
7.940	16.108	0.079
7.960	19.132	0.059
7.980	21.914	0.026
8.000	24.347	-0.000
8.020	26.431	-0.027
8.040	28.145	-0.057
8.060	29.460	-0.083
8.080	30.347	-0.107
8.100	30.809	-0.137
8.120	30.825	-0.158
8.140	30.427	-0.176
8.160	29.573	-0.196
8.180	28.322	-0.217
8.200	26.646	-0.221
8.220	24.616	-0.234
8.240	22.183	-0.235
8.260	19.486	-0.239
8.280	16.500	-0.236
8.300	13.234	-0.232
8.320	9.818	-0.224
8.340	6.273	-0.215
8.360	2.632	-0.198
8.380	-1.042	-0.179
8.400	-4.721	-0.162
8.420	-8.341	-0.140
8.440	-11.827	-0.116
8.460	-15.136	-0.088
8.480	-18.229	-0.065
8.500	-21.098	-0.035
8.520	-23.622	-0.005
8.540	-25.813	0.019
8.560	-27.667	0.049
8.580	-29.111	0.073
8.600	-30.126	0.105
8.620	-30.696	0.125
8.640	-30.846	0.150
8.660	-30.572	0.174
8.680	-29.874	0.189
8.700	-28.730	0.203
8.720	-27.167	0.219
8.740	-25.233	0.226
8.760	-22.913	0.235
8.780	-20.260	0.238
8.800	-17.338	0.235
8.820	-14.180	0.231
8.840	-10.801	0.220
8.860	-7.272	0.213
8.880	-3.604	0.196
8.900	0.081	0.182
8.920	3.765	0.158
8.940	7.380	0.142
8.960	10.914	0.114
8.980	14.298	0.093
9.000	17.445	0.064
9.020	20.373	0.037
9.040	23.026	0.007
9.060	25.292	-0.017
9.080	27.237	-0.050
9.100	28.757	-0.078
9.120	29.906	-0.104
9.140	30.610	-0.127
9.160	30.889	-0.153
9.180	30.712	-0.172
9.200	30.110	-0.191
9.220	29.079	-0.210
9.240	27.629	-0.225
9.260	25.824	-0.235
9.280	23.611	-0.242
9.300	21.055	-0.243
9.320	18.219	-0.249
9.340	15.114	-0.239
9.360	11.784	-0.242
9.380	8.309	-0.227
9.400	4.700	-0.218
9.420	1.058	-0.198
9.440	-2.653	-0.181
9.460	-6.295	-0.156
9.480	-9.877	-0.141
9.500	-13.283	-0.107
9.520	-16.495	-0.090
9.540	-19.513	-0.061
9.560	-22.215	-0.036
9.580	-24.621	0.001
9.600	-26.667	0.021
9.620	-28.333	0.055
9.640	-29.579	0.079
9.660	-30.411	0.109
9.680	-30.798	0.122
9.700	-30.787	0.155
9.720	-30.320	0.164
9.740	-29.417	0.192
9.760	-28.080	0.200
9.780	-26.356	0.217
9.800	-24.256	0.219
9.820	-21.801	0.227
9.840	-19.019	0.225
9.860	-15.984	0.225
9.880	-12.729	0.217
9.900	-9.276	0.213
9.920	-5.672	0.193
9.940	-2.020	0.185
9.960	1.681	0.163
9.980	5.344	0.150
10.000	8.921	0.122
10.020	12.407	0.100
10.040	15.694	0.072
10.060	18.745	0.046
10.080	21.576	0.018
10.100	24.046	-0.011
10.120	26.179	-0.039
10.140	27.946	-0.065
10.160	29.305	-0.091
10.180	30.261	-0.122
10.200	30.776	-0.144
10.220	30.862	-0.170
10.240	30.502	-0.185
10.260	29.702	-0.207
10.280	28.499	-0.223
10.300	26.898	-0.236
10.320	24.922	-0.243
10.340	22.553	-0.249
10.360	19.862	-0.252
10.380	16.914	-0.252
10.400	13.680	-0.246
10.420	10.291	-0.235
10.440	6.751	-0.227
10.460	3.121	-0.214
10.480	-0.559	-0.198
10.500	-4.232	-0.175
10.520	-7.853	-0.153
10.540	-11.376	-0.129
10.560	-14.690	-0.102
10.580	-17.843	-0.077
10.600	-20.722	-0.048
10.620	-23.294	-0.019
10.640	-25.561	0.008
10.660	-27.446	0.035
10.680	-28.945	0.064
10.700	-30.003	0.093
10.720	-30.637	0.117
10.740	-30.846	0.137
10.760	-30.653	0.159
10.780	-29.987	0.176
10.800	-28.902	0.198
10.820	-27.393	0.208
10.840	-25.480	0.221
10.860	-23.235	0.224
10.880	-20.646	0.234
10.900	-17.735	0.227
10.920	-14.604	0.229
10.940	-11.247	0.217
10.960	-7.729	0.211
10.980	-4.104	0.192
11.000	-0.414	0.180
11.020	3.287	0.157
11.040	6.907	0.140
11.060	10.441	0.115
11.080	13.863	0.093
11.100	17.048	0.059
11.120	19.986	0.035
11.140	22.693	0.004
11.160	25.019	-0.017
11.180	26.995	-0.048
11.200	28.574	-0.072
11.220	29.772	-0.102
11.240	30.535	-0.126
11.260	30.868	-0.151
11.280	30.755	-0.174
11.300	30.218	-0.194
11.320	29.240	-0.210
11.340	27.854	-0.227
11.360	26.082	-0.233
11.380	23.928	-0.243
11.400	21.398	-0.243
11.420	18.605	-0.247
11.440	15.528	-0.243
11.460	12.219	-0.241
11.480	8.771	-0.226
11.500	5.167	-0.216
11.520	1.509	-0.196
11.540	-2.181	-0.185
11.560	-5.833	-0.157
11.580	-9.437	-0.144
11.600	-12.858	-0.112
11.620	-16.129	-0.092
11.640	-19.148	-0.056
11.660	-21.914	-0.033
11.680	-24.347	-0.003
11.700	-26.458	0.021
11.720	-28.193	0.054
11.740	-29.482	0.076
11.760	-30.384	0.110
11.780	-30.776	0.129
11.800	-30.835	0.157
11.820	-30.443	0.171
11.840	-29.616	0.192
11.860	-28.338	0.207
11.880	-26.630	0.222
11.900	-24.594	0.226
11.920	-22.183	0.238
11.940	-19.454	0.234
11.960	-16.436	0.238
11.980	-13.208	0.228
12.000	-9.759	0.222
12.020	-6.193	0.206
12.040	-2.524	0.196
12.060	1.176	0.177
12.080	4.855	0.161
12.100	8.438	0.134
12.120	11.945	0.114
12.140	15.254	0.087
12.160	18.364	0.059
12.180	21.194	0.030
12.200	23.740	0.004
12.220	25.921	-0.023
12.240	27.731	-0.052
12.260	29.154	-0.075
12.280	30.148	-0.106
12.300	30.728	-0.130
12.320	30.873	-0.154
12.340	30.583	-0.173
12.360	29.836	-0.191
12.380	28.687	-0.210
12.400	27.113	-0.222
12.420	25.185	-0.228
12.440	22.875	-0.236
12.460	20.211	-0.235
12.480	17.290	-0.245
12.500	14.110	-0.230
12.520	10.737	-0.229
12.540	7.203	-0.210
12.560	3.588	-0.205
12.580	-0.091	-0.181
12.600	-3.781	-0.167
12.620	-7.423	-0.143
12.640	-10.936	-0.121
12.660	-14.298	-0.093
12.680	-17.478	-0.068
12.700	-20.394	-0.036
12.720	-23.010	-0.014
12.740	-25.314	0.020
12.760	-27.253	0.039
12.780	-28.800	0.074
12.800	-29.928	0.102
12.820	-30.610	0.125
12.840	-30.852	0.146
12.860	-30.712	0.175
12.880	-30.153	0.186
12.900	-29.111	0.212
12.920	-27.650	0.215
12.940	-25.765	0.238
12.960	-23.579	0.234
12.980	-21.022	0.242
13.000	-18.160	0.241
13.020	-15.044	0.242
13.040	-11.720	0.229
13.060	-8.218	0.223
13.080	-4.592	0.211
13.100	-0.908	0.197
13.120	2.777	0.172
13.140	6.429	0.153
13.160	9.996	0.130
13.180	13.412	0.109
13.200	16.640	0.075
13.220	19.621	0.056
13.240	22.365	0.022
13.260	24.729	-0.003
13.280	26.759	-0.034
13.300	28.392	-0.057
13.320	29.638	-0.089
13.340	30.454	-0.109
13.360	30.846	-0.138
13.380	30.798	-0.157
13.400	30.314	-0.179
13.420	29.391	-0.194
13.440	28.053	-0.220
13.460	26.340	-0.221
13.480	24.229	-0.237
13.500	21.758	-0.234
13.520	18.981	-0.242
13.540	15.952	-0.234
13.560	12.670	-0.236
13.580	9.233	-0.222
13.600	5.656	-0.214
13.620	2.009	-0.191
13.640	-1.681	-0.179
13.660	-5.344	-0.157
13.680	-8.954	-0.134
13.700	-12.418	-0.107
13.720	-15.684	-0.084
13.740	-18.772	-0.054
13.760	-21.554	-0.030
13.780	-24.025	0.001
13.800	-26.168	0.023
13.820	-27.946	0.057
13.840	-29.321	0.080
13.860	-30.266	0.110
13.880	-30.750	0.127
13.900	-30.841	0.161
13.920	-30.481	0.175
13.940	-29.718	0.197
13.960	-28.510	0.204
13.980	-26.872	0.225
14.000	-24.836	0.227
14.020	-22.489	0.241
14.040	-19.792	0.236
14.060	-16.828	0.237
14.080	-13.621	0.231
14.100	-10.194	0.228
14.120	-6.633	0.212
14.140	-2.986	0.198
14.160	0.709	0.182
14.180	4.388	0.159
14.200	7.987	0.138
14.220	11.516	0.113
14.240	14.846	0.088
14.260	17.961	0.066
14.280	20.840	0.035
14.300	23.434	0.001
14.320	25.652	-0.021
14.340	27.511	-0.052
14.360	28.988	-0.080
14.380	30.046	-0.105
14.400	30.680	-0.131
14.420	30.884	-0.157
14.440	30.642	-0.176
14.460	29.971	-0.191
14.480	28.864	-0.215
14.500	27.366	-0.222
14.520	25.470	-0.239
14.540	23.192	-0.240
14.560	20.587	-0.243
14.580	17.703	-0.243
14.600	14.556	-0.241
14.620	11.193	-0.234
14.640	7.697	-0.222
14.660	4.087	-0.212
14.680	0.414	-0.193
14.700	-3.282	-0.179
14.720	-6.913	-0.153
14.740	-10.474	-0.135
14.760	-13.847	-0.104
14.780	-17.037	-0.082
14.800	-20.007	-0.050
14.820	-22.655	-0.027
14.840	-24.986	0.005
14.860	-26.984	0.030
14.880	-28.590	0.059
14.900	-29.761	0.086
14.920	-30.508	0.113
14.940	-30.825	0.128
14.960	-30.717	0.159
14.980	-30.196	0.171
15.000	-29.235	0.195
15.020	-27.822	0.204
15.040	-26.028	0.217
15.060	-23.858	0.221
15.080	-21.345	0.230
15.100	-18.530	0.226
15.120	-15.442	0.229
15.140	-12.160	0.214
15.160	-8.669	0.214
15.180	-5.054	0.194
15.200	-1.380	0.184
15.220	2.310	0.159
15.240	5.973	0.145
15.260	9.523	0.120
15.280	12.982	0.096
15.300	16.237	0.069
15.320	19.245	0.042
15.340	22.021	0.011
15.360	24.433	-0.014
15.380	26.506	-0.042
15.400	28.198	-0.070
15.420	29.509	-0.098
15.440	30.374	-0.123
15.460	30.825	-0.151
15.480	30.819	-0.173
15.500	30.395	-0.189
15.520	29.530	-0.211
15.540	28.268	-0.227
15.560	26.576	-0.237
15.580	24.535	-0.246
15.600	22.113	-0.252
15.620	19.374	-0.254
15.640	16.376	-0.251
15.660	13.116	-0.247
15.680	9.706	-0.235
15.700	6.150	-0.231
15.720	2.498	-0.208
15.740	-1.198	-0.195
15.760	-4.850	-0.169
15.780	-8.486	-0.149
15.800	-11.951	-0.124
15.820	-15.249	-0.104
15.840	-18.353	-0.074
15.860	-21.200	-0.048
15.880	-23.713	-0.017
15.900	-25.899	0.012
15.920	-27.731	0.037
15.940	-29.154	0.068
15.960	-30.143	0.097
15.980	-30.690	0.118
16.000	-30.835	0.143
16.020	-30.551	0.163
16.040	-29.831	0.178
16.060	-28.660	0.197
16.080	-27.097	0.210
16.100	-25.131	0.221
16.120	-22.811	0.223
16.140	-20.152	0.229
16.160	-17.204	0.225
16.180	-14.045	0.225
16.200	-10.640	0.219
16.220	-7.095	0.205
16.240	-3.459	0.192
16.260	0.231	0.173
16.280	3.905	0.155
16.300	7.525	0.135
16.320	11.054	0.108
16.340	14.416	0.084
16.360	17.569	0.058
16.380	20.485	0.031
16.400	23.123	0.001
16.420	25.384	-0.024
16.440	27.301	-0.056
16.460	28.816	-0.078
16.480	29.928	-0.107
16.500	30.621	-0.131
16.520	30.878	-0.158
16.540	30.707	-0.177
16.560	30.078	-0.198
16.580	29.031	-0.213
16.600	27.564	-0.232
16.620	25.749	-0.235
16.640	23.509	-0.247
16.660	20.942	-0.248
16.680	18.084	-0.252
16.700	14.980	-0.243
16.720	11.639	-0.238
16.740	8.159	-0.227
16.760	4.565	-0.218
16.780	0.881	-0.194
16.800	-2.804	-0.185
16.820	-6.445	-0.156
16.840	-10.028	-0.138
16.860	-13.422	-0.111
16.880	-16.640	-0.086
16.900	-19.647	-0.053
16.920	-22.344	-0.029
16.940	-24.723	0.001
16.960	-26.770	0.024
16.980	-28.435	0.059
17.000	-29.654	0.081
17.020	-30.470	0.115
17.040	-30.825	0.130
17.060	-30.798	0.157
17.080	-30.336	0.171
17.100	-29.412	0.195
17.120	-28.048	0.207
17.140	-26.318	0.226
17.160	-24.202	0.225
17.180	-21.742	0.239
17.200	-18.949	0.230
17.220	-15.882	0.235
17.240	-12.611	0.221
17.260	-9.174	0.224
17.280	-5.559	0.201
17.300	-1.891	0.192
17.320	1.810	0.171
17.340	5.489	0.154
17.360	9.045	0.125
17.380	12.531	0.107
17.400	15.807	0.079
17.420	18.853	0.052
17.440	21.662	0.018
17.460	24.138	-0.001
17.480	26.249	-0.031
17.500	28.000	-0.057
17.520	29.358	-0.086
17.540	30.277	-0.114
17.560	30.776	-0.135
17.580	30.852	-0.160
17.600	30.486	-0.182
17.620	29.675	-0.197
17.640	28.451	-0.216
17.660	26.823	-0.222
17.680	24.825	-0.235
17.700	22.440	-0.240
17.720	19.728	-0.243
17.740	16.774	-0.240
17.760	13.546	-0.235
17.780	10.146	-0.225
17.800	6.585	-0.216
17.820	2.954	-0.201
17.840	-0.730	-0.185
17.860	-4.415	-0.163
17.880	-8.035	-0.142
17.900	-11.521	-0.115
17.920	-14.873	-0.093
17.940	-18.009	-0.063
17.960	-20.872	-0.036
17.980	-23.445	-0.010
18.000	-25.674	0.019
18.020	-27.548	0.049
18.040	-29.042	0.075
18.060	-30.083	0.105
18.080	-30.680	0.126
18.100	-30.884	0.153
18.120	-30.658	0.174
18.140	-29.987	0.191
18.160	-28.875	0.210
18.180	-27.344	0.221
18.200	-25.448	0.233
18.220	-23.171	0.238
18.240	-20.550	0.242
18.260	-17.639	0.244
18.280	-14.497	0.241
18.300	-11.134	0.230
18.320	-7.616	0.221
18.340	-3.975	0.205
18.360	-0.285	0.195
18.380	3.411	0.166
18.400	7.042	0.152
18.420	10.576	0.124
18.440	13.981	0.105
18.460	17.161	0.074
18.480	20.109	0.052
18.500	22.795	0.014
18.520	25.099	-0.007
18.540	27.054	-0.037
18.560	28.639	-0.063
18.580	29.831	-0.096
18.600	30.562	-0.113
18.620	30.873	-0.146
18.640	30.744	-0.163
18.660	30.169	-0.182
18.680	29.197	-0.199
18.700	27.801	-0.217
18.720	26.001	-0.231
18.740	23.826	-0.233
18.760	21.302	-0.235
18.780	18.482	-0.236
18.800	15.410	-0.235
18.820	12.090	-0.231
18.840	8.626	-0.222
18.860	5.033	-0.207
18.880	1.375	-0.189
18.900	-2.320	-0.174
18.920	-5.962	-0.150
18.940	-9.561	-0.130
18.960	-12.987	-0.104
18.980	-16.231	-0.082
19.000	-19.261	-0.049
19.020	-22.000	-0.028
19.040	-24.417	0.007
19.060	-26.501	0.030
19.080	-28.225	0.059
19.100	-29.509	0.087
19.120	-30.390	0.116
19.140	-30.792	0.133
19.160	-30.819	0.166
19.180	-30.400	0.176
19.200	-29.541	0.201
19.220	-28.257	0.209
19.240	-26.533	0.232
19.260	-24.481	0.231
19.280	-22.070	0.239
19.300	-19.298	0.238
19.320	-16.285	0.242
19.340	-13.046	0.229
19.360	-9.593	0.227
19.380	-6.021	0.210
19.400	-2.363	0.202
19.420	1.343	0.178
19.440	5.017	0.160
19.460	8.594	0.135
19.480	12.085	0.115
19.500	15.388	0.085
19.520	18.477	0.063
19.540	21.318	0.026
19.560	23.837	0.001
19.580	26.007	-0.024
19.600	27.790	-0.053
19.620	29.203	-0.084
19.640	30.202	-0.105
19.660	30.739	-0.134
19.680	30.868	-0.156
19.700	30.562	-0.177
19.720	29.804	-0.194
19.740	28.639	-0.216
19.760	27.043	-0.226
19.780	25.115	-0.235
19.800	22.757	-0.243
19.820	20.109	-0.243
19.840	17.177	-0.247
19.860	13.997	-0.241
19.880	10.608	-0.234
19.900	7.090	-0.222
19.920	3.459	-0.206
19.940	-0.209	-0.189
19.960	-3.899	-0.172
19.980	-7.546	-0.148
20.000	-11.059	-0.125
20.020	-14.411	-0.101
20.040	-17.574	-0.077
20.060	-20.469	-0.047
20.080	-23.063	-0.018
20.100	-25.346	0.012
20.120	-27.291	0.039
20.140	-28.821	0.067
20.160	-29.922	0.094
20.180	-30.610	0.118
20.200	-30.835	0.138
20.220	-30.674	0.163
20.240	-30.062	0.177
20.260	-29.020	0.199
20.280	-27.554	0.208
20.300	-25.679	0.224
20.320	-23.456	0.228
20.340	-20.899	0.235
20.360	-18.009	0.231
20.380	-14.910	0.230
20.400	-11.569	0.217
20.420	-8.051	0.214
20.440	-4.426	0.195
20.460	-0.747	0.185
20.480	2.938	0.158
20.500	6.580	0.142
20.520	10.130	0.117
20.540	13.551	0.093
20.560	16.763	0.064
20.580	19.744	0.041
20.600	22.451	0.008
20.620	24.814	-0.015
20.640	26.834	-0.052
20.660	28.451	-0.073
20.680	29.691	-0.103
20.700	30.486	-0.127
20.720	30.857	-0.154
20.740	30.787	-0.172
20.760	30.288	-0.197
20.780	29.348	-0.209
20.800	27.989	-0.232
20.820	26.254	-0.237
20.840	24.148	-0.252
20.860	21.651	-0.248
20.880	18.869	-0.256
20.900	15.834	-0.247
20.920	12.536	-0.246
20.940	9.104	-0.234
20.960	5.527	-0.224
20.980	1.869	-0.206
21.000	-1.821	-0.194
21.020	-5.484	-0.167
21.040	-9.083	-0.149
21.060	-12.531	-0.119
21.080	-15.780	-0.099
21.100	-18.853	-0.065
21.120	-21.646	-0.040
21.140	-24.111	-0.009
21.160	-26.227	0.015
21.180	-28.000	0.047
21.200	-29.353	0.069
21.220	-30.266	0.101
21.240	-30.744	0.119
21.260	-30.809	0.147
21.280	-30.459	0.162
21.300	-29.665	0.186
21.320	-28.413	0.198
21.340	-26.780	0.216
21.360	-24.750	0.220
21.380	-22.365	0.228
21.400	-19.680	0.225
21.420	-16.677	0.232
21.440	-13.481	0.221
21.460	-10.055	0.216
21.480	-6.488	0.200
21.500	-2.831	0.192
21.520	0.854	0.170
21.540	4.533	0.155
21.560	8.137	0.127
21.580	11.645	0.109
21.600	14.980	0.080
21.620	18.095	0.057
21.640	20.947	0.022
21.660	23.531	0.002
21.680	25.728	-0.031
21.700	27.586	-0.057
21.720	29.036	-0.086
21.740	30.078	-0.111
21.760	30.701	-0.140
21.780	30.878	-0.161
21.800	30.621	-0.182
21.820	29.917	-0.201
21.840	28.816	-0.217
21.860	27.291	-0.235
21.880	25.389	-0.237
21.900	23.096	-0.256
21.920	20.485	-0.245
21.940	17.590	-0.259
21.960	14.427	-0.238
21.980	11.064	-0.246
22.000	7.546	-0.222
22.020	3.937	-0.218
22.040	0.263	-0.192
22.060	-3.421	-0.177
22.080	-7.058	-0.156
22.100	-10.608	-0.131
22.120	-13.981	-0.108
22.140	-17.150	-0.079
22.160	-20.104	-0.052
22.180	-22.757	-0.026
22.200	-25.088	0.003
22.220	-27.060	0.031
22.240	-28.666	0.059
22.260	-29.799	0.086
22.280	-30.551	0.113
22.300	-30.841	0.138
22.320	-30.712	0.160
22.340	-30.180	0.179
22.360	-29.197	0.199
22.380	-27.769	0.212
22.400	-25.964	0.227
22.420	-23.778	0.227
22.440	-21.270	0.239
22.460	-18.417	0.230
22.480	-15.329	0.235
22.500	-12.037	0.224
22.520	-8.524	0.218
22.540	-4.920	0.200
22.560	-1.241	0.189
22.580	2.444	0.169
22.600	6.107	0.152
22.620	9.668	0.122
22.640	13.100	0.107
22.660	16.344	0.072
22.680	19.352	0.049
22.700	22.118	0.018
22.720	24.519	-0.007
22.740	26.576	-0.037
22.760	28.257	-0.062
22.780	29.546	-0.089
22.800	30.400	-0.115
22.820	30.830	-0.145
22.840	30.819	-0.166
22.860	30.379	-0.186
22.880	29.482	-0.200
22.900	28.204	-0.223
22.920	26.496	-0.222
22.940	24.444	-0.243
22.960	21.989	-0.239
22.980	19.250	-0.247
23.000	16.242	-0.238
23.020	12.977	-0.239
23.040	9.544	-0.225
23.060	5.983	-0.215
23.080	2.342	-0.199
23.100	-1.343	-0.184
23.120	-5.022	-0.160
23.140	-8.642	-0.138
23.160	-12.112	-0.115
23.180	-15.388	-0.092
23.200	-18.477	-0.058
23.220	-21.318	-0.031
23.240	-23.826	-0.004
23.260	-25.996	0.022
23.280	-27.806	0.052
23.300	-29.213	0.078
23.320	-30.196	0.110
23.340	-30.728	0.128
23.360	-30.857	0.155
23.380	-30.562	0.171
23.400	-29.804	0.196
23.420	-28.633	0.209
23.440	-27.027	0.225
23.460	-25.062	0.234
23.480	-22.741	0.241
23.500	-20.061	0.243
23.520	-17.112	0.242
23.540	-13.922	0.237
23.560	-10.527	0.231
23.580	-6.988	0.217
23.600	-3.330	0.208
23.620	0.360	0.190
23.640	4.039	0.167
23.660	7.665	0.146
23.680	11.188	0.125
23.700	14.529	0.096
23.720	17.687	0.074
23.740	20.587	0.043
23.760	23.219	0.014
23.780	25.464	-0.015
23.800	27.366	-0.044
23.820	28.854	-0.071
23.840	29.971	-0.097
23.860	30.647	-0.122
23.880	30.878	-0.144
23.900	30.680	-0.172
23.920	30.046	-0.184
23.940	28.982	-0.205
23.960	27.500	-0.214
23.980	25.663	-0.230
24.000	23.423	-0.235
24.020	20.840	-0.234
24.040	17.982	-0.238
24.060	14.856	-0.230
24.080	11.510	-0.231
24.100	8.014	-0.214
24.120	4.404	-0.208
24.140	0.747	-0.185
24.160	-2.943	-0.172
24.180	-6.596	-0.144
24.200	-10.146	-0.127
24.220	-13.557	-0.098
24.240	-16.752	-0.077
24.260	-19.733	-0.045
24.280	-22.419	-0.020
24.300	-24.793	0.013
24.320	-26.834	0.037
24.340	-28.483	0.070
24.360	-29.665	0.094
24.380	-30.470	0.122
24.400	-30.814	0.142
24.420	-30.787	0.170
24.440	-30.277	0.184
24.460	-29.326	0.205
24.480	-27.967	0.216
24.500	-26.222	0.232
24.520	-24.079	0.234
24.540	-21.603	0.242
24.560	-18.804	0.241
24.580	-15.737	0.243
24.600	-12.466	0.234
24.620	-9.007	0.225
24.640	-5.398	0.209
24.660	-1.724	0.196
24.680	1.966	0.175
24.700	5.629	0.156
24.720	9.217	0.133
24.740	12.660	0.109
24.760	15.941	0.082
24.780	18.987	0.061
24.800	21.774	0.030
24.820	24.229	-0.003
24.840	26.334	-0.028
24.860	28.059	-0.059
24.880	29.396	-0.084
24.900	30.309	-0.111
24.920	30.792	-0.137
24.940	30.841	-0.160
24.960	30.459	-0.177
24.980	29.622	-0.200
25.000	28.397	-0.214
25.020	26.753	-0.228
25.040	24.739	-0.232
25.060	22.333	-0.244
25.080	19.637	-0.241
25.100	16.661	-0.239
25.120	13.428	-0.237
25.140	10.028	-0.230
25.160	6.478	-0.218
25.180	2.841	-0.204
25.200	-0.849	-0.185
25.220	-4.517	-0.164
25.240	-8.153	-0.144
25.260	-11.628	-0.117
25.280	-14.964	-0.094
25.300	-18.079	-0.067
25.320	-20.942	-0.039
25.340	-23.493	-0.010
25.360	-25.701	0.017
25.380	-27.570	0.043
25.400	-29.036	0.074
25.420	-30.067	0.102
25.440	-30.669	0.122
25.460	-30.841	0.147
25.480	-30.599	0.170
25.500	-29.922	0.185
25.520	-28.794	0.202
25.540	-27.248	0.217
25.560	-25.319	0.230
25.580	-23.042	0.234
25.600	-20.410	0.237
25.620	-17.494	0.230
25.640	-14.346	0.234
25.660	-10.957	0.223
25.680	-7.450	0.213
25.700	-3.808	0.195
25.720	-0.118	0.183
25.740	3.577	0.159
25.760	7.203	0.139
25.780	10.731	0.116
25.800	14.121	0.093
25.820	17.300	0.065
25.840	20.228	0.037
25.860	22.875	0.005
25.880	25.185	-0.018
25.900	27.129	-0.054
25.920	28.692	-0.077
25.940	29.842	-0.105
25.960	30.572	-0.128
25.980	30.868	-0.154
26.000	30.733	-0.175
26.020	30.153	-0.198
26.040	29.144	-0.214
26.060	27.736	-0.230
26.080	25.932	-0.234
26.100	23.740	-0.252
26.120	21.194	-0.246
26.140	18.375	-0.256
26.160	15.286	-0.243
26.180	11.961	-0.244
26.200	8.502	-0.231
26.220	4.904	-0.222
26.240	1.235	-0.201
26.260	-2.449	-0.188
26.280	-6.096	-0.162
26.300	-9.684	-0.146
26.320	-13.111	-0.115
26.340	-16.339	-0.092
26.360	-19.347	-0.061
26.380	-22.075	-0.037
26.400	-24.492	-0.007
26.420	-26.560	0.022
26.440	-28.268	0.054
26.460	-29.536	0.075
26.480	-30.390	0.110
26.500	-30.776	0.121
26.520	-30.782	0.155
26.540	-30.352	0.165
26.560	-29.482	0.189
26.580	-28.155	0.202
26.600	-26.447	0.218
26.620	-24.353	0.221
26.640	-21.930	0.230
26.660	-19.169	0.225
26.680	-16.162	0.229
26.700	-12.907	0.219
26.720	-9.453	0.217
26.740	-5.860	0.200
26.760	-2.197	0.190
26.780	1.488	0.167
26.800	5.156	0.152
26.820	8.739	0.128
26.840	12.225	0.103
26.860	15.522	0.075
26.880	18.605	0.049
26.900	21.431	0.019
26.920	23.939	-0.008
26.940	26.082	-0.036
26.960	27.849	-0.064
26.980	29.246	-0.090
27.000	30.218	-0.121
27.020	30.760	-0.141
27.040	30.868	-0.165
27.060	30.535	-0.184
27.080	29.767	-0.204
27.100	28.574	-0.224
27.120	26.979	-0.230
27.140	25.029	-0.246
27.160	22.682	-0.247
27.180	20.013	-0.253
27.200	17.064	-0.248
27.220	13.874	-0.245
27.240	10.479	-0.236
27.260	6.950	-0.226
27.280	3.314	-0.213
27.300	-0.360	-0.195
27.320	-4.044	-0.177
27.340	-7.665	-0.150
27.360	-11.188	-0.127
27.380	-14.518	-0.102
27.400	-17.687	-0.079
27.420	-20.593	-0.045
27.440	-23.171	-0.023
27.460	-25.448	0.010
27.480	-27.355	0.035
27.500	-28.870	0.064
27.520	-29.955	0.096
27.540	-30.615	0.117
27.560	-30.830	0.141
27.580	-30.653	0.163
27.600	-30.030	0.180
27.620	-28.988	0.202
27.640	-27.473	0.209
27.660	-25.604	0.227
27.680	-23.343	0.225
27.700	-20.781	0.237
27.720	-17.896	0.234
27.740	-14.771	0.234
27.760	-11.430	0.220
27.780	-7.912	0.217
27.800	-4.292	0.199
27.820	-0.618	0.185
27.840	3.088	0.160
27.860	6.730	0.146
27.880	10.253	0.118
27.900	13.691	0.100
27.920	16.881	0.068
27.940	19.846	0.042
27.960	22.564	0.011
27.980	24.890	-0.014
28.000	26.904	-0.045
28.020	28.504	-0.066
28.040	29.718	-0.101
28.060	30.492	-0.120
28.080	30.857	-0.147
28.100	30.771	-0.170
28.120	30.250	-0.189
28.140	29.310	-0.206
28.160	27.930	-0.225
28.180	26.184	-0.230
28.200	24.046	-0.239
28.220	21.538	-0.243
28.240	18.756	-0.244
28.260	15.694	-0.241
28.280	12.407	-0.239
28.300	8.954	-0.227
28.320	5.366	-0.220
28.340	1.729	-0.196
28.360	-1.987	-0.181
28.380	-5.629	-0.160
28.400	-9.233	-0.137
28.420	-12.670	-0.111
28.440	-15.947	-0.089
28.460	-18.981	-0.057
28.480	-21.769	-0.032
28.500	-24.218	-0.001
28.520	-26.318	0.021
28.540	-28.091	0.055
28.560	-29.401	0.080
28.580	-30.331	0.114
28.600	-30.755	0.130
28.620	-30.825	0.159
28.640	-30.449	0.176
28.660	-29.632	0.197
28.680	-28.397	0.210
28.700	-26.732	0.229
28.720	-24.686	0.231
28.740	-22.295	0.243
28.760	-19.567	0.237
28.780	-16.570	0.246
28.800	-13.374	0.232
28.820	-9.920	0.229
28.840	-6.359	0.215
28.860	-2.691	0.202
28.880	0.988	0.183
28.900	4.662	0.163
28.920	8.266	0.138
28.940	11.773	0.122
28.960	15.098	0.089
28.980	18.208	0.068
29.000	21.055	0.042
29.020	23.611	0.009
29.040	25.819	-0.019
29.060	27.661	-0.049
29.080	29.090	-0.071
29.100	30.105	-0.101
29.120	30.707	-0.126
29.140	30.878	-0.148
29.160	30.604	-0.171
29.180	29.901	-0.187
29.200	28.762	-0.210
29.220	27.221	-0.218
29.240	25.314	-0.227
29.260	23.004	-0.235
29.280	20.367	-0.235
29.300	17.456	-0.239
29.320	14.298	-0.231
29.340	10.930	-0.224
29.360	7.417	-0.217
29.380	3.792	-0.203
29.400	0.118	-0.182
29.420	-3.577	-0.164
29.440	-7.208	-0.142
29.460	-10.737	-0.120
29.480	-14.104	-0.093
29.500	-17.295	-0.067
29.520	-20.233	-0.040
29.540	-22.859	-0.012
29.560	-25.169	0.018
29.580	-27.129	0.044
29.600	-28.703	0.074
29.620	-29.847	0.101
29.640	-30.562	0.124
29.660	-30.825	0.146
29.680	-30.690	0.174
29.700	-30.148	0.186
29.720	-29.149	0.211
29.740	-27.688	0.217
29.760	-25.873	0.234
29.780	-23.687	0.235
29.800	-21.162	0.246
29.820	-18.283	0.243
29.840	-15.200	0.246
29.860	-11.886	0.231
29.880	-8.395	0.230
29.900	-4.759	0.211
29.920	-1.096	0.200
29.940	2.594	0.174
29.960	6.252	0.158
29.980	9.802	0.131
30.000	13.245	0.109
30.020	16.489	0.079
30.040	19.481	0.055
30.060	22.236	0.023
30.080	24.605	-0.005
30.100	26.657	-0.035
30.120	28.316	-0.060
30.140	29.584	-0.087
30.160	30.427	-0.108
30.180	30.835	-0.141
30.200	30.803	-0.161
30.220	30.341	-0.182
30.240	29.450	-0.198
30.260	28.150	-0.218
30.280	26.431	-0.225
30.300	24.363	-0.238
30.320	21.903	-0.240
30.340	19.132	-0.241
30.360	16.124	-0.239
30.380	12.858	-0.236
30.400	9.421	-0.222
30.420	5.854	-0.215
30.440	2.208	-0.196
30.460	-1.477	-0.181
30.480	-5.156	-0.158
30.500	-8.755	-0.139
30.520	-12.225	-0.110
30.540	-15.496	-0.089
30.560	-18.589	-0.057
30.580	-21.398	-0.034
30.600	-23.907	-0.003
30.620	-26.055	0.024
30.640	-27.838	0.051
30.660	-29.240	0.082
30.680	-30.207	0.108
30.700	-30.723	0.129
30.720	-30.841	0.155
30.740	-30.497	0.171
30.760	-29.750	0.196
30.780	-28.553	0.205
30.800	-26.941	0.223
30.820	-24.954	0.229
30.840	-22.612	0.238
30.860	-19.921	0.242
30.880	-16.957	0.241
30.900	-13.777	0.234
30.920	-10.366	0.225
30.940	-6.832	0.210
30.960	-3.169	0.198
30.980	0.521	0.178
31.000	4.195	0.163
31.020	7.815	0.141
31.040	11.322	0.117
31.060	14.668	0.088
31.080	17.821	0.063
31.100	20.700	0.035
31.120	23.305	0.003
31.140	25.545	-0.023
31.160	27.430	-0.053
31.180	28.918	-0.079
31.200	30.014	-0.106
31.220	30.658	-0.132
31.240	30.873	-0.156
31.260	30.674	-0.177
31.280	30.003	-0.195
31.300	28.934	-0.213
31.320	27.436	-0.232
31.340	25.583	-0.236
31.360	23.332	-0.245
31.380	20.738	-0.246
31.400	17.864	-0.252
31.420	14.733	-0.243
31.440	11.381	-0.241
31.460	7.879	-0.227
31.480	4.286	-0.220
31.500	0.623	-0.197
31.520	-3.072	-0.180
31.540	-6.725	-0.153
31.560	-10.280	-0.136
31.580	-13.669	-0.109
31.600	-16.871	-0.087
31.620	-19.835	-0.052
31.640	-22.510	-0.031
31.660	-24.863	0.001
31.680	-26.872	0.026
31.700	-28.504	0.057
31.720	-29.697	0.084
31.740	-30.486	0.114
31.760	-30.803	0.127
31.780	-30.739	0.159
31.800	-30.229	0.169
31.820	-29.278	0.196
31.840	-27.903	0.205
31.860	-26.120	0.219
31.880	-23.966	0.224
31.900	-21.495	0.236
31.920	-18.665	0.228
31.940	-15.619	0.233
31.960	-12.311	0.221
31.980	-8.852	0.216
32.000	-5.248	0.200
32.020	-1.563	0.185
32.040	2.127	0.165
32.060	5.785	0.146
32.080	9.351	0.124
32.100	12.815	0.101
32.120	16.070	0.069
32.140	19.094	0.046
32.160	21.876	0.017
32.180	24.320	-0.012
32.200	26.415	-0.043
32.220	28.123	-0.069
32.240	29.455	-0.095
32.260	30.341	-0.123
32.280	30.819	-0.148
32.300	30.830	-0.172
32.320	30.438	-0.191
32.340	29.584	-0.210
32.360	28.343	-0.227
32.380	26.667	-0.231
32.400	24.653	-0.248
32.420	22.247	-0.251
32.440	19.524	-0.253
32.460	16.532	-0.251
32.480	13.288	-0.244
32.500	9.883	-0.235
32.520	6.327	-0.225
32.540	2.696	-0.212
32.560	-0.983	-0.193
32.580	-4.667	-0.168
32.600	-8.288	-0.148
32.620	-11.768	-0.124
32.640	-15.087	-0.099
32.660	-18.197	-0.072
32.680	-21.033	-0.042
32.700	-23.574	-0.012
32.720	-25.792	0.014
32.740	-27.634	0.041
32.760	-29.074	0.067
32.780	-30.094	0.100
32.800	-30.664	0.118
32.820	-30.825	0.145
32.840	-30.556	0.164
32.860	-29.874	0.184
32.880	-28.746	0.202
32.900	-27.172	0.215
32.920	-25.255	0.225
32.940	-22.935	0.231
32.960	-20.313	0.234
32.980	-17.381	0.236
33.000	-14.207	0.230
33.020	-10.844	0.221
33.040	-7.299	0.210
33.060	-3.663	0.195
33.080	0.021	0.182
33.100	3.717	0.157
33.120	7.337	0.142
33.140	10.871	0.117
33.160	14.244	0.094
33.180	17.413	0.064
33.200	20.335	0.037
33.220	22.994	0.006
33.240	25.266	-0.017
33.260	27.205	-0.051
33.280	28.741	-0.072
33.300	29.885	-0.105
33.320	30.594	-0.124
33.340	30.873	-0.156
33.360	30.712	-0.172
33.380	30.110	-0.193
33.400	29.090	-0.208
33.420	27.667	-0.225
33.440	25.851	-0.235
33.460	23.644	-0.241
33.480	21.082	-0.244
33.500	18.246	-0.248
33.520	15.146	-0.242
33.540	11.827	-0.235
33.560	8.341	-0.221
33.580	4.753	-0.214
33.600	1.080	-0.198
33.620	-2.594	-0.180
33.640	-6.241	-0.153
33.660	-9.818	-0.134
33.680	-13.250	-0.107
33.700	-16.457	-0.089
33.720	-19.492	-0.053
33.740	-22.204	-0.028
33.760	-24.605	0.002
33.780	-26.657	0.023
33.800	-28.343	0.058
33.820	-29.589	0.085
33.840	-30.438	0.116
33.860	-30.798	0.135
33.880	-30.776	0.161
33.900	-30.352	0.177
33.920	-29.460	0.201
33.940	-28.123	0.210
33.960	-26.404	0.228
33.980	-24.299	0.230
34.000	-21.860	0.243
34.020	-19.073	0.235
34.040	-16.049	0.238
34.060	-12.783	0.230
34.080	-9.330	0.225
34.100	-5.752	0.210
34.120	-2.084	0.200
34.140	1.627	0.176
34.160	5.291	0.162
34.180	8.878	0.137
34.200	12.359	0.117
34.220	15.657	0.085
34.240	18.713	0.059
34.260	21.527	0.030
34.280	24.014	0.004
34.300	26.152	-0.027
34.320	27.914	-0.055
34.340	29.289	-0.077
34.360	30.245	-0.108
34.380	30.760	-0.131
34.400	30.857	-0.156
34.420	30.524	-0.173
34.440	29.713	-0.196
34.460	28.521	-0.208
34.480	26.904	-0.224
34.500	24.943	-0.225
34.520	22.569	-0.239
34.540	19.895	-0.236
34.560	16.935	-0.239
34.580	13.739	-0.230
34.600	10.329	-0.224
34.620	6.800	-0.214
34.640	3.169	-0.198
34.660	-0.526	-0.181
34.680	-4.195	-0.160
34.700	-7.815	-0.140
34.720	-11.333	-0.114
34.740	-14.674	-0.089
34.760	-17.805	-0.062
34.780	-20.700	-0.039
34.800	-23.284	-0.009
34.820	-25.529	0.022
34.840	-27.436	0.050
34.860	-28.929	0.078
34.880	-30.003	0.105
34.900	-30.647	0.130
34.920	-30.852	0.151
34.940	-30.642	0.177
34.960	-30.008	0.192
34.980	-28.929	0.212
35.000	-27.425	0.221
35.020	-25.523	0.239
35.040	-23.278	0.240
35.060	-20.668	0.245
35.080	-17.789	0.242
35.100	-14.647	0.245
35.120	-11.301	0.232
35.140	-7.772	0.224
35.160	-4.141	0.209
35.180	-0.467	0.197
35.200	3.228	0.168
35.220	6.880	0.154
35.240	10.404	0.130
35.260	13.814	0.107
35.280	17.010	0.076
35.300	19.970	0.049
35.320	22.666	0.022
35.340	24.986	-0.008
35.360	26.974	-0.036
35.380	28.558	-0.061
35.400	29.767	-0.091
35.420	30.524	-0.115
35.440	30.862	-0.144
35.460	30.760	-0.159
35.480	30.223	-0.183
35.500	29.256	-0.197
35.520	27.871	-0.222
35.540	26.098	-0.222
35.560	23.955	-0.239
35.580	21.452	-0.232
35.600	18.632	-0.247
35.620	15.571	-0.231
35.640	12.273	-0.237
35.660	8.819	-0.214
35.680	5.231	-0.214
35.700	1.579	-0.189
35.720	-2.111	-0.179
35.740	-5.774	-0.154
35.760	-9.346	-0.135
35.780	-12.805	-0.105
35.800	-16.033	-0.084
35.820	-19.083	-0.051
35.840	-21.850	-0.029
35.860	-24.288	0.004
35.880	-26.372	0.030
35.900	-28.118	0.056
35.920	-29.439	0.085
35.940	-30.341	0.115
35.960	-30.760	0.132
35.980	-30.792	0.159
36.000	-30.406	0.176
36.020	-29.589	0.198
36.040	-28.311	0.210
36.060	-26.625	0.227
36.080	-24.583	0.230
36.100	-22.177	0.237
36.120	-19.438	0.239
36.140	-16.430	0.242
36.160	-13.208	0.229
36.180	-9.770	0.229
36.200	-6.204	0.209
36.220	-2.541	0.201
36.240	1.149	0.177
36.260	4.823	0.161
36.280	8.411	0.134
36.300	11.902	0.113
36.320	15.232	0.083
36.340	18.326	0.064
36.360	21.173	0.030
36.380	23.719	0.001
36.400	25.894	-0.029
36.420	27.715	-0.051
36.440	29.133	-0.086
36.460	30.148	-0.109
36.480	30.728	-0.132
36.500	30.878	-0.160
36.520	30.578	-0.176
36.540	29.842	-0.196
36.560	28.708	-0.216
36.580	27.151	-0.231
36.600	25.233	-0.236
36.620	22.897	-0.245
36.640	20.254	-0.245
36.660	17.343	-0.247
36.680	14.164	-0.239
36.700	10.801	-0.238
36.720	7.278	-0.223
36.740	3.652	-0.214
36.760	-0.011	-0.189
36.780	-3.695	-0.177
36.800	-7.337	-0.150
36.820	-10.876	-0.130
36.840	-14.228	-0.104
36.860	-17.408	-0.078
36.880	-20.319	-0.047
36.900	-22.945	-0.022
36.920	-25.239	0.006
36.940	-27.178	0.030
36.960	-28.751	0.063
36.980	-29.853	0.092
37.000	-30.562	0.114
37.020	-30.825	0.137
37.040	-30.669	0.161
37.060	-30.100	0.173
37.080	-29.074	0.199
37.100	-27.629	0.207
37.120	-25.776	0.222
37.140	-23.574	0.225
37.160	-21.022	0.234
37.180	-18.170	0.229
37.200	-15.066	0.233
37.220	-11.757	0.222
37.240	-8.250	0.214
37.260	-4.608	0.193
37.280	-0.940	0.184
37.300	2.750	0.161
37.320	6.381	0.146
37.340	9.947	0.116
37.360	13.385	0.097
37.380	16.602	0.065
37.400	19.588	0.043
37.420	22.312	0.007
37.440	24.696	-0.015
37.460	26.737	-0.048
37.480	28.365	-0.070
37.500	29.627	-0.099
37.520	30.449	-0.124
37.540	30.846	-0.152
37.560	30.792	-0.173
37.580	30.325	-0.193
37.600	29.407	-0.210
37.620	28.080	-0.227
37.640	26.356	-0.234
37.660	24.261	-0.247
37.680	21.791	-0.252
37.700	19.035	-0.249
37.720	15.990	-0.252
37.740	12.713	-0.243
37.760	9.276	-0.236
37.780	5.704	-0.222
37.800	2.052	-0.205
37.820	-1.622	-0.189
37.840	-5.307	-0.169
37.860	-8.905	-0.145
37.880	-12.348	-0.119
37.900	-15.646	-0.095
37.920	-18.697	-0.067
37.940	-21.522	-0.041
37.960	-24.009	-0.010
37.980	-26.157	0.010
38.000	-27.935	0.046
38.020	-29.294	0.073
38.040	-30.255	0.105
38.060	-30.750	0.122
38.080	-30.825	0.149
38.100	-30.492	0.164
38.120	-29.745	0.185
38.140	-28.537	0.205
38.160	-26.904	0.217
38.180	-24.884	0.224
38.200	-22.526	0.232
38.220	-19.841	0.234
38.240	-16.865	0.232
38.260	-13.664	0.228
38.280	-10.253	0.220
38.300	-6.698	0.211
38.320	-3.045	0.196
38.340	0.645	0.180
38.360	4.329	0.158
38.380	7.933	0.136
38.400	11.440	0.114
38.420	14.803	0.088
38.440	17.929	0.059
38.460	20.808	0.030
38.480	23.407	0.005
38.500	25.625	-0.023
38.520	27.489	-0.053
38.540	28.977	-0.079
38.560	30.035	-0.109
38.580	30.669	-0.134
38.600	30.878	-0.155
38.620	30.647	-0.178
38.640	29.971	-0.198
38.660	28.875	-0.214
38.680	27.371	-0.227
38.700	25.486	-0.233
38.720	23.214	-0.247
38.740	20.630	-0.243
38.760	17.725	-0.252
38.780	14.588	-0.239
38.800	11.231	-0.239
38.820	7.740	-0.220
38.840	4.114	-0.217
38.860	0.440	-0.193
38.880	-3.255	-0.178
38.900	-6.896	-0.151
38.920	-10.468	-0.133
38.940	-13.836	-0.103
38.960	-17.042	-0.081
38.980	-20.007	-0.048
39.000	-22.666	-0.021
39.020	-25.019	0.006
39.040	-27.011	0.035
39.060	-28.628	0.065
39.080	-29.799	0.090
39.100	-30.556	0.118
39.120	-30.873	0.140
39.140	-30.782	0.163
39.160	-30.266	0.182
39.180	-29.299	0.200
39.200	-27.897	0.212
39.220	-26.109	0.229
39.240	-23.955	0.229
39.260	-21.425	0.242
39.280	-18.622	0.236
39.300	-15.522	0.238
39.320	-12.235	0.227
39.340	-8.744	0.225
39.360	-5.146	0.207
39.380	-1.466	0.196
39.400	2.234	0.171
39.420	5.897	0.159
39.440	9.458	0.126
39.460	12.923	0.110
39.480	16.178	0.079
39.500	19.196	0.055
39.520	21.984	0.025
39.540	24.412	-0.001
39.560	26.479	-0.032
39.580	28.171	-0.057
39.600	29.482	-0.088
39.620	30.363	-0.111
39.640	30.814	-0.139
39.660	30.825	-0.156
39.680	30.406	-0.181
39.700	29.546	-0.198
39.720	28.273	-0.214
39.740	26.587	-0.222
39.760	24.551	-0.232
39.780	22.118	-0.235
39.800	19.400	-0.241
39.820	16.393	-0.232
39.840	13.138	-0.229
39.860	9.732	-0.222
39.880	6.171	-0.213
39.900	2.524	-0.196
39.920	-1.166	-0.180
39.940	-4.845	-0.159
39.960	-8.465	-0.135
39.980	-11.935	-0.109
40.000	-15.243	-0.089
40.020	-18.353	-0.055
40.040	-21.194	-0.032
40.060	-23.724	0.002
40.080	-25.910	0.026
40.100	-27.747	0.056
40.120	-29.170	0.081
40.140	-30.164	0.112
40.160	-30.707	0.129
40.180	-30.857	0.159
40.200	-30.578	0.180
40.220	-29.890	0.198
40.240	-28.719	0.209
40.260	-27.151	0.230
40.280	-25.185	0.237
40.300	-22.875	0.245
40.320	-20.228	0.246
40.340	-17.273	0.244
40.360	-14.110	0.242
40.380	-10.721	0.234
40.400	-7.181	0.222
40.420	-3.523	0.207
40.440	0.161	0.194
40.460	3.846	0.170
40.480	7.460	0.152
40.500	10.995	0.129
40.520	14.373	0.103
40.540	17.531	0.072
40.560	20.453	0.051
40.580	23.085	0.016
40.600	25.346	-0.007
40.620	27.274	-0.040
40.640	28.789	-0.066
40.660	29.917	-0.093
40.680	30.615	-0.116
40.700	30.878	-0.144
40.720	30.707	-0.164
40.740	30.083	-0.183
40.760	29.052	-0.201
40.780	27.575	-0.218
40.800	25.771	-0.226
40.820	23.558	-0.235
40.840	20.996	-0.235
40.860	18.144	-0.237
40.880	15.018	-0.231
40.900	11.698	-0.227
40.920	8.212	-0.221
40.940	4.598	-0.210
40.960	0.945	-0.183
40.980	-2.755	-0.173
41.000	-6.397	-0.147
41.020	-9.958	-0.129
41.040	-13.390	-0.101
41.060	-16.602	-0.076
41.080	-19.583	-0.047
41.100	-22.295	-0.025
41.120	-24.686	0.013
41.140	-26.737	0.036
41.160	-28.397	0.066
41.180	-29.627	0.093
41.200	-30.449	0.125
41.220	-30.798	0.137
41.240	-30.792	0.169
41.260	-30.314	0.181
41.280	-29.401	0.204
41.300	-28.059	0.211
41.320	-26.318	0.232
41.340	-24.202	0.234
41.360	-21.731	0.246
41.380	-18.965	0.238
41.400	-15.909	0.242
41.420	-12.649	0.233
41.440	-9.179	0.229
41.460	-5.597	0.211
41.480	-1.917	0.197
41.500	1.783	0.177
41.520	5.457	0.161
41.540	9.023	0.133
41.560	12.499	0.113
41.580	15.775	0.083
41.600	18.836	0.059
41.620	21.646	0.028
41.640	24.122	-0.000
41.660	26.227	-0.029
41.680	27.978	-0.057
41.700	29.337	-0.085
41.720	30.271	-0.112
41.740	30.787	-0.135
41.760	30.852	-0.161
41.780	30.492	-0.179
41.800	29.686	-0.200
41.820	28.467	-0.217
41.840	26.839	-0.228
41.860	24.857	-0.235
41.880	22.473	-0.242
41.900	19.782	-0.245
41.920	16.817	-0.247
41.940	13.610	-0.235
41.960	10.205	-0.230
41.980	6.660	-0.217
42.000	3.035	-0.208
42.020	-0.661	-0.188
42.040	-4.345	-0.167
42.060	-7.949	-0.146
42.080	-11.451	-0.123
42.100	-14.776	-0.098
42.120	-17.929	-0.072
42.140	-20.797	-0.044
42.160	-23.364	-0.015
42.180	-25.599	0.015
42.200	-27.462	0.041
42.220	-28.977	0.071
42.240	-30.014	0.099
42.260	-30.631	0.121
42.280	-30.846	0.146
42.300	-30.604	0.166
42.320	-29.965	0.184
42.340	-28.864	0.205
42.360	-27.323	0.213
42.380	-25.427	0.225
42.400	-23.166	0.229
42.420	-20.571	0.236
42.440	-17.649	0.230
42.460	-14.513	0.231
42.480	-11.150	0.223
42.500	-7.632	0.210
42.520	-3.991	0.197
42.540	-0.306	0.186
42.560	3.373	0.159
42.580	7.009	0.145
42.600	10.543	0.113
42.620	13.954	0.094
42.640	17.134	0.064
42.660	20.072	0.037
42.680	22.757	0.006
42.700	25.067	-0.018
42.720	27.038	-0.047
42.740	28.612	-0.076
42.760	29.804	-0.106
42.780	30.540	-0.130
42.800	30.862	-0.156
42.820	30.750	-0.173
42.840	30.180	-0.202
42.860	29.213	-0.209
42.880	27.806	-0.233
42.900	26.023	-0.232
42.920	23.864	-0.252
42.940	21.329	-0.247
42.960	18.530	-0.261
42.980	15.453	-0.242
43.000	12.139	-0.249
43.020	8.690	-0.227
43.040	5.086	-0.225
43.060	1.423	-0.200
43.080	-2.256	-0.189
43.100	-5.903	-0.161
43.120	-9.501	-0.144
43.140	-12.917	-0.115
43.160	-16.178	-0.092
43.180	-19.202	-0.061
43.200	-21.941	-0.036
43.220	-24.374	-0.006
43.240	-26.458	0.022
43.260	-28.177	0.052
43.280	-29.471	0.077
43.300	-30.352	0.109
43.320	-30.760	0.126
43.340	-30.803	0.154
43.360	-30.374	0.167
43.380	-29.530	0.193
43.400	-28.247	0.203
43.420	-26.560	0.221
43.440	-24.487	0.226
43.460	-22.081	0.238
43.480	-19.331	0.232
43.500	-16.323	0.238
43.520	-13.084	0.225
43.540	-9.641	0.223
43.560	-6.064	0.201
43.580	-2.396	0.195
43.600	1.294	0.174
43.620	4.963	0.157
43.640	8.551	0.128
43.660	12.042	0.109
43.680	15.361	0.077
43.700	18.439	0.059
43.720	21.280	0.024
43.740	23.805	-0.001
43.760	25.975	-0.029
43.780	27.774	-0.059
43.800	29.181	-0.088
43.820	30.164	-0.115
43.840	30.744	-0.139
43.860	30.862	-0.161
43.880	30.578	-0.183
43.900	29.820	-0.195
43.920	28.655	-0.222
43.940	27.065	-0.227
43.960	25.137	-0.239
43.980	22.806	-0.249
44.000	20.163	-0.245
44.020	17.220	-0.250
44.040	14.040	-0.240
44.060	10.651	-0.236
44.080	7.133	-0.222
44.100	3.502	-0.211
44.120	-0.183	-0.192
44.140	-3.856	-0.171
44.160	-7.503	-0.149
44.180	-11.021	-0.127
44.200	-14.373	-0.098
44.220	-17.531	-0.074
44.240	-20.458	-0.045
44.260	-23.063	-0.017
44.280	-25.346	0.010
44.300	-27.269	0.039
44.320	-28.827	0.067
44.340	-29.938	0.097
44.360	-30.626	0.120
44.380	-30.857	0.144
44.400	-30.696	0.167
44.420	-30.100	0.181
44.440	-29.090	0.201
44.460	-27.602	0.215
44.480	-25.744	0.228
44.500	-23.525	0.232
44.520	-20.958	0.242
44.540	-18.095	0.238
44.560	-14.964	0.238
44.580	-11.645	0.229
44.600	-8.137	0.221
44.620	-4.496	0.205
44.640	-0.816	0.192
44.660	2.874	0.170
44.680	6.521	0.149
44.700	10.082	0.124
44.720	13.492	0.101
44.740	16.715	0.075
44.760	19.690	0.044
44.780	22.430	0.022
44.800	24.782	-0.008
44.820	26.807	-0.036
44.840	28.429	-0.061
44.860	29.675	-0.090
44.880	30.486	-0.120
44.900	30.862	-0.137
44.920	30.776	-0.169
44.940	30.288	-0.181
44.960	29.358	-0.204
44.980	28.005	-0.215
45.000	26.275	-0.227
45.020	24.170	-0.236
45.040	21.672	-0.238
45.060	18.906	-0.242
45.080	15.855	-0.234
45.100	12.579	-0.232
45.120	9.120	-0.219
45.140	5.548	-0.212
45.160	1.891	-0.190
45.180	-1.805	-0.181
45.200	-5.462	-0.153
45.220	-9.072	-0.136
45.240	-12.525	-0.108
45.260	-15.791	-0.085
45.280	-18.858	-0.052
45.300	-21.651	-0.027
45.320	-24.127	0.001
45.340	-26.275	0.030
45.360	-28.021	0.059
45.380	-29.385	0.089
45.400	-30.320	0.115
45.420	-30.776	0.140
45.440	-30.857	0.165
45.460	-30.502	0.184
45.480	-29.702	0.197
45.500	-28.478	0.219
45.520	-26.855	0.233
45.540	-24.809	0.240
45.560	-22.435	0.244
45.580	-19.739	0.247
45.600	-16.758	0.245
45.620	-13.546	0.242
45.640	-10.114	0.232
45.660	-6.553	0.217
45.680	-2.906	0.207
45.700	0.790	0.190
45.720	4.463	0.167
45.740	8.073	0.144
45.760	11.580	0.123
45.780	14.926	0.095
45.800	18.047	0.070
45.820	20.915	0.045
45.840	23.488	0.012
45.860	25.711	-0.014
45.880	27.548	-0.044
45.900	29.015	-0.070
45.920	30.067	-0.100
45.940	30.696	-0.121
45.960	30.868	-0.150
45.980	30.637	-0.164
46.000	29.933	-0.186
46.020	28.827	-0.203
46.040	27.307	-0.222
46.060	25.421	-0.227
46.080	23.133	-0.232
46.100	20.518	-0.235
46.120	17.612	-0.236
46.140	14.464	-0.232
46.160	11.091	-0.227
46.180	7.605	-0.218
46.200	3.985	-0.204
46.220	0.295	-0.181
46.240	-3.378	-0.168
46.260	-7.020	-0.144
46.280	-10.592	-0.123
46.300	-13.938	-0.094
46.320	-17.139	-0.070
46.340	-20.072	-0.042
46.360	-22.747	-0.015
46.380	-25.051	0.019
46.400	-27.049	0.039
46.420	-28.644	0.071
46.440	-29.788	0.097
46.460	-30.540	0.124
46.480	-30.852	0.144
46.500	-30.739	0.176
46.520	-30.202	0.188
46.540	-29.197	0.209
46.560	-27.801	0.217
46.580	-25.969	0.237
46.600	-23.821	0.238
46.620	-21.296	0.246
46.640	-18.439	0.240
46.660	-15.361	0.243
46.680	-12.069	0.233
46.700	-8.578	0.233
46.720	-4.963	0.207
46.740	-1.284	0.202
46.760	2.406	0.171
46.780	6.075	0.159
46.800	9.625	0.132
46.820	13.084	0.114
46.840	16.323	0.076
46.860	19.325	0.060
46.880	22.097	0.022
46.900	24.508	-0.002
46.920	26.560	-0.035
46.940	28.236	-0.060
46.960	29.530	-0.088
46.980	30.390	-0.112
47.000	30.830	-0.136
47.020	30.814	-0.162
47.040	30.395	-0.178
47.060	29.514	-0.202
47.080	28.209	-0.215
47.100	26.522	-0.232
47.120	24.465	-0.233
47.140	22.043	-0.247
47.160	19.293	-0.238
47.180	16.291	-0.248
47.200	13.020	-0.233
47.220	9.609	-0.232
47.240	6.048	-0.218
47.260	2.396	-0.202
47.280	-1.284	-0.187
47.300	-4.947	-0.160
47.320	-8.567	-0.145
47.340	-12.042	-0.116
47.360	-15.329	-0.093
47.380	-18.434	-0.061
47.400	-21.253	-0.040
47.420	-23.762	-0.007
47.440	-25.953	0.020
47.460	-27.774	0.052
47.480	-29.165	0.076
47.500	-30.159	0.105
47.520	-30.690	0.124
47.540	-30.846	0.153
47.560	-30.529	0.169
47.580	-29.810	0.188
47.600	-28.623	0.205
47.620	-27.027	0.219
47.640	-25.067	0.227
47.660	-22.741	0.234
47.680	-20.088	0.238
47.700	-17.134	0.235
47.720	-13.943	0.234
47.740	-10.570	0.221
47.760	-7.009	0.214
47.780	-3.368	0.196
47.800	0.317	0.180
47.820	4.007	0.159
47.840	7.622	0.138
47.860	11.145	0.112
47.880	14.502	0.086
47.900	17.655	0.062
47.920	20.555	0.032
47.940	23.182	0.003
47.960	25.432	-0.023
47.980	27.339	-0.053
48.000	28.854	-0.082
48.020	29.960	-0.106
48.040	30.631	-0.132
48.060	30.873	-0.157
48.080	30.674	-0.179
48.100	30.046	-0.198
48.120	28.999	-0.215
48.140	27.505	-0.231
48.160	25.695	-0.239
48.180	23.445	-0.249
48.200	20.888	-0.248
48.220	18.025	-0.256
48.240	14.894	-0.244
48.260	11.569	-0.243
48.280	8.067	-0.227
48.300	4.469	-0.225
48.320	0.800	-0.195
48.340	-2.890	-0.186
48.360	-6.531	-0.155
48.380	-10.098	-0.143
48.400	-13.498	-0.110
48.420	-16.699	-0.090
48.440	-19.696	-0.057
48.460	-22.381	-0.032
48.480	-24.755	0.004
48.500	-26.775	0.026
48.520	-28.451	0.055
48.540	-29.654	0.083
48.560	-30.449	0.111
48.580	-30.798	0.133
48.600	-30.755	0.159
48.620	-30.266	0.171
48.640	-29.358	0.194
48.660	-27.983	0.204
48.680	-26.238	0.224
48.700	-24.100	0.225
48.720	-21.640	0.236
48.740	-18.826	0.231
48.760	-15.780	0.237
48.780	-12.509	0.222
48.800	-9.034	0.217
48.820	-5.452	0.204
48.840	-1.762	0.188
48.860	1.923	0.167
48.880	5.586	0.149
48.900	9.152	0.123
48.920	12.633	0.105
48.940	15.898	0.073
48.960	18.944	0.049
48.980	21.742	0.017
49.000	24.197	-0.005
49.020	26.313	-0.037
49.040	28.037	-0.062
49.060	29.385	-0.094
49.080	30.304	-0.116
49.100	30.792	-0.144
49.120	30.835	-0.164
49.140	30.470	-0.187
49.160	29.638	-0.204
49.180	28.408	-0.223
49.200	26.775	-0.231
49.220	24.777	-0.241
49.240	22.376	-0.249
49.260	19.664	-0.249
49.280	16.693	-0.251
49.300	13.460	-0.239
49.320	10.060	-0.230
49.340	6.504	-0.225
49.360	2.868	-0.206
49.380	-0.806	-0.191
49.400	-4.474	-0.168
49.420	-8.100	-0.147
49.440	-11.585	-0.127
49.460	-14.926	-0.097
49.480	-18.063	-0.070
49.500	-20.910	-0.039
49.520	-23.466	-0.014
49.540	-25.695	0.013
49.560	-27.575	0.041
49.580	-29.042	0.072
49.600	-30.078	0.099
49.620	-30.680	0.123
49.640	-30.846	0.147
49.660	-30.631	0.168
49.680	-29.944	0.186
49.700	-28.837	0.205
49.720	-27.296	0.218
49.740	-25.368	0.229
49.760	-23.085	0.235
49.780	-20.475	0.243
49.800	-17.563	0.239
49.820	-14.411	0.242
49.840	-11.038	0.225
49.860	-7.514	0.221
49.880	-3.862	0.200
49.900	-0.188	0.188
49.920	3.502	0.164
49.940	7.144	0.150
49.960	10.667	0.117
49.980	14.067	0.101
50.000	17.247	0.063
50.020	20.179	0.041
50.040	22.870	0.009
50.060	25.158	-0.009
50.080	27.108	-0.049
50.100	28.671	-0.061
50.120	29.836	-0.104
50.140	30.572	-0.120
50.160	30.873	-0.152
50.180	30.733	-0.173
50.200	30.164	-0.189
50.220	29.160	-0.209
50.240	27.742	-0.215
50.260	25.948	-0.233
50.280	23.762	-0.233
50.300	21.227	-0.247
50.320	18.407	-0.237
50.340	15.313	-0.244
50.360	11.978	-0.227
50.380	8.535	-0.227
50.400	4.925	-0.207
50.420	1.257	-0.195
50.440	-2.422	-0.177
50.460	-6.091	-0.152
50.480	-9.679	-0.134
50.500	-13.089	-0.102
50.520	-16.333	-0.085
50.540	-19.363	-0.043
50.560	-22.107	-0.027
50.580	-24.508	0.009
50.600	-26.592	0.025
50.620	-28.290	0.066
50.640	-29.557	0.085
50.660	-30.438	0.124
50.680	-30.792	0.133
50.700	-30.814	0.170
50.720	-30.406	0.180
50.740	-29.536	0.208
50.760	-28.241	0.214
50.780	-26.512	0.234
50.800	-24.444	0.237
50.820	-22.011	0.249
50.840	-19.255	0.246
50.860	-16.215	0.248
50.880	-12.987	0.236
50.900	-9.523	0.231
50.920	-5.935	0.216
50.940	-2.277	0.205
50.960	1.418	0.185
50.980	5.097	0.165
51.000	8.674	0.143
51.020	12.171	0.118
51.040	15.463	0.094
51.060	18.546	0.064
51.080	21.377	0.039
51.100	23.891	0.006
51.120	26.055	-0.018
51.140	27.844	-0.050
51.160	29.224	-0.074
51.180	30.207	-0.100
51.200	30.750	-0.123
51.220	30.857	-0.152
51.240	30.540	-0.169
51.260	29.772	-0.190
51.280	28.601	-0.202
51.300	26.984	-0.220
51.320	25.051	-0.229
51.340	22.698	-0.235
51.360	20.040	-0.232
51.380	17.091	-0.235
51.400	13.895	-0.231
51.420	10.511	-0.225
51.440	6.993	-0.214
51.460	3.346	-0.202
51.480	-0.333	-0.180
51.500	-4.007	-0.159
51.520	-7.648	-0.141
51.540	-11.140	-0.115
51.560	-14.502	-0.090
51.580	-17.666	-0.063
51.600	-20.555	-0.036
51.620	-23.160	-0.011
51.640	-25.411	0.026
51.660	-27.344	0.044
51.680	-28.880	0.083
51.700	-29.971	0.102
51.720	-30.637	0.131
51.740	-30.857	0.152
51.760	-30.674	0.180
51.780	-30.057	0.192
51.800	-28.999	0.212
51.820	-27.516	0.222
51.840	-25.652	0.239
51.860	-23.402	0.240
51.880	-20.829	0.247
51.900	-17.934	0.242
51.920	-14.819	0.245
51.940	-11.494	0.234
51.960	-7.976	0.229
51.980	-4.334	0.210
52.000	-0.645	0.196
52.020	3.029	0.174
52.040	6.676	0.155
52.060	10.216	0.131
52.080	13.626	0.108
52.100	16.849	0.072
52.120	19.819	0.057
52.140	22.521	0.020
52.160	24.874	-0.003
52.180	26.893	-0.040
52.200	28.488	-0.060
52.220	29.697	-0.092
52.240	30.497	-0.112
52.260	30.862	-0.149
52.280	30.771	-0.158
52.300	30.271	-0.189
52.320	29.305	-0.197
52.340	27.951	-0.224
52.360	26.206	-0.221
52.380	24.084	-0.240
52.400	21.581	-0.241
52.420	18.799	-0.243
52.440	15.748	-0.237
52.460	12.472	-0.235
52.480	8.997	-0.223
52.500	5.430	-0.215
52.520	1.767	-0.198
52.540	-1.917	-0.179
52.560	-5.575	-0.155
52.580	-9.168	-0.136
52.600	-12.622	-0.110
52.620	-15.877	-0.086
52.640	-18.949	-0.059
52.660	-21.721	-0.032
52.680	-24.186	0.001
52.700	-26.297	0.027
52.720	-28.037	0.056
52.740	-29.380	0.083
52.760	-30.298	0.117
52.780	-30.750	0.129
52.800	-30.819	0.163
52.820	-30.443	0.173
52.840	-29.627	0.199
52.860	-28.392	0.209
52.880	-26.716	0.228
52.900	-24.702	0.232
52.920	-22.317	0.245
52.940	-19.588	0.236
52.960	-16.586	0.243
52.980	-13.396	0.230
53.000	-9.974	0.229
53.020	-6.402	0.210
53.040	-2.739	0.199
53.060	0.972	0.177
53.080	4.619	0.163
53.100	8.229	0.135
53.120	11.725	0.114
53.140	15.071	0.084
53.160	18.176	0.064
53.180	21.033	0.027
53.200	23.595	0.001
53.220	25.787	-0.024
53.240	27.624	-0.055
53.260	29.068	-0.084
53.280	30.100	-0.111
53.300	30.701	-0.135
53.320	30.878	-0.157
53.340	30.615	-0.180
53.360	29.906	-0.198
53.380	28.778	-0.216
53.400	27.242	-0.229
53.420	25.335	-0.239
53.440	23.042	-0.245
53.460	20.405	-0.246
53.480	17.499	-0.251
53.500	14.341	-0.243
53.520	10.984	-0.238
53.540	7.471	-0.228
53.560	3.840	-0.212
53.580	0.167	-0.199
53.600	-3.507	-0.173
53.620	-7.144	-0.155
53.640	-10.678	-0.133
53.660	-14.056	-0.107
53.680	-17.236	-0.081
53.700	-20.185	-0.051
53.720	-22.811	-0.024
53.740	-25.126	0.006
53.760	-27.097	0.031
53.780	-28.671	0.059
53.800	-29.820	0.088
53.820	-30.524	0.117
53.840	-30.846	0.136
53.860	-30.707	0.162
53.880	-30.137	0.175
53.900	-29.144	0.200
53.920	-27.704	0.205
53.940	-25.889	0.226
53.960	-23.697	0.226
53.980	-21.167	0.235
54.000	-18.310	0.234
54.020	-15.216	0.235
54.040	-11.924	0.224
54.060	-8.433	0.217
54.080	-4.818	0.199
54.100	-1.133	0.188
54.120	2.562	0.166
54.140	6.209	0.147
54.160	9.765	0.120
54.180	13.202	0.098
54.200	16.441	0.071
54.220	19.438	0.043
54.240	22.183	0.015
54.260	24.583	-0.011
54.280	26.635	-0.044
54.300	28.300	-0.068
54.320	29.584	-0.101
54.340	30.417	-0.121
54.360	30.835	-0.153
54.380	30.809	-0.164
54.400	30.352	-0.194
54.420	29.460	-0.202
54.440	28.161	-0.231
54.460	26.442	-0.230
54.480	24.385	-0.250
54.500	21.925	-0.242
54.520	19.175	-0.256
54.540	16.167	-0.243
54.560	12.896	-0.246
54.580	9.480	-0.230
54.600	5.897	-0.224
54.620	2.261	-0.206
54.640	-1.434	-0.189
54.660	-5.103	-0.168
54.680	-8.712	-0.145
54.700	-12.176	-0.119
54.720	-15.463	-0.094
54.740	-18.552	-0.065
54.760	-21.372	-0.039
54.780	-23.864	-0.009
54.800	-26.023	0.020
54.820	-27.844	0.048
54.840	-29.246	0.076
54.860	-30.196	0.108
54.880	-30.723	0.126
54.900	-30.841	0.155
54.920	-30.529	0.171
54.940	-29.772	0.192
54.960	-28.580	0.205
54.980	-26.968	0.225
55.000	-24.992	0.224
55.020	-22.666	0.241
55.040	-19.986	0.238
55.060	-17.016	0.239
55.080	-13.841	0.230
55.100	-10.425	0.225
55.120	-6.886	0.212
55.140	-3.233	0.201
55.160	0.462	0.182
55.180	4.141	0.166
55.200	7.756	0.138
55.220	11.252	0.118
55.240	14.631	0.091
55.260	17.768	0.062
55.280	20.652	0.034
55.300	23.278	0.007
55.320	25.518	-0.018
55.340	27.414	-0.048
55.360	28.902	-0.075
55.380	29.981	-0.106
55.400	30.647	-0.127
55.420	30.878	-0.152
55.440	30.664	-0.175
55.460	30.024	-0.190
55.480	28.945	-0.207
55.500	27.441	-0.219
55.520	25.599	-0.231
55.540	23.348	-0.241
55.560	20.770	-0.243
55.580	17.886	-0.246
55.600	14.754	-0.236
55.620	11.414	-0.234
55.640	7.922	-0.219
55.660	4.302	-0.210
55.680	0.623	-0.193
55.700	-3.062	-0.173
55.720	-6.698	-0.151
55.740	-10.270	-0.127
55.760	-13.653	-0.102
55.780	-16.865	-0.073
55.800	-19.846	-0.045
55.820	-22.532	-0.019
55.840	-24.884	0.007
55.860	-26.898	0.032
55.880	-28.531	0.068
55.900	-29.740	0.092
55.920	-30.529	0.125
55.940	-30.830	0.140
55.960	-30.766	0.171
55.980	-30.293	0.182
56.000	-29.353	0.207
56.020	-27.962	0.215
56.040	-26.189	0.235
56.060	-24.052	0.238
56.080	-21.570	0.249
56.100	-18.761	0.242
56.120	-15.689	0.246
56.140	-12.413	0.234
56.160	-8.927	0.233
56.180	-5.328	0.213
56.200	-1.649	0.203
56.220	2.046	0.180
56.240	5.726	0.162
56.260	9.276	0.139
56.280	12.751	0.113
56.300	16.011	0.087
56.320	19.041	0.058
56.340	21.844	0.032
56.360	24.283	0.001
56.380	26.383	-0.022
56.400	28.102	-0.056
56.420	29.434	-0.073
56.440	30.331	-0.109
56.460	30.798	-0.131
56.480	30.841	-0.155
56.500	30.443	-0.174
56.520	29.611	-0.189
56.540	28.349	-0.217
56.560	26.700	-0.214
56.580	24.680	-0.235
56.600	22.252	-0.231
56.620	19.540	-0.245
56.640	16.564	-0.229
56.660	13.326	-0.235
56.680	9.910	-0.218
56.700	6.370	-0.212
56.720	2.729	-0.191
56.740	-0.967	-0.178
56.760	-4.630	-0.156
56.780	-8.255	-0.137
56.800	-11.752	-0.108
56.820	-15.061	-0.085
56.840	-18.181	-0.057
56.860	-21.033	-0.028
56.880	-23.568	-0.001
56.900	-25.781	0.030
56.920	-27.624	0.052
56.940	-29.101	0.088
56.960	-30.137	0.110
56.980	-30.701	0.133
57.000	-30.857	0.159
57.020	-30.583	0.182
57.040	-29.933	0.196
57.060	-28.768	0.216
57.080	-27.210	0.230
57.100	-25.271	0.241
57.120	-22.994	0.242
57.140	-20.373	0.245
57.160	-17.440	0.246
57.180	-14.271	0.243
57.200	-10.887	0.234
57.220	-7.353	0.225
57.240	-3.722	0.210
57.260	-0.032	0.198
57.280	3.658	0.171
57.300	7.294	0.151
57.320	10.807	0.129
57.340	14.207	0.105
57.360	17.370	0.074
57.380	20.297	0.049
57.400	22.956	0.020
57.420	25.239	-0.009
57.440	27.172	-0.039
57.460	28.719	-0.068
57.480	29.869	-0.090
57.500	30.588	-0.119
57.520	30.878	-0.142
57.540	30.723	-0.164
57.560	30.126	-0.182
57.580	29.122	-0.205
57.600	27.683	-0.217
57.620	25.873	-0.230
57.640	23.681	-0.235
57.660	21.125	-0.239
57.680	18.283	-0.242
57.700	15.200	-0.236
57.720	11.870	-0.234
57.740	8.400	-0.220
57.760	4.802	-0.214
57.780	1.133	-0.186
57.800	-2.551	-0.177
57.820	-6.204	-0.148
57.840	-9.792	-0.131
57.860	-13.181	-0.102
57.880	-16.436	-0.081
57.900	-19.422	-0.047
57.920	-22.156	-0.025
57.940	-24.557	0.009
57.960	-26.619	0.034
57.980	-28.306	0.064
58.000	-29.573	0.090
58.020	-30.433	0.113
58.040	-30.782	0.138
58.060	-30.782	0.167
58.080	-30.336	0.183
58.100	-29.455	0.200
58.120	-28.134	0.211
58.140	-26.420	0.230
58.160	-24.304	0.233
58.180	-21.871	0.246
58.200	-19.110	0.235
58.220	-16.076	0.242
58.240	-12.826	0.231
58.260	-9.351	0.225
58.280	-5.769	0.211
58.300	-2.100	0.200
58.320	1.584	0.175
58.340	5.253	0.159
58.360	8.846	0.131
58.380	12.321	0.114
58.400	15.619	0.079
58.420	18.670	0.059
58.440	21.500	0.027
58.460	23.993	-0.004
58.480	26.136	-0.027
58.500	27.897	-0.061
58.520	29.278	-0.082
58.540	30.229	-0.117
58.560	30.760	-0.135
58.580	30.857	-0.165
58.600	30.529	-0.177
58.620	29.740	-0.203
58.640	28.553	-0.213
58.660	26.931	-0.231
58.680	24.970	-0.238
58.700	22.618	-0.248
58.720	19.927	-0.243
58.740	16.989	-0.247
58.760	13.782	-0.241
58.780	10.388	-0.235
58.800	6.859	-0.225
58.820	3.223	-0.209
58.840	-0.446	-0.193
58.860	-4.125	-0.171
58.880	-7.767	-0.151
58.900	-11.252	-0.126
58.920	-14.604	-0.100
58.940	-17.757	-0.070
58.960	-20.657	-0.048
58.980	-23.225	-0.019
59.000	-25.486	0.013
59.020	-27.387	0.039
59.040	-28.891	0.067
59.060	-29.981	0.096
59.080	-30.621	0.117
59.100	-30.830	0.143
59.120	-30.631	0.167
59.140	-30.008	0.182
59.160	-28.923	0.202
59.180	-27.436	0.211
59.200	-25.540	0.227
59.220	-23.300	0.229
59.240	-20.706	0.236
59.260	-17.800	0.234
59.280	-14.685	0.234
59.300	-11.328	0.218
59.320	-7.826	0.217
59.340	-4.173	0.199
59.360	-0.505	0.188
59.380	3.185	0.160
59.400	6.827	0.146
59.420	10.361	0.116
59.440	13.771	0.097
59.460	16.962	0.065
59.480	19.927	0.037
59.500	22.623	0.012
59.520	24.954	-0.013
59.540	26.958	-0.050
59.560	28.547	-0.073
59.580	29.756	-0.102
59.600	30.524	-0.127
59.620	30.862	-0.154
59.640	30.766	-0.174
59.660	30.229	-0.193
59.680	29.278	-0.210
59.700	27.887	-0.227
59.720	26.136	-0.235
59.740	23.987	-0.247
59.760	21.468	-0.251
59.780	18.681	-0.252
59.800	15.625	-0.247
59.820	12.321	-0.241
59.840	8.868	-0.231
59.860	5.280	-0.222
59.880	1.633	-0.202
59.900	-2.062	-0.188
59.920	-5.704	-0.161
59.940	-9.313	-0.144
59.960	-12.751	-0.111
59.980	-16.000	-0.093
60.000	-19.046	-0.054
60.020	-21.801	-0.036
60.040	-24.261	-0.002
60.060	-26.356	0.020
60.080	-28.112	0.051
60.100	-29.417	0.080
60.120	-30.320	0.109
60.140	-30.760	0.130
60.160	-30.814	0.159
60.180	-30.417	0.170
60.200	-29.595	0.196
60.220	-28.333	0.206
60.240	-26.678	0.225
60.260	-24.626	0.227
60.280	-22.215	0.239
60.300	-19.486	0.234
60.320	-16.479	0.241
60.340	-13.277	0.229
60.360	-9.829	0.225
60.380	-6.257	0.213
60.400	-2.605	0.197
60.420	1.090	0.178
60.440	4.770	0.159
60.460	8.363	0.134
60.480	11.875	0.113
60.500	15.189	0.085
60.520	18.289	0.060
60.540	21.125	0.029
60.560	23.676	0.001
60.580	25.862	-0.028
60.600	27.677	-0.051
60.620	29.122	-0.083
60.640	30.137	-0.111
60.660	30.728	-0.132
60.680	30.878	-0.159
60.700	30.594	-0.177
60.720	29.853	-0.198
60.740	28.719	-0.210
60.760	27.172	-0.227
60.780	25.255	-0.228
60.800	22.940	-0.246
60.820	20.297	-0.242
60.840	17.381	-0.247
60.860	14.207	-0.235
60.880	10.828	-0.233
60.900	7.294	-0.213
60.920	3.690	-0.209
60.940	0.005	-0.187
60.960	-3.679	-0.173
60.980	-7.321	-0.144
61.000	-10.850	-0.126
61.020	-14.217	-0.098
61.040	-17.392	-0.073
61.060	-20.319	-0.040
61.080	-22.945	-0.017
61.100	-25.250	0.007
61.120	-27.221	0.039
61.140	-28.773	0.069
61.160	-29.901	0.097
61.180	-30.626	0.124
61.200	-30.868	0.148
61.220	-30.733	0.171
61.240	-30.164	0.187
61.260	-29.138	0.212
61.280	-27.693	0.221
61.300	-25.851	0.234
61.320	-23.665	0.238
61.340	-21.114	0.250
61.360	-18.240	0.243
61.380	-15.141	0.247
61.400	-11.822	0.229
61.420	-8.325	0.229
61.440	-4.694	0.208
61.460	-1.015	0.202
61.480	2.686	0.171
61.500	6.333	0.161
61.520	9.883	0.130
61.540	13.326	0.114
61.560	16.543	0.081
61.580	19.551	0.055
61.600	22.290	0.021
61.620	24.659	0.003
61.640	26.710	-0.035
61.660	28.354	-0.055
61.680	29.622	-0.087
61.700	30.438	-0.110
61.720	30.841	-0.137
61.740	30.803	-0.160
61.760	30.336	-0.180
61.780	29.412	-0.197
61.800	28.102	-0.212
61.820	26.372	-0.222
61.840	24.293	-0.228
61.860	21.817	-0.237
61.880	19.057	-0.235
61.900	16.027	-0.235
61.920	12.740	-0.227
61.940	9.303	-0.223
61.960	5.736	-0.210
61.980	2.089	-0.191
62.000	-1.601	-0.176
62.020	-5.264	-0.148
62.040	-8.884	-0.134
62.060	-12.337	-0.104
62.080	-15.598	-0.084
62.100	-18.681	-0.050
62.120	-21.495	-0.028
62.140	-23.977	0.007
62.160	-26.146	0.028
62.180	-27.935	0.064
62.200	-29.310	0.085
62.220	-30.255	0.121
62.240	-30.744	0.137
62.260	-30.852	0.170
62.280	-30.508	0.184
62.300	-29.750	0.205
62.320	-28.558	0.220
62.340	-26.909	0.233
62.360	-24.933	0.241
62.380	-22.569	0.247
62.400	-19.878	0.248
62.420	-16.908	0.249
62.440	-13.712	0.242
62.460	-10.312	0.235
62.480	-6.746	0.223
62.500	-3.083	0.212
62.520	0.607	0.196
62.540	4.286	0.170
62.560	7.896	0.153
62.580	11.414	0.124
62.600	14.749	0.097
62.620	17.886	0.071
62.640	20.770	0.049
62.660	23.370	0.014
62.680	25.599	-0.009
62.700	27.479	-0.044
62.720	28.945	-0.068
62.740	30.024	-0.098
62.760	30.664	-0.118
62.780	30.884	-0.150
62.800	30.647	-0.168
62.820	29.976	-0.186
62.840	28.902	-0.205
62.860	27.371	-0.219
62.880	25.523	-0.227
62.900	23.257	-0.235
62.920	20.657	-0.236
62.940	17.773	-0.238
62.960	14.642	-0.232
62.980	11.306	-0.230
63.000	7.793	-0.215
63.020	4.189	-0.209
63.040	0.516	-0.182
63.060	-3.185	-0.167
63.080	-6.811	-0.147
63.100	-10.361	-0.124
63.120	-13.761	-0.098
63.140	-16.957	-0.074
63.160	-19.927	-0.043
63.180	-22.580	-0.016
63.200	-24.949	0.017
63.220	-26.925	0.041
63.240	-28.553	0.072
63.260	-29.724	0.094
63.280	-30.502	0.123
63.300	-30.814	0.143
63.320	-30.733	0.175
63.340	-30.218	0.186
63.360	-29.262	0.208
63.380	-27.854	0.217
63.400	-26.071	0.235
63.420	-23.923	0.233
63.440	-21.420	0.246
63.460	-18.600	0.240
63.480	-15.522	0.246
63.500	-12.241	0.229
63.520	-8.766	0.224
63.540	-5.151	0.211
63.560	-1.472	0.198
63.580	2.224	0.177
63.600	5.871	0.158
63.620	9.437	0.130
63.640	12.891	0.109
63.660	16.156	0.079
63.680	19.180	0.057
63.700	21.941	0.024
63.720	24.374	-0.003
63.740	26.463	-0.030
63.760	28.161	-0.062
63.780	29.477	-0.090
63.800	30.363	-0.111
63.820	30.814	-0.140
63.840	30.830	-0.161
63.860	30.422	-0.182
63.880	29.557	-0.201
63.900	28.290	-0.221
63.920	26.630	-0.230
63.940	24.600	-0.238
63.960	22.177	-0.244
63.980	19.449	-0.243
64.000	16.457	-0.243
64.020	13.191	-0.243
64.040	9.781	-0.231
64.060	6.241	-0.227
64.080	2.594	-0.205
64.100	-1.096	-0.190
64.120	-4.764	-0.163
64.140	-8.384	-0.145
64.160	-11.854	-0.119
64.180	-15.157	-0.096
64.200	-18.256	-0.065
64.220	-21.119	-0.043
64.240	-23.644	-0.015
64.260	-25.835	0.016
64.280	-27.677	0.045
64.300	-29.117	0.072
64.320	-30.116	0.102
64.340	-30.674	0.124
64.360	-30.830	0.150
64.380	-30.545	0.171
64.400	-29.842	0.188
64.420	-28.703	0.200
64.440	-27.140	0.217
64.460	-25.164	0.226
64.480	-22.870	0.232
64.500	-20.228	0.237
64.520	-17.284	0.233
64.540	-14.115	0.232
64.560	-10.742	0.221
64.580	-7.203	0.214
64.600	-3.561	0.197
64.620	0.134	0.183
64.640	3.813	0.158
64.660	7.439	0.138
64.680	10.957	0.114
64.700	14.346	0.090
64.720	17.499	0.063
64.740	20.416	0.037
64.760	23.053	0.004
64.780	25.319	-0.018
64.800	27.242	-0.055
64.820	28.773	-0.074
64.840	29.912	-0.106
64.860	30.610	-0.128
64.880	30.878	-0.160
64.900	30.712	-0.177
64.920	30.110	-0.198
64.940	29.063	-0.213
64.960	27.618	-0.233
64.980	25.792	-0.233
65.000	23.568	-0.250
65.020	21.022	-0.245
65.040	18.170	-0.256
65.060	15.066	-0.247
65.080	11.736	-0.241
65.100	8.266	-0.229
65.120	4.673	-0.219
65.140	0.999	-0.202
65.160	-2.686	-0.185
65.180	-6.343	-0.157
65.200	-9.910	-0.140
65.220	-13.310	-0.111
65.240	-16.532	-0.088
65.260	-19.551	-0.055
65.280	-22.252	-0.031
65.300	-24.643	0.003
65.320	-26.694	0.024
65.340	-28.343	0.057
65.360	-29.605	0.080
65.380	-30.433	0.113
65.400	-30.771	0.127
65.420	-30.755	0.164
65.440	-30.293	0.175
65.460	-29.412	0.200
65.480	-28.075	0.208
65.500	-26.340	0.225
65.520	-24.224	0.227
65.540	-21.769	0.237
65.560	-18.987	0.234
65.580	-15.941	0.239
65.600	-12.692	0.225
65.620	-9.211	0.226
65.640	-5.629	0.205
65.660	-1.960	0.196
65.680	1.735	0.172
65.700	5.382	0.156
65.720	8.970	0.130
65.740	12.450	0.109
65.760	15.732	0.080
65.780	18.793	0.054
65.800	21.597	0.022
65.820	24.079	-0.003
65.840	26.206	-0.032
65.860	27.967	-0.056
65.880	29.321	-0.087
65.900	30.261	-0.116
65.920	30.771	-0.140
65.940	30.852	-0.162
65.960	30.497	-0.184
65.980	29.691	-0.202
66.000	28.494	-0.219
66.020	26.850	-0.231
66.040	24.879	-0.239
66.060	22.505	-0.245
66.080	19.825	-0.247
66.100	16.854	-0.248
66.120	13.632	-0.239
66.140	10.232	-0.233
66.160	6.703	-0.214
66.180	3.067	-0.206
66.200	-0.634	-0.193
66.220	-4.297	-0.169
66.240	-7.933	-0.145
66.260	-11.440	-0.120
66.280	-14.765	-0.098
66.300	-17.896	-0.068
66.320	-20.797	-0.038
66.340	-23.364	-0.011
66.360	-25.604	0.012
66.380	-27.505	0.048
66.400	-28.988	0.072
66.420	-30.046	0.100
66.440	-30.680	0.127
66.460	-30.884	0.151
66.480	-30.669	0.169
66.500	-30.003	0.190
66.520	-28.907	0.208
66.540	-27.387	0.221
66.560	-25.502	0.233
66.580	-23.235	0.236
66.600	-20.630	0.247
66.620	-17.725	0.245
66.640	-14.593	0.243
66.660	-11.226	0.228
66.680	-7.708	0.222
66.700	-4.066	0.206
66.720	-0.381	0.190
66.740	3.303	0.173
66.760	6.961	0.152
66.780	10.479	0.129
66.800	13.895	0.106
66.820	17.080	0.075
66.840	20.029	0.045
66.860	22.730	0.018
66.880	25.045	-0.007
66.900	27.017	-0.038
66.920	28.601	-0.060
66.940	29.777	-0.090
66.960	30.535	-0.119
66.980	30.873	-0.143
67.000	30.750	-0.163
67.020	30.207	-0.183
67.040	29.224	-0.195
67.060	27.812	-0.217
67.080	26.050	-0.221
67.100	23.885	-0.232
67.120	21.372	-0.235
67.140	18.557	-0.238
67.160	15.490	-0.231
67.180	12.160	-0.231
67.200	8.717	-0.219
67.220	5.119	-0.209
67.240	1.472	-0.186
67.260	-2.224	-0.177
67.280	-5.897	-0.147
67.300	-9.480	-0.131
67.320	-12.917	-0.101
67.340	-16.151	-0.079
67.360	-19.202	-0.044
67.380	-21.952	-0.021
67.400	-24.374	0.008
67.420	-26.469	0.031
67.440	-28.187	0.068
67.460	-29.482	0.092
67.480	-30.395	0.122
67.500	-30.782	0.142
67.520	-30.830	0.170
67.540	-30.433	0.186
67.560	-29.584	0.205
67.580	-28.300	0.221
67.600	-26.614	0.237
67.620	-24.557	0.240
67.640	-22.140	0.248
67.660	-19.384	0.244
67.680	-16.382	0.250
67.700	-13.159	0.239
67.720	-9.700	0.237
67.740	-6.123	0.217
67.760	-2.465	0.208
67.780	1.235	0.189
67.800	4.915	0.168
67.820	8.492	0.144
67.840	11.999	0.127
67.860	15.308	0.093
67.880	18.396	0.072
67.900	21.248	0.039
67.920	23.778	0.010
67.940	25.937	-0.019
67.960	27.752	-0.047
67.980	29.165	-0.072
68.000	30.164	-0.102
68.020	30.728	-0.119
68.040	30.873	-0.151
68.060	30.578	-0.169
68.080	29.831	-0.189
68.100	28.671	-0.205
68.120	27.108	-0.222
68.140	25.174	-0.224
68.160	22.822	-0.242
68.180	20.179	-0.233
68.200	17.268	-0.247
68.220	14.072	-0.231
68.240	10.688	-0.231
68.260	7.165	-0.216
68.280	3.550	-0.207
68.300	-0.129	-0.192
68.320	-3.813	-0.173
68.340	-7.444	-0.152
68.360	-10.973	-0.129
68.380	-14.325	-0.102
68.400	-17.499	-0.073
68.420	-20.416	-0.042
68.440	-23.031	-0.011
68.460	-25.309	0.029
68.480	-27.248	0.045
68.500	-28.789	0.087
68.520	-29.901	0.099
68.540	-30.588	0.140
68.560	-30.852	0.150
68.580	-30.685	0.192
68.600	-30.078	0.194
68.620	-29.047	0.228
68.640	-27.575	0.229
68.660	-25.749	0.257
68.680	-23.531	0.248
68.700	-20.953	0.268
68.720	-18.095	0.254
68.740	-14.969	0.262
68.760	-11.650	0.246
68.780	-8.148	0.242
68.800	-4.533	0.225
68.820	-0.843	0.212
68.840	2.847	0.191
68.860	6.483	0.165
68.880	10.028	0.148
68.900	13.476	0.115
68.920	16.693	0.102
68.940	19.664	0.061
68.960	22.397	0.051
68.980	24.750	-0.005
69.000	26.775	-0.014
69.020	28.413	-0.064
69.040	29.659	-0.075
69.060	30.470	-0.119
69.080	30.852	-0.128
69.100	30.787	-0.164
69.120	30.288	-0.178
69.140	29.380	-0.202
69.160	28.037	-0.222
69.180	26.308	-0.222
69.200	24.208	-0.251
69.220	21.726	-0.231
69.240	18.960	-0.268
69.260	15.904	-0.231
69.280	12.627	-0.264
69.300	9.195	-0.217
69.320	5.613	-0.237
69.340	1.966	-0.197
69.360	-1.719	-0.200
69.380	-5.376	-0.164
69.400	-8.997	-0.148
69.420	-12.434	-0.125
69.440	-15.710	-0.093
69.460	-18.783	-0.074
69.480	-21.570	-0.037
69.500	-24.041	-0.019
69.520	-26.179	0.022
69.540	-27.962	0.034
69.560	-29.315	0.080
69.580	-30.229	0.095
69.600	-30.739	0.129
69.620	-30.825	0.142
69.640	-30.470	0.178
69.660	-29.675	0.190
69.680	-28.461	0.210
69.700	-26.823	0.221
69.720	-24.809	0.229
69.740	-22.446	0.235
69.760	-19.728	0.241
69.780	-16.758	0.238
69.800	-13.562	0.233
69.820	-10.135	0.225
69.840	-6.580	0.213
69.860	-2.927	0.198
69.880	0.768	0.177
69.900	4.431	0.163
69.920	8.051	0.137
69.940	11.575	0.117
69.960	14.889	0.087
69.980	18.009	0.064
70.000	20.883	0.035
70.020	23.466	0.003
70.040	25.674	-0.018
70.060	27.548	-0.055
70.080	28.999	-0.078
70.100	30.057	-0.111
70.120	30.680	-0.124
70.140	30.873	-0.160
70.160	30.642	-0.172
70.180	29.955	-0.203
70.200	28.848	-0.212
70.220	27.312	-0.233
70.240	25.454	-0.235
70.260	23.166	-0.247
70.280	20.555	-0.248
70.300	17.666	-0.248
70.320	14.507	-0.246
70.340	11.167	-0.237
70.360	7.654	-0.228
70.380	4.039	-0.217
70.400	0.376	-0.198
70.420	-3.309	-0.181
70.440	-6.961	-0.154
70.460	-10.495	-0.137
70.480	-13.895	-0.105
70.500	-17.069	-0.082
70.520	-20.034	-0.051
70.540	-22.682	-0.026
70.560	-25.013	0.002
70.580	-27.006	0.031
70.600	-28.606	0.059
70.620	-29.761	0.088
70.640	-30.529	0.114
70.660	-30.809	0.133
70.680	-30.728	0.165
70.700	-30.175	0.177
70.720	-29.208	0.201
70.740	-27.806	0.207
70.760	-25.985	0.227
70.780	-23.826	0.229
70.800	-21.329	0.242
70.820	-18.477	0.233
70.840	-15.399	0.241
70.860	-12.101	0.223
70.880	-8.626	0.225
70.900	-5.011	0.202
70.920	-1.332	0.197
70.940	2.358	0.167
70.960	6.016	0.155
70.980	9.566	0.122
71.000	13.030	0.107
71.020	16.274	0.071
71.040	19.288	0.058
71.060	22.048	0.015
71.080	24.471	-0.003
71.100	26.544	-0.042
71.120	28.220	-0.060
71.140	29.525	-0.090
71.160	30.384	-0.119
71.180	30.819	-0.140
71.200	30.819	-0.168
71.220	30.395	-0.178
71.240	29.530	-0.210
71.260	28.230	-0.214
71.280	26.555	-0.238
71.300	24.514	-0.228
71.320	22.054	-0.256
71.340	19.320	-0.235
71.360	16.323	-0.255
71.380	13.068	-0.232
71.400	9.630	-0.235
71.420	6.091	-0.216
71.440	2.433	-0.206
71.460	-1.251	-0.190
71.480	-4.925	-0.164
71.500	-8.535	-0.146
71.520	-12.010	-0.115
71.540	-15.302	-0.101
71.560	-18.417	-0.059
71.580	-21.243	-0.039
71.600	-23.756	-0.005
71.620	-25.948	0.014
71.640	-27.763	0.051
71.660	-29.197	0.072
71.680	-30.191	0.107
71.700	-30.707	0.126
71.720	-30.862	0.155
71.740	-30.562	0.171
71.760	-29.863	0.192
71.780	-28.703	0.210
71.800	-27.097	0.221
71.820	-25.131	0.235
71.840	-22.795	0.237
71.860	-20.152	0.250
71.880	-17.193	0.242
71.900	-14.029	0.243
71.920	-10.646	0.225
71.940	-7.084	0.221
71.960	-3.443	0.200
71.980	0.258	0.191
72.000	3.942	0.165
72.020	7.562	0.148
72.040	11.086	0.118
72.060	14.443	0.101
72.080	17.606	0.069
72.100	20.512	0.043
72.120	23.144	0.014
72.140	25.400	-0.011
72.160	27.307	-0.042
72.180	28.827	-0.066
72.200	29.944	-0.098
72.220	30.626	-0.122
72.240	30.868	-0.148
72.260	30.696	-0.166
72.280	30.046	-0.187
72.300	29.009	-0.199
72.320	27.554	-0.222
72.340	25.701	-0.221
72.360	23.477	-0.242
72.380	20.904	-0.231
72.400	18.052	-0.243
72.420	14.942	-0.227
72.440	11.591	-0.234
72.460	8.110	-0.214
72.480	4.501	-0.210
72.500	0.833	-0.180
72.520	-2.857	-0.176
72.540	-6.499	-0.146
72.560	-10.082	-0.131
72.580	-13.487	-0.094
72.600	-16.709	-0.076
72.620	-19.696	-0.040
72.640	-22.397	-0.021
72.660	-24.788	0.016
72.680	-26.791	0.034
72.700	-28.461	0.072
72.720	-29.697	0.094
72.740	-30.513	0.125
72.760	-30.825	0.145
72.780	-30.776	0.177
72.800	-30.325	0.189
72.820	-29.401	0.212
72.840	-28.069	0.216
72.860	-26.297	0.240
72.880	-24.170	0.240
72.900	-21.688	0.250
72.920	-18.901	0.248
72.940	-15.839	0.251
72.960	-12.595	0.238
72.980	-9.099	0.235
73.000	-5.511	0.215
73.020	-1.837	0.209
73.040	1.864	0.183
73.060	5.532	0.170
73.080	9.104	0.139
73.100	12.590	0.124
73.120	15.855	0.086
73.140	18.901	0.068
73.160	21.715	0.032
73.180	24.175	0.012
73.200	26.275	-0.025
73.220	28.016	-0.044
73.240	29.369	-0.081
73.260	30.293	-0.098
73.280	30.787	-0.131
73.300	30.841	-0.149
73.320	30.481	-0.175
73.340	29.665	-0.185
73.360	28.424	-0.210
73.380	26.780	-0.218
73.400	24.788	-0.229
73.420	22.397	-0.235
73.440	19.707	-0.235
73.460	16.736	-0.237
73.480	13.508	-0.228
73.500	10.092	-0.224
73.520	6.558	-0.208
73.540	2.922	-0.200
73.560	-0.763	-0.173
73.580	-4.442	-0.161
73.600	-8.062	-0.134
73.620	-11.548	-0.115
73.640	-14.878	-0.085
73.660	-18.020	-0.065
73.680	-20.883	-0.032
73.700	-23.450	-0.000
73.720	-25.668	0.024
73.740	-27.543	0.058
73.760	-29.009	0.076
73.780	-30.062	0.113
73.800	-30.669	0.127
73.820	-30.852	0.159
73.840	-30.631	0.179
73.860	-29.949	0.198
73.880	-28.827	0.211
73.900	-27.307	0.229
73.920	-25.384	0.234
73.940	-23.117	0.243
73.960	-20.501	0.242
73.980	-17.585	0.247
74.000	-14.437	0.241
74.020	-11.086	0.234
74.040	-7.541	0.224
74.060	-3.894	0.212
74.080	-0.204	0.196
74.100	3.491	0.172
74.120	7.101	0.152
74.140	10.646	0.129
74.160	14.040	0.105
74.180	17.209	0.074
74.200	20.152	0.051
74.220	22.816	0.016
74.240	25.115	-0.006
74.260	27.097	-0.044
74.280	28.649	-0.064
74.300	29.831	-0.093
74.320	30.556	-0.117
74.340	30.857	-0.143
74.360	30.739	-0.165
74.380	30.169	-0.183
74.400	29.181	-0.203
74.420	27.758	-0.218
74.440	25.969	-0.229
74.460	23.799	-0.234
74.480	21.259	-0.240
74.500	18.450	-0.243
74.520	15.367	-0.239
74.540	12.053	-0.233
74.560	8.588	-0.223
74.580	4.995	-0.213
74.600	1.332	-0.194
74.620	-2.358	-0.176
74.640	-6.000	-0.155
74.660	-9.598	-0.136
74.680	-13.020	-0.106
74.700	-16.253	-0.086
74.720	-19.277	-0.053
74.740	-22.016	-0.030
74.760	-24.438	0.009
74.780	-26.517	0.029
74.800	-28.225	0.060
74.820	-29.493	0.083
74.840	-30.368	0.115
74.860	-30.782	0.134
74.880	-30.792	0.163
74.900	-30.352	0.175
74.920	-29.503	0.203
74.940	-28.204	0.209
74.960	-26.506	0.227
74.980	-24.433	0.229
75.000	-21.995	0.237
75.020	-19.261	0.236
75.040	-16.231	0.237
75.060	-12.993	0.229
75.080	-9.555	0.225
75.100	-5.957	0.213
75.120	-2.304	0.194
75.140	1.391	0.177
75.160	5.070	0.158
75.180	8.653	0.134
75.200	12.133	0.109
75.220	15.437	0.083
75.240	18.514	0.057
75.260	21.366	0.029
75.280	23.869	-0.000
75.300	26.018	-0.030
75.320	27.806	-0.057
75.340	29.224	-0.088
75.360	30.207	-0.111
75.380	30.750	-0.140
75.400	30.868	-0.160
75.420	30.545	-0.187
75.440	29.777	-0.198
75.460	28.612	-0.223
75.480	27.033	-0.227
75.500	25.099	-0.243
75.520	22.747	-0.246
75.540	20.088	-0.252
75.560	17.139	-0.248
75.580	13.949	-0.244
75.600	10.560	-0.236
75.620	7.036	-0.225
75.640	3.405	-0.216
75.660	-0.252	-0.193
75.680	-3.937	-0.177
75.700	-7.579	-0.150
75.720	-11.113	-0.131
75.740	-14.437	-0.100
75.760	-17.601	-0.078
75.780	-20.507	-0.045
75.800	-23.106	-0.018
75.820	-25.373	0.010
75.840	-27.307	0.034
75.860	-28.832	0.068
75.880	-29.928	0.094
75.900	-30.604	0.117
75.920	-30.830	0.138
75.940	-30.664	0.164
75.960	-30.041	0.181
75.980	-28.993	0.200
76.000	-27.516	0.212
76.020	-25.636	0.225
76.040	-23.429	0.232
76.060	-20.851	0.238
76.080	-17.961	0.235
76.100	-14.835	0.234
76.120	-11.505	0.225
76.140	-8.019	0.217
76.160	-4.377	0.203
76.180	-0.693	0.189
76.200	2.997	0.168
76.220	6.644	0.149
76.240	10.173	0.122
76.260	13.600	0.101
76.280	16.806	0.069
76.300	19.776	0.045
76.320	22.500	0.017
76.340	24.836	-0.012
76.360	26.845	-0.044
76.380	28.472	-0.069
76.400	29.697	-0.098
76.420	30.492	-0.122
76.440	30.852	-0.148
76.460	30.776	-0.171
76.480	30.277	-0.190
76.500	29.332	-0.206
76.520	27.978	-0.223
76.540	26.238	-0.228
76.560	24.111	-0.242
76.580	21.619	-0.250
76.600	18.836	-0.248
76.620	15.796	-0.244
76.640	12.482	-0.241
76.660	9.045	-0.228
76.680	5.468	-0.219
76.700	1.805	-0.198
76.720	-1.869	-0.187
76.740	-5.538	-0.160
76.760	-9.131	-0.141
76.780	-12.595	-0.115
76.800	-15.855	-0.090
76.820	-18.896	-0.059
76.840	-21.694	-0.032
76.860	-24.138	-0.001
76.880	-26.286	0.021
76.900	-28.032	0.055
76.920	-29.380	0.079
76.940	-30.304	0.111
76.960	-30.750	0.129
76.980	-30.830	0.159
77.000	-30.476	0.172
77.020	-29.670	0.197
77.040	-28.418	0.208
77.060	-26.764	0.223
77.080	-24.755	0.229
77.100	-22.376	0.245
77.120	-19.653	0.241
77.140	-16.677	0.247
77.160	-13.444	0.235
77.180	-10.022	0.228
77.200	-6.461	0.215
77.220	-2.804	0.200
77.240	0.892	0.183
77.260	4.571	0.167
77.280	8.175	0.142
77.300	11.677	0.118
77.320	15.012	0.094
77.340	18.127	0.064
77.360	20.985	0.037
77.380	23.552	0.008
77.400	25.765	-0.019
77.420	27.607	-0.051
77.440	29.052	-0.069
77.460	30.094	-0.109
77.480	30.701	-0.126
77.500	30.878	-0.157
77.520	30.615	-0.174
77.540	29.912	-0.193
77.560	28.800	-0.205
77.580	27.242	-0.222
77.600	25.357	-0.229
77.620	23.069	-0.238
77.640	20.442	-0.239
77.660	17.526	-0.241
77.680	14.378	-0.236
77.700	11.000	-0.227
77.720	7.493	-0.217
77.740	3.867	-0.206
77.760	0.199	-0.189
77.780	-3.491	-0.169
77.800	-7.133	-0.146
