0.000	28.201	-0.155
0.020	26.493	-0.185
0.040	24.425	-0.213
0.060	21.976	-0.240
0.080	19.210	-0.253
0.100	16.250	-0.272
0.120	12.909	-0.287
0.140	9.461	-0.297
0.160	5.873	-0.299
0.180	2.199	-0.299
0.200	-1.496	-0.295
0.220	-5.073	-0.289
0.240	-8.790	-0.277
0.260	-12.265	-0.256
0.280	-15.482	-0.239
0.300	-18.651	-0.218
0.320	-21.471	-0.193
0.340	-23.958	-0.162
0.360	-26.133	-0.136
0.380	-27.906	-0.099
0.400	-29.275	-0.072
0.420	-30.247	-0.036
0.440	-30.709	-0.004
0.460	-30.795	0.035
0.480	-30.430	0.065
0.500	-29.656	0.100
0.520	-28.416	0.132
0.540	-26.761	0.163
0.560	-24.742	0.184
0.580	-22.363	0.215
0.600	-19.623	0.235
0.620	-16.621	0.262
0.640	-13.398	0.271
0.660	-9.966	0.279
0.680	-6.362	0.279
0.700	-2.694	0.279
0.720	1.012	0.279
0.740	4.708	0.274
0.760	8.306	0.265
0.780	11.830	0.251
0.800	15.176	0.234
0.820	18.264	0.210
0.840	21.159	0.188
0.860	23.711	0.159
0.880	25.891	0.131
0.900	27.718	0.101
0.920	29.114	0.070
0.940	30.151	0.030
0.960	30.731	0.001
0.980	30.860	-0.035
1.000	30.570	-0.070
1.020	29.812	-0.102
1.040	28.631	-0.137
1.060	27.035	-0.168
1.080	25.107	-0.196
1.100	22.808	-0.225
1.120	20.085	-0.240
1.140	17.126	-0.263
1.160	13.919	-0.272
1.180	10.519	-0.286
1.200	6.974	-0.289
1.220	3.408	-0.292
1.240	-0.379	-0.286
1.260	-4.079	-0.280
1.280	-7.640	-0.265
1.300	-11.260	-0.255
1.320	-14.607	-0.234
1.340	-17.770	-0.214
1.360	-20.606	-0.189
1.380	-23.270	-0.163
1.400	-25.521	-0.134
1.420	-27.444	-0.102
1.440	-28.948	-0.068
1.460	-30.022	-0.036
1.480	-30.661	-0.004
1.500	-30.833	0.032
1.520	-30.634	0.066
1.540	-29.973	0.101
1.560	-28.867	0.130
1.580	-27.331	0.163
1.600	-25.435	0.188
1.620	-23.141	0.220
1.640	-20.515	0.241
1.660	-17.582	0.265
1.680	-14.424	0.280
1.700	-11.035	0.288
1.720	-7.485	0.292
1.740	-3.848	0.294
1.760	-0.132	0.294
1.780	3.574	0.289
1.800	7.211	0.279
1.820	10.777	0.264
1.840	14.166	0.244
1.860	17.362	0.232
1.880	20.300	0.203
1.900	22.964	0.179
1.920	25.258	0.152
1.940	27.207	0.118
1.960	28.743	0.083
1.980	29.893	0.050
2.000	30.602	0.016
2.020	30.860	-0.014
2.040	30.698	-0.056
2.060	30.097	-0.086
2.080	29.050	-0.119
2.100	27.615	-0.150
2.120	25.746	-0.180
2.140	23.507	-0.210
2.160	20.923	-0.231
2.180	18.050	-0.251
2.200	14.929	-0.264
2.220	11.567	-0.273
2.240	8.172	-0.284
2.260	4.439	-0.286
2.280	0.776	-0.287
2.300	-2.946	-0.280
2.320	-6.593	-0.270
2.340	-10.176	-0.259
2.360	-13.592	-0.241
2.380	-16.814	-0.222
2.400	-19.795	-0.199
2.420	-22.486	-0.173
2.440	-24.865	-0.145
2.460	-26.874	-0.114
2.480	-28.518	-0.083
2.500	-29.705	-0.048
2.520	-30.478	-0.013
2.540	-30.806	0.015
2.560	-30.741	0.052
2.580	-30.210	0.084
2.600	-29.221	0.118
2.620	-27.820	0.150
2.640	-26.063	0.175
2.660	-23.845	0.201
2.680	-21.326	0.229
2.700	-18.485	0.250
2.720	-15.391	0.267
2.740	-12.072	0.278
2.760	-8.650	0.283
2.780	-4.933	0.290
2.800	-1.233	0.287
2.820	2.468	0.283
2.840	6.131	0.272
2.860	9.698	0.261
2.880	13.162	0.242
2.900	16.417	0.228
2.920	19.360	0.198
2.940	22.175	0.177
2.960	24.538	0.146
2.980	26.654	0.118
3.000	28.314	0.084
3.020	29.592	0.053
3.040	30.425	0.013
3.060	30.833	-0.016
3.080	30.784	-0.054
3.100	30.328	-0.084
3.120	29.404	-0.117
3.140	28.104	-0.152
3.160	26.337	-0.182
3.180	24.302	-0.212
3.200	21.756	-0.235
3.220	18.973	-0.258
3.240	15.928	-0.275
3.260	12.711	-0.289
3.280	9.155	-0.299
3.300	5.589	-0.297
3.320	1.909	-0.302
3.340	-1.807	-0.293
3.360	-5.379	-0.289
3.380	-9.096	-0.272
3.400	-12.555	-0.259
3.420	-15.826	-0.238
3.440	-18.904	-0.218
3.460	-21.691	-0.193
3.480	-24.156	-0.166
3.500	-26.230	-0.134
3.520	-28.051	-0.104
3.540	-29.372	-0.069
3.560	-30.285	-0.038
3.580	-30.725	-0.005
3.600	-30.790	0.035
3.620	-30.387	0.067
3.640	-29.560	0.098
3.660	-28.292	0.128
3.680	-26.606	0.160
3.700	-24.516	0.184
3.720	-22.137	0.215
3.740	-19.365	0.234
3.760	-16.336	0.260
3.780	-13.114	0.267
3.800	-9.644	0.279
3.820	-6.056	0.280
3.840	-2.382	0.284
3.860	1.324	0.278
3.880	5.019	0.272
3.900	8.618	0.260
3.920	12.131	0.249
3.940	15.439	0.227
3.960	18.533	0.209
3.980	21.374	0.180
4.000	23.845	0.155
4.020	26.063	0.125
4.040	27.846	0.093
4.060	29.238	0.063
4.080	30.215	0.027
4.100	30.747	-0.009
4.120	30.849	-0.041
4.140	30.527	-0.077
4.160	29.726	-0.110
4.180	28.529	-0.147
4.200	26.901	-0.175
4.220	24.925	-0.205
4.240	22.551	-0.231
4.260	19.844	-0.251
4.280	16.873	-0.268
4.300	13.661	-0.274
4.320	10.331	-0.291
4.340	6.674	-0.289
4.360	3.113	-0.298
4.380	-0.685	-0.291
4.400	-4.369	-0.289
4.420	-8.011	-0.272
4.440	-11.529	-0.264
4.460	-14.875	-0.239
4.480	-18.001	-0.218
4.500	-20.891	-0.195
4.520	-23.458	-0.168
4.540	-25.698	-0.136
4.560	-27.573	-0.106
4.580	-29.012	-0.073
4.600	-30.081	-0.040
4.620	-30.677	-0.011
4.640	-30.806	0.030
4.660	-30.580	0.058
4.680	-29.920	0.096
4.700	-28.770	0.125
4.720	-27.191	0.162
4.740	-25.247	0.183
4.760	-22.937	0.212
4.780	-20.354	0.237
4.800	-17.330	0.263
4.820	-14.161	0.271
4.840	-10.756	0.283
4.860	-7.184	0.288
4.880	-3.542	0.292
4.900	0.175	0.287
4.920	3.875	0.288
4.940	7.522	0.271
4.960	11.046	0.263
4.980	14.446	0.243
5.000	17.620	0.227
5.020	20.536	0.201
5.040	23.168	0.174
5.060	25.435	0.142
5.080	27.299	0.114
5.100	28.851	0.083
5.120	29.963	0.046
5.140	30.634	0.010
5.160	30.870	-0.019
5.180	30.672	-0.059
5.200	30.022	-0.089
5.220	28.969	-0.123
5.240	27.427	-0.157
5.260	25.580	-0.182
5.280	23.302	-0.206
5.300	20.767	-0.231
5.320	17.813	-0.252
5.340	14.650	-0.262
5.360	11.373	-0.279
5.380	7.775	-0.279
5.400	4.144	-0.286
5.420	0.448	-0.283
5.440	-3.252	-0.279
5.460	-6.926	-0.264
5.480	-10.471	-0.257
5.500	-13.865	-0.235
5.520	-17.077	-0.221
5.540	-19.972	-0.190
5.560	-22.728	-0.164
5.580	-25.064	-0.139
5.600	-27.046	-0.105
5.620	-28.620	-0.077
5.640	-29.807	-0.044
5.660	-30.532	-0.010
5.680	-30.833	0.023
5.700	-30.725	0.064
5.720	-30.129	0.089
5.740	-29.162	0.126
5.760	-27.739	0.156
5.780	-25.859	0.183
5.800	-23.711	0.210
5.820	-21.116	0.235
5.840	-18.232	0.254
5.860	-15.138	0.273
5.880	-11.798	0.284
5.900	-8.274	0.289
5.920	-4.643	0.289
5.940	-0.948	0.295
5.960	2.763	0.288
5.980	6.421	0.274
6.000	9.998	0.264
6.020	13.436	0.246
6.040	16.599	0.230
6.060	19.672	0.204
6.080	22.422	0.179
6.100	24.769	0.151
6.120	26.761	0.122
6.140	28.432	0.089
6.160	29.673	0.055
6.180	30.484	0.016
6.200	30.838	-0.011
6.220	30.774	-0.050
6.240	30.280	-0.084
6.260	29.307	-0.117
6.280	27.927	-0.150
6.300	26.187	-0.177
6.320	24.044	-0.208
6.340	21.519	-0.231
6.360	18.737	-0.251
6.380	15.643	-0.268
6.400	12.335	-0.276
6.420	8.881	-0.289
6.440	5.266	-0.291
6.460	1.603	-0.298
6.480	-2.097	-0.283
6.500	-5.771	-0.277
6.520	-9.370	-0.268
6.540	-12.834	-0.251
6.560	-16.116	-0.231
6.580	-19.156	-0.207
6.600	-21.901	-0.185
6.620	-24.344	-0.156
6.640	-26.445	-0.124
6.660	-28.174	-0.094
6.680	-29.463	-0.065
6.700	-30.360	-0.029
6.720	-30.763	0.002
6.740	-30.779	0.043
6.760	-30.339	0.072
6.780	-29.479	0.105
6.800	-28.158	0.135
6.820	-26.455	0.164
6.840	-24.361	0.192
6.860	-21.917	0.216
6.880	-19.140	0.241
6.900	-16.078	0.258
6.920	-12.818	0.271
6.940	-9.348	0.276
6.960	-5.760	0.280
6.980	-2.071	0.282
7.000	1.641	0.275
7.020	5.325	0.271
7.040	8.919	0.260
7.060	12.410	0.242
7.080	15.719	0.225
7.100	18.780	0.200
7.120	21.611	0.180
7.140	24.081	0.148
7.160	26.214	0.124
7.180	27.943	0.088
7.200	29.350	0.057
7.220	30.263	0.018
7.240	30.774	-0.011
7.260	30.838	-0.052
7.280	30.468	-0.078
7.300	29.651	-0.116
7.320	28.410	-0.147
7.340	26.756	-0.181
7.360	24.747	-0.204
7.380	22.325	-0.237
7.400	19.613	-0.247
7.420	16.621	-0.273
7.440	13.457	-0.279
7.460	9.939	-0.297
7.480	6.384	-0.294
7.500	2.726	-0.305
7.520	-0.969	-0.293
7.540	-4.659	-0.289
7.560	-8.301	-0.273
7.580	-11.792	-0.263
7.600	-15.112	-0.241
7.620	-18.157	-0.219
7.640	-21.084	-0.192
7.660	-23.641	-0.164
7.680	-25.848	-0.137
7.700	-27.685	-0.109
7.720	-29.114	-0.071
7.740	-30.118	-0.040
7.760	-30.672	-0.007
7.780	-30.817	0.026
7.800	-30.510	0.064
7.820	-29.802	0.095
7.840	-28.604	0.128
7.860	-27.009	0.157
7.880	-25.048	0.184
7.900	-22.717	0.208
7.920	-20.026	0.242
7.940	-17.051	0.258
7.960	-13.860	0.270
7.980	-10.444	0.274
8.000	-6.883	0.281
8.020	-3.225	0.283
8.040	0.502	0.279
8.060	4.187	0.275
8.080	7.818	0.267
8.100	11.363	0.254
8.120	14.709	0.241
8.140	17.867	0.215
8.160	20.762	0.196
8.180	23.362	0.161
8.200	25.607	0.138
8.220	27.487	0.105
8.240	28.969	0.075
8.260	30.016	0.037
8.280	30.666	0.006
8.300	30.876	-0.035
8.320	30.618	-0.062
8.340	29.941	-0.101
8.360	28.835	-0.131
8.380	27.299	-0.164
8.400	25.403	-0.189
8.420	23.104	-0.219
8.440	20.531	-0.236
8.460	17.561	-0.258
8.480	14.376	-0.271
8.500	10.992	-0.282
8.520	7.474	-0.288
8.540	3.827	-0.292
8.560	0.126	-0.284
8.580	-3.553	-0.281
8.600	-7.211	-0.266
8.620	-10.777	-0.255
8.640	-14.161	-0.236
8.660	-17.346	-0.217
8.680	-20.289	-0.190
8.700	-22.927	-0.164
8.720	-25.236	-0.134
8.740	-27.180	-0.106
8.760	-28.760	-0.069
8.780	-29.893	-0.042
8.800	-30.586	-0.005
8.820	-30.817	0.025
8.840	-30.688	0.067
8.860	-30.102	0.090
8.880	-29.060	0.132
8.900	-27.578	0.159
8.920	-25.703	0.188
8.940	-23.490	0.214
8.960	-20.907	0.242
8.980	-18.017	0.259
9.000	-14.870	0.279
9.020	-11.529	0.285
9.040	-7.990	0.293
9.060	-4.359	0.298
9.080	-0.653	0.292
9.100	3.059	0.289
9.120	6.727	0.281
9.140	10.272	0.267
9.160	13.715	0.246
9.180	16.927	0.233
9.200	19.903	0.208
9.220	22.615	0.183
9.240	24.957	0.153
9.260	26.901	0.124
9.280	28.555	0.087
9.300	29.764	0.056
9.320	30.527	0.018
9.340	30.854	-0.011
9.360	30.747	-0.054
9.380	30.210	-0.078
9.400	29.211	-0.114
9.420	27.798	-0.148
9.440	26.015	-0.179
9.460	23.845	-0.208
9.480	21.310	-0.230
9.500	18.554	-0.247
9.520	15.385	-0.264
9.540	12.066	-0.275
9.560	8.575	-0.283
9.580	4.966	-0.288
9.600	1.270	-0.287
9.620	-2.420	-0.281
9.640	-6.083	-0.275
9.660	-9.671	-0.260
9.680	-13.119	-0.243
9.700	-16.368	-0.224
9.720	-19.403	-0.202
9.740	-22.148	-0.177
9.760	-24.522	-0.146
9.780	-26.622	-0.116
9.800	-28.303	-0.084
9.820	-29.565	-0.056
9.840	-30.414	-0.017
9.860	-30.774	0.013
9.880	-30.790	0.050
9.900	-30.285	0.080
9.920	-29.388	0.112
9.940	-28.061	0.144
9.960	-26.300	0.174
9.980	-24.178	0.200
10.000	-21.707	0.228
10.020	-18.920	0.248
10.040	-15.831	0.265
10.060	-12.555	0.275
10.080	-9.069	0.282
10.100	-5.454	0.286
10.120	-1.781	0.286
10.140	1.942	0.287
10.160	5.621	0.275
10.180	9.203	0.263
10.200	12.695	0.243
10.220	15.976	0.230
10.240	19.016	0.203
10.260	21.836	0.181
10.280	24.275	0.152
10.300	26.391	0.124
10.320	28.099	0.089
10.340	29.404	0.057
10.360	30.328	0.018
10.380	30.795	-0.013
10.400	30.822	-0.052
10.420	30.425	-0.082
10.440	29.549	-0.117
10.460	28.281	-0.584
10.480	26.638	-0.184
10.500	24.554	-0.207
10.520	22.110	-0.236
10.540	19.371	-0.255
10.560	16.368	-0.272
10.580	13.173	-0.284
10.600	9.671	-0.296
10.620	6.088	-0.298
10.640	2.420	-0.300
10.660	-1.179	-0.296
10.680	-4.955	-0.289
10.700	-8.575	-0.276
10.720	-12.088	-0.263
10.740	-15.380	-0.242
10.760	-18.409	-0.220
10.780	-21.331	-0.191
10.800	-23.823	-0.168
10.820	-25.999	-0.135
10.840	-27.771	-0.106
10.860	-29.211	-0.073
10.880	-30.194	-0.040
10.900	-30.715	-0.007
10.920	-30.811	0.027
10.940	-30.451	0.064
10.960	-29.716	0.095
10.980	-28.496	0.126
11.000	-26.874	0.155
11.020	-24.839	0.186
11.040	-22.497	0.209
11.060	-19.763	0.234
11.080	-16.793	0.255
11.100	-13.575	0.267
11.120	-10.143	0.275
11.140	-6.572	0.284
11.160	-2.903	0.282
11.180	0.803	0.283
11.200	4.498	0.273
11.220	8.129	0.265
11.240	11.631	0.251
11.260	14.988	0.231
11.280	18.125	0.209
11.300	21.004	0.186
11.320	23.566	0.158
11.340	25.779	0.131
11.360	27.615	0.098
11.380	29.044	0.068
11.400	30.102	0.031
11.420	30.704	0.002
11.440	30.870	-0.040
11.460	30.586	-0.069
11.480	29.887	-0.106
11.500	28.711	-0.137
11.520	27.164	-0.173
11.540	25.225	-0.194
11.560	22.889	-0.226
11.580	20.241	-0.243
11.600	17.303	-0.263
11.620	14.113	-0.272
11.640	10.718	-0.289
11.660	7.189	-0.291
11.680	3.548	-0.296
11.700	-0.164	-0.293
11.720	-3.865	-0.285
11.740	-7.495	-0.273
11.760	-11.056	-0.260
11.780	-14.408	-0.243
11.800	-17.518	-0.219
11.820	-20.515	-0.194
11.840	-23.131	-0.173
11.860	-25.419	-0.136
11.880	-27.320	-0.110
11.900	-28.872	-0.071
11.920	-29.963	-0.044
11.940	-30.623	-0.010
11.960	-30.817	0.025
11.980	-30.656	0.059
12.000	-30.027	0.093
12.020	-28.958	0.126
12.040	-27.449	0.156
12.060	-25.548	0.184
12.080	-23.270	0.211
12.100	-20.676	0.240
12.120	-17.786	0.261
12.140	-14.612	0.272
12.160	-11.255	0.283
12.180	-7.705	0.283
12.200	-4.052	0.288
12.220	-0.352	0.289
12.240	3.360	0.285
12.260	7.012	0.272
12.280	10.573	0.262
12.300	13.984	0.250
12.320	17.179	0.226
12.340	20.128	0.205
12.360	22.814	0.179
12.380	25.075	0.148
12.400	27.100	0.121
12.420	28.668	0.086
12.440	29.834	0.054
12.460	30.564	0.017
12.480	30.865	-0.019
12.500	30.720	-0.052
12.520	30.118	-0.083
12.540	29.109	-0.118
12.560	27.675	-0.155
12.580	25.854	-0.185
12.600	23.635	-0.204
12.620	21.143	-0.229
12.640	18.232	-0.249
12.660	15.106	-0.268
12.680	11.760	-0.272
12.700	8.360	-0.283
12.720	4.649	-0.282
12.740	0.980	-0.286
12.760	-2.726	-0.275
12.780	-6.405	-0.266
12.800	-9.977	-0.256
12.820	-13.414	-0.239
12.840	-16.653	-0.220
12.860	-19.629	-0.194
12.880	-22.352	-0.170
12.900	-24.742	-0.139
12.920	-26.783	-0.115
12.940	-28.453	-0.079
12.960	-29.651	-0.048
12.980	-30.457	-0.009
13.000	-30.806	0.019
13.020	-30.768	0.056
13.040	-30.253	0.087
13.060	-29.307	0.121
13.080	-27.916	0.153
13.100	-26.149	0.183
13.120	-23.985	0.206
13.140	-21.487	0.234
13.160	-18.662	0.255
13.180	-15.584	0.273
13.200	-12.281	0.283
13.220	-8.806	0.291
13.240	-5.148	0.297
13.260	-1.464	0.292
13.280	2.242	0.287
13.300	5.922	0.276
13.320	9.493	0.267
13.340	12.969	0.249
13.360	16.223	0.234
13.380	19.258	0.209
13.400	22.040	0.183
13.420	24.463	0.154
13.440	26.536	0.124
13.460	28.228	-0.379
13.480	29.495	0.061
13.500	30.392	0.026
13.520	30.817	-0.008
13.540	30.801	-0.048
13.560	30.360	-0.078
13.580	29.463	-0.117
13.600	28.158	-0.580
13.620	26.488	-0.181
13.640	24.361	-0.205
13.660	21.906	-0.233
13.680	19.135	-0.248
13.700	16.105	-0.270
13.720	12.818	-0.280
13.740	9.365	-0.291
13.760	5.782	-0.293
13.780	2.119	-0.296
13.800	-1.582	-0.289
13.820	-5.272	-0.281
13.840	-8.801	-0.268
13.860	-12.356	-0.255
13.880	-15.654	-0.236
13.900	-18.732	-0.215
13.920	-21.546	-0.187
13.940	-24.017	-0.160
13.960	-26.181	-0.131
13.980	-27.959	-0.101
14.000	-29.334	-0.072
14.020	-30.237	-0.033
14.040	-30.725	-0.002
14.060	-30.806	0.035
14.080	-30.414	0.068
14.100	-29.635	0.099
14.120	-28.362	0.134
14.140	-26.713	0.159
14.160	-24.661	0.188
14.180	-22.277	0.213
14.200	-19.532	0.234
14.220	-16.530	0.257
14.240	-13.296	0.271
14.260	-9.934	0.277
14.280	-6.271	0.282
14.300	-2.586	0.282
14.320	1.125	0.282
14.340	4.804	0.273
14.360	8.425	0.264
14.380	11.927	0.245
14.400	15.257	0.230
14.420	18.366	0.207
14.440	21.219	0.184
14.460	23.770	0.153
14.480	25.897	0.127
14.500	27.766	0.090
14.520	29.178	0.067
14.540	30.161	0.022
14.560	30.731	-0.000
14.580	30.870	-0.045
14.600	30.548	-0.071
14.620	29.769	-0.111
14.640	28.609	-0.145
14.660	27.014	-0.181
14.680	25.053	-0.200
14.700	22.685	-0.231
14.720	19.999	-0.246
14.740	17.126	-0.274
14.760	13.839	-0.277
14.780	10.439	-0.296
14.800	6.883	-0.294
14.820	3.241	-0.301
14.840	-0.363	-0.297
14.860	-4.144	-0.292
14.880	-7.791	-0.281
14.900	-11.325	-0.264
14.920	-14.660	-0.242
14.940	-17.824	-0.226
14.960	-20.730	-0.197
14.980	-23.292	-0.174
15.000	-25.542	-0.138
15.020	-27.454	-0.112
15.040	-28.958	-0.077
15.060	-30.011	-0.045
15.080	-30.623	-0.011
15.100	-30.817	0.022
15.120	-30.591	0.060
15.140	-29.941	0.089
15.160	-28.819	0.130
15.180	-27.261	0.152
15.200	-25.344	0.181
15.220	-23.055	0.209
15.240	-20.424	0.238
15.260	-17.502	0.251
15.280	-14.322	0.270
15.300	-10.944	0.272
15.320	-7.383	0.283
15.340	-3.736	0.283
15.360	-0.030	0.286
15.380	3.580	0.275
15.400	7.323	0.271
15.420	10.858	0.255
15.440	14.263	0.244
15.460	17.437	0.214
15.480	20.365	0.193
15.500	23.045	0.163
15.520	25.306	0.142
15.540	27.234	0.105
15.560	28.776	0.080
15.580	29.898	0.038
15.600	30.613	0.009
15.620	30.870	-0.030
15.640	30.693	-0.065
15.660	30.038	-0.097
15.680	29.007	-0.577
15.700	27.556	-0.159
15.720	25.687	-0.189
15.740	23.437	-0.216
15.760	20.859	-0.237
15.780	17.980	-0.258
15.800	14.929	-0.273
15.820	11.491	-0.281
15.840	7.968	-0.286
15.860	4.343	-0.293
15.880	0.653	-0.289
15.900	-3.043	-0.285
15.920	-6.711	-0.272
15.940	-10.288	-0.263
15.960	-13.683	-0.241
15.980	-16.911	-0.223
16.000	-19.897	-0.193
16.020	-22.572	-0.174
16.040	-24.930	-0.136
16.060	-26.939	-0.113
16.080	-28.588	-0.076
16.100	-29.764	-0.049
16.120	-30.537	-0.007
16.140	-30.817	0.018
16.160	-30.709	0.061
16.180	-30.199	0.087
16.200	-29.232	0.127
16.220	-27.825	0.151
16.240	-25.988	0.185
16.260	-23.829	0.209
16.280	-21.288	0.234
16.300	-18.420	0.254
16.320	-15.332	0.276
16.340	-12.007	0.285
16.360	-8.510	0.295
16.380	-4.864	0.298
16.400	-1.163	0.298
16.420	2.538	0.291
16.440	6.217	0.286
16.460	9.778	0.271
16.480	13.242	0.256
16.500	16.492	0.232
16.520	19.494	0.217
16.540	22.244	0.186
16.560	24.656	0.157
16.580	26.692	0.128
16.600	28.351	0.094
16.620	29.592	0.062
16.640	30.435	0.026
16.660	30.833	-0.008
16.680	30.784	-0.041
16.700	30.323	-0.076
16.720	29.377	-0.110
16.740	28.034	-0.146
16.760	26.289	-0.173
16.780	24.178	-0.200
16.800	21.691	-0.225
16.820	18.893	-0.241
16.840	15.901	-0.263
16.860	12.523	-0.273
16.880	9.069	-0.283
16.900	5.470	-0.288
16.920	1.807	-0.290
16.940	-1.899	-0.283
16.960	-5.573	-0.274
16.980	-9.203	-0.264
17.000	-12.657	-0.247
17.020	-15.912	-0.230
17.040	-18.995	-0.202
17.060	-21.707	-0.180
17.080	-24.248	-0.150
17.100	-26.364	-0.125
17.120	-28.077	-0.087
17.140	-29.415	-0.060
17.160	-30.306	-0.019
17.180	-30.763	0.007
17.200	-30.801	0.047
17.220	-30.392	0.075
17.240	-29.533	0.109
17.260	-28.281	0.142
17.280	-26.573	0.172
17.300	-24.495	0.193
17.320	-22.073	0.224
17.340	-19.306	0.246
17.360	-16.277	0.263
17.380	-13.038	0.277
17.400	-9.574	0.283
17.420	-5.981	0.288
17.440	-2.280	0.288
17.460	1.415	0.288
17.480	5.111	0.273
17.500	8.715	0.264
17.520	12.211	0.246
17.540	15.520	0.234
17.560	18.614	0.208
17.580	21.444	0.186
17.600	23.952	0.155
17.620	26.117	0.128
17.640	27.889	0.089
17.660	29.275	0.063
17.680	30.237	0.023
17.700	30.758	-0.005
17.720	30.849	-0.046
17.740	30.521	-0.073
17.760	29.699	-0.114
17.780	28.486	-0.145
17.800	26.842	-0.178
17.820	24.876	-0.199
17.840	22.491	-0.233
17.860	19.774	-0.249
17.880	16.787	-0.272
17.900	13.559	-0.280
17.920	10.143	-0.295
17.940	6.588	-0.294
17.960	2.941	-0.301
17.980	-0.749	-0.296
18.000	-4.450	-0.288
18.020	-8.092	-0.277
18.040	-11.594	-0.262
18.060	-14.929	-0.242
18.080	-18.050	-0.220
18.100	-20.934	-0.197
18.120	-23.490	-0.168
18.140	-25.714	-0.140
18.160	-27.578	-0.109
18.180	-29.023	-0.079
18.200	-30.075	-0.045
18.220	-30.645	-0.010
18.240	-30.817	0.022
18.260	-30.543	0.061
18.280	-29.834	0.088
18.300	-28.700	0.128
18.320	-27.094	0.152
18.340	-25.161	0.180
18.360	-22.841	0.205
18.380	-20.177	0.235
18.400	-17.228	0.251
18.420	-14.037	0.264
18.440	-10.648	0.272
18.460	-7.076	0.286
18.480	-3.424	0.280
18.500	0.293	0.282
18.520	3.988	0.272
18.540	7.619	0.264
18.560	11.169	0.248
18.580	14.526	0.235
18.600	17.695	0.214
18.620	20.612	0.193
18.640	23.179	0.159
18.660	25.489	0.135
18.680	27.390	0.097
18.700	28.894	0.071
18.720	29.979	0.034
18.740	30.645	0.005
18.760	30.865	-0.031
18.780	30.661	-0.068
18.800	29.979	-0.099
18.820	28.899	-0.130
18.840	27.427	-0.164
18.860	25.526	-0.200
18.880	23.243	-0.224
18.900	20.633	-0.245
18.920	17.743	-0.265
18.940	14.574	-0.275
18.960	11.207	-0.286
18.980	7.689	-0.294
19.000	4.052	-0.293
19.020	0.368	-0.293
19.040	-3.344	-0.288
19.060	-7.012	-0.277
19.080	-10.557	-0.263
19.100	-13.951	-0.243
19.120	-17.147	-0.222
19.140	-20.037	-0.199
19.160	-22.755	-0.177
19.180	-25.113	-0.141
19.200	-27.094	-0.115
19.220	-28.690	-0.078
19.240	-29.834	-0.050
19.260	-30.564	-0.015
19.280	-30.822	0.017
19.300	-30.715	0.053
19.320	-30.145	0.085
19.340	-29.130	0.121
19.360	-27.680	0.150
19.380	-25.827	0.182
19.400	-23.614	0.208
19.420	-21.063	0.238
19.440	-18.184	0.256
19.460	-15.074	0.271
19.480	-11.728	0.279
19.500	-8.210	0.285
19.520	-4.568	0.290
19.540	-0.862	0.291
19.560	2.855	0.283
19.580	6.496	0.276
19.600	10.073	0.267
19.620	13.511	0.251
19.640	16.744	0.234
19.660	19.666	0.204
19.680	22.475	0.181
19.700	24.828	0.151
19.720	26.847	0.121
19.740	28.469	0.089
19.760	29.689	0.058
19.780	30.489	0.021
19.800	30.849	-0.008
19.820	30.763	-0.045
19.840	30.263	-0.077
19.860	29.281	-0.113
19.880	27.906	-0.144
19.900	26.138	-0.182
19.920	23.979	-0.203
19.940	21.449	-0.228
19.960	18.646	-0.246
19.980	15.633	-0.263
20.000	12.238	-0.274
20.020	8.752	-0.282
20.040	5.170	-0.286
20.060	1.496	-0.289
20.080	-2.216	-0.280
20.100	-5.900	-0.272
20.120	-9.488	-0.259
20.140	-12.942	-0.243
20.160	-16.202	-0.226
20.180	-19.258	-0.202
20.200	-21.970	-0.173
20.220	-24.430	-0.148
20.240	-26.525	-0.116
20.260	-28.212	-0.086
20.280	-29.511	-0.052
20.300	-30.376	-0.015
20.320	-30.779	0.014
20.340	-30.790	0.053
20.360	-30.349	0.080
20.380	-29.463	0.117
20.400	-28.147	0.147
20.420	-26.407	0.176
20.440	-24.318	0.203
20.460	-21.868	0.229
20.480	-19.081	0.246
20.500	-16.014	0.265
20.520	-12.829	0.285
20.540	-9.289	0.290
20.560	-5.675	0.299
20.580	-1.995	0.295
20.600	1.727	0.292
20.620	5.395	0.281
20.640	8.994	0.271
20.660	12.496	0.252
20.680	15.788	0.239
20.700	18.855	0.213
20.720	21.680	0.195
20.740	24.151	0.156
20.760	26.219	0.136
20.780	28.024	0.096
20.800	29.372	0.069
20.820	30.301	0.027
20.840	30.784	0.001
20.860	30.833	-0.038
20.880	30.446	-0.069
20.900	29.614	-0.109
20.920	28.378	-0.144
20.940	26.702	-0.173
20.960	24.688	-0.199
20.980	22.266	-0.226
21.000	19.537	-0.243
21.020	16.540	-0.263
21.040	13.291	-0.278
21.060	9.853	-0.291
21.080	6.292	-0.294
21.100	2.640	-0.293
21.120	-1.072	-0.291
21.140	-4.745	-0.282
21.160	-8.398	-0.269
21.180	-11.894	-0.257
21.200	-15.214	-0.236
21.220	-18.323	-0.217
21.240	-21.176	-0.191
21.260	-23.695	-0.166
21.280	-25.891	-0.135
21.300	-27.718	-0.108
21.320	-29.146	-0.069
21.340	-30.129	-0.040
21.360	-30.693	-0.003
21.380	-30.801	0.029
21.400	-30.505	0.067
21.420	-29.775	0.095
21.440	-28.588	0.130
21.460	-26.987	0.157
21.480	-24.962	0.184
21.500	-22.626	0.209
21.520	-19.994	0.239
21.540	-16.986	0.252
21.560	-13.769	0.270
21.580	-10.347	0.274
21.600	-6.776	0.283
21.620	-3.107	0.283
21.640	0.599	0.282
21.660	4.283	0.273
21.680	7.914	0.263
21.700	11.438	0.245
21.720	14.805	0.233
21.740	17.942	0.209
21.760	20.832	0.185
21.780	23.426	0.155
21.800	25.660	0.133
21.820	27.540	0.093
21.840	28.996	0.068
21.860	30.059	0.031
21.880	30.666	-0.002
21.900	30.865	-0.043
21.920	30.618	-0.069
21.940	29.904	-0.107
21.960	28.797	-0.141
21.980	27.234	-0.174
22.000	25.354	-0.192
22.020	23.045	-0.231
22.040	20.407	-0.241
22.060	17.486	-0.269
22.080	14.306	-0.280
22.100	10.917	-0.298
22.120	7.404	-0.293
22.140	3.854	-0.307
22.160	0.067	-0.296
22.180	-3.542	-0.297
22.200	-7.286	-0.280
22.220	-10.804	-0.271
22.240	-14.198	-0.247
22.260	-17.394	-0.228
22.280	-20.262	-0.203
22.300	-22.964	-0.179
22.320	-25.252	-0.148
22.340	-27.223	-0.119
22.360	-28.760	-0.084
22.380	-29.898	-0.052
22.400	-30.564	-0.014
22.420	-30.801	0.014
22.440	-30.645	0.058
22.460	-30.049	0.083
22.480	-29.007	0.123
22.500	-27.513	0.147
22.520	-25.634	0.176
22.540	-23.399	0.202
22.560	-20.816	0.227
22.580	-17.926	0.247
22.600	-14.762	0.272
22.620	-11.427	0.272
22.640	-7.904	0.286
22.660	-4.251	0.283
22.680	-0.551	0.289
22.700	3.150	0.276
22.720	6.813	0.271
22.740	10.353	0.261
22.760	13.801	0.249
22.780	16.922	0.222
22.800	19.967	0.200
22.820	22.679	0.172
22.840	25.016	0.146
22.860	26.955	0.110
22.880	28.593	0.081
22.900	29.775	0.047
22.920	30.532	0.015
22.940	30.860	-0.022
22.960	30.731	-0.055
22.980	30.161	-0.090
23.000	29.184	-0.125
23.020	27.744	-0.158
23.040	25.972	-0.181
23.060	23.791	-0.210
23.080	21.240	-0.231
23.100	18.404	-0.256
23.120	15.300	-0.266
23.140	12.034	-0.279
23.160	8.462	-0.285
23.180	4.864	-0.296
23.200	1.270	-0.289
23.220	-2.527	-0.284
23.240	-6.104	-0.273
23.260	-9.789	-0.264
23.280	-13.135	-0.242
23.300	-16.460	-0.225
23.320	-19.419	-0.197
23.340	-22.218	-0.176
23.360	-24.624	-0.144
23.380	-26.692	-0.117
23.400	-28.373	-0.076
23.420	-29.619	-0.050
23.440	-30.457	-0.011
23.460	-30.801	0.012
23.480	-30.763	0.055
23.500	-30.290	0.084
23.520	-29.399	0.122
23.540	-28.029	0.150
23.560	-26.283	0.181
23.580	-24.146	0.209
23.600	-21.659	0.234
23.620	-18.850	0.256
23.640	-15.767	0.275
23.660	-12.490	0.286
23.680	-9.005	0.293
23.700	-5.385	0.299
23.720	-1.684	0.296
23.740	2.028	0.292
23.760	5.701	0.283
23.780	9.289	0.276
23.800	12.759	0.256
23.820	15.982	0.235
23.840	19.092	0.216
23.860	21.901	0.192
23.880	24.339	0.159
23.900	26.423	0.133
23.920	28.104	0.102
23.940	29.469	0.068
23.960	30.349	0.033
23.980	30.806	0.001
24.000	30.817	-0.036
24.020	30.419	-0.069
24.040	29.528	-0.104
24.060	28.249	-0.138
24.080	26.563	-0.170
24.100	24.500	-0.200
24.120	22.040	-0.222
24.140	19.301	-0.246
24.160	16.272	-0.261
24.180	13.092	-0.276
24.200	9.552	-0.283
24.220	5.981	-0.288
24.240	2.414	-0.290
24.260	-1.383	-0.280
24.280	-5.062	-0.278
24.300	-8.704	-0.261
24.320	-12.179	-0.253
24.340	-15.471	-0.231
24.360	-18.565	-0.211
24.380	-21.412	-0.181
24.400	-23.904	-0.157
24.420	-26.074	-0.123
24.440	-27.879	-0.097
24.460	-29.243	-0.065
24.480	-30.210	-0.027
24.500	-30.720	0.002
24.520	-30.833	0.042
24.540	-30.462	0.072
24.560	-29.705	0.106
24.580	-28.464	0.136
24.600	-26.810	0.166
24.620	-24.806	0.192
24.640	-22.422	0.220
24.660	-19.720	0.242
24.680	-16.723	0.259
24.700	-13.506	0.274
24.720	-10.068	0.283
24.740	-6.486	0.288
24.760	-2.806	0.290
24.780	0.894	0.285
24.800	4.590	0.280
24.820	8.210	0.270
24.840	11.733	0.250
24.860	15.069	0.234
24.880	18.195	0.212
24.900	21.068	0.190
24.920	23.635	0.156
24.940	25.838	0.132
24.960	27.664	0.095
24.980	29.109	0.067
25.000	30.129	0.032
25.020	30.715	-0.003
25.040	30.865	-0.039
25.060	30.575	-0.070
25.080	29.834	-0.107
25.100	28.690	-0.138
25.120	27.105	-0.174
25.140	25.172	-0.199
25.160	22.819	-0.231
25.180	20.246	-0.248
25.200	17.233	-0.268
25.220	14.043	-0.282
25.240	10.648	-0.293
25.260	7.114	-0.294
25.280	3.542	-0.304
25.300	-0.255	-0.295
25.320	-3.838	-0.292
25.340	-7.581	-0.277
25.360	-11.019	-0.266
25.380	-14.483	-0.243
25.400	-17.550	-0.228
25.420	-20.552	-0.202
25.440	-23.163	-0.176
25.460	-25.424	-0.142
25.480	-27.347	-0.116
25.500	-28.824	-0.082
25.520	-29.947	-0.049
25.540	-30.591	-0.013
25.560	-30.801	0.016
25.580	-30.613	0.055
25.600	-29.973	0.084
25.620	-28.878	0.120
25.640	-27.352	0.147
25.660	-25.451	0.176
25.680	-23.190	0.205
25.700	-20.569	0.233
25.720	-17.647	0.250
25.740	-14.499	0.266
25.760	-11.132	0.273
25.780	-7.587	0.280
25.800	-3.934	0.283
25.820	-0.228	0.280
25.840	3.478	0.275
25.860	7.119	0.266
25.880	10.659	0.253
25.900	13.994	0.238
25.920	17.260	0.215
25.940	20.219	0.193
25.960	22.889	0.164
25.980	25.198	0.139
26.000	27.100	0.103
26.020	28.706	0.075
26.040	29.834	0.038
26.060	30.575	0.005
26.080	30.860	-0.032
26.100	30.704	-0.065
26.120	30.102	-0.097
26.140	29.109	-0.127
26.160	27.615	-0.164
26.180	25.811	-0.193
26.200	23.576	-0.222
26.220	21.084	-0.243
26.240	18.162	-0.263
26.260	15.036	-0.277
26.280	11.685	-0.285
26.300	8.188	-0.296
26.320	4.568	-0.294
26.340	0.889	-0.294
26.360	-2.828	-0.291
26.380	-6.486	-0.279
26.400	-9.988	-0.265
26.420	-13.490	-0.247
26.440	-16.712	-0.224
26.460	-19.725	-0.203
26.480	-22.411	-0.181
26.500	-24.790	-0.148
26.520	-26.837	-0.119
26.540	-28.491	-0.082
26.560	-29.694	-0.050
26.580	-30.494	-0.017
26.600	-30.801	0.010
26.620	-30.758	0.052
26.640	-30.253	0.080
26.660	-29.286	0.116
26.680	-27.911	0.144
26.700	-26.095	0.174
26.720	-24.001	0.201
26.740	-21.439	0.232
26.760	-18.683	0.251
26.780	-15.520	0.266
26.800	-12.222	0.273
26.820	-8.715	0.283
26.840	-5.078	0.287
26.860	-1.399	0.290
26.880	2.323	0.283
26.900	5.991	0.278
26.920	9.574	0.264
26.940	13.049	0.251
26.960	16.315	0.233
26.980	19.328	0.212
27.000	22.105	0.188
27.020	24.532	0.157
27.040	26.595	0.126
27.060	28.260	0.090
27.080	29.549	0.058
27.100	30.403	0.022
27.120	30.822	-0.004
27.140	30.801	-0.048
27.160	30.333	-0.074
27.180	29.442	-0.112
27.200	28.115	-0.140
27.220	26.396	-0.176
27.240	24.361	-0.202
27.260	21.836	-0.226
27.280	19.059	-0.245
27.300	16.014	-0.268
27.320	12.721	-0.272
27.340	9.262	-0.286
27.360	5.766	-0.285
27.380	2.006	-0.293
27.400	-1.711	-0.277
27.420	-5.379	-0.275
27.440	-9.005	-0.264
27.460	-12.458	-0.245
27.480	-15.740	-0.227
27.500	-18.828	-0.202
27.520	-21.648	-0.177
27.540	-24.103	-0.150
27.560	-26.251	-0.121
27.580	-28.002	-0.088
27.600	-29.361	-0.059
27.620	-30.280	-0.019
27.640	-30.725	0.010
27.660	-30.844	0.047
27.680	-30.430	0.076
27.700	-29.624	0.113
27.720	-28.362	0.142
27.740	-26.697	0.171
27.760	-24.656	0.203
27.780	-22.223	0.223
27.800	-19.489	0.249
27.820	-16.470	0.270
27.840	-13.242	0.286
27.860	-9.800	0.290
27.880	-6.185	0.296
27.900	-2.516	0.296
27.920	1.206	0.296
27.940	4.885	0.286
27.960	8.494	0.275
27.980	12.007	0.256
28.000	15.348	0.240
28.020	18.436	0.215
28.040	21.294	0.193
28.060	23.829	0.166
28.080	25.950	0.135
28.100	27.793	0.097
28.120	29.211	0.071
28.140	30.188	0.033
28.160	30.741	-0.488
28.180	30.860	-0.037
28.200	30.527	-0.063
28.220	29.775	-0.106
28.240	28.577	-0.579
28.260	27.009	-0.171
28.280	25.000	-0.196
28.300	22.620	-0.226
28.320	19.946	-0.243
28.340	16.981	-0.265
28.360	13.747	-0.275
28.380	10.337	-0.292
28.400	6.792	-0.289
28.420	3.145	-0.298
28.440	-0.551	-0.290
28.460	-4.251	-0.288
28.480	-7.893	-0.270
28.500	-11.400	-0.260
28.520	-14.741	-0.238
28.540	-17.829	-0.221
28.560	-20.794	-0.193
28.580	-23.372	-0.168
28.600	-25.601	-0.136
28.620	-27.492	-0.110
28.640	-28.980	-0.075
28.660	-30.022	-0.043
28.680	-30.661	-0.009
28.700	-30.833	0.026
28.720	-30.570	0.058
28.740	-29.882	0.092
28.760	-28.776	0.126
28.780	-27.229	0.153
28.800	-25.274	0.180
28.820	-22.975	0.204
28.840	-20.338	0.234
28.860	-17.394	0.251
28.880	-14.236	0.265
28.900	-10.836	0.271
28.920	-7.297	0.283
28.940	-3.628	0.279
28.960	0.078	0.283
28.980	3.779	0.275
29.000	7.426	0.266
29.020	10.960	0.250
29.040	14.333	0.231
29.060	17.523	0.216
29.080	20.434	0.192
29.100	23.104	0.162
29.120	25.370	0.131
29.140	27.299	0.096
29.160	28.819	0.072
29.180	29.909	0.035
29.200	30.623	0.002
29.220	30.865	-0.035
29.240	30.672	-0.069
29.260	30.038	-0.099
29.280	28.974	-0.133
29.300	27.492	-0.167
29.320	25.634	-0.197
29.340	23.378	-0.224
29.360	20.789	-0.247
29.380	17.910	-0.263
29.400	14.838	-0.282
29.420	11.416	-0.288
29.440	7.984	-0.297
29.460	4.273	-0.302
29.480	0.588	-0.299
29.500	-3.107	-0.289
29.520	-6.776	-0.280
29.540	-10.347	-0.271
29.560	-13.742	-0.251
29.580	-16.948	-0.230
29.600	-19.919	-0.206
29.620	-22.604	-0.183
29.640	-24.951	-0.148
29.660	-26.960	-0.119
29.680	-28.561	-0.082
29.700	-29.742	-0.056
29.720	-30.500	-0.017
29.740	-30.784	0.010
29.760	-30.704	0.051
29.780	-30.161	0.080
29.800	-29.168	0.115
29.820	-27.750	0.147
29.840	-25.902	0.176
29.860	-23.781	0.200
29.880	-21.186	0.230
29.900	-18.334	0.246
29.920	-15.224	0.268
29.940	-11.900	0.273
29.960	-8.392	0.282
29.980	-4.767	0.285
30.000	-1.066	0.287
30.020	2.645	0.276
30.040	6.314	0.270
30.060	9.869	0.263
30.080	13.323	0.246
30.100	16.567	0.223
30.120	19.575	0.199
30.140	22.325	0.176
30.160	24.704	0.149
30.180	26.740	0.115
30.200	28.384	0.080
30.220	29.646	0.053
30.240	30.457	0.019
30.260	30.833	-0.015
30.280	30.779	-0.052
30.300	30.280	-0.084
30.320	29.356	-0.116
30.340	27.981	-0.152
30.360	26.235	-0.183
30.380	24.114	-0.211
30.400	21.611	-0.235
30.420	18.812	-0.249
30.440	15.831	-0.273
30.460	12.448	-0.276
30.480	8.967	-0.289
30.500	5.374	-0.289
30.520	1.700	-0.291
30.540	-2.011	-0.283
30.560	-5.675	-0.276
30.580	-9.214	-0.261
30.600	-12.764	-0.246
30.620	-15.944	-0.224
30.640	-19.081	-0.206
30.660	-21.858	-0.176
30.680	-24.307	-0.148
30.700	-26.428	-0.120
30.720	-28.153	-0.081
30.740	-29.463	-0.053
30.760	-30.355	-0.018
30.780	-30.763	0.013
30.800	-30.795	0.052
30.820	-30.392	0.084
30.840	-29.554	0.116
30.860	-28.298	0.148
30.880	-26.536	0.178
30.900	-24.473	0.205
30.920	-22.035	0.229
30.940	-19.263	0.250
30.960	-16.229	0.271
30.980	-12.958	0.280
31.000	-9.483	0.291
31.020	-5.906	0.296
31.040	-2.199	0.298
31.060	1.501	0.295
31.080	5.180	0.287
31.100	8.795	0.278
31.120	12.286	0.257
31.140	15.606	0.240
31.160	18.673	0.218
31.180	21.509	0.194
31.200	24.017	0.161
31.220	26.106	0.132
31.240	27.927	0.100
31.260	29.302	0.070
31.280	30.253	0.030
31.300	30.763	0.002
31.320	30.844	-0.036
31.340	30.484	-0.064
31.360	29.673	-0.103
31.380	28.448	-0.132
31.400	26.821	-0.167
31.420	24.812	-0.193
31.440	22.416	-0.223
31.460	19.698	-0.240
31.480	16.718	-0.260
31.500	13.559	-0.267
31.520	10.063	-0.286
31.540	6.502	-0.287
31.560	2.844	-0.289
31.580	-0.857	-0.283
31.600	-4.552	-0.277
31.620	-8.102	-0.266
31.640	-11.696	-0.250
31.660	-15.026	-0.234
31.680	-18.157	-0.212
31.700	-21.036	-0.186
31.720	-23.501	-0.161
31.740	-25.773	-0.128
31.760	-27.626	-0.098
31.780	-29.098	-0.068
31.800	-30.124	-0.032
31.820	-30.677	-0.003
31.840	-30.860	0.033
31.860	-30.516	0.069
31.880	-29.850	0.101
31.900	-28.668	0.134
31.920	-27.078	0.163
31.940	-25.145	0.190
31.960	-22.781	0.213
31.980	-20.123	0.238
32.000	-17.158	0.261
32.020	-13.957	0.275
32.040	-10.552	0.284
32.060	-6.990	0.286
32.080	-3.322	0.292
32.100	0.379	0.290
32.120	4.090	0.283
32.140	7.705	0.269
32.160	11.244	0.254
32.180	14.612	0.236
32.200	17.786	0.218
32.220	20.681	0.196
32.240	23.297	0.163
32.260	25.542	0.138
32.280	27.427	0.103
32.300	28.921	0.072
32.320	30.006	0.032
32.340	30.656	0.004
32.360	30.876	-0.037
32.380	30.645	-0.062
32.400	29.963	-0.104
32.420	28.867	-0.131
32.440	27.401	-0.173
32.460	25.467	-0.193
32.480	23.184	-0.223
32.500	20.569	-0.240
32.520	17.652	-0.263
32.540	14.494	-0.277
32.560	11.115	-0.287
32.580	7.689	-0.296
32.600	3.972	-0.301
32.620	0.260	-0.299
32.640	-3.419	-0.289
32.660	-7.066	-0.280
32.680	-10.627	-0.264
32.700	-14.021	-0.249
32.720	-17.217	-0.228
32.740	-20.171	-0.204
32.760	-22.755	-0.177
32.780	-25.129	-0.147
32.800	-27.089	-0.121
32.820	-28.679	-0.084
32.840	-29.812	-0.051
32.860	-30.543	-0.015
32.880	-30.801	0.012
32.900	-30.656	0.053
32.920	-30.092	0.078
32.940	-29.082	0.120
32.960	-27.599	0.142
32.980	-25.741	0.176
33.000	-23.517	0.200
33.020	-20.966	0.225
33.040	-18.076	0.243
33.060	-14.950	0.259
33.080	-11.610	0.269
33.100	-8.092	0.275
33.120	-4.450	0.276
33.140	-0.744	0.279
33.160	2.957	0.272
33.180	6.620	0.267
33.200	10.176	0.254
33.220	13.527	0.236
33.240	16.836	0.219
33.260	19.741	0.194
33.280	22.540	0.169
33.300	24.887	0.138
33.320	26.896	0.108
33.340	28.469	0.070
33.360	29.732	0.042
33.380	30.500	0.005
33.400	30.854	-0.027
33.420	30.752	-0.065
33.440	30.215	-0.096
33.460	29.243	-0.128
33.480	27.863	-0.160
33.500	26.074	-0.185
33.520	23.920	-0.210
33.540	21.385	-0.242
33.560	18.576	-0.259
33.580	15.493	-0.280
33.600	12.157	-0.286
33.620	8.698	-0.299
33.640	5.078	-0.295
33.660	1.501	-0.297
33.680	-2.296	-0.293
33.700	-5.970	-0.282
33.720	-9.569	-0.269
33.740	-13.022	-0.255
33.760	-16.277	-0.235
33.780	-19.312	-0.208
33.800	-22.067	-0.183
33.820	-24.500	-0.152
33.840	-26.557	-0.127
33.860	-28.265	-0.093
33.880	-29.538	-0.056
33.900	-30.392	-0.026
33.920	-30.795	0.007
33.940	-30.779	0.043
33.960	-30.333	0.077
33.980	-29.442	0.110
34.000	-28.136	0.139
34.020	-26.375	0.168
34.040	-24.269	0.196
34.060	-21.820	0.221
34.080	-19.006	0.245
34.100	-15.960	0.267
34.120	-12.689	0.276
34.140	-9.198	0.285
34.160	-5.594	0.285
34.180	-1.915	0.287
34.200	1.813	0.289
34.220	5.492	0.279
34.240	9.085	0.265
34.260	12.566	0.256
34.280	15.864	0.234
34.300	18.914	0.212
34.320	21.734	0.189
34.340	24.194	0.155
34.360	26.321	0.133
34.380	28.051	0.090
34.400	29.399	0.067
34.420	30.312	0.026
34.440	30.795	-0.000
34.460	30.827	-0.042
34.480	30.430	-0.071
34.500	29.587	-0.106
34.520	28.373	-0.139
34.540	26.659	-0.173
34.560	24.629	-0.193
34.580	22.185	-0.224
34.600	19.462	-0.239
34.620	16.449	-0.264
34.640	13.189	-0.271
34.660	9.757	-0.286
34.680	6.190	-0.291
34.700	2.532	-0.286
34.720	-1.190	-0.280
34.740	-4.880	-0.271
34.760	-8.494	-0.265
34.780	-11.986	-0.245
34.800	-15.214	-0.230
34.820	-18.415	-0.204
34.840	-21.272	-0.181
34.860	-23.770	-0.151
34.880	-25.967	-0.123
34.900	-27.793	-0.094
34.920	-29.195	-0.059
34.940	-30.188	-0.026
34.960	-30.698	0.009
34.980	-30.854	0.043
35.000	-30.500	0.076
35.020	-29.753	0.108
35.040	-28.561	0.140
35.060	-26.944	0.171
35.080	-24.962	0.199
35.100	-22.583	0.222
35.120	-19.897	0.248
35.140	-16.906	0.267
35.160	-13.688	0.279
35.180	-10.358	0.286
35.200	-6.706	0.296
35.220	-3.010	0.293
35.240	0.685	0.298
35.260	4.369	0.283
35.280	7.990	0.276
35.300	11.534	0.258
35.320	14.886	0.236
35.340	18.023	0.223
35.360	20.832	0.197
35.380	23.485	0.167
35.400	25.719	0.139
35.420	27.562	0.109
35.440	29.001	0.077
35.460	30.086	0.035
35.480	30.688	0.007
35.500	30.870	-0.028
35.520	30.613	-0.065
35.540	29.893	-0.099
35.560	28.765	-0.129
35.580	27.213	-0.163
35.600	25.295	-0.189
35.620	22.991	-0.220
35.640	20.322	-0.242
35.660	17.410	-0.261
35.680	14.215	-0.274
35.700	10.831	-0.287
35.720	7.297	-0.291
35.740	3.655	-0.290
35.760	-0.030	-0.293
35.780	-3.730	-0.282
35.800	-7.281	-0.272
35.820	-10.917	-0.260
35.840	-14.290	-0.241
35.860	-17.486	-0.218
35.880	-20.407	-0.193
35.900	-23.007	-0.170
35.920	-25.317	-0.135
35.940	-27.250	-0.112
35.960	-28.802	-0.075
35.980	-29.920	-0.045
36.000	-30.580	-0.010
36.020	-30.838	0.022
36.040	-30.629	0.059
36.060	-30.022	0.088
36.080	-28.964	0.122
36.100	-27.454	0.146
36.120	-25.580	0.180
36.140	-23.319	0.201
36.160	-20.735	0.232
36.180	-17.835	0.250
36.200	-14.687	0.264
36.220	-11.325	0.271
36.240	-7.785	0.282
36.260	-4.138	0.278
36.280	-0.438	0.284
36.300	3.263	0.275
36.320	6.926	0.270
36.340	10.476	0.251
36.360	13.882	0.234
36.380	17.088	0.217
36.400	20.042	0.192
36.420	22.749	0.167
36.440	25.070	0.136
36.460	27.041	0.106
36.480	28.593	0.073
36.500	29.818	0.036
36.520	30.543	0.006
36.540	30.854	-0.030
36.560	30.731	-0.062
36.580	30.167	-0.100
36.600	29.152	-0.129
36.620	27.739	-0.163
36.640	25.924	-0.196
36.660	23.732	-0.222
36.680	21.170	-0.245
36.700	18.334	-0.261
36.720	15.235	-0.276
36.740	11.889	-0.290
36.760	8.403	-0.299
36.780	4.783	-0.298
36.800	1.109	-0.301
36.820	-2.602	-0.292
36.840	-6.265	-0.284
36.860	-9.853	-0.269
36.880	-13.275	-0.257
36.900	-16.524	-0.235
36.920	-19.532	-0.210
36.940	-22.239	-0.185
36.960	-24.645	-0.154
36.980	-26.692	-0.124
37.000	-28.367	-0.091
37.020	-29.608	-0.060
37.040	-30.430	-0.023
37.060	-30.774	0.006
37.080	-30.731	0.048
37.100	-30.258	0.075
37.120	-29.329	0.110
37.140	-27.965	0.142
37.160	-26.192	0.172
37.180	-24.038	0.196
37.200	-21.573	0.229
37.220	-18.753	0.245
37.240	-15.665	0.261
37.260	-12.394	0.271
37.280	-8.881	0.285
37.300	-5.272	0.283
37.320	-1.587	0.286
37.340	2.124	0.281
37.360	5.798	0.274
37.380	9.391	0.261
37.400	12.840	0.246
37.420	16.132	0.226
37.440	19.161	0.201
37.460	21.965	0.180
37.480	24.393	0.145
37.500	26.482	0.120
37.520	28.179	0.083
37.540	29.490	0.056
37.560	30.349	0.016
37.580	30.811	-0.012
37.600	30.811	-0.053
37.620	30.387	-0.082
37.640	29.501	-0.115
37.660	28.249	-0.148
37.680	26.493	-0.177
37.700	24.441	-0.208
37.720	22.040	-0.238
37.740	19.220	-0.254
37.760	16.197	-0.268
37.780	12.915	-0.285
37.800	9.461	-0.289
37.820	5.884	-0.299
37.840	2.221	-0.292
37.860	-1.490	-0.293
37.880	-5.175	-0.280
37.900	-8.790	-0.272
37.920	-12.281	-0.251
37.940	-15.573	-0.234
37.960	-18.651	-0.209
37.980	-21.492	-0.185
38.000	-23.985	-0.158
38.020	-26.106	-0.126
38.040	-27.943	-0.094
38.060	-29.318	-0.058
38.080	-30.269	-0.026
38.100	-30.758	0.006
38.120	-30.801	0.039
38.140	-30.478	0.076
38.160	-29.683	0.107
38.180	-28.469	0.140
38.200	-26.810	0.170
38.220	-24.774	0.197
38.240	-22.395	0.222
38.260	-19.672	0.248
38.280	-16.664	0.266
38.300	-13.441	0.286
38.320	-9.988	0.287
38.340	-6.400	0.296
38.360	-2.726	0.297
38.380	0.969	0.296
38.400	4.670	0.286
38.420	8.296	0.273
38.440	11.808	0.266
38.460	15.133	0.242
38.480	18.264	0.223
38.500	21.138	0.201
38.520	23.630	0.170
38.540	25.875	0.143
38.560	27.707	0.108
38.580	29.130	0.078
38.600	30.145	0.039
38.620	30.731	0.007
38.640	30.865	-0.029
38.660	30.570	-0.058
38.680	29.818	-0.099
38.700	28.652	-0.126
38.720	27.052	-0.167
38.740	25.172	-0.185
38.760	22.760	-0.221
38.780	20.101	-0.233
38.800	17.158	-0.263
38.820	13.930	-0.269
38.840	10.530	-0.284
38.860	6.990	-0.283
38.880	3.360	-0.285
38.900	-0.260	-0.280
38.920	-4.042	-0.281
38.940	-7.699	-0.264
38.960	-11.201	-0.255
38.980	-14.548	-0.232
39.000	-17.749	-0.213
39.020	-20.628	-0.185
39.040	-23.233	-0.161
39.060	-25.510	-0.131
39.080	-27.417	-0.102
39.100	-28.915	-0.065
39.120	-29.984	-0.032
39.140	-30.618	-0.002
39.160	-30.854	0.031
39.180	-30.607	0.069
39.200	-29.952	0.097
39.220	-28.872	0.134
39.240	-27.336	0.159
39.260	-25.413	0.191
39.280	-23.147	0.215
39.300	-20.504	0.239
39.320	-17.588	0.254
39.340	-14.424	0.274
39.360	-11.046	0.276
39.380	-7.511	0.288
39.400	-3.843	0.286
39.420	-0.142	0.291
39.440	3.558	0.279
39.460	7.205	0.276
39.480	10.750	0.254
39.500	14.161	0.243
39.520	17.341	0.218
39.540	20.279	0.201
39.560	22.959	0.167
39.580	25.193	0.142
39.600	27.202	0.105
39.620	28.733	0.078
39.640	29.887	0.036
39.660	30.591	0.010
39.680	30.865	-0.029
39.700	30.704	-0.061
39.720	30.092	-0.097
39.740	29.050	-0.130
39.760	27.599	-0.160
39.780	25.762	-0.188
39.800	23.582	-0.220
39.820	20.955	-0.243
39.840	18.087	-0.260
39.860	14.950	-0.279
39.880	11.599	-0.287
39.900	8.097	-0.293
39.920	4.477	-0.299
39.940	0.803	-0.300
39.960	-2.919	-0.293
39.980	-6.572	-0.281
40.000	-10.149	-0.269
40.020	-13.559	-0.250
40.040	-16.766	-0.233
40.060	-19.779	-0.205
40.080	-22.465	-0.188
40.100	-24.833	-0.148
40.120	-26.799	-0.128
40.140	-28.469	-0.088
40.160	-29.673	-0.061
40.180	-30.473	-0.019
40.200	-30.795	0.004
40.220	-30.709	0.050
40.240	-30.194	0.073
40.260	-29.221	0.112
40.280	-27.820	0.140
40.300	-26.020	0.167
40.320	-23.861	0.192
40.340	-21.331	0.220
40.360	-18.485	0.246
40.380	-15.396	0.261
40.400	-12.109	0.271
40.420	-8.591	0.279
40.440	-4.960	0.280
40.460	-1.265	0.283
40.480	2.430	0.279
40.500	6.115	0.271
40.520	9.681	0.258
40.540	13.146	0.242
40.560	16.401	0.224
40.580	19.414	0.199
40.600	22.169	0.175
40.620	24.581	0.145
40.640	26.638	0.113
40.660	28.303	0.080
40.680	29.587	0.047
40.700	30.425	0.014
40.720	30.838	-0.021
40.740	30.784	-0.537
40.760	30.333	-0.088
40.780	29.404	-0.121
40.800	28.088	-0.161
40.820	26.348	-0.186
40.840	24.253	-0.212
40.860	21.777	-0.238
40.880	19.065	-0.253
40.900	15.939	-0.276
40.920	12.641	-0.286
40.940	9.187	-0.299
40.960	5.594	-0.297
40.980	2.011	-0.304
41.000	-1.781	-0.291
41.020	-5.449	-0.286
41.040	-9.085	-0.271
41.060	-12.539	-0.258
41.080	-15.804	-0.235
41.100	-18.893	-0.215
41.120	-21.675	-0.189
41.140	-24.156	-0.158
41.160	-26.294	-0.133
41.180	-28.040	-0.097
41.200	-29.383	-0.065
41.220	-30.290	-0.029
41.240	-30.741	0.003
41.260	-30.795	0.040
41.280	-30.430	0.068
41.300	-29.608	0.108
41.320	-28.319	0.133
41.340	-26.643	0.167
41.360	-24.575	0.191
41.380	-22.185	0.217
41.400	-19.419	0.246
41.420	-16.401	0.266
41.440	-13.156	0.271
41.460	-9.687	0.281
41.480	-6.115	0.284
41.500	-2.430	0.288
41.520	1.297	0.285
41.540	4.982	0.280
41.560	8.586	0.267
41.580	12.082	0.257
41.600	15.412	0.238
41.620	18.506	0.215
41.640	21.369	0.194
41.660	23.823	0.160
41.680	26.052	0.134
41.700	27.841	0.096
41.720	29.243	0.066
41.740	30.188	0.032
41.760	30.752	0.002
41.780	30.860	-0.039
41.800	30.527	-0.072
41.820	29.737	-0.103
41.840	28.561	-0.136
41.860	26.906	-0.171
41.880	24.935	-0.189
41.900	22.556	-0.221
41.920	19.849	-0.234
41.940	16.970	-0.263
41.960	13.667	-0.271
41.980	10.256	-0.284
42.000	6.690	-0.282
42.020	3.037	-0.289
42.040	-0.658	-0.279
42.060	-4.353	-0.276
42.080	-8.000	-0.261
42.100	-11.513	-0.251
42.120	-14.843	-0.232
42.140	-18.023	-0.207
42.160	-20.885	-0.184
42.180	-23.437	-0.155
42.200	-25.703	-0.128
42.220	-27.578	-0.096
42.240	-29.028	-0.061
42.260	-30.086	-0.032
42.280	-30.672	0.004
42.300	-30.854	0.035
42.320	-30.591	0.075
42.340	-29.898	0.105
42.360	-28.770	0.135
42.380	-27.186	0.168
42.400	-25.252	0.196
42.420	-22.937	0.219
42.440	-20.300	0.248
42.460	-17.357	0.259
42.480	-14.172	0.279
42.500	-10.772	0.283
42.520	-7.211	0.299
42.540	-3.553	0.293
42.560	0.153	0.297
42.580	3.859	0.287
42.600	7.506	0.276
42.620	11.040	0.261
42.640	14.424	0.244
42.660	17.593	0.225
42.680	20.504	0.205
42.700	23.168	0.172
42.720	25.424	0.148
42.740	27.336	0.107
42.760	28.845	0.086
42.780	29.941	0.043
42.800	30.629	0.010
42.820	30.870	-0.026
42.840	30.672	-0.057
42.860	30.022	-0.093
42.880	28.948	-0.120
42.900	27.433	-0.161
42.920	25.585	-0.187
42.940	23.313	-0.218
42.960	20.714	-0.234
42.980	17.829	-0.261
43.000	14.682	-0.271
43.020	11.303	-0.287
43.040	7.802	-0.289
43.060	4.176	-0.297
43.080	0.481	-0.289
43.100	-3.113	-0.285
43.120	-6.878	-0.271
43.140	-10.423	-0.262
43.160	-13.828	-0.243
43.180	-17.045	-0.224
43.200	-19.994	-0.198
43.220	-22.685	-0.172
43.240	-25.005	-0.141
43.260	-26.998	-0.115
43.280	-28.566	-0.078
43.300	-29.791	-0.050
43.320	-30.532	-0.011
43.340	-30.817	0.015
43.360	-30.693	0.058
43.380	-30.113	0.082
43.400	-29.146	0.121
43.420	-27.696	0.150
43.440	-25.854	0.178
43.460	-23.668	0.201
43.480	-21.106	0.230
43.500	-18.259	0.252
43.520	-15.138	0.268
43.540	-11.819	0.277
43.560	-8.280	0.283
43.580	-4.654	0.284
43.600	-0.969	0.287
43.620	2.737	0.282
43.640	6.410	0.271
43.660	9.971	0.257
43.680	13.414	0.242
43.700	16.664	0.222
43.720	19.645	0.201
43.740	22.320	0.171
43.760	24.758	0.142
43.780	26.799	0.115
43.800	28.421	0.082
43.820	29.646	0.041
43.840	30.484	0.011
43.860	30.849	-0.022
43.880	30.774	-0.056
43.900	30.269	-0.093
43.920	29.307	-0.124
43.940	27.938	-0.160
43.960	26.198	-0.190
43.980	24.054	-0.218
44.000	21.557	-0.239
44.020	18.742	-0.263
44.040	15.681	-0.276
44.060	12.356	-0.290
44.080	8.908	-0.299
44.100	5.299	-0.304
44.120	1.619	-0.301
44.140	-1.990	-0.294
44.160	-5.755	-0.285
44.180	-9.359	-0.276
44.200	-12.807	-0.259
44.220	-16.073	-0.234
44.240	-19.038	-0.214
44.260	-21.890	-0.188
44.280	-24.264	-0.160
44.300	-26.434	-0.128
44.320	-28.153	-0.098
44.340	-29.458	-0.064
44.360	-30.328	-0.027
44.380	-30.741	-0.001
44.400	-30.768	0.039
44.420	-30.333	0.070
44.440	-29.474	0.110
44.460	-28.179	0.136
44.480	-26.461	0.163
44.500	-24.377	0.192
44.520	-21.933	0.225
44.540	-19.151	0.240
44.560	-16.105	0.259
44.580	-12.866	0.270
44.600	-9.386	0.280
44.620	-5.787	0.281
44.640	-2.092	0.286
44.660	1.619	0.280
44.680	5.293	0.275
44.700	8.892	0.261
44.720	12.399	0.248
44.740	15.681	0.229
44.760	18.748	0.201
44.780	21.578	0.183
44.800	24.081	0.152
44.820	26.165	0.123
44.840	27.965	0.089
44.860	29.340	0.061
44.880	30.274	0.020
44.900	30.774	-0.005
44.920	30.844	-0.048
44.940	30.473	-0.077
44.960	29.646	-0.115
44.980	28.416	-0.140
45.000	26.767	-0.177
45.020	24.806	-0.204
45.040	22.357	-0.231
45.060	19.623	-0.250
45.080	16.648	-0.268
45.100	13.457	-0.280
45.120	9.966	-0.289
45.140	6.394	-0.293
45.160	2.737	-0.294
45.180	-0.964	-0.290
45.200	-4.659	-0.282
45.220	-8.296	-0.272
45.240	-11.792	-0.251
45.260	-15.112	-0.239
45.280	-18.248	-0.213
45.300	-21.111	-0.189
45.320	-23.668	-0.161
45.340	-25.865	-0.131
45.360	-27.707	-0.099
45.380	-29.141	-0.061
45.400	-30.135	-0.031
45.420	-30.704	-0.002
45.440	-30.817	0.035
45.460	-30.564	0.070
45.480	-29.823	0.101
45.500	-28.663	0.134
45.520	-27.073	0.166
45.540	-25.080	0.192
45.560	-22.744	0.214
45.580	-20.080	0.247
45.600	-17.094	0.266
45.620	-13.908	0.279
45.640	-10.482	0.285
45.660	-6.915	0.291
45.680	-3.247	0.294
45.700	0.465	0.292
45.720	4.155	0.288
45.740	7.796	0.277
45.760	11.314	0.263
45.780	14.693	0.246
45.800	17.845	0.226
45.820	20.740	0.202
45.840	23.356	0.173
45.860	25.596	0.144
45.880	27.476	0.112
45.900	28.953	0.078
45.920	30.027	0.045
45.940	30.661	0.011
45.960	30.870	-0.023
45.980	30.634	-0.055
46.000	29.952	-0.094
46.020	28.835	-0.122
46.040	27.299	-0.161
46.060	25.424	-0.183
46.080	23.120	-0.215
46.100	20.488	-0.232
46.120	17.577	-0.258
46.140	14.403	-0.261
46.160	11.035	-0.280
46.180	7.490	-0.281
46.200	3.859	-0.288
46.220	0.175	-0.281
46.240	-3.521	-0.280
46.260	-7.195	-0.264
46.280	-10.745	-0.255
46.300	-14.113	-0.235
46.320	-17.308	-0.216
46.340	-20.262	-0.189
46.360	-22.889	-0.163
46.380	-25.220	-0.133
46.400	-27.170	-0.105
46.420	-28.733	-0.074
46.440	-29.866	-0.038
46.460	-30.548	-0.004
46.480	-30.854	0.026
46.500	-30.666	0.067
46.520	-30.081	0.094
46.540	-29.039	0.130
46.560	-27.567	0.159
46.580	-25.693	0.188
46.600	-23.539	0.214
46.620	-20.907	0.242
46.640	-18.001	0.256
46.660	-14.886	0.278
46.680	-11.534	0.283
46.700	-8.006	0.288
46.720	-4.380	0.292
46.740	-0.653	0.293
46.760	3.043	0.289
46.780	6.706	0.276
46.800	10.261	0.266
46.820	13.688	0.246
46.840	16.916	0.227
46.860	19.886	0.206
46.880	22.610	0.176
46.900	24.946	0.151
46.920	26.949	0.118
46.940	28.539	0.082
46.960	29.748	0.049
46.980	30.516	0.015
47.000	30.854	-0.018
47.020	30.741	-0.056
47.040	30.215	-0.084
47.060	29.254	-0.121
47.080	27.803	-0.153
47.100	26.042	-0.187
47.120	23.872	-0.214
47.140	21.331	-0.238
47.160	18.495	-0.253
47.180	15.418	-0.276
47.200	12.072	-0.285
47.220	8.607	-0.290
47.240	4.982	-0.295
47.260	1.308	-0.294
47.280	-2.302	-0.290
47.300	-6.056	-0.280
47.320	-9.655	-0.272
47.340	-13.081	-0.254
47.360	-16.250	-0.231
47.380	-19.360	-0.210
47.400	-22.099	-0.184
47.420	-24.516	-0.156
47.440	-26.595	-0.125
47.460	-28.281	-0.096
47.480	-29.544	-0.061
47.500	-30.392	-0.025
47.520	-30.763	0.002
47.540	-30.763	0.041
47.560	-30.306	0.074
47.580	-29.388	0.105
47.600	-28.045	0.136
47.620	-26.294	0.167
47.640	-24.167	0.191
47.660	-21.713	0.215
47.680	-18.925	0.242
47.700	-15.853	0.257
47.720	-12.571	0.271
47.740	-9.096	0.276
47.760	-5.481	0.281
47.780	-1.791	0.282
47.800	1.915	0.280
47.820	5.599	0.269
47.840	9.187	0.261
47.860	12.678	0.243
47.880	15.949	0.225
47.900	19.000	0.205
47.920	21.804	0.179
47.940	24.259	0.146
47.960	26.369	0.120
47.980	28.088	0.085
48.000	29.436	0.056
48.020	30.323	0.015
48.040	30.801	-0.012
48.060	30.811	-0.056
48.080	30.430	-0.081
48.100	29.554	-0.118
48.120	28.292	-0.153
48.140	26.616	-0.183
48.160	24.570	-0.209
48.180	22.132	-0.231
48.200	19.468	-0.253
48.220	16.379	-0.272
48.240	13.114	-0.285
48.260	9.676	-0.293
48.280	6.110	-0.299
48.300	2.441	-0.297
48.320	-1.254	-0.294
48.340	-4.939	-0.285
48.360	-8.570	-0.275
48.380	-12.050	-0.256
48.400	-15.353	-0.239
48.420	-18.485	-0.216
48.440	-21.321	-0.188
48.460	-23.813	-0.164
48.480	-25.999	-0.132
48.500	-27.798	-0.102
48.520	-29.221	-0.064
48.540	-30.194	-0.036
48.560	-30.688	-0.003
48.580	-30.801	0.035
48.600	-30.500	0.070
48.620	-29.753	0.101
48.640	-28.529	0.133
48.660	-26.880	0.160
48.680	-24.887	0.189
48.700	-22.508	0.213
48.720	-19.822	0.239
48.740	-16.825	0.256
48.760	-13.613	0.271
48.780	-10.181	0.276
48.800	-6.615	0.284
48.820	-2.930	0.283
48.840	0.771	0.285
48.860	4.466	0.276
48.880	8.081	0.270
48.900	11.626	0.254
48.920	14.956	0.238
48.940	18.098	0.215
48.960	20.971	0.190
48.980	23.544	0.163
49.000	25.768	0.133
49.020	27.610	0.101
49.040	29.028	0.068
49.060	30.097	0.031
49.080	30.698	0.005
49.100	30.865	-0.034
49.120	30.586	-0.063
49.140	29.871	-0.103
49.160	28.727	-0.132
49.180	27.164	-0.164
49.200	25.236	-0.192
49.220	22.916	-0.220
49.240	20.246	-0.240
49.260	17.324	-0.260
49.280	14.215	-0.272
49.300	10.734	-0.281
49.320	7.200	-0.285
49.340	3.553	-0.290
49.360	-0.142	-0.283
49.380	-3.838	-0.280
49.400	-7.501	-0.267
49.420	-11.030	-0.252
49.440	-14.397	-0.235
49.460	-17.588	-0.213
49.480	-20.515	-0.187
49.500	-23.120	-0.164
49.520	-25.392	-0.131
49.540	-27.325	-0.104
49.560	-28.867	-0.069
49.580	-29.979	-0.036
49.600	-30.623	-0.000
49.620	-30.827	0.031
49.640	-30.639	0.071
49.660	-30.027	0.101
49.680	-28.964	0.136
49.700	-27.465	0.161
49.720	-25.564	0.194
49.740	-23.302	0.220
49.760	-20.708	0.246
49.780	-17.770	0.260
49.800	-14.639	0.279
49.820	-11.277	0.287
49.840	-7.716	0.296
49.860	-4.069	0.297
49.880	-0.368	0.297
49.900	3.338	0.292
49.920	6.996	0.282
49.940	10.530	0.266
49.960	13.957	0.250
49.980	17.169	0.230
50.000	20.117	0.206
50.020	22.803	0.181
50.040	25.118	0.151
50.060	27.094	0.120
50.080	28.657	0.087
50.100	29.812	0.054
50.120	30.570	0.022
50.140	30.854	-0.016
50.160	30.720	-0.048
50.180	30.135	-0.084
50.200	29.125	-0.115
50.220	27.675	-0.149
50.240	25.918	-0.178
50.260	23.662	-0.207
50.280	21.111	-0.231
50.300	18.248	-0.248
50.320	15.224	-0.266
50.340	11.803	-0.274
50.360	8.312	-0.286
50.380	4.681	-0.289
50.400	1.007	-0.286
50.420	-2.699	-0.281
50.440	-6.357	-0.270
50.460	-9.961	-0.260
50.480	-13.371	-0.241
50.500	-16.599	-0.222
50.520	-19.623	-0.202
50.540	-22.346	-0.174
50.560	-24.715	-0.140
50.580	-26.767	-0.114
50.600	-28.416	-0.081
50.620	-29.635	-0.050
50.640	-30.462	-0.014
50.660	-30.817	0.011
50.680	-30.763	0.053
50.700	-30.247	0.084
50.720	-29.302	0.119
50.740	-27.943	0.150
50.760	-26.165	0.179
50.780	-24.001	0.204
50.800	-21.509	0.230
50.820	-18.667	0.252
50.840	-15.595	0.268
50.860	-12.292	0.278
50.880	-8.806	0.285
50.900	-5.180	0.288
50.920	-1.480	0.290
50.940	2.226	0.288
50.960	5.884	0.277
50.980	9.477	0.263
51.000	12.942	0.244
51.020	16.213	0.229
51.040	19.242	0.205
51.060	22.040	0.179
51.080	24.452	0.151
51.100	26.536	0.120
51.120	28.217	0.089
51.140	29.495	0.056
51.160	30.382	0.017
51.180	30.822	-0.014
51.200	30.801	-0.051
51.220	30.365	-0.082
51.240	29.469	-0.120
51.260	28.163	-0.146
51.280	26.498	-0.180
51.300	24.387	-0.210
51.320	21.911	-0.237
51.340	19.156	-0.253
51.360	16.132	-0.274
51.380	12.840	-0.280
51.400	9.391	-0.294
51.420	5.814	-0.293
51.440	2.135	-0.300
51.460	-1.555	-0.290
51.480	-5.245	-0.288
51.500	-8.865	-0.269
51.520	-12.329	-0.261
51.540	-15.633	-0.235
51.560	-18.705	-0.218
51.580	-21.530	-0.187
51.600	-24.006	-0.164
51.620	-26.171	-0.131
51.640	-27.943	-0.102
51.660	-29.318	-0.069
51.680	-30.242	-0.032
51.700	-30.704	-0.003
51.720	-30.806	0.033
51.740	-30.435	0.069
51.760	-29.635	0.101
51.780	-28.378	0.131
51.800	-26.729	0.161
51.820	-24.694	0.187
51.840	-22.293	0.215
51.860	-19.564	0.237
51.880	-16.535	0.255
51.900	-13.318	0.268
51.920	-9.880	0.276
51.940	-6.287	0.283
51.960	-2.624	0.282
51.980	1.098	0.279
52.000	4.783	0.273
52.020	8.387	0.262
52.040	11.900	0.249
52.060	15.246	0.230
52.080	18.350	0.209
52.100	21.138	0.187
52.120	23.748	0.155
52.140	25.929	0.130
52.160	27.734	0.093
52.180	29.168	0.064
52.200	30.161	0.026
52.220	30.725	-0.004
52.240	30.865	-0.040
52.260	30.559	-0.077
52.280	29.791	-0.109
52.300	28.615	-0.141
52.320	27.052	-0.172
52.340	25.059	-0.206
52.360	22.690	-0.229
52.380	20.031	-0.248
52.400	17.067	-0.268
52.420	13.865	-0.280
52.440	10.460	-0.290
52.460	6.905	-0.290
52.480	3.252	-0.297
52.500	-0.341	-0.294
52.520	-4.138	-0.285
52.540	-7.775	-0.272
52.560	-11.314	-0.260
52.580	-14.666	-0.239
52.600	-17.749	-0.219
52.620	-20.719	-0.193
52.640	-23.292	-0.168
52.660	-25.569	-0.134
52.680	-27.465	-0.107
52.700	-28.985	-0.069
52.720	-30.043	-0.040
52.740	-30.656	-0.007
52.760	-30.822	0.028
52.780	-30.623	0.066
52.800	-29.979	0.097
52.820	-28.862	0.126
52.840	-27.304	0.158
52.860	-25.392	0.188
52.880	-23.093	0.213
52.900	-20.456	0.237
52.920	-17.545	0.265
52.940	-14.365	0.270
52.960	-10.981	0.285
52.980	-7.415	0.286
53.000	-3.773	0.294
53.020	-0.062	0.289
53.040	3.639	0.288
53.060	7.281	0.277
53.080	10.836	0.265
53.100	14.220	0.247
53.120	17.416	0.234
53.140	20.338	0.201
53.160	23.007	0.176
53.180	25.290	0.146
53.200	27.229	0.118
53.220	28.765	0.084
53.240	29.904	0.051
53.260	30.602	0.014
53.280	30.870	-0.016
53.300	30.698	-0.055
53.320	30.054	-0.086
53.340	29.017	-0.120
53.360	27.551	-0.156
53.380	25.698	-0.185
53.400	23.453	-0.208
53.420	20.875	-0.231
53.440	18.007	-0.250
53.460	14.865	-0.260
53.480	11.508	-0.276
53.500	8.000	-0.278
53.520	4.375	-0.285
53.540	0.690	-0.281
53.560	-3.021	-0.278
53.580	-6.684	-0.266
53.600	-10.256	-0.255
53.620	-13.667	-0.238
53.640	-16.809	-0.217
53.660	-19.886	-0.191
53.680	-22.556	-0.168
53.700	-24.898	-0.135
53.720	-26.912	-0.106
53.740	-28.566	-0.074
53.760	-29.742	-0.042
53.780	-30.516	-0.008
53.800	-30.811	0.024
53.820	-30.747	0.061
53.840	-30.204	0.093
53.860	-29.243	0.128
53.880	-27.820	0.156
53.900	-25.988	0.188
53.920	-23.823	0.213
53.940	-21.278	0.238
53.960	-18.452	0.258
53.980	-15.343	0.275
54.000	-12.023	0.285
54.020	-8.505	0.291
54.040	-4.890	0.296
54.060	-1.184	0.296
54.080	2.522	0.291
54.100	6.190	0.279
54.120	9.778	0.268
54.140	13.221	0.253
54.160	16.470	0.231
54.180	19.473	0.210
54.200	22.234	0.185
54.220	24.624	0.152
54.240	26.692	0.127
54.260	28.341	0.086
54.280	29.614	0.063
54.300	30.435	0.021
54.320	30.833	-0.007
54.340	30.784	-0.048
54.360	30.328	-0.077
54.380	29.388	-0.117
54.400	28.034	-0.143
54.420	26.300	-0.177
54.440	24.248	-0.203
54.460	21.702	-0.233
54.480	18.904	-0.245
54.500	15.858	-0.268
54.520	12.566	-0.276
54.540	9.101	-0.289
54.560	5.513	-0.289
54.580	1.834	-0.289
54.600	-1.877	-0.286
54.620	-5.540	-0.281
54.640	-9.177	-0.265
54.660	-12.625	-0.249
54.680	-15.890	-0.231
54.700	-18.984	-0.205
54.720	-21.756	-0.183
54.740	-24.194	-0.154
54.760	-26.316	-0.127
54.780	-28.072	-0.094
54.800	-29.388	-0.062
54.820	-30.317	-0.026
54.840	-30.752	0.006
54.860	-30.806	0.041
54.880	-30.392	0.076
54.900	-29.533	0.105
54.920	-28.271	0.138
54.940	-26.573	0.164
54.960	-24.500	0.193
54.980	-22.083	0.225
55.000	-19.317	0.242
55.020	-16.299	0.261
55.040	-13.065	0.274
55.060	-9.579	0.279
55.080	-5.997	0.284
55.100	-2.302	0.283
55.120	1.394	0.281
55.140	5.073	0.274
55.160	8.688	0.264
55.180	12.200	0.245
55.200	15.509	0.230
55.220	18.592	0.206
55.240	21.433	0.181
55.260	23.942	0.154
55.280	26.095	0.124
55.300	27.836	0.084
55.320	29.270	0.060
55.340	30.210	0.022
55.360	30.763	-0.009
55.380	30.854	-0.046
55.400	30.505	-0.077
55.420	29.705	-0.112
55.440	28.507	-0.148
55.460	26.874	-0.177
55.480	24.887	-0.204
55.500	22.491	-0.232
55.520	19.801	-0.246
55.540	16.836	-0.272
55.560	13.592	-0.277
55.580	10.170	-0.292
55.600	6.620	-0.296
55.620	2.962	-0.298
55.640	-0.733	-0.293
55.660	-4.434	-0.288
55.680	-8.070	-0.275
55.700	-11.572	-0.261
55.720	-14.902	-0.243
55.740	-18.044	-0.222
55.760	-20.934	-0.195
55.780	-23.490	-0.169
55.800	-25.714	-0.137
55.820	-27.573	-0.109
55.840	-29.023	-0.073
55.860	-30.075	-0.040
55.880	-30.639	-0.007
55.900	-30.806	0.026
55.920	-30.559	0.063
55.940	-29.839	0.093
55.960	-28.711	0.127
55.980	-27.137	0.157
56.000	-25.177	0.184
56.020	-22.862	0.213
56.040	-20.187	0.233
56.060	-17.255	0.254
56.080	-14.053	0.269
56.100	-10.659	0.279
56.120	-7.109	0.284
56.140	-3.424	0.287
56.160	0.260	0.284
56.180	3.950	0.279
56.200	7.592	0.268
56.220	11.115	0.257
56.240	14.515	0.237
56.260	17.674	0.215
56.280	20.585	0.195
56.300	23.157	0.165
56.320	25.478	0.135
56.340	27.368	0.108
56.360	28.840	0.074
56.380	29.973	0.034
56.400	30.650	0.007
56.420	30.876	-0.030
56.440	30.650	-0.065
56.460	29.979	-0.098
56.480	28.910	-0.127
56.500	27.438	-0.162
56.520	25.537	-0.193
56.540	23.249	-0.222
56.560	20.655	-0.239
56.580	17.824	-0.264
56.600	14.591	-0.272
56.620	11.309	-0.285
56.640	7.699	-0.289
56.660	4.074	-0.294
56.680	0.389	-0.291
56.700	-3.317	-0.284
56.720	-6.872	-0.275
56.740	-10.535	-0.259
56.760	-13.849	-0.241
56.780	-17.126	-0.218
56.800	-20.015	-0.195
56.820	-22.749	-0.168
56.840	-25.075	-0.138
56.860	-27.078	-0.110
56.880	-28.663	-0.075
56.900	-29.818	-0.044
56.920	-30.543	-0.009
56.940	-30.801	0.022
56.960	-30.688	0.060
56.980	-30.129	0.093
57.000	-29.125	0.126
57.020	-27.664	0.154
57.040	-25.870	0.184
57.060	-23.625	0.208
57.080	-21.057	0.236
57.100	-18.205	0.259
57.120	-15.058	0.275
57.140	-11.717	0.288
57.160	-8.215	0.292
57.180	-4.584	0.298
57.200	-0.878	0.295
57.220	2.833	0.292
57.240	6.491	0.281
57.260	10.047	0.271
57.280	13.495	0.254
57.300	16.658	0.235
57.320	19.725	0.210
57.340	22.448	0.185
57.360	24.817	0.156
57.380	26.831	0.128
57.400	28.421	0.091
57.420	29.689	0.058
57.440	30.484	0.023
57.460	30.860	-0.007
57.480	30.768	-0.043
57.500	30.274	-0.077
57.520	29.286	-0.109
57.540	27.938	-0.144
57.560	26.144	-0.172
57.580	24.054	-0.202
57.600	21.482	-0.226
57.620	18.683	-0.247
57.640	15.606	-0.264
57.660	12.281	-0.269
57.680	8.886	-0.280
57.700	5.207	-0.282
57.720	1.528	-0.284
57.740	-2.081	-0.278
57.760	-5.841	-0.272
57.780	-9.445	-0.258
57.800	-12.818	-0.245
57.820	-16.154	-0.220
57.840	-19.108	-0.202
57.860	-21.949	-0.171
57.880	-24.318	-0.142
57.900	-26.493	-0.115
57.920	-28.196	-0.086
57.940	-29.490	-0.052
57.960	-30.349	-0.016
57.980	-30.752	0.015
58.000	-30.768	0.052
58.020	-30.339	0.080
58.040	-29.474	0.118
58.060	-28.136	0.146
58.080	-26.439	0.178
58.100	-24.307	0.199
58.120	-21.863	0.230
58.140	-19.075	0.249
58.160	-16.100	0.267
58.180	-12.861	0.276
58.200	-9.289	0.287
58.220	-5.680	0.293
58.240	-2.011	0.293
58.260	1.716	0.284
58.280	5.385	0.281
58.300	8.978	0.267
58.320	12.464	0.254
58.340	15.681	0.234
58.360	18.823	0.212
58.380	21.648	0.189
58.400	24.065	0.159
58.420	26.257	0.130
58.440	28.013	0.092
58.460	29.361	0.064
58.480	30.296	0.028
58.500	30.774	-0.001
58.520	30.838	-0.042
58.540	30.468	-0.548
58.560	29.646	-0.107
58.580	28.378	-0.143
58.600	26.713	-0.176
58.620	24.699	-0.203
58.640	22.298	-0.227
58.660	19.629	-0.247
58.680	16.573	-0.264
58.700	13.307	-0.280
58.720	9.880	-0.289
58.740	6.410	-0.293
58.760	2.645	-0.295
58.780	-1.039	-0.294
58.800	-4.633	-0.286
58.820	-8.365	-0.272
58.840	-11.765	-0.258
58.860	-15.176	-0.241
58.880	-18.291	-0.218
58.900	-21.079	-0.191
58.920	-23.668	-0.167
58.940	-25.822	-0.135
58.960	-27.707	-0.106
58.980	-29.103	-0.071
59.000	-30.108	-0.037
59.020	-30.650	-0.004
59.040	-30.795	0.031
59.060	-30.500	0.065
59.080	-29.764	0.094
59.100	-28.588	0.129
59.120	-27.014	0.158
59.140	-24.968	0.184
59.160	-22.696	0.213
59.180	-20.026	0.237
59.200	-16.997	0.252
59.220	-13.865	0.265
59.240	-10.358	0.275
59.260	-6.894	0.280
59.280	-3.123	0.281
59.300	0.572	0.279
59.320	4.267	0.275
59.340	7.807	0.263
59.360	11.438	0.250
59.380	14.789	0.234
59.400	17.845	0.212
59.420	20.826	0.188
59.440	23.362	0.159
59.460	25.639	0.131
59.480	27.524	0.094
59.500	28.990	0.067
59.520	30.043	0.031
59.540	30.672	-0.000
59.560	30.860	-0.038
59.580	30.623	-0.068
59.600	29.914	-0.105
59.620	28.840	-0.133
59.640	27.272	-0.171
59.660	25.370	-0.195
59.680	23.055	-0.226
59.700	20.424	-0.243
59.720	17.502	-0.266
59.740	14.327	-0.278
59.760	11.035	-0.286
59.780	7.426	-0.292
59.800	3.881	-0.295
59.820	0.089	-0.292
59.840	-3.510	-0.286
59.860	-7.248	-0.276
59.880	-10.809	-0.263
59.900	-14.188	-0.244
59.920	-17.292	-0.222
59.940	-20.305	-0.197
59.960	-22.943	-0.173
59.980	-25.188	-0.140
60.000	-27.180	-0.113
60.020	-28.717	-0.076
60.040	-29.877	-0.045
60.060	-30.548	-0.010
60.080	-30.795	0.019
60.100	-30.650	0.058
60.120	-30.043	0.089
60.140	-28.996	0.121
60.160	-27.546	0.151
60.180	-25.644	0.180
60.200	-23.405	0.205
60.220	-20.912	0.234
60.240	-17.937	0.257
60.260	-14.886	0.268
60.280	-11.448	0.277
60.300	-8.000	0.284
60.320	-4.262	0.288
60.340	-0.572	0.290
60.360	3.129	0.283
60.380	6.695	0.274
60.400	10.342	0.259
60.420	13.774	0.247
60.440	16.906	0.226
60.460	19.962	0.202
60.480	22.674	0.173
60.500	25.005	0.150
60.520	26.955	0.117
60.540	28.577	0.085
60.560	29.769	0.053
60.580	30.532	0.015
60.600	30.860	-0.014
60.620	30.747	-0.049
60.640	30.167	-0.081
60.660	29.189	-0.117
60.680	27.782	-0.151
60.700	25.983	-0.179
60.720	23.797	-0.203
60.740	21.331	-0.233
60.760	18.420	-0.246
60.780	15.332	-0.265
60.800	12.077	-0.273
60.820	8.516	-0.285
60.840	4.901	-0.285
60.860	1.222	-0.286
60.880	-2.490	-0.276
60.900	-6.061	-0.272
60.920	-9.740	-0.255
60.940	-13.097	-0.240
60.960	-16.417	-0.222
60.980	-19.451	-0.196
61.000	-22.169	-0.174
61.020	-24.586	-0.139
61.040	-26.643	-0.110
61.060	-28.281	-0.080
61.080	-29.587	-0.044
61.100	-30.398	-0.012
61.120	-30.768	0.018
61.140	-30.763	0.056
61.160	-30.258	0.085
61.180	-29.404	0.123
61.200	-28.002	0.154
61.220	-26.316	0.178
61.240	-24.130	0.212
61.260	-21.713	0.233
61.280	-18.850	0.253
61.300	-15.858	0.271
61.320	-12.485	0.283
61.340	-9.010	0.290
61.360	-5.390	0.294
61.380	-1.791	0.295
61.400	2.022	0.289
61.420	5.685	0.279
61.440	9.273	0.269
61.460	12.764	0.252
61.480	15.944	0.234
61.500	19.081	0.210
61.520	21.804	0.190
61.540	24.323	0.155
61.560	26.418	0.133
61.580	28.136	0.093
61.600	29.458	0.066
61.620	30.344	0.026
61.640	30.806	-0.003
61.660	30.817	-0.047
61.680	30.408	-0.073
61.700	29.560	-0.107
61.720	28.298	-0.139
61.740	26.568	-0.168
61.760	24.575	-0.196
61.780	22.073	-0.230
61.800	19.398	-0.247
61.820	16.304	-0.265
61.840	13.033	-0.279
61.860	9.595	-0.288
61.880	6.018	-0.291
61.900	2.441	-0.292
61.920	-1.340	-0.288
61.940	-5.019	-0.280
61.960	-8.570	-0.270
61.980	-12.141	-0.255
62.000	-15.445	-0.233
62.020	-18.463	-0.214
62.040	-21.364	-0.187
62.060	-23.872	-0.165
62.080	-25.993	-0.129
62.100	-27.841	-0.102
62.120	-29.195	-0.065
62.140	-30.177	-0.034
62.160	-30.693	-0.003
62.180	-30.806	0.032
62.200	-30.435	0.070
62.220	-29.705	0.098
62.240	-28.443	0.134
62.260	-26.864	0.161
62.280	-24.801	0.190
62.300	-22.486	0.225
62.320	-19.715	0.244
62.340	-16.803	0.259
62.360	-13.511	0.273
62.380	-10.073	0.281
62.400	-6.496	0.287
62.420	-2.823	0.288
62.440	0.792	0.284
62.460	4.573	0.278
62.480	8.092	0.267
62.500	11.701	0.252
62.520	14.977	0.234
62.540	18.168	0.213
62.560	20.971	0.192
62.580	23.614	0.155
62.600	25.816	0.134
62.620	27.610	0.095
62.640	29.103	0.064
62.660	30.124	0.027
62.680	30.709	-0.003
62.700	30.860	-0.039
62.720	30.580	-0.070
62.740	29.877	-0.105
62.760	28.733	-0.140
62.780	27.164	-0.173
62.800	25.182	-0.204
62.820	22.867	-0.226
62.840	20.262	-0.250
62.860	17.260	-0.265
62.880	14.139	-0.285
62.900	10.750	-0.289
62.920	7.135	-0.299
62.940	3.489	-0.300
62.960	-0.105	-0.297
62.980	-3.897	-0.291
63.000	-7.554	-0.278
63.020	-11.003	-0.268
63.040	-14.451	-0.246
63.060	-17.604	-0.231
63.080	-20.515	-0.197
63.100	-23.131	-0.175
63.120	-25.397	-0.142
63.140	-27.331	-0.117
63.160	-28.824	-0.078
63.180	-29.930	-0.047
63.200	-30.570	-0.011
63.220	-30.795	0.018
63.240	-30.607	0.056
63.260	-29.979	0.088
63.280	-28.883	0.122
63.300	-27.352	0.151
63.320	-25.440	0.180
63.340	-23.195	0.209
63.360	-20.590	0.232
63.380	-17.738	0.250
63.400	-14.505	0.265
63.420	-11.132	0.274
63.440	-7.597	0.282
63.460	-3.945	0.283
63.480	-0.346	0.282
63.500	3.467	0.279
63.520	7.001	0.269
63.540	10.648	0.256
63.560	14.053	0.240
63.580	17.249	0.219
63.600	20.198	0.196
63.620	22.867	0.168
63.640	25.172	0.141
63.660	27.143	0.105
63.680	28.695	0.076
63.700	29.828	0.041
63.720	30.575	0.006
63.740	30.865	-0.030
63.760	30.725	-0.060
63.780	30.135	-0.091
63.800	29.082	-0.127
63.820	27.626	-0.160
63.840	25.827	-0.191
63.860	23.614	-0.217
63.880	21.041	-0.242
63.900	18.178	-0.255
63.920	15.138	-0.276
63.940	11.798	-0.281
63.960	8.215	-0.292
63.980	4.590	-0.296
64.000	0.905	-0.288
64.020	-2.704	-0.291
64.040	-6.459	-0.273
64.060	-10.025	-0.264
64.080	-13.447	-0.240
64.100	-16.696	-0.228
64.120	-19.618	-0.198
64.140	-22.379	-0.177
64.160	-24.715	-0.144
64.180	-26.810	-0.119
64.200	-28.459	-0.082
64.220	-29.667	-0.049
64.240	-30.462	-0.013
64.260	-30.779	0.014
64.280	-30.725	0.055
64.300	-30.226	0.083
64.320	-29.275	0.121
64.340	-27.911	0.150
64.360	-26.106	0.180
64.380	-23.936	0.207
64.400	-21.433	0.234
64.420	-18.603	0.256
64.440	-15.606	0.271
64.460	-12.211	0.281
64.480	-8.795	0.288
64.500	-5.089	0.292
64.520	-1.383	0.292
64.540	2.312	0.289
64.560	5.986	0.279
64.580	9.563	0.271
64.600	12.942	0.254
64.620	16.293	0.236
64.640	19.317	0.213
64.660	22.035	0.185
64.680	24.511	0.157
64.700	26.584	0.126
64.720	28.249	0.093
64.740	29.517	0.065
64.760	30.403	0.026
64.780	30.822	-0.004
64.800	30.801	-0.040
64.820	30.371	-0.070
64.840	29.447	-0.109
64.860	28.126	-0.139
64.880	26.418	-0.173
64.900	24.328	-0.200
64.920	21.847	-0.229
64.940	19.075	-0.241
64.960	16.041	-0.260
64.980	12.845	-0.273
65.000	9.300	-0.278
65.020	5.798	-0.285
65.040	2.038	-0.281
65.060	-1.571	-0.284
65.080	-5.342	-0.268
65.100	-8.870	-0.260
65.120	-12.421	-0.247
65.140	-15.713	-0.222
65.160	-18.710	-0.200
65.180	-21.594	-0.177
65.200	-24.006	-0.148
65.220	-26.203	-0.122
65.240	-27.970	-0.090
65.260	-29.307	-0.056
65.280	-30.247	-0.022
65.300	-30.720	0.013
65.320	-30.790	0.047
65.340	-30.425	0.083
65.360	-29.614	0.112
65.380	-28.394	0.144
65.400	-26.670	0.173
65.420	-24.624	0.203
65.440	-22.223	0.230
65.460	-19.484	0.250
65.480	-16.556	0.266
65.500	-13.237	0.281
65.520	-9.794	0.291
65.540	-6.185	0.292
65.560	-2.522	0.298
65.580	1.195	0.290
65.600	4.788	0.285
65.620	8.398	0.274
65.640	12.002	0.257
65.660	15.246	0.239
65.680	18.426	0.215
65.700	21.283	0.191
65.720	23.813	0.162
65.740	25.940	0.138
65.760	27.787	0.098
65.780	29.195	0.069
65.800	30.194	0.032
65.820	30.736	0.002
65.840	30.854	-0.032
65.860	30.559	-0.069
65.880	29.775	-0.104
65.900	28.582	-0.137
65.920	26.971	-0.170
65.940	25.070	-0.195
65.960	22.701	-0.226
65.980	20.037	-0.243
66.000	17.002	-0.264
66.020	13.785	-0.274
66.040	10.380	-0.285
66.060	6.835	-0.291
66.080	3.182	-0.293
66.100	-0.416	-0.289
66.120	-4.208	-0.288
66.140	-7.850	-0.272
66.160	-11.271	-0.260
66.180	-14.714	-0.241
66.200	-17.776	-0.218
66.220	-20.767	-0.194
66.240	-23.340	-0.171
66.260	-25.591	-0.137
66.280	-27.433	-0.108
66.300	-28.915	-0.073
66.320	-29.995	-0.040
66.340	-30.613	-0.006
66.360	-30.806	0.029
66.380	-30.559	0.061
66.400	-29.887	0.093
66.420	-28.802	0.125
66.440	-27.223	0.155
66.460	-25.327	0.182
66.480	-22.980	0.208
66.500	-20.348	0.232
66.520	-17.491	0.251
66.540	-14.247	0.267
66.560	-10.949	0.275
66.580	-7.307	0.280
66.600	-3.741	0.283
66.620	-0.035	0.282
66.640	3.762	0.278
66.660	7.297	0.267
66.680	10.933	0.255
66.700	14.327	0.237
66.720	17.491	0.213
66.740	20.429	0.189
66.760	23.077	0.167
66.780	25.301	0.132
66.800	27.288	0.099
66.820	28.802	0.069
66.840	29.920	0.035
66.860	30.613	0.005
66.880	30.860	-0.033
66.900	30.688	-0.065
66.920	30.038	-0.099
66.940	28.985	-0.135
66.960	27.492	-0.166
66.980	25.650	-0.197
67.000	23.399	-0.222
67.020	20.875	-0.246
67.040	17.931	-0.261
67.060	14.784	-0.279
67.080	11.508	-0.288
67.100	7.914	-0.295
67.120	4.396	-0.301
67.140	0.690	-0.297
67.160	-3.016	-0.291
67.180	-6.760	-0.279
67.200	-10.240	-0.267
67.220	-13.726	-0.249
67.240	-16.943	-0.229
67.260	-19.919	-0.202
67.280	-22.540	-0.177
67.300	-24.951	-0.148
67.320	-26.917	-0.121
67.340	-28.572	-0.084
67.360	-29.742	-0.052
67.380	-30.521	-0.019
67.400	-30.801	0.016
67.420	-30.720	0.052
67.440	-30.172	0.085
67.460	-29.184	0.119
67.480	-27.766	0.146
67.500	-26.004	0.176
67.520	-23.764	0.205
67.540	-21.213	0.234
67.560	-18.361	0.251
67.580	-15.267	0.268
67.600	-12.039	0.277
67.620	-8.446	0.286
67.640	-4.810	0.291
67.660	-1.098	0.289
67.680	2.613	0.286
67.700	6.271	0.274
67.720	9.843	0.262
67.740	13.296	0.250
67.760	16.540	0.228
67.780	19.548	0.206
67.800	22.239	0.180
67.820	24.624	0.151
67.840	26.686	0.119
67.860	28.378	0.086
67.880	29.630	0.058
67.900	30.446	0.019
67.920	30.833	-0.015
67.940	30.774	-0.050
67.960	30.301	-0.076
67.980	29.377	-0.118
68.000	27.991	-0.150
68.020	26.246	-0.183
68.040	24.124	-0.204
68.060	21.627	-0.234
68.080	18.818	-0.246
68.100	15.767	-0.269
68.120	12.469	-0.274
68.140	9.080	-0.286
68.160	5.395	-0.291
68.180	1.721	-0.285
68.200	-1.888	-0.285
68.220	-5.664	-0.270
68.240	-9.289	-0.265
68.260	-12.748	-0.243
68.280	-15.928	-0.225
68.300	-19.075	-0.199
68.320	-21.842	-0.177
68.340	-24.253	-0.146
68.360	-26.434	-0.118
68.380	-28.104	-0.082
68.400	-29.479	-0.049
68.420	-30.344	-0.017
68.440	-30.774	0.014
68.460	-30.838	0.051
68.480	-30.425	0.081
68.500	-29.576	0.116
68.520	-28.281	0.149
68.540	-26.563	0.176
68.560	-24.532	0.211
68.580	-22.073	0.234
68.600	-19.290	0.253
68.620	-16.240	0.270
68.640	-13.071	0.287
68.660	-9.595	0.291
68.680	-5.927	0.297
68.700	-2.323	0.296
68.720	1.458	0.298
68.740	5.068	0.282
68.760	8.752	0.276
68.780	12.184	0.257
68.800	15.573	0.242
68.820	18.587	0.222
68.840	21.433	0.194
68.860	23.995	0.165
68.880	26.095	0.133
68.900	27.911	0.099
68.920	29.302	0.073
68.940	30.242	0.031
68.960	30.768	0.003
68.980	30.844	-0.032
69.000	30.500	-0.065
69.020	29.705	-0.098
69.040	28.491	-0.133
69.060	26.826	-0.160
69.080	24.823	-0.192
69.100	22.427	-0.222
69.120	19.790	-0.235
69.140	16.820	-0.257
69.160	13.581	-0.271
69.180	10.073	-0.280
69.200	6.512	-0.289
69.220	2.849	-0.285
69.240	-0.739	-0.287
69.260	-4.525	-0.276
69.280	-8.172	-0.269
69.300	-11.674	-0.252
69.320	-15.004	-0.232
69.340	-18.141	-0.210
69.360	-20.923	-0.184
69.380	-23.571	-0.161
69.400	-25.779	-0.123
69.420	-27.626	-0.102
69.440	-29.098	-0.061
69.460	-30.065	-0.033
69.480	-30.682	0.004
69.500	-30.827	0.031
69.520	-30.548	0.069
69.540	-29.866	0.101
69.560	-28.700	0.135
69.580	-27.084	0.162
69.600	-25.129	0.189
69.620	-22.819	0.218
69.640	-20.198	0.239
69.660	-17.185	0.259
69.680	-14.064	0.275
69.700	-10.589	0.285
69.720	-7.017	0.288
69.740	-3.365	0.292
69.760	0.346	0.289
69.780	3.967	0.283
69.800	7.689	0.271
69.820	11.223	0.257
69.840	14.596	0.241
69.860	17.679	0.218
69.880	20.655	0.194
69.900	23.286	0.171
69.920	25.483	0.141
69.940	27.422	0.105
69.960	28.910	0.073
69.980	30.011	0.039
70.000	30.645	0.007
70.020	30.865	-0.026
70.040	30.645	-0.062
70.060	29.995	-0.098
70.080	28.883	-0.129
70.100	27.422	-0.168
70.120	25.483	-0.190
70.140	23.206	-0.223
70.160	20.585	-0.240
70.180	17.674	-0.260
70.200	14.505	-0.272
70.220	11.250	-0.286
70.240	7.614	-0.289
70.260	3.993	-0.297
70.280	0.389	-0.293
70.300	-3.408	-0.292
70.320	-6.953	-0.276
70.340	-10.503	-0.266
70.360	-13.989	-0.250
70.380	-17.201	-0.230
70.400	-20.064	-0.204
70.420	-22.803	-0.178
70.440	-25.118	-0.144
70.460	-27.084	-0.118
70.480	-28.679	-0.081
70.500	-29.785	-0.052
70.520	-30.527	-0.017
70.540	-30.811	0.014
70.560	-30.666	0.053
70.580	-30.097	0.081
70.600	-29.087	0.115
70.620	-27.610	0.146
70.640	-25.762	0.175
70.660	-23.544	0.199
70.680	-21.031	0.229
70.700	-18.178	0.250
70.720	-14.972	0.265
70.740	-11.717	0.271
70.760	-8.113	0.279
70.780	-4.552	0.280
70.800	-0.765	0.283
70.820	2.839	0.279
70.840	6.496	0.269
70.860	10.149	0.257
70.880	13.511	0.239
70.900	16.814	0.221
70.920	19.795	0.196
70.940	22.518	0.167
70.960	24.817	0.142
70.980	26.890	0.110
71.000	28.464	0.079
71.020	29.726	0.046
71.040	30.510	0.009
71.060	30.854	-0.026
71.080	30.752	-0.058
71.100	30.220	-0.089
71.120	29.254	-0.123
71.140	27.863	-0.156
71.160	26.085	-0.185
71.180	23.995	-0.214
71.200	21.406	-0.238
71.220	18.673	-0.256
71.240	15.509	-0.273
71.260	12.184	-0.285
71.280	8.806	-0.293
71.300	5.116	-0.296
71.320	1.517	-0.293
71.340	-2.269	-0.289
71.360	-5.943	-0.280
71.380	-9.456	-0.268
71.400	-12.995	-0.251
71.420	-16.170	-0.230
71.440	-19.290	-0.206
71.460	-22.035	-0.184
71.480	-24.409	-0.150
71.500	-26.552	-0.126
71.520	-28.260	-0.088
71.540	-29.528	-0.056
71.560	-30.392	-0.023
71.580	-30.790	0.006
71.600	-30.784	0.047
71.620	-30.333	0.079
71.640	-29.490	0.114
71.660	-28.142	0.141
71.680	-26.445	0.174
71.700	-24.285	0.198
71.720	-21.890	0.225
71.740	-19.032	0.251
71.760	-16.052	0.267
71.780	-12.727	0.275
71.800	-9.230	0.283
71.820	-5.696	0.288
71.840	-1.926	0.287
71.860	1.786	0.285
71.880	5.368	0.280
71.900	9.053	0.269
71.920	12.464	0.252
71.940	15.853	0.240
71.960	18.818	0.211
71.980	21.713	0.187
72.000	24.183	-0.270
72.020	26.262	0.130
72.040	28.008	0.096
72.060	29.366	0.067
72.080	30.296	0.026
72.100	30.784	-0.003
72.120	30.827	-0.041
72.140	30.457	-0.065
72.160	29.597	-0.104
72.180	28.384	-0.139
72.200	26.681	-0.173
72.220	24.640	-0.197
72.240	22.207	-0.226
72.260	19.478	-0.239
72.280	16.562	-0.263
72.300	13.216	-0.270
72.320	9.778	-0.279
72.340	6.212	-0.285
72.360	2.640	-0.288
72.380	-1.157	-0.283
72.400	-4.858	-0.276
72.420	-8.387	-0.264
72.440	-11.964	-0.249
72.460	-15.198	-0.227
72.480	-18.399	-0.207
72.500	-21.251	-0.179
72.520	-23.770	-0.152
72.540	-25.918	-0.121
72.560	-27.718	-0.092
72.580	-29.195	-0.056
72.600	-30.177	-0.025
72.620	-30.704	0.006
72.640	-30.833	0.044
72.660	-30.532	0.076
72.680	-29.791	0.108
72.700	-28.572	0.142
72.720	-27.003	0.170
72.740	-24.962	0.202
72.760	-22.669	0.229
72.780	-19.913	0.246
72.800	-16.932	0.268
72.820	-13.726	0.279
72.840	-10.326	0.290
72.860	-6.797	0.295
72.880	-3.053	0.296
72.900	0.653	0.293
72.920	4.343	0.287
72.940	7.963	0.279
72.960	11.432	0.260
72.980	14.865	0.246
73.000	17.915	0.221
73.020	20.885	0.199
73.040	23.415	0.167
73.060	25.698	0.141
73.080	27.551	0.105
73.100	28.990	0.077
73.120	30.081	0.035
73.140	30.693	0.010
73.160	30.865	-0.030
73.180	30.618	-0.061
73.200	29.909	-0.094
73.220	28.808	-0.126
73.240	27.266	-0.159
73.260	25.306	-0.185
73.280	22.996	-0.222
73.300	20.354	-0.235
73.320	17.507	-0.256
73.340	14.247	-0.269
73.360	10.933	-0.280
73.380	7.334	-0.289
73.400	3.693	-0.291
73.420	0.083	-0.290
73.440	-3.714	-0.280
73.460	-7.270	-0.270
73.480	-10.885	-0.256
73.500	-14.268	-0.239
73.520	-17.448	-0.218
73.540	-20.295	-0.196
73.560	-22.943	-0.168
73.580	-25.317	-0.140
73.600	-27.186	-0.106
73.620	-28.786	-0.077
73.640	-29.866	-0.044
73.660	-30.575	-0.008
73.680	-30.822	0.022
73.700	-30.656	0.059
73.720	-30.049	0.093
73.740	-28.974	0.126
73.760	-27.465	0.152
73.780	-25.623	0.183
73.800	-23.351	0.206
73.820	-20.821	0.231
73.840	-17.856	0.254
73.860	-14.789	0.267
73.880	-11.346	0.276
73.900	-7.904	0.284
73.920	-4.187	0.288
73.940	-0.556	0.284
73.960	3.156	0.279
73.980	6.878	0.270
74.000	10.449	0.256
74.020	13.790	0.238
74.040	17.077	0.217
74.060	19.967	0.192
74.080	22.739	0.167
74.100	25.053	0.142
74.120	26.992	0.110
74.140	28.582	0.073
74.160	29.802	0.043
74.180	30.527	0.006
74.200	30.854	-0.023
74.220	30.741	-0.064
74.240	30.177	-0.093
74.260	29.178	-0.128
74.280	27.739	-0.163
74.300	25.929	-0.192
74.320	23.802	-0.216
74.340	21.186	-0.241
74.360	18.356	-0.258
74.380	15.246	-0.277
74.400	11.991	-0.287
74.420	8.419	-0.293
74.440	4.815	-0.297
74.460	1.222	-0.298
74.480	-2.565	-0.292
74.500	-6.142	-0.283
74.520	-9.837	-0.268
74.540	-13.259	-0.251
74.560	-16.411	-0.234
74.580	-19.516	-0.210
74.600	-22.169	-0.183
74.620	-24.645	-0.154
74.640	-26.622	-0.126
74.660	-28.362	-0.090
74.680	-29.565	-0.055
74.700	-30.414	-0.024
74.720	-30.774	0.008
74.740	-30.741	0.044
74.760	-30.280	0.075
74.780	-29.323	0.111
74.800	-27.965	0.141
74.820	-26.235	0.170
74.840	-24.054	0.196
74.860	-21.627	0.225
74.880	-18.769	0.246
74.900	-15.767	0.267
74.920	-12.485	0.272
74.940	-8.919	0.279
74.960	-5.288	0.284
74.980	-1.700	0.285
75.000	2.103	0.282
75.020	5.771	0.273
75.040	9.359	0.261
75.060	12.759	0.249
75.080	16.035	0.230
75.100	19.075	0.203
75.120	21.954	0.180
75.140	24.323	0.149
75.160	26.482	0.124
75.180	28.142	0.085
75.200	29.490	0.057
75.220	30.344	0.017
75.240	30.801	-0.011
75.260	30.811	-0.050
75.280	30.387	-0.080
75.300	29.511	-0.116
75.320	28.217	-0.146
75.340	26.509	-0.180
75.360	24.516	-0.199
75.380	21.981	-0.233
75.400	19.242	-0.243
75.420	16.304	-0.270
75.440	12.931	-0.276
75.460	9.493	-0.291
75.480	5.916	-0.289
75.500	2.328	-0.296
75.520	-1.464	-0.288
75.540	-5.057	-0.282
75.560	-8.768	-0.266
75.580	-12.243	-0.250
75.600	-15.466	-0.231
75.620	-18.646	-0.211
75.640	-21.466	-0.188
75.660	-23.920	-0.156
75.680	-26.128	-0.127
75.700	-27.943	-0.097
75.720	-29.302	-0.057
75.740	-30.247	-0.027
75.760	-30.736	0.004
75.780	-30.822	0.038
75.800	-30.494	0.073
75.820	-29.732	0.107
75.840	-28.469	0.138
75.860	-26.880	0.171
75.900	-22.465	0.225
75.920	-19.688	0.250
75.940	-16.766	0.265
75.960	-13.463	0.279
75.980	-10.106	0.285
76.000	-6.437	0.290
76.020	-2.758	0.292
76.040	0.953	0.291
76.060	4.654	0.288
76.080	8.183	0.273
76.100	11.787	0.261
76.120	15.042	0.243
76.140	18.243	0.225
76.160	21.036	0.199
76.180	23.668	0.167
76.200	25.865	0.140
76.220	27.701	0.103
76.240	29.135	0.078
76.260	30.118	0.039
76.280	30.725	0.007
76.300	30.860	-0.026
76.320	30.570	-0.061
76.340	29.823	-0.094
76.360	28.657	-0.127
76.380	27.084	-0.158
76.400	25.193	-0.185
76.420	22.862	-0.216
76.440	20.112	-0.231
76.460	17.169	-0.251
76.480	14.043	-0.263
76.500	10.670	-0.277
76.520	7.007	-0.280
76.540	3.472	-0.282
76.560	-0.314	-0.280
76.580	-3.929	-0.276
76.600	-7.656	-0.262
76.620	-11.207	-0.248
76.640	-14.467	-0.230
76.660	-17.717	-0.212
76.680	-20.552	-0.183
76.700	-23.222	-0.157
76.720	-25.499	-0.126
76.740	-27.342	-0.098
76.760	-28.888	-0.065
76.780	-29.952	-0.034
76.800	-30.639	0.003
76.820	-30.844	0.034
76.840	-30.596	0.067
76.860	-29.984	0.102
76.880	-28.878	0.134
76.900	-27.385	0.165
76.920	-25.462	0.189
76.940	-23.200	0.217
76.960	-20.601	0.240
76.980	-17.598	0.262
77.000	-14.462	0.275
77.020	-11.142	0.285
77.040	-7.522	0.289
77.060	-3.961	0.298
77.080	-0.158	0.293
77.100	3.446	0.287
77.120	7.178	0.274
77.140	10.637	0.263
77.160	14.123	0.248
77.180	17.249	0.225
77.200	20.268	0.197
77.220	22.932	0.172
77.240	25.225	0.147
77.260	27.170	0.110
77.280	28.695	0.080
77.300	29.882	0.046
77.320	30.586	0.012
77.340	30.870	-0.019
77.360	30.704	-0.056
77.380	30.102	-0.090
77.400	29.093	-0.124
77.420	27.610	-0.155
77.440	25.773	-0.186
77.460	23.603	-0.216
77.480	20.971	-0.239
77.500	18.109	-0.255
77.520	14.972	-0.271
77.540	11.701	-0.280
77.560	8.129	-0.288
77.580	4.520	-0.291
77.600	0.937	-0.294
77.620	-2.882	-0.288
77.640	-6.459	-0.276
77.660	-10.122	-0.265
77.680	-13.447	-0.249
77.700	-16.760	-0.086
77.720	-19.661	-0.204
77.740	-22.459	-0.176
77.760	-24.747	-0.146
77.780	-26.783	-0.121
77.800	-28.480	-0.086
77.820	-29.646	-0.054
77.840	-30.462	-0.019
77.860	-30.784	0.011
77.880	-30.720	0.050
77.900	-30.215	0.080
77.920	-29.232	0.113
77.940	-27.868	0.142
77.960	-26.042	0.174
77.980	-23.931	0.197
78.000	-21.358	0.227
78.020	-18.511	0.244
78.040	-15.423	0.266
78.060	-12.206	0.275
78.080	-8.607	0.279
78.100	-5.078	0.281
78.120	-1.297	0.283
78.140	2.318	0.278
78.160	6.072	0.271
78.180	9.644	0.256
78.200	13.108	0.242
78.220	16.299	0.221
78.240	19.387	0.200
78.260	22.099	0.178
78.280	24.506	0.145
78.300	26.627	0.117
78.320	28.249	0.082
78.340	29.576	0.050
78.360	30.414	0.015
78.380	30.833	-0.016
78.400	30.801	-0.057
78.420	30.333	-0.086
78.440	29.447	-0.122
78.460	28.099	-0.150
78.480	26.359	-0.186
78.500	24.264	-0.212
78.520	21.847	-0.238
78.540	19.006	-0.255
78.560	15.960	-0.273
78.580	12.748	-0.283
78.600	9.214	-0.293
78.620	5.718	-0.297
78.640	1.947	-0.299
78.660	-1.748	-0.294
78.680	-5.342	-0.283
78.700	-9.048	-0.272
78.720	-12.421	-0.256
78.740	-15.788	-0.236
78.760	-18.764	-0.214
78.780	-21.589	-0.189
78.800	-24.135	-0.160
78.820	-26.214	-0.132
78.840	-28.018	-0.097
78.860	-29.329	-0.064
78.880	-30.280	-0.031
78.900	-30.731	0.002
78.920	-30.790	0.036
78.940	-30.419	0.068
78.960	-29.608	0.105
78.980	-28.324	0.135
79.000	-26.638	0.167
79.020	-24.592	0.192
79.040	-22.185	0.224
79.060	-19.441	0.244
79.080	-16.411	0.263
79.100	-13.162	0.276
79.120	-9.800	0.279
79.140	-6.120	0.285
79.160	-2.447	0.287
79.180	1.270	0.285
79.200	4.976	0.281
79.220	8.559	0.265
79.240	12.072	0.253
79.260	15.321	0.235
79.280	18.490	0.213
79.300	21.272	0.191
79.320	23.813	0.155
79.340	26.031	0.130
79.360	27.830	0.095
79.380	29.232	0.068
79.400	30.188	0.026
79.420	30.747	-0.001
79.440	30.849	-0.039
79.460	30.532	-0.065
79.480	29.759	-0.106
79.500	28.545	-0.139
79.520	26.917	-0.169
79.540	25.000	-0.197
79.560	22.561	-0.220
79.580	19.886	-0.240
79.600	16.922	-0.256
79.620	13.763	-0.274
79.640	10.261	-0.280
79.660	6.727	-0.287
79.680	3.145	-0.287
79.700	-0.647	-0.286
79.720	-4.337	-0.277
79.740	-7.973	-0.267
79.760	-11.400	-0.251
79.780	-14.838	-0.235
79.800	-17.905	-0.212
79.820	-20.805	-0.185
79.840	-23.437	-0.159
79.860	-25.634	-0.125
79.880	-27.567	-0.099
79.900	-29.039	-0.059
79.920	-30.081	-0.032
79.940	-30.656	0.002
79.960	-30.838	0.035
79.980	-30.596	0.074
80.000	-29.947	0.101
80.020	-28.776	0.140
80.040	-27.213	0.166
80.060	-25.263	0.200
80.080	-23.029	0.225
80.100	-20.322	0.244
80.120	-17.357	0.266
80.140	-14.188	0.279
80.160	-10.788	0.286
80.180	-7.238	0.296
80.200	-3.585	0.296
80.220	0.126	0.293
80.240	3.811	0.288
80.260	7.469	0.275
80.280	11.019	0.265
80.300	14.327	0.242
80.320	17.566	0.227
80.340	20.499	0.202
80.360	23.131	0.172
80.380	25.413	0.150
80.400	27.288	0.109
80.420	28.840	0.083
80.440	29.930	0.044
80.460	30.629	0.013
80.480	30.865	-0.020
80.500	30.672	-0.055
80.520	30.038	-0.090
80.540	28.964	-0.121
80.560	27.470	-0.153
80.580	25.650	-0.177
80.600	23.345	-0.219
80.620	20.740	-0.234
80.640	17.926	-0.255
80.660	14.789	-0.270
80.680	11.438	-0.280
80.700	7.834	-0.285
80.720	4.283	-0.289
80.740	0.513	-0.290
80.760	-3.188	-0.282
80.780	-6.851	-0.274
80.800	-10.417	-0.255
80.820	-13.731	-0.243
80.840	-17.040	-0.219
80.860	-19.935	-0.197
80.880	-22.674	-0.176
80.900	-24.946	-0.139
80.920	-27.025	-0.115
80.940	-28.561	-0.077
80.960	-29.791	-0.048
80.980	-30.494	-0.007
81.000	-30.806	0.014
81.020	-30.720	0.056
81.040	-30.172	0.084
81.060	-29.168	0.123
81.080	-27.696	0.150
81.100	-25.886	0.182
81.120	-23.732	0.203
81.140	-21.143	0.236
81.160	-18.350	0.254
81.180	-15.176	0.275
81.200	-11.835	0.283
81.220	-8.333	0.290
81.240	-4.681	0.290
81.260	-0.996	0.294
81.280	2.624	0.285
81.300	6.389	0.274
81.320	9.939	0.263
81.340	13.393	0.249
81.360	16.562	0.227
81.380	19.629	0.203
81.400	22.368	0.180
81.420	24.688	0.151
81.440	26.772	0.121
81.460	28.410	0.080
81.480	29.667	0.054
81.500	30.473	0.014
81.520	30.844	-0.015
81.540	30.779	-0.059
81.560	30.280	-0.082
81.580	29.329	-0.119
81.600	27.991	-0.153
81.620	26.214	-0.184
81.640	24.076	-0.210
81.660	21.573	-0.235
81.680	18.834	-0.255
81.700	15.702	-0.274
81.720	12.383	-0.280
81.740	8.919	-0.292
81.760	5.325	-0.295
81.780	1.646	-0.297
81.800	-2.065	-0.294
81.820	-5.723	-0.280
81.840	-9.327	-0.272
81.860	-12.791	-0.252
81.880	-15.976	-0.238
81.900	-19.097	-0.209
81.920	-21.885	-0.188
81.940	-24.318	-0.156
81.960	-26.423	-0.130
81.980	-28.083	-0.098
82.000	-29.452	-0.065
82.020	-30.317	-0.028
82.040	-30.741	0.003
82.060	-30.774	0.039
82.080	-30.355	0.072
82.100	-29.485	0.104
82.120	-28.185	0.138
82.140	-26.455	0.165
82.160	-24.430	0.191
82.180	-21.992	0.217
82.200	-19.177	0.242
82.220	-16.127	0.259
82.240	-12.877	0.271
82.260	-9.413	0.279
82.280	-5.809	0.283
82.300	-2.114	0.283
82.320	1.587	0.280
82.360	8.784	0.263
82.380	12.367	0.245
82.400	15.676	0.230
82.420	18.667	0.205
82.440	21.568	0.181
82.460	23.995	0.151
82.480	26.144	0.126
82.500	27.916	0.089
82.520	29.334	0.060
82.540	30.263	0.021
82.560	30.779	-0.007
82.580	30.838	-0.048
82.600	30.478	-0.076
82.620	29.683	-0.116
82.640	28.421	-0.139
82.660	26.831	-0.179
82.680	24.774	-0.198
82.700	22.368	-0.231
82.720	19.645	-0.246
82.740	16.669	-0.272
82.760	13.425	-0.276
82.780	9.993	-0.292
82.800	6.523	-0.292
82.820	2.769	-0.301
82.840	-0.830	-0.291
82.860	-4.622	-0.284
82.880	-8.161	-0.271
82.900	-11.765	-0.253
82.920	-15.079	-0.235
82.940	-18.141	-0.216
82.960	-21.079	-0.189
82.980	-23.555	-0.161
83.000	-25.822	-0.133
83.020	-27.637	-0.103
83.040	-29.119	-0.065
83.060	-30.113	-0.031
83.080	-30.672	-0.002
83.100	-30.811	0.030
83.120	-30.548	0.068
83.140	-29.818	0.101
83.160	-28.695	0.132
83.180	-27.111	0.165
83.200	-25.086	0.189
83.220	-22.814	0.217
83.240	-20.080	0.243
83.260	-17.185	0.261
83.280	-13.919	0.273
83.300	-10.573	0.277
83.320	-6.926	0.287
83.340	-3.365	0.288
83.360	0.336	0.286
83.380	4.128	0.282
83.400	7.667	0.270
83.420	11.298	0.258
83.440	14.666	0.244
83.460	17.819	0.217
83.480	20.719	0.197
83.500	23.335	0.165
83.520	25.574	0.143
83.540	27.422	0.103
83.560	28.958	0.077
83.580	30.006	0.039
83.600	30.661	0.010
83.620	30.865	-0.032
83.640	30.634	-0.058
83.660	29.947	-0.091
83.680	28.872	-0.124
83.700	27.363	-0.158
83.720	25.429	-0.190
83.740	23.125	-0.217
83.760	20.574	-0.237
83.780	17.593	-0.255
83.800	14.435	-0.271
83.820	11.046	-0.279
83.840	7.608	-0.289
83.860	3.891	-0.287
83.880	0.287	-0.282
83.900	-3.515	-0.276
83.920	-7.082	-0.268
83.940	-10.729	-0.255
83.960	-14.096	-0.238
83.980	-17.222	-0.215
84.000	-20.246	-0.189
84.020	-22.894	-0.163
84.040	-25.220	-0.135
84.060	-27.164	-0.107
84.080	-28.695	-0.069
84.100	-29.866	-0.042
84.120	-30.570	-0.002
84.140	-30.838	0.025
84.160	-30.666	0.065
84.180	-30.113	0.093
84.200	-29.082	0.133
84.220	-27.626	0.162
84.240	-25.719	0.188
84.260	-23.555	0.212
