0.000	30.835	0.018
0.020	30.545	-0.016
0.040	29.793	-0.051
0.060	28.612	-0.085
0.080	27.017	-0.124
0.100	25.072	-0.143
0.120	22.725	-0.183
0.140	20.040	-0.201
0.160	17.080	-0.231
0.180	13.863	-0.244
0.200	10.458	-0.269
0.220	6.918	-0.271
0.240	3.255	-0.289
0.260	-0.446	-0.283
0.280	-4.141	-0.293
0.300	-7.788	-0.280
0.320	-11.312	-0.282
0.340	-14.652	-0.259
0.360	-17.837	-0.249
0.380	-20.732	-0.225
0.400	-23.327	-0.203
0.420	-25.577	-0.175
0.440	-27.468	-0.151
0.460	-28.966	-0.120
0.480	-30.024	-0.088
0.500	-30.647	-0.054
0.520	-30.846	-0.026
0.540	-30.583	0.013
0.560	-29.922	0.044
0.580	-28.800	0.086
0.600	-27.253	0.111
0.620	-25.325	0.149
0.640	-23.026	0.172
0.660	-20.378	0.205
0.680	-17.435	0.224
0.700	-14.266	0.249
0.720	-10.871	0.257
0.740	-7.315	0.280
0.760	-3.647	0.277
0.780	0.054	0.290
0.800	3.776	0.284
0.820	7.401	0.284
0.840	10.952	0.272
0.860	14.335	0.264
0.880	17.521	0.246
0.900	20.453	0.229
0.920	23.096	0.201
0.940	25.378	0.182
0.960	27.285	0.148
0.980	28.821	0.123
1.000	29.928	0.085
1.020	30.610	0.057
1.040	30.841	0.018
1.060	30.642	-0.011
1.080	30.003	-0.047
1.100	28.929	-0.081
1.120	27.419	-0.118
1.140	25.577	-0.142
1.160	23.300	-0.180
1.180	20.706	-0.199
1.200	17.800	-0.230
1.220	14.663	-0.242
1.240	11.290	-0.267
1.260	7.772	-0.274
1.280	4.136	-0.292
1.300	0.446	-0.286
1.320	-3.271	-0.292
1.340	-6.923	-0.280
1.360	-10.506	-0.281
1.380	-13.895	-0.263
1.400	-17.102	-0.258
1.420	-20.061	-0.227
1.440	-22.730	-0.213
1.460	-25.072	-0.183
1.480	-27.065	-0.160
1.500	-28.655	-0.124
1.520	-29.810	-0.097
1.540	-30.540	-0.060
1.560	-30.825	-0.033
1.580	-30.701	0.010
1.600	-30.137	0.039
1.620	-29.122	0.081
1.640	-27.656	0.106
1.660	-25.824	0.146
1.680	-23.617	0.167
1.700	-21.055	0.201
1.720	-18.176	0.218
1.740	-15.039	0.247
1.760	-11.725	0.260
1.780	-8.196	0.280
1.800	-4.549	0.284
1.820	-0.843	0.293
1.840	2.868	0.292
1.860	6.547	0.292
1.880	10.103	0.279
1.900	13.541	0.272
1.920	16.785	0.255
1.940	19.760	0.241
1.960	22.483	0.215
1.980	24.852	0.193
2.000	26.872	0.163
2.020	28.483	0.136
2.040	29.713	0.103
2.060	30.486	0.076
2.080	30.825	0.035
2.100	30.733	0.001
2.120	30.202	-0.035
2.140	29.224	-0.064
2.160	27.838	-0.102
2.180	26.055	-0.128
2.200	23.880	-0.165
2.220	21.350	-0.189
2.240	18.514	-0.215
2.260	15.420	-0.234
2.280	12.080	-0.257
2.300	8.610	-0.261
2.320	4.984	-0.278
2.340	1.300	-0.279
2.360	-2.396	-0.285
2.380	-6.085	-0.280
2.400	-9.700	-0.276
2.420	-13.127	-0.260
2.440	-16.382	-0.250
2.460	-19.422	-0.226
2.480	-22.161	-0.207
2.500	-24.594	-0.183
2.520	-26.667	-0.158
2.540	-28.354	-0.127
2.560	-29.622	-0.097
2.580	-30.465	-0.064
2.600	-30.819	-0.037
2.620	-30.803	0.009
2.640	-30.357	0.038
2.660	-29.450	0.077
2.680	-28.091	0.107
2.700	-26.334	0.147
2.720	-24.202	0.170
2.740	-21.731	0.204
2.760	-18.917	0.227
2.780	-15.823	0.252
2.800	-12.563	0.268
2.820	-9.061	0.280
2.840	-5.446	0.288
2.860	-1.729	0.299
2.880	1.982	0.296
2.900	5.677	0.300
2.920	9.260	0.291
2.940	12.751	0.284
2.960	16.022	0.270
2.980	19.067	0.251
3.000	21.882	0.231
3.020	24.331	0.203
3.040	26.420	0.181
3.060	28.139	0.150
3.080	29.455	0.122
3.100	30.336	0.082
3.120	30.792	0.054
3.140	30.798	0.015
3.160	30.374	-0.016
3.180	29.493	-0.050
3.200	28.204	-0.085
3.220	26.506	-0.115
3.240	24.433	-0.143
3.260	21.968	-0.176
3.280	19.223	-0.203
3.300	16.183	-0.223
3.320	12.901	-0.236
3.340	9.458	-0.259
3.360	5.854	-0.266
3.380	2.197	-0.278
3.400	-1.515	-0.278
3.420	-5.205	-0.277
3.440	-8.830	-0.269
3.460	-12.311	-0.260
3.480	-15.608	-0.243
3.500	-18.708	-0.229
3.520	-21.517	-0.212
3.540	-24.014	-0.183
3.560	-26.179	-0.160
3.580	-27.951	-0.127
3.600	-29.342	-0.101
3.620	-30.255	-0.065
3.640	-30.723	-0.032
3.660	-30.835	0.000
3.680	-30.476	0.034
3.700	-29.670	0.069
3.720	-28.424	0.100
3.740	-26.759	0.139
3.760	-24.712	0.167
3.780	-22.317	0.193
3.800	-19.572	0.222
3.820	-16.570	0.243
3.840	-13.320	0.259
3.860	-9.872	0.274
3.880	-6.284	0.288
3.900	-2.616	0.293
3.920	1.106	0.297
3.940	4.812	0.295
3.960	8.427	0.296
3.980	11.940	0.281
4.000	15.259	0.268
4.020	18.369	0.247
4.040	21.232	0.233
4.060	23.783	0.204
4.080	25.958	0.186
4.100	27.769	0.147
4.120	29.176	0.124
4.140	30.164	0.084
4.160	30.728	0.056
4.180	30.841	0.021
4.200	30.513	-0.010
4.220	29.740	-0.051
4.240	28.553	-0.083
4.260	26.947	-0.119
4.280	24.970	-0.143
4.300	22.607	-0.180
4.320	19.905	-0.199
4.340	16.940	-0.227
4.360	13.712	-0.243
4.380	10.302	-0.262
4.400	6.735	-0.271
4.420	3.088	-0.279
4.440	-0.612	-0.281
4.460	-4.318	-0.282
4.480	-7.971	-0.276
4.500	-11.467	-0.272
4.520	-14.835	-0.256
4.540	-17.982	-0.240
4.560	-20.867	-0.219
4.580	-23.423	-0.201
4.600	-25.668	-0.169
4.620	-27.554	-0.147
4.640	-29.036	-0.114
4.660	-30.062	-0.083
4.680	-30.653	-0.049
4.700	-30.841	-0.019
4.720	-30.588	0.020
4.740	-29.885	0.049
4.760	-28.735	0.089
4.780	-27.178	0.118
4.800	-25.212	0.155
4.820	-22.892	0.175
4.840	-20.244	0.209
4.860	-17.290	0.227
4.880	-14.104	0.252
4.900	-10.699	0.262
4.920	-7.144	0.281
4.940	-3.475	0.281
4.960	0.236	0.289
4.980	3.932	0.285
5.000	7.573	0.286
5.020	11.118	0.274
5.040	14.502	0.264
5.060	17.671	0.247
5.080	20.582	0.228
5.100	23.219	0.201
5.120	25.470	0.182
5.140	27.366	0.146
5.160	28.875	0.128
5.180	29.965	0.085
5.200	30.631	0.058
5.220	30.852	0.018
5.240	30.631	-0.014
5.260	29.955	-0.048
5.280	28.870	-0.082
5.300	27.350	-0.117
5.320	25.475	-0.146
5.340	23.182	-0.180
5.360	20.571	-0.200
5.380	17.660	-0.229
5.400	14.491	-0.247
5.420	11.124	-0.267
5.440	7.595	-0.272
5.460	3.958	-0.288
5.480	0.269	-0.287
5.500	-3.432	-0.292
5.520	-7.090	-0.282
5.540	-10.651	-0.284
5.560	-14.051	-0.260
5.580	-17.236	-0.254
5.600	-20.201	-0.226
5.620	-22.865	-0.213
5.640	-25.169	-0.184
5.660	-27.135	-0.157
5.680	-28.703	-0.126
5.700	-29.863	-0.097
5.720	-30.556	-0.063
5.740	-30.825	-0.031
5.760	-30.674	0.010
5.780	-30.094	0.037
5.800	-29.058	0.080
5.820	-27.586	0.103
5.840	-25.722	0.142
5.860	-23.493	0.168
5.880	-20.910	0.200
5.900	-18.031	0.218
5.920	-14.894	0.247
5.940	-11.542	0.259
5.960	-8.008	0.275
5.980	-4.340	0.281
6.000	-0.661	0.292
6.020	3.056	0.288
6.040	6.708	0.290
6.060	10.270	0.280
6.080	13.712	0.267
6.100	16.924	0.254
6.120	19.905	0.237
6.140	22.607	0.213
6.160	24.954	0.191
6.180	26.947	0.163
6.200	28.547	0.129
6.220	29.750	0.103
6.240	30.513	0.064
6.260	30.830	0.039
6.280	30.723	-0.006
6.300	30.148	-0.031
6.320	29.165	-0.075
6.340	27.752	-0.102
6.360	25.958	-0.136
6.380	23.772	-0.165
6.400	21.221	-0.190
6.420	18.380	-0.222
6.440	15.270	-0.231
6.460	11.945	-0.265
6.480	8.438	-0.253
6.500	4.829	-0.299
6.520	1.139	-0.263
6.540	-2.567	-0.307
6.560	-6.247	-0.263
6.580	-9.851	-0.297
6.600	-13.277	-0.251
6.620	-16.527	-0.267
6.640	-19.540	-0.223
6.660	-22.285	-0.220
6.680	-24.680	-0.183
6.700	-26.737	-0.163
6.720	-28.418	-0.132
6.740	-29.654	-0.102
6.760	-30.486	-0.067
6.780	-30.825	-0.035
6.800	-30.798	0.005
6.820	-30.309	0.032
6.840	-29.385	0.071
6.860	-28.010	0.102
6.880	-26.238	0.136
6.900	-24.089	0.167
6.920	-21.597	0.194
6.940	-18.767	0.223
6.960	-15.673	0.243
6.980	-12.402	0.265
7.000	-8.889	0.276
7.020	-5.258	0.286
7.040	-1.552	0.294
7.060	2.159	0.295
7.080	5.844	0.298
7.100	9.426	0.290
7.120	12.901	0.277
7.140	16.167	0.264
7.160	19.218	0.250
7.180	22.011	0.230
7.200	24.428	0.205
7.220	26.522	0.175
7.240	28.198	0.147
7.260	29.509	0.114
7.280	30.374	0.086
7.300	30.798	0.048
7.320	30.782	0.019
7.340	30.320	-0.025
7.360	29.444	-0.039
7.380	28.139	-0.104
7.400	26.410	-0.099
7.420	24.326	-0.170
7.440	21.833	-0.153
7.460	19.078	-0.228
7.480	16.043	-0.203
7.500	12.735	-0.266
7.520	9.281	-0.240
7.540	5.688	-0.290
7.560	2.009	-0.270
7.580	-1.697	-0.287
7.600	-5.376	-0.283
7.620	-9.023	-0.271
7.640	-12.472	-0.276
7.660	-15.770	-0.242
7.680	-18.847	-0.243
7.700	-21.656	-0.208
7.720	-24.148	-0.197
7.740	-26.270	-0.160
7.760	-28.048	-0.140
7.780	-29.396	-0.100
7.800	-30.331	-0.077
7.820	-30.771	-0.036
7.840	-30.841	-0.003
7.860	-30.443	0.031
7.880	-29.648	0.067
7.900	-28.343	0.097
7.920	-26.689	0.136
7.940	-24.621	0.155
7.960	-22.204	0.196
7.980	-19.459	0.206
8.000	-16.430	0.248
8.020	-13.191	0.255
8.040	-9.706	0.287
8.060	-6.123	0.285
8.080	-2.433	0.305
8.100	1.273	0.292
8.120	4.963	0.305
8.140	8.588	0.288
8.160	12.090	0.293
8.180	15.426	0.265
8.200	18.514	0.258
8.220	21.366	0.230
8.240	23.880	0.217
8.260	26.055	0.180
8.280	27.833	0.155
8.300	29.229	0.120
8.320	30.202	0.093
8.340	30.733	0.054
8.360	30.825	0.027
8.380	30.476	-0.013
8.400	29.686	-0.046
8.420	28.478	-0.079
8.440	26.861	-0.114
8.460	24.868	-0.139
8.480	22.483	-0.180
8.500	19.766	-0.190
8.520	16.790	-0.230
8.540	13.557	-0.231
8.560	10.130	-0.272
8.580	6.563	-0.254
8.600	2.911	-0.294
8.620	-0.795	-0.264
8.640	-4.490	-0.302
8.660	-8.143	-0.261
8.680	-11.655	-0.297
8.700	-14.980	-0.258
8.720	-18.127	-0.259
8.740	-20.996	-0.225
8.760	-23.542	-0.210
8.780	-25.776	-0.180
8.800	-27.634	-0.155
8.820	-29.095	-0.125
8.840	-30.100	-0.091
8.860	-30.674	-0.063
8.880	-30.846	-0.023
8.900	-30.540	0.008
8.920	-29.831	0.045
8.940	-28.692	0.080
8.960	-27.092	0.110
8.980	-25.126	0.146
9.000	-22.779	0.169
9.020	-20.109	0.197
9.040	-17.145	0.222
9.060	-13.959	0.266
9.080	-10.549	0.273
9.100	-6.977	0.292
9.120	-3.303	0.293
9.140	0.403	0.305
9.160	4.104	0.297
9.180	7.740	0.301
9.200	11.295	0.281
9.220	14.658	0.282
9.240	17.805	0.257
9.260	20.716	0.248
9.280	23.343	0.211
9.300	25.577	0.197
9.320	27.462	0.158
9.340	28.934	0.140
9.360	30.019	0.097
9.380	30.642	0.073
9.400	30.841	0.028
9.420	30.615	0.005
9.440	29.912	-0.041
9.460	28.811	-0.067
9.480	27.285	-0.110
9.500	25.373	-0.128
9.520	23.069	-0.176
9.540	20.437	-0.197
9.560	17.531	-0.238
9.580	14.357	-0.241
9.600	10.968	-0.273
9.620	7.434	-0.272
9.640	3.787	-0.296
9.660	0.097	-0.287
9.680	-3.615	-0.300
9.700	-7.272	-0.285
9.720	-10.812	-0.285
9.740	-14.190	-0.267
9.760	-17.392	-0.258
9.780	-20.330	-0.236
9.800	-22.972	-0.216
9.820	-25.266	-0.189
9.840	-27.205	-0.166
9.860	-28.784	-0.130
9.880	-29.901	-0.106
9.900	-30.572	-0.065
9.920	-30.825	-0.040
9.940	-30.658	0.006
9.960	-30.051	0.029
9.980	-28.988	0.071
10.000	-27.505	0.097
10.020	-25.609	0.140
10.040	-23.370	0.157
10.060	-20.775	0.192
10.080	-17.891	0.211
10.100	-14.733	0.243
10.120	-11.371	0.263
10.140	-7.831	0.284
10.160	-4.179	0.288
10.180	-0.473	0.299
10.200	3.223	0.293
10.220	6.891	0.296
10.240	10.447	0.284
10.260	13.868	0.280
10.280	17.080	0.259
10.300	20.050	0.248
10.320	22.730	0.218
10.340	25.067	0.200
10.360	27.038	0.163
10.380	28.617	0.143
10.400	29.810	0.102
10.420	30.540	0.077
10.440	30.825	0.032
10.460	30.707	0.010
10.480	30.132	-0.035
10.500	29.111	-0.058
10.520	27.667	-0.103
10.540	25.862	-0.120
10.560	23.660	-0.168
10.580	21.098	-0.187
10.600	18.235	-0.237
10.620	15.125	-0.240
10.640	11.773	-0.271
10.660	8.282	-0.277
10.680	4.673	-0.294
10.700	0.972	-0.294
10.720	-2.739	-0.294
10.740	-6.408	-0.292
10.760	-9.996	-0.284
10.780	-13.428	-0.275
10.800	-16.656	-0.260
10.820	-19.669	-0.240
10.840	-22.376	-0.221
10.860	-24.766	-0.193
10.880	-26.796	-0.173
10.900	-28.445	-0.136
10.920	-29.697	-0.110
10.940	-30.481	-0.067
10.960	-30.803	-0.049
10.980	-30.766	-0.001
11.000	-30.261	0.019
11.020	-29.310	0.073
11.040	-27.930	0.087
11.060	-26.120	0.134
11.080	-23.971	0.151
11.100	-21.452	0.193
11.120	-18.616	0.206
11.140	-15.533	0.242
11.160	-12.235	0.248
11.180	-8.712	0.274
11.200	-5.086	0.292
11.220	-1.380	0.306
11.240	2.331	0.302
11.260	6.000	0.309
11.280	9.593	0.298
11.300	13.068	0.290
11.320	16.333	0.276
11.340	19.347	0.259
11.360	22.129	0.237
11.380	24.524	0.215
11.400	26.598	0.181
11.420	28.273	0.155
11.440	29.552	0.125
11.460	30.406	0.093
11.480	30.809	0.058
11.500	30.771	0.020
11.520	30.314	-0.010
11.540	29.385	-0.045
11.560	28.053	-0.076
11.580	26.324	-0.105
11.600	24.218	-0.140
11.620	21.721	-0.180
11.640	18.938	-0.214
11.660	15.882	-0.233
11.680	12.579	-0.252
11.700	9.104	-0.265
11.720	5.500	-0.276
11.740	1.842	-0.287
11.760	-1.869	-0.284
11.780	-5.570	-0.284
11.800	-9.174	-0.279
11.820	-12.654	-0.270
11.840	-15.925	-0.255
11.860	-19.008	-0.234
11.880	-21.807	-0.220
11.900	-24.272	-0.190
11.920	-26.383	-0.169
11.940	-28.134	-0.132
11.960	-29.439	-0.110
11.980	-30.363	-0.068
12.000	-30.771	-0.047
12.020	-30.835	0.001
12.040	-30.427	0.026
12.060	-29.589	0.066
12.080	-28.316	0.094
12.100	-26.619	0.135
12.120	-24.524	0.155
12.140	-22.091	0.194
12.160	-19.325	0.215
12.180	-16.269	0.238
12.200	-13.025	0.255
12.220	-9.561	0.275
12.240	-5.967	0.299
12.260	-2.261	0.311
12.280	1.456	0.315
12.300	5.135	0.311
12.320	8.750	0.305
12.340	12.257	0.298
12.360	15.576	0.287
12.380	18.659	0.266
12.400	21.490	0.253
12.420	24.003	0.223
12.440	26.136	0.201
12.460	27.919	0.172
12.480	29.289	0.139
12.500	30.245	0.108
12.520	30.755	0.072
12.540	30.825	0.036
12.560	30.470	0.008
12.580	29.643	-0.030
12.600	28.413	-0.065
12.620	26.753	-0.096
12.640	24.750	-0.130
12.660	22.349	-0.167
12.680	19.637	-0.190
12.700	16.640	-0.214
12.720	13.379	-0.232
12.740	9.953	-0.249
12.760	6.386	-0.258
12.780	2.729	-0.271
12.800	-0.978	-0.267
12.820	-4.667	-0.274
12.840	-8.314	-0.263
12.860	-11.806	-0.256
12.880	-15.141	-0.242
12.900	-18.267	-0.226
12.920	-21.125	-0.209
12.940	-23.670	-0.184
12.960	-25.878	-0.157
12.980	-27.709	-0.136
13.000	-29.160	-0.097
13.020	-30.148	-0.071
13.040	-30.707	-0.036
13.060	-30.846	-0.007
13.080	-30.540	0.029
13.100	-29.799	0.062
13.120	-28.623	0.102
13.140	-27.011	0.131
13.160	-25.019	0.163
13.180	-22.677	0.189
13.200	-19.997	0.217
13.220	-17.010	0.238
13.240	-13.793	0.259
13.260	-10.372	0.274
13.280	-6.800	0.290
13.300	-3.137	0.295
13.320	0.591	0.300
13.340	4.281	0.297
13.360	7.917	0.296
13.380	11.435	0.284
13.400	14.808	0.276
13.420	17.945	0.254
13.440	20.840	0.240
13.460	23.445	0.209
13.480	25.663	0.192
13.500	27.527	0.157
13.520	28.999	0.133
13.540	30.062	0.094
13.560	30.674	0.069
13.580	30.846	0.029
13.600	30.583	-0.002
13.620	29.879	-0.044
13.640	28.757	-0.071
13.660	27.205	-0.110
13.680	25.282	-0.131
13.700	22.961	-0.170
13.720	20.313	-0.188
13.740	17.375	-0.218
13.760	14.190	-0.238
13.780	10.785	-0.254
13.800	7.262	-0.259
13.820	3.620	-0.276
13.840	-0.086	-0.275
13.860	-3.776	-0.276
13.880	-7.444	-0.278
13.900	-10.973	-0.267
13.920	-14.357	-0.256
13.940	-17.526	-0.239
13.960	-20.469	-0.221
13.980	-23.085	-0.202
14.000	-25.352	-0.172
14.020	-27.307	-0.151
14.040	-28.832	-0.118
14.060	-29.922	-0.087
14.080	-30.599	-0.051
14.100	-30.835	-0.024
14.120	-30.642	0.018
14.140	-30.024	0.044
14.160	-28.929	0.085
14.180	-27.425	0.110
14.200	-25.513	0.151
14.220	-23.262	0.171
14.240	-20.657	0.204
14.260	-17.719	0.221
14.280	-14.583	0.251
14.300	-11.204	0.258
14.320	-7.659	0.280
14.340	-4.001	0.282
14.360	-0.312	0.292
14.380	3.416	0.288
14.400	7.058	0.291
14.420	10.619	0.276
14.440	14.024	0.270
14.460	17.230	0.253
14.480	20.174	0.239
14.500	22.859	0.209
14.520	25.158	0.192
14.540	27.129	0.157
14.560	28.682	0.134
14.580	29.831	0.098
14.600	30.562	0.068
14.620	30.857	0.031
14.640	30.690	-0.003
14.660	30.089	-0.038
14.680	29.058	-0.071
14.700	27.602	-0.110
14.720	25.771	-0.131
14.740	23.547	-0.168
14.760	20.969	-0.188
14.780	18.106	-0.218
14.800	14.980	-0.238
14.820	11.623	-0.254
14.840	8.126	-0.267
14.860	4.501	-0.278
14.880	0.811	-0.284
14.900	-2.906	-0.288
14.920	-6.569	-0.279
14.940	-10.151	-0.276
14.960	-13.567	-0.258
14.980	-16.790	-0.252
15.000	-19.798	-0.227
15.020	-22.483	-0.211
15.040	-24.852	-0.181
15.060	-26.872	-0.160
15.080	-28.510	-0.126
15.100	-29.713	-0.097
15.120	-30.492	-0.059
15.140	-30.798	-0.031
15.160	-30.723	0.010
15.180	-30.191	0.038
15.200	-29.229	0.079
15.220	-27.812	0.103
15.240	-25.996	0.144
15.260	-23.832	0.166
15.280	-21.296	0.201
15.300	-18.450	0.216
15.320	-15.361	0.251
15.340	-12.037	0.259
15.360	-8.524	0.276
15.380	-4.888	0.286
15.400	-1.176	0.294
15.420	2.519	0.287
15.440	6.204	0.291
15.460	9.786	0.284
15.480	13.229	0.276
15.500	16.489	0.262
15.520	19.492	0.243
15.540	22.263	0.221
15.560	24.653	0.201
15.580	26.689	0.170
15.600	28.343	0.142
15.620	29.605	0.109
15.640	30.422	0.079
15.660	30.819	0.045
15.680	30.760	0.011
15.700	30.271	-0.023
15.720	29.348	-0.058
15.740	27.983	-0.089
15.760	26.249	-0.122
15.780	24.105	-0.148
15.800	21.619	-0.180
15.820	18.799	-0.201
15.840	15.748	-0.229
15.860	12.418	-0.239
15.880	8.954	-0.260
15.900	5.355	-0.269
15.920	1.676	-0.277
15.940	-2.041	-0.279
15.960	-5.731	-0.278
15.980	-9.335	-0.272
16.000	-12.810	-0.260
16.020	-16.070	-0.247
16.040	-19.137	-0.226
16.060	-21.903	-0.205
16.080	-24.353	-0.181
16.100	-26.479	-0.159
16.120	-28.193	-0.126
16.140	-29.520	-0.097
16.160	-30.390	-0.060
16.180	-30.787	-0.035
16.200	-30.825	0.009
16.220	-30.411	0.036
16.240	-29.536	0.076
16.260	-28.241	0.106
16.280	-26.506	0.143
16.300	-24.417	0.169
16.320	-21.984	0.200
16.340	-19.191	0.224
16.360	-16.119	0.248
16.380	-12.875	0.267
16.400	-9.389	0.280
16.420	-5.774	0.292
16.440	-2.095	0.298
16.460	1.622	0.305
16.480	5.317	0.295
16.500	8.905	0.299
16.520	12.418	0.284
16.540	15.727	0.275
16.560	18.793	0.254
16.580	21.629	0.238
16.600	24.122	0.212
16.620	26.249	0.188
16.640	28.000	0.151
16.660	29.348	0.132
16.680	30.282	0.093
16.700	30.766	0.065
16.720	30.825	0.023
16.740	30.433	-0.006
16.760	29.600	-0.045
16.780	28.359	-0.073
16.800	26.684	-0.111
16.820	24.664	-0.135
16.840	22.226	-0.168
16.860	19.497	-0.192
16.880	16.495	-0.217
16.900	13.224	-0.231
16.920	9.792	-0.250
16.940	6.214	-0.259
16.960	2.551	-0.263
16.980	-1.149	-0.270
17.000	-4.839	-0.267
17.020	-8.497	-0.268
17.040	-11.983	-0.251
17.060	-15.302	-0.243
17.080	-18.423	-0.226
17.100	-21.264	-0.206
17.120	-23.799	-0.184
17.140	-25.996	-0.158
17.160	-27.790	-0.132
17.180	-29.213	-0.097
17.200	-30.196	-0.066
17.220	-30.723	-0.033
17.240	-30.852	-0.002
17.260	-30.508	0.034
17.280	-29.750	0.069
17.300	-28.553	0.102
17.320	-26.936	0.133
17.340	-24.927	0.167
17.360	-22.559	0.190
17.380	-19.868	0.223
17.400	-16.849	0.240
17.420	-13.659	0.263
17.440	-10.210	0.274
17.460	-6.628	0.290
17.480	-2.943	0.295
17.500	0.757	0.304
17.520	4.458	0.297
17.540	8.083	0.300
17.560	11.602	0.284
17.580	14.964	0.278
17.600	18.090	0.256
17.620	20.990	0.244
17.640	23.563	0.211
17.660	25.765	0.194
17.680	27.607	0.154
17.700	29.068	0.135
17.720	30.083	0.097
17.740	30.696	0.069
17.760	30.857	0.030
17.780	30.578	-0.002
17.800	29.826	-0.040
17.820	28.687	-0.071
17.840	27.103	-0.110
17.860	25.190	-0.134
17.880	22.854	-0.165
17.900	20.195	-0.193
17.920	17.236	-0.213
17.940	14.040	-0.236
17.960	10.640	-0.251
17.980	7.095	-0.261
18.000	3.448	-0.275
18.020	-0.263	-0.273
18.040	-3.953	-0.276
18.060	-7.600	-0.271
18.080	-11.140	-0.269
18.100	-14.507	-0.250
18.120	-17.682	-0.240
18.140	-20.593	-0.215
18.160	-23.187	-0.197
18.180	-25.464	-0.168
18.200	-27.376	-0.150
18.220	-28.907	-0.110
18.240	-29.987	-0.084
18.260	-30.615	-0.044
18.280	-30.841	-0.019
18.300	-30.626	0.023
18.320	-29.976	0.049
18.340	-28.875	0.091
18.360	-27.339	0.116
18.380	-25.400	0.154
18.400	-23.139	0.176
18.420	-20.507	0.209
18.440	-17.580	0.226
18.460	-14.427	0.251
18.480	-11.027	0.260
18.500	-7.487	0.280
18.520	-3.824	0.284
18.540	-0.113	0.292
18.560	3.583	0.288
18.580	7.224	0.290
18.600	10.785	0.278
18.620	14.190	0.270
18.640	17.381	0.250
18.660	20.313	0.236
18.680	22.983	0.209
18.700	25.276	0.189
18.720	27.215	0.158
18.740	28.757	0.131
18.760	29.890	0.095
18.780	30.594	0.066
18.800	30.852	0.030
18.820	30.664	-0.003
18.840	30.035	-0.039
18.860	28.999	-0.074
18.880	27.532	-0.104
18.900	25.679	-0.135
18.920	23.423	-0.169
18.940	20.840	-0.194
18.960	17.966	-0.218
18.980	14.830	-0.237
19.000	11.473	-0.260
19.020	7.949	-0.266
19.040	4.324	-0.281
19.060	0.628	-0.279
19.080	-3.078	-0.291
19.100	-6.741	-0.277
19.120	-10.318	-0.280
19.140	-13.718	-0.259
19.160	-16.940	-0.255
19.180	-19.921	-0.226
19.200	-22.591	-0.212
19.220	-24.943	-0.181
19.240	-26.968	-0.162
19.260	-28.574	-0.125
19.280	-29.756	-0.099
19.300	-30.508	-0.060
19.320	-30.792	-0.037
19.340	-30.696	0.007
19.360	-30.159	0.032
19.380	-29.176	0.075
19.400	-27.731	0.102
19.420	-25.905	0.140
19.440	-23.719	0.164
19.460	-21.167	0.197
19.480	-18.310	0.216
19.500	-15.195	0.243
19.520	-11.859	0.256
19.540	-8.341	0.276
19.560	-4.710	0.282
19.580	-0.999	0.289
19.600	2.712	0.289
19.620	6.375	0.290
19.640	9.942	0.280
19.660	13.396	0.272
19.680	16.640	0.258
19.700	19.631	0.242
19.720	22.381	0.218
19.740	24.755	0.195
19.760	26.791	0.165
19.780	28.413	0.139
19.800	29.659	0.105
19.820	30.465	0.073
19.840	30.846	0.039
19.860	30.760	0.003
19.880	30.255	-0.028
19.900	29.289	-0.062
19.920	27.914	-0.098
19.940	26.141	-0.125
19.960	24.009	-0.158
19.980	21.490	-0.183
20.000	18.675	-0.208
20.020	15.598	-0.232
20.040	12.268	-0.251
20.060	8.798	-0.260
20.080	5.199	-0.276
20.100	1.493	-0.280
20.120	-2.202	-0.282
20.140	-5.876	-0.277
20.160	-9.501	-0.274
20.180	-12.934	-0.263
20.200	-16.215	-0.255
20.220	-19.266	-0.228
20.240	-22.016	-0.210
20.260	-24.460	-0.184
20.280	-26.544	-0.162
20.300	-28.257	-0.130
20.320	-29.541	-0.102
20.340	-30.422	-0.064
20.360	-30.798	-0.040
20.380	-30.792	0.004
20.400	-30.368	0.032
20.420	-29.482	0.071
20.440	-28.145	0.102
20.460	-26.420	0.139
20.480	-24.315	0.164
20.500	-21.828	0.194
20.520	-19.041	0.216
20.540	-15.979	0.243
20.560	-12.713	0.262
20.580	-9.228	0.276
20.600	-5.597	0.285
20.620	-1.912	0.294
20.640	1.810	0.295
20.660	5.495	0.292
20.680	9.088	0.293
20.700	12.579	0.280
20.720	15.888	0.267
20.740	18.938	0.251
20.760	21.753	0.233
20.780	24.218	0.205
20.800	26.334	0.182
20.820	28.059	0.149
20.840	29.401	0.124
20.860	30.304	0.089
20.880	30.787	0.058
20.900	30.819	0.017
20.920	30.411	-0.012
20.940	29.546	-0.044
20.960	28.273	-0.076
20.980	26.598	-0.111
21.000	24.557	-0.143
21.020	22.097	-0.172
21.040	19.363	-0.195
21.060	16.344	-0.218
21.080	13.068	-0.236
21.100	9.630	-0.251
21.120	6.059	-0.263
21.140	2.379	-0.269
21.160	-1.332	-0.276
21.180	-5.027	-0.269
21.200	-8.653	-0.271
21.220	-12.155	-0.257
21.240	-15.453	-0.243
21.260	-18.562	-0.226
21.280	-21.404	-0.205
21.300	-23.917	-0.183
21.320	-26.087	-0.156
21.340	-27.887	-0.129
21.360	-29.272	-0.097
21.380	-30.255	-0.068
21.400	-30.750	-0.034
21.420	-30.830	-0.001
21.440	-30.497	0.039
21.460	-29.729	0.069
21.480	-28.499	0.106
21.500	-26.861	0.133
21.520	-24.831	0.169
21.540	-22.446	0.193
21.560	-19.733	0.221
21.580	-16.726	0.243
21.600	-13.503	0.262
21.620	-10.071	0.278
21.640	-6.461	0.292
21.660	-2.777	0.298
21.680	0.935	0.304
21.700	4.614	0.299
21.720	8.234	0.301
21.740	11.779	0.287
21.760	15.114	0.279
21.780	18.229	0.259
21.800	21.108	0.243
21.820	23.660	0.217
21.840	25.862	0.192
21.860	27.704	0.160
21.880	29.117	0.135
21.900	30.137	0.099
21.920	30.712	0.067
21.940	30.852	0.031
21.960	30.545	-0.002
21.980	29.799	-0.039
22.000	28.628	-0.070
22.020	27.027	-0.104
22.040	25.083	-0.132
22.060	22.730	-0.166
22.080	20.050	-0.184
22.100	17.091	-0.214
22.120	13.868	-0.234
22.140	10.458	-0.252
22.160	6.913	-0.258
22.180	3.276	-0.272
22.200	-0.435	-0.268
22.220	-4.130	-0.277
22.240	-7.783	-0.266
22.260	-11.322	-0.263
22.280	-14.663	-0.248
22.300	-17.816	-0.238
22.320	-20.732	-0.212
22.340	-23.311	-0.196
22.360	-25.566	-0.163
22.380	-27.473	-0.144
22.400	-28.961	-0.110
22.420	-30.019	-0.079
22.440	-30.653	-0.040
22.460	-30.857	-0.014
22.480	-30.594	0.024
22.500	-29.928	0.053
22.520	-28.805	0.095
22.540	-27.253	0.122
22.560	-25.319	0.158
22.580	-23.026	0.176
22.600	-20.378	0.215
22.620	-17.435	0.231
22.640	-14.276	0.255
22.660	-10.871	0.264
22.680	-7.326	0.285
22.700	-3.663	0.289
22.720	0.048	0.298
22.740	3.760	0.294
22.760	7.407	0.293
22.780	10.946	0.279
22.800	14.346	0.273
22.820	17.515	0.255
22.840	20.442	0.238
22.860	23.101	0.212
22.880	25.368	0.193
22.900	27.285	0.159
22.920	28.821	0.132
22.940	29.944	0.095
22.960	30.615	0.068
22.980	30.857	0.027
23.000	30.658	-0.003
23.020	30.019	-0.041
23.040	28.945	-0.069
23.060	27.436	-0.111
23.080	25.583	-0.130
23.100	23.305	-0.168
23.120	20.716	-0.192
23.140	17.816	-0.222
23.160	14.674	-0.235
23.180	11.301	-0.260
23.200	7.777	-0.265
23.220	4.141	-0.284
23.240	0.467	-0.280
23.260	-3.250	-0.284
23.280	-6.907	-0.277
23.300	-10.490	-0.280
23.320	-13.884	-0.260
23.340	-17.085	-0.253
23.360	-20.045	-0.226
23.380	-22.725	-0.211
23.400	-25.051	-0.178
23.420	-27.043	-0.160
23.440	-28.649	-0.123
23.460	-29.799	-0.097
23.480	-30.535	-0.061
23.500	-30.825	-0.033
23.520	-30.696	0.009
23.540	-30.116	0.035
23.560	-29.095	0.079
23.580	-27.650	0.102
23.600	-25.803	0.145
23.620	-23.601	0.160
23.640	-21.039	0.197
23.660	-18.154	0.213
23.680	-15.023	0.246
23.700	-11.693	0.253
23.720	-8.180	0.276
23.740	-4.533	0.275
23.760	-0.816	0.292
23.780	2.879	0.284
23.800	6.553	0.285
23.820	10.114	0.277
23.840	13.551	0.269
23.860	16.785	0.253
23.880	19.766	0.238
23.900	22.494	0.213
23.920	24.857	0.191
23.940	26.877	0.161
23.960	28.483	0.136
23.980	29.713	0.102
24.000	30.497	0.071
24.020	30.841	0.033
24.040	30.744	-0.001
24.060	30.207	-0.035
24.080	29.229	-0.067
24.100	27.844	-0.100
24.120	26.061	-0.131
24.140	23.901	-0.160
24.160	21.361	-0.191
24.180	18.541	-0.213
24.200	15.442	-0.237
24.220	12.123	-0.252
24.240	8.642	-0.270
24.260	5.017	-0.275
24.280	1.332	-0.284
24.300	-2.363	-0.287
24.320	-6.037	-0.281
24.340	-9.646	-0.280
24.360	-13.084	-0.265
24.380	-16.344	-0.256
24.400	-19.368	-0.229
24.420	-22.124	-0.216
24.440	-24.519	-0.184
24.460	-26.614	-0.164
24.480	-28.311	-0.131
24.500	-29.573	-0.104
24.520	-30.417	-0.064
24.540	-30.776	-0.038
24.560	-30.776	0.000
24.580	-30.304	0.028
24.600	-29.412	0.073
24.620	-28.048	0.099
24.640	-26.297	0.139
24.660	-24.181	0.162
24.680	-21.688	0.197
24.700	-18.901	0.217
24.720	-15.812	0.243
24.740	-12.542	0.259
24.760	-9.045	0.273
24.780	-5.425	0.286
24.800	-1.729	0.292
24.820	1.982	0.294
24.840	5.677	0.292
24.860	9.271	0.284
24.880	12.751	0.275
24.900	16.027	0.263
24.920	19.073	0.245
24.940	21.882	0.227
24.960	24.326	0.202
24.980	26.426	0.174
25.000	28.134	0.147
25.020	29.455	0.118
25.040	30.347	0.082
25.060	30.798	0.054
25.080	30.798	0.010
25.100	30.379	-0.016
25.120	29.503	-0.056
25.140	28.209	-0.083
25.160	26.512	-0.120
25.180	24.444	-0.147
25.200	21.968	-0.183
25.220	19.229	-0.202
25.240	16.194	-0.230
25.260	12.912	-0.239
25.280	9.464	-0.259
25.300	5.876	-0.268
25.320	2.197	-0.276
25.340	-1.504	-0.281
25.360	-5.199	-0.273
25.380	-8.835	-0.276
25.400	-12.305	-0.260
25.420	-15.619	-0.251
25.440	-18.713	-0.226
25.460	-21.549	-0.208
25.480	-24.025	-0.185
25.500	-26.184	-0.164
25.520	-27.973	-0.129
25.540	-29.342	-0.102
25.560	-30.293	-0.068
25.580	-30.755	-0.037
25.600	-30.846	0.000
25.620	-30.492	0.032
25.640	-29.702	0.068
25.660	-28.456	0.104
25.680	-26.786	0.136
25.700	-24.745	0.164
25.720	-22.328	0.193
25.740	-19.594	0.222
25.760	-16.597	0.243
25.780	-13.358	0.265
25.800	-9.888	0.278
25.820	-6.306	0.291
25.840	-2.621	0.297
25.860	1.101	0.301
25.880	4.807	0.301
25.900	8.417	0.300
25.920	11.945	0.288
25.940	15.259	0.279
25.960	18.369	0.257
25.980	21.232	0.241
26.000	23.783	0.216
26.020	25.958	0.189
26.040	27.769	0.156
26.060	29.176	0.136
26.080	30.175	0.097
26.100	30.728	0.067
26.120	30.841	0.029
26.140	30.519	0.001
26.160	29.745	-0.041
26.180	28.553	-0.073
26.200	26.947	-0.108
26.220	24.976	-0.129
26.240	22.607	-0.168
26.260	19.900	-0.186
26.280	16.946	-0.218
26.300	13.729	-0.226
26.320	10.296	-0.251
26.340	6.741	-0.259
26.360	3.088	-0.272
26.380	-0.607	-0.270
26.400	-4.318	-0.268
26.420	-7.965	-0.272
26.440	-11.483	-0.258
26.460	-14.819	-0.248
26.480	-17.988	-0.230
26.500	-20.877	-0.213
26.520	-23.445	-0.189
26.540	-25.674	-0.162
26.560	-27.581	-0.136
26.580	-29.047	-0.106
26.600	-30.078	-0.074
26.620	-30.658	-0.043
26.640	-30.868	-0.010
26.660	-30.588	0.027
26.680	-29.896	0.060
26.700	-28.757	0.098
26.720	-27.183	0.128
26.740	-25.233	0.160
26.760	-22.908	0.182
26.780	-20.254	0.218
26.800	-17.300	0.234
26.820	-14.131	0.259
26.840	-10.726	0.270
26.860	-7.149	0.287
26.880	-3.475	0.293
26.900	0.226	0.300
26.920	3.926	0.297
26.940	7.573	0.299
26.960	11.107	0.283
26.980	14.502	0.276
27.000	17.666	0.256
27.020	20.582	0.243
27.040	23.225	0.214
27.060	25.475	0.193
27.080	27.382	0.162
27.100	28.886	0.135
27.120	29.960	0.099
27.140	30.631	0.068
27.160	30.852	0.031
27.180	30.637	-0.001
27.200	29.960	-0.036
27.220	28.880	-0.068
27.240	27.350	-0.105
27.260	25.491	-0.133
27.280	23.187	-0.167
27.300	20.577	-0.190
27.320	17.671	-0.215
27.340	14.507	-0.236
27.360	11.150	-0.251
27.380	7.605	-0.264
27.400	3.980	-0.276
27.420	0.285	-0.278
27.440	-3.432	-0.279
27.460	-7.084	-0.277
27.480	-10.640	-0.272
27.500	-14.029	-0.253
27.520	-17.241	-0.242
27.540	-20.185	-0.219
27.560	-22.843	-0.205
27.580	-25.158	-0.176
27.600	-27.129	-0.155
27.620	-28.719	-0.118
27.640	-29.842	-0.092
27.660	-30.556	-0.056
27.680	-30.830	-0.027
27.700	-30.669	0.015
27.720	-30.078	0.039
27.740	-29.036	0.085
27.760	-27.570	0.106
27.780	-25.706	0.147
27.800	-23.499	0.168
27.820	-20.904	0.201
27.840	-18.009	0.221
27.860	-14.883	0.247
27.880	-11.537	0.257
27.900	-7.998	0.275
27.920	-4.372	0.283
27.940	-0.645	0.291
27.960	3.056	0.287
27.980	6.719	0.288
28.000	10.275	0.277
28.020	13.718	0.269
28.040	16.924	0.252
28.060	19.916	0.236
28.080	22.618	0.210
28.100	24.976	0.190
28.120	26.952	0.162
28.140	28.553	0.133
28.160	29.756	0.097
28.180	30.513	0.065
28.200	30.846	0.035
28.220	30.723	0.000
28.240	30.159	-0.037
28.260	29.181	-0.071
28.280	27.769	-0.108
28.300	25.975	-0.133
28.320	23.778	-0.165
28.340	21.237	-0.193
28.360	18.385	-0.216
28.380	15.297	-0.240
28.400	11.945	-0.252
28.420	8.459	-0.269
28.440	4.855	-0.284
28.460	1.155	-0.282
28.480	-2.546	-0.288
28.500	-6.214	-0.280
28.520	-9.818	-0.282
28.540	-13.250	-0.263
28.560	-16.479	-0.258
28.580	-19.508	-0.230
28.600	-22.215	-0.214
28.620	-24.648	-0.187
28.640	-26.700	-0.168
28.660	-28.381	-0.130
28.680	-29.589	-0.104
28.700	-30.427	-0.064
28.720	-30.776	-0.036
28.740	-30.755	0.000
28.760	-30.261	0.031
28.780	-29.337	0.073
28.800	-27.957	0.102
28.820	-26.195	0.135
28.840	-24.057	0.161
28.860	-21.554	0.192
28.880	-18.729	0.214
28.900	-15.657	0.242
28.920	-12.364	0.257
28.940	-8.862	0.272
28.960	-5.231	0.280
28.980	-1.542	0.289
29.000	2.175	0.292
29.020	5.865	0.287
29.040	9.442	0.281
29.060	12.907	0.272
29.080	16.188	0.260
29.100	19.212	0.243
29.120	22.016	0.223
29.140	24.428	0.199
29.160	26.522	0.171
29.180	28.198	0.140
29.200	29.514	0.114
29.220	30.379	0.078
29.240	30.809	0.046
29.260	30.782	0.010
29.280	30.347	-0.023
29.300	29.450	-0.057
29.320	28.139	-0.093
29.340	26.415	-0.126
29.360	24.342	-0.153
29.380	21.860	-0.187
29.400	19.078	-0.205
29.420	16.060	-0.231
29.440	12.756	-0.247
29.460	9.303	-0.260
29.480	5.709	-0.276
29.500	2.036	-0.274
29.520	-1.676	-0.286
29.540	-5.360	-0.276
29.560	-8.986	-0.278
29.580	-12.482	-0.261
29.600	-15.759	-0.254
29.620	-18.836	-0.233
29.640	-21.662	-0.215
29.660	-24.127	-0.188
29.680	-26.281	-0.164
29.700	-28.048	-0.131
29.720	-29.396	-0.104
29.740	-30.325	-0.068
29.760	-30.771	-0.036
29.780	-30.830	0.003
29.800	-30.454	0.033
29.820	-29.638	0.066
29.840	-28.381	0.102
29.860	-26.705	0.131
29.880	-24.632	0.160
29.900	-22.204	0.192
29.920	-19.470	0.218
29.940	-16.446	0.240
29.960	-13.175	0.260
29.980	-9.727	0.272
30.000	-6.128	0.285
30.020	-2.438	0.292
30.040	1.262	0.298
30.060	4.974	0.291
30.080	8.572	0.292
30.100	12.085	0.282
30.120	15.415	0.272
30.140	18.509	0.256
30.160	21.361	0.238
30.180	23.891	0.208
30.200	26.050	0.189
30.220	27.838	0.153
30.240	29.229	0.129
30.260	30.202	0.091
30.280	30.739	0.063
30.300	30.835	0.021
30.320	30.497	-0.005
30.340	29.691	-0.044
30.360	28.488	-0.071
30.380	26.861	-0.112
30.400	24.874	-0.133
30.420	22.483	-0.169
30.440	19.766	-0.187
30.460	16.795	-0.222
30.480	13.557	-0.229
30.500	10.135	-0.255
30.520	6.580	-0.259
30.540	2.906	-0.272
30.560	-0.795	-0.273
30.580	-4.506	-0.273
30.600	-8.137	-0.270
30.620	-11.655	-0.260
30.640	-14.991	-0.247
30.660	-18.127	-0.230
30.680	-21.012	-0.210
30.700	-23.563	-0.188
30.720	-25.776	-0.158
30.740	-27.650	-0.137
30.760	-29.117	-0.100
30.780	-30.126	-0.071
30.800	-30.696	-0.037
30.820	-30.857	-0.006
30.840	-30.578	0.027
30.860	-29.869	0.064
30.880	-28.714	0.102
30.900	-27.113	0.131
30.920	-25.142	0.164
30.940	-22.811	0.186
30.960	-20.131	0.221
30.980	-17.155	0.238
31.000	-13.976	0.262
31.020	-10.554	0.273
31.040	-6.988	0.294
31.060	-3.314	0.294
31.080	0.397	0.306
31.100	4.098	0.299
31.120	7.734	0.301
31.140	11.285	0.283
31.160	14.647	0.280
31.180	17.811	0.259
31.200	20.706	0.244
31.220	23.332	0.215
31.240	25.572	0.196
31.260	27.457	0.162
31.280	28.945	0.139
31.300	30.019	0.100
31.320	30.664	0.073
31.340	30.846	0.033
31.360	30.610	0.002
31.380	29.933	-0.039
31.400	28.821	-0.064
31.420	27.285	-0.106
31.440	25.389	-0.129
31.460	23.090	-0.169
31.480	20.453	-0.184
31.500	17.521	-0.217
31.520	14.362	-0.230
31.540	10.979	-0.252
31.560	7.434	-0.255
31.580	3.792	-0.275
31.600	0.097	-0.275
31.620	-3.604	-0.278
31.640	-7.246	-0.273
31.660	-10.823	-0.267
31.680	-14.201	-0.251
31.700	-17.381	-0.238
31.720	-20.324	-0.222
31.740	-22.967	-0.201
31.760	-25.260	-0.168
31.780	-27.199	-0.148
31.800	-28.768	-0.116
31.820	-29.885	-0.086
31.840	-30.588	-0.049
31.860	-30.835	-0.022
31.880	-30.647	0.019
31.900	-30.051	0.044
31.920	-28.982	0.089
31.940	-27.500	0.110
31.960	-25.609	0.153
31.980	-23.375	0.170
32.000	-20.770	0.207
32.020	-17.875	0.226
32.040	-14.744	0.251
32.060	-11.392	0.263
32.080	-7.836	0.280
32.100	-4.184	0.288
32.120	-0.467	0.296
32.140	3.228	0.292
32.160	6.891	0.294
32.180	10.447	0.279
32.200	13.863	0.275
32.220	17.085	0.254
32.240	20.045	0.238
32.260	22.736	0.212
32.280	25.067	0.195
32.300	27.049	0.161
32.320	28.623	0.135
32.340	29.810	0.100
32.360	30.551	0.069
32.380	30.841	0.033
32.400	30.712	0.000
32.420	30.132	-0.037
32.440	29.117	-0.065
32.460	27.667	-0.107
32.480	25.878	-0.130
32.500	23.660	-0.168
32.520	21.103	-0.189
32.540	18.251	-0.218
32.560	15.141	-0.237
32.580	11.800	-0.255
32.600	8.293	-0.268
32.620	4.684	-0.280
32.640	0.999	-0.283
32.660	-2.712	-0.286
32.680	-6.392	-0.283
32.700	-9.974	-0.279
32.720	-13.396	-0.267
32.740	-16.634	-0.253
32.760	-19.637	-0.231
32.780	-22.360	-0.210
32.800	-24.739	-0.184
32.820	-26.775	-0.163
32.840	-28.445	-0.131
32.860	-29.665	-0.102
32.880	-30.454	-0.064
32.900	-30.798	-0.038
32.920	-30.739	0.002
32.940	-30.239	0.029
32.960	-29.283	0.072
32.980	-27.881	0.101
33.000	-26.093	0.139
33.020	-23.944	0.163
33.040	-21.431	0.194
33.060	-18.589	0.210
33.080	-15.485	0.238
33.100	-12.176	0.256
33.120	-8.690	0.274
33.140	-5.054	0.281
33.160	-1.359	0.288
33.180	2.347	0.287
33.200	6.026	0.287
33.220	9.598	0.277
33.240	13.073	0.271
33.260	16.328	0.257
33.280	19.352	0.237
33.300	22.145	0.217
33.320	24.541	0.194
33.340	26.608	0.169
33.360	28.290	0.136
33.380	29.568	0.109
33.400	30.400	0.073
33.420	30.819	0.043
33.440	30.776	0.003
33.460	30.314	-0.027
33.480	29.391	-0.064
33.500	28.075	-0.099
33.520	26.334	-0.127
33.540	24.229	-0.156
33.560	21.753	-0.189
33.580	18.955	-0.206
33.600	15.909	-0.234
33.620	12.601	-0.247
33.640	9.142	-0.266
33.660	5.548	-0.276
33.680	1.858	-0.286
33.700	-1.832	-0.284
33.720	-5.516	-0.281
33.740	-9.125	-0.279
33.760	-12.622	-0.267
33.780	-15.898	-0.255
33.800	-18.971	-0.234
33.820	-21.764	-0.215
33.840	-24.208	-0.190
33.860	-26.351	-0.168
33.880	-28.096	-0.135
33.900	-29.407	-0.108
33.920	-30.331	-0.072
33.940	-30.750	-0.044
33.960	-30.825	-0.006
33.980	-30.406	0.027
34.000	-29.557	0.064
34.020	-28.268	0.097
34.040	-26.587	0.133
34.060	-24.514	0.162
34.080	-22.070	0.190
34.100	-19.325	0.214
34.120	-16.269	0.235
34.140	-13.025	0.258
34.160	-9.550	0.272
34.180	-5.946	0.280
34.200	-2.261	0.291
34.220	1.450	0.294
34.240	5.140	0.290
34.260	8.760	0.291
34.280	12.262	0.278
34.300	15.571	0.270
34.320	18.643	0.247
34.340	21.495	0.235
34.360	23.987	0.205
34.380	26.146	0.181
34.400	27.924	0.149
34.420	29.294	0.124
34.440	30.245	0.084
34.460	30.755	0.060
34.480	30.825	0.013
34.500	30.470	-0.010
34.520	29.648	-0.051
34.540	28.418	-0.079
34.560	26.764	-0.114
34.580	24.766	-0.141
34.600	22.354	-0.176
34.620	19.637	-0.194
34.640	16.650	-0.223
34.660	13.396	-0.234
34.680	9.958	-0.259
34.700	6.397	-0.265
34.720	2.723	-0.275
34.740	-0.978	-0.277
34.760	-4.673	-0.276
34.780	-8.309	-0.270
34.800	-11.833	-0.259
34.820	-15.146	-0.251
34.840	-18.272	-0.232
34.860	-21.157	-0.212
34.880	-23.676	-0.189
34.900	-25.883	-0.163
34.920	-27.742	-0.138
34.940	-29.176	-0.105
34.960	-30.191	-0.074
34.980	-30.717	-0.043
35.000	-30.835	-0.006
35.020	-30.562	0.031
35.040	-29.836	0.061
35.060	-28.655	0.101
35.080	-27.054	0.129
35.100	-25.045	0.164
35.120	-22.693	0.189
35.140	-20.023	0.222
35.160	-17.026	0.238
35.180	-13.814	0.263
35.200	-10.388	0.276
35.220	-6.821	0.288
35.240	-3.153	0.296
35.260	0.575	0.305
35.280	4.270	0.299
35.300	7.890	0.301
35.320	11.424	0.284
35.340	14.797	0.281
35.360	17.939	0.259
35.380	20.829	0.246
35.400	23.439	0.215
35.420	25.658	0.197
35.440	27.532	0.160
35.460	28.999	0.138
35.480	30.062	0.101
35.500	30.680	0.071
35.520	30.857	0.034
35.540	30.594	0.006
35.560	29.879	-0.037
35.580	28.757	-0.062
35.600	27.215	-0.105
35.620	25.287	-0.126
35.640	22.978	-0.162
35.660	20.313	-0.184
35.680	17.381	-0.218
35.700	14.190	-0.229
35.720	10.785	-0.251
35.740	7.256	-0.256
35.760	3.625	-0.271
35.780	-0.081	-0.276
35.800	-3.781	-0.274
35.820	-7.434	-0.272
35.840	-10.984	-0.263
35.860	-14.341	-0.249
35.880	-17.547	-0.232
35.900	-20.464	-0.216
35.920	-23.085	-0.195
35.940	-25.373	-0.165
35.960	-27.307	-0.144
35.980	-28.848	-0.106
36.000	-29.933	-0.080
36.020	-30.604	-0.045
36.040	-30.862	-0.018
36.060	-30.642	0.025
36.080	-30.008	0.049
36.100	-28.945	0.097
36.120	-27.446	0.117
36.140	-25.529	0.160
36.160	-23.262	0.179
36.180	-20.673	0.217
36.200	-17.741	0.228
36.220	-14.583	0.257
36.240	-11.220	0.266
36.260	-7.670	0.284
36.280	-4.012	0.289
36.300	-0.306	0.303
36.320	3.400	0.297
36.340	7.058	0.297
36.360	10.629	0.282
36.380	14.019	0.278
36.400	17.220	0.260
36.420	20.168	0.243
36.440	22.854	0.218
36.460	25.169	0.198
36.480	27.129	0.164
36.500	28.682	0.138
36.520	29.842	0.104
36.540	30.562	0.073
36.560	30.852	0.034
36.580	30.696	0.003
36.600	30.089	-0.036
36.620	29.063	-0.064
36.640	27.602	-0.105
36.660	25.776	-0.127
36.680	23.552	-0.165
36.700	20.974	-0.185
36.720	18.117	-0.217
36.740	14.980	-0.231
36.760	11.623	-0.252
36.780	8.126	-0.261
36.800	4.512	-0.276
36.820	0.822	-0.280
36.840	-2.895	-0.284
36.860	-6.558	-0.278
36.880	-10.146	-0.274
36.900	-13.551	-0.260
36.920	-16.790	-0.249
36.940	-19.776	-0.226
36.960	-22.467	-0.209
36.980	-24.847	-0.180
37.000	-26.861	-0.158
37.020	-28.499	-0.123
37.040	-29.691	-0.096
37.060	-30.497	-0.061
37.080	-30.814	-0.034
37.100	-30.723	0.007
37.120	-30.186	0.038
37.140	-29.224	0.077
37.160	-27.822	0.104
37.180	-26.012	0.141
37.200	-23.832	0.164
37.220	-21.286	0.199
37.240	-18.428	0.217
37.260	-15.340	0.245
37.280	-12.031	0.252
37.300	-8.519	0.276
37.320	-4.877	0.278
37.340	-1.198	0.289
37.360	2.530	0.286
37.380	6.204	0.291
37.400	9.775	0.276
37.420	13.240	0.272
37.440	16.489	0.255
37.460	19.497	0.240
37.480	22.258	0.216
37.500	24.648	0.195
37.520	26.689	0.166
37.540	28.354	0.136
37.560	29.611	0.106
37.580	30.427	0.075
37.600	30.819	0.039
37.620	30.760	0.004
37.640	30.266	-0.030
37.660	29.348	-0.064
37.680	27.978	-0.101
37.700	26.254	-0.127
37.720	24.127	-0.157
37.740	21.624	-0.191
37.760	18.820	-0.212
37.780	15.753	-0.239
37.800	12.450	-0.251
37.820	8.970	-0.270
37.840	5.382	-0.278
37.860	1.703	-0.286
37.880	-2.003	-0.287
37.900	-5.683	-0.287
37.920	-9.303	-0.284
37.940	-12.751	-0.270
37.960	-16.017	-0.258
37.980	-19.100	-0.235
38.000	-21.860	-0.218
38.020	-24.315	-0.190
38.040	-26.415	-0.168
38.060	-28.155	-0.139
38.080	-29.450	-0.108
38.100	-30.347	-0.073
38.120	-30.739	-0.046
38.140	-30.792	-0.006
38.160	-30.363	0.022
38.180	-29.493	0.064
38.200	-28.182	0.098
38.220	-26.474	0.132
38.240	-24.379	0.159
38.260	-21.941	0.190
38.280	-19.148	0.214
38.300	-16.108	0.237
38.320	-12.842	0.253
38.340	-9.373	0.269
38.360	-5.763	0.281
38.380	-2.079	0.286
38.400	1.638	0.291
38.420	5.328	0.287
38.440	8.921	0.287
38.460	12.418	0.274
38.480	15.721	0.265
38.500	18.799	0.243
38.520	21.624	0.227
38.540	24.111	0.200
38.560	26.243	0.176
38.580	28.005	0.143
38.600	29.353	0.122
38.620	30.282	0.081
38.640	30.771	0.056
38.660	30.819	0.014
38.680	30.433	-0.017
38.700	29.600	-0.058
38.720	28.365	-0.081
38.740	26.684	-0.116
38.760	24.669	-0.147
38.780	22.226	-0.177
38.800	19.502	-0.201
38.820	16.495	-0.228
38.840	13.245	-0.244
38.860	9.802	-0.255
38.880	6.230	-0.273
38.900	2.551	-0.275
38.920	-1.144	-0.287
38.940	-4.839	-0.276
38.960	-8.476	-0.276
38.980	-11.983	-0.267
39.000	-15.302	-0.253
39.020	-18.428	-0.237
39.040	-21.270	-0.215
39.060	-23.789	-0.196
39.080	-25.996	-0.169
39.100	-27.817	-0.139
39.120	-29.224	-0.109
39.140	-30.207	-0.076
39.160	-30.733	-0.039
39.180	-30.846	-0.010
39.200	-30.551	0.027
39.220	-29.788	0.058
39.240	-28.596	0.102
39.260	-26.958	0.126
39.280	-24.949	0.164
39.300	-22.591	0.186
39.320	-19.884	0.214
39.340	-16.892	0.238
39.360	-13.675	0.260
39.380	-10.253	0.275
39.400	-6.655	0.286
39.420	-2.976	0.289
39.440	0.736	0.300
39.460	4.431	0.296
39.480	8.073	0.296
39.500	11.602	0.287
39.520	14.948	0.275
39.540	18.084	0.259
39.560	20.963	0.245
39.580	23.552	0.217
39.600	25.765	0.194
39.620	27.602	0.161
39.640	29.058	0.136
39.660	30.083	0.100
39.680	30.690	0.073
39.700	30.852	0.029
39.720	30.572	0.004
39.740	29.831	-0.039
39.760	28.682	-0.068
39.780	27.108	-0.102
39.800	25.190	-0.130
39.820	22.849	-0.161
39.840	20.179	-0.186
39.860	17.230	-0.214
39.880	14.040	-0.228
39.900	10.651	-0.246
39.920	7.095	-0.258
39.940	3.427	-0.267
39.960	-0.263	-0.273
39.980	-3.969	-0.271
40.000	-7.605	-0.269
40.020	-11.140	-0.260
40.040	-14.518	-0.243
40.060	-17.703	-0.234
40.080	-20.620	-0.213
40.100	-23.208	-0.192
40.120	-25.486	-0.157
40.140	-27.403	-0.139
40.160	-28.918	-0.104
40.180	-29.998	-0.076
40.200	-30.631	-0.041
40.220	-30.852	-0.013
40.240	-30.626	0.025
40.260	-29.987	0.056
40.280	-28.891	0.097
40.300	-27.355	0.125
40.320	-25.448	0.160
40.340	-23.160	0.181
40.360	-20.534	0.220
40.380	-17.601	0.233
40.400	-14.432	0.262
40.420	-11.064	0.270
40.440	-7.493	0.289
40.460	-3.846	0.293
40.480	-0.134	0.303
40.500	3.572	0.299
40.520	7.229	0.299
40.540	10.780	0.284
40.560	14.180	0.280
40.580	17.370	0.262
40.600	20.308	0.247
40.620	22.978	0.218
40.640	25.266	0.199
40.660	27.215	0.168
40.680	28.751	0.139
40.700	29.885	0.104
40.720	30.594	0.074
40.740	30.852	0.039
40.760	30.674	0.002
40.780	30.046	-0.027
40.800	29.004	-0.068
40.820	27.538	-0.098
40.840	25.685	-0.128
40.860	23.429	-0.160
40.880	20.851	-0.189
40.900	17.961	-0.209
40.920	14.830	-0.234
40.940	11.473	-0.247
40.960	7.949	-0.261
40.980	4.318	-0.274
41.000	0.645	-0.272
41.020	-3.078	-0.280
41.040	-6.735	-0.271
41.060	-10.318	-0.275
41.080	-13.712	-0.252
41.100	-16.940	-0.246
41.120	-19.921	-0.220
41.140	-22.602	-0.209
41.160	-24.954	-0.173
41.180	-26.941	-0.156
41.200	-28.574	-0.118
41.220	-29.734	-0.092
41.240	-30.513	-0.055
41.260	-30.830	-0.029
41.280	-30.707	0.013
41.300	-30.148	0.037
41.320	-29.170	0.082
41.340	-27.747	0.109
41.360	-25.916	0.144
41.380	-23.713	0.169
41.400	-21.167	0.201
41.420	-18.305	0.223
41.440	-15.195	0.246
41.460	-11.875	0.261
41.480	-8.347	0.276
41.500	-4.705	0.284
41.520	-1.004	0.291
41.540	2.702	0.292
41.560	6.359	0.285
41.580	9.942	0.282
41.600	13.390	0.274
41.620	16.629	0.259
41.640	19.621	0.240
41.660	22.381	0.218
41.680	24.750	0.194
41.700	26.786	0.166
41.720	28.424	0.135
41.740	29.659	0.108
41.760	30.465	0.070
41.780	30.841	0.039
41.800	30.750	0.004
41.820	30.250	-0.033
41.840	29.289	-0.064
41.860	27.914	-0.104
41.880	26.157	-0.128
41.900	24.020	-0.163
41.920	21.495	-0.184
41.940	18.681	-0.218
41.960	15.598	-0.233
41.980	12.262	-0.259
42.000	8.803	-0.263
42.020	5.205	-0.283
42.040	1.520	-0.283
42.060	-2.181	-0.288
42.080	-5.860	-0.282
42.100	-9.469	-0.284
42.120	-12.928	-0.269
42.140	-16.172	-0.258
42.160	-19.229	-0.234
42.180	-21.989	-0.216
42.200	-24.417	-0.193
42.220	-26.517	-0.164
42.240	-28.214	-0.140
42.260	-29.498	-0.106
42.280	-30.374	-0.072
42.300	-30.766	-0.044
42.320	-30.771	-0.002
42.340	-30.320	0.026
42.360	-29.428	0.066
42.380	-28.123	0.095
42.400	-26.377	0.133
42.420	-24.277	0.153
42.440	-21.812	0.191
42.460	-19.014	0.209
42.480	-15.947	0.237
42.500	-12.676	0.251
42.520	-9.195	0.269
42.540	-5.575	0.276
42.560	-1.885	0.290
42.580	1.821	0.288
42.600	5.500	0.288
42.620	9.088	0.280
42.640	12.584	0.274
42.660	15.877	0.258
42.680	18.938	0.241
42.700	21.758	0.222
42.720	24.229	0.197
42.740	26.324	0.175
42.760	28.069	0.143
42.780	29.407	0.115
42.800	30.309	0.076
42.820	30.782	0.048
42.840	30.819	0.009
42.860	30.406	-0.022
42.880	29.557	-0.056
42.900	28.295	-0.092
42.920	26.598	-0.121
42.940	24.562	-0.151
42.960	22.102	-0.183
42.980	19.379	-0.210
43.000	16.360	-0.230
43.020	13.095	-0.248
43.040	9.657	-0.259
43.060	6.053	-0.278
43.080	2.390	-0.280
43.100	-1.311	-0.288
43.120	-4.995	-0.280
43.140	-8.642	-0.280
43.160	-12.117	-0.267
43.180	-15.442	-0.255
43.200	-18.525	-0.238
43.220	-21.382	-0.216
43.240	-23.896	-0.194
43.260	-26.055	-0.172
43.280	-27.887	-0.139
43.300	-29.267	-0.110
43.320	-30.223	-0.075
43.340	-30.728	-0.045
43.360	-30.830	-0.010
43.380	-30.497	0.026
43.400	-29.713	0.060
43.420	-28.510	0.096
43.440	-26.861	0.127
43.460	-24.852	0.157
43.480	-22.451	0.185
43.500	-19.717	0.213
43.520	-16.726	0.234
43.540	-13.503	0.259
43.560	-10.055	0.268
43.580	-6.472	0.281
43.600	-2.804	0.288
43.620	0.908	0.294
43.640	4.619	0.292
43.660	8.234	0.293
43.680	11.752	0.278
43.700	15.109	0.268
43.720	18.224	0.251
43.740	21.098	0.238
43.760	23.649	0.209
43.780	25.867	0.185
43.800	27.693	0.155
43.820	29.122	0.130
43.840	30.137	0.093
43.860	30.712	0.063
43.880	30.846	0.023
43.900	30.556	-0.004
43.920	29.788	-0.041
43.940	28.628	-0.072
43.960	27.027	-0.109
43.980	25.083	-0.139
44.000	22.730	-0.170
44.020	20.045	-0.193
44.040	17.085	-0.220
44.060	13.863	-0.232
44.080	10.458	-0.257
44.100	6.923	-0.260
44.120	3.255	-0.277
44.140	-0.440	-0.274
44.160	-4.136	-0.280
44.180	-7.793	-0.269
44.200	-11.333	-0.267
44.220	-14.695	-0.245
44.240	-17.843	-0.237
44.260	-20.759	-0.212
44.280	-23.332	-0.197
44.300	-25.615	-0.162
44.320	-27.500	-0.143
44.340	-28.999	-0.107
44.360	-30.062	-0.077
44.380	-30.658	-0.046
44.400	-30.835	-0.010
44.420	-30.621	0.026
44.440	-29.971	0.060
44.460	-28.854	0.097
44.480	-27.291	0.122
44.500	-25.352	0.161
44.520	-23.058	0.182
44.540	-20.410	0.216
44.560	-17.467	0.237
44.580	-14.298	0.259
44.600	-10.893	0.271
44.620	-7.342	0.288
44.640	-3.685	0.292
44.660	0.021	0.305
44.680	3.744	0.299
44.700	7.391	0.301
44.720	10.941	0.287
44.740	14.325	0.280
44.760	17.510	0.261
44.780	20.442	0.247
44.800	23.101	0.218
44.820	25.368	0.197
44.840	27.291	0.168
44.860	28.821	0.142
44.880	29.938	0.104
44.900	30.604	0.075
44.920	30.857	0.036
44.940	30.658	0.010
44.960	30.024	-0.031
44.980	28.945	-0.064
45.000	27.446	-0.100
45.020	25.577	-0.126
45.040	23.316	-0.161
45.060	20.711	-0.181
45.080	17.832	-0.213
45.100	14.668	-0.226
45.120	11.295	-0.252
45.140	7.777	-0.255
45.160	4.157	-0.275
45.180	0.451	-0.272
45.200	-3.255	-0.279
45.220	-6.913	-0.270
45.240	-10.490	-0.272
45.260	-13.879	-0.250
45.280	-17.102	-0.240
45.300	-20.056	-0.217
45.320	-22.725	-0.204
45.340	-25.056	-0.168
45.360	-27.054	-0.151
45.380	-28.666	-0.114
45.400	-29.810	-0.089
45.420	-30.535	-0.052
45.440	-30.825	-0.024
45.460	-30.707	0.016
45.480	-30.132	0.044
45.500	-29.127	0.086
45.520	-27.667	0.111
45.540	-25.797	0.152
45.560	-23.622	0.172
45.580	-21.039	0.206
45.600	-18.170	0.227
45.620	-15.044	0.249
45.640	-11.714	0.262
45.660	-8.175	0.281
45.680	-4.528	0.288
45.700	-0.833	0.299
45.720	2.857	0.294
45.740	6.547	0.296
45.760	10.108	0.284
45.780	13.557	0.279
45.800	16.779	0.258
45.820	19.771	0.243
45.840	22.494	0.219
45.860	24.857	0.197
45.880	26.877	0.168
45.900	28.483	0.139
45.920	29.713	0.106
45.940	30.486	0.075
45.960	30.835	0.039
45.980	30.739	0.007
46.000	30.207	-0.028
46.020	29.229	-0.060
46.040	27.849	-0.100
46.060	26.066	-0.126
46.080	23.901	-0.164
46.100	21.366	-0.185
46.120	18.546	-0.212
46.140	15.447	-0.233
46.160	12.123	-0.254
46.180	8.653	-0.263
46.200	5.038	-0.281
46.220	1.343	-0.280
46.240	-2.363	-0.287
46.260	-6.026	-0.282
46.280	-9.641	-0.276
46.300	-13.073	-0.263
46.320	-16.328	-0.253
46.340	-19.357	-0.232
46.360	-22.113	-0.214
46.380	-24.530	-0.187
46.400	-26.598	-0.164
46.420	-28.295	-0.133
46.440	-29.552	-0.106
46.460	-30.406	-0.068
46.480	-30.771	-0.042
46.500	-30.755	-0.001
46.520	-30.282	0.027
46.540	-29.385	0.068
46.560	-28.042	0.095
46.580	-26.281	0.132
46.600	-24.165	0.160
46.620	-21.688	0.190
46.640	-18.869	0.213
46.660	-15.802	0.238
46.680	-12.520	0.251
46.700	-9.018	0.269
46.720	-5.403	0.279
46.740	-1.713	0.283
46.760	1.993	0.288
46.780	5.672	0.284
46.800	9.265	0.279
46.820	12.756	0.269
46.840	16.038	0.258
46.860	19.078	0.237
46.880	21.887	0.218
46.900	24.320	0.193
46.920	26.410	0.168
46.940	28.134	0.135
46.960	29.450	0.113
46.980	30.341	0.072
47.000	30.782	0.044
47.020	30.798	0.004
47.040	30.379	-0.024
47.060	29.503	-0.065
47.080	28.209	-0.095
47.100	26.522	-0.130
47.120	24.455	-0.157
47.140	21.989	-0.191
47.160	19.234	-0.209
47.180	16.221	-0.238
47.200	12.928	-0.248
47.220	9.480	-0.269
47.240	5.903	-0.275
47.260	2.229	-0.289
47.280	-1.477	-0.286
47.300	-5.167	-0.288
47.320	-8.803	-0.276
47.340	-12.278	-0.275
47.360	-15.565	-0.259
47.380	-18.659	-0.242
47.400	-21.490	-0.222
47.420	-23.993	-0.197
47.440	-26.136	-0.171
47.460	-27.930	-0.143
47.480	-29.289	-0.114
47.500	-30.239	-0.076
47.520	-30.717	-0.049
47.540	-30.803	-0.011
47.560	-30.443	0.020
47.580	-29.648	0.058
47.600	-28.402	0.096
47.620	-26.748	0.125
47.640	-24.707	0.155
47.660	-22.317	0.181
47.680	-19.578	0.211
47.700	-16.559	0.234
47.720	-13.320	0.258
47.740	-9.888	0.266
47.760	-6.284	0.282
47.780	-2.610	0.285
47.800	1.106	0.292
47.820	4.802	0.288
47.840	8.406	0.285
47.860	11.935	0.278
47.880	15.270	0.268
47.900	18.369	0.246
47.920	21.227	0.234
47.940	23.772	0.201
47.960	25.958	0.184
47.980	27.769	0.147
48.000	29.181	0.126
48.020	30.175	0.085
48.040	30.733	0.058
48.060	30.841	0.016
48.080	30.519	-0.010
48.100	29.740	-0.051
48.120	28.569	-0.078
48.140	26.952	-0.114
48.160	24.986	-0.140
48.180	22.612	-0.178
48.200	19.905	-0.194
48.220	16.951	-0.226
48.240	13.718	-0.237
48.260	10.307	-0.260
48.280	6.751	-0.266
48.300	3.078	-0.280
48.320	-0.607	-0.280
48.340	-4.313	-0.283
48.360	-7.965	-0.276
48.380	-11.500	-0.270
48.400	-14.840	-0.252
48.420	-17.982	-0.238
48.440	-20.877	-0.216
48.460	-23.450	-0.196
48.480	-25.695	-0.168
48.500	-27.581	-0.143
48.520	-29.052	-0.107
48.540	-30.105	-0.081
48.560	-30.674	-0.044
48.580	-30.841	-0.015
48.600	-30.615	0.027
48.620	-29.922	0.055
48.640	-28.778	0.097
48.660	-27.210	0.121
48.680	-25.266	0.161
48.700	-22.951	0.186
48.720	-20.287	0.214
48.740	-17.327	0.235
48.760	-14.169	0.260
48.780	-10.748	0.271
48.800	-7.176	0.292
48.820	-3.507	0.292
48.840	0.199	0.302
48.860	3.905	0.298
48.880	7.552	0.300
48.900	11.086	0.285
48.920	14.480	0.278
48.940	17.649	0.260
48.960	20.566	0.247
48.980	23.219	0.218
49.000	25.470	0.197
49.020	27.366	0.165
49.040	28.880	0.141
49.060	29.960	0.103
49.080	30.637	0.075
49.100	30.857	0.035
49.120	30.631	0.003
49.140	29.960	-0.034
49.160	28.875	-0.065
49.180	27.350	-0.102
49.200	25.486	-0.126
49.220	23.198	-0.160
49.240	20.577	-0.184
49.260	17.676	-0.213
49.280	14.507	-0.226
49.300	11.140	-0.247
49.320	7.616	-0.259
49.340	3.969	-0.267
49.360	0.279	-0.275
49.380	-3.432	-0.276
49.400	-7.079	-0.271
49.420	-10.651	-0.263
49.440	-14.051	-0.251
49.460	-17.247	-0.237
49.480	-20.206	-0.218
49.500	-22.843	-0.201
49.520	-25.174	-0.163
49.540	-27.162	-0.147
49.560	-28.735	-0.111
49.580	-29.869	-0.082
49.600	-30.567	-0.048
49.620	-30.852	-0.016
49.640	-30.696	0.022
49.660	-30.105	0.049
49.680	-29.068	0.091
49.700	-27.591	0.114
49.720	-25.733	0.158
49.740	-23.504	0.177
49.760	-20.931	0.211
49.780	-18.042	0.234
49.800	-14.905	0.255
49.820	-11.542	0.268
49.840	-8.024	0.285
49.860	-4.372	0.296
49.880	-0.655	0.301
49.900	3.056	0.299
49.920	6.708	0.301
49.940	10.270	0.288
49.960	13.707	0.281
49.980	16.935	0.264
50.000	19.900	0.245
50.020	22.612	0.222
50.040	24.965	0.196
50.060	26.952	0.172
50.080	28.537	0.142
50.100	29.756	0.107
50.120	30.519	0.077
50.140	30.835	0.042
50.160	30.728	0.006
50.180	30.159	-0.027
50.200	29.181	-0.063
50.220	27.774	-0.097
50.240	25.975	-0.127
50.260	23.789	-0.157
50.280	21.237	-0.184
50.300	18.391	-0.209
50.320	15.302	-0.233
50.340	11.945	-0.248
50.360	8.465	-0.262
50.380	4.861	-0.275
50.400	1.171	-0.276
50.420	-2.541	-0.282
50.440	-6.214	-0.279
50.460	-9.818	-0.274
50.480	-13.234	-0.257
50.500	-16.479	-0.247
50.520	-19.502	-0.225
50.540	-22.236	-0.210
50.560	-24.632	-0.180
50.580	-26.689	-0.158
50.600	-28.381	-0.126
50.620	-29.616	-0.099
50.640	-30.438	-0.060
50.660	-30.787	-0.035
50.680	-30.744	0.006
50.700	-30.266	0.034
50.720	-29.337	0.074
50.740	-27.973	0.102
50.760	-26.206	0.139
50.780	-24.057	0.164
50.800	-21.554	0.193
50.820	-18.734	0.218
50.840	-15.657	0.239
50.860	-12.359	0.257
50.880	-8.857	0.273
50.900	-5.226	0.283
50.920	-1.542	0.287
50.940	2.165	0.289
50.960	5.844	0.291
50.980	9.432	0.280
51.000	12.901	0.270
51.020	16.178	0.257
51.040	19.212	0.234
51.060	22.011	0.219
51.080	24.433	0.194
51.100	26.517	0.172
51.120	28.204	0.135
51.140	29.509	0.109
51.160	30.368	0.071
51.180	30.803	0.043
51.200	30.792	0.003
51.220	30.352	-0.026
51.240	29.450	-0.066
51.260	28.145	-0.095
51.280	26.420	-0.126
51.300	24.336	-0.155
51.320	21.876	-0.189
51.340	19.100	-0.211
51.360	16.054	-0.239
51.380	12.767	-0.250
51.400	9.319	-0.268
51.420	5.731	-0.280
51.440	2.052	-0.286
51.460	-1.654	-0.289
51.480	-5.344	-0.286
51.500	-8.954	-0.281
51.520	-12.434	-0.274
51.540	-15.710	-0.259
51.560	-18.804	-0.243
51.580	-21.603	-0.222
51.600	-24.100	-0.197
51.620	-26.222	-0.169
51.640	-28.000	-0.142
51.660	-29.353	-0.113
51.680	-30.282	-0.077
51.700	-30.728	-0.050
51.720	-30.792	-0.013
51.740	-30.411	0.019
51.760	-29.584	0.059
51.780	-28.338	0.091
51.800	-26.657	0.126
51.820	-24.594	0.155
51.840	-22.183	0.185
51.860	-19.427	0.209
51.880	-16.414	0.231
51.900	-13.170	0.251
51.920	-9.711	0.264
51.940	-6.112	0.280
51.960	-2.428	0.284
51.980	1.284	0.289
52.000	4.979	0.286
52.020	8.588	0.282
52.040	12.090	0.274
52.060	15.415	0.262
52.080	18.514	0.244
52.100	21.366	0.227
52.120	23.891	0.200
52.140	26.055	0.177
52.160	27.838	0.144
52.180	29.235	0.122
52.200	30.202	0.082
52.220	30.739	0.053
52.240	30.830	0.014
52.260	30.502	-0.015
52.280	29.702	-0.056
52.300	28.488	-0.088
52.320	26.882	-0.122
52.340	24.884	-0.146
52.360	22.483	-0.183
52.380	19.787	-0.203
52.400	16.801	-0.228
52.420	13.562	-0.242
52.440	10.151	-0.263
52.460	6.590	-0.272
52.480	2.917	-0.285
52.500	-0.773	-0.286
52.520	-4.474	-0.285
52.540	-8.116	-0.280
52.560	-11.645	-0.270
52.580	-14.980	-0.260
52.600	-18.117	-0.242
52.620	-21.006	-0.221
52.640	-23.552	-0.199
52.660	-25.776	-0.172
52.680	-27.634	-0.147
52.700	-29.101	-0.113
52.720	-30.126	-0.081
52.740	-30.696	-0.048
52.760	-30.841	-0.016
52.780	-30.599	0.023
52.800	-29.863	0.052
52.820	-28.719	0.094
52.840	-27.129	0.122
52.860	-25.158	0.154
52.880	-22.822	0.181
52.900	-20.152	0.210
52.920	-17.182	0.230
52.940	-13.981	0.259
52.960	-10.565	0.269
52.980	-6.999	0.288
53.000	-3.325	0.288
53.020	0.381	0.296
53.040	4.087	0.292
53.060	7.724	0.293
53.080	11.252	0.280
53.100	14.625	0.270
53.120	17.789	0.253
53.140	20.695	0.240
53.160	23.311	0.210
53.180	25.566	0.191
53.200	27.462	0.155
53.220	28.945	0.137
53.240	30.024	0.097
53.260	30.658	0.068
53.280	30.857	0.025
53.300	30.615	-0.003
53.320	29.933	-0.039
53.340	28.827	-0.070
53.360	27.285	-0.103
53.380	25.389	-0.134
53.400	23.080	-0.164
53.420	20.448	-0.189
53.440	17.537	-0.215
53.460	14.357	-0.229
53.480	10.962	-0.250
53.500	7.423	-0.262
53.520	3.776	-0.272
53.540	0.097	-0.277
53.560	-3.609	-0.277
53.580	-7.267	-0.274
53.600	-10.833	-0.267
53.620	-14.217	-0.245
53.640	-17.413	-0.238
53.660	-20.356	-0.214
53.680	-22.978	-0.196
53.700	-25.309	-0.165
53.720	-27.242	-0.147
53.740	-28.816	-0.111
53.760	-29.917	-0.084
53.780	-30.588	-0.046
53.800	-30.846	-0.018
53.820	-30.696	0.026
53.840	-30.089	0.050
53.860	-29.025	0.093
53.880	-27.538	0.118
53.900	-25.663	0.159
53.920	-23.418	0.180
53.940	-20.802	0.213
53.960	-17.902	0.234
53.980	-14.760	0.259
54.000	-11.397	0.272
54.020	-7.853	0.292
54.040	-4.211	0.294
54.060	-0.505	0.302
54.080	3.212	0.299
54.100	6.875	0.301
54.120	10.441	0.291
54.140	13.857	0.279
54.160	17.064	0.265
54.180	20.034	0.249
54.200	22.736	0.222
54.220	25.051	0.200
54.240	27.033	0.172
54.260	28.617	0.143
54.280	29.804	0.111
54.300	30.540	0.077
54.320	30.846	0.043
54.340	30.712	0.006
54.360	30.143	-0.026
54.380	29.127	-0.060
54.400	27.683	-0.095
54.420	25.873	-0.122
54.440	23.670	-0.155
54.460	21.098	-0.180
54.480	18.262	-0.209
54.500	15.136	-0.226
54.520	11.800	-0.246
54.540	8.293	-0.255
54.560	4.678	-0.272
54.580	0.978	-0.274
54.600	-2.723	-0.279
54.620	-6.402	-0.276
54.640	-9.974	-0.269
54.660	-13.406	-0.254
54.680	-16.645	-0.247
54.700	-19.658	-0.223
54.720	-22.349	-0.209
54.740	-24.755	-0.173
54.760	-26.791	-0.157
54.780	-28.461	-0.122
54.800	-29.675	-0.091
54.820	-30.459	-0.056
54.840	-30.814	-0.027
54.860	-30.744	0.010
54.880	-30.245	0.039
54.900	-29.299	0.081
54.920	-27.897	0.107
54.940	-26.120	0.147
54.960	-23.934	0.171
54.980	-21.447	0.204
55.000	-18.605	0.222
55.020	-15.517	0.245
55.040	-12.187	0.259
55.060	-8.680	0.277
55.080	-5.070	0.285
55.100	-1.375	0.298
55.120	2.342	0.296
55.140	6.016	0.293
55.160	9.604	0.287
55.180	13.068	0.275
55.200	16.339	0.262
55.220	19.357	0.246
55.240	22.145	0.224
55.260	24.535	0.198
55.280	26.608	0.176
55.300	28.279	0.141
55.320	29.557	0.111
55.340	30.400	0.077
55.360	30.814	0.045
55.380	30.776	0.008
55.400	30.314	-0.025
55.420	29.401	-0.061
55.440	28.075	-0.093
55.460	26.334	-0.127
55.480	24.234	-0.153
55.500	21.758	-0.188
55.520	18.960	-0.209
55.540	15.920	-0.235
55.560	12.595	-0.250
55.580	9.152	-0.267
55.600	5.564	-0.275
55.620	1.869	-0.286
55.640	-1.826	-0.283
55.660	-5.511	-0.283
55.680	-9.125	-0.280
55.700	-12.590	-0.272
55.720	-15.882	-0.258
55.740	-18.944	-0.238
55.760	-21.737	-0.216
55.780	-24.202	-0.192
55.800	-26.340	-0.168
55.820	-28.080	-0.137
55.840	-29.396	-0.111
55.860	-30.320	-0.074
55.880	-30.739	-0.046
55.900	-30.787	-0.006
55.920	-30.400	0.025
55.940	-29.552	0.061
55.960	-28.268	0.090
55.980	-26.576	0.127
56.000	-24.481	0.156
56.020	-22.064	0.188
56.040	-19.298	0.210
56.060	-16.264	0.234
56.080	-13.009	0.251
56.100	-9.534	0.266
56.120	-5.935	0.281
56.140	-2.240	0.286
56.160	1.461	0.288
56.180	5.151	0.282
56.200	8.760	0.284
56.220	12.262	0.272
56.240	15.582	0.263
56.260	18.654	0.242
56.280	21.495	0.226
56.300	23.998	0.195
56.320	26.141	0.178
56.340	27.897	0.139
56.360	29.289	0.116
56.380	30.245	0.078
56.400	30.760	0.048
56.420	30.830	0.009
56.440	30.470	-0.021
56.460	29.659	-0.058
56.480	28.429	-0.090
56.500	26.764	-0.122
56.520	24.782	-0.149
56.540	22.360	-0.183
56.560	19.653	-0.207
56.580	16.661	-0.230
56.600	13.406	-0.251
56.620	9.985	-0.264
56.640	6.418	-0.280
56.660	2.755	-0.283
56.680	-0.945	-0.290
56.700	-4.646	-0.289
56.720	-8.288	-0.284
56.740	-11.784	-0.276
56.760	-15.098	-0.262
56.780	-18.251	-0.242
56.800	-21.108	-0.221
56.820	-23.638	-0.201
56.840	-25.856	-0.172
56.860	-27.693	-0.149
56.880	-29.144	-0.116
56.900	-30.137	-0.086
56.920	-30.685	-0.052
56.940	-30.819	-0.019
56.960	-30.519	0.018
56.980	-29.804	0.050
57.000	-28.617	0.089
57.020	-27.006	0.118
57.040	-25.024	0.152
57.060	-22.671	0.176
57.080	-19.997	0.207
57.100	-17.016	0.229
57.120	-13.814	0.251
57.140	-10.388	0.264
57.160	-6.805	0.278
57.180	-3.142	0.283
57.200	0.564	0.296
57.220	4.259	0.289
57.240	7.906	0.286
57.260	11.430	0.276
57.280	14.803	0.267
57.300	17.934	0.250
57.320	20.845	0.234
57.340	23.434	0.205
57.360	25.663	0.187
57.380	27.532	0.152
57.400	28.993	0.127
57.420	30.062	0.090
57.440	30.664	0.063
57.460	30.857	0.023
57.480	30.594	-0.007
57.500	29.885	-0.047
57.520	28.757	-0.076
57.540	27.215	-0.113
57.560	25.287	-0.140
57.580	22.978	-0.173
57.600	20.324	-0.195
57.620	17.386	-0.222
57.640	14.185	-0.235
57.660	10.801	-0.260
57.680	7.267	-0.268
57.700	3.625	-0.285
57.720	-0.075	-0.278
57.740	-3.781	-0.284
57.760	-7.434	-0.274
57.780	-10.984	-0.273
57.800	-14.357	-0.255
57.820	-17.531	-0.243
57.840	-20.464	-0.218
57.860	-23.096	-0.201
57.880	-25.384	-0.169
57.900	-27.323	-0.148
57.920	-28.854	-0.114
57.940	-29.976	-0.085
57.960	-30.621	-0.050
57.980	-30.830	-0.021
58.000	-30.669	0.023
58.020	-30.024	0.046
58.040	-28.956	0.089
58.060	-27.430	0.117
58.080	-25.534	0.156
58.100	-23.294	0.177
58.120	-20.673	0.210
58.140	-17.762	0.230
58.160	-14.604	0.257
58.180	-11.236	0.265
58.200	-7.686	0.284
58.220	-4.028	0.288
58.240	-0.328	0.300
58.260	3.395	0.295
58.280	7.031	0.299
58.300	10.597	0.286
58.320	14.019	0.280
58.340	17.214	0.259
58.360	20.163	0.247
58.380	22.859	0.221
58.400	25.158	0.197
58.420	27.129	0.165
58.440	28.682	0.141
58.460	29.842	0.110
58.480	30.562	0.077
58.500	30.852	0.042
58.520	30.696	0.007
58.540	30.089	-0.027
58.560	29.068	-0.061
58.580	27.607	-0.095
58.600	25.781	-0.123
58.620	23.547	-0.159
58.640	20.969	-0.182
58.660	18.122	-0.213
58.680	14.985	-0.225
58.700	11.623	-0.249
58.720	8.132	-0.255
58.740	4.501	-0.273
58.760	0.811	-0.269
58.780	-2.890	-0.280
58.800	-6.558	-0.268
58.820	-10.151	-0.273
58.840	-13.562	-0.248
58.860	-16.785	-0.242
58.880	-19.776	-0.218
58.900	-22.473	-0.205
58.920	-24.879	-0.172
58.940	-26.866	-0.151
58.960	-28.531	-0.118
58.980	-29.713	-0.092
59.000	-30.476	-0.054
59.020	-30.819	-0.025
59.040	-30.744	0.016
59.060	-30.212	0.044
59.080	-29.251	0.084
59.100	-27.828	0.110
59.120	-26.023	0.149
59.140	-23.842	0.171
59.160	-21.318	0.205
59.180	-18.482	0.223
59.200	-15.351	0.250
59.220	-12.053	0.263
59.240	-8.535	0.281
59.260	-4.904	0.285
59.280	-1.198	0.298
59.300	2.530	0.299
59.320	6.204	0.296
59.340	9.770	0.286
59.360	13.229	0.278
59.380	16.484	0.266
59.400	19.486	0.247
59.420	22.247	0.223
59.440	24.643	0.198
59.460	26.684	0.170
59.480	28.354	0.143
59.500	29.605	0.111
59.520	30.433	0.077
59.540	30.825	0.046
59.560	30.766	0.010
59.580	30.271	-0.025
59.600	29.353	-0.057
59.620	27.989	-0.096
59.640	26.249	-0.122
59.660	24.127	-0.158
59.680	21.624	-0.183
59.700	18.826	-0.209
59.720	15.753	-0.230
59.740	12.456	-0.247
59.760	8.975	-0.261
59.780	5.376	-0.276
59.800	1.697	-0.280
59.820	-2.014	-0.286
59.840	-5.677	-0.276
59.860	-9.297	-0.276
59.880	-12.751	-0.266
59.900	-16.027	-0.252
59.920	-19.094	-0.232
59.940	-21.855	-0.214
59.960	-24.310	-0.185
59.980	-26.410	-0.163
60.000	-28.161	-0.135
60.020	-29.455	-0.102
60.040	-30.347	-0.066
60.060	-30.760	-0.039
60.080	-30.782	-0.002
60.100	-30.363	0.027
60.120	-29.520	0.067
60.140	-28.182	0.096
60.160	-26.496	0.131
60.180	-24.379	0.155
60.200	-21.941	0.190
60.220	-19.164	0.212
60.240	-16.097	0.235
60.260	-12.858	0.253
60.280	-9.362	0.265
60.300	-5.758	0.280
60.320	-2.079	0.284
60.340	1.638	0.288
60.360	5.317	0.284
60.380	8.932	0.279
60.400	12.423	0.272
60.420	15.716	0.258
60.440	18.793	0.238
60.460	21.624	0.221
60.480	24.105	0.193
60.500	26.238	0.172
60.520	27.989	0.138
60.540	29.342	0.110
60.560	30.277	0.074
60.580	30.766	0.048
60.600	30.814	0.010
60.620	30.443	-0.025
60.640	29.600	-0.060
60.660	28.365	-0.092
60.680	26.689	-0.125
60.700	24.669	-0.155
60.720	22.236	-0.187
60.740	19.524	-0.209
60.760	16.516	-0.236
60.780	13.245	-0.250
60.800	9.813	-0.271
60.820	6.257	-0.281
60.840	2.573	-0.290
60.860	-1.117	-0.288
60.880	-4.812	-0.294
60.900	-8.443	-0.283
60.920	-11.940	-0.278
60.940	-15.265	-0.261
60.960	-18.385	-0.248
60.980	-21.227	-0.225
61.000	-23.762	-0.203
61.020	-25.948	-0.175
61.040	-27.763	-0.150
61.060	-29.181	-0.119
61.080	-30.175	-0.083
61.100	-30.680	-0.052
61.120	-30.819	-0.019
61.140	-30.492	0.016
61.160	-29.740	0.049
61.180	-28.553	0.085
61.200	-26.936	0.118
61.220	-24.906	0.151
61.240	-22.542	0.176
61.260	-19.852	0.204
61.280	-16.865	0.224
61.300	-13.653	0.251
61.320	-10.216	0.261
61.340	-6.633	0.277
61.360	-2.959	0.280
61.380	0.763	0.287
61.400	4.447	0.284
61.420	8.078	0.283
61.440	11.602	0.272
61.460	14.958	0.263
61.480	18.095	0.243
61.500	20.963	0.228
61.520	23.547	0.196
61.540	25.760	0.183
61.560	27.597	0.142
61.580	29.052	0.124
61.600	30.083	0.083
61.620	30.690	0.057
61.640	30.852	0.014
61.660	30.572	-0.013
61.680	29.826	-0.052
61.700	28.692	-0.080
61.720	27.113	-0.122
61.740	25.190	-0.143
61.760	22.854	-0.181
61.780	20.201	-0.199
61.800	17.257	-0.230
61.820	14.045	-0.240
61.840	10.651	-0.265
61.860	7.111	-0.272
61.880	3.464	-0.285
61.900	-0.247	-0.284
61.920	-3.942	-0.288
61.940	-7.605	-0.279
61.960	-11.145	-0.277
61.980	-14.491	-0.261
62.000	-17.676	-0.249
62.020	-20.604	-0.225
62.040	-23.198	-0.205
62.060	-25.475	-0.177
62.080	-27.376	-0.155
62.100	-28.907	-0.119
62.120	-29.981	-0.088
62.140	-30.631	-0.053
62.160	-30.830	-0.024
62.180	-30.637	0.017
62.200	-29.971	0.044
62.220	-28.913	0.085
62.240	-27.355	0.111
62.260	-25.437	0.149
62.280	-23.171	0.171
62.300	-20.544	0.206
62.320	-17.617	0.224
62.340	-14.437	0.251
62.360	-11.075	0.263
62.380	-7.514	0.280
62.400	-3.851	0.281
62.420	-0.140	0.290
62.440	3.561	0.289
62.460	7.203	0.291
62.480	10.758	0.277
62.500	14.169	0.271
62.520	17.354	0.255
62.540	20.303	0.239
62.560	22.978	0.211
62.580	25.266	0.192
62.600	27.205	0.155
62.620	28.746	0.135
62.640	29.885	0.096
62.660	30.588	0.068
62.680	30.862	0.030
62.700	30.680	-0.002
62.720	30.062	-0.035
62.740	28.993	-0.066
62.760	27.538	-0.106
62.780	25.690	-0.131
62.800	23.429	-0.164
62.820	20.856	-0.190
62.840	17.972	-0.214
62.860	14.824	-0.230
62.880	11.462	-0.251
62.900	7.949	-0.263
62.920	4.329	-0.271
62.940	0.645	-0.278
62.960	-3.072	-0.280
62.980	-6.735	-0.278
63.000	-10.318	-0.270
63.020	-13.729	-0.257
63.040	-16.946	-0.244
63.060	-19.932	-0.222
63.080	-22.607	-0.204
63.100	-24.965	-0.172
63.120	-26.984	-0.153
63.140	-28.596	-0.116
63.160	-29.761	-0.090
63.180	-30.540	-0.053
63.200	-30.830	-0.028
63.220	-30.723	0.016
63.240	-30.175	0.041
63.260	-29.203	0.085
63.280	-27.774	0.111
63.300	-25.937	0.150
63.320	-23.740	0.173
63.340	-21.194	0.205
63.360	-18.326	0.226
63.380	-15.206	0.251
63.400	-11.908	0.264
63.420	-8.363	0.283
63.440	-4.727	0.287
63.460	-1.031	0.297
63.480	2.686	0.296
63.500	6.359	0.296
63.520	9.937	0.288
63.540	13.390	0.276
63.560	16.618	0.263
63.580	19.621	0.245
63.600	22.354	0.226
63.620	24.739	0.197
63.640	26.780	0.172
63.660	28.408	0.141
63.680	29.665	0.111
63.700	30.459	0.078
63.720	30.835	0.042
63.740	30.755	0.011
63.760	30.250	-0.024
63.780	29.294	-0.059
63.800	27.914	-0.097
63.820	26.163	-0.123
63.840	24.020	-0.155
63.860	21.495	-0.180
63.880	18.670	-0.207
63.900	15.608	-0.230
63.920	12.278	-0.243
63.940	8.809	-0.265
63.960	5.205	-0.271
63.980	1.520	-0.280
64.000	-2.186	-0.277
64.020	-5.854	-0.281
64.040	-9.475	-0.268
64.060	-12.928	-0.265
64.080	-16.178	-0.247
64.100	-19.234	-0.228
64.120	-21.995	-0.209
64.140	-24.417	-0.180
64.160	-26.522	-0.159
64.180	-28.241	-0.133
64.200	-29.514	-0.098
64.220	-30.363	-0.066
64.240	-30.787	-0.037
64.260	-30.792	0.004
64.280	-30.336	0.033
64.300	-29.455	0.069
64.320	-28.112	0.097
64.340	-26.388	0.138
64.360	-24.272	0.163
64.380	-21.828	0.193
64.400	-19.030	0.215
64.420	-15.952	0.236
64.440	-12.687	0.256
64.460	-9.195	0.269
64.480	-5.602	0.282
64.500	-1.912	0.292
64.520	1.815	0.292
64.540	5.489	0.289
64.560	9.088	0.285
64.580	12.579	0.271
64.600	15.882	0.262
64.620	18.928	0.238
64.640	21.753	0.226
64.660	24.218	0.193
64.680	26.334	0.175
64.700	28.064	0.141
64.720	29.407	0.114
64.740	30.304	0.076
64.760	30.782	0.044
64.780	30.809	0.008
64.800	30.411	-0.019
64.820	29.552	-0.058
64.840	28.295	-0.090
64.860	26.608	-0.123
64.880	24.562	-0.152
64.900	22.118	-0.185
64.920	19.374	-0.209
64.940	16.376	-0.237
64.960	13.100	-0.248
64.980	9.657	-0.267
65.000	6.080	-0.278
65.020	2.406	-0.288
65.040	-1.305	-0.284
65.060	-4.979	-0.288
65.080	-8.615	-0.277
65.100	-12.106	-0.275
65.120	-15.420	-0.260
65.140	-18.536	-0.246
65.160	-21.355	-0.219
65.180	-23.858	-0.201
65.200	-26.034	-0.173
65.220	-27.854	-0.147
65.240	-29.246	-0.115
65.260	-30.207	-0.083
65.280	-30.712	-0.049
65.300	-30.825	-0.017
65.320	-30.470	0.018
65.340	-29.697	0.051
65.360	-28.478	0.087
65.380	-26.834	0.117
65.400	-24.804	0.151
65.420	-22.446	0.178
65.440	-19.717	0.207
65.460	-16.699	0.222
65.480	-13.492	0.247
65.500	-10.055	0.262
65.520	-6.461	0.275
65.540	-2.788	0.276
65.560	0.918	0.284
65.580	4.619	0.281
65.600	8.239	0.279
65.620	11.763	0.267
65.640	15.109	0.257
65.660	18.229	0.238
65.680	21.092	0.222
65.700	23.660	0.195
65.720	25.851	0.175
65.740	27.693	0.140
65.760	29.111	0.114
65.780	30.132	0.076
65.800	30.712	0.049
65.820	30.841	0.008
65.840	30.545	-0.018
65.860	29.799	-0.060
65.880	28.633	-0.088
65.900	27.027	-0.126
65.920	25.094	-0.149
65.940	22.736	-0.186
65.960	20.045	-0.203
65.980	17.096	-0.237
66.000	13.890	-0.245
66.020	10.479	-0.272
66.040	6.934	-0.273
66.060	3.282	-0.295
66.080	-0.414	-0.285
66.100	-4.109	-0.296
66.120	-7.761	-0.279
66.140	-11.285	-0.282
66.160	-14.652	-0.261
66.180	-17.811	-0.254
66.200	-20.716	-0.226
66.220	-23.305	-0.209
66.240	-25.556	-0.179
66.260	-27.462	-0.152
66.280	-28.950	-0.122
66.300	-30.019	-0.092
66.320	-30.631	-0.057
66.340	-30.825	-0.024
66.360	-30.594	0.013
66.380	-29.922	0.041
66.400	-28.805	0.083
66.420	-27.253	0.108
66.440	-25.319	0.148
66.460	-23.037	0.168
66.480	-20.383	0.201
66.500	-17.445	0.221
66.520	-14.298	0.251
66.540	-10.887	0.256
66.560	-7.326	0.277
66.580	-3.674	0.280
66.600	0.043	0.291
66.620	3.744	0.283
66.640	7.396	0.287
66.660	10.941	0.272
66.680	14.330	0.266
66.700	17.504	0.244
66.720	20.442	0.234
66.740	23.085	0.202
66.760	25.357	0.185
66.780	27.285	0.148
66.800	28.816	0.128
66.820	29.933	0.085
66.840	30.604	0.064
66.860	30.857	0.021
66.880	30.664	-0.005
66.900	30.019	-0.046
66.920	28.939	-0.074
66.940	27.452	-0.112
66.960	25.583	-0.139
66.980	23.321	-0.173
67.000	20.722	-0.196
67.020	17.832	-0.223
67.040	14.674	-0.240
67.060	11.290	-0.261
67.080	7.783	-0.267
67.100	4.152	-0.283
67.120	0.462	-0.283
67.140	-3.255	-0.288
67.160	-6.913	-0.283
67.180	-10.490	-0.280
67.200	-13.884	-0.263
67.220	-17.096	-0.255
67.240	-20.072	-0.230
67.260	-22.741	-0.210
67.280	-25.072	-0.179
67.300	-27.054	-0.160
67.320	-28.666	-0.123
67.340	-29.826	-0.095
67.360	-30.572	-0.056
67.380	-30.825	-0.031
67.400	-30.717	0.014
67.420	-30.143	0.037
67.440	-29.133	0.083
67.460	-27.688	0.108
67.480	-25.840	0.146
67.500	-23.649	0.170
67.520	-21.065	0.200
67.540	-18.197	0.225
67.560	-15.061	0.249
67.580	-11.741	0.262
67.600	-8.196	0.280
67.620	-4.555	0.285
67.640	-0.849	0.296
67.660	2.857	0.293
67.680	6.526	0.292
67.700	10.087	0.284
67.720	13.541	0.274
67.740	16.763	0.258
67.760	19.750	0.244
67.780	22.494	0.221
67.800	24.847	0.198
67.820	26.882	0.166
67.840	28.478	0.138
67.860	29.713	0.110
67.880	30.497	0.074
67.900	30.841	0.041
67.920	30.733	0.010
67.940	30.207	-0.027
67.960	29.235	-0.060
67.980	27.844	-0.095
68.000	26.061	-0.123
68.020	23.896	-0.155
68.040	21.361	-0.184
68.060	18.541	-0.211
68.080	15.458	-0.228
68.100	12.117	-0.244
68.120	8.637	-0.259
68.140	5.022	-0.271
68.160	1.343	-0.276
68.180	-2.363	-0.275
68.200	-6.037	-0.276
68.220	-9.641	-0.269
68.240	-13.079	-0.258
68.260	-16.339	-0.245
68.280	-19.368	-0.226
68.300	-22.118	-0.206
68.320	-24.551	-0.176
68.340	-26.619	-0.157
68.360	-28.306	-0.124
68.380	-29.573	-0.096
68.400	-30.427	-0.059
68.420	-30.803	-0.031
68.440	-30.782	0.011
68.460	-30.314	0.035
68.480	-29.401	0.078
68.500	-28.048	0.105
68.520	-26.302	0.142
68.540	-24.186	0.168
68.560	-21.694	0.201
68.580	-18.890	0.222
68.600	-15.818	0.245
68.620	-12.547	0.261
68.640	-9.056	0.276
68.660	-5.419	0.283
68.680	-1.735	0.294
68.700	1.977	0.297
68.720	5.672	0.295
68.740	9.249	0.285
68.760	12.746	0.277
68.780	16.027	0.263
68.800	19.067	0.250
68.820	21.882	0.225
68.840	24.320	0.200
68.860	26.410	0.178
68.880	28.128	0.142
68.900	29.455	0.116
68.920	30.341	0.081
68.940	30.792	0.052
68.960	30.803	0.012
68.980	30.379	-0.019
69.000	29.503	-0.060
69.020	28.214	-0.093
69.040	26.528	-0.126
69.060	24.460	-0.150
69.080	22.016	-0.182
69.100	19.250	-0.204
69.120	16.215	-0.234
69.140	12.934	-0.245
69.160	9.491	-0.263
69.180	5.908	-0.271
69.200	2.224	-0.280
69.220	-1.482	-0.281
69.240	-5.162	-0.281
69.260	-8.798	-0.271
69.280	-12.278	-0.266
69.300	-15.582	-0.255
69.320	-18.665	-0.234
69.340	-21.495	-0.218
69.360	-23.982	-0.190
69.380	-26.141	-0.166
69.400	-27.924	-0.138
69.420	-29.305	-0.106
69.440	-30.239	-0.073
69.460	-30.728	-0.043
69.480	-30.819	-0.009
69.500	-30.459	0.023
69.520	-29.665	0.060
69.540	-28.413	0.093
69.560	-26.737	0.125
69.580	-24.702	0.155
69.600	-22.317	0.183
69.620	-19.583	0.210
69.640	-16.564	0.230
69.660	-13.331	0.255
69.680	-9.877	0.264
69.700	-6.290	0.280
69.720	-2.616	0.284
69.740	1.101	0.285
69.760	4.796	0.282
69.780	8.417	0.283
69.800	11.929	0.272
69.820	15.249	0.261
69.840	18.364	0.238
69.860	21.232	0.224
69.880	23.772	0.195
69.900	25.953	0.177
69.920	27.769	0.139
69.940	29.181	0.114
69.960	30.164	0.078
69.980	30.723	0.050
70.000	30.841	0.010
70.020	30.519	-0.018
70.040	29.745	-0.062
70.060	28.558	-0.090
70.080	26.952	-0.125
70.100	24.986	-0.150
70.120	22.612	-0.187
70.140	19.932	-0.205
70.160	16.957	-0.239
70.180	13.734	-0.247
70.200	10.312	-0.271
70.220	6.768	-0.277
70.240	3.094	-0.293
70.260	-0.602	-0.285
