0.000	6.566	0.280
0.020	10.122	0.269
0.040	13.565	0.258
0.060	16.798	0.240
0.080	19.779	0.218
0.100	22.502	0.191
0.120	24.855	0.164
0.140	26.874	0.133
0.160	28.480	0.101
0.180	29.710	0.070
0.200	30.494	0.042
0.220	30.838	0.007
0.240	30.736	-0.027
0.260	30.204	-0.062
0.280	29.227	-0.094
0.300	27.846	-0.132
0.320	26.058	-0.162
0.340	23.899	-0.187
0.360	21.428	-0.212
0.380	18.533	-0.238
0.400	15.445	-0.255
0.420	12.131	-0.269
0.440	8.645	-0.282
0.460	5.025	-0.290
0.480	1.351	-0.292
0.500	-2.275	-0.289
0.520	-6.045	-0.285
0.540	-9.638	-0.270
0.560	-13.081	-0.257
0.580	-16.336	-0.237
0.600	-19.382	-0.216
0.620	-22.110	-0.195
0.640	-24.549	-0.168
0.660	-26.627	-0.137
0.680	-28.335	-0.108
0.700	-29.608	-0.081
0.720	-30.441	-0.043
0.740	-30.801	-0.013
0.760	-30.784	0.029
0.780	-30.355	0.059
0.800	-29.458	0.095
0.820	-28.104	0.126
0.840	-26.359	0.162
0.860	-24.226	0.186
0.880	-21.777	0.213
0.900	-18.968	0.238
0.920	-15.890	0.260
0.940	-12.625	0.274
0.960	-9.112	0.286
0.980	-5.503	0.294
1.000	-1.813	0.299
1.020	1.909	0.294
1.040	5.589	0.289
1.060	9.182	0.277
1.080	12.678	0.269
1.100	15.880	0.253
1.120	19.000	0.233
1.140	21.815	0.211
1.160	24.275	0.181
1.180	26.332	0.154
1.200	28.094	0.115
1.220	29.426	0.087
1.240	30.323	0.054
1.260	30.790	0.023
1.280	30.801	-0.015
1.300	30.387	-0.044
1.320	29.517	-0.081
1.340	28.249	-0.114
1.360	26.557	-0.146
1.380	24.570	-0.171
1.400	22.067	-0.206
1.420	19.312	-0.223
1.440	16.293	-0.246
1.460	13.022	-0.261
1.480	9.574	-0.271
1.500	5.986	-0.279
1.520	2.409	-0.290
1.540	-1.394	-0.286
1.560	-5.073	-0.282
1.580	-8.704	-0.267
1.600	-12.179	-0.256
1.620	-15.488	-0.242
1.640	-18.517	-0.224
1.660	-21.428	-0.198
1.680	-23.931	-0.171
1.700	-26.085	-0.149
1.720	-27.900	-0.116
1.740	-29.254	-0.082
1.760	-30.263	-0.049
1.780	-30.747	-0.018
1.800	-30.865	0.013
1.820	-30.494	0.052
1.840	-29.694	0.088
1.860	-28.491	0.116
1.880	-26.842	0.151
1.900	-24.790	0.177
1.920	-22.427	0.205
1.940	-19.698	0.228
1.960	-16.701	0.257
1.980	-13.484	0.265
2.000	-10.031	0.282
2.020	-6.443	0.290
2.040	-2.769	0.293
2.060	0.932	0.294
2.080	4.633	0.289
2.100	8.258	0.279
2.120	11.765	0.266
2.140	15.112	0.251
2.160	18.232	0.235
2.180	21.100	0.211
2.200	23.673	0.182
2.220	25.865	0.157
2.240	27.648	0.124
2.260	29.119	0.095
2.280	30.129	0.057
2.300	30.704	0.026
2.320	30.849	-0.011
2.340	30.548	-0.045
2.360	29.791	-0.075
2.380	28.631	-0.112
2.400	27.030	-0.147
2.420	25.096	-0.172
2.440	22.733	-0.206
2.460	20.074	-0.225
2.480	17.115	-0.249
2.500	13.903	-0.265
2.520	10.509	-0.275
2.540	6.948	-0.290
2.560	3.306	-0.297
2.580	-0.395	-0.297
2.600	-4.101	-0.290
2.620	-7.748	-0.284
2.640	-11.271	-0.273
2.660	-14.612	-0.256
2.680	-17.786	-0.239
2.700	-20.692	-0.212
2.720	-23.276	-0.191
2.740	-25.537	-0.161
2.760	-27.438	-0.135
2.780	-28.942	-0.104
2.800	-30.006	-0.066
2.820	-30.634	-0.042
2.840	-30.817	-0.007
2.860	-30.596	0.033
2.880	-29.925	0.068
2.900	-28.829	0.098
2.920	-27.288	0.130
2.940	-25.354	0.158
2.960	-23.072	0.187
2.980	-20.434	0.209
3.000	-17.496	0.240
3.020	-14.333	0.252
3.040	-10.954	0.267
3.060	-7.377	0.277
3.080	-3.741	0.282
3.100	-0.030	0.282
3.120	3.580	0.280
3.140	7.323	0.273
3.160	10.858	0.266
3.180	14.258	0.251
3.200	17.443	0.234
3.220	20.375	0.208
3.240	23.029	0.182
3.260	25.317	0.159
3.280	27.256	0.124
3.300	28.770	0.095
3.320	29.898	0.059
3.340	30.596	0.028
3.360	30.854	-0.008
3.380	30.666	-0.045
3.400	30.027	-0.074
3.420	28.980	-0.106
3.440	27.481	-0.141
3.460	25.644	-0.170
3.480	23.405	-0.202
3.500	20.805	-0.224
3.520	17.926	-0.246
3.540	14.784	-0.261
3.560	11.422	-0.275
3.580	7.984	-0.290
3.600	4.273	-0.295
3.620	0.594	-0.300
3.640	-3.118	-0.290
3.660	-6.781	-0.287
3.680	-10.364	-0.274
3.700	-13.780	-0.259
3.720	-16.981	-0.243
3.740	-19.962	-0.219
3.760	-22.636	-0.195
3.780	-24.989	-0.170
3.800	-27.009	-0.142
3.820	-28.604	-0.110
3.840	-29.775	-0.076
3.860	-30.527	-0.039
3.880	-30.817	-0.014
3.900	-30.736	0.029
3.920	-30.177	0.059
3.940	-29.178	0.098
3.960	-27.755	0.122
3.980	-25.934	0.157
4.000	-23.738	0.185
4.020	-21.192	0.212
4.040	-18.313	0.240
4.060	-15.208	0.257
4.080	-11.873	0.269
4.100	-8.457	0.286
4.120	-4.724	0.292
4.140	-1.023	0.290
4.160	2.694	0.287
4.180	6.351	0.284
4.200	9.928	0.274
4.220	13.382	0.261
4.240	16.610	0.248
4.260	19.607	0.219
4.280	22.357	0.197
4.300	24.737	0.172
4.320	26.761	0.140
4.340	28.410	0.108
4.360	29.656	0.075
4.380	30.457	0.041
4.400	30.833	0.010
4.420	30.752	-0.021
4.440	30.253	-0.058
4.460	29.329	-0.092
4.480	27.916	-0.127
4.500	26.165	-0.155
4.520	24.022	-0.185
4.540	21.498	-0.211
4.560	18.759	-0.230
4.580	15.611	-0.253
4.600	12.383	-0.265
4.620	8.827	-0.279
4.640	5.223	-0.284
4.660	1.560	-0.288
4.680	-2.167	-0.282
4.700	-5.846	-0.281
4.720	-9.456	-0.265
4.740	-12.904	-0.255
4.760	-16.159	-0.238
4.780	-19.215	-0.219
4.800	-21.987	-0.195
4.820	-24.414	-0.164
4.840	-26.509	-0.139
4.860	-28.228	-0.106
4.880	-29.549	-0.075
4.900	-30.398	-0.042
4.920	-30.784	-0.012
4.940	-30.801	0.025
4.960	-30.398	0.060
4.980	-29.506	0.095
5.000	-28.185	0.125
5.020	-26.461	0.160
5.040	-24.361	0.182
5.060	-21.901	0.216
5.080	-19.113	0.232
5.100	-16.052	0.260
5.120	-12.781	0.277
5.140	-9.305	0.290
5.160	-5.696	0.295
5.180	-2.011	0.300
5.200	1.711	0.297
5.220	5.401	0.294
5.240	8.989	0.282
5.260	12.490	0.274
5.280	15.778	0.255
5.300	18.855	0.237
5.320	21.680	0.211
5.340	24.151	0.186
5.360	26.262	0.162
5.380	27.975	0.120
5.400	29.366	0.096
5.420	30.280	0.057
5.440	30.763	0.027
5.460	30.806	-0.013
5.480	30.425	-0.042
5.500	29.587	-0.082
5.520	28.324	-0.112
5.540	26.670	-0.147
5.560	24.624	-0.170
5.580	22.218	-0.203
5.600	19.468	-0.225
5.620	16.470	-0.246
5.640	13.210	-0.255
5.660	9.767	-0.274
5.680	6.196	-0.276
5.700	2.538	-0.289
5.720	-1.179	-0.281
5.740	-4.847	-0.281
5.760	-8.494	-0.272
5.780	-11.991	-0.261
5.800	-15.219	-0.242
5.820	-18.426	-0.226
5.840	-21.192	-0.204
5.860	-23.786	-0.174
5.880	-25.967	-0.149
5.900	-27.814	-0.120
5.920	-29.205	-0.090
5.940	-30.183	-0.056
5.960	-30.715	-0.024
5.980	-30.838	0.009
6.000	-30.505	0.046
6.020	-29.737	0.079
6.040	-28.550	0.110
6.060	-26.933	0.143
6.080	-24.898	0.170
6.100	-22.551	0.201
6.120	-19.838	0.224
6.140	-16.873	0.245
6.160	-13.651	0.264
6.180	-10.213	0.277
6.200	-6.641	0.286
6.220	-2.962	0.288
6.240	0.739	0.285
6.260	4.439	0.287
6.280	8.065	0.279
6.300	11.594	0.266
6.320	14.929	0.250
6.340	18.076	0.233
6.360	20.961	0.211
6.380	23.528	0.182
6.400	25.746	0.154
6.420	27.594	0.120
6.440	29.050	0.091
6.460	30.070	0.054
6.480	30.688	0.024
6.500	30.849	-0.013
6.520	30.575	-0.046
6.540	29.877	-0.079
6.560	28.700	-0.115
6.580	27.143	-0.145
6.600	25.263	-0.177
6.620	22.867	-0.208
6.640	20.225	-0.228
6.660	17.281	-0.250
6.680	14.086	-0.265
6.700	10.702	-0.287
6.720	7.152	-0.289
6.740	3.494	-0.300
6.760	-0.196	-0.295
6.780	-3.897	-0.295
6.800	-7.544	-0.286
6.820	-11.083	-0.278
6.840	-14.435	-0.257
6.860	-17.609	-0.240
6.880	-20.547	-0.216
6.900	-23.072	-0.195
6.920	-25.419	-0.165
6.940	-27.347	-0.138
6.960	-28.878	-0.108
6.980	-29.957	-0.075
7.000	-30.607	-0.042
7.020	-30.833	-0.008
7.040	-30.613	0.031
7.060	-29.984	0.062
7.080	-28.899	0.095
7.100	-27.385	0.130
7.120	-25.472	0.154
7.140	-23.211	0.187
7.160	-20.579	0.211
7.180	-17.738	0.240
7.200	-14.515	0.257
7.220	-11.137	0.270
7.240	-7.597	0.277
7.260	-3.940	0.282
7.280	-0.239	0.285
7.300	3.462	0.285
7.320	7.119	0.275
7.340	10.670	0.269
7.360	14.080	0.250
7.380	17.276	0.239
7.400	20.219	0.212
7.420	22.900	0.186
7.440	25.198	0.160
7.460	27.154	0.128
7.480	28.700	0.095
7.500	29.866	0.061
7.520	30.564	0.032
7.540	30.849	-0.004
7.560	30.688	-0.034
7.580	30.086	-0.070
7.600	29.044	-0.104
7.620	27.594	-0.141
7.640	25.757	-0.165
7.660	23.517	-0.201
7.680	20.945	-0.215
7.700	18.152	-0.242
7.720	14.945	-0.260
7.740	11.604	-0.275
7.760	8.097	-0.286
7.780	4.455	-0.290
7.800	0.781	-0.296
7.820	-2.930	-0.288
7.840	-6.598	-0.283
7.860	-10.192	-0.270
7.880	-13.586	-0.259
7.900	-16.820	-0.237
7.920	-19.827	-0.220
7.940	-22.529	-0.191
7.960	-24.892	-0.167
7.980	-26.917	-0.143
8.000	-28.529	-0.111
8.020	-29.710	-0.076
8.040	-30.521	-0.042
8.060	-30.806	-0.014
8.080	-30.752	0.027
8.100	-30.226	0.058
8.120	-29.264	0.095
8.140	-27.846	0.125
8.160	-26.058	0.157
8.180	-23.877	0.185
8.200	-21.342	0.214
8.220	-18.506	0.233
8.240	-15.385	0.262
8.260	-12.179	0.274
8.280	-8.564	0.285
8.300	-4.933	0.292
8.320	-1.227	0.290
8.340	2.484	0.294
8.360	6.147	0.289
8.380	9.730	0.277
8.400	13.194	0.267
8.420	16.444	0.254
8.440	19.457	0.228
8.460	22.218	0.207
8.480	24.618	0.179
8.500	26.670	0.151
8.520	28.324	0.113
8.540	29.597	0.083
8.560	30.419	0.050
8.580	30.822	0.018
8.600	30.779	-0.014
8.620	30.301	-0.050
8.640	29.361	-0.086
8.660	28.013	-0.120
8.680	26.267	-0.149
8.700	24.146	-0.179
8.720	21.632	-0.204
8.740	18.850	-0.228
8.760	15.799	-0.249
8.780	12.480	-0.263
8.800	9.021	-0.275
8.820	5.427	-0.282
8.840	1.759	-0.289
8.860	-1.958	-0.284
8.880	-5.648	-0.282
8.900	-9.257	-0.263
8.920	-12.711	-0.255
8.940	-15.998	-0.236
8.960	-19.049	-0.216
8.980	-21.825	-0.193
9.000	-24.312	-0.169
9.020	-26.396	-0.140
9.040	-28.131	-0.112
9.060	-29.463	-0.075
9.080	-30.333	-0.042
9.100	-30.774	-0.012
9.120	-30.811	0.025
9.140	-30.403	0.058
9.160	-29.571	0.092
9.180	-28.239	0.121
9.200	-26.568	0.158
9.220	-24.463	0.181
9.240	-22.035	0.211
9.260	-19.274	0.231
9.280	-16.207	0.258
9.300	-12.963	0.271
9.320	-9.590	0.289
9.340	-5.895	0.293
9.360	-2.189	0.298
9.380	1.517	0.292
9.400	5.111	0.291
9.420	8.806	0.282
9.440	12.313	0.271
9.460	15.622	0.252
9.480	18.694	0.235
9.500	21.541	0.210
9.520	24.028	0.184
9.540	26.165	0.161
9.560	27.938	0.120
9.580	29.307	0.095
9.600	30.237	0.058
9.620	30.752	0.028
9.640	30.827	-0.011
9.660	30.468	-0.042
9.680	29.640	-0.083
9.700	28.410	-0.113
9.720	26.751	-0.148
9.740	24.753	-0.172
9.760	22.346	-0.204
9.780	19.629	-0.223
9.800	16.642	-0.250
9.820	13.382	-0.260
9.840	9.971	-0.281
9.860	6.480	-0.282
9.880	2.731	-0.294
9.900	-0.964	-0.287
9.920	-4.654	-0.284
9.940	-8.312	-0.275
9.960	-11.792	-0.265
9.980	-15.128	-0.251
10.000	-18.248	-0.231
10.020	-21.106	-0.206
10.040	-23.582	-0.180
10.060	-25.859	-0.155
10.080	-27.707	-0.128
10.100	-29.141	-0.096
10.120	-30.156	-0.061
10.140	-30.688	-0.029
10.160	-30.833	0.002
10.180	-30.521	0.040
10.200	-29.807	0.075
10.220	-28.620	0.104
10.240	-27.003	0.138
10.260	-25.037	0.166
10.280	-22.733	0.195
10.300	-20.010	0.216
10.320	-17.018	0.242
10.340	-13.833	0.259
10.360	-10.390	0.270
10.380	-6.845	0.280
10.400	-3.172	0.286
10.420	0.540	0.282
10.440	4.240	0.282
10.460	7.780	0.274
10.480	11.411	0.265
10.500	14.773	0.250
10.520	17.910	0.230
10.540	20.805	0.211
10.560	23.345	0.181
10.580	25.639	0.156
10.600	27.465	0.116
10.620	28.980	0.088
10.640	30.032	0.051
10.660	30.666	0.027
10.680	30.854	-0.014
10.700	30.602	-0.045
10.720	29.887	-0.085
10.740	28.765	-0.111
10.760	27.218	-0.153
10.780	25.317	-0.174
10.800	23.007	-0.213
10.820	20.375	-0.222
10.840	17.453	-0.255
10.860	14.258	-0.263
10.880	10.885	-0.285
10.900	7.361	-0.290
10.920	3.698	-0.302
10.940	0.008	-0.299
10.960	-3.682	-0.297
10.980	-7.340	-0.285
11.000	-10.890	-0.277
11.020	-14.263	-0.261
11.040	-17.448	-0.241
11.060	-20.391	-0.220
11.080	-23.002	-0.193
11.100	-25.301	-0.170
11.120	-27.266	-0.139
11.140	-28.797	-0.108
11.160	-29.904	-0.074
11.180	-30.602	-0.042
11.200	-30.811	-0.009
11.220	-30.645	0.031
11.240	-30.038	0.062
11.260	-28.980	0.095
11.280	-27.465	0.128
11.300	-25.574	0.157
11.320	-23.340	0.185
11.340	-20.746	0.211
11.360	-17.851	0.231
11.380	-14.709	0.261
11.400	-11.336	0.269
11.420	-7.802	0.283
11.440	-4.128	0.282
11.460	-0.443	0.290
11.480	3.263	0.287
11.500	6.931	0.283
11.520	10.471	0.270
11.540	13.908	0.259
11.560	17.104	0.239
11.580	20.069	0.219
11.600	22.760	0.194
11.620	25.075	0.166
11.640	27.062	0.130
11.660	28.631	0.102
11.680	29.812	0.070
11.700	30.543	0.040
11.720	30.844	0.003
11.740	30.709	-0.026
11.760	30.129	-0.066
11.780	29.109	-0.097
11.800	27.718	-0.136
11.820	25.859	-0.162
11.840	23.657	-0.192
11.860	21.084	-0.213
11.880	18.238	-0.237
11.900	15.198	-0.256
11.920	11.760	-0.274
11.940	8.274	-0.280
11.960	4.654	-0.286
11.980	0.964	-0.290
12.000	-2.742	-0.290
12.020	-6.405	-0.281
12.040	-10.004	-0.273
12.060	-13.425	-0.257
12.080	-16.658	-0.238
12.100	-19.672	-0.214
12.120	-22.395	-0.195
12.140	-24.769	-0.163
12.160	-26.815	-0.138
12.180	-28.469	-0.104
12.200	-29.699	-0.074
12.220	-30.510	-0.039
12.240	-30.817	-0.009
12.260	-30.768	0.030
12.280	-30.280	0.060
12.300	-29.334	0.097
12.320	-27.948	0.128
12.340	-26.155	0.160
12.360	-23.990	0.188
12.380	-21.471	0.216
12.400	-18.737	0.240
12.420	-15.568	0.260
12.440	-12.265	0.272
12.460	-8.758	0.287
12.480	-5.137	0.297
12.500	-1.517	0.299
12.520	2.275	0.294
12.540	5.954	0.290
12.560	9.531	0.282
12.580	13.017	0.271
12.600	16.202	0.253
12.620	19.301	0.231
12.640	22.089	0.207
12.660	24.500	0.180
12.680	26.573	0.150
12.700	28.244	0.116
12.720	29.544	0.084
12.740	30.382	0.051
12.760	30.801	0.024
12.780	30.779	-0.011
12.800	30.349	-0.048
12.820	29.420	-0.087
12.840	28.088	-0.119
12.860	26.375	-0.148
12.880	24.280	-0.176
12.900	21.799	-0.205
12.920	19.075	-0.224
12.940	15.966	-0.248
12.960	12.668	-0.263
12.980	9.214	-0.273
13.000	5.718	-0.279
13.020	1.963	-0.286
13.040	-1.759	-0.283
13.060	-5.438	-0.279
13.080	-9.074	-0.270
13.100	-12.437	-0.257
13.120	-15.794	-0.241
13.140	-18.898	-0.220
13.160	-21.670	-0.195
13.180	-24.156	-0.168
13.200	-26.300	-0.146
13.220	-28.056	-0.112
13.240	-29.377	-0.079
13.260	-30.323	-0.046
13.280	-30.763	-0.017
13.300	-30.860	0.022
13.320	-30.414	0.053
13.340	-29.597	0.088
13.360	-28.341	0.119
13.380	-26.643	0.152
13.400	-24.586	0.179
13.420	-22.169	0.207
13.440	-19.392	0.232
13.460	-16.385	0.257
13.480	-13.156	0.270
13.500	-9.665	0.285
13.520	-6.072	0.291
13.540	-2.398	0.294
13.560	1.319	0.290
13.580	5.014	0.288
13.600	8.613	0.279
13.620	12.120	0.269
13.640	15.450	0.250
13.660	18.538	0.232
13.680	21.380	0.211
13.700	23.904	0.181
13.720	26.063	0.155
13.740	27.841	0.118
13.760	29.238	0.093
13.780	30.194	0.055
13.800	30.736	0.026
13.820	30.827	-0.015
13.840	30.494	-0.042
13.860	29.689	-0.078
13.880	28.523	-0.117
13.900	26.864	-0.149
13.920	24.876	-0.176
13.940	22.475	-0.207
13.960	19.784	-0.228
13.980	16.809	-0.246
14.000	13.570	-0.269
14.020	10.154	-0.278
14.040	6.588	-0.289
14.060	2.941	-0.292
14.080	-0.760	-0.296
14.100	-4.461	-0.287
14.120	-8.102	-0.286
14.140	-11.615	-0.269
14.160	-14.945	-0.255
14.180	-18.087	-0.235
14.200	-20.966	-0.216
14.220	-23.517	-0.187
14.240	-25.746	-0.159
14.260	-27.621	-0.134
14.280	-29.050	-0.100
14.300	-30.097	-0.071
14.320	-30.672	-0.035
14.340	-30.833	-0.003
14.360	-30.548	0.034
14.380	-29.855	0.066
14.400	-28.690	0.101
14.420	-27.084	0.132
14.440	-25.145	0.162
14.460	-22.808	0.190
14.480	-20.160	0.216
14.500	-17.206	0.240
14.520	-14.080	0.256
14.540	-10.594	0.269
14.560	-7.028	0.280
14.580	-3.370	0.282
14.600	0.346	0.282
14.620	4.047	0.282
14.640	7.683	0.273
14.660	11.212	0.262
14.680	14.596	0.249
14.700	17.749	0.231
14.720	20.660	0.210
14.740	23.281	0.183
14.760	25.467	0.154
14.780	27.411	0.121
14.800	28.910	0.094
14.820	30.000	0.055
14.840	30.639	0.029
14.860	30.844	-0.011
14.880	30.623	-0.042
14.900	29.957	-0.082
14.920	28.845	-0.111
14.940	27.325	-0.147
14.960	25.429	-0.172
14.980	23.147	-0.205
15.000	20.520	-0.226
15.020	17.609	-0.247
15.040	14.429	-0.266
15.060	11.062	-0.275
15.080	7.533	-0.294
15.100	3.897	-0.290
15.120	0.298	-0.299
15.140	-3.505	-0.291
15.160	-7.157	-0.288
15.180	-10.632	-0.274
15.200	-14.086	-0.261
15.220	-17.271	-0.241
15.240	-20.236	-0.217
15.260	-22.878	-0.195
15.280	-25.188	-0.166
15.300	-27.164	-0.140
15.320	-28.743	-0.106
15.340	-29.855	-0.078
15.360	-30.575	-0.043
15.380	-30.811	-0.013
15.400	-30.693	0.029
15.420	-30.086	0.058
15.440	-29.044	0.095
15.460	-27.567	0.125
15.480	-25.693	0.157
15.500	-23.490	0.184
15.520	-20.896	0.211
15.540	-18.007	0.238
15.560	-14.875	0.262
15.580	-11.524	0.269
15.600	-8.000	0.284
15.620	-4.348	0.288
15.640	-0.647	0.289
15.660	3.086	0.286
15.680	6.641	0.282
15.700	10.288	0.273
15.720	13.645	0.263
15.740	16.938	0.242
15.760	19.908	0.220
15.780	22.620	0.194
15.800	24.962	0.169
15.820	26.949	0.137
15.840	28.550	0.108
15.860	29.759	0.075
15.880	30.516	0.039
15.900	30.833	0.011
15.920	30.725	-0.024
15.940	30.156	-0.060
15.960	29.168	-0.095
15.980	27.766	-0.129
16.000	25.977	-0.158
16.020	23.850	-0.182
16.040	21.235	-0.212
16.060	18.404	-0.228
16.080	15.300	-0.256
16.100	11.953	-0.263
16.120	8.484	-0.278
16.140	4.858	-0.282
16.160	1.195	-0.288
16.180	-2.532	-0.287
16.200	-6.201	-0.275
16.220	-9.800	-0.272
16.240	-13.232	-0.247
16.260	-16.481	-0.239
16.280	-19.425	-0.211
16.300	-22.228	-0.195
16.320	-24.635	-0.161
16.340	-26.697	-0.140
16.360	-28.389	-0.104
16.380	-29.624	-0.079
16.400	-30.451	-0.040
16.420	-30.790	-0.011
16.440	-30.768	0.027
16.460	-30.296	0.060
16.480	-29.377	0.098
16.500	-28.008	0.126
16.520	-26.246	0.162
16.540	-24.081	0.185
16.560	-21.621	0.216
16.580	-18.802	0.242
16.600	-15.719	0.264
16.620	-12.448	0.274
16.640	-8.924	0.288
16.660	-5.304	0.294
16.680	-1.630	0.300
16.700	2.092	0.296
16.720	5.777	0.296
16.740	9.262	0.286
16.760	12.829	0.271
16.780	16.121	0.255
16.800	19.145	0.236
16.820	21.944	0.210
16.840	24.377	0.182
16.860	26.466	0.152
16.880	28.174	0.120
16.900	29.447	0.092
16.920	30.355	0.053
16.940	30.801	0.025
16.960	30.806	-0.017
16.980	30.365	-0.044
17.000	29.479	-0.081
17.020	28.185	-0.116
17.040	26.471	-0.149
17.060	24.398	-0.177
17.080	21.944	-0.204
17.100	19.167	-0.225
17.120	16.148	-0.249
17.140	12.856	-0.265
17.160	9.407	-0.273
17.180	5.820	-0.286
17.200	2.248	-0.284
17.220	-1.555	-0.290
17.240	-5.240	-0.279
17.260	-8.849	-0.278
17.280	-12.335	-0.255
17.300	-15.627	-0.249
17.320	-18.721	-0.220
17.340	-21.552	-0.204
17.360	-24.028	-0.174
17.380	-26.160	-0.149
17.400	-27.943	-0.119
17.420	-29.323	-0.087
17.440	-30.237	-0.055
17.460	-30.736	-0.023
17.480	-30.811	0.010
17.500	-30.451	0.045
17.520	-29.651	0.080
17.540	-28.416	0.112
17.560	-26.751	0.142
17.580	-24.683	0.174
17.600	-22.293	0.199
17.620	-19.618	0.226
17.640	-16.535	0.250
17.660	-13.398	0.261
17.680	-9.875	0.278
17.700	-6.276	0.282
17.720	-2.586	0.291
17.740	1.136	0.283
17.760	4.821	0.283
17.780	8.425	0.274
17.800	11.932	0.265
17.820	15.273	0.249
17.840	18.372	0.227
17.860	21.235	0.207
17.880	23.786	0.182
17.900	25.967	0.150
17.920	27.771	0.120
17.940	29.173	0.086
17.960	30.167	0.054
17.980	30.720	0.020
18.000	30.838	-0.014
18.020	30.510	-0.052
18.040	29.748	-0.082
18.060	28.555	-0.118
18.080	26.949	-0.146
18.100	25.048	-0.182
18.120	22.604	-0.204
18.140	19.940	-0.234
18.160	16.970	-0.250
18.180	13.731	-0.272
18.200	10.331	-0.481
18.220	6.878	-0.292
18.240	3.129	-0.296
18.260	-0.561	-0.299
18.280	-4.262	-0.294
18.300	-7.909	-0.289
18.320	-11.432	-0.279
18.340	-14.757	-0.260
18.360	-17.921	-0.244
18.380	-20.810	-0.212
18.400	-23.329	-0.195
18.420	-25.628	-0.163
18.440	-27.503	-0.139
18.460	-29.001	-0.104
18.480	-30.043	-0.072
18.500	-30.650	-0.044
18.520	-30.833	-0.009
18.540	-30.559	0.028
18.560	-29.898	0.062
18.580	-28.765	0.097
18.600	-27.234	0.128
18.620	-25.258	0.157
18.640	-22.948	0.186
18.660	-20.295	0.209
18.680	-17.351	0.234
18.700	-14.188	0.253
18.720	-10.777	0.268
18.740	-7.227	0.277
18.760	-3.564	0.284
18.780	0.051	0.284
18.800	3.848	0.282
18.820	7.485	0.278
18.840	11.030	0.265
18.860	14.419	0.257
18.880	17.502	0.236
18.900	20.499	0.214
18.920	23.147	0.184
18.940	25.413	0.162
18.960	27.282	0.124
18.980	28.840	0.096
19.000	29.952	0.059
19.020	30.623	0.030
19.040	30.844	-0.004
19.060	30.650	-0.041
19.080	29.995	-0.070
19.100	28.915	-0.109
19.120	27.411	-0.142
19.140	25.548	-0.177
19.160	23.286	-0.197
19.180	20.671	-0.228
19.200	17.776	-0.245
19.220	14.617	-0.269
19.240	11.228	-0.276
19.260	7.721	-0.292
19.280	4.187	-0.294
19.300	0.406	-0.298
19.320	-3.306	-0.299
19.340	-6.969	-0.282
19.360	-10.530	-0.280
19.380	-13.919	-0.257
19.400	-17.131	-0.243
19.420	-20.091	-0.216
19.440	-22.744	-0.199
19.460	-25.032	-0.166
19.480	-27.078	-0.146
19.500	-28.657	-0.108
19.520	-29.807	-0.080
19.540	-30.559	-0.042
19.560	-30.817	-0.019
19.580	-30.698	0.029
19.600	-30.145	0.054
19.620	-29.125	0.094
19.640	-27.675	0.124
19.660	-25.822	0.156
19.680	-23.614	0.184
19.700	-21.047	0.209
19.720	-18.178	0.232
19.740	-15.052	0.257
19.760	-11.717	0.270
19.780	-8.194	0.285
19.800	-4.557	0.293
19.820	-0.841	0.290
19.840	2.860	0.292
19.860	6.539	0.285
19.880	10.014	0.282
19.900	13.532	0.264
19.920	16.771	0.249
19.940	19.763	0.224
19.960	22.481	0.203
19.980	24.844	0.170
20.000	26.864	0.149
20.020	28.443	0.109
20.040	29.705	0.083
20.060	30.484	0.043
20.080	30.844	0.018
20.100	30.736	-0.021
20.120	30.204	-0.054
20.140	29.243	-0.091
20.160	27.846	-0.126
20.180	26.069	-0.152
20.200	23.974	-0.186
20.220	21.385	-0.205
20.240	18.565	-0.232
20.260	15.477	-0.249
20.280	12.136	-0.267
20.300	8.677	-0.273
20.320	5.062	-0.290
20.340	1.378	-0.278
20.360	-2.318	-0.293
20.380	-6.008	-0.268
20.400	-9.590	-0.278
20.420	-13.038	-0.246
20.440	-16.299	-0.241
20.460	-19.344	-0.209
20.480	-22.094	-0.195
20.500	-24.506	-0.163
20.520	-26.600	-0.140
20.540	-28.281	-0.111
20.560	-29.544	-0.077
20.580	-30.419	-0.044
20.600	-30.784	-0.013
20.620	-30.763	0.024
20.640	-30.344	0.057
20.660	-29.404	0.088
20.680	-28.077	0.124
20.700	-26.348	0.154
20.720	-24.275	0.186
20.740	-21.745	0.209
20.760	-18.947	0.230
20.780	-15.890	0.252
20.800	-12.593	0.275
20.820	-9.117	0.286
20.840	-5.508	0.295
20.860	-1.909	0.299
20.880	1.893	0.298
20.900	5.497	0.291
20.920	9.177	0.282
20.940	12.571	0.275
20.960	15.939	0.251
20.980	18.995	0.237
21.000	21.809	0.211
21.020	24.242	0.186
21.040	26.364	0.152
21.060	28.088	0.123
21.080	29.393	0.091
21.100	30.312	0.056
21.120	30.779	0.026
21.140	30.811	-0.014
21.160	30.403	-0.042
21.180	29.538	-0.080
21.200	28.265	-0.116
21.220	26.568	-0.150
21.240	24.516	-0.176
21.260	22.089	-0.209
21.280	19.328	-0.224
21.300	16.304	-0.249
21.320	13.124	-0.263
21.340	9.595	-0.277
21.360	6.024	-0.283
21.380	2.447	-0.290
21.400	-1.345	-0.293
21.420	-5.035	-0.284
21.440	-8.666	-0.277
21.460	-12.050	-0.261
21.480	-15.450	-0.250
21.500	-18.571	-0.228
21.520	-21.385	-0.206
21.540	-23.883	-0.177
21.560	-26.058	-0.153
21.580	-27.857	-0.120
21.600	-29.259	-0.093
21.620	-30.215	-0.055
21.640	-30.698	-0.032
21.660	-30.822	0.007
21.680	-30.462	0.040
21.700	-29.705	0.075
21.720	-28.507	0.104
21.740	-26.826	0.139
21.760	-24.785	0.166
21.780	-22.432	0.196
21.800	-19.709	0.216
21.820	-16.718	0.242
21.840	-13.506	0.259
21.860	-10.047	0.269
21.880	-6.459	0.280
21.900	-2.796	0.282
21.920	0.916	0.283
21.940	4.616	0.281
21.960	8.237	0.274
21.980	11.749	0.261
22.000	15.101	0.247
22.020	18.221	0.230
22.040	21.090	0.207
22.060	23.646	0.179
22.080	25.843	0.155
22.100	27.648	0.117
22.120	29.109	0.087
22.140	30.135	0.052
22.160	30.715	0.023
22.180	30.854	-0.014
22.200	30.553	-0.049
22.220	29.802	-0.082
22.240	28.636	-0.120
22.260	27.057	-0.146
22.280	25.113	-0.181
22.300	22.744	-0.207
22.320	20.091	-0.228
22.340	17.222	-0.252
22.360	13.925	-0.270
22.380	10.530	-0.279
22.400	6.980	-0.290
22.420	3.440	-0.299
22.440	-0.368	-0.299
22.460	-4.063	-0.292
22.480	-7.705	-0.283
22.500	-11.234	-0.280
22.520	-14.505	-0.256
22.540	-17.765	-0.241
22.560	-20.660	-0.213
22.580	-23.254	-0.197
22.600	-25.510	-0.160
22.620	-27.363	-0.141
22.640	-28.921	-0.102
22.660	-29.990	-0.075
22.680	-30.618	-0.045
22.700	-30.838	-0.005
22.720	-30.570	0.029
22.740	-29.952	0.062
22.760	-28.835	0.096
22.780	-27.288	0.132
22.800	-25.365	0.160
22.820	-23.072	0.186
22.840	-20.450	0.209
22.860	-17.518	0.237
22.880	-14.360	0.256
22.900	-10.965	0.270
22.920	-7.415	0.277
22.940	-3.762	0.288
22.960	-0.046	0.287
22.980	3.650	0.286
23.000	7.297	0.278
23.020	10.836	0.269
23.040	14.241	0.255
23.060	17.421	0.237
23.080	20.348	0.215
23.100	23.023	0.190
23.120	25.301	0.162
23.140	27.229	0.132
23.160	28.770	0.097
23.180	29.893	0.062
23.200	30.591	0.036
23.220	30.860	-0.004
23.240	30.677	-0.033
23.260	30.027	-0.071
23.280	28.990	-0.100
23.300	27.508	-0.138
23.320	25.666	-0.166
23.340	23.415	-0.195
23.360	20.821	-0.217
23.380	17.937	-0.241
23.400	14.800	-0.257
23.420	11.427	-0.273
23.440	7.914	-0.281
23.460	4.300	-0.293
23.480	0.604	-0.294
23.500	-3.102	-0.290
23.520	-6.765	-0.279
23.540	-10.342	-0.269
23.560	-13.737	-0.255
23.580	-16.965	-0.235
23.600	-19.940	-0.218
23.620	-22.615	-0.194
23.640	-24.962	-0.166
23.660	-26.971	-0.137
23.680	-28.593	-0.105
23.700	-29.759	-0.076
23.720	-30.516	-0.042
23.740	-30.811	-0.008
23.760	-30.720	0.030
23.780	-30.167	0.062
23.800	-29.184	0.101
23.820	-27.793	0.128
23.840	-25.934	0.165
23.860	-23.738	0.186
23.880	-21.202	0.216
23.900	-18.323	0.236
23.920	-15.224	0.262
23.940	-11.910	0.272
23.960	-8.371	0.287
23.980	-4.761	0.295
24.000	-1.045	0.298
24.020	2.667	0.295
24.040	6.341	0.291
24.060	9.902	0.281
24.080	13.350	0.267
24.100	16.599	0.253
24.120	19.596	0.232
24.140	22.352	0.207
24.160	24.726	0.177
24.180	26.761	0.151
24.200	28.400	0.116
24.220	29.656	0.086
24.240	30.457	0.048
24.260	30.838	0.021
24.280	30.758	-0.017
24.300	30.253	-0.048
24.320	29.302	-0.085
24.340	27.948	-0.119
24.360	26.176	-0.146
24.380	24.038	-0.177
24.400	21.530	-0.205
24.420	18.726	-0.226
24.440	15.654	-0.251
24.460	12.319	-0.261
24.480	8.865	-0.273
24.500	5.358	-0.280
24.520	1.582	-0.283
24.540	-2.130	-0.286
24.560	-5.787	-0.274
24.580	-9.418	-0.271
24.600	-12.866	-0.252
24.620	-16.132	-0.237
24.640	-19.086	-0.217
24.660	-21.954	-0.197
24.680	-24.377	-0.168
24.700	-26.412	-0.142
24.720	-28.206	-0.109
24.740	-29.501	-0.079
24.760	-30.376	-0.044
24.780	-30.758	-0.016
24.800	-30.795	0.019
24.820	-30.344	0.057
24.840	-29.452	0.088
24.860	-28.179	0.118
24.880	-26.482	0.149
24.900	-24.355	0.182
24.920	-21.901	0.206
24.940	-19.092	0.226
24.960	-16.057	0.249
24.980	-12.775	0.271
25.000	-9.332	0.282
25.020	-5.707	0.291
25.040	-2.017	0.294
25.060	1.700	0.294
25.080	5.385	0.287
25.100	8.983	0.281
25.120	12.474	0.269
25.140	15.772	0.254
25.160	18.834	0.232
25.180	21.654	0.211
25.200	24.135	0.184
25.220	26.257	0.154
25.240	28.002	0.116
25.260	29.356	0.092
25.280	30.280	0.054
25.300	30.774	0.025
25.320	30.817	-0.016
25.340	30.425	-0.046
25.360	29.592	-0.084
25.380	28.341	-0.117
25.400	26.681	-0.152
25.420	24.651	-0.176
25.440	22.228	-0.210
25.460	19.489	-0.226
25.480	16.492	-0.251
25.500	13.232	-0.261
25.520	9.794	-0.280
25.540	6.217	-0.286
25.560	2.570	-0.295
25.580	-1.136	-0.293
25.600	-4.837	-0.288
25.620	-8.371	-0.282
25.640	-11.959	-0.270
25.660	-15.283	-0.253
25.680	-18.388	-0.231
25.700	-21.229	-0.212
25.720	-23.754	-0.182
25.740	-25.967	-0.158
25.760	-27.771	-0.128
25.780	-29.184	-0.096
25.800	-30.172	-0.063
25.820	-30.698	-0.034
25.840	-30.833	0.004
25.860	-30.505	0.037
25.880	-29.780	0.067
25.900	-28.566	0.104
25.920	-26.923	0.133
25.940	-24.930	0.167
25.960	-22.577	0.191
25.980	-19.876	0.218
26.000	-16.879	0.240
26.020	-13.667	0.254
26.040	-10.245	0.269
26.060	-6.663	0.278
26.080	-3.005	0.283
26.100	0.722	0.282
26.120	4.418	0.281
26.140	8.043	0.274
26.160	11.556	0.263
26.180	14.918	0.248
26.200	18.044	0.231
26.220	20.934	0.207
26.240	23.517	0.185
26.260	25.736	0.153
26.280	27.583	0.119
26.300	29.039	0.089
26.320	30.075	0.054
26.340	30.682	0.022
26.360	30.838	-0.015
26.380	30.575	-0.045
26.400	29.850	-0.084
26.420	28.711	-0.112
26.440	27.148	-0.148
26.460	25.225	-0.174
26.480	22.894	-0.208
26.500	20.300	-0.222
26.520	17.308	-0.257
26.540	14.102	-0.258
26.560	10.707	-0.287
26.580	7.254	-0.282
26.600	3.521	-0.303
26.620	-0.175	-0.294
26.640	-3.875	-0.298
26.660	-7.533	-0.282
26.680	-11.073	-0.277
26.700	-14.419	-0.256
26.720	-17.620	-0.237
26.740	-20.542	-0.217
26.760	-23.152	-0.194
26.780	-25.429	-0.165
26.800	-27.352	-0.136
26.820	-28.905	-0.109
26.840	-29.973	-0.070
26.860	-30.634	-0.044
26.880	-30.827	-0.006
26.900	-30.661	0.028
26.920	-30.038	0.065
26.940	-28.969	0.095
26.960	-27.411	0.129
26.980	-25.537	0.162
27.000	-23.254	0.187
27.020	-20.638	0.212
27.040	-17.738	0.232
27.060	-14.569	0.252
27.080	-11.201	0.272
27.100	-7.732	0.282
27.120	-3.988	0.294
27.140	-0.277	0.295
27.160	3.424	0.286
27.180	7.087	0.282
27.200	10.632	0.274
27.220	14.043	0.266
27.240	17.244	0.244
27.260	20.187	0.222
27.280	22.867	0.195
27.300	25.182	0.173
27.320	27.089	0.134
27.340	28.690	0.106
27.360	29.850	0.071
27.380	30.564	0.042
27.400	30.854	0.008
27.420	30.693	-0.027
27.440	30.086	-0.063
27.460	29.050	-0.099
27.480	27.594	-0.132
27.500	25.762	-0.162
27.520	23.533	-0.190
27.540	20.955	-0.212
27.560	18.087	-0.234
27.580	14.972	-0.253
27.600	11.610	-0.265
27.620	8.108	-0.274
27.640	4.573	-0.286
27.660	0.787	-0.286
27.680	-2.925	-0.282
27.700	-6.561	-0.277
27.720	-10.170	-0.264
27.740	-13.575	-0.253
27.760	-16.825	-0.232
27.780	-19.822	-0.214
27.800	-22.513	-0.187
27.820	-24.882	-0.160
27.840	-26.896	-0.136
27.860	-28.550	-0.099
27.880	-29.737	-0.070
27.900	-30.527	-0.034
27.920	-30.822	-0.006
27.940	-30.752	0.034
27.960	-30.231	0.064
27.980	-29.259	0.099
28.000	-27.852	0.130
28.020	-26.052	0.165
28.040	-23.893	0.195
28.060	-21.364	0.219
28.080	-18.511	0.238
28.100	-15.423	0.262
28.120	-12.093	0.282
28.140	-8.575	0.290
28.160	-4.949	0.299
28.180	-1.254	0.297
28.200	2.457	0.303
28.220	6.126	0.293
28.240	9.719	0.286
28.260	13.178	0.270
28.280	16.427	0.253
28.300	19.441	0.236
28.320	22.212	0.214
28.340	24.602	0.181
28.360	26.670	0.153
28.380	28.281	0.116
28.400	29.592	0.091
28.420	30.419	0.054
28.440	30.822	0.024
28.460	30.774	-0.016
28.480	30.301	-0.046
28.500	29.366	-0.082
28.520	28.018	-0.117
28.540	26.278	-0.146
28.560	24.162	-0.175
28.580	21.680	-0.205
28.600	18.882	-0.225
28.620	15.821	-0.249
28.640	12.512	-0.265
28.660	9.144	-0.275
28.680	5.444	-0.282
28.700	1.781	-0.288
28.720	-1.936	-0.284
28.740	-5.599	-0.281
28.760	-9.225	-0.267
28.780	-12.700	-0.260
28.800	-15.853	-0.241
28.820	-19.011	-0.220
28.840	-21.820	-0.199
28.860	-24.264	-0.170
28.880	-26.375	-0.145
28.900	-28.115	-0.114
28.920	-29.436	-0.084
28.940	-30.333	-0.047
28.960	-30.768	-0.020
28.980	-30.817	0.018
29.000	-30.398	0.050
29.020	-29.533	0.086
29.040	-28.249	0.116
29.060	-26.557	0.152
29.080	-24.457	0.176
29.100	-22.051	0.207
29.120	-19.274	0.225
29.140	-16.223	0.249
29.160	-12.969	0.268
29.180	-9.488	0.281
29.200	-5.900	0.290
29.220	-2.216	0.290
29.240	1.501	0.290
29.260	5.180	0.290
29.280	8.790	0.278
29.300	12.292	0.268
29.320	15.606	0.249
29.340	18.678	0.235
29.360	21.514	0.208
29.380	24.017	0.186
29.400	26.112	0.156
29.420	27.927	0.116
29.440	29.291	0.087
29.460	30.242	0.051
29.480	30.747	0.025
29.500	30.833	-0.017
29.520	30.462	-0.046
29.540	29.646	-0.082
29.560	28.421	-0.117
29.580	26.756	-0.153
29.600	24.763	-0.180
29.620	22.352	-0.210
29.640	19.645	-0.227
29.660	16.658	-0.258
29.680	13.414	-0.264
29.700	9.988	-0.282
29.720	6.432	-0.289
29.740	2.758	-0.299
29.760	-0.937	-0.295
29.780	-4.627	-0.292
29.800	-8.269	-0.282
29.820	-11.669	-0.273
29.840	-15.106	-0.257
29.860	-18.152	-0.235
29.880	-21.095	-0.218
29.900	-23.576	-0.187
29.920	-25.859	-0.163
29.940	-27.696	-0.133
29.960	-29.119	-0.104
29.980	-30.118	-0.064
30.000	-30.677	-0.035
30.020	-30.827	-0.000
30.040	-30.532	0.033
30.060	-29.807	0.068
30.080	-28.615	0.095
30.100	-27.019	0.137
30.120	-25.059	0.162
30.140	-22.712	0.190
30.160	-20.005	0.211
30.180	-17.056	0.238
30.200	-13.839	0.260
30.220	-10.423	0.274
30.240	-6.862	0.275
30.260	-3.177	0.285
30.280	0.518	0.284
30.300	4.219	0.288
30.320	7.753	0.278
30.340	11.373	0.266
30.360	14.736	0.251
30.380	17.883	0.232
30.400	20.789	0.212
30.420	23.335	0.183
30.440	25.612	0.162
30.460	27.508	0.120
30.480	28.974	-0.385
30.500	30.022	0.056
30.520	30.656	0.029
30.540	30.849	-0.008
30.560	30.618	-0.037
30.580	29.893	-0.079
30.600	28.786	-0.109
30.620	27.218	-0.141
30.640	25.333	-0.167
30.660	23.093	-0.204
30.680	20.391	-0.222
30.700	17.469	-0.246
30.720	14.290	-0.261
30.740	10.895	-0.278
30.760	7.361	-0.289
30.780	3.816	-0.289
30.800	0.030	-0.298
30.820	-3.687	-0.290
30.840	-7.248	-0.288
30.860	-10.895	-0.265
30.880	-14.182	-0.257
30.900	-17.453	-0.235
30.920	-20.386	-0.216
30.940	-23.012	-0.191
30.960	-25.327	-0.164
30.980	-27.234	-0.133
31.000	-28.829	-0.103
31.020	-29.914	-0.075
31.040	-30.623	-0.032
31.060	-30.827	-0.008
31.080	-30.688	0.033
31.100	-30.070	0.062
31.120	-29.023	0.099
31.140	-27.519	0.128
31.160	-25.644	0.162
31.180	-23.388	0.186
31.200	-20.800	0.211
31.220	-17.899	0.239
31.240	-14.741	0.262
31.260	-11.368	0.270
31.280	-7.834	0.279
31.300	-4.176	0.286
31.320	-0.486	0.291
31.340	3.236	0.287
31.360	6.899	0.283
31.380	10.444	0.274
31.400	13.876	0.263
31.420	17.072	0.245
31.440	20.037	0.221
31.460	22.733	0.199
31.480	25.005	0.171
31.500	27.046	0.141
31.520	28.615	0.107
31.540	29.807	0.076
31.560	30.553	0.045
31.580	30.833	0.012
31.600	30.709	-0.024
31.620	30.145	-0.062
31.640	29.114	-0.095
31.660	27.669	-0.126
31.680	25.875	-0.153
31.700	23.668	-0.186
31.720	21.176	-0.207
31.740	18.259	-0.229
31.760	15.149	-0.247
31.780	11.808	-0.261
31.800	8.317	-0.274
31.820	4.681	-0.280
31.840	1.007	-0.283
31.860	-2.694	-0.282
31.880	-6.373	-0.274
31.900	-9.966	-0.265
31.920	-13.409	-0.249
31.940	-16.626	-0.233
31.960	-19.656	-0.210
31.980	-22.357	-0.187
32.000	-24.742	-0.159
32.020	-26.794	-0.134
32.040	-28.469	-0.100
32.060	-29.683	-0.069
32.080	-30.478	-0.036
32.100	-30.822	-0.008
32.120	-30.774	0.030
32.140	-30.274	0.063
32.160	-29.318	0.096
32.180	-27.948	0.130
32.200	-26.160	0.162
32.220	-23.985	0.190
32.240	-21.498	0.216
32.260	-18.678	0.240
32.280	-15.579	0.261
32.300	-12.276	0.276
32.320	-8.763	0.290
32.340	-5.159	0.297
32.360	-1.458	0.298
32.380	2.259	0.298
32.400	5.943	0.294
32.420	9.510	0.279
32.440	13.001	0.269
32.460	16.175	0.252
32.480	19.285	0.235
32.500	22.003	0.209
32.520	24.484	0.182
32.540	26.547	0.153
32.560	28.239	0.119
32.580	29.533	0.091
32.600	30.360	0.050
32.620	30.817	0.021
32.640	30.779	-0.017
32.660	30.317	-0.045
32.680	29.431	-0.079
32.700	28.094	-0.117
32.720	26.391	-0.149
32.740	24.296	-0.177
32.760	21.815	-0.203
32.780	19.108	-0.225
32.800	15.987	-0.251
32.820	12.705	-0.261
32.840	9.241	-0.274
32.860	5.658	-0.279
32.880	1.979	-0.290
32.900	-1.711	-0.286
32.920	-5.411	-0.282
32.940	-9.037	-0.273
32.960	-12.415	-0.261
32.980	-15.772	-0.245
33.000	-18.861	-0.225
33.020	-21.670	-0.199
33.040	-24.054	-0.171
33.060	-26.273	-0.149
33.080	-28.040	-0.116
33.100	-29.356	-0.085
33.120	-30.312	-0.051
33.140	-30.752	-0.021
33.160	-30.811	0.012
33.180	-30.414	0.046
33.200	-29.619	0.082
33.220	-28.346	0.108
33.240	-26.659	0.144
33.260	-24.581	0.172
33.280	-22.164	0.201
33.300	-19.419	0.222
33.320	-16.401	0.249
33.340	-13.156	0.261
33.360	-9.681	0.272
33.380	-6.088	0.284
33.400	-2.414	0.290
33.420	1.302	0.285
33.440	4.992	0.282
33.460	8.596	0.273
33.480	12.109	0.261
33.500	15.428	0.245
33.520	18.522	0.226
33.540	21.364	0.208
33.560	23.829	0.180
33.580	26.052	0.150
33.600	27.830	0.117
33.620	29.238	0.089
33.640	30.204	0.053
33.660	30.736	0.022
33.680	30.833	-0.016
33.700	30.510	-0.050
33.720	29.699	-0.082
33.740	28.534	-0.115
33.760	26.880	-0.151
33.780	24.887	-0.177
33.800	22.497	-0.210
33.820	19.806	-0.225
33.840	16.906	-0.253
33.860	13.586	-0.264
33.880	10.181	-0.281
33.900	6.620	-0.290
33.920	2.962	-0.298
33.940	-0.642	-0.296
33.960	-4.439	-0.290
33.980	-8.075	-0.285
34.000	-11.588	-0.274
34.020	-14.934	-0.257
34.040	-18.066	-0.239
34.060	-20.961	-0.214
34.080	-23.517	-0.187
34.100	-25.741	-0.163
34.120	-27.605	-0.136
34.140	-29.044	-0.100
34.160	-30.081	-0.066
34.180	-30.656	-0.038
34.200	-30.817	0.000
34.220	-30.553	0.033
34.240	-29.839	0.067
34.260	-28.727	0.100
34.280	-27.132	0.137
34.300	-25.161	0.162
34.320	-22.830	0.191
34.340	-20.166	0.215
34.360	-17.206	0.244
34.380	-14.016	0.257
34.400	-10.632	0.270
34.420	-7.050	0.278
34.440	-3.392	0.286
34.460	0.314	0.287
34.480	4.020	0.285
34.500	7.651	0.278
34.520	11.185	0.268
34.540	14.564	0.251
34.560	17.727	0.233
34.580	20.633	0.216
34.600	23.260	0.186
34.620	25.515	0.161
34.640	27.406	0.124
34.660	28.899	0.095
34.680	29.984	0.063
34.700	30.634	-0.460
34.720	30.844	-0.004
34.740	30.623	-0.033
34.760	29.957	-0.072
34.780	28.851	-0.103
34.800	27.336	-0.138
34.820	25.446	-0.167
34.840	23.168	-0.196
34.860	20.601	-0.218
34.880	17.625	-0.245
34.900	14.440	-0.259
34.920	11.094	-0.274
34.940	7.640	-0.282
34.960	3.913	-0.291
34.980	0.218	-0.292
35.000	-3.403	-0.289
35.020	-7.146	-0.282
35.040	-10.697	-0.270
35.060	-14.091	-0.259
35.080	-17.233	-0.241
35.100	-20.241	-0.216
35.120	-22.894	-0.190
35.140	-25.231	-0.160
35.160	-27.186	-0.137
35.180	-28.754	-0.104
35.200	-29.877	-0.070
35.220	-30.607	-0.042
35.240	-30.860	-0.005
35.260	-30.715	0.032
35.280	-30.129	0.063
35.300	-29.114	0.099
35.320	-27.621	0.130
35.340	-25.752	0.165
35.360	-23.533	0.192
35.380	-20.945	0.220
35.400	-18.055	0.246
35.420	-14.929	0.265
35.440	-11.572	0.276
35.460	-8.016	0.286
35.480	-4.396	0.295
35.500	-0.685	0.297
35.520	3.048	0.294
35.540	6.700	0.288
35.560	10.261	0.280
35.580	13.602	0.266
35.600	16.911	0.250
35.620	19.886	0.231
35.640	22.540	0.205
35.660	24.946	0.175
35.680	26.944	0.144
35.700	28.545	0.114
35.720	29.748	0.082
35.740	30.510	0.051
35.760	30.838	0.017
35.780	30.736	-0.018
35.800	30.177	-0.052
35.820	29.211	-0.087
35.840	27.777	-0.120
35.860	25.977	-0.149
35.880	23.797	-0.180
35.900	21.251	-0.207
35.920	18.495	-0.225
35.940	15.316	-0.249
35.960	11.991	-0.261
35.980	8.489	-0.275
36.000	4.976	-0.274
36.020	1.211	-0.290
36.040	-2.516	-0.272
36.060	-6.179	-0.280
36.080	-9.783	-0.264
36.100	-13.221	-0.258
36.120	-16.476	-0.231
36.140	-19.414	-0.216
36.160	-22.234	-0.186
36.180	-24.624	-0.163
36.200	-26.686	-0.139
36.220	-28.384	-0.100
36.240	-29.624	-0.075
36.260	-30.451	-0.037
36.280	-30.817	-0.011
36.300	-30.790	0.025
36.320	-30.301	0.061
36.340	-29.377	0.097
36.360	-28.024	0.124
36.380	-26.273	0.159
36.400	-24.135	0.183
36.420	-21.691	0.212
36.440	-18.828	0.233
36.460	-15.740	0.258
36.480	-12.528	0.275
36.500	-8.956	0.286
36.520	-5.336	0.294
36.540	-1.657	0.300
36.560	2.076	0.294
36.580	5.750	0.288
36.600	9.327	0.278
36.620	12.813	0.268
36.640	16.094	0.249
36.660	19.135	0.230
36.680	21.933	0.211
36.700	24.302	0.178
36.720	26.461	0.153
36.740	28.163	0.119
36.760	29.469	0.087
36.780	30.349	0.051
36.800	30.795	0.021
36.820	30.801	-0.017
36.840	30.371	-0.046
36.860	29.479	-0.087
36.880	28.190	-0.119
36.900	26.477	-0.149
36.920	24.414	-0.179
36.940	22.030	-0.207
36.960	19.194	-0.225
36.980	16.240	-0.252
37.000	12.883	-0.261
37.020	9.429	-0.278
37.040	5.857	-0.280
37.060	2.280	-0.293
37.080	-1.517	-0.288
37.100	-5.202	-0.286
37.120	-8.838	-0.280
37.140	-12.313	-0.266
37.160	-15.611	-0.250
37.180	-18.699	-0.228
37.200	-21.503	-0.210
37.220	-23.990	-0.178
37.240	-26.155	-0.156
37.260	-27.948	-0.122
37.280	-29.307	-0.091
37.300	-30.242	-0.060
37.320	-30.731	-0.028
37.340	-30.811	0.005
37.360	-30.457	0.041
37.380	-29.651	0.074
37.400	-28.410	0.108
37.420	-26.745	0.141
37.440	-24.704	0.165
37.460	-22.309	0.197
37.480	-19.645	0.220
37.500	-16.556	0.245
37.520	-13.334	0.258
37.540	-9.869	0.274
37.560	-6.287	0.280
37.580	-2.608	0.290
37.600	1.098	0.279
37.620	4.788	0.280
37.640	8.403	0.271
37.660	11.921	0.265
37.680	15.257	0.244
37.700	18.350	0.230
37.720	21.219	0.205
37.740	23.764	0.182
37.760	25.897	0.149
37.780	27.760	0.117
37.800	29.135	0.087
37.820	30.167	0.050
37.840	30.720	0.021
37.860	30.844	-0.017
37.880	30.521	-0.043
37.900	29.780	-0.084
37.920	28.572	-0.115
37.940	26.960	-0.153
37.960	25.005	-0.178
37.980	22.653	-0.212
38.000	19.946	-0.224
38.020	16.991	-0.260
38.040	13.855	-0.264
38.060	10.369	-0.287
38.080	6.819	-0.290
38.100	3.161	-0.301
38.120	-0.443	-0.295
38.140	-4.235	-0.292
38.160	-7.882	-0.289
38.180	-11.406	-0.278
38.200	-14.757	-0.261
38.220	-17.835	-0.236
38.240	-20.810	-0.217
38.260	-23.319	-0.189
38.280	-25.617	-0.166
38.300	-27.519	-0.133
38.320	-28.985	-0.105
38.340	-30.043	-0.067
38.360	-30.656	-0.039
38.380	-30.827	-0.005
38.400	-30.602	0.032
38.420	-29.909	0.065
38.440	-28.797	0.098
38.460	-27.234	0.131
38.480	-25.279	0.162
38.500	-23.034	0.190
38.520	-20.332	0.216
38.540	-17.469	0.235
38.560	-14.220	0.261
38.580	-10.911	0.274
38.600	-7.270	0.281
38.620	-3.585	0.295
38.640	0.099	0.293
38.660	3.811	0.286
38.680	7.458	0.280
38.700	10.981	0.270
38.720	14.386	0.259
38.740	17.550	0.240
38.760	20.472	0.219
38.780	23.120	0.192
38.800	25.403	0.164
38.820	27.272	0.131
38.840	28.824	0.100
38.860	29.952	0.070
38.880	30.613	0.038
38.900	30.854	0.001
38.920	30.656	-0.030
38.940	30.000	-0.066
38.960	28.926	-0.102
38.980	27.411	-0.138
39.000	25.564	-0.160
39.020	23.292	-0.197
39.040	20.681	-0.215
39.060	17.781	-0.241
39.080	14.617	-0.254
39.100	11.271	-0.271
39.120	7.737	-0.282
39.140	4.112	-0.286
39.160	0.427	-0.290
39.180	-3.301	-0.283
39.200	-6.969	-0.280
39.220	-10.514	-0.270
39.240	-13.930	-0.253
39.260	-17.115	-0.234
39.280	-20.031	-0.209
39.300	-22.760	-0.190
39.320	-25.096	-0.160
39.340	-27.084	-0.129
39.360	-28.674	-0.100
39.380	-29.855	-0.066
39.400	-30.575	-0.033
39.420	-30.822	-0.005
39.440	-30.720	0.033
39.460	-30.156	0.066
39.480	-29.168	0.102
39.500	-27.712	0.131
39.520	-25.854	0.166
39.540	-23.652	0.194
39.560	-21.095	0.217
39.580	-18.200	0.245
39.600	-15.079	0.263
39.620	-11.835	0.277
39.640	-8.226	0.290
39.660	-4.568	0.295
39.680	-0.862	0.303
39.700	2.839	0.296
39.720	6.502	0.290
39.740	10.068	0.282
39.760	13.522	0.271
39.780	16.664	0.250
39.800	19.736	0.232
39.820	22.475	0.206
39.840	24.833	0.181
39.860	26.842	0.149
39.880	28.464	0.119
39.900	29.694	0.083
39.920	30.473	0.054
39.940	30.827	0.017
39.960	30.747	-0.018
39.980	30.237	-0.051
40.000	29.254	-0.084
40.020	27.852	-0.121
40.040	26.079	-0.152
40.060	23.926	-0.180
40.080	21.471	-0.211
40.100	18.587	-0.226
40.120	15.488	-0.249
40.140	12.174	-0.261
40.160	8.688	-0.275
40.180	5.084	-0.279
40.200	1.410	-0.290
40.220	-2.296	-0.279
40.240	-5.970	-0.281
40.260	-9.595	-0.268
40.280	-13.022	-0.260
40.300	-16.191	-0.236
40.320	-19.328	-0.220
40.340	-22.008	-0.195
40.360	-24.516	-0.166
40.380	-26.531	-0.141
40.400	-28.292	-0.108
40.420	-29.533	-0.079
40.440	-30.382	-0.041
40.460	-30.806	-0.019
40.480	-30.790	0.027
40.500	-30.323	0.050
40.520	-29.426	0.095
40.540	-28.088	0.117
40.560	-26.364	0.156
40.580	-24.232	0.178
40.600	-21.782	0.208
40.620	-18.979	0.230
40.640	-15.906	0.250
40.660	-12.630	0.271
40.680	-9.144	0.284
40.700	-5.524	0.291
40.720	-1.840	0.294
40.740	1.866	0.292
40.760	5.551	0.285
40.780	9.134	0.278
40.800	12.619	0.265
40.820	15.917	0.252
40.840	18.973	0.231
40.860	21.777	0.211
40.880	24.242	0.180
40.900	26.305	0.155
40.920	28.072	0.120
40.940	29.415	0.089
40.960	30.306	0.055
40.980	30.784	0.021
41.000	30.817	-0.014
41.020	30.408	-0.051
41.040	29.544	-0.086
41.060	28.271	-0.120
41.080	26.595	-0.152
41.100	24.532	-0.180
41.120	22.094	-0.204
41.140	19.414	-0.232
41.160	16.347	-0.249
41.180	13.076	-0.268
41.200	9.633	-0.280
41.220	6.136	-0.287
41.240	2.377	-0.298
41.260	-1.329	-0.294
41.280	-5.003	-0.289
41.300	-8.639	-0.281
41.320	-12.131	-0.272
41.340	-15.445	-0.253
41.360	-18.522	-0.234
41.380	-21.358	-0.212
41.400	-23.883	-0.185
41.420	-26.047	-0.156
41.440	-27.863	-0.129
41.460	-29.248	-0.095
41.480	-30.194	-0.065
41.500	-30.725	-0.031
41.520	-30.811	0.002
41.540	-30.478	0.040
41.560	-29.699	0.070
41.580	-28.480	0.103
41.600	-26.842	0.138
41.620	-24.812	0.165
41.640	-22.448	0.192
41.660	-19.747	0.211
41.680	-16.723	0.240
41.700	-13.511	0.258
41.720	-10.079	0.269
41.740	-6.496	0.282
41.760	-2.796	0.286
41.780	0.905	0.284
41.800	4.606	0.281
41.820	8.220	0.276
41.840	11.739	0.262
41.860	15.090	0.250
41.880	18.125	0.229
41.900	21.068	0.207
41.920	23.635	0.180
41.940	25.832	0.157
41.960	27.626	0.119
41.980	29.103	0.091
42.000	30.118	0.053
42.020	30.709	0.024
42.040	30.849	-0.013
42.060	30.559	-0.043
42.080	29.807	-0.085
42.100	28.647	-0.110
42.120	27.084	-0.154
42.140	25.123	-0.173
42.160	22.787	-0.209
42.180	20.101	-0.219
42.200	17.228	-0.250
42.220	13.957	-0.261
42.240	10.557	-0.281
42.260	7.001	-0.285
42.280	3.349	-0.296
42.300	-0.352	-0.291
42.320	-4.036	-0.291
42.340	-7.608	-0.281
42.360	-11.212	-0.275
42.380	-14.591	-0.255
42.400	-17.733	-0.236
42.420	-20.660	-0.216
42.440	-23.265	-0.188
42.460	-25.515	-0.163
42.480	-27.427	-0.133
42.500	-28.948	-0.103
42.520	-30.016	-0.069
42.540	-30.645	-0.038
42.560	-30.833	-0.003
42.580	-30.618	0.033
42.600	-30.011	0.066
42.620	-28.867	0.100
42.640	-27.331	0.128
42.660	-25.403	0.163
42.680	-23.131	0.191
42.700	-20.504	0.215
42.720	-17.572	0.240
42.740	-14.478	0.265
42.760	-11.019	0.272
42.780	-7.463	0.283
42.800	-3.805	0.289
42.820	-0.099	0.296
42.840	3.601	0.282
42.860	7.254	0.281
42.880	10.815	0.272
42.900	14.204	0.261
42.920	17.384	0.242
42.940	20.327	0.221
42.960	22.980	0.193
42.980	25.284	0.171
43.000	27.223	0.139
43.020	28.717	0.107
43.040	29.887	0.071
43.060	30.591	0.037
43.080	30.854	0.008
43.100	30.672	-0.029
43.120	30.027	-0.062
43.140	28.990	-0.552
43.160	27.540	-0.131
43.180	25.677	-0.160
43.200	23.421	-0.186
43.220	20.826	-0.209
43.240	17.948	-0.232
43.260	14.805	-0.251
43.280	11.438	-0.264
43.300	7.936	-0.270
43.320	4.300	-0.286
43.340	0.615	-0.283
43.360	-3.080	-0.289
43.380	-6.765	-0.270
43.400	-10.337	-0.269
43.420	-13.737	-0.247
43.440	-16.954	-0.236
43.460	-19.940	-0.208
43.480	-22.551	-0.188
43.500	-24.973	-0.157
43.520	-26.933	-0.133
43.540	-28.604	-0.099
43.560	-29.769	-0.071
43.580	-30.543	-0.035
43.600	-30.833	-0.006
43.620	-30.720	0.034
43.640	-30.199	0.066
43.660	-29.205	0.099
43.680	-27.793	0.134
43.700	-25.956	0.165
43.720	-23.781	0.192
43.740	-21.213	0.214
43.760	-18.377	0.244
43.780	-15.251	0.261
43.800	-11.921	0.279
43.820	-8.414	0.294
43.840	-4.772	0.294
43.860	-1.082	0.298
43.880	2.640	0.296
43.900	6.308	0.294
43.920	9.880	0.282
43.940	13.339	0.267
43.960	16.578	0.253
43.980	19.580	0.232
44.000	22.341	0.209
44.020	24.710	0.179
44.040	26.745	0.150
44.060	28.389	0.116
44.080	29.614	0.084
44.100	30.457	0.051
44.120	30.838	0.017
44.140	30.752	-0.018
44.160	30.263	-0.052
44.180	29.302	-0.086
44.200	27.948	-0.118
44.220	26.181	-0.153
44.240	24.054	-0.181
44.260	21.552	-0.209
44.280	18.737	-0.228
44.300	15.681	-0.251
44.320	12.345	-0.266
44.340	8.881	-0.273
44.360	5.282	-0.284
44.380	1.603	-0.291
44.400	-2.097	-0.287
44.420	-5.777	-0.280
44.440	-9.386	-0.272
44.460	-12.829	-0.259
44.480	-16.100	-0.246
44.500	-19.156	-0.216
44.520	-21.922	-0.196
44.540	-24.355	-0.170
44.560	-26.466	-0.145
44.580	-28.185	-0.112
44.600	-29.485	-0.082
44.620	-30.365	-0.048
44.640	-30.790	-0.018
44.660	-30.811	0.018
44.680	-30.371	0.052
44.700	-29.474	0.089
44.720	-28.163	0.114
44.740	-26.450	0.149
44.760	-24.371	0.178
44.780	-21.954	0.206
44.800	-19.129	0.228
44.820	-16.062	0.254
44.840	-12.818	0.263
44.860	-9.418	0.281
44.880	-5.723	0.285
44.900	-2.038	0.290
44.920	1.678	0.283
44.940	5.363	0.284
44.960	8.956	0.274
44.980	12.442	0.263
45.000	15.751	0.244
45.020	18.807	0.228
45.040	21.627	0.206
45.060	24.124	0.179
45.080	26.251	0.152
45.100	27.954	0.115
45.120	29.350	0.085
45.140	30.285	0.050
45.160	30.752	0.021
45.180	30.817	-0.021
45.200	30.430	-0.049
45.220	29.597	-0.089
45.240	28.357	-0.122
45.260	26.686	-0.153
45.280	24.672	-0.182
45.300	22.239	-0.207
45.320	19.510	-0.230
45.340	16.513	-0.256
45.360	13.259	-0.271
45.380	9.821	-0.279
45.400	6.260	-0.292
45.420	2.575	-0.295
45.440	-1.120	-0.302
45.460	-4.810	-0.287
45.480	-8.349	-0.288
45.500	-11.937	-0.270
45.520	-15.251	-0.259
45.540	-18.361	-0.233
45.560	-21.219	-0.213
45.580	-23.748	-0.187
45.600	-25.940	-0.159
45.620	-27.723	-0.130
45.640	-29.184	-0.100
45.660	-30.161	-0.067
45.680	-30.698	-0.035
45.700	-30.827	-0.000
45.720	-30.505	0.037
45.740	-29.748	0.069
45.760	-28.550	0.099
45.780	-26.955	0.133
45.800	-24.935	0.162
45.820	-22.604	0.189
45.840	-19.881	0.214
45.860	-16.889	0.240
45.880	-13.699	0.258
45.900	-10.261	0.269
45.920	-6.674	0.278
45.940	-3.027	0.288
45.960	0.690	0.284
45.980	4.300	0.283
46.000	8.011	0.277
46.020	11.545	0.265
46.040	14.897	0.253
46.060	18.023	0.235
46.080	20.853	0.210
46.100	23.512	0.185
46.120	25.719	0.157
46.140	27.583	0.126
46.160	28.996	0.090
46.180	30.075	0.058
46.200	30.677	0.029
46.220	30.854	-0.008
46.240	30.586	-0.042
46.260	29.882	-0.075
46.280	28.717	-0.113
46.300	27.154	-0.141
46.320	25.231	-0.175
46.340	22.975	-0.199
46.360	20.246	-0.226
46.380	17.314	-0.244
46.400	14.123	-0.265
46.420	10.718	-0.277
46.440	7.189	-0.286
46.460	3.548	-0.293
46.480	-0.153	-0.293
46.500	-3.843	-0.291
46.520	-7.517	-0.279
46.540	-11.056	-0.271
46.560	-14.424	-0.255
46.580	-17.518	-0.236
46.600	-20.515	-0.212
46.620	-23.136	-0.191
46.640	-25.419	-0.161
46.660	-27.358	-0.137
46.680	-28.894	-0.101
46.700	-29.963	-0.070
46.720	-30.639	-0.038
46.740	-30.844	-0.006
46.760	-30.682	0.027
46.780	-30.038	0.061
46.800	-28.958	0.097
46.820	-27.481	0.131
46.840	-25.531	0.159
46.860	-23.281	0.190
46.880	-20.671	0.209
46.900	-17.738	0.240
46.920	-14.580	0.259
46.940	-11.207	0.272
46.960	-7.678	0.286
46.980	-4.004	0.294
47.000	-0.298	0.295
47.020	3.403	0.291
47.040	7.060	0.284
47.060	10.611	0.277
47.080	14.027	0.265
47.100	17.212	0.249
47.120	20.171	0.224
47.140	22.857	0.197
47.160	25.166	0.173
47.180	27.127	0.141
47.200	28.684	0.110
47.220	29.818	0.078
47.240	30.564	-0.446
47.260	30.844	0.015
47.280	30.688	-0.022
47.300	30.086	-0.056
47.320	29.066	-0.091
47.340	27.599	-0.124
47.360	25.784	-0.153
47.380	23.550	-0.181
47.400	21.036	-0.206
47.420	18.119	-0.231
47.440	14.977	-0.245
47.460	11.636	-0.261
47.480	8.135	-0.270
47.500	4.514	-0.282
47.520	0.814	-0.282
47.540	-2.790	-0.282
47.560	-6.572	-0.268
47.580	-10.116	-0.265
47.600	-13.559	-0.250
47.620	-16.793	-0.233
47.640	-19.790	-0.212
47.660	-22.475	-0.187
47.680	-24.855	-0.158
47.700	-26.880	-0.133
47.720	-28.529	-0.100
47.740	-29.732	-0.069
47.760	-30.510	-0.034
47.780	-30.833	-0.008
47.800	-30.779	0.029
47.820	-30.220	0.059
47.840	-29.270	0.097
47.860	-27.852	0.126
47.880	-26.079	0.158
47.900	-23.904	0.186
47.920	-21.358	0.211
47.940	-18.533	0.238
47.960	-15.428	0.260
47.980	-12.115	0.271
48.000	-8.602	0.287
48.020	-4.960	0.294
48.040	-1.276	0.294
48.060	2.441	0.292
48.080	6.104	0.287
48.100	9.606	0.278
48.120	13.146	0.265
48.140	16.406	0.249
48.160	19.419	0.232
48.180	22.185	0.211
48.200	24.527	0.182
48.220	26.643	0.149
48.240	28.303	0.117
48.260	29.581	0.087
48.280	30.414	0.050
48.300	30.822	0.020
48.320	30.774	-0.013
48.340	30.317	-0.047
48.360	29.372	-0.085
48.380	28.029	-0.120
48.400	26.300	-0.148
48.420	24.183	-0.182
48.440	21.680	-0.204
48.460	18.898	-0.229
48.480	15.858	-0.249
48.500	12.544	-0.265
48.520	9.080	-0.274
48.540	5.481	-0.288
48.560	1.807	-0.291
48.580	-1.899	-0.291
48.600	-5.573	-0.281
48.620	-9.187	-0.276
48.640	-12.657	-0.261
48.660	-15.917	-0.247
48.680	-19.000	-0.226
48.700	-21.772	-0.200
48.720	-24.226	-0.173
48.740	-26.359	-0.146
48.760	-28.077	-0.121
48.780	-29.442	-0.087
48.800	-30.317	-0.051
48.820	-30.758	-0.027
48.840	-30.801	0.012
48.860	-30.392	0.042
48.880	-29.560	0.080
48.900	-28.260	0.110
48.920	-26.563	0.142
48.940	-24.473	0.170
48.960	-22.046	0.199
48.980	-19.280	0.218
49.000	-16.245	0.248
49.020	-12.985	0.263
49.040	-9.536	0.278
49.060	-5.927	0.285
49.080	-2.237	0.290
49.100	1.469	0.285
49.120	5.159	0.279
49.140	8.758	0.274
49.160	12.265	0.262
49.180	15.579	0.245
49.200	18.667	0.228
49.220	21.498	0.205
49.240	23.995	0.176
49.260	26.144	0.148
49.280	27.911	0.117
49.300	29.286	0.090
49.320	30.215	0.049
49.340	30.747	0.020
49.360	30.833	-0.021
49.380	30.468	-0.051
49.400	29.656	-0.085
49.420	28.432	-0.118
49.440	26.821	-0.152
49.460	24.785	-0.179
49.480	22.379	-0.209
49.500	19.666	-0.232
49.520	16.680	-0.250
49.540	13.511	-0.270
49.560	10.009	-0.283
49.580	6.448	-0.291
49.600	2.790	-0.296
49.620	-0.900	-0.295
49.640	-4.606	-0.294
49.660	-8.258	-0.282
49.680	-11.755	-0.274
49.700	-15.079	-0.257
49.720	-18.221	-0.236
49.740	-21.073	-0.214
49.760	-23.625	-0.190
49.780	-25.827	-0.160
49.800	-27.632	-0.134
49.820	-29.109	-0.098
49.840	-30.113	-0.068
49.860	-30.693	-0.036
49.880	-30.838	-0.002
49.900	-30.537	0.033
49.920	-29.796	0.068
49.940	-28.631	0.097
49.960	-27.046	0.133
49.980	-25.048	0.162
50.000	-22.722	0.188
50.020	-20.042	0.216
50.040	-17.067	0.238
50.060	-13.887	0.255
50.080	-10.449	0.269
50.100	-6.888	0.279
50.120	-3.225	0.286
50.140	0.497	0.284
50.160	4.187	0.286
50.180	7.818	0.275
50.200	11.357	0.266
50.220	14.709	0.251
50.240	17.867	0.236
50.260	20.751	0.211
50.280	23.372	0.185
50.300	25.607	0.158
50.320	27.476	0.130
50.340	28.958	0.091
50.360	30.022	0.062
50.380	30.661	0.032
50.400	30.849	-0.005
50.420	30.607	-0.035
50.440	29.893	-0.071
50.460	28.786	-0.105
50.480	27.250	-0.142
50.500	25.354	-0.167
50.520	23.045	-0.195
50.540	20.407	-0.214
50.560	17.550	-0.241
50.580	14.295	-0.257
50.600	10.906	-0.272
50.620	7.377	-0.281
50.640	3.736	-0.290
50.660	0.046	-0.290
50.680	-3.666	-0.290
50.700	-7.318	-0.277
50.720	-10.885	-0.267
50.740	-14.252	-0.254
50.760	-17.437	-0.233
50.780	-20.386	-0.212
50.800	-23.018	-0.187
50.820	-25.306	-0.161
50.840	-27.272	-0.133
50.860	-28.829	-0.102
50.880	-29.925	-0.071
50.900	-30.623	-0.036
50.920	-30.833	-0.002
50.940	-30.693	0.031
50.960	-30.086	0.066
50.980	-29.028	0.097
51.000	-27.546	0.133
51.020	-25.650	0.162
51.040	-23.421	0.191
51.060	-20.826	0.213
51.080	-17.894	0.242
51.100	-14.757	0.262
51.120	-11.395	0.278
51.140	-7.861	0.288
51.160	-4.214	0.296
51.180	-0.508	0.295
51.200	3.220	0.294
51.220	6.878	0.284
51.240	10.423	0.278
51.260	13.849	0.267
51.280	17.061	0.249
51.300	20.010	0.228
51.320	22.722	0.202
51.340	25.043	0.179
51.360	27.014	0.145
51.380	28.609	0.114
51.400	29.796	0.079
51.420	30.537	0.046
51.440	30.838	0.015
51.460	30.715	-0.021
51.480	30.135	-0.054
51.500	29.130	-0.087
51.520	27.712	-0.123
51.540	25.891	-0.152
51.560	23.743	-0.181
51.580	21.133	-0.207
51.600	18.281	-0.228
51.620	15.246	-0.245
51.640	11.808	-0.258
51.660	8.333	-0.270
51.680	4.719	-0.283
51.700	1.029	-0.284
51.720	-2.677	-0.285
51.740	-6.351	-0.274
51.760	-9.945	-0.266
51.780	-13.377	-0.254
51.800	-16.615	-0.236
51.820	-19.618	-0.216
51.840	-22.346	-0.189
51.860	-24.726	-0.161
51.880	-26.794	-0.134
51.900	-28.432	-0.103
51.920	-29.673	-0.072
51.940	-30.468	-0.037
51.960	-30.838	-0.011
51.980	-30.790	0.033
52.000	-30.253	0.059
52.020	-29.323	0.095
52.040	-27.954	0.125
52.060	-26.155	0.157
52.080	-24.001	0.185
52.100	-21.509	0.211
52.120	-18.683	0.236
52.140	-15.590	0.256
52.160	-12.297	0.269
52.180	-8.806	0.286
52.200	-5.175	0.291
52.220	-1.469	0.296
52.240	2.242	0.289
52.260	5.922	0.286
52.280	9.499	0.279
52.300	12.969	0.267
52.320	16.240	0.249
52.340	19.188	0.231
52.360	22.046	0.205
52.380	24.468	0.180
52.400	26.541	0.150
52.420	28.233	0.116
52.440	29.533	0.084
52.460	30.376	0.049
52.480	30.811	0.019
52.500	30.774	-0.021
52.520	30.323	-0.052
52.540	29.436	-0.086
52.560	28.126	-0.122
52.580	26.402	-0.153
52.600	24.312	-0.177
52.620	21.895	-0.203
52.640	19.054	-0.232
52.660	16.025	-0.249
52.680	12.716	-0.265
52.700	9.262	-0.282
52.720	5.680	-0.287
52.740	2.011	-0.294
52.760	-1.695	-0.293
52.780	-5.385	-0.285
52.800	-8.994	-0.278
52.820	-12.453	-0.267
52.840	-15.761	-0.248
52.860	-18.844	-0.230
52.880	-21.632	-0.205
52.900	-24.097	-0.180
52.920	-26.198	-0.150
52.940	-28.002	-0.124
52.960	-29.356	-0.092
52.980	-30.290	-0.057
53.000	-30.736	-0.031
53.020	-30.811	0.008
53.040	-30.414	0.039
53.060	-29.619	0.075
53.080	-28.346	0.104
53.100	-26.654	0.139
53.120	-24.602	0.167
53.140	-22.185	0.192
53.160	-19.430	0.220
53.180	-16.406	0.240
53.200	-13.183	0.254
53.220	-9.714	0.269
53.240	-6.115	0.274
53.260	-2.436	0.284
53.280	1.286	0.282
53.300	4.966	0.279
53.320	8.575	0.268
53.340	12.077	0.261
53.360	15.407	0.245
53.380	18.501	0.229
53.400	21.353	0.201
53.420	23.866	0.178
53.440	26.036	0.147
53.460	27.830	0.119
53.480	29.221	0.084
53.500	30.194	0.051
53.520	30.731	0.018
53.540	30.827	-0.018
53.560	30.500	-0.051
53.580	29.705	-0.084
53.600	28.502	-0.119
53.620	26.885	-0.152
53.640	24.903	-0.180
53.660	22.529	-0.208
53.680	19.897	-0.230
53.700	16.852	-0.256
53.720	13.608	-0.265
53.740	10.288	-0.285
53.760	6.647	-0.286
53.780	2.989	-0.299
53.800	-0.717	-0.296
53.820	-4.412	-0.294
53.840	-8.054	-0.285
53.860	-11.577	-0.272
53.880	-14.902	-0.260
53.900	-18.060	-0.235
53.920	-20.945	-0.215
53.940	-23.496	-0.188
53.960	-25.714	-0.162
53.980	-27.599	-0.133
54.000	-29.066	-0.100
54.020	-30.086	-0.066
54.040	-30.677	-0.036
54.060	-30.827	-0.000
54.080	-30.575	0.030
54.100	-29.871	0.066
54.120	-28.722	0.097
54.140	-27.154	0.134
54.160	-25.177	0.162
54.180	-22.857	0.191
54.200	-20.193	0.215
54.220	-17.244	0.243
54.240	-14.075	0.254
54.260	-10.659	0.276
54.280	-7.103	0.282
54.300	-3.435	0.289
54.320	0.271	0.282
54.340	3.972	0.282
54.360	7.624	0.278
54.380	11.153	0.269
54.400	14.542	0.261
54.420	17.700	0.236
54.440	20.612	0.217
54.460	23.233	0.189
54.480	25.489	0.162
54.500	27.401	0.133
54.520	28.883	0.098
54.540	29.990	0.069
54.560	30.623	0.036
54.580	30.854	-0.004
54.600	30.623	-0.031
54.620	29.968	-0.073
54.640	28.862	-0.100
54.660	27.347	-0.134
54.680	25.462	-0.164
54.700	23.168	-0.190
54.720	20.622	-0.217
54.740	17.641	-0.241
54.760	14.478	-0.254
54.780	11.094	-0.270
54.800	7.571	-0.278
54.820	3.929	-0.286
54.840	0.239	-0.287
54.860	-3.472	-0.284
54.880	-7.125	-0.274
54.900	-10.697	-0.265
54.920	-14.075	-0.249
54.940	-17.281	-0.232
54.960	-20.219	-0.212
54.980	-22.884	-0.187
55.000	-25.220	-0.158
55.020	-27.180	-0.132
55.040	-28.738	-0.096
55.060	-29.877	-0.070
55.080	-30.591	-0.033
55.100	-30.838	-0.003
55.120	-30.698	0.033
55.140	-30.135	0.062
55.160	-29.082	0.100
55.180	-27.626	0.132
55.200	-25.752	0.162
55.220	-23.523	0.192
55.240	-20.961	0.214
55.260	-18.060	0.244
55.280	-14.940	0.265
55.300	-11.588	0.277
55.320	-8.049	0.289
55.340	-4.412	0.293
55.360	-0.701	0.294
55.380	3.010	0.298
55.400	6.674	0.290
55.420	10.229	0.278
55.440	13.672	0.267
55.460	16.889	0.251
55.480	19.865	0.230
55.500	22.594	0.202
55.520	24.925	0.180
55.540	26.944	0.146
55.560	28.534	0.117
55.580	29.737	0.088
55.600	30.510	0.049
55.620	30.833	0.016
55.640	30.731	-0.022
55.660	30.183	-0.052
55.680	29.195	-0.086
55.700	27.787	-0.123
55.720	25.993	-0.153
55.740	23.823	-0.181
55.760	21.347	-0.205
55.780	18.436	-0.228
55.800	15.348	-0.249
55.820	12.002	-0.264
55.840	8.521	-0.274
55.860	4.917	-0.278
55.880	1.233	-0.290
55.900	-2.473	-0.281
55.920	-6.153	-0.282
55.940	-9.757	-0.272
55.960	-13.199	-0.254
55.980	-16.427	-0.241
56.000	-19.451	-0.218
56.020	-22.196	-0.195
56.040	-24.592	-0.164
56.060	-26.681	-0.139
56.080	-28.367	-0.105
56.100	-29.597	-0.075
56.120	-30.446	-0.038
56.140	-30.795	-0.014
56.160	-30.779	0.025
56.180	-30.296	0.057
56.200	-29.383	0.090
56.220	-28.018	0.123
56.240	-26.257	0.154
56.260	-24.130	0.182
56.280	-21.637	0.211
56.300	-18.828	0.233
56.320	-15.756	0.257
56.340	-12.458	0.265
56.360	-8.972	0.282
56.380	-5.444	0.286
56.400	-1.673	0.293
56.420	2.054	0.288
56.440	5.728	0.286
56.460	9.322	0.276
56.480	12.786	0.261
56.500	16.073	0.249
56.520	19.118	0.229
56.540	21.895	0.205
56.560	24.361	0.179
56.580	26.439	0.149
56.600	28.142	0.114
56.620	29.469	0.084
56.640	30.355	0.050
56.660	30.790	0.017
56.680	30.795	-0.021
56.700	30.371	-0.053
56.720	29.490	-0.087
56.740	28.201	-0.121
56.760	26.488	-0.154
56.780	24.490	-0.182
56.800	21.970	-0.215
56.820	19.215	-0.228
56.840	16.186	-0.257
56.860	12.904	-0.265
56.880	9.461	-0.286
56.900	5.884	-0.286
56.920	2.205	-0.303
56.940	-1.496	-0.293
56.960	-5.068	-0.293
56.980	-8.801	-0.282
57.000	-12.292	-0.272
57.020	-15.579	-0.253
57.040	-18.667	-0.230
57.060	-21.492	-0.212
57.080	-23.974	-0.184
57.100	-26.149	-0.158
57.120	-27.922	-0.127
57.140	-29.281	-0.096
57.160	-30.253	-0.059
57.180	-30.709	-0.034
57.200	-30.811	0.006
57.220	-30.446	0.034
57.240	-29.656	0.070
57.260	-28.421	0.104
57.280	-26.735	0.136
57.300	-24.715	0.166
57.320	-22.325	0.194
57.340	-19.602	0.218
57.360	-16.567	0.241
57.380	-13.361	0.255
57.400	-9.902	0.270
57.420	-6.330	0.278
57.440	-2.645	0.282
57.460	1.077	0.283
57.480	4.772	0.281
57.500	8.392	0.272
57.520	11.889	0.261
57.540	15.235	0.249
57.560	18.334	0.228
57.580	21.202	0.204
57.600	23.748	0.179
57.620	25.870	0.151
57.640	27.744	0.118
57.660	29.125	0.090
57.680	30.161	0.051
57.700	30.715	0.024
57.720	30.844	-0.015
57.740	30.527	-0.049
57.760	29.748	-0.084
57.780	28.577	-0.115
57.800	26.966	-0.148
57.820	25.016	-0.174
57.840	22.663	-0.206
57.860	19.978	-0.223
57.880	17.008	-0.251
57.900	13.796	-0.264
57.920	10.380	-0.282
57.940	6.926	-0.286
57.960	3.182	-0.299
57.980	-0.518	-0.296
58.000	-4.224	-0.292
58.020	-7.871	-0.279
58.040	-11.314	-0.273
58.060	-14.741	-0.256
58.080	-17.899	-0.235
58.100	-20.805	-0.216
58.120	-23.372	-0.191
58.140	-25.628	-0.158
58.160	-27.519	-0.132
58.180	-29.012	-0.100
58.200	-30.049	-0.070
58.220	-30.672	-0.033
58.240	-30.827	-0.003
58.260	-30.613	0.031
58.280	-29.947	0.066
58.300	-28.819	0.099
58.320	-27.261	0.134
58.340	-25.306	0.163
58.360	-23.082	0.190
58.380	-20.370	0.216
58.400	-17.437	0.243
58.420	-14.247	0.260
58.440	-10.842	0.274
58.460	-7.291	0.282
58.480	-3.634	0.292
58.500	-0.024	0.279
58.520	3.779	0.286
58.540	7.420	0.280
58.560	10.970	0.269
58.580	14.349	0.261
58.600	17.534	0.241
58.620	20.402	0.217
58.640	23.104	0.191
58.660	25.376	0.166
58.680	27.288	0.138
58.700	28.819	0.105
58.720	29.904	0.070
58.740	30.613	0.040
58.760	30.854	0.008
58.780	30.661	-0.028
58.800	30.016	-0.061
58.820	28.931	-0.096
58.840	27.411	-0.128
58.860	25.564	-0.161
58.880	23.302	-0.187
58.900	20.698	-0.212
58.920	17.797	-0.236
58.940	14.650	-0.249
58.960	11.298	-0.267
58.980	7.759	-0.274
59.000	4.133	-0.286
59.020	0.438	-0.282
59.040	-3.177	-0.281
59.060	-6.937	-0.274
59.080	-10.498	-0.264
59.100	-13.892	-0.251
59.120	-17.115	-0.232
59.140	-20.080	-0.210
59.160	-22.755	-0.186
59.180	-25.070	-0.158
59.200	-27.057	-0.131
59.220	-28.684	-0.096
59.240	-29.823	-0.068
59.260	-30.586	-0.034
59.280	-30.822	-0.004
59.300	-30.736	0.033
59.320	-30.156	0.069
59.340	-29.152	0.102
59.360	-27.734	0.132
59.380	-25.854	0.165
59.400	-23.652	0.190
59.420	-21.106	0.220
59.440	-18.238	0.244
59.460	-15.095	0.261
59.480	-11.765	0.279
59.500	-8.231	0.290
59.520	-4.590	0.296
59.540	-0.894	0.298
59.560	2.823	0.297
59.580	6.475	0.290
59.600	10.041	0.279
59.620	13.490	0.267
59.640	16.728	0.253
59.660	19.639	0.232
59.680	22.470	0.205
59.700	24.812	0.180
59.720	26.826	0.145
59.740	28.464	0.116
59.760	29.673	0.084
59.780	30.473	0.050
59.800	30.833	0.017
59.820	30.747	-0.018
59.840	30.253	-0.052
59.860	29.264	-0.543
59.880	27.906	-0.121
59.900	26.101	-0.154
59.920	23.947	-0.180
59.940	21.428	-0.204
59.960	18.673	-0.230
59.980	15.520	-0.250
60.000	12.190	-0.261
60.020	8.731	-0.274
60.040	5.116	-0.280
60.060	1.431	-0.287
60.080	-2.275	-0.286
60.100	-5.954	-0.281
60.120	-9.456	-0.270
60.140	-13.001	-0.257
60.160	-16.170	-0.240
60.180	-19.296	-0.218
60.200	-21.976	-0.199
60.220	-24.484	-0.169
60.240	-26.498	-0.143
60.260	-28.276	-0.112
60.280	-29.528	-0.084
60.300	-30.414	-0.049
60.320	-30.784	-0.021
60.340	-30.790	0.015
60.360	-30.323	0.050
60.380	-29.436	0.085
60.400	-28.088	0.115
60.420	-26.364	0.150
60.440	-24.269	0.177
60.460	-21.777	0.201
60.480	-18.990	0.228
60.500	-15.928	0.251
60.520	-12.657	0.261
60.540	-9.160	0.278
60.560	-5.642	0.284
60.580	-1.866	0.286
60.600	1.840	0.286
60.620	5.535	0.282
60.640	9.128	0.273
60.660	12.609	0.262
60.680	15.901	0.245
60.700	18.957	0.224
60.720	21.761	0.201
60.740	24.232	0.176
60.760	26.337	0.146
60.780	28.067	0.113
60.800	29.399	0.087
60.820	30.312	0.049
60.840	30.784	0.022
60.860	30.806	-0.018
60.880	30.408	-0.051
60.900	29.544	-0.087
60.920	28.281	-0.120
60.940	26.600	-0.155
60.960	24.559	-0.178
60.980	22.169	-0.216
61.000	19.382	-0.230
61.020	16.363	-0.257
61.040	13.097	-0.269
61.060	9.649	-0.288
61.080	6.072	-0.292
61.100	2.404	-0.301
61.120	-1.286	-0.299
61.140	-4.982	-0.291
61.160	-8.527	-0.286
61.180	-12.115	-0.272
61.200	-15.412	-0.259
61.220	-18.506	-0.236
61.240	-21.358	-0.216
61.260	-23.797	-0.186
61.280	-26.036	-0.162
61.300	-27.836	-0.130
61.320	-29.227	-0.101
61.340	-30.199	-0.066
61.360	-30.698	-0.038
61.380	-30.806	-0.003
61.400	-30.484	0.036
61.420	-29.705	0.068
61.440	-28.496	0.101
61.460	-26.853	0.133
61.480	-24.828	0.163
61.500	-22.475	0.193
61.520	-19.752	0.215
61.540	-16.755	0.240
61.560	-13.532	0.257
61.580	-10.095	0.270
61.600	-6.523	0.280
61.620	-2.833	0.282
61.640	0.873	0.282
61.660	4.573	0.284
61.680	8.102	0.275
61.700	11.717	0.265
61.720	15.052	0.250
61.740	18.184	0.232
61.760	21.057	0.211
61.780	23.560	0.178
61.800	25.816	0.157
61.820	27.605	0.120
61.840	29.103	0.091
61.860	30.113	0.053
61.880	30.698	0.029
61.900	30.844	-0.008
61.920	30.575	-0.043
61.940	29.812	-0.080
61.960	28.652	-0.110
61.980	27.084	-0.149
62.000	25.198	-0.172
62.020	22.792	-0.203
62.040	20.198	-0.219
62.060	17.174	-0.252
62.080	13.973	-0.258
62.100	10.584	-0.277
62.120	7.028	-0.281
62.140	3.381	-0.292
62.160	-0.320	-0.291
62.180	-4.031	-0.290
62.200	-7.673	-0.279
62.220	-11.223	-0.269
62.240	-14.585	-0.254
62.260	-17.749	-0.235
62.280	-20.579	-0.213
62.300	-23.249	-0.188
62.320	-25.467	-0.161
62.340	-27.438	-0.129
62.360	-28.948	-0.098
62.380	-30.022	-0.068
62.400	-30.666	-0.036
62.420	-30.838	-0.006
62.440	-30.639	0.031
62.460	-29.990	0.066
62.480	-28.905	0.102
62.500	-27.352	0.133
62.520	-25.435	0.165
62.540	-23.157	0.190
62.560	-20.536	0.223
62.580	-17.609	0.242
62.600	-14.429	0.266
62.620	-11.035	0.271
62.640	-7.490	0.283
62.660	-3.843	0.290
62.680	-0.126	0.292
62.700	3.585	0.288
62.720	7.227	0.286
62.740	10.777	0.274
62.760	14.182	0.264
62.780	17.373	0.244
62.800	20.305	0.220
62.820	22.975	0.197
62.840	25.268	0.166
62.860	27.213	0.137
62.880	28.738	0.107
62.900	29.887	0.073
62.920	30.586	0.041
62.940	30.844	0.008
62.960	30.677	-0.022
62.980	30.081	-0.062
63.000	29.007	-0.095
63.020	27.535	-0.127
63.040	25.687	-0.156
63.060	23.437	-0.187
63.080	20.848	-0.207
63.100	17.969	-0.232
63.120	14.907	-0.246
63.140	11.481	-0.265
63.160	7.963	-0.273
63.180	4.332	-0.283
63.200	0.636	-0.282
63.220	-3.080	-0.277
63.240	-6.711	-0.276
63.260	-10.294	-0.261
63.280	-13.715	-0.249
63.300	-16.863	-0.233
63.320	-19.913	-0.212
63.340	-22.529	-0.186
63.360	-24.962	-0.158
63.380	-26.923	-0.131
63.400	-28.593	-0.097
63.420	-29.759	-0.067
63.440	-30.532	-0.033
63.460	-30.833	-0.004
63.480	-30.736	0.035
63.500	-30.194	0.066
63.520	-29.211	0.099
63.540	-27.787	0.133
63.560	-25.977	0.165
63.580	-23.786	0.189
63.600	-21.245	0.218
63.620	-18.383	0.243
63.640	-15.273	0.259
63.660	-11.948	0.278
63.680	-8.425	0.288
63.700	-4.778	0.297
63.720	-1.104	0.298
63.740	2.602	0.298
63.760	6.292	0.292
63.780	9.859	0.276
63.800	13.312	0.266
63.820	16.562	0.251
63.840	19.559	0.232
63.860	22.330	0.208
63.880	24.704	0.178
63.900	26.745	0.148
63.920	28.378	0.119
63.940	29.603	0.083
63.960	30.446	0.052
63.980	30.833	0.013
64.000	30.758	-0.017
64.020	30.263	-0.052
64.040	29.318	-0.088
64.060	27.965	-0.120
64.080	26.208	-0.153
64.100	24.065	-0.181
64.120	21.632	-0.211
64.140	18.764	-0.225
64.160	15.692	-0.255
64.180	12.388	-0.261
64.200	8.913	-0.277
64.220	5.309	-0.282
64.240	1.641	-0.290
64.260	-2.076	-0.283
64.280	-5.734	-0.284
64.300	-9.348	-0.271
64.320	-12.802	-0.261
64.340	-16.078	-0.242
64.360	-19.129	-0.224
64.380	-21.911	-0.199
64.400	-24.280	-0.172
64.420	-26.434	-0.149
64.440	-28.131	-0.115
64.460	-29.485	-0.089
64.480	-30.371	-0.048
64.500	-30.774	-0.023
64.520	-30.801	0.018
64.540	-30.371	0.044
64.560	-29.479	0.083
64.580	-28.196	0.112
64.600	-26.461	0.142
64.620	-24.371	0.170
64.640	-21.976	0.199
64.660	-19.140	0.225
64.680	-16.100	0.244
64.700	-12.840	0.259
64.720	-9.343	0.272
64.740	-5.739	0.280
64.760	-2.054	0.285
64.780	1.646	0.284
64.800	5.320	0.280
64.820	8.940	0.273
64.840	12.426	0.261
64.860	15.729	0.245
64.880	18.796	0.224
64.900	21.616	0.203
64.920	24.108	0.173
64.940	26.230	0.149
64.960	27.986	0.110
64.980	29.340	0.086
65.000	30.269	0.045
65.020	30.768	0.019
65.040	30.822	-0.024
65.060	30.435	-0.053
65.080	29.597	-0.090
65.100	28.362	-0.121
65.120	26.692	-0.158
65.140	24.672	-0.182
65.160	22.277	-0.212
65.180	19.607	-0.228
65.200	16.540	-0.257
65.220	13.275	-0.266
65.240	9.928	-0.285
65.260	6.265	-0.292
65.280	2.613	-0.297
65.300	-1.088	-0.299
65.320	-4.794	-0.291
65.340	-8.425	-0.283
65.360	-11.921	-0.273
65.380	-15.240	-0.255
65.400	-18.350	-0.235
65.420	-21.213	-0.213
65.440	-23.738	-0.188
65.460	-25.918	-0.161
65.480	-27.750	-0.132
65.500	-29.157	-0.100
65.520	-30.172	-0.069
65.540	-30.688	-0.037
65.560	-30.838	-0.004
65.580	-30.510	0.033
65.600	-29.759	0.068
65.620	-28.572	0.104
65.640	-26.944	0.133
65.660	-24.951	0.162
65.680	-22.594	0.191
65.700	-19.908	0.216
65.720	-16.927	0.242
65.740	-13.806	0.257
65.760	-10.299	0.273
65.780	-6.722	0.278
65.800	-3.048	0.290
65.820	0.658	0.285
65.840	4.364	0.284
65.860	7.984	0.276
65.880	11.513	0.267
65.900	14.870	0.253
65.920	18.007	0.235
65.940	20.891	0.211
65.960	23.480	0.182
65.980	25.703	0.156
66.000	27.567	0.126
66.020	29.028	0.094
66.040	30.070	0.065
66.060	30.661	0.027
66.080	30.844	-0.007
66.100	30.586	-0.037
66.120	29.882	-0.075
66.140	28.722	-0.108
66.160	27.159	-0.138
66.180	25.252	-0.166
66.200	22.921	-0.198
66.220	20.273	-0.216
66.240	17.341	-0.241
66.260	14.231	-0.260
66.280	10.745	-0.270
66.300	7.297	-0.282
66.320	3.564	-0.285
66.340	-0.121	-0.294
66.360	-3.832	-0.288
66.380	-7.485	-0.279
66.400	-11.019	-0.265
66.420	-14.403	-0.257
66.440	-17.512	-0.233
66.460	-20.520	-0.212
66.480	-23.125	-0.190
66.500	-25.424	-0.158
66.520	-27.358	-0.133
66.540	-28.894	-0.100
66.560	-29.979	-0.069
66.580	-30.639	-0.038
66.600	-30.844	-0.002
66.620	-30.666	0.031
66.640	-30.038	0.069
66.660	-28.964	0.103
66.680	-27.444	0.134
66.700	-25.558	0.166
66.720	-23.297	0.195
66.740	-20.687	0.219
66.760	-17.765	0.241
66.780	-14.601	0.262
66.800	-11.223	0.277
66.820	-7.699	0.287
66.840	-4.036	0.294
66.860	-0.330	0.296
66.880	3.381	0.295
66.900	7.033	0.286
66.920	10.589	0.278
66.940	14.000	0.263
66.960	17.201	0.247
66.980	20.155	0.228
67.000	22.851	0.203
67.020	25.145	0.170
67.040	27.116	0.146
67.060	28.679	0.112
67.080	29.818	0.079
67.100	30.559	0.047
67.120	30.849	-0.478
67.140	30.698	-0.021
67.160	30.086	-0.054
67.180	29.066	-0.089
67.200	27.605	-0.124
67.220	25.805	-0.153
67.240	23.571	-0.182
67.260	21.004	-0.209
67.280	18.135	-0.229
67.300	15.026	-0.248
67.320	11.744	-0.262
67.340	8.156	-0.270
67.360	4.627	-0.282
67.380	0.846	-0.282
67.400	-2.769	-0.282
67.420	-6.523	-0.278
67.440	-10.116	-0.264
67.460	-13.527	-0.253
67.480	-16.766	-0.232
67.500	-19.747	-0.214
67.520	-22.454	-0.191
67.540	-24.839	-0.159
67.560	-26.847	-0.138
67.580	-28.496	-0.101
67.600	-29.721	-0.071
67.620	-30.473	-0.040
67.640	-30.838	-0.009
67.660	-30.741	0.030
67.680	-30.231	0.060
67.700	-29.291	0.099
67.720	-27.846	0.121
67.740	-26.069	0.158
67.760	-23.888	0.185
67.780	-21.396	0.214
67.800	-18.549	0.239
67.820	-15.434	0.256
67.840	-12.147	0.270
67.860	-8.613	0.289
67.880	-4.998	0.292
67.900	-1.286	0.293
67.920	2.414	0.291
67.940	6.099	0.286
67.960	9.665	0.274
67.980	13.119	0.265
68.000	16.395	0.248
68.020	19.408	0.230
68.040	22.169	0.207
68.060	24.581	0.168
68.080	26.638	0.146
68.100	28.260	0.111
68.120	29.581	0.087
68.140	30.414	0.046
68.160	30.822	0.020
68.180	30.774	-0.022
68.200	30.317	-0.051
68.220	29.372	-0.090
68.240	28.034	-0.122
68.260	26.316	-0.155
68.280	24.199	-0.181
68.300	21.697	-0.207
68.320	18.914	-0.229
68.340	15.874	-0.249
68.360	12.571	-0.268
68.380	9.101	-0.277
68.400	5.508	-0.290
68.420	1.834	-0.290
68.440	-1.866	-0.294
68.460	-5.540	-0.286
68.480	-9.177	-0.276
68.500	-12.625	-0.267
68.520	-15.890	-0.249
68.540	-18.973	-0.228
68.560	-21.691	-0.207
68.580	-24.226	-0.182
68.600	-26.283	-0.154
68.620	-28.094	-0.124
68.640	-29.415	-0.091
68.660	-30.323	-0.056
68.680	-30.747	-0.029
68.700	-30.801	0.009
68.720	-30.392	0.042
68.740	-29.549	0.075
68.760	-28.255	0.108
68.780	-26.557	0.141
68.800	-24.484	0.170
68.820	-22.073	0.195
68.840	-19.290	0.220
68.860	-16.261	0.245
68.880	-13.017	0.257
68.900	-9.542	0.270
68.920	-5.948	0.278
68.940	-2.259	0.286
68.960	1.448	0.282
68.980	5.132	0.280
69.000	8.736	0.268
69.020	12.157	0.261
69.040	15.552	0.243
69.060	18.630	0.226
69.080	21.476	0.202
69.100	23.985	0.172
69.120	26.122	0.147
69.140	27.906	0.115
69.160	29.286	0.083
69.180	30.231	0.050
69.200	30.741	0.017
69.220	30.833	-0.019
69.240	30.468	-0.054
69.260	29.662	-0.087
69.280	28.443	-0.121
69.300	26.804	-0.156
69.320	24.806	-0.182
69.340	22.475	-0.209
69.360	19.688	-0.228
69.380	16.782	-0.255
69.400	13.543	-0.273
69.420	10.036	-0.282
69.440	6.469	-0.293
69.460	2.806	-0.296
69.480	-0.900	-0.298
69.500	-4.584	-0.294
69.520	-8.231	-0.282
69.540	-11.733	-0.270
69.560	-15.052	-0.256
69.580	-18.195	-0.236
69.600	-21.057	-0.212
69.620	-23.609	-0.188
69.640	-25.827	-0.160
69.660	-27.669	-0.129
69.680	-29.109	-0.100
69.700	-30.129	-0.063
69.720	-30.672	-0.032
69.740	-30.811	0.004
69.760	-30.559	0.037
69.780	-29.818	0.071
69.800	-28.663	0.099
69.820	-27.062	0.137
69.840	-25.080	0.162
69.860	-22.749	0.195
69.880	-20.074	0.217
69.900	-17.110	0.246
69.920	-13.903	0.258
69.940	-10.498	0.275
69.960	-6.910	0.278
69.980	-3.252	0.286
70.000	0.459	0.286
70.020	4.165	0.287
70.040	7.785	0.278
70.060	11.330	0.270
70.080	14.693	0.253
70.100	17.840	0.237
70.120	20.746	0.208
70.140	23.345	0.190
70.160	25.601	0.160
70.180	27.470	0.128
70.200	28.953	0.098
70.220	30.022	0.063
70.240	30.661	0.033
70.260	30.849	0.001
70.280	30.613	-0.040
70.300	29.904	-0.076
70.320	28.797	-0.110
70.340	27.261	-0.139
70.360	25.360	-0.169
70.380	23.045	-0.195
70.400	20.493	-0.219
70.420	17.507	-0.241
70.440	14.317	-0.257
70.460	10.927	-0.272
70.480	7.404	-0.279
70.500	3.859	-0.286
70.520	0.067	-0.287
70.540	-3.650	-0.287
70.560	-7.291	-0.270
70.580	-10.858	-0.265
70.600	-14.231	-0.244
70.620	-17.410	-0.232
70.640	-20.370	-0.207
70.660	-23.007	-0.187
70.680	-25.301	-0.157
70.700	-27.266	-0.133
70.720	-28.797	-0.095
70.740	-29.936	-0.064
70.760	-30.596	-0.033
70.780	-30.854	0.001
70.800	-30.698	0.037
70.820	-30.075	0.070
70.840	-29.028	0.104
70.860	-27.546	0.137
70.880	-25.660	0.165
70.900	-23.415	0.196
70.920	-20.821	0.219
70.940	-17.921	0.250
70.960	-14.784	0.261
70.980	-11.416	0.281
71.000	-7.882	0.290
71.020	-4.240	0.298
71.040	-0.540	0.296
71.060	3.182	0.298
71.080	6.835	0.288
71.100	10.401	0.282
71.120	13.828	0.267
71.140	17.051	0.249
71.160	20.005	0.229
71.180	22.712	0.202
71.200	24.978	0.170
71.220	27.014	0.144
71.240	28.593	0.112
71.260	29.802	0.079
71.280	30.537	0.049
71.300	30.844	0.013
71.320	30.715	-0.021
71.340	30.145	-0.054
71.360	29.135	-0.088
71.380	27.718	-0.121
71.400	25.902	-0.153
71.420	23.716	-0.180
71.440	21.149	-0.209
71.460	18.313	-0.228
71.480	15.198	-0.250
71.500	11.846	-0.258
71.520	8.360	-0.277
71.540	4.735	-0.279
71.560	1.050	-0.290
71.580	-2.661	-0.282
71.600	-6.330	-0.278
71.620	-9.837	-0.265
71.640	-13.355	-0.256
71.660	-16.503	-0.235
71.680	-19.596	-0.217
71.700	-22.303	-0.192
71.720	-24.720	-0.162
71.740	-26.761	-0.138
71.760	-28.405	-0.106
71.780	-29.662	-0.075
71.800	-30.446	-0.039
71.820	-30.833	-0.013
71.840	-30.758	0.029
71.860	-30.263	0.058
71.880	-29.318	0.094
71.900	-27.954	0.123
71.920	-26.187	0.159
71.940	-24.006	0.183
71.960	-21.530	0.209
71.980	-18.699	0.236
72.000	-15.590	0.256
72.020	-12.313	0.269
72.040	-8.827	0.282
72.060	-5.186	0.289
72.080	-1.496	0.294
72.100	2.221	0.290
72.120	5.895	0.286
72.140	9.477	0.276
72.160	12.952	0.262
72.180	16.218	0.250
72.200	19.242	0.228
72.220	22.030	0.205
72.240	24.457	0.175
72.260	26.477	0.149
72.280	28.233	0.115
72.300	29.517	0.083
72.320	30.371	0.045
72.340	30.801	0.017
72.360	30.779	-0.020
72.380	30.333	-0.051
72.400	29.436	-0.088
72.420	28.126	-0.123
72.440	26.412	-0.156
72.460	24.323	-0.185
72.480	21.847	-0.210
72.500	19.145	-0.232
72.520	16.041	-0.256
72.540	12.834	-0.271
72.560	9.289	-0.279
72.580	5.707	-0.288
72.600	2.038	-0.300
72.620	-1.662	-0.298
72.640	-5.342	-0.293
72.660	-8.978	-0.286
72.680	-12.351	-0.271
72.700	-15.729	-0.253
72.720	-18.716	-0.228
72.740	-21.605	-0.214
72.760	-24.097	-0.182
72.780	-26.246	-0.157
72.800	-28.002	-0.128
72.820	-29.356	-0.095
72.840	-30.285	-0.061
72.860	-30.736	-0.028
72.880	-30.806	0.004
72.900	-30.435	0.039
72.920	-29.597	0.073
72.940	-28.330	0.103
72.960	-26.670	0.136
72.980	-24.618	0.166
73.000	-22.207	0.195
73.020	-19.451	0.215
73.040	-16.433	0.236
73.060	-13.194	0.253
73.080	-9.719	0.275
73.100	-6.136	0.278
73.120	-2.457	0.290
73.140	1.243	0.282
73.160	4.955	0.282
73.180	8.553	0.272
73.200	12.066	0.265
73.220	15.375	0.246
73.240	18.479	0.231
73.260	21.331	0.206
73.280	23.861	0.179
73.300	26.020	0.146
73.320	27.820	0.115
73.340	29.216	0.083
73.360	30.194	0.054
73.380	30.725	0.019
73.400	30.838	-0.015
73.420	30.516	-0.047
73.440	29.716	-0.087
73.460	28.518	-0.119
73.480	26.885	-0.153
73.500	24.978	-0.174
73.520	22.540	-0.210
73.540	19.833	-0.227
73.560	16.868	-0.257
73.580	13.640	-0.265
73.600	10.235	-0.284
73.620	6.663	-0.288
73.640	3.005	-0.295
73.660	-0.701	-0.298
73.680	-4.396	-0.291
73.700	-8.038	-0.286
73.720	-11.561	-0.270
73.740	-14.902	-0.260
73.760	-18.039	-0.231
73.780	-20.928	-0.218
73.800	-23.480	-0.182
73.820	-25.719	-0.165
73.840	-27.594	-0.127
73.860	-29.055	-0.101
73.880	-30.086	-0.063
73.900	-30.682	-0.033
73.920	-30.827	-0.001
73.940	-30.586	0.036
73.960	-29.887	0.066
73.980	-28.743	0.100
74.000	-27.170	0.132
74.020	-25.209	0.166
74.040	-22.900	0.191
74.060	-20.236	0.224
74.080	-17.281	0.238
74.100	-14.091	0.261
74.120	-10.691	0.269
74.140	-7.130	0.286
74.160	-3.456	0.287
74.180	0.244	0.293
74.200	3.950	0.282
74.220	7.576	0.282
74.240	11.132	0.267
74.260	14.521	0.261
74.280	17.674	0.237
74.300	20.590	0.216
74.320	23.222	0.186
74.340	25.472	0.162
74.360	27.390	0.128
74.380	28.883	0.099
74.400	29.979	0.066
74.420	30.629	0.035
74.440	30.854	0.002
74.460	30.634	-0.034
74.480	29.968	-0.071
74.500	28.872	-0.103
74.520	27.347	-0.135
74.540	25.467	-0.162
74.560	23.184	-0.192
74.580	20.563	-0.214
74.600	17.674	-0.238
74.620	14.499	-0.255
74.640	11.105	-0.270
74.660	7.689	-0.282
74.680	3.956	-0.287
74.700	0.255	-0.286
74.720	-3.456	-0.286
74.740	-7.103	-0.276
74.760	-10.578	-0.264
74.780	-14.053	-0.249
74.800	-17.179	-0.233
74.820	-20.219	-0.207
74.840	-22.862	-0.186
74.860	-25.177	-0.156
74.880	-27.143	-0.129
74.900	-28.722	-0.094
74.920	-29.877	-0.067
74.940	-30.613	-0.031
74.960	-30.822	-0.000
74.980	-30.725	0.038
75.000	-30.118	0.065
75.020	-29.087	0.107
75.040	-27.621	0.133
75.060	-25.757	0.166
75.080	-23.533	0.192
75.100	-20.966	0.223
75.120	-18.076	0.245
75.140	-14.945	0.266
75.160	-11.615	0.278
75.180	-8.081	0.286
75.200	-4.418	0.294
75.220	-0.733	0.299
75.240	2.994	0.294
75.260	6.647	0.289
75.280	10.224	0.279
75.300	13.651	0.266
75.320	16.868	0.251
75.340	19.854	0.231
75.360	22.588	0.202
75.380	24.919	0.176
75.400	26.923	0.145
75.420	28.529	0.112
75.440	29.737	0.079
75.460	30.510	0.050
75.480	30.827	0.014
75.500	30.731	-0.021
75.520	30.188	-0.051
75.540	29.200	-0.088
75.560	27.793	-0.122
75.580	26.058	-0.153
75.600	23.834	-0.182
75.620	21.299	-0.207
75.640	18.538	-0.228
75.660	15.375	-0.249
75.680	12.050	-0.260
75.700	8.559	-0.275
75.720	4.944	-0.280
75.740	1.249	-0.288
75.760	-2.457	-0.284
75.780	-6.136	-0.280
75.800	-9.735	-0.271
75.820	-13.156	-0.254
75.840	-16.411	-0.241
75.860	-19.355	-0.219
75.880	-22.169	-0.195
75.900	-24.581	-0.167
75.920	-26.665	-0.141
75.940	-28.324	-0.111
75.960	-29.592	-0.077
75.980	-30.425	-0.043
76.000	-30.801	-0.014
76.020	-30.779	0.025
76.040	-30.290	0.053
76.060	-29.383	0.087
76.080	-28.067	0.120
76.100	-26.283	0.153
76.120	-24.135	0.180
76.140	-21.670	0.211
76.160	-18.850	0.232
76.180	-15.778	0.253
76.200	-12.496	0.266
76.220	-8.999	0.279
76.240	-5.379	0.288
76.260	-1.673	0.291
76.280	2.022	0.286
76.300	5.707	0.281
76.320	9.284	0.271
76.340	12.764	0.261
76.360	16.052	0.246
76.380	19.097	0.225
76.400	21.895	0.204
76.420	24.344	0.174
76.440	26.434	0.147
76.460	28.131	0.108
76.480	29.452	0.083
76.500	30.333	0.044
76.520	30.790	-0.475
76.540	30.795	-0.025
76.560	30.371	-0.054
76.580	29.495	-0.090
76.600	28.206	-0.123
76.620	26.509	-0.155
76.640	24.511	-0.183
76.660	21.987	-0.211
76.680	19.242	-0.232
76.700	16.282	-0.258
76.720	12.936	-0.271
76.740	9.483	-0.284
76.760	5.900	-0.290
76.780	2.237	-0.296
76.800	-1.469	-0.299
76.820	-5.148	-0.289
76.840	-8.790	-0.283
76.860	-12.249	-0.270
76.880	-15.552	-0.254
76.900	-18.651	-0.233
76.920	-21.471	-0.215
76.940	-23.974	-0.183
76.960	-26.128	-0.161
76.980	-27.916	-0.127
77.000	-29.281	-0.095
77.020	-30.204	-0.061
77.040	-30.725	-0.029
77.060	-30.817	0.002
77.080	-30.451	0.035
77.100	-29.667	0.071
77.120	-28.405	0.104
77.140	-26.767	0.140
77.160	-24.731	0.167
77.180	-22.330	0.198
77.200	-19.607	0.218
77.220	-16.594	0.245
77.240	-13.436	0.260
77.260	-9.923	0.271
77.280	-6.330	0.281
77.300	-2.667	0.286
77.320	1.061	0.284
77.340	4.756	0.282
77.360	8.360	0.274
77.380	11.873	0.265
77.400	15.198	0.249
77.420	18.318	0.228
77.440	21.181	0.206
77.460	23.727	0.181
77.480	25.854	0.154
77.500	27.728	0.117
77.520	29.157	0.087
77.540	30.140	0.054
77.560	30.704	0.020
77.580	30.838	-0.017
77.600	30.521	-0.046
77.620	29.769	-0.082
77.640	28.588	-0.112
77.660	27.003	-0.146
77.680	25.043	-0.173
77.700	22.669	-0.207
77.720	19.994	-0.224
77.740	17.029	-0.253
77.760	13.817	-0.265
77.780	10.406	-0.282
77.800	6.856	-0.286
77.820	3.204	-0.298
77.840	-0.518	-0.293
77.860	-4.203	-0.290
77.880	-7.861	-0.277
77.900	-11.368	-0.270
77.920	-14.719	-0.249
77.940	-17.819	-0.235
77.960	-20.783	-0.209
77.980	-23.297	-0.186
78.000	-25.617	-0.160
78.020	-27.513	-0.131
78.040	-29.023	-0.100
78.060	-30.070	-0.064
78.080	-30.656	-0.033
78.100	-30.833	-0.000
78.120	-30.634	0.036
78.140	-29.952	0.070
78.160	-28.824	0.102
78.180	-27.261	0.136
78.200	-25.344	0.159
78.220	-23.034	0.195
78.240	-20.391	0.221
78.260	-17.459	0.245
78.280	-14.268	0.263
78.300	-10.874	0.278
78.320	-7.329	0.289
78.340	-3.660	0.293
78.360	-0.056	0.292
78.380	3.752	0.288
78.400	7.399	0.281
78.420	10.938	0.274
78.440	14.333	0.261
78.460	17.512	0.243
78.480	20.429	0.218
78.500	23.093	0.195
78.520	25.365	0.166
78.540	27.288	0.133
78.560	28.808	0.101
78.580	29.925	0.075
78.600	30.607	0.037
78.620	30.849	0.007
78.640	30.656	-0.030
78.660	30.016	-0.066
78.680	28.942	-0.097
78.700	27.465	-0.130
78.720	25.591	-0.159
78.740	23.319	-0.191
78.760	20.724	-0.207
78.780	17.829	-0.236
78.800	14.671	-0.249
78.820	11.303	-0.268
78.840	7.796	-0.272
78.860	4.155	-0.284
78.880	0.475	-0.283
78.900	-3.252	-0.282
78.920	-6.894	-0.274
78.940	-10.455	-0.264
78.960	-13.860	-0.247
78.980	-17.083	-0.232
79.000	-20.069	-0.212
79.020	-22.717	-0.184
79.040	-25.070	-0.156
79.060	-27.057	-0.130
79.080	-28.641	-0.099
79.100	-29.812	-0.069
79.120	-30.527	-0.032
79.140	-30.833	-0.002
79.160	-30.736	0.036
79.180	-30.177	0.067
79.200	-29.157	0.098
79.220	-27.723	0.136
79.240	-25.859	0.164
79.260	-23.657	0.191
79.280	-21.100	0.218
79.300	-18.243	0.238
79.320	-15.106	0.265
79.340	-11.792	0.281
79.360	-8.258	0.291
79.380	-4.616	0.296
79.400	-0.910	0.300
79.420	2.801	0.295
79.440	6.453	0.286
79.460	10.025	0.280
79.480	13.468	0.267
79.500	16.718	0.253
79.520	19.693	0.229
79.540	22.422	0.210
79.560	24.747	0.176
79.580	26.815	0.148
79.600	28.443	0.115
79.620	29.683	0.083
79.640	30.462	0.047
79.660	30.833	0.017
79.680	30.736	-0.021
79.700	30.210	-0.054
79.720	29.270	-0.091
79.740	27.889	-0.124
79.760	26.122	-0.153
79.780	23.963	-0.184
79.800	21.423	-0.208
79.820	18.630	-0.228
79.840	15.633	-0.249
79.860	12.222	-0.264
79.880	8.741	-0.272
79.900	5.143	-0.284
79.920	1.453	-0.290
79.940	-2.248	-0.286
79.960	-5.943	-0.279
79.980	-9.531	-0.273
80.000	-12.969	-0.256
80.020	-16.223	-0.243
80.040	-19.296	-0.222
80.060	-22.030	-0.197
80.080	-24.441	-0.170
80.100	-26.541	-0.147
80.120	-28.244	-0.114
80.140	-29.528	-0.079
80.160	-30.398	-0.049
80.180	-30.774	-0.016
80.200	-30.801	0.019
80.220	-30.333	0.050
80.240	-29.436	0.087
80.260	-28.099	0.116
80.280	-26.375	0.145
80.300	-24.264	0.175
80.320	-21.809	0.204
80.340	-19.016	0.232
80.360	-15.944	0.249
80.380	-12.689	0.264
80.400	-9.177	0.280
80.420	-5.573	0.286
80.440	-1.893	0.287
80.460	1.834	0.283
80.480	5.503	0.281
80.500	9.096	0.272
80.520	12.582	0.263
80.540	15.874	0.246
80.560	18.936	0.227
80.580	21.745	0.199
80.600	24.205	0.176
80.620	26.321	0.144
80.640	28.067	0.112
80.660	29.399	0.076
80.680	30.301	0.046
80.700	30.768	0.012
80.720	30.806	-0.023
80.740	30.414	-0.058
80.760	29.560	-0.089
80.780	28.292	-0.124
80.800	26.616	-0.156
80.820	24.570	-0.185
