0.000	27.650	-0.191
0.020	25.846	-0.210
0.040	23.644	-0.239
0.060	21.082	-0.251
0.080	18.235	-0.272
0.100	15.130	-0.279
0.120	11.800	-0.290
0.140	8.379	-0.296
0.160	4.678	-0.297
0.180	1.004	-0.289
0.200	-2.691	-0.284
0.220	-6.338	-0.267
0.240	-9.851	-0.253
0.260	-13.363	-0.234
0.280	-16.516	-0.212
0.300	-19.604	-0.184
0.320	-22.306	-0.155
0.340	-24.707	-0.126
0.360	-26.753	-0.099
0.380	-28.408	-0.061
0.400	-29.632	-0.033
0.420	-30.438	0.004
0.440	-30.809	0.035
0.460	-30.760	0.071
0.480	-30.282	0.104
0.500	-29.348	0.135
0.520	-27.983	0.160
0.540	-26.200	0.193
0.560	-24.068	0.217
0.580	-21.581	0.242
0.600	-18.761	0.254
0.620	-15.684	0.269
0.640	-12.488	0.270
0.660	-8.900	0.283
0.680	-5.285	0.278
0.700	-1.617	0.278
0.720	2.100	0.266
0.740	5.769	0.259
0.760	9.362	0.238
0.780	12.821	0.226
0.800	16.086	0.198
0.820	19.143	0.176
0.840	21.930	0.145
0.860	24.353	0.120
0.880	26.447	0.086
0.900	28.150	0.056
0.920	29.450	0.019
0.940	30.341	-0.016
0.960	30.792	-0.048
0.980	30.792	-0.082
1.000	30.363	-0.114
1.020	29.487	-0.146
1.040	28.204	-0.180
1.060	26.522	-0.205
1.080	24.449	-0.229
1.100	22.011	-0.247
1.120	19.320	-0.267
1.140	16.231	-0.281
1.160	12.960	-0.288
1.180	9.528	-0.291
1.200	5.940	-0.292
1.220	2.277	-0.289
1.240	-1.429	-0.281
1.260	-5.092	-0.268
1.280	-8.744	-0.255
1.300	-12.198	-0.237
1.320	-15.506	-0.217
1.340	-18.616	-0.190
1.360	-21.431	-0.164
1.380	-23.928	-0.132
1.400	-26.093	-0.102
1.420	-27.908	-0.070
1.440	-29.294	-0.036
1.460	-30.255	-0.001
1.480	-30.755	0.027
1.500	-30.835	0.067
1.520	-30.529	0.096
1.540	-29.756	0.132
1.560	-28.531	0.158
1.580	-26.904	0.189
1.600	-24.868	0.214
1.620	-22.580	0.248
1.640	-19.809	0.256
1.660	-16.817	0.271
1.680	-13.605	0.275
1.700	-10.151	0.286
1.720	-6.585	0.281
1.740	-2.917	0.286
1.760	0.790	0.278
1.780	4.479	0.270
1.800	8.100	0.253
1.820	11.607	0.240
1.840	14.980	0.219
1.860	18.090	0.196
1.880	20.969	0.168
1.900	23.552	0.139
1.920	25.749	0.109
1.940	27.586	0.075
1.960	29.042	0.043
1.980	30.067	0.007
2.000	30.680	-0.025
2.020	30.846	-0.060
2.040	30.567	-0.090
2.060	29.847	-0.125
2.080	28.698	-0.155
2.100	27.146	-0.186
2.120	25.223	-0.205
2.140	22.897	-0.232
2.160	20.238	-0.245
2.180	17.311	-0.267
2.200	14.110	-0.275
2.220	10.726	-0.280
2.240	7.197	-0.282
2.260	3.550	-0.281
2.280	-0.140	-0.274
2.300	-3.835	-0.267
2.320	-7.482	-0.248
2.340	-11.027	-0.238
2.360	-14.384	-0.214
2.380	-17.553	-0.190
2.400	-20.485	-0.163
2.420	-23.106	-0.135
2.440	-25.384	-0.103
2.460	-27.317	-0.076
2.480	-28.875	-0.043
2.500	-29.965	-0.007
2.520	-30.642	0.027
2.540	-30.868	0.059
2.560	-30.696	0.092
2.580	-30.062	0.124
2.600	-28.988	0.153
2.620	-27.495	0.189
2.640	-25.599	0.214
2.660	-23.375	0.239
2.680	-20.770	0.254
2.700	-17.864	0.269
2.720	-14.728	0.283
2.740	-11.365	0.288
2.760	-7.836	0.293
2.780	-4.195	0.290
2.800	-0.500	0.284
2.820	3.207	0.277
2.840	6.859	0.260
2.860	10.420	0.241
2.880	13.841	0.223
2.900	17.042	0.202
2.920	19.997	0.177
2.940	22.714	0.148
2.960	25.029	0.121
2.980	27.011	0.085
3.000	28.574	0.055
3.020	29.767	0.016
3.040	30.513	-0.015
3.060	30.835	-0.051
3.080	30.712	-0.083
3.100	30.137	-0.116
3.120	29.154	-0.151
3.140	27.715	-0.183
3.160	25.932	-0.205
3.180	23.815	-0.233
3.200	21.210	-0.245
3.220	18.375	-0.267
3.240	15.270	-0.276
3.260	12.015	-0.284
3.280	8.443	-0.288
3.300	4.850	-0.292
3.320	1.171	-0.288
3.340	-2.541	-0.277
3.360	-6.085	-0.263
3.380	-9.792	-0.248
3.400	-13.213	-0.228
3.420	-16.452	-0.210
3.440	-19.481	-0.180
3.460	-22.204	-0.151
3.480	-24.605	-0.124
3.500	-26.651	-0.096
3.520	-28.333	-0.063
3.540	-29.595	-0.032
3.560	-30.422	0.004
3.580	-30.798	0.032
3.600	-30.760	0.074
3.620	-30.314	0.098
3.640	-29.391	0.139
3.660	-28.048	0.160
3.680	-26.286	0.191
3.700	-24.175	0.211
3.720	-21.688	0.236
3.740	-18.896	0.254
3.760	-15.818	0.272
3.780	-12.558	0.276
3.800	-9.061	0.283
3.820	-5.452	0.281
3.840	-1.772	0.280
3.860	1.934	0.270
3.880	5.607	0.257
3.900	9.195	0.241
3.920	12.676	0.226
3.940	15.947	0.203
3.960	19.003	0.178
3.980	21.796	0.156
4.000	24.245	0.123
4.020	26.361	0.089
4.040	28.075	0.058
4.060	29.417	0.027
4.080	30.293	-0.012
4.100	30.755	-0.046
4.120	30.792	-0.084
4.140	30.395	-0.110
4.160	29.541	-0.153
4.180	28.268	-0.177
4.200	26.598	-0.208
4.220	24.562	-0.228
4.240	22.118	-0.254
4.260	19.384	-0.267
4.280	16.376	-0.282
4.300	13.105	-0.288
4.320	9.679	-0.299
4.340	6.112	-0.293
4.360	2.471	-0.296
4.380	-1.257	-0.286
4.400	-4.920	-0.274
4.420	-8.540	-0.262
4.440	-12.037	-0.240
4.460	-15.351	-0.222
4.480	-18.444	-0.192
4.500	-21.275	-0.170
4.520	-23.821	-0.138
4.540	-25.980	-0.109
4.560	-27.806	-0.076
4.580	-29.208	-0.046
4.600	-30.169	-0.010
4.620	-30.717	0.019
4.640	-30.841	0.060
4.660	-30.524	0.091
4.680	-29.756	0.127
4.700	-28.563	0.151
4.720	-26.941	0.183
4.740	-24.965	0.208
4.760	-22.596	0.237
4.780	-19.921	0.250
4.800	-16.914	0.266
4.820	-13.723	0.275
4.840	-10.312	0.284
4.860	-6.735	0.284
4.880	-3.056	0.283
4.900	0.645	0.273
4.920	4.238	0.268
4.940	7.960	0.251
4.960	11.483	0.237
4.980	14.830	0.211
5.000	17.966	0.189
5.020	20.851	0.164
5.040	23.434	0.133
5.060	25.658	0.103
5.080	27.521	0.070
5.100	28.999	0.037
5.120	30.041	0.001
5.140	30.664	-0.030
5.160	30.846	-0.065
5.180	30.583	-0.097
5.200	29.874	-0.130
5.220	28.762	-0.163
5.240	27.210	-0.192
5.260	25.303	-0.209
5.280	23.058	-0.238
5.300	20.356	-0.258
5.320	17.440	-0.274
5.340	14.260	-0.282
5.360	10.968	-0.289
5.380	7.348	-0.291
5.400	3.701	-0.288
5.420	0.021	-0.280
5.440	-3.674	-0.275
5.460	-7.240	-0.256
5.480	-10.871	-0.243
5.500	-14.244	-0.221
5.520	-17.435	-0.200
5.540	-20.378	-0.166
5.560	-23.010	-0.143
5.580	-25.303	-0.109
5.600	-27.258	-0.079
5.620	-28.816	-0.044
5.640	-29.944	-0.013
5.660	-30.631	0.023
5.680	-30.825	0.056
5.700	-30.712	0.090
5.720	-30.110	0.119
5.740	-29.074	0.152
5.760	-27.591	0.178
5.780	-25.717	0.210
5.800	-23.552	0.235
5.820	-20.910	0.254
5.840	-18.015	0.270
5.860	-14.867	0.282
5.880	-11.526	0.287
5.900	-8.008	0.288
5.920	-4.361	0.290
5.940	-0.661	0.286
5.960	3.040	0.278
5.980	6.703	0.266
6.000	10.248	0.249
6.020	13.680	0.230
6.040	16.897	0.206
6.060	19.868	0.182
6.080	22.591	0.150
6.100	24.922	0.122
6.120	26.931	0.093
6.140	28.521	0.057
6.160	29.729	0.019
6.180	30.497	-0.010
6.200	30.830	-0.045
6.220	30.717	-0.076
6.240	30.180	-0.112
6.260	29.197	-0.143
6.280	27.779	-0.176
6.300	26.018	-0.197
6.320	23.842	-0.224
6.340	21.377	-0.243
6.360	18.487	-0.256
6.380	15.410	-0.275
6.400	12.053	-0.279
6.420	8.701	-0.286
6.440	5.000	-0.284
6.460	1.316	-0.282
6.480	-2.379	-0.273
6.500	-6.053	-0.261
6.520	-9.561	-0.244
6.540	-13.095	-0.227
6.560	-16.333	-0.205
6.580	-19.379	-0.172
6.600	-22.097	-0.152
6.620	-24.524	-0.118
6.640	-26.598	-0.093
6.660	-28.279	-0.056
6.680	-29.573	-0.029
6.700	-30.406	0.012
6.720	-30.792	0.037
6.740	-30.787	0.081
6.760	-30.347	0.106
6.780	-29.471	0.143
6.800	-28.128	0.165
6.820	-26.388	0.197
6.840	-24.336	0.222
6.860	-21.823	0.246
6.880	-19.030	0.264
6.900	-15.979	0.275
6.920	-12.703	0.282
6.940	-9.228	0.291
6.960	-5.618	0.289
6.980	-1.944	0.284
7.000	1.772	0.278
7.020	5.436	0.264
7.040	9.034	0.248
7.060	12.525	0.230
7.080	15.807	0.208
7.100	18.869	0.186
7.120	21.683	0.160
7.140	24.159	0.129
7.160	26.270	0.099
7.180	28.010	0.060
7.200	29.364	0.029
7.220	30.282	-0.006
7.240	30.755	-0.037
7.260	30.809	-0.076
7.280	30.417	-0.104
7.300	29.584	-0.142
7.320	28.338	-0.173
7.340	26.678	-0.198
7.360	24.653	-0.226
7.380	22.226	-0.247
7.400	19.519	-0.262
7.420	16.591	-0.279
7.440	13.267	-0.284
7.460	9.840	-0.295
7.480	6.273	-0.290
7.500	2.610	-0.296
7.520	-1.080	-0.286
7.540	-4.764	-0.274
7.560	-8.395	-0.260
7.580	-11.886	-0.242
7.600	-15.200	-0.223
7.620	-18.315	-0.197
7.640	-21.184	-0.170
7.660	-23.697	-0.139
7.680	-25.894	-0.111
7.700	-27.742	-0.079
7.720	-29.160	-0.047
7.740	-30.148	-0.010
7.760	-30.685	0.019
7.780	-30.835	0.056
7.800	-30.519	0.087
7.820	-29.799	0.119
7.840	-28.639	0.148
7.860	-27.022	0.178
7.880	-25.045	0.203
7.900	-22.698	0.230
7.920	-20.018	0.247
7.940	-17.059	0.266
7.960	-13.857	0.269
7.980	-10.447	0.278
8.000	-6.864	0.276
8.020	-3.212	0.280
8.040	0.489	0.268
8.060	4.184	0.261
8.080	7.799	0.243
8.100	11.338	0.230
8.120	14.620	0.209
8.140	17.843	0.189
8.160	20.732	0.160
8.180	23.343	0.134
8.200	25.577	0.100
8.220	27.457	0.065
8.240	28.934	0.032
8.260	30.003	-0.002
8.280	30.647	-0.034
8.300	30.841	-0.068
8.320	30.599	-0.101
8.340	29.922	-0.133
8.360	28.821	-0.167
8.380	27.280	-0.198
8.400	25.400	-0.216
8.420	23.101	-0.244
8.440	20.491	-0.261
8.460	17.580	-0.276
8.480	14.405	-0.284
8.500	11.043	-0.293
8.520	7.525	-0.292
8.540	3.899	-0.298
8.560	0.204	-0.285
8.580	-3.497	-0.280
8.600	-7.160	-0.263
8.620	-10.699	-0.251
8.640	-14.078	-0.227
8.660	-17.284	-0.204
8.680	-20.217	-0.178
8.700	-22.811	-0.148
8.720	-25.169	-0.121
8.740	-27.140	-0.089
8.760	-28.735	-0.053
8.780	-29.863	-0.018
8.800	-30.588	0.009
8.820	-30.835	0.048
8.840	-30.701	0.083
8.860	-30.132	0.113
8.880	-29.084	0.141
8.900	-27.650	0.172
8.920	-25.781	0.199
8.940	-23.574	0.226
8.960	-21.017	0.253
8.980	-18.144	0.262
9.000	-15.007	0.274
9.020	-11.682	0.277
9.040	-8.159	0.285
9.060	-4.517	0.281
9.080	-0.816	0.276
9.100	2.874	0.270
9.120	6.537	0.259
9.140	10.092	0.239
9.160	13.541	0.226
9.180	16.758	0.200
9.200	19.733	0.177
9.220	22.473	0.148
9.240	24.771	0.119
9.260	26.855	0.088
9.280	28.456	0.052
9.300	29.686	0.018
9.320	30.465	-0.018
9.340	30.825	-0.048
9.360	30.733	-0.081
9.380	30.196	-0.112
9.400	29.256	-0.147
9.420	27.903	-0.176
9.440	26.098	-0.205
9.460	23.944	-0.221
9.480	21.431	-0.242
9.500	18.622	-0.261
9.520	15.619	-0.272
9.540	12.208	-0.283
9.560	8.750	-0.284
9.580	5.156	-0.284
9.600	1.472	-0.281
9.620	-2.229	-0.274
9.640	-5.903	-0.259
9.660	-9.507	-0.244
9.680	-12.955	-0.229
9.700	-16.210	-0.203
9.720	-19.234	-0.172
9.740	-22.016	-0.148
9.760	-24.444	-0.119
9.780	-26.528	-0.095
9.800	-28.236	-0.056
9.820	-29.514	-0.024
9.840	-30.422	0.010
9.860	-30.792	0.040
9.880	-30.825	0.078
9.900	-30.379	0.107
9.920	-29.520	0.143
9.940	-28.225	0.170
9.960	-26.496	0.202
9.980	-24.406	0.225
10.000	-21.957	0.251
10.020	-19.159	0.265
10.040	-16.140	0.280
10.060	-12.869	0.288
10.080	-9.389	0.293
10.100	-5.801	0.293
10.120	-2.105	0.289
10.140	1.584	0.284
10.160	5.280	0.271
10.180	8.868	0.254
10.200	12.364	0.238
10.220	15.657	0.217
10.240	18.734	0.191
10.260	21.554	0.164
10.280	24.057	0.132
10.300	26.179	0.106
10.320	27.940	0.069
10.340	29.310	0.037
10.360	30.239	-0.001
10.380	30.750	-0.030
10.400	30.814	-0.070
10.420	30.454	-0.100
10.440	29.627	-0.134
10.460	28.402	-0.168
10.480	26.748	-0.193
10.500	24.745	-0.218
10.520	22.344	-0.239
10.540	19.631	-0.255
10.560	16.650	-0.271
10.580	13.406	-0.279
10.600	9.979	-0.288
10.620	6.424	-0.291
10.640	2.771	-0.286
10.660	-0.924	-0.279
10.680	-4.608	-0.267
10.700	-8.229	-0.254
10.720	-11.757	-0.241
10.740	-15.066	-0.218
10.760	-18.181	-0.192
10.780	-21.065	-0.162
10.800	-23.606	-0.137
10.820	-25.824	-0.105
10.840	-27.677	-0.074
10.860	-29.117	-0.037
10.880	-30.126	-0.006
10.900	-30.690	0.021
10.920	-30.878	0.056
10.940	-30.572	0.090
10.960	-29.853	0.124
10.980	-28.698	0.149
11.000	-27.081	0.182
11.020	-25.137	0.206
11.040	-22.822	0.226
11.060	-20.217	0.246
11.080	-17.198	0.272
11.100	-14.008	0.276
11.120	-10.608	0.288
11.140	-7.047	0.284
11.160	-3.384	0.284
11.180	0.306	0.279
11.200	4.018	0.268
11.220	7.638	0.253
11.240	11.177	0.239
11.260	14.550	0.215
11.280	17.708	0.190
11.300	20.614	0.163
11.320	23.225	0.135
11.340	25.475	0.108
11.360	27.387	0.070
11.380	28.875	0.040
11.400	29.971	0.004
11.420	30.621	-0.029
11.440	30.841	-0.068
11.460	30.621	-0.097
11.480	29.949	-0.133
11.500	28.870	-0.167
11.520	27.366	-0.189
11.540	25.502	-0.220
11.560	23.219	-0.241
11.580	20.614	-0.261
11.600	17.714	-0.276
11.620	14.561	-0.288
11.640	11.209	-0.293
11.660	7.686	-0.297
11.680	4.050	-0.294
11.700	0.376	-0.295
11.720	-3.325	-0.282
11.740	-6.977	-0.267
11.760	-10.538	-0.251
11.780	-13.933	-0.233
11.800	-17.118	-0.210
11.820	-20.093	-0.180
11.840	-22.736	-0.156
11.860	-25.019	-0.122
11.880	-27.054	-0.095
11.900	-28.649	-0.059
11.920	-29.815	-0.026
11.940	-30.524	0.007
11.960	-30.825	0.036
11.980	-30.701	0.075
12.000	-30.153	0.104
12.020	-29.138	0.138
12.040	-27.688	0.166
12.060	-25.862	0.192
12.080	-23.654	0.218
12.100	-21.119	0.239
12.120	-18.246	0.255
12.140	-15.130	0.268
12.160	-11.811	0.276
12.180	-8.288	0.282
12.200	-4.657	0.279
12.220	-1.063	0.277
12.240	2.734	0.266
12.260	6.392	0.254
12.280	9.963	0.239
12.300	13.396	0.224
12.320	16.564	0.200
12.340	19.615	0.172
12.360	22.365	0.145
12.380	24.745	0.114
12.400	26.716	0.085
12.420	28.402	0.051
12.440	29.648	0.012
12.460	30.449	-0.022
12.480	30.819	-0.055
12.500	30.744	-0.085
12.520	30.255	-0.118
12.540	29.299	-0.151
12.560	27.951	-0.184
12.580	26.189	-0.203
12.600	24.057	-0.232
12.620	21.549	-0.250
12.640	18.745	-0.270
12.660	15.689	-0.279
12.680	12.380	-0.289
12.700	8.911	-0.292
12.720	5.312	-0.293
12.740	1.644	-0.288
12.760	-2.073	-0.279
12.780	-5.736	-0.269
12.800	-9.330	-0.253
12.820	-12.778	-0.233
12.840	-16.070	-0.210
12.860	-19.116	-0.184
12.880	-21.887	-0.160
12.900	-24.347	-0.127
12.920	-26.431	-0.100
12.940	-28.177	-0.065
12.960	-29.487	-0.035
12.980	-30.363	0.002
13.000	-30.787	0.031
13.020	-30.803	0.073
13.040	-30.443	0.100
13.060	-29.584	0.133
13.080	-28.284	0.165
13.100	-26.582	0.193
13.120	-24.492	0.213
13.140	-22.081	0.249
13.160	-19.320	0.259
13.180	-16.285	0.270
13.200	-13.030	0.278
13.220	-9.555	0.288
13.240	-5.978	0.288
13.260	-2.277	0.284
13.280	1.423	0.276
13.300	5.108	0.271
13.320	8.717	0.258
13.340	12.128	0.243
13.360	15.522	0.217
13.380	18.530	0.193
13.400	21.441	0.165
13.420	23.944	0.135
13.440	26.093	0.106
13.460	27.881	0.069
13.480	29.267	0.037
13.500	30.223	0.002
13.520	30.733	-0.031
13.540	30.819	-0.067
13.560	30.465	-0.094
13.580	29.665	-0.130
13.600	28.461	-0.163
13.620	26.829	-0.188
13.640	24.852	-0.217
13.660	22.467	-0.236
13.680	19.760	-0.252
13.700	16.790	-0.267
13.720	13.546	-0.277
13.740	10.130	-0.279
13.760	6.585	-0.286
13.780	3.008	-0.281
13.800	-0.773	-0.275
13.820	-4.474	-0.263
13.840	-8.094	-0.246
13.860	-11.618	-0.234
13.880	-14.948	-0.213
13.900	-18.090	-0.184
13.920	-20.953	-0.159
13.940	-23.520	-0.130
13.960	-25.744	-0.102
13.980	-27.624	-0.067
14.000	-29.074	-0.035
14.020	-30.105	-0.001
14.040	-30.701	0.024
14.060	-30.868	0.063
14.080	-30.588	0.098
14.100	-29.896	0.131
14.120	-28.789	0.158
14.140	-27.188	0.186
14.160	-25.244	0.211
14.180	-22.935	0.242
14.200	-20.292	0.255
14.220	-17.343	0.277
14.240	-14.169	0.282
14.260	-10.791	0.292
14.280	-7.224	0.290
14.300	-3.561	0.293
14.320	0.145	0.285
14.340	3.846	0.277
14.360	7.487	0.259
14.380	11.021	0.243
14.400	14.395	0.222
14.420	17.563	0.202
14.440	20.480	0.171
14.460	23.074	0.145
14.480	25.395	0.114
14.500	27.301	0.080
14.520	28.816	0.048
14.540	29.928	0.011
14.560	30.610	-0.019
14.580	30.846	-0.059
14.600	30.647	-0.089
14.620	30.008	-0.124
14.640	28.934	-0.151
14.660	27.462	-0.183
14.680	25.642	-0.204
14.700	23.337	-0.238
14.720	20.727	-0.248
14.740	17.854	-0.271
14.760	14.787	-0.279
14.780	11.338	-0.288
14.800	7.842	-0.290
14.820	4.206	-0.294
14.840	0.537	-0.286
14.860	-3.072	-0.279
14.880	-6.832	-0.263
14.900	-10.388	-0.247
14.920	-13.777	-0.226
14.940	-16.994	-0.205
14.960	-19.970	-0.177
14.980	-22.628	-0.151
15.000	-24.986	-0.120
15.020	-26.968	-0.092
15.040	-28.617	-0.057
15.060	-29.761	-0.026
15.080	-30.529	0.006
15.100	-30.830	0.039
15.120	-30.728	0.073
15.140	-30.169	0.106
15.160	-29.192	0.143
15.180	-27.758	0.164
15.200	-25.937	0.194
15.220	-23.756	0.218
15.240	-21.221	0.247
15.260	-18.375	0.258
15.280	-15.275	0.268
15.300	-11.951	0.272
15.320	-8.443	0.284
15.340	-4.823	0.278
15.360	-1.139	0.279
15.380	2.573	0.267
15.400	6.225	0.257
15.420	9.792	0.241
15.440	13.261	0.225
15.460	16.489	0.197
15.480	19.492	0.175
15.500	22.269	0.142
15.520	24.637	0.118
15.540	26.673	0.082
15.560	28.343	0.052
15.580	29.589	0.010
15.600	30.417	-0.018
15.620	30.798	-0.054
15.640	30.760	-0.084
15.660	30.271	-0.118
15.680	29.348	-0.153
15.700	28.010	-0.185
15.720	26.270	-0.209
15.740	24.218	-0.232
15.760	21.672	-0.259
15.780	18.885	-0.267
15.800	15.909	-0.291
15.820	12.531	-0.288
15.840	9.077	-0.308
15.860	5.489	-0.293
15.880	1.917	-0.302
15.900	-1.875	-0.284
15.920	-5.468	-0.279
15.940	-9.185	-0.259
15.960	-12.622	-0.242
15.980	-15.893	-0.221
16.000	-18.971	-0.192
16.020	-21.748	-0.170
16.040	-24.181	-0.134
16.060	-26.329	-0.109
16.080	-28.080	-0.073
16.100	-29.396	-0.047
16.120	-30.298	-0.005
16.140	-30.755	0.023
16.160	-30.809	0.068
16.180	-30.411	0.088
16.200	-29.573	0.130
16.220	-28.311	0.151
16.240	-26.630	0.189
16.260	-24.562	0.206
16.280	-22.150	0.233
16.300	-19.400	0.254
16.320	-16.376	0.270
16.340	-13.154	0.276
16.360	-9.689	0.289
16.380	-6.102	0.280
16.400	-2.433	0.284
16.420	1.289	0.275
16.440	4.958	0.266
16.460	8.556	0.251
16.480	12.063	0.240
16.500	15.383	0.210
16.520	18.471	0.192
16.540	21.329	0.164
16.560	23.858	0.130
16.580	26.018	0.102
16.600	27.806	0.068
16.620	29.213	0.033
16.640	30.186	-0.003
16.660	30.717	-0.035
16.680	30.825	-0.064
16.700	30.502	-0.100
16.720	29.740	-0.136
16.740	28.531	-0.168
16.760	26.909	-0.195
16.780	24.938	-0.215
16.800	22.564	-0.239
16.820	19.943	-0.259
16.840	16.914	-0.280
16.860	13.686	-0.280
16.880	10.296	-0.291
16.900	6.816	-0.288
16.920	3.078	-0.293
16.940	-0.607	-0.279
16.960	-4.308	-0.273
16.980	-7.960	-0.255
17.000	-11.478	-0.238
17.020	-14.797	-0.218
17.040	-17.956	-0.194
17.060	-20.840	-0.167
17.080	-23.359	-0.134
17.100	-25.668	-0.111
17.120	-27.527	-0.085
17.140	-29.031	-0.047
17.160	-30.094	-0.012
17.180	-30.690	0.019
17.200	-30.846	0.060
17.220	-30.637	0.088
17.240	-29.965	0.127
17.260	-28.843	0.155
17.280	-27.307	0.185
17.300	-25.352	0.210
17.320	-23.080	0.236
17.340	-20.432	0.257
17.360	-17.499	0.275
17.380	-14.330	0.283
17.400	-10.919	0.292
17.420	-7.385	0.292
17.440	-3.728	0.291
17.460	-0.032	0.285
17.480	3.668	0.277
17.500	7.321	0.262
17.520	10.855	0.249
17.540	14.250	0.227
17.560	17.435	0.206
17.580	20.351	0.181
17.600	23.021	0.149
17.620	25.287	0.123
17.640	27.215	0.086
17.660	28.751	0.053
17.680	29.885	0.017
17.700	30.578	-0.014
17.720	30.846	-0.048
17.740	30.664	-0.080
17.760	30.035	-0.114
17.780	28.982	-0.148
17.800	27.527	-0.180
17.820	25.674	-0.201
17.840	23.434	-0.231
17.860	20.851	-0.242
17.880	18.058	-0.267
17.900	14.846	-0.275
17.920	11.478	-0.283
17.940	8.078	-0.285
17.960	4.351	-0.284
17.980	0.687	-0.279
18.000	-3.008	-0.273
18.020	-6.676	-0.257
18.040	-10.259	-0.240
18.060	-13.562	-0.222
18.080	-16.892	-0.201
18.100	-19.846	-0.172
18.120	-22.532	-0.143
18.140	-24.917	-0.114
18.160	-26.931	-0.089
18.180	-28.563	-0.049
18.200	-29.740	-0.020
18.220	-30.524	0.012
18.240	-30.830	0.039
18.260	-30.782	0.080
18.280	-30.229	0.111
18.300	-29.267	0.146
18.320	-27.860	0.173
18.340	-26.044	0.200
18.360	-23.896	0.224
18.380	-21.366	0.248
18.400	-18.520	0.264
18.420	-15.501	0.280
18.440	-12.117	0.285
18.460	-8.685	0.293
18.480	-4.995	0.287
18.500	-1.300	0.288
18.520	2.385	0.274
18.540	6.080	0.262
18.560	9.641	0.247
18.580	13.100	0.233
18.600	16.274	0.204
18.620	19.379	0.184
18.640	22.081	0.156
18.660	24.546	0.127
18.680	26.598	0.091
18.700	28.230	0.059
18.720	29.557	0.021
18.740	30.395	-0.010
18.760	30.809	-0.043
18.780	30.776	-0.077
18.800	30.304	-0.113
18.820	29.407	-0.147
18.840	28.075	-0.180
18.860	26.356	-0.202
18.880	24.267	-0.228
18.900	21.801	-0.249
18.920	19.024	-0.266
18.940	15.968	-0.284
18.960	12.687	-0.288
18.980	9.238	-0.294
19.000	5.645	-0.295
19.020	1.977	-0.295
19.040	-1.627	-0.290
19.060	-5.414	-0.274
19.080	-9.013	-0.263
19.100	-12.461	-0.242
19.120	-15.775	-0.221
19.140	-18.842	-0.192
19.160	-21.629	-0.167
19.180	-24.095	-0.132
19.200	-26.243	-0.107
19.220	-28.005	-0.076
19.240	-29.348	-0.047
19.260	-30.288	-0.008
19.280	-30.755	0.016
19.300	-30.825	0.060
19.320	-30.449	0.087
19.340	-29.632	0.126
19.360	-28.381	0.148
19.380	-26.705	0.183
19.400	-24.669	0.201
19.420	-22.263	0.229
19.440	-19.529	0.250
19.460	-16.532	0.269
19.480	-13.288	0.276
19.500	-9.920	0.280
19.520	-6.257	0.277
19.540	-2.664	0.279
19.560	1.123	0.269
19.580	4.721	0.261
19.600	8.422	0.246
19.620	11.849	0.230
19.640	15.254	0.209
19.660	18.348	0.185
19.680	21.210	0.159
19.700	23.756	0.127
19.720	25.921	0.097
19.740	27.736	0.062
19.760	29.122	0.034
19.780	30.143	-0.006
19.800	30.707	-0.037
19.820	30.835	-0.076
19.840	30.529	-0.102
19.860	29.756	-0.140
19.880	28.590	-0.171
19.900	26.995	-0.199
19.920	25.035	-0.224
19.940	22.730	-0.247
19.960	20.013	-0.262
19.980	17.059	-0.279
20.000	13.841	-0.287
20.020	10.447	-0.292
20.040	6.902	-0.296
20.060	3.260	-0.291
20.080	-0.440	-0.287
20.100	-4.120	-0.275
20.120	-7.767	-0.267
20.140	-11.295	-0.246
20.160	-14.625	-0.227
20.180	-17.784	-0.200
20.200	-20.625	-0.175
20.220	-23.273	-0.144
20.240	-25.534	-0.117
20.260	-27.441	-0.090
20.280	-28.945	-0.054
20.300	-30.019	-0.020
20.320	-30.653	0.015
20.340	-30.841	0.048
20.360	-30.631	0.085
20.380	-29.976	0.118
20.400	-28.859	0.148
20.420	-27.355	0.174
20.440	-25.432	0.208
20.460	-23.144	0.228
20.480	-20.534	0.255
20.500	-17.606	0.264
20.520	-14.454	0.280
20.540	-11.070	0.281
20.560	-7.520	0.284
20.580	-3.878	0.281
20.600	-0.167	0.281
20.620	3.518	0.268
20.640	7.176	0.258
20.660	10.699	0.242
20.680	14.110	0.223
20.700	17.306	0.197
20.720	20.238	0.177
20.740	22.913	0.142
20.760	25.207	0.113
20.780	27.140	0.081
20.800	28.671	0.052
20.820	29.853	0.014
20.840	30.567	-0.018
20.860	30.852	-0.049
20.880	30.685	-0.085
20.900	30.073	-0.118
20.920	29.042	-0.150
20.940	27.591	-0.181
20.960	25.771	-0.205
20.980	23.601	-0.228
21.000	20.969	-0.246
21.020	18.111	-0.266
21.040	14.985	-0.277
21.060	11.730	-0.284
21.080	8.143	-0.286
21.100	4.635	-0.287
21.120	0.859	-0.279
21.140	-2.852	-0.275
21.160	-6.521	-0.256
21.180	-10.098	-0.244
21.200	-13.508	-0.221
21.220	-16.726	-0.202
21.240	-19.728	-0.171
21.260	-22.424	-0.146
21.280	-24.798	-0.114
21.300	-26.845	-0.089
21.320	-28.440	-0.056
21.340	-29.691	-0.027
21.360	-30.492	0.015
21.380	-30.819	0.039
21.400	-30.739	0.080
21.420	-30.250	0.113
21.440	-29.315	0.148
21.460	-27.914	0.173
21.480	-26.152	0.203
21.500	-23.987	0.226
21.520	-21.474	0.253
21.540	-18.643	0.264
21.560	-15.587	0.281
21.580	-12.273	0.284
21.600	-8.782	0.293
21.620	-5.172	0.289
21.640	-1.461	0.288
21.660	2.240	0.280
21.680	5.903	0.271
21.700	9.496	0.251
21.720	12.960	0.235
21.740	16.221	0.214
21.760	19.234	0.191
21.780	22.016	0.161
21.800	24.444	0.132
21.820	26.517	0.098
21.840	28.209	0.067
21.860	29.498	0.031
21.880	30.357	-0.006
21.900	30.803	-0.035
21.920	30.782	-0.073
21.940	30.347	-0.101
21.960	29.444	-0.135
21.980	28.139	-0.171
22.000	26.437	-0.194
22.020	24.369	-0.217
22.040	21.893	-0.242
22.060	19.137	-0.255
22.080	16.188	-0.275
22.100	12.826	-0.280
22.120	9.389	-0.286
22.140	5.790	-0.287
22.160	2.234	-0.285
22.180	-1.563	-0.276
22.200	-5.237	-0.263
22.220	-8.846	-0.254
22.240	-12.343	-0.230
22.260	-15.522	-0.209
22.280	-18.718	-0.184
22.300	-21.527	-0.158
22.320	-24.025	-0.126
22.340	-26.163	-0.103
22.360	-27.951	-0.068
22.380	-29.315	-0.041
22.400	-30.218	-0.003
22.420	-30.744	0.027
22.440	-30.841	0.066
22.460	-30.470	0.096
22.480	-29.665	0.130
22.500	-28.467	0.156
22.520	-26.823	0.189
22.540	-24.782	0.209
22.560	-22.381	0.243
22.580	-19.669	0.253
22.600	-16.656	0.270
22.620	-13.428	0.280
22.640	-10.001	0.289
22.660	-6.413	0.282
22.680	-2.750	0.285
22.700	0.967	0.276
22.720	4.641	0.265
22.740	8.250	0.247
22.760	11.779	0.237
22.780	15.114	0.213
22.800	18.219	0.190
22.820	21.087	0.165
22.840	23.584	0.131
22.860	25.830	0.102
22.880	27.661	0.069
22.900	29.106	0.036
22.920	30.110	-0.002
22.940	30.696	-0.031
22.960	30.841	-0.074
22.980	30.551	-0.102
23.000	29.804	-0.138
23.020	28.660	-0.171
23.040	27.076	-0.197
23.060	25.137	-0.222
23.080	22.790	-0.246
23.100	20.136	-0.263
23.120	17.279	-0.280
23.140	13.986	-0.293
23.160	10.688	-0.298
23.180	7.063	-0.303
23.200	3.529	-0.296
23.220	-0.269	-0.295
23.240	-3.953	-0.283
23.260	-7.600	-0.270
23.280	-11.150	-0.253
23.300	-14.480	-0.231
23.320	-17.580	-0.205
23.340	-20.577	-0.181
23.360	-23.166	-0.151
23.380	-25.384	-0.120
23.400	-27.366	-0.093
23.420	-28.886	-0.060
23.440	-29.960	-0.026
23.460	-30.615	0.007
23.480	-30.841	0.041
23.500	-30.637	0.077
23.520	-30.003	0.109
23.540	-28.923	0.139
23.560	-27.398	0.164
23.580	-25.518	0.194
23.600	-23.241	0.214
23.620	-20.641	0.240
23.640	-17.730	0.261
23.660	-14.577	0.270
23.680	-11.215	0.279
23.700	-7.665	0.279
23.720	-4.028	0.278
23.740	-0.338	0.276
23.760	3.373	0.268
23.780	7.025	0.255
23.800	10.565	0.239
23.820	13.970	0.220
23.840	17.166	0.197
23.860	20.115	0.170
23.880	22.806	0.144
23.900	25.104	0.110
23.920	27.076	0.080
23.940	28.633	0.048
23.960	29.793	0.013
23.980	30.545	-0.022
24.000	30.846	-0.056
24.020	30.690	-0.087
24.040	30.121	-0.126
24.060	29.095	-0.157
24.080	27.656	-0.187
24.100	25.840	-0.209
24.120	23.649	-0.235
24.140	21.082	-0.256
24.160	18.246	-0.270
24.180	15.136	-0.284
24.200	11.800	-0.290
24.220	8.309	-0.293
24.240	4.705	-0.293
24.260	1.015	-0.289
24.280	-2.675	-0.280
24.300	-6.354	-0.265
24.320	-9.834	-0.252
24.340	-13.363	-0.230
24.360	-16.597	-0.210
24.380	-19.588	-0.182
24.400	-22.312	-0.155
24.420	-24.702	-0.125
24.440	-26.705	-0.097
24.460	-28.424	-0.066
24.480	-29.648	-0.028
24.500	-30.459	0.002
24.520	-30.798	0.035
24.540	-30.776	0.073
24.560	-30.293	0.102
24.580	-29.353	0.138
24.600	-27.994	0.166
24.620	-26.222	0.194
24.640	-24.084	0.214
24.660	-21.603	0.246
24.680	-18.788	0.259
24.700	-15.700	0.272
24.720	-12.423	0.276
24.740	-8.932	0.287
24.760	-5.323	0.285
24.780	-1.622	0.286
24.800	2.084	0.274
24.820	5.758	0.269
24.840	9.238	0.250
24.860	12.810	0.235
24.880	15.995	0.211
24.900	19.100	0.189
24.920	21.898	0.164
24.940	24.299	0.128
24.960	26.437	0.098
24.980	28.134	0.065
25.000	29.450	0.033
25.020	30.331	-0.003
25.040	30.776	-0.034
25.060	30.792	-0.069
25.080	30.368	-0.099
25.100	29.498	-0.138
25.120	28.204	-0.165
25.140	26.528	-0.194
25.160	24.465	-0.218
25.180	22.016	-0.242
25.200	19.255	-0.250
25.220	16.237	-0.271
25.240	12.977	-0.276
25.260	9.534	-0.284
25.280	5.962	-0.284
25.300	2.390	-0.283
25.320	-1.402	-0.276
25.340	-5.097	-0.265
25.360	-8.707	-0.246
25.380	-12.096	-0.229
25.400	-15.479	-0.210
25.420	-18.573	-0.180
25.440	-21.404	-0.157
25.460	-23.907	-0.124
25.480	-26.082	-0.099
25.500	-27.876	-0.063
25.520	-29.251	-0.037
25.540	-30.250	0.002
25.560	-30.723	0.032
25.580	-30.857	0.070
25.600	-30.476	0.104
25.620	-29.724	0.133
25.640	-28.515	0.163
25.660	-26.920	0.192
25.680	-24.874	0.215
25.700	-22.505	0.243
25.720	-19.792	0.259
25.740	-16.790	0.274
25.760	-13.600	0.283
25.780	-10.157	0.290
25.800	-6.580	0.292
25.820	-2.911	0.288
25.840	0.784	0.284
25.860	4.485	0.274
25.880	8.100	0.259
25.900	11.612	0.243
25.920	14.975	0.223
25.940	18.084	0.198
25.960	20.958	0.174
25.980	23.536	0.140
26.000	25.754	0.114
26.020	27.586	0.074
26.040	29.042	0.045
26.060	30.073	0.004
26.080	30.680	-0.026
26.100	30.841	-0.064
26.120	30.572	-0.092
26.140	29.853	-0.123
26.160	28.708	-0.158
26.180	27.146	-0.187
26.200	25.223	-0.213
26.220	22.908	-0.238
26.240	20.260	-0.255
26.260	17.338	-0.268
26.280	14.142	-0.283
26.300	10.742	-0.285
26.320	7.213	-0.291
26.340	3.588	-0.288
26.360	-0.107	-0.284
26.380	-3.797	-0.275
26.400	-7.434	-0.259
26.420	-10.979	-0.246
26.440	-14.346	-0.221
26.460	-17.429	-0.201
26.480	-20.448	-0.170
26.500	-23.063	-0.143
26.520	-25.346	-0.113
26.540	-27.274	-0.084
26.560	-28.821	-0.050
26.580	-29.933	-0.018
26.600	-30.599	0.017
26.620	-30.852	0.046
26.640	-30.642	0.082
26.660	-30.051	0.113
26.680	-28.982	0.143
26.700	-27.473	0.170
26.720	-25.593	0.197
26.740	-23.348	0.221
26.760	-20.759	0.245
26.780	-17.854	0.260
26.800	-14.722	0.272
26.820	-11.435	0.276
26.840	-7.831	0.283
26.860	-4.265	0.281
26.880	-0.489	0.279
26.900	3.212	0.265
26.920	6.859	0.252
26.940	10.425	0.239
26.960	13.841	0.218
26.980	17.037	0.197
27.000	19.997	0.170
27.020	22.709	0.143
27.040	25.008	0.114
27.060	27.006	0.077
27.080	28.580	0.044
27.100	29.772	0.011
27.120	30.502	-0.027
27.140	30.841	-0.056
27.160	30.712	-0.092
27.180	30.137	-0.122
27.200	29.149	-0.162
27.220	27.726	-0.192
27.240	25.942	-0.215
27.260	23.756	-0.235
27.280	21.216	-0.258
27.300	18.380	-0.272
27.320	15.281	-0.546
27.340	12.037	-0.294
27.360	8.465	-0.296
27.380	4.866	-0.300
27.400	1.187	-0.296
27.420	-2.514	-0.285
27.440	-6.161	-0.269
27.460	-9.781	-0.257
27.480	-13.202	-0.238
27.500	-16.425	-0.217
27.520	-19.459	-0.185
27.540	-22.177	-0.161
27.560	-24.589	-0.128
27.580	-26.662	-0.101
27.600	-28.322	-0.067
27.620	-29.579	-0.040
27.640	-30.406	-0.001
27.660	-30.787	0.027
27.680	-30.760	0.069
27.700	-30.304	0.098
27.720	-29.391	0.134
27.740	-28.048	0.159
27.760	-26.281	0.193
27.780	-24.175	0.213
27.800	-21.699	0.243
27.820	-18.885	0.255
27.840	-15.915	0.270
27.860	-12.558	0.278
27.880	-9.088	0.284
27.900	-5.457	0.283
27.920	-1.789	0.280
27.940	1.923	0.272
27.960	5.521	0.263
27.980	9.190	0.247
28.000	12.574	0.230
28.020	15.947	0.209
28.040	18.987	0.185
28.060	21.796	0.160
28.080	24.250	0.125
28.100	26.356	0.093
28.120	28.064	0.061
28.140	29.412	0.029
28.160	30.304	-0.009
28.180	30.776	-0.037
28.200	30.798	-0.073
28.220	30.400	-0.104
28.240	29.536	-0.141
28.260	28.284	-0.173
28.280	26.603	-0.201
28.300	24.562	-0.221
28.320	22.140	-0.244
28.340	19.395	-0.260
28.360	16.387	-0.275
28.380	13.127	-0.284
28.400	9.689	-0.290
28.420	6.118	-0.296
28.440	2.455	-0.288
28.460	-1.235	-0.285
28.480	-4.915	-0.268
28.500	-8.545	-0.259
28.520	-12.037	-0.236
28.540	-15.265	-0.217
28.560	-18.450	-0.187
28.580	-21.280	-0.166
28.600	-23.799	-0.134
28.620	-25.996	-0.103
28.640	-27.817	-0.072
28.660	-29.229	-0.038
28.680	-30.202	-0.002
28.700	-30.723	0.030
28.720	-30.825	0.065
28.740	-30.524	0.096
28.760	-29.777	0.130
28.780	-28.569	0.156
28.800	-26.941	0.189
28.820	-24.965	0.213
28.840	-22.618	0.242
28.860	-19.921	0.256
28.880	-16.930	0.273
28.900	-13.729	0.280
28.920	-10.307	0.289
28.940	-6.746	0.290
28.960	-3.078	0.290
28.980	0.645	0.284
29.000	4.232	0.276
29.020	7.933	0.259
29.040	11.467	0.247
29.060	14.824	0.225
29.080	17.961	0.202
29.100	20.851	0.174
29.120	23.439	0.146
29.140	25.658	0.118
29.160	27.521	0.081
29.180	28.982	0.050
29.200	30.041	0.012
29.220	30.658	-0.018
29.240	30.852	-0.054
29.260	30.599	-0.084
29.280	29.879	-0.122
29.300	28.762	-0.152
29.320	27.210	-0.184
29.340	25.325	-0.205
29.360	23.015	-0.231
29.380	20.378	-0.246
29.400	17.467	-0.266
29.420	14.282	-0.270
29.440	10.995	-0.284
29.460	7.380	-0.284
29.480	3.749	-0.288
29.500	0.048	-0.279
29.520	-3.636	-0.271
29.540	-7.283	-0.253
29.560	-10.828	-0.242
29.580	-14.233	-0.217
29.600	-17.402	-0.197
29.620	-20.313	-0.168
29.640	-22.972	-0.139
29.660	-25.260	-0.109
29.680	-27.215	-0.083
29.700	-28.768	-0.048
29.720	-29.912	-0.016
29.740	-30.572	0.019
29.760	-30.852	0.051
29.780	-30.680	0.089
29.800	-30.089	0.117
29.820	-29.042	0.152
29.840	-27.559	0.177
29.860	-25.668	0.207
29.880	-23.450	0.230
29.900	-20.894	0.256
29.920	-18.015	0.265
29.940	-14.846	0.283
29.960	-11.526	0.284
29.980	-7.998	0.293
30.000	-4.351	0.287
30.020	-0.655	0.285
30.040	3.040	0.274
30.060	6.623	0.260
30.080	10.248	0.244
30.100	13.675	0.232
30.120	16.817	0.201
30.140	19.868	0.182
30.160	22.585	0.148
30.180	24.917	0.123
30.200	26.920	0.087
30.220	28.515	0.056
30.240	29.724	0.015
30.260	30.502	-0.016
30.280	30.830	-0.049
30.300	30.723	-0.085
30.320	30.191	-0.114
30.340	29.203	-0.147
30.360	27.801	-0.184
30.380	26.028	-0.205
30.400	23.853	-0.234
30.420	21.323	-0.250
30.440	18.503	-0.271
30.460	15.420	-0.283
30.480	12.101	-0.288
30.500	8.621	-0.292
30.520	5.027	-0.296
30.540	1.337	-0.293
30.560	-2.363	-0.286
30.580	-6.016	-0.273
30.600	-9.609	-0.255
30.620	-13.062	-0.232
30.640	-16.312	-0.217
30.660	-19.336	-0.186
30.680	-22.081	-0.162
30.700	-24.498	-0.128
30.720	-26.587	-0.104
30.740	-28.257	-0.068
30.760	-29.546	-0.038
30.780	-30.417	-0.002
30.800	-30.760	0.027
30.820	-30.803	0.069
30.840	-30.336	0.092
30.860	-29.439	0.134
30.880	-28.123	0.155
30.900	-26.377	0.188
30.920	-24.256	0.212
30.940	-21.817	0.240
30.960	-19.041	0.250
30.980	-15.958	0.266
31.000	-12.708	0.272
31.020	-9.217	0.281
31.040	-5.613	0.280
31.060	-1.950	0.280
31.080	1.751	0.269
31.100	5.436	0.258
31.120	9.018	0.243
31.140	12.499	0.229
31.160	15.802	0.203
31.180	18.858	0.181
31.200	21.683	0.155
31.220	24.148	0.122
31.240	26.259	0.089
31.260	28.000	0.059
31.280	29.353	0.024
31.300	30.282	-0.013
31.320	30.755	-0.043
31.340	30.809	-0.080
31.360	30.417	-0.110
31.380	29.589	-0.145
31.400	28.338	-0.179
31.420	26.678	-0.204
31.440	24.669	-0.225
31.460	22.242	-0.249
31.480	19.529	-0.268
31.500	16.532	-0.281
31.520	13.277	-0.292
31.540	9.845	-0.297
31.560	6.279	-0.300
31.580	2.718	-0.298
31.600	-1.074	-0.292
31.620	-4.764	-0.277
31.640	-8.400	-0.264
31.660	-11.881	-0.242
31.680	-15.206	-0.223
31.700	-18.332	-0.196
31.720	-21.194	-0.172
31.740	-23.724	-0.141
31.760	-25.899	-0.110
31.780	-27.747	-0.080
31.800	-29.181	-0.046
31.820	-30.180	-0.014
31.840	-30.728	0.019
31.860	-30.862	0.059
31.880	-30.572	0.089
31.900	-29.853	0.123
31.920	-28.671	0.151
31.940	-27.070	0.182
31.960	-25.072	0.205
31.980	-22.800	0.235
32.000	-20.072	0.255
32.020	-17.102	0.264
32.040	-13.900	0.275
32.060	-10.495	0.284
32.080	-6.923	0.283
32.100	-3.260	0.279
32.120	0.457	0.277
32.140	4.146	0.268
32.160	7.761	0.259
32.180	11.312	0.239
32.200	14.658	0.228
32.220	17.816	0.194
32.240	20.722	0.174
32.260	23.327	0.139
32.280	25.566	0.111
32.300	27.452	0.075
32.320	28.929	0.046
32.340	30.003	0.007
32.360	30.637	-0.027
32.380	30.846	-0.060
32.400	30.615	-0.090
32.420	29.944	-0.123
32.440	28.827	-0.155
32.460	27.339	-0.187
32.480	25.411	-0.210
32.500	23.096	-0.230
32.520	20.485	-0.250
32.540	17.580	-0.266
32.560	14.507	-0.280
32.580	11.038	-0.286
32.600	7.514	-0.291
32.620	3.894	-0.287
32.640	0.199	-0.284
32.660	-3.486	-0.271
32.680	-7.154	-0.260
32.700	-10.710	-0.242
32.720	-14.083	-0.223
32.740	-17.209	-0.197
32.760	-20.228	-0.168
32.780	-22.886	-0.142
32.800	-25.212	-0.108
32.820	-27.188	-0.087
32.840	-28.735	-0.047
32.860	-29.874	-0.018
32.880	-30.604	0.023
32.900	-30.857	0.048
32.920	-30.707	0.091
32.940	-30.169	0.119
32.960	-29.106	0.152
32.980	-27.677	0.177
33.000	-25.851	0.206
33.020	-23.601	0.223
33.040	-21.033	0.253
33.060	-18.144	0.271
33.080	-15.039	0.284
33.100	-11.779	0.291
33.120	-8.175	0.290
33.140	-4.522	0.293
33.160	-0.833	0.290
33.180	2.868	0.280
33.200	6.526	0.266
33.220	10.098	0.253
33.240	13.524	0.232
33.260	16.747	0.215
33.280	19.658	0.187
33.300	22.473	0.161
33.320	24.825	0.123
33.340	26.834	0.097
33.360	28.429	0.060
33.380	29.686	0.028
33.400	30.459	-0.006
33.420	30.825	-0.040
33.440	30.733	-0.080
33.460	30.202	-0.105
33.480	29.251	-0.144
33.500	27.887	-0.174
33.520	26.114	-0.196
33.540	23.966	-0.226
33.560	21.441	-0.241
33.580	18.632	-0.262
33.600	15.571	-0.275
33.620	12.327	-0.279
33.640	8.766	-0.288
33.660	5.172	-0.292
33.680	1.499	-0.287
33.700	-2.208	-0.279
33.720	-5.871	-0.264
33.740	-9.464	-0.252
33.760	-12.821	-0.228
33.780	-16.183	-0.207
33.800	-19.234	-0.178
33.820	-21.989	-0.155
33.840	-24.390	-0.124
33.860	-26.522	-0.093
33.880	-28.214	-0.059
33.900	-29.493	-0.033
33.920	-30.384	0.008
33.940	-30.776	0.034
33.960	-30.819	0.070
33.980	-30.357	0.103
34.000	-29.509	0.135
34.020	-28.182	0.166
34.040	-26.490	0.191
34.060	-24.390	0.218
34.080	-21.995	0.245
34.100	-19.164	0.258
34.120	-16.119	0.272
34.140	-12.875	0.279
34.160	-9.389	0.284
34.180	-5.785	0.284
34.200	-2.116	0.285
34.220	1.584	0.274
34.240	5.274	0.259
34.260	8.868	0.247
34.280	12.364	0.234
34.300	15.667	0.207
34.320	18.734	0.185
34.340	21.484	0.159
34.360	24.046	0.129
34.380	26.179	0.094
34.400	27.897	0.060
34.420	29.299	0.027
34.440	30.239	-0.009
34.460	30.755	-0.039
34.480	30.825	-0.075
34.500	30.459	-0.105
34.520	29.643	-0.143
34.540	28.408	-0.174
34.560	26.753	-0.201
34.580	24.761	-0.222
34.600	22.349	-0.251
34.620	19.712	-0.263
34.640	16.661	-0.281
34.660	13.406	-0.289
34.680	10.001	-0.300
34.700	6.537	-0.298
34.720	2.788	-0.299
34.740	-0.800	-0.289
34.760	-4.592	-0.280
34.780	-8.223	-0.266
34.800	-11.736	-0.250
34.820	-15.050	-0.226
34.840	-18.095	-0.203
34.860	-21.049	-0.179
34.880	-23.525	-0.147
34.900	-25.813	-0.114
34.920	-27.645	-0.082
34.940	-29.095	-0.049
34.960	-30.132	-0.012
34.980	-30.669	0.014
35.000	-30.852	0.052
35.020	-30.556	0.083
35.040	-29.847	0.115
35.060	-28.708	0.147
35.080	-27.081	0.173
35.100	-25.137	0.205
35.120	-22.833	0.229
35.140	-20.158	0.252
35.160	-17.187	0.262
35.180	-14.013	0.276
35.200	-10.683	0.277
35.220	-7.052	0.280
35.240	-3.400	0.279
35.260	0.306	0.275
35.280	4.001	0.261
35.300	7.632	0.253
35.320	11.167	0.237
35.340	14.540	0.216
35.360	17.687	0.191
35.380	20.598	0.168
35.400	23.225	0.133
35.420	25.470	0.107
35.440	27.382	0.072
35.460	28.832	0.042
35.480	29.960	0.003
35.500	30.626	-0.029
35.520	30.852	-0.063
35.540	30.631	-0.096
35.560	29.960	-0.125
35.580	28.875	-0.162
35.600	27.376	-0.192
35.620	25.502	-0.214
35.640	23.284	-0.238
35.660	20.614	-0.257
35.680	17.725	-0.275
35.700	14.566	-0.288
35.720	11.290	-0.293
35.740	7.686	-0.297
35.760	4.055	-0.300
35.780	0.376	-0.292
35.800	-3.330	-0.284
35.820	-6.972	-0.265
35.840	-10.549	-0.254
35.860	-13.933	-0.228
35.880	-17.139	-0.213
35.900	-20.115	-0.176
35.920	-22.763	-0.157
35.940	-25.099	-0.116
35.960	-27.065	-0.097
35.980	-28.687	-0.059
36.000	-29.836	-0.026
36.020	-30.588	0.007
36.040	-30.841	0.038
36.060	-30.739	0.080
36.080	-30.180	0.110
36.100	-29.181	0.142
36.120	-27.742	0.169
36.140	-25.894	0.197
36.160	-23.687	0.218
36.180	-21.157	0.247
36.200	-18.283	0.266
36.220	-15.189	0.275
36.240	-11.854	0.284
36.260	-8.325	0.289
36.280	-4.694	0.290
36.300	-0.994	0.288
36.320	2.707	0.277
36.340	6.365	0.265
36.360	9.937	0.252
36.380	13.385	0.238
36.400	16.532	0.212
36.420	19.604	0.185
36.440	22.349	0.159
36.460	24.729	0.127
36.480	26.753	0.096
36.500	28.392	0.062
36.520	29.643	0.032
36.540	30.433	-0.006
36.560	30.819	-0.039
36.580	30.750	-0.073
36.600	30.255	-0.104
36.620	29.299	-0.142
36.640	27.951	-0.168
36.660	26.189	-0.196
36.680	24.068	-0.221
36.700	21.619	-0.240
36.720	18.745	-0.256
36.740	15.700	-0.275
36.760	12.461	-0.279
36.780	8.932	-0.287
36.800	5.317	-0.285
36.820	1.644	-0.284
36.840	-1.950	-0.272
36.860	-5.726	-0.261
36.880	-9.244	-0.246
36.900	-12.783	-0.227
36.920	-16.060	-0.204
36.940	-19.100	-0.180
36.960	-21.876	-0.154
36.980	-24.331	-0.120
37.000	-26.463	-0.094
37.020	-28.171	-0.061
37.040	-29.493	-0.028
37.060	-30.379	0.007
37.080	-30.792	0.036
37.100	-30.825	0.075
37.120	-30.411	0.106
37.140	-29.579	0.139
37.160	-28.295	0.168
37.180	-26.571	0.200
37.200	-24.535	0.219
37.220	-22.070	0.250
37.240	-19.325	0.264
37.260	-16.285	0.280
37.280	-13.030	0.285
37.300	-9.555	0.292
37.320	-5.967	0.291
37.340	-2.283	0.289
37.360	1.423	0.284
37.380	5.108	0.272
37.400	8.701	0.257
37.420	12.208	0.239
37.440	15.517	0.222
37.460	18.530	0.196
37.480	21.431	0.168
37.500	23.944	0.134
37.520	26.098	0.106
37.540	27.876	0.071
37.560	29.224	0.041
37.580	30.218	0.002
37.600	30.744	-0.027
37.620	30.825	-0.068
37.640	30.481	-0.093
37.660	29.670	-0.130
37.680	28.478	-0.163
37.700	26.829	-0.192
37.720	24.857	-0.217
37.740	22.537	-0.238
37.760	19.776	-0.253
37.780	16.817	-0.273
37.800	13.567	-0.283
37.820	10.146	-0.287
37.840	6.601	-0.292
37.860	2.943	-0.287
37.880	-0.747	-0.285
37.900	-4.426	-0.269
37.920	-8.067	-0.259
37.940	-11.575	-0.242
37.960	-14.916	-0.217
37.980	-18.052	-0.194
38.000	-20.937	-0.167
38.020	-23.477	-0.138
38.040	-25.717	-0.106
38.060	-27.591	-0.078
38.080	-29.052	-0.045
38.100	-30.094	-0.010
38.120	-30.653	0.018
38.140	-30.852	0.049
38.160	-30.583	0.089
38.180	-29.896	0.117
38.200	-28.762	0.153
38.220	-27.226	0.172
38.240	-25.239	0.207
38.260	-22.940	0.229
38.280	-20.281	0.255
38.300	-17.343	0.259
38.320	-14.158	0.280
38.340	-10.764	0.278
38.360	-7.224	0.284
38.380	-3.572	0.280
38.400	0.145	0.283
38.420	3.846	0.263
38.440	7.466	0.253
38.460	11.016	0.234
38.480	14.395	0.222
38.500	17.488	0.193
38.520	20.475	0.173
38.540	23.058	0.136
38.560	25.378	0.112
38.580	27.296	0.070
38.600	28.816	0.042
38.620	29.938	0.003
38.640	30.604	-0.024
38.660	30.841	-0.065
38.680	30.647	-0.091
38.700	30.008	-0.603
38.720	28.972	-0.158
38.740	27.462	-0.200
38.760	25.599	-0.209
38.780	23.343	-0.253
38.800	20.754	-0.251
38.820	17.864	-0.282
38.840	14.717	-0.283
38.860	11.349	-0.300
38.880	7.853	-0.296
38.900	4.318	-0.301
38.920	0.542	-0.296
38.940	-3.062	-0.287
38.960	-6.800	-0.274
38.980	-10.372	-0.255
39.000	-13.782	-0.234
39.020	-16.897	-0.213
39.040	-19.948	-0.181
39.060	-22.623	-0.159
39.080	-24.981	-0.126
39.100	-26.968	-0.100
39.120	-28.585	-0.064
39.140	-29.750	-0.033
39.160	-30.524	0.001
39.180	-30.819	0.031
39.200	-30.717	0.074
39.220	-30.164	0.098
39.240	-29.197	0.142
39.260	-27.774	0.161
39.280	-25.948	0.197
39.300	-23.772	0.214
39.320	-21.243	0.245
39.340	-18.396	0.257
39.360	-15.275	0.272
39.380	-11.994	0.276
39.400	-8.470	0.284
39.420	-4.829	0.280
39.440	-1.149	0.283
39.460	2.557	0.268
39.480	6.225	0.266
39.500	9.797	0.243
39.520	13.245	0.228
39.540	16.479	0.201
39.560	19.486	0.183
39.580	22.247	0.152
39.600	24.578	0.121
39.620	26.667	0.085
39.640	28.333	0.054
39.660	29.589	0.018
39.680	30.417	-0.013
39.700	30.809	-0.043
39.720	30.760	-0.083
39.740	30.282	-0.112
39.760	29.353	-0.151
39.780	28.010	-0.180
39.800	26.275	-0.205
39.820	24.159	-0.225
39.840	21.683	-0.255
39.860	18.890	-0.261
39.880	15.920	-0.286
39.900	12.531	-0.280
39.920	9.077	-0.296
39.940	5.489	-0.289
39.960	1.821	-0.294
39.980	-1.896	-0.276
40.000	-5.570	-0.273
40.020	-9.185	-0.250
40.040	-12.627	-0.237
40.060	-15.915	-0.215
40.080	-18.987	-0.184
40.100	-21.758	-0.160
40.120	-24.224	-0.128
40.140	-26.324	-0.105
40.160	-28.112	-0.069
40.180	-29.444	-0.038
40.200	-30.352	0.002
40.220	-30.766	0.028
40.240	-30.830	0.069
40.260	-30.459	0.098
40.280	-29.632	0.135
40.300	-28.338	0.164
40.320	-26.667	0.193
40.340	-24.616	0.217
40.360	-22.209	0.247
40.380	-19.443	0.259
40.400	-16.441	0.276
40.420	-13.181	0.288
40.440	-9.722	0.289
40.460	-6.145	0.293
40.480	-2.460	0.289
40.500	1.257	0.282
40.520	4.947	0.272
40.540	8.454	0.259
40.560	12.053	0.242
40.580	15.367	0.226
40.600	18.466	0.197
40.620	21.323	0.176
40.640	23.783	0.134
40.660	26.001	0.112
40.680	27.806	0.071
40.700	29.197	0.046
40.720	30.175	0.004
40.740	30.723	-0.022
40.760	30.830	-0.062
40.780	30.502	-0.086
40.800	29.724	-0.128
40.820	28.531	-0.158
40.840	26.931	-0.191
40.860	25.008	-0.204
40.880	22.591	-0.239
40.900	19.889	-0.246
40.920	16.930	-0.274
40.940	13.718	-0.273
40.960	10.286	-0.288
40.980	6.746	-0.283
41.000	3.088	-0.287
41.020	-0.494	-0.278
41.040	-4.281	-0.270
41.060	-7.928	-0.252
41.080	-11.360	-0.238
41.100	-14.776	-0.217
41.120	-17.929	-0.190
41.140	-20.829	-0.164
41.160	-23.337	-0.135
41.180	-25.642	-0.105
41.200	-27.538	-0.073
41.220	-28.999	-0.038
41.240	-30.062	-0.006
41.260	-30.637	0.027
41.280	-30.873	0.056
41.300	-30.631	0.094
41.320	-29.960	0.120
41.340	-28.837	0.158
41.360	-27.285	0.179
41.380	-25.362	0.214
41.400	-23.053	0.236
41.420	-20.426	0.255
41.440	-17.478	0.267
41.460	-14.303	0.284
41.480	-10.925	0.288
41.500	-7.364	0.293
41.520	-3.706	0.285
41.540	-0.027	0.284
41.560	3.674	0.269
41.580	7.315	0.261
41.600	10.844	0.243
41.620	14.255	0.226
41.640	17.424	0.199
41.660	20.362	0.180
41.680	23.015	0.140
41.700	25.292	0.115
41.720	27.215	0.077
41.740	28.757	0.052
41.760	29.885	0.008
41.780	30.583	-0.019
41.800	30.846	-0.057
41.820	30.669	-0.085
41.840	30.062	-0.124
41.860	28.993	-0.151
41.880	27.527	-0.193
41.900	25.679	-0.202
41.920	23.456	-0.241
41.940	20.867	-0.247
41.960	17.993	-0.272
41.980	14.942	-0.279
42.000	11.500	-0.293
42.020	8.003	-0.295
42.040	4.388	-0.299
42.060	0.704	-0.290
42.080	-2.997	-0.281
42.100	-6.649	-0.270
42.120	-10.216	-0.255
42.140	-13.621	-0.231
42.160	-16.844	-0.211
42.180	-19.825	-0.182
42.200	-22.510	-0.156
42.220	-24.874	-0.126
42.240	-26.882	-0.099
42.260	-28.526	-0.062
42.280	-29.724	-0.031
42.300	-30.508	0.007
42.320	-30.814	0.031
42.340	-30.739	0.074
42.360	-30.207	0.099
42.380	-29.246	0.135
42.400	-27.854	0.161
42.420	-26.039	0.195
42.440	-23.869	0.210
42.460	-21.355	0.237
42.480	-18.520	0.255
42.500	-15.420	0.272
42.520	-12.117	0.276
42.540	-8.615	0.283
42.560	-4.990	0.280
42.580	-1.311	0.283
42.600	2.396	0.266
42.620	6.075	0.257
42.640	9.641	0.241
42.660	13.105	0.228
42.680	16.360	0.205
42.700	19.368	0.183
42.720	22.134	0.148
42.740	24.530	0.116
42.760	26.598	0.087
42.780	28.268	0.049
42.800	29.552	0.019
42.820	30.374	-0.018
42.840	30.803	-0.051
42.860	30.771	-0.084
42.880	30.309	-0.117
42.900	29.407	-0.154
42.920	28.085	-0.182
42.940	26.372	-0.205
42.960	24.272	-0.234
42.980	21.801	-0.250
43.000	19.030	-0.269
43.020	15.984	-0.281
43.040	12.783	-0.289
43.060	9.244	-0.300
43.080	5.672	-0.296
43.100	1.993	-0.299
43.120	-1.703	-0.288
43.140	-5.387	-0.275
43.160	-9.002	-0.262
43.180	-12.456	-0.240
43.200	-15.743	-0.221
43.220	-18.836	-0.190
43.240	-21.624	-0.168
43.260	-24.095	-0.135
43.280	-26.243	-0.108
43.300	-28.010	-0.073
43.320	-29.364	-0.041
43.340	-30.293	-0.004
43.360	-30.755	0.024
43.380	-30.830	0.064
43.400	-30.438	0.091
43.420	-29.659	0.127
43.440	-28.397	0.155
43.460	-26.727	0.183
43.480	-24.686	0.210
43.500	-22.274	0.237
43.520	-19.551	0.257
43.540	-16.554	0.266
43.560	-13.304	0.274
43.580	-9.867	0.282
43.600	-6.273	0.285
43.620	-2.605	0.283
43.640	1.106	0.280
43.660	4.791	0.265
43.680	8.384	0.253
43.700	11.913	0.240
43.720	15.238	0.216
43.740	18.337	0.191
43.760	21.205	0.166
43.780	23.740	0.136
43.800	25.921	0.103
43.820	27.726	0.065
43.840	29.149	0.037
43.860	30.132	0.001
43.880	30.696	-0.030
43.900	30.835	-0.068
43.920	30.519	-0.097
43.940	29.772	-0.132
43.960	28.590	-0.607
43.980	27.017	-0.192
44.000	25.051	-0.211
44.020	22.677	-0.239
44.040	20.013	-0.252
44.060	17.059	-0.274
44.080	13.852	-0.277
44.100	10.447	-0.291
44.120	6.913	-0.285
44.140	3.260	-0.294
44.160	-0.424	-0.279
44.180	-4.136	-0.272
44.200	-7.772	-0.251
44.220	-11.306	-0.240
44.240	-14.652	-0.217
44.260	-17.816	-0.195
44.280	-20.732	-0.167
44.300	-23.305	-0.136
44.320	-25.572	-0.104
44.340	-27.457	-0.077
44.360	-28.972	-0.043
44.380	-30.041	-0.010
44.400	-30.669	0.022
44.420	-30.857	0.059
44.440	-30.642	0.093
44.460	-29.992	0.127
44.480	-28.891	0.156
44.500	-27.371	0.184
44.520	-25.448	0.212
44.540	-23.176	0.239
44.560	-20.555	0.255
44.580	-17.628	0.273
44.600	-14.464	0.284
44.620	-11.107	0.290
44.640	-7.546	0.293
44.660	-3.899	0.289
44.680	-0.209	0.289
44.700	3.513	0.276
44.720	7.154	0.268
44.740	10.613	0.250
44.760	14.099	0.231
44.780	17.279	0.207
44.800	20.228	0.186
44.820	22.908	0.152
44.840	25.190	0.121
44.860	27.146	0.088
44.880	28.660	0.056
44.900	29.847	0.016
44.920	30.562	-0.011
44.940	30.846	-0.051
44.960	30.685	-0.080
44.980	30.078	-0.113
45.000	29.047	-0.146
45.020	27.591	-0.178
45.040	25.771	-0.201
45.060	23.552	-0.226
45.080	20.969	-0.242
45.100	18.111	-0.262
45.120	15.007	-0.273
45.140	11.666	-0.279
45.160	8.164	-0.285
45.180	4.549	-0.286
45.200	0.859	-0.281
45.220	-2.750	-0.272
45.240	-6.504	-0.261
45.260	-10.098	-0.246
45.280	-13.476	-0.223
45.300	-16.720	-0.203
45.320	-19.717	-0.175
45.340	-22.414	-0.147
45.360	-24.771	-0.118
45.380	-26.839	-0.089
45.400	-28.440	-0.055
45.420	-29.686	-0.026
45.440	-30.459	0.015
45.460	-30.835	0.039
45.480	-30.755	0.082
45.500	-30.266	0.109
45.520	-29.294	0.144
45.540	-27.930	0.168
45.560	-26.146	0.197
45.580	-23.987	0.222
45.600	-21.484	0.251
45.620	-18.648	0.260
45.640	-15.571	0.278
45.660	-12.251	0.280
45.680	-8.792	0.292
45.700	-5.151	0.288
45.720	-1.466	0.285
45.740	2.240	0.274
45.760	5.908	0.263
45.780	9.480	0.245
45.800	12.944	0.235
45.820	16.199	0.209
45.840	19.239	0.186
45.860	22.016	0.156
45.880	24.433	0.126
45.900	26.512	0.094
45.920	28.193	0.061
45.940	29.471	0.023
45.960	30.363	-0.007
45.980	30.782	-0.047
46.000	30.792	-0.078
46.020	30.347	-0.110
46.040	29.444	-0.142
46.060	28.139	-0.177
46.080	26.453	-0.200
46.100	24.369	-0.227
46.120	21.903	-0.247
46.140	19.153	-0.266
46.160	16.210	-0.284
46.180	12.837	-0.287
46.200	9.399	-0.297
46.220	5.822	-0.296
46.240	2.154	-0.295
46.260	-1.531	-0.288
46.280	-5.221	-0.275
46.300	-8.835	-0.263
46.320	-12.321	-0.238
46.340	-15.603	-0.225
46.360	-18.691	-0.194
46.380	-21.431	-0.171
46.400	-23.987	-0.136
46.420	-26.157	-0.113
46.440	-27.935	-0.078
46.460	-29.294	-0.047
46.480	-30.250	-0.010
46.500	-30.744	0.020
46.520	-30.830	0.060
46.540	-30.476	0.087
46.560	-29.659	0.123
46.580	-28.445	0.152
46.600	-26.786	0.183
46.620	-24.766	0.207
46.640	-22.392	0.236
46.660	-19.669	0.247
46.680	-16.661	0.264
46.700	-13.455	0.272
46.720	-9.996	0.282
46.740	-6.418	0.282
46.760	-2.761	0.282
46.780	0.956	0.270
46.800	4.635	0.264
46.820	8.245	0.247
46.840	11.757	0.233
46.860	15.098	0.210
46.880	18.213	0.190
46.900	21.082	0.163
46.920	23.579	0.128
46.940	25.824	0.101
46.960	27.656	0.065
46.980	29.095	0.030
47.000	30.116	-0.003
47.020	30.701	-0.034
47.040	30.841	-0.071
47.060	30.545	-0.101
47.080	29.804	-0.139
47.100	28.649	-0.168
47.120	27.076	-0.197
47.140	25.201	-0.220
47.160	22.795	-0.246
47.180	20.147	-0.259
47.200	17.204	-0.282
47.220	14.002	-0.286
47.240	10.608	-0.296
47.260	7.079	-0.292
47.280	3.443	-0.296
47.300	-0.252	-0.290
47.320	-3.953	-0.279
47.340	-7.595	-0.261
47.360	-11.134	-0.246
47.380	-14.480	-0.226
47.400	-17.671	-0.203
47.420	-20.593	-0.177
47.440	-23.166	-0.145
47.460	-25.454	-0.118
47.480	-27.387	-0.088
47.500	-28.913	-0.051
47.520	-29.998	-0.015
47.540	-30.637	0.013
47.560	-30.830	0.048
47.580	-30.658	0.089
47.600	-30.041	0.118
47.620	-28.982	0.148
47.640	-27.430	0.180
47.660	-25.540	0.203
47.680	-23.284	0.231
47.700	-20.673	0.254
47.720	-17.843	0.268
47.740	-14.615	0.276
47.760	-11.247	0.283
47.780	-7.708	0.281
47.800	-4.071	0.283
47.820	-0.365	0.278
47.840	3.335	0.273
47.860	6.999	0.261
47.880	10.549	0.248
47.900	13.954	0.230
47.920	17.145	0.206
47.940	20.034	0.181
47.960	22.784	0.148
47.980	25.099	0.122
48.000	27.011	0.082
48.020	28.628	0.052
48.040	29.810	0.016
48.060	30.540	-0.013
48.080	30.846	-0.050
48.100	30.707	-0.077
48.120	30.132	-0.113
48.140	29.101	-0.147
48.160	27.656	-0.178
48.180	25.846	-0.201
48.200	23.654	-0.226
48.220	21.157	-0.244
48.240	18.256	-0.260
48.260	15.136	-0.273
48.280	11.800	-0.278
48.300	8.406	-0.284
48.320	4.700	-0.288
48.340	1.021	-0.278
48.360	-2.691	-0.274
48.380	-6.343	-0.260
48.400	-9.937	-0.242
48.420	-13.363	-0.221
48.440	-16.607	-0.201
48.460	-19.599	-0.171
48.480	-22.328	-0.147
48.500	-24.718	-0.117
48.520	-26.753	-0.091
48.540	-28.451	-0.050
48.560	-29.659	-0.023
48.580	-30.481	0.015
48.600	-30.825	0.046
48.620	-30.776	0.081
48.640	-30.298	0.115
48.660	-29.369	0.148
48.680	-28.016	0.173
48.700	-26.254	0.204
48.720	-24.095	0.226
48.740	-21.613	0.257
48.760	-18.804	0.269
48.780	-15.727	0.284
48.800	-12.456	0.291
48.820	-8.954	0.293
48.840	-5.328	0.294
48.860	-1.649	0.290
48.880	1.977	0.283
48.900	5.731	0.273
48.920	9.324	0.255
48.940	12.810	0.240
48.960	16.076	0.220
48.980	19.110	0.195
49.000	21.893	0.163
49.020	24.342	0.130
49.040	26.420	0.102
49.060	28.102	0.064
49.080	29.444	0.035
49.100	30.336	0.000
49.120	30.787	-0.029
49.140	30.787	-0.071
49.160	30.368	-0.096
49.180	29.493	-0.137
49.200	28.220	-0.167
49.220	26.528	-0.197
49.240	24.460	-0.217
49.260	22.021	-0.239
49.280	19.352	-0.255
49.300	16.258	-0.273
49.320	13.079	-0.279
49.340	9.544	-0.286
49.360	5.973	-0.288
49.380	2.326	-0.286
49.400	-1.380	-0.279
49.420	-5.070	-0.267
49.440	-8.707	-0.252
49.460	-12.182	-0.235
49.480	-15.474	-0.213
49.500	-18.568	-0.188
49.520	-21.377	-0.162
49.540	-23.896	-0.131
49.560	-26.061	-0.108
49.580	-27.860	-0.072
49.600	-29.256	-0.043
49.620	-30.223	-0.003
49.640	-30.712	0.023
49.660	-30.862	0.063
49.680	-30.492	0.094
49.700	-29.718	0.129
49.720	-28.510	0.153
49.740	-26.872	0.185
49.760	-24.857	0.211
49.780	-22.500	0.237
49.800	-19.792	0.253
49.820	-16.801	0.268
49.840	-13.600	0.276
49.860	-10.167	0.282
49.880	-6.596	0.286
49.900	-2.917	0.281
49.920	0.784	0.277
49.940	4.485	0.263
49.960	8.089	0.251
49.980	11.602	0.235
50.000	14.953	0.219
50.020	18.079	0.190
50.040	20.958	0.166
50.060	23.542	0.132
50.080	25.733	0.102
50.100	27.581	0.065
50.120	29.036	0.036
50.140	30.062	-0.003
50.160	30.680	-0.031
50.180	30.841	-0.069
50.200	30.572	-0.099
50.220	29.874	-0.135
50.240	28.708	-0.168
50.260	27.146	-0.196
50.280	25.233	-0.219
50.300	22.972	-0.242
50.320	20.265	-0.261
50.340	17.413	-0.280
50.360	14.153	-0.287
50.380	10.769	-0.297
50.400	7.229	-0.298
50.420	3.588	-0.296
50.440	-0.091	-0.293
50.460	-3.792	-0.284
50.480	-7.434	-0.267
50.500	-10.979	-0.252
50.520	-14.244	-0.230
50.540	-17.515	-0.205
50.560	-20.448	-0.181
50.580	-23.058	-0.153
50.600	-25.352	-0.119
50.620	-27.285	-0.094
50.640	-28.821	-0.060
50.660	-29.922	-0.026
50.680	-30.604	0.008
50.700	-30.841	0.040
50.720	-30.658	0.077
50.740	-30.024	0.108
50.760	-28.982	0.135
50.780	-27.484	0.169
50.800	-25.663	0.192
50.820	-23.364	0.226
50.840	-20.754	0.239
50.860	-17.880	0.260
50.880	-14.728	0.268
50.900	-11.392	0.276
50.920	-7.836	0.279
50.940	-4.200	0.280
50.960	-0.500	0.275
50.980	3.196	0.266
51.000	6.864	0.255
51.020	10.404	0.240
51.040	13.814	0.222
51.060	17.032	0.201
51.080	19.986	0.176
51.100	22.677	0.144
51.120	25.008	0.112
51.140	27.000	-0.378
51.160	28.537	0.049
51.180	29.767	0.015
51.200	30.502	-0.021
51.220	30.830	-0.055
51.240	30.707	-0.086
51.260	30.143	-0.118
51.280	29.181	-0.156
51.300	27.720	-0.182
51.320	25.948	-0.207
51.340	23.767	-0.230
51.360	21.216	-0.251
51.380	18.385	-0.269
51.400	15.281	-0.283
51.420	11.940	-0.291
51.440	8.476	-0.289
51.460	4.941	-0.293
51.480	1.187	-0.290
51.500	-2.514	-0.280
51.520	-6.182	-0.267
51.540	-9.781	-0.254
51.560	-13.218	-0.230
51.580	-16.457	-0.211
51.600	-19.476	-0.182
51.620	-22.204	-0.156
51.640	-24.626	-0.122
51.660	-26.684	-0.098
51.680	-28.375	-0.065
51.700	-29.622	-0.034
51.720	-30.465	0.003
51.740	-30.819	0.032
51.760	-30.803	0.073
51.780	-30.347	0.101
51.800	-29.439	0.140
51.820	-28.085	0.164
51.840	-26.340	0.196
51.860	-24.218	0.219
51.880	-21.748	0.247
51.900	-18.938	0.261
51.920	-15.877	0.274
51.940	-12.611	0.279
51.960	-9.125	0.288
51.980	-5.505	0.289
52.000	-1.815	0.290
52.020	1.891	0.273
52.040	5.570	0.272
52.060	9.152	0.254
52.080	12.627	0.243
52.100	15.920	0.214
52.120	18.971	0.193
52.140	21.705	0.166
52.160	24.234	0.133
52.180	26.286	0.103
52.200	28.064	0.065
52.220	29.401	0.038
52.240	30.298	-0.002
52.260	30.776	-0.031
52.280	30.798	-0.065
52.300	30.406	-0.094
52.320	29.546	-0.134
52.340	28.284	-0.163
52.360	26.603	-0.192
52.380	24.562	-0.213
52.400	22.140	-0.238
52.420	19.390	-0.245
52.440	16.473	-0.269
52.460	13.122	-0.280
52.480	9.711	-0.281
52.500	6.139	-0.285
52.520	2.460	-0.279
52.540	-1.246	-0.275
52.560	-4.904	-0.264
52.580	-8.545	-0.248
52.600	-12.031	-0.233
52.620	-15.340	-0.210
52.640	-18.466	-0.186
52.660	-21.286	-0.162
52.680	-23.805	-0.128
52.700	-25.985	-0.105
52.720	-27.833	-0.068
52.740	-29.246	-0.037
52.760	-30.196	-0.001
52.780	-30.733	0.031
52.800	-30.846	0.067
52.820	-30.540	0.098
52.840	-29.793	0.133
52.860	-28.617	0.161
52.880	-26.979	0.193
52.900	-24.959	0.214
52.920	-22.639	0.239
52.940	-19.932	0.259
52.960	-16.957	0.277
52.980	-13.755	0.286
53.000	-10.318	0.293
53.020	-6.757	0.297
53.040	-3.099	0.293
53.060	0.618	0.286
53.080	4.302	0.274
53.100	7.922	0.261
53.120	11.457	0.246
53.140	14.819	0.224
53.160	17.950	0.204
53.180	20.840	0.178
53.200	23.423	0.142
53.220	25.647	0.115
53.240	27.516	0.077
53.260	28.988	0.046
53.280	30.041	0.011
53.300	30.642	-0.022
53.320	30.846	-0.056
53.340	30.594	-0.088
53.360	29.879	-0.122
53.380	28.768	-0.161
53.400	27.210	-0.186
53.420	25.325	-0.212
53.440	23.021	-0.234
53.460	20.389	-0.257
53.480	17.472	-0.269
53.500	14.298	-0.284
53.520	10.898	-0.286
53.540	7.396	-0.292
53.560	3.749	-0.287
53.580	0.075	-0.288
53.600	-3.631	-0.275
53.620	-7.278	-0.263
53.640	-10.823	-0.245
53.660	-14.185	-0.225
53.680	-17.381	-0.201
53.700	-20.340	-0.174
53.720	-22.956	-0.150
53.740	-25.244	-0.116
53.760	-27.221	-0.088
53.780	-28.762	-0.056
53.800	-29.906	-0.021
53.820	-30.572	0.013
53.840	-30.852	0.042
53.860	-30.669	0.081
53.880	-30.083	0.108
53.900	-29.042	0.141
53.920	-27.575	0.170
53.940	-25.690	0.194
53.960	-23.472	0.225
53.980	-20.883	0.245
54.000	-18.009	0.258
54.020	-14.883	0.273
54.040	-11.526	0.276
54.060	-8.003	0.279
54.080	-4.361	0.283
54.100	-0.666	0.276
54.120	3.035	0.264
54.140	6.606	0.252
54.160	10.237	0.240
54.180	13.675	0.222
54.200	16.887	0.200
54.220	19.841	0.172
54.240	22.580	0.143
54.260	24.911	0.112
54.280	26.915	0.079
54.300	28.521	0.047
54.320	29.702	0.013
54.340	30.497	-0.022
54.360	30.835	-0.056
54.380	30.723	-0.090
54.400	30.186	-0.122
54.420	29.219	-0.155
54.440	27.817	-0.187
54.460	26.034	-0.211
54.480	23.875	-0.235
54.500	21.339	-0.258
54.520	18.520	-0.272
54.540	15.437	-0.288
54.560	12.112	-0.292
54.580	8.642	-0.300
54.600	5.038	-0.299
54.620	1.359	-0.300
54.640	-2.347	-0.288
54.660	-6.010	-0.272
54.680	-9.604	-0.260
54.700	-13.030	-0.239
54.720	-16.199	-0.221
54.740	-19.325	-0.188
54.760	-22.000	-0.165
54.780	-24.492	-0.130
54.800	-26.512	-0.107
54.820	-28.263	-0.071
54.840	-29.541	-0.042
54.860	-30.400	-0.003
54.880	-30.771	0.027
54.900	-30.787	0.065
54.920	-30.320	0.095
54.940	-29.455	0.131
54.960	-28.128	0.156
54.980	-26.377	0.187
55.000	-24.299	0.214
55.020	-21.833	0.243
55.040	-19.041	0.253
55.060	-15.990	0.270
55.080	-12.729	0.273
55.100	-9.260	0.285
55.120	-5.645	0.280
55.140	-1.966	0.284
55.160	1.746	0.273
55.180	5.425	0.263
55.200	9.013	0.247
55.220	12.493	0.235
55.240	15.786	0.208
55.260	18.842	0.184
55.280	21.662	0.161
55.300	24.138	0.129
55.320	26.259	0.097
55.340	27.962	0.060
55.360	29.358	0.029
55.380	30.271	-0.007
55.400	30.760	-0.041
55.420	30.803	-0.072
55.440	30.417	-0.103
55.460	29.589	-0.141
55.480	28.354	-0.171
55.500	26.678	-0.199
55.520	24.723	-0.219
55.540	22.247	-0.248
55.560	19.529	-0.259
55.580	16.543	-0.279
55.600	13.272	-0.282
55.620	9.845	-0.295
55.640	6.279	-0.292
55.660	2.626	-0.294
55.680	-1.069	-0.279
55.700	-4.667	-0.270
55.720	-8.400	-0.256
55.740	-11.886	-0.238
55.760	-15.222	-0.220
55.780	-18.337	-0.188
55.800	-21.173	-0.166
55.820	-23.724	-0.134
55.840	-25.932	-0.107
55.860	-27.769	-0.077
55.880	-29.187	-0.043
55.900	-30.186	-0.007
55.920	-30.733	0.026
55.940	-30.835	0.060
55.960	-30.583	0.098
55.980	-29.847	0.128
56.000	-28.676	0.157
56.020	-27.070	0.189
56.040	-25.088	0.214
56.060	-22.757	0.243
56.080	-20.088	0.259
56.100	-17.102	0.273
56.120	-13.906	0.284
56.140	-10.500	0.289
56.160	-6.923	0.293
56.180	-3.260	0.293
56.200	0.457	0.286
56.220	4.136	0.276
56.240	7.767	0.264
56.260	11.285	0.248
56.280	14.663	0.229
56.300	17.811	0.203
56.320	20.711	0.180
56.340	23.321	0.148
56.360	25.556	0.114
56.380	27.452	0.083
56.400	28.929	0.051
56.420	29.992	0.014
56.440	30.637	-0.017
56.460	30.835	-0.053
56.480	30.615	-0.084
56.500	29.933	-0.117
56.520	28.832	-0.150
56.540	27.339	-0.180
56.560	25.421	-0.201
56.580	23.106	-0.231
56.600	20.507	-0.243
56.620	17.596	-0.265
56.640	14.529	-0.274
56.660	11.043	-0.282
56.680	7.632	-0.279
56.700	3.905	-0.284
56.720	0.209	-0.277
56.740	-3.470	-0.273
56.760	-7.127	-0.255
56.780	-10.694	-0.240
56.800	-14.078	-0.220
56.820	-17.252	-0.200
56.840	-20.211	-0.171
56.860	-22.779	-0.142
56.880	-25.174	-0.109
56.900	-27.129	-0.082
56.920	-28.714	-0.047
56.940	-29.874	-0.021
56.960	-30.578	0.022
56.980	-30.878	0.047
57.000	-30.701	0.087
57.020	-30.143	0.115
57.040	-29.101	0.148
57.060	-27.640	0.177
57.080	-25.797	0.206
57.100	-23.584	0.229
57.120	-21.028	0.254
57.140	-18.149	0.264
57.160	-15.028	0.281
57.180	-11.671	0.287
57.200	-8.169	0.292
57.220	-4.533	0.289
57.240	-0.843	0.287
57.260	2.868	0.278
57.280	6.531	0.264
57.300	10.087	0.246
57.320	13.519	0.229
57.340	16.742	0.206
57.360	19.728	0.185
57.380	22.462	0.150
57.400	24.809	0.123
57.420	26.834	0.086
57.440	28.451	0.055
57.460	29.670	0.020
57.480	30.459	-0.010
57.500	30.814	-0.047
57.520	30.744	-0.085
57.540	30.207	-0.114
57.560	29.262	-0.146
57.580	27.919	-0.177
57.600	26.114	-0.201
57.620	23.971	-0.231
57.640	21.452	-0.250
57.660	18.643	-0.268
57.680	15.576	-0.284
57.700	12.251	-0.288
57.720	8.792	-0.291
57.740	5.188	-0.296
57.760	1.606	-0.291
57.780	-2.181	-0.285
57.800	-5.838	-0.270
57.820	-9.448	-0.260
57.840	-12.896	-0.237
57.860	-16.140	-0.217
57.880	-19.186	-0.190
57.900	-21.957	-0.161
57.920	-24.385	-0.130
57.940	-26.506	-0.104
57.960	-28.214	-0.070
57.980	-29.487	-0.041
58.000	-30.363	-0.006
58.020	-30.760	0.026
58.040	-30.814	0.065
58.060	-30.352	0.092
58.080	-29.498	0.129
58.100	-28.193	0.156
58.120	-26.463	0.185
58.140	-24.369	0.211
58.160	-21.952	0.239
58.180	-19.153	0.251
58.200	-16.135	0.266
58.220	-12.875	0.271
58.240	-9.399	0.279
58.260	-5.801	0.280
58.280	-2.122	0.273
58.300	1.590	0.270
58.320	5.280	0.259
58.340	8.857	0.243
58.360	12.364	0.228
58.380	15.657	0.206
58.400	18.729	0.184
58.420	21.549	0.153
58.440	24.041	0.123
58.460	26.173	0.093
58.480	27.940	0.057
58.500	29.299	0.028
58.520	30.239	-0.010
58.540	30.744	-0.039
58.560	30.819	-0.080
58.580	30.459	-0.105
58.600	29.665	-0.144
58.620	28.413	-0.175
58.640	26.759	-0.205
58.660	24.766	-0.224
58.680	22.414	-0.250
58.700	19.658	-0.264
58.720	16.677	-0.283
58.740	13.524	-0.288
58.760	10.022	-0.298
58.780	6.445	-0.296
58.800	2.809	-0.297
58.820	-0.892	-0.293
58.840	-4.582	-0.279
58.860	-8.202	-0.265
58.880	-11.730	-0.245
58.900	-15.039	-0.228
58.920	-18.192	-0.200
58.940	-21.044	-0.176
58.960	-23.579	-0.146
58.980	-25.797	-0.114
59.000	-27.661	-0.088
59.020	-29.117	-0.050
59.040	-30.148	-0.016
59.060	-30.696	0.015
59.080	-30.830	0.053
59.100	-30.572	0.084
59.120	-29.863	0.118
59.140	-28.735	0.149
59.160	-27.140	0.175
59.180	-25.164	0.205
59.200	-22.843	0.229
59.220	-20.190	0.256
59.240	-17.220	0.265
59.260	-14.040	0.273
59.280	-10.629	0.278
59.300	-7.074	0.284
59.320	-3.421	0.282
59.340	0.279	0.280
59.360	3.975	0.267
59.380	7.611	0.257
59.400	11.140	0.243
59.420	14.513	0.223
59.440	17.676	0.200
59.460	20.523	0.174
59.480	23.219	0.142
59.500	25.464	0.110
59.520	27.371	0.073
59.540	28.864	0.047
59.560	29.949	-0.478
59.580	30.610	-0.021
59.600	30.841	-0.059
59.620	30.621	-0.086
59.640	29.949	-0.122
59.660	28.875	-0.155
59.680	27.376	-0.188
59.700	25.507	-0.205
59.720	23.289	-0.234
59.740	20.620	-0.247
59.760	17.789	-0.268
59.780	14.588	-0.276
59.800	11.215	-0.284
59.820	7.702	-0.291
59.840	4.066	-0.286
59.860	0.376	-0.283
59.880	-3.319	-0.271
59.900	-6.982	-0.259
59.920	-10.543	-0.238
59.940	-13.922	-0.224
59.960	-17.145	-0.201
59.980	-20.045	-0.172
60.000	-22.768	-0.144
60.020	-25.088	-0.114
60.040	-27.076	-0.088
60.060	-28.676	-0.050
60.080	-29.836	-0.022
60.100	-30.588	0.022
60.120	-30.841	0.044
60.140	-30.733	0.085
60.160	-30.191	0.119
60.180	-29.170	0.151
60.200	-27.731	0.176
60.220	-25.899	0.210
60.240	-23.697	0.230
60.260	-21.162	0.255
60.280	-18.289	0.268
60.300	-15.195	0.284
60.320	-11.854	0.289
60.340	-8.352	0.296
60.360	-4.705	0.293
60.380	-1.010	0.291
60.400	2.702	0.282
60.420	6.349	0.269
60.440	9.920	0.254
60.460	13.369	0.235
60.480	16.613	0.212
60.500	19.599	0.190
60.520	22.344	0.163
60.540	24.723	0.127
60.560	26.743	0.094
60.580	28.386	0.062
60.600	29.638	0.034
60.620	30.433	-0.003
60.640	30.814	-0.035
60.660	30.744	-0.075
60.680	30.250	-0.102
60.700	29.305	-0.141
60.720	27.957	-0.171
60.740	26.254	-0.193
60.760	24.073	-0.220
60.780	21.560	-0.241
60.800	18.767	-0.260
60.820	15.796	-0.275
60.840	12.391	-0.283
60.860	8.937	-0.284
60.880	5.350	-0.287
60.900	1.670	-0.284
60.920	-2.020	-0.282
60.940	-5.715	-0.263
60.960	-9.297	-0.250
60.980	-12.756	-0.228
61.000	-16.033	-0.211
61.020	-19.003	-0.182
61.040	-21.855	-0.153
61.060	-24.293	-0.122
61.080	-26.404	-0.100
61.100	-28.150	-0.062
61.120	-29.428	-0.034
61.140	-30.341	0.003
61.160	-30.782	0.031
61.180	-30.814	0.072
61.200	-30.400	0.100
61.220	-29.552	0.135
61.240	-28.273	0.164
61.260	-26.582	0.189
61.280	-24.492	0.218
61.300	-22.048	0.242
61.320	-19.282	0.255
61.340	-16.280	0.276
61.360	-13.020	0.280
61.380	-9.577	0.286
61.400	-5.978	0.286
61.420	-2.283	0.285
61.440	1.423	0.277
61.460	5.113	0.268
61.480	8.696	0.250
61.500	12.187	0.236
61.520	15.512	0.218
61.540	18.589	0.192
61.560	21.420	0.163
61.580	23.934	0.128
61.600	26.087	0.100
61.620	27.865	0.063
61.640	29.251	0.033
61.660	30.196	-0.006
61.680	30.733	-0.035
61.700	30.825	-0.075
61.720	30.465	-0.102
61.740	29.675	-0.138
61.760	28.467	-0.172
61.780	26.861	-0.198
61.800	24.922	-0.222
61.820	22.473	-0.248
61.840	19.776	-0.263
61.860	16.887	-0.283
61.880	13.578	-0.289
61.900	10.173	-0.292
61.920	6.617	-0.296
61.940	2.959	-0.298
61.960	-0.725	-0.293
61.980	-4.324	-0.280
62.000	-8.046	-0.266
62.020	-11.569	-0.249
62.040	-14.905	-0.226
62.060	-18.052	-0.203
62.080	-20.910	-0.175
62.100	-23.472	-0.146
62.120	-25.706	-0.118
62.140	-27.581	-0.087
62.160	-29.036	-0.051
62.180	-30.089	-0.021
62.200	-30.642	0.013
62.220	-30.846	0.048
62.240	-30.567	0.085
62.260	-29.885	0.112
62.280	-28.741	0.146
62.300	-27.188	0.170
62.320	-25.250	0.203
62.340	-22.940	0.228
62.360	-20.271	0.245
62.380	-17.343	0.259
62.400	-14.250	0.270
62.420	-10.774	0.276
62.440	-7.224	0.284
62.460	-3.577	0.279
62.480	0.134	0.274
62.500	3.824	0.263
62.520	7.455	0.252
62.540	11.005	0.237
62.560	14.384	0.215
62.580	17.547	0.194
62.600	20.469	0.168
62.620	23.106	0.135
62.640	25.378	0.108
62.660	27.253	0.067
62.680	28.811	0.043
62.700	29.901	0.005
62.720	30.604	-0.027
62.740	30.846	-0.063
62.760	30.647	-0.093
62.780	30.014	-0.129
62.800	28.939	-0.162
62.820	27.468	-0.190
62.840	25.652	-0.215
62.860	23.343	-0.238
62.880	20.754	-0.256
62.900	17.870	-0.275
62.920	14.722	-0.285
62.940	11.360	-0.292
62.960	7.863	-0.292
62.980	4.232	-0.299
63.000	0.564	-0.291
63.020	-3.142	-0.285
63.040	-6.789	-0.266
63.060	-10.372	-0.254
63.080	-13.777	-0.230
63.100	-16.983	-0.210
63.120	-19.959	-0.178
63.140	-22.628	-0.155
63.160	-24.970	-0.118
63.180	-26.984	-0.093
63.200	-28.601	-0.058
63.220	-29.793	-0.031
63.240	-30.535	0.009
63.260	-30.835	0.040
63.280	-30.755	0.079
63.300	-30.223	0.107
63.320	-29.229	0.143
63.340	-27.795	0.172
63.360	-25.980	0.200
63.380	-23.810	0.226
63.400	-21.270	0.253
63.420	-18.428	0.263
63.440	-15.324	0.276
63.460	-12.010	0.280
63.480	-8.492	0.285
63.500	-4.866	0.282
63.520	-1.176	0.287
63.540	2.524	0.272
63.560	6.198	0.264
63.580	9.759	0.250
63.600	13.218	0.234
63.620	16.473	0.211
63.640	19.470	0.185
63.660	22.215	0.156
63.680	24.616	0.119
63.700	26.667	-0.362
63.720	28.290	0.055
63.740	29.589	0.026
63.760	30.411	-0.010
63.780	30.809	-0.043
63.800	30.750	-0.074
63.820	30.298	-0.106
63.840	29.358	-0.141
63.860	28.021	-0.173
63.880	26.281	-0.197
63.900	24.175	-0.220
63.920	21.678	-0.238
63.940	18.965	-0.258
63.960	15.839	-0.273
63.980	12.542	-0.282
64.000	9.185	-0.281
64.020	5.500	-0.284
64.040	1.837	-0.287
64.060	-1.875	-0.278
64.080	-5.543	-0.260
64.100	-9.185	-0.247
64.120	-12.617	-0.230
64.140	-15.898	-0.206
64.160	-18.981	-0.180
64.180	-21.753	-0.158
64.200	-24.224	-0.123
64.220	-26.292	-0.099
64.240	-28.102	-0.063
64.260	-29.396	-0.031
64.280	-30.357	0.005
64.300	-30.766	0.039
64.320	-30.862	0.075
64.340	-30.443	0.104
64.360	-29.627	0.141
64.380	-28.349	0.166
64.400	-26.651	0.199
64.420	-24.610	0.222
64.440	-22.188	0.251
64.460	-19.443	0.260
64.480	-16.409	0.278
64.500	-13.186	0.285
64.520	-9.722	0.295
64.540	-6.134	0.296
64.560	-2.465	0.295
64.580	1.257	0.283
64.600	4.931	0.276
64.620	8.545	0.254
64.640	12.053	0.242
64.660	15.361	0.218
64.680	18.455	0.197
64.700	21.307	0.169
64.720	23.772	0.134
64.740	26.001	0.103
64.760	27.790	0.073
64.780	29.197	0.042
64.800	30.175	0.003
64.820	30.717	-0.027
64.840	30.819	-0.066
64.860	30.508	-0.093
64.880	29.740	-0.130
64.900	28.537	-0.157
64.920	26.963	-0.192
64.940	24.959	-0.209
64.960	22.596	-0.234
64.980	19.975	-0.250
65.000	16.940	-0.271
65.020	13.723	-0.278
65.040	10.312	-0.287
65.060	6.864	-0.290
65.080	3.110	-0.289
65.100	-0.473	-0.283
65.120	-4.265	-0.271
65.140	-7.890	-0.259
65.160	-11.414	-0.241
65.180	-14.765	-0.221
65.200	-17.843	-0.193
65.220	-20.802	-0.168
65.240	-23.311	-0.135
65.260	-25.609	-0.110
65.280	-27.446	-0.078
65.300	-28.999	-0.046
65.320	-30.041	-0.010
65.340	-30.658	0.021
65.360	-30.857	0.053
65.380	-30.594	0.086
65.400	-29.933	0.120
65.420	-28.816	0.149
65.440	-27.269	0.181
65.460	-25.341	0.207
65.480	-23.047	0.232
65.500	-20.421	0.251
65.520	-17.478	0.265
65.540	-14.335	0.275
65.560	-11.011	0.281
65.580	-7.375	0.286
65.600	-3.738	0.283
65.620	-0.027	0.278
65.640	3.674	0.267
65.660	7.299	0.255
65.680	10.844	0.238
65.700	14.239	0.222
65.720	17.408	0.197
65.740	20.340	0.169
65.760	22.999	0.138
65.780	25.223	0.106
65.800	27.215	0.075
65.820	28.708	0.041
65.840	29.879	0.007
65.860	30.583	-0.028
65.880	30.846	-0.055
65.900	30.674	-0.096
65.920	30.041	-0.122
65.940	28.999	-0.160
65.960	27.527	-0.188
65.980	25.690	-0.217
66.000	23.450	-0.239
66.020	20.883	-0.258
66.040	18.084	-0.275
66.060	14.873	-0.290
66.080	11.526	-0.295
66.100	8.110	-0.298
66.120	4.404	-0.303
66.140	0.816	-0.296
66.160	-2.981	-0.288
66.180	-6.633	-0.272
66.200	-10.200	-0.259
66.220	-13.600	-0.233
66.240	-16.822	-0.217
66.260	-19.814	-0.184
66.280	-22.435	-0.161
66.300	-24.868	-0.126
66.320	-26.834	-0.100
66.340	-28.510	-0.064
66.360	-29.708	-0.035
66.380	-30.502	0.002
66.400	-30.803	0.034
66.420	-30.739	0.070
66.440	-30.207	0.102
66.460	-29.256	0.137
66.480	-27.849	0.160
66.500	-26.055	0.192
66.520	-23.891	0.221
66.540	-21.355	0.242
66.560	-18.530	0.258
66.580	-15.426	0.268
66.600	-12.133	0.275
66.620	-8.637	0.284
66.640	-5.017	0.282
66.660	-1.327	0.282
66.680	2.390	0.270
66.700	6.048	0.260
66.720	9.614	0.243
66.740	13.095	0.227
66.760	16.258	0.204
66.780	19.357	0.181
66.800	22.064	0.148
66.820	24.530	0.116
66.840	26.598	0.088
66.860	28.225	0.053
66.880	29.546	0.022
66.900	30.390	-0.015
66.920	30.809	-0.042
66.940	30.766	-0.082
66.960	30.309	-0.110
66.980	29.407	-0.147
67.000	28.075	-0.178
67.020	26.372	-0.204
67.040	24.288	-0.224
67.060	21.876	-0.249
67.080	19.030	-0.264
67.100	15.995	-0.279
67.120	12.697	-0.288
67.140	9.249	-0.290
67.160	5.742	-0.295
67.180	1.998	-0.288
67.200	-1.627	-0.284
67.220	-5.382	-0.271
67.240	-8.991	-0.259
67.260	-12.488	-0.236
67.280	-15.748	-0.218
67.300	-18.847	-0.188
67.320	-21.629	-0.161
67.340	-24.062	-0.134
67.360	-26.254	-0.105
67.380	-28.000	-0.070
67.400	-29.380	-0.039
67.420	-30.314	-0.003
67.440	-30.776	0.027
67.460	-30.835	0.066
67.480	-30.481	0.098
67.500	-29.681	0.131
67.520	-28.424	0.160
67.540	-26.770	0.192
67.560	-24.718	0.221
67.580	-22.322	0.248
67.600	-19.578	0.261
67.620	-16.575	0.276
67.640	-13.347	0.284
67.660	-9.888	0.288
67.680	-6.306	0.284
67.700	-2.626	0.292
67.720	1.080	0.280
67.740	4.770	0.272
67.760	8.379	0.258
67.780	11.875	0.243
67.800	15.232	0.221
67.820	18.251	0.198
67.840	21.178	0.172
67.860	23.724	0.135
67.880	25.910	0.106
67.900	27.709	0.075
67.920	29.144	0.045
67.940	30.137	0.007
67.960	30.707	-0.026
67.980	30.835	-0.059
68.000	30.535	-0.090
68.020	29.777	-0.122
68.040	28.596	-0.156
68.060	27.038	-0.188
68.080	25.062	-0.209
68.100	22.709	-0.233
68.120	20.023	-0.248
68.140	17.069	-0.266
68.160	13.868	-0.275
68.180	10.463	-0.284
68.200	7.004	-0.285
68.220	3.271	-0.284
68.240	-0.414	-0.277
68.260	-4.109	-0.267
68.280	-7.767	-0.251
68.300	-11.295	-0.238
68.320	-14.631	-0.217
68.340	-17.800	-0.189
68.360	-20.689	-0.162
68.380	-23.311	-0.133
68.400	-25.545	-0.103
68.420	-27.446	-0.074
68.440	-28.972	-0.039
68.460	-30.019	-0.007
68.480	-30.680	0.026
68.500	-30.862	0.060
68.520	-30.653	0.092
68.540	-30.008	0.128
68.560	-28.891	0.154
68.580	-27.371	0.184
68.600	-25.427	0.214
68.620	-23.176	0.238
68.640	-20.620	0.260
68.660	-17.639	0.272
68.680	-14.464	0.284
68.700	-11.091	0.296
68.720	-7.573	0.295
68.740	-3.905	0.296
68.760	-0.204	0.291
68.780	3.502	0.281
68.800	7.144	0.261
68.820	10.683	0.248
68.840	14.094	0.229
68.860	17.279	0.207
68.880	20.217	0.181
68.900	22.897	0.150
68.920	25.190	0.121
68.940	27.086	0.085
68.960	28.692	0.052
68.980	29.853	0.017
69.000	30.545	-0.014
69.020	30.846	-0.047
69.040	30.680	-0.082
69.060	30.078	-0.116
69.080	29.052	-0.147
69.100	27.591	-0.185
69.120	25.776	-0.203
69.140	23.563	-0.232
69.160	21.060	-0.249
69.180	18.138	-0.269
69.200	15.018	-0.275
69.220	11.752	-0.287
69.240	8.180	-0.286
69.260	4.657	-0.292
69.280	0.875	-0.288
69.300	-2.723	-0.281
69.320	-6.478	-0.263
69.340	-10.060	-0.255
69.360	-13.481	-0.227
69.380	-16.613	-0.209
69.400	-19.701	-0.181
69.420	-22.397	-0.152
69.440	-24.766	-0.123
69.460	-26.802	-0.093
69.480	-28.472	-0.060
69.500	-29.654	-0.028
69.520	-30.465	0.008
69.540	-30.809	0.036
69.560	-30.755	0.075
69.580	-30.245	0.101
69.600	-29.294	0.139
69.620	-27.930	0.163
69.640	-26.130	0.193
69.660	-23.987	0.218
69.680	-21.495	0.243
69.700	-18.670	0.255
69.720	-15.587	0.271
69.740	-12.278	0.274
69.760	-8.787	0.279
69.780	-5.178	0.280
69.800	-1.482	0.280
69.820	2.218	0.271
69.840	5.897	0.261
69.860	9.469	0.243
69.880	12.939	0.229
69.900	16.194	0.203
69.920	19.223	0.183
69.940	22.005	0.148
69.960	24.428	0.119
69.980	26.506	0.085
70.000	28.193	0.056
70.020	29.498	0.017
70.040	30.363	-0.011
70.060	30.798	-0.048
70.080	30.792	-0.083
70.100	30.357	-0.116
70.120	29.450	-0.145
70.140	28.150	-0.183
70.160	26.458	-0.205
70.180	24.379	-0.232
70.200	21.919	-0.251
70.220	19.159	-0.270
70.240	16.135	-0.286
70.260	12.842	-0.291
70.280	9.399	-0.299
70.300	5.838	-0.299
70.320	2.165	-0.300
70.340	-1.520	-0.292
70.360	-5.210	-0.274
70.380	-8.819	-0.263
70.400	-12.300	-0.247
70.420	-15.576	-0.225
70.440	-18.681	-0.196
70.460	-21.431	-0.170
70.480	-23.982	-0.139
70.500	-26.141	-0.113
70.520	-27.919	-0.077
70.540	-29.310	-0.051
70.560	-30.250	-0.008
70.580	-30.701	0.021
70.600	-30.825	0.062
70.620	-30.476	0.089
70.640	-29.708	0.127
70.660	-28.467	0.152
70.680	-26.796	0.184
70.700	-24.771	0.206
70.720	-22.408	0.239
70.740	-19.680	0.248
70.760	-16.683	0.267
70.780	-13.460	0.272
70.800	-10.017	0.284
70.820	-6.440	0.283
70.840	-2.771	0.284
70.860	0.935	0.275
70.880	4.630	0.265
70.900	8.229	0.251
70.920	11.736	0.237
70.940	15.082	0.214
70.960	18.203	0.193
70.980	21.071	0.164
71.000	23.627	0.132
71.020	25.819	0.099
71.040	27.645	0.069
71.060	29.084	0.038
71.080	30.073	0.001
71.100	30.696	-0.032
71.120	30.841	-0.062
71.140	30.567	-0.099
71.160	29.804	-0.132
71.180	28.649	-0.167
71.200	27.076	-0.194
71.220	25.137	-0.217
71.240	22.800	-0.236
71.260	20.211	-0.255
71.280	17.204	-0.273
71.300	14.088	-0.285
71.320	10.613	-0.290
71.340	7.074	-0.292
71.360	3.437	-0.292
71.380	-0.258	-0.286
71.400	-3.867	-0.277
71.420	-7.600	-0.263
71.440	-11.064	-0.242
71.460	-14.491	-0.222
71.480	-17.671	-0.198
71.500	-20.593	-0.172
71.520	-23.192	-0.144
71.540	-25.459	-0.111
71.560	-27.393	-0.079
71.580	-28.875	-0.045
71.600	-29.998	-0.013
71.620	-30.664	0.017
71.640	-30.835	0.054
71.660	-30.674	0.089
71.680	-30.046	0.123
71.700	-28.982	0.152
71.720	-27.462	0.181
71.740	-25.566	0.210
71.760	-23.294	0.237
71.780	-20.700	0.259
71.800	-17.794	0.271
71.820	-14.636	0.276
71.840	-11.269	0.289
71.860	-7.734	0.288
71.880	-4.077	0.294
71.900	-0.371	0.286
71.920	3.325	0.276
71.940	6.891	0.262
71.960	10.522	0.251
71.980	13.943	0.230
72.000	17.139	0.210
72.020	20.093	0.185
72.040	22.779	0.150
72.060	25.099	0.122
72.080	27.070	0.089
72.100	28.633	0.061
72.120	29.793	0.021
72.140	30.540	-0.010
72.160	30.835	-0.047
72.180	30.701	-0.078
72.200	30.121	-0.110
72.220	29.101	-0.139
72.240	27.656	-0.173
72.260	25.856	-0.200
72.280	23.665	-0.227
72.300	21.098	-0.242
72.320	18.256	-0.262
72.340	15.146	-0.274
72.360	11.795	-0.278
72.380	8.427	-0.284
72.400	4.721	-0.284
72.420	1.133	-0.279
72.440	-2.664	-0.270
72.460	-6.241	-0.259
72.480	-9.926	-0.246
72.500	-13.342	-0.227
72.520	-16.559	-0.198
72.540	-19.583	-0.173
72.560	-22.295	-0.148
72.580	-24.702	-0.114
72.600	-26.737	-0.093
72.620	-28.440	-0.053
72.640	-29.670	-0.027
72.660	-30.459	0.014
72.680	-30.825	0.041
72.700	-30.782	0.078
72.720	-30.309	0.114
72.740	-29.364	0.146
72.760	-28.026	0.170
72.780	-26.254	0.202
72.800	-24.095	0.222
72.820	-21.613	0.251
72.840	-18.793	0.265
72.860	-15.721	0.279
72.880	-12.450	0.285
72.900	-8.954	0.294
72.920	-5.344	0.293
72.940	-1.654	0.292
72.960	2.057	0.277
72.980	5.731	0.270
73.000	9.319	0.251
73.020	12.789	0.234
73.040	16.049	0.210
73.060	19.089	0.190
73.080	21.887	0.164
73.100	24.272	0.128
73.120	26.426	0.097
73.140	28.123	0.063
73.160	29.444	0.032
73.180	30.309	-0.002
73.200	30.782	-0.034
73.220	30.787	-0.074
73.240	30.368	-0.104
73.260	29.509	-0.137
73.280	28.257	-0.171
73.300	26.539	-0.200
73.320	24.481	-0.221
73.340	22.027	-0.246
73.360	19.357	-0.261
73.380	16.269	-0.277
73.400	12.998	-0.284
73.420	9.571	-0.294
73.440	5.978	-0.292
73.460	2.336	-0.294
73.480	-1.375	-0.287
73.500	-5.043	-0.271
73.520	-8.669	-0.259
73.540	-12.166	-0.242
73.560	-15.469	-0.222
73.580	-18.477	-0.193
73.600	-21.382	-0.168
73.620	-23.880	-0.134
73.640	-26.055	-0.107
73.660	-27.860	-0.073
73.680	-29.240	-0.044
73.700	-30.207	-0.009
73.720	-30.723	0.021
73.740	-30.830	0.060
73.760	-30.502	0.089
73.780	-29.718	0.127
73.800	-28.510	0.149
73.820	-26.893	0.182
73.840	-24.874	0.206
73.860	-22.510	0.235
73.880	-19.782	0.247
73.900	-16.806	0.265
73.920	-13.594	0.272
73.940	-10.173	0.280
73.960	-6.601	0.277
73.980	-2.933	0.282
74.000	0.773	0.273
74.020	4.474	0.266
74.040	8.083	0.247
74.060	11.596	0.233
74.080	14.937	0.212
74.100	18.079	0.189
74.120	20.942	0.162
74.140	23.520	0.127
74.160	25.728	0.101
74.180	27.581	0.063
74.200	29.036	0.034
74.220	30.067	-0.001
74.240	30.664	-0.035
74.260	30.841	-0.070
74.280	30.578	-0.100
74.300	29.874	-0.135
74.320	28.708	-0.167
74.340	27.146	-0.197
74.360	25.255	-0.221
74.380	22.913	-0.246
74.400	20.276	-0.260
74.420	17.354	-0.281
74.440	14.164	-0.286
74.460	10.780	-0.292
74.480	7.348	-0.298
74.500	3.609	-0.299
74.520	-0.064	-0.293
74.540	-3.776	-0.281
74.560	-7.412	-0.268
74.580	-10.962	-0.250
74.600	-14.341	-0.229
74.620	-17.499	-0.209
74.640	-20.426	-0.179
74.660	-23.042	-0.151
74.680	-25.341	-0.118
74.700	-27.296	-0.088
74.720	-28.832	-0.056
74.740	-29.922	-0.024
74.760	-30.599	0.012
74.780	-30.830	0.047
74.800	-30.647	0.085
74.820	-30.057	0.114
74.840	-28.999	0.144
74.860	-27.505	0.173
74.880	-25.620	0.200
74.900	-23.375	0.227
74.920	-20.808	0.247
74.940	-17.896	0.264
74.960	-14.749	0.274
74.980	-11.397	0.280
75.000	-7.869	0.281
75.020	-4.232	0.284
75.040	-0.532	0.281
75.060	3.169	0.272
75.080	6.832	0.260
75.100	10.377	0.246
75.120	13.804	0.226
75.140	16.994	0.204
75.160	19.975	0.173
75.180	22.666	0.143
75.200	24.992	0.115
75.220	26.990	0.083
75.240	28.574	0.050
75.260	29.761	0.018
75.280	30.513	-0.018
75.300	30.830	-0.049
75.320	30.707	-0.083
75.340	30.175	-0.114
75.360	29.160	-0.155
75.380	27.736	-0.181
75.400	25.948	-0.208
75.420	23.772	-0.226
75.440	21.221	-0.252
75.460	18.391	-0.265
75.480	15.302	-0.281
75.500	11.945	-0.287
75.520	8.476	-0.291
75.540	4.861	-0.292
75.560	1.187	-0.289
75.580	-2.503	-0.277
75.600	-6.091	-0.264
75.620	-9.781	-0.250
75.640	-13.197	-0.227
75.660	-16.446	-0.207
75.680	-19.476	-0.180
75.700	-22.209	-0.156
75.720	-24.616	-0.119
75.740	-26.667	-0.097
75.760	-28.370	-0.056
75.780	-29.622	-0.029
75.800	-30.459	0.011
75.820	-30.814	0.036
75.840	-30.798	0.076
75.860	-30.352	0.108
75.880	-29.434	0.141
75.900	-28.085	0.168
75.920	-26.345	0.199
75.940	-24.208	0.222
75.960	-21.769	0.242
75.980	-18.938	0.265
76.000	-15.888	0.284
76.020	-12.617	0.290
76.040	-9.115	0.297
76.060	-5.505	0.296
76.080	-1.832	0.294
76.100	1.885	0.284
76.120	5.564	0.274
76.140	9.163	0.259
76.160	12.622	0.243
76.180	15.909	0.221
76.200	18.965	0.195
76.220	21.769	0.169
76.240	24.224	0.128
76.260	26.334	0.103
76.280	28.064	0.068
76.300	29.391	0.040
76.320	30.304	0.003
76.340	30.766	-0.025
76.360	30.814	-0.064
76.380	30.406	-0.096
76.400	29.546	-0.133
76.420	28.284	-0.160
76.440	26.608	-0.191
76.460	24.632	-0.215
76.480	22.150	-0.237
76.500	19.400	-0.252
76.520	16.409	-0.268
76.540	13.143	-0.279
76.560	9.722	-0.283
76.580	6.236	-0.285
76.600	2.487	-0.282
76.620	-1.128	-0.278
76.640	-4.904	-0.267
76.660	-8.535	-0.254
76.680	-12.004	-0.234
76.700	-15.329	-0.212
76.720	-18.444	-0.185
76.740	-21.259	-0.160
76.760	-23.805	-0.130
76.780	-25.985	-0.102
76.800	-27.795	-0.069
76.820	-29.219	-0.037
76.840	-30.191	-0.005
76.860	-30.728	0.029
76.880	-30.852	0.067
76.900	-30.535	0.096
76.920	-29.777	0.132
76.940	-28.601	0.158
76.960	-26.963	0.185
76.980	-24.976	0.216
77.000	-22.618	0.239
77.020	-19.932	0.255
