0.000	20.091	0.134
0.020	22.787	0.095
0.040	25.096	0.071
0.060	27.073	0.032
0.080	28.625	0.002
0.100	29.812	-0.030
0.120	30.543	-0.059
0.140	30.844	-0.095
0.160	30.709	-0.123
0.180	30.135	-0.154
0.200	29.125	-0.179
0.220	27.712	-0.206
0.240	25.907	-0.221
0.260	23.711	-0.243
0.280	21.159	-0.249
0.300	18.323	-0.268
0.320	15.224	-0.267
0.340	11.878	-0.276
0.360	8.408	-0.266
0.380	4.810	-0.268
0.400	1.131	-0.250
0.420	-2.570	-0.244
0.440	-6.222	-0.217
0.460	-9.826	-0.206
0.480	-13.232	-0.178
0.500	-16.470	-0.155
0.520	-19.500	-0.125
0.540	-22.218	-0.098
0.560	-24.624	-0.063
0.580	-26.686	-0.039
0.600	-28.373	-0.000
0.620	-29.624	0.028
0.640	-30.441	0.069
0.660	-30.833	0.092
0.680	-30.822	0.129
0.700	-30.355	0.150
0.720	-29.447	0.184
0.740	-28.110	0.200
0.760	-26.364	0.230
0.780	-24.248	0.242
0.800	-21.804	0.261
0.820	-18.995	0.269
0.840	-15.939	0.279
0.860	-12.684	0.279
0.880	-9.193	0.284
0.900	-5.599	0.272
0.920	-1.920	0.267
0.940	1.781	0.253
0.960	5.454	0.235
0.980	9.031	0.217
1.000	12.512	0.193
1.020	15.794	0.170
1.040	18.850	0.142
1.060	21.675	0.113
1.080	24.146	0.080
1.100	26.262	0.051
1.120	28.002	0.016
1.140	29.356	-0.016
1.160	30.280	-0.055
1.180	30.758	-0.083
1.200	30.811	-0.114
1.220	30.435	-0.140
1.240	29.603	-0.173
1.260	28.362	-0.198
1.280	26.719	-0.217
1.300	24.704	-0.236
1.320	22.287	-0.252
1.340	19.586	-0.263
1.360	16.605	-0.270
1.380	13.350	-0.275
1.400	9.945	-0.278
1.420	6.405	-0.272
1.440	2.742	-0.266
1.460	-0.943	-0.253
1.480	-4.627	-0.239
1.500	-8.269	-0.218
1.520	-11.739	-0.198
1.540	-15.085	-0.171
1.560	-18.184	-0.145
1.580	-21.063	-0.117
1.600	-23.593	-0.085
1.620	-25.811	-0.056
1.640	-27.675	-0.024
1.660	-29.103	0.010
1.680	-30.129	0.043
1.700	-30.682	0.074
1.720	-30.854	0.103
1.740	-30.564	0.137
1.760	-29.877	0.163
1.780	-28.717	0.192
1.800	-27.164	0.210
1.820	-25.182	0.236
1.840	-22.878	0.244
1.860	-20.209	0.258
1.880	-17.281	0.263
1.900	-14.113	0.275
1.920	-10.697	0.271
1.940	-7.162	0.271
1.960	-3.499	0.262
1.980	0.180	0.257
2.000	3.881	0.236
2.020	7.501	0.221
2.040	11.035	0.194
2.060	14.413	0.176
2.080	17.577	0.144
2.100	20.483	0.119
2.120	23.109	0.080
2.140	25.386	0.057
2.160	27.282	0.016
2.180	28.813	-0.006
2.200	29.930	-0.049
2.220	30.602	-0.074
2.240	30.849	-0.112
2.260	30.656	-0.140
2.280	30.016	-0.170
2.300	28.958	-0.193
2.320	27.476	-0.220
2.340	25.634	-0.235
2.360	23.388	-0.257
2.380	20.800	-0.269
2.400	17.921	-0.281
2.420	14.795	-0.284
2.440	11.438	-0.286
2.460	7.947	-0.281
2.480	4.326	-0.280
2.500	0.658	-0.266
2.520	-3.032	-0.256
2.540	-6.700	-0.234
2.560	-10.256	-0.217
2.580	-13.661	-0.187
2.600	-16.868	-0.169
2.620	-19.854	-0.133
2.640	-22.540	-0.111
2.660	-24.876	-0.075
2.680	-26.906	-0.049
2.700	-28.539	-0.010
2.720	-29.732	0.019
2.740	-30.510	0.057
2.760	-30.827	0.079
2.780	-30.736	0.119
2.800	-30.226	0.139
2.820	-29.275	0.174
2.840	-27.879	0.189
2.860	-26.079	0.218
2.880	-23.926	0.227
2.900	-21.406	0.250
2.920	-18.587	0.258
2.940	-15.498	0.270
2.960	-12.211	0.265
2.980	-8.704	0.267
3.000	-5.094	0.262
3.020	-1.405	0.258
3.040	2.291	0.239
3.060	5.948	0.221
3.080	9.520	0.204
3.100	12.979	0.180
3.120	16.234	0.154
3.140	19.253	0.126
3.160	22.024	0.097
3.180	24.447	0.066
3.200	26.525	0.033
3.220	28.206	-0.001
3.240	29.501	-0.032
3.260	30.365	-0.066
3.280	30.801	-0.094
3.300	30.779	-0.131
3.320	30.365	-0.157
3.340	29.463	-0.188
3.360	28.174	-0.209
3.380	26.477	-0.230
3.400	24.404	-0.251
3.420	21.960	-0.263
3.440	19.204	-0.276
3.460	16.186	-0.285
3.480	12.899	-0.287
3.500	9.477	-0.287
3.520	5.895	-0.280
3.540	2.242	-0.272
3.560	-1.453	-0.260
3.580	-5.127	-0.243
3.600	-8.758	-0.225
3.620	-12.222	-0.198
3.640	-15.509	-0.177
3.660	-18.608	-0.144
3.680	-21.433	-0.120
3.700	-23.931	-0.084
3.720	-26.106	-0.055
3.740	-27.884	-0.023
3.760	-29.281	0.009
3.780	-30.247	0.043
3.800	-30.741	0.075
3.820	-30.844	0.105
3.840	-30.516	0.135
3.860	-29.769	0.162
3.880	-28.545	0.192
3.900	-26.939	0.213
3.920	-24.919	0.232
3.940	-22.545	0.246
3.960	-19.870	0.263
3.980	-16.879	0.268
4.000	-13.672	0.273
4.020	-10.261	0.271
4.040	-6.695	0.268
4.060	-3.027	0.261
4.080	0.669	0.251
4.100	4.353	0.240
4.120	7.973	0.217
4.140	11.491	0.191
4.160	14.848	0.170
4.180	17.974	0.144
4.200	20.853	0.117
4.220	23.448	0.085
4.240	25.660	0.052
4.260	27.530	0.017
4.280	28.985	-0.013
4.300	30.043	-0.047
4.320	30.656	-0.077
4.340	30.849	-0.113
4.360	30.596	-0.139
4.380	29.887	-0.166
4.400	28.776	-0.189
4.420	27.234	-0.216
4.440	25.344	-0.231
4.460	23.045	-0.260
4.480	20.424	-0.256
4.500	17.512	-0.281
4.520	14.344	-0.270
4.540	10.960	-0.288
4.560	7.447	-0.265
4.580	3.811	-0.279
4.600	0.132	-0.250
4.620	-3.569	-0.252
4.640	-7.211	-0.217
4.660	-10.761	-0.206
4.680	-14.139	-0.177
4.700	-17.324	-0.152
4.720	-20.279	-0.121
4.740	-22.916	-0.094
4.760	-25.236	-0.060
4.780	-27.191	-0.032
4.800	-28.754	0.003
4.820	-29.909	0.034
4.840	-30.623	0.069
4.860	-30.860	0.097
4.880	-30.741	0.133
4.900	-30.167	0.155
4.920	-29.162	0.188
4.940	-27.691	0.208
4.960	-25.843	0.234
4.980	-23.635	0.243
5.000	-21.090	0.264
5.020	-18.211	0.270
5.040	-15.101	0.280
5.060	-11.765	0.275
5.080	-8.258	0.282
5.100	-4.616	0.267
5.120	-0.927	0.268
5.140	2.780	0.248
5.160	6.421	0.234
5.180	9.982	0.209
5.200	13.420	0.192
5.220	16.648	0.161
5.240	19.639	0.138
5.260	22.368	0.105
5.280	24.747	0.076
5.300	26.767	0.042
5.320	28.410	0.008
5.340	29.646	-0.025
5.360	30.446	-0.057
5.380	30.822	-0.089
5.400	30.758	-0.120
5.420	30.258	-0.149
5.440	29.307	-0.173
5.460	27.965	-0.201
5.480	26.208	-0.221
5.500	24.092	-0.238
5.520	21.594	-0.251
5.540	18.796	-0.267
5.560	15.761	-0.269
5.580	12.453	-0.276
5.600	8.989	-0.270
5.620	5.406	-0.268
5.640	1.738	-0.258
5.660	-1.958	-0.248
5.680	-5.642	-0.223
5.700	-9.230	-0.212
5.720	-12.700	-0.184
5.740	-15.949	-0.164
5.760	-19.006	-0.131
5.780	-21.793	-0.108
5.800	-24.242	-0.072
5.820	-26.375	-0.046
5.840	-28.099	-0.010
5.860	-29.426	0.023
5.880	-30.339	0.059
5.900	-30.790	0.082
5.920	-30.854	0.122
5.940	-30.457	0.149
5.960	-29.608	0.176
5.980	-28.357	0.192
6.000	-26.665	0.221
6.020	-24.624	0.239
6.040	-22.207	0.253
6.060	-19.457	0.264
6.080	-16.449	0.273
6.100	-13.226	0.275
6.120	-9.783	0.276
6.140	-6.185	0.271
6.160	-2.511	0.263
6.180	1.190	0.253
6.200	4.874	0.235
6.220	8.468	0.217
6.240	11.975	0.194
6.260	15.289	0.170
6.280	18.383	0.143
6.300	21.229	0.113
6.320	23.770	0.081
6.340	25.950	0.048
6.360	27.750	0.018
6.380	29.157	-0.014
6.400	30.156	-0.048
6.420	30.715	-0.080
6.440	30.838	-0.114
6.460	30.527	-0.142
6.480	29.759	-0.167
6.500	28.598	-0.200
6.520	27.014	-0.215
6.540	25.064	-0.237
6.560	22.722	-0.254
6.580	20.042	-0.265
6.600	17.099	-0.278
6.620	13.898	-0.277
6.640	10.509	-0.283
6.660	6.980	-0.272
6.680	3.354	-0.272
6.700	-0.352	-0.257
6.720	-4.026	-0.247
6.740	-7.673	-0.222
6.760	-11.196	-0.206
6.780	-14.548	-0.177
6.800	-17.695	-0.159
6.820	-20.622	-0.125
6.840	-23.211	-0.097
6.860	-25.478	-0.061
6.880	-27.385	-0.033
6.900	-28.899	-0.001
6.920	-29.995	0.032
6.940	-30.618	0.067
6.960	-30.854	0.097
6.980	-30.639	0.126
7.000	-30.011	0.153
7.020	-28.937	0.182
7.040	-27.427	0.201
7.060	-25.542	0.225
7.080	-23.281	0.239
7.100	-20.671	0.253
7.120	-17.760	0.261
7.140	-14.617	0.271
7.160	-11.271	0.265
7.180	-7.732	0.266
7.200	-4.106	0.262
7.220	-0.411	0.250
7.240	3.284	0.234
7.260	6.931	0.217
7.280	10.466	0.193
7.300	13.876	0.173
7.320	17.077	0.145
7.340	20.031	0.118
7.360	22.728	0.083
7.380	25.043	0.057
7.400	27.014	0.021
7.420	28.598	-0.008
7.440	29.775	-0.045
7.460	30.527	-0.073
7.480	30.827	-0.114
7.500	30.715	-0.133
7.520	30.140	-0.170
7.540	29.157	-0.188
7.560	27.728	-0.227
7.580	25.961	-0.229
7.600	23.770	-0.263
7.620	21.235	-0.263
7.640	18.404	-0.288
7.660	15.316	-0.278
7.680	11.996	-0.298
7.700	8.521	-0.279
7.720	4.923	-0.289
7.740	1.254	-0.269
7.760	-2.452	-0.259
7.780	-6.099	-0.237
7.800	-9.703	-0.220
7.820	-13.124	-0.198
7.840	-16.347	-0.170
7.860	-19.398	-0.144
7.880	-22.126	-0.116
7.900	-24.511	-0.080
7.920	-26.595	-0.052
7.940	-28.292	-0.015
7.960	-29.576	0.013
7.980	-30.414	0.051
8.000	-30.779	0.074
8.020	-30.801	0.116
8.040	-30.355	0.137
8.060	-29.452	0.171
8.080	-28.136	0.184
8.100	-26.396	0.215
8.120	-24.291	0.230
8.140	-21.847	0.252
8.160	-19.065	0.253
8.180	-16.014	0.271
8.200	-12.764	0.264
8.220	-9.284	0.269
8.240	-5.701	0.265
8.260	-2.011	0.262
8.280	1.695	0.241
8.300	5.363	0.229
8.320	8.951	0.208
8.340	12.437	0.186
8.360	15.729	0.156
8.380	18.791	0.132
8.400	21.600	0.104
8.420	24.087	0.072
8.440	26.203	0.042
8.460	27.954	0.007
8.480	29.329	-0.021
8.500	30.247	-0.058
8.520	30.758	-0.088
8.540	30.817	-0.123
8.560	30.457	-0.148
8.580	29.640	-0.181
8.600	28.410	-0.205
8.620	26.756	-0.223
8.640	24.769	-0.242
8.660	22.352	-0.265
8.680	19.656	-0.271
8.700	16.680	-0.280
8.720	13.436	-0.285
8.740	10.036	-0.281
8.760	6.475	-0.276
8.780	2.828	-0.272
8.800	-0.851	-0.256
8.820	-4.547	-0.243
8.840	-8.183	-0.221
8.860	-11.679	-0.204
8.880	-15.020	-0.177
8.900	-18.135	-0.151
8.920	-21.025	-0.123
8.940	-23.571	-0.090
8.960	-25.779	-0.061
8.980	-27.658	-0.026
9.000	-29.103	0.007
9.020	-30.129	0.039
9.040	-30.720	0.072
9.060	-30.886	0.102
9.080	-30.623	0.133
9.100	-29.936	0.158
9.120	-28.808	0.189
9.140	-27.234	0.209
9.160	-25.279	0.232
9.180	-22.980	0.244
9.200	-20.343	0.263
9.220	-17.405	0.268
9.240	-14.225	0.279
9.260	-10.836	0.271
9.280	-7.281	0.275
9.300	-3.634	0.262
9.320	0.067	0.259
9.340	3.768	0.243
9.360	7.383	0.225
9.380	10.922	0.200
9.400	14.322	0.181
9.420	17.480	0.149
9.440	20.402	0.126
9.460	23.045	0.090
9.480	25.327	0.066
9.500	27.261	0.022
9.520	28.776	-0.004
9.540	29.893	-0.039
9.560	30.596	-0.064
9.580	30.844	-0.102
9.600	30.672	-0.128
9.620	30.022	-0.157
9.640	28.985	-0.186
9.660	27.535	-0.206
9.680	25.682	-0.224
9.700	23.442	-0.247
9.720	20.869	-0.255
9.740	18.001	-0.274
9.760	14.870	-0.270
9.780	11.529	-0.280
9.800	8.022	-0.268
9.820	4.402	-0.272
9.840	0.728	-0.251
9.860	-2.968	-0.246
9.880	-6.636	-0.218
9.900	-10.197	-0.210
9.920	-13.597	-0.173
9.940	-16.814	-0.156
9.960	-19.806	-0.121
9.980	-22.513	-0.100
10.000	-24.876	-0.061
10.020	-26.890	-0.038
10.040	-28.518	0.001
10.060	-29.732	0.033
10.080	-30.521	0.068
10.100	-30.849	0.091
10.120	-30.784	0.130
10.140	-30.290	0.154
10.160	-29.334	0.187
10.180	-27.970	0.205
10.200	-26.171	0.231
10.220	-24.022	0.247
10.240	-21.503	0.260
10.260	-18.689	0.271
10.280	-15.611	0.279
10.300	-12.319	0.279
10.320	-8.833	0.280
10.340	-5.213	0.270
10.360	-1.523	0.266
10.380	2.173	0.252
10.400	5.841	0.237
10.420	9.413	0.216
10.440	12.883	0.194
10.460	16.148	0.165
10.480	19.172	0.140
10.500	21.960	0.109
10.520	24.387	0.077
10.540	26.466	0.044
10.560	28.169	0.012
10.580	29.474	-0.019
10.600	30.349	-0.051
10.620	30.790	-0.086
10.640	30.790	-0.116
10.660	30.365	-0.146
10.680	29.506	-0.169
10.700	28.212	-0.198
10.720	26.520	-0.216
10.740	24.473	-0.243
10.760	22.024	-0.249
10.780	19.285	-0.269
10.800	16.272	-0.267
10.820	12.990	-0.280
10.840	9.569	-0.272
10.860	5.991	-0.272
10.880	2.339	-0.261
10.900	-1.356	-0.250
10.920	-5.019	-0.235
10.940	-8.650	-0.213
10.960	-12.131	-0.198
10.980	-15.423	-0.168
11.000	-18.533	-0.141
11.020	-21.347	-0.112
11.040	-23.866	-0.080
11.060	-26.036	-0.053
11.080	-27.841	-0.019
11.100	-29.243	0.015
11.120	-30.210	0.047
11.140	-30.736	0.079
11.160	-30.865	0.110
11.180	-30.527	0.140
11.200	-29.769	0.169
11.220	-28.577	0.192
11.240	-26.955	0.217
11.260	-24.962	0.234
11.280	-22.626	0.247
11.300	-19.919	0.262
11.320	-16.943	0.263
11.340	-13.758	0.274
11.360	-10.331	0.267
11.380	-6.765	0.270
11.400	-3.107	0.263
11.420	0.599	0.250
11.440	4.267	0.236
11.460	7.893	0.216
11.480	11.411	0.195
11.500	14.762	0.170
11.520	17.899	0.144
11.540	20.794	0.117
11.560	23.394	0.080
11.580	25.617	0.054
11.600	27.470	0.020
11.620	28.958	-0.016
11.640	30.016	-0.048
11.660	30.645	-0.081
11.680	30.849	-0.108
11.700	30.613	-0.144
11.720	29.930	-0.167
11.740	28.824	-0.195
11.760	27.282	-0.220
11.780	25.408	-0.241
11.800	23.109	-0.257
11.820	20.499	-0.271
11.840	17.609	-0.280
11.860	14.435	-0.281
11.880	11.062	-0.287
11.900	7.560	-0.275
11.920	3.929	-0.285
11.940	0.239	-0.258
11.960	-3.446	-0.258
11.980	-7.093	-0.227
12.000	-10.632	-0.218
12.020	-14.010	-0.185
12.040	-17.201	-0.165
12.060	-20.128	-0.132
12.080	-22.803	-0.106
12.100	-25.113	-0.073
12.120	-27.105	-0.044
12.140	-28.679	-0.007
12.160	-29.828	0.024
12.180	-30.559	0.059
12.200	-30.838	0.086
12.220	-30.720	0.118
12.240	-30.151	0.148
12.260	-29.135	0.174
12.280	-27.701	0.196
12.300	-25.859	0.220
12.320	-23.673	0.238
12.340	-21.122	0.248
12.360	-18.254	0.259
12.380	-15.155	0.268
12.400	-11.824	0.264
12.420	-8.317	0.265
12.440	-4.708	0.258
12.460	-1.012	0.249
12.480	2.688	0.235
12.500	6.357	0.219
12.520	9.902	0.198
12.540	13.344	0.176
12.560	16.583	0.149
12.580	19.564	0.122
12.600	22.309	0.090
12.620	24.677	0.061
12.640	26.719	0.027
12.660	28.362	-0.006
12.680	29.614	-0.036
12.700	30.430	-0.069
12.720	30.811	-0.099
12.740	30.752	-0.132
12.760	30.263	-0.162
12.780	29.345	-0.190
12.800	28.013	-0.215
12.820	26.267	-0.231
12.840	24.162	-0.256
12.860	21.675	-0.264
12.880	18.882	-0.282
12.900	15.837	-0.281
12.920	12.539	-0.295
12.940	9.091	-0.282
12.960	5.508	-0.286
12.980	1.840	-0.265
13.000	-1.845	-0.263
13.020	-5.519	-0.240
13.040	-9.117	-0.223
13.060	-12.576	-0.198
13.080	-15.853	-0.175
13.100	-18.909	-0.148
13.120	-21.702	-0.120
13.140	-24.173	-0.085
13.160	-26.300	-0.052
13.180	-28.056	-0.020
13.200	-29.372	0.008
13.220	-30.306	0.045
13.240	-30.763	0.074
13.260	-30.833	0.109
13.280	-30.451	0.135
13.300	-29.646	0.163
13.320	-28.389	0.188
13.340	-26.719	0.213
13.360	-24.667	0.229
13.380	-22.266	0.246
13.400	-19.543	0.258
13.420	-16.546	0.266
13.440	-13.307	0.267
13.460	-9.869	0.267
13.480	-6.281	0.266
13.500	-2.629	0.254
13.520	1.093	0.251
13.540	4.761	0.229
13.560	8.376	0.214
13.580	11.878	0.186
13.600	15.181	0.166
13.620	18.291	0.137
13.640	21.159	0.108
13.660	23.705	0.076
13.680	25.891	0.048
13.700	27.707	0.011
13.720	29.125	-0.020
13.740	30.135	-0.052
13.760	30.704	-0.083
13.780	30.838	-0.115
13.800	30.543	-0.148
13.820	29.796	-0.170
13.840	28.636	-0.200
13.860	27.057	-0.213
13.880	25.113	-0.242
13.900	22.781	-0.254
13.920	20.117	-0.270
13.940	17.185	-0.273
13.960	13.984	-0.284
13.980	10.589	-0.280
14.000	7.050	-0.276
14.020	3.424	-0.272
14.040	-0.266	-0.259
14.060	-3.961	-0.247
14.080	-7.603	-0.222
14.100	-11.132	-0.208
14.120	-14.483	-0.175
14.140	-17.668	-0.156
14.160	-20.579	-0.119
14.180	-23.174	-0.099
14.200	-25.456	-0.060
14.220	-27.379	-0.032
14.240	-28.915	0.003
14.260	-30.006	0.035
14.280	-30.666	0.069
14.300	-30.876	0.098
14.320	-30.693	0.131
14.340	-30.092	0.154
14.360	-29.023	0.188
14.380	-27.530	0.207
14.400	-25.628	0.230
14.420	-23.378	0.243
14.440	-20.794	0.263
14.460	-17.899	0.270
14.480	-14.757	0.275
14.500	-11.400	0.276
14.520	-7.866	0.275
14.540	-4.235	0.269
14.560	-0.540	0.260
14.580	3.156	0.245
14.600	6.813	0.227
14.620	10.369	0.208
14.640	13.774	0.183
14.660	16.991	0.159
14.680	19.951	0.132
14.700	22.653	0.098
14.720	24.978	0.068
14.740	26.955	0.036
14.760	28.545	0.003
14.780	29.748	-0.031
14.800	30.510	-0.057
14.820	30.827	-0.097
14.840	30.720	-0.123
14.860	30.161	-0.153
14.880	29.189	-0.177
14.900	27.787	-0.206
14.920	25.999	-0.221
14.940	23.834	-0.246
14.960	21.299	-0.251
14.980	18.485	-0.268
15.000	15.391	-0.267
15.020	12.072	-0.283
15.040	8.602	-0.270
15.060	5.009	-0.272
15.080	1.335	-0.254
15.100	-2.350	-0.245
15.120	-6.034	-0.225
15.140	-9.617	-0.210
15.160	-13.044	-0.185
15.180	-16.299	-0.156
15.200	-19.349	-0.127
15.220	-22.089	-0.101
15.240	-24.500	-0.070
15.260	-26.573	-0.042
15.280	-28.287	-0.006
15.300	-29.565	0.026
15.320	-30.430	0.061
15.340	-30.827	0.086
15.360	-30.827	0.125
15.380	-30.376	0.149
15.400	-29.506	0.180
15.420	-28.201	0.200
15.440	-26.471	0.225
15.460	-24.366	0.236
15.480	-21.938	0.259
15.500	-19.156	0.264
15.520	-16.111	0.273
15.540	-12.866	0.271
15.560	-9.386	0.279
15.580	-5.793	0.273
15.600	-2.114	0.261
15.620	1.587	0.250
15.640	5.250	0.234
15.660	8.849	0.217
15.680	12.324	0.192
15.700	15.638	0.170
15.720	18.699	0.139
15.740	21.509	0.113
15.760	24.017	0.075
15.780	26.155	0.051
15.800	27.916	0.013
15.820	29.286	-0.015
15.840	30.242	-0.057
15.860	30.747	-0.079
15.880	30.822	-0.119
15.900	30.468	-0.144
15.920	29.662	-0.173
15.940	28.443	-0.200
15.960	26.821	-0.218
15.980	24.828	-0.242
16.000	22.432	-0.252
16.020	19.752	-0.272
16.040	16.782	-0.270
16.060	13.549	-0.285
16.080	10.133	-0.272
16.100	6.582	-0.281
16.120	2.946	-0.264
16.140	-0.739	-0.259
16.160	-4.445	-0.238
16.180	-8.059	-0.222
16.200	-11.567	-0.204
16.220	-14.891	-0.175
16.240	-18.033	-0.151
16.260	-20.907	-0.118
16.280	-23.474	-0.090
16.300	-25.698	-0.058
16.320	-27.567	-0.029
16.340	-29.039	0.006
16.360	-30.081	0.037
16.380	-30.672	0.071
16.400	-30.865	0.097
16.420	-30.596	0.131
16.440	-29.914	0.155
16.460	-28.797	0.187
16.480	-27.245	0.203
16.500	-25.311	0.229
16.520	-23.023	0.238
16.540	-20.386	0.257
16.560	-17.443	0.261
16.580	-14.279	0.269
16.600	-10.901	0.263
16.620	-7.366	0.267
16.640	-3.703	0.254
16.660	-0.019	0.250
16.680	3.682	0.230
16.700	7.329	0.217
16.720	10.847	0.192
16.740	14.236	0.170
16.760	17.416	0.142
16.780	20.343	0.113
16.800	22.986	0.083
16.820	25.268	0.055
16.840	27.213	0.017
16.860	28.749	-0.009
16.880	29.887	-0.048
16.900	30.586	-0.078
16.920	30.849	-0.110
16.940	30.677	-0.142
16.960	30.065	-0.167
16.980	29.028	-0.201
17.000	27.567	-0.217
17.020	25.741	-0.245
17.040	23.528	-0.254
17.060	20.950	-0.277
17.080	18.093	-0.279
17.100	14.967	-0.293
17.120	11.620	-0.292
17.140	8.135	-0.288
17.160	4.531	-0.286
17.180	0.851	-0.267
17.200	-2.839	-0.262
17.220	-6.496	-0.231
17.240	-10.084	-0.225
17.260	-13.484	-0.193
17.280	-16.696	-0.176
17.300	-19.709	-0.134
17.320	-22.384	-0.119
17.340	-24.763	-0.080
17.360	-26.815	-0.056
17.380	-28.453	-0.015
17.400	-29.667	0.014
17.420	-30.484	0.050
17.440	-30.811	0.077
17.460	-30.758	0.114
17.480	-30.280	0.137
17.500	-29.329	0.167
17.520	-27.948	0.188
17.540	-26.198	0.215
17.560	-24.049	0.227
17.580	-21.557	0.246
17.600	-18.732	0.255
17.620	-15.665	0.260
17.640	-12.388	0.264
17.660	-8.897	0.261
17.680	-5.288	0.257
17.700	-1.609	0.254
17.720	2.097	0.236
17.740	5.760	0.221
17.760	9.338	0.198
17.780	12.802	0.176
17.800	16.068	0.154
17.820	19.102	0.121
17.840	21.890	0.097
17.860	24.323	0.063
17.880	26.412	0.031
17.900	28.120	-0.005
17.920	29.442	-0.031
17.940	30.328	-0.065
17.960	30.790	-0.092
17.980	30.806	-0.134
18.000	30.392	-0.152
18.020	29.522	-0.189
18.040	28.249	-0.208
18.060	26.563	-0.234
18.080	24.532	-0.247
18.100	22.089	-0.268
18.120	19.355	-0.276
18.140	16.352	-0.285
18.160	13.097	-0.288
18.180	9.660	-0.285
18.200	6.099	-0.285
18.220	2.452	-0.272
18.240	-1.249	-0.264
18.260	-4.923	-0.243
18.280	-8.559	-0.228
18.300	-12.029	-0.205
18.320	-15.348	-0.181
18.340	-18.436	-0.150
18.360	-21.278	-0.122
18.380	-23.813	-0.092
18.400	-25.983	-0.057
18.420	-27.809	-0.032
18.440	-29.221	0.007
18.460	-30.204	0.035
18.480	-30.731	0.071
18.500	-30.849	0.099
18.520	-30.575	0.136
18.540	-29.823	0.155
18.560	-28.636	0.185
18.580	-27.014	0.209
18.600	-25.027	0.227
18.620	-22.701	0.242
18.640	-20.021	0.262
18.660	-17.056	0.263
18.680	-13.849	0.274
18.700	-10.444	0.269
18.720	-6.899	0.269
18.740	-3.220	0.261
18.760	0.470	0.254
18.780	4.171	0.231
18.800	7.785	0.218
18.820	11.325	0.192
18.840	14.671	0.172
18.860	17.824	0.139
18.880	20.708	0.119
18.900	23.335	0.077
18.920	25.548	0.057
18.940	27.438	0.014
18.960	28.915	-0.014
18.980	30.006	-0.044
19.000	30.650	-0.076
19.020	30.860	-0.106
19.040	30.623	-0.140
19.060	29.952	-0.167
19.080	28.856	-0.193
19.100	27.347	-0.215
19.120	25.472	-0.232
19.140	23.184	-0.254
19.160	20.563	-0.264
19.180	17.674	-0.274
19.200	14.526	-0.277
19.220	11.164	-0.280
19.240	7.630	-0.272
19.260	4.020	-0.276
19.280	0.336	-0.253
19.300	-3.365	-0.247
19.320	-7.001	-0.221
19.340	-10.562	-0.211
19.360	-13.962	-0.178
19.380	-17.147	-0.159
19.400	-20.107	-0.123
19.420	-22.765	-0.101
19.440	-25.102	-0.061
19.460	-27.084	-0.035
19.480	-28.695	0.002
19.500	-29.844	0.029
19.520	-30.591	0.067
19.540	-30.854	0.091
19.560	-30.758	0.131
19.580	-30.215	0.152
19.600	-29.205	0.187
19.620	-27.777	0.206
19.640	-25.940	0.228
19.660	-23.775	0.243
19.680	-21.224	0.261
19.700	-18.372	0.266
19.720	-15.273	0.277
19.740	-11.927	0.272
19.760	-8.435	0.276
19.780	-4.815	0.269
19.800	-1.136	0.260
19.820	2.586	0.246
19.840	6.233	0.232
19.860	9.800	0.212
19.880	13.248	0.192
19.900	16.487	0.163
19.920	19.489	0.137
19.940	22.244	0.102
19.960	24.629	0.074
19.980	26.670	0.039
20.000	28.319	0.009
20.020	29.597	-0.024
20.040	30.419	-0.061
20.060	30.817	-0.086
20.080	30.768	-0.123
20.100	30.301	-0.144
20.120	29.377	-0.178
20.140	28.045	-0.204
20.160	26.326	-0.218
20.180	24.221	-0.241
20.200	21.750	-0.252
20.220	18.963	-0.266
20.240	15.933	-0.270
20.260	12.630	-0.282
20.280	9.198	-0.270
20.300	5.615	-0.272
20.320	1.942	-0.258
20.340	-1.759	-0.251
20.360	-5.422	-0.227
20.380	-9.042	-0.216
20.400	-12.507	-0.191
20.420	-15.767	-0.167
20.440	-18.850	-0.135
20.460	-21.643	-0.111
20.480	-24.092	-0.079
20.500	-26.251	-0.048
20.520	-28.013	-0.015
20.540	-29.366	0.018
20.560	-30.290	0.055
20.580	-30.763	0.080
20.600	-30.833	0.115
20.620	-30.462	0.144
20.640	-29.683	0.171
20.660	-28.427	0.194
20.680	-26.767	0.218
20.700	-24.710	0.238
20.720	-22.325	0.249
20.740	-19.602	0.263
20.760	-16.615	0.269
20.780	-13.387	0.275
20.800	-9.939	0.273
20.820	-6.378	0.270
20.840	-2.710	0.260
20.860	0.986	0.252
20.880	4.670	0.231
20.900	8.274	0.216
20.920	11.808	0.192
20.940	15.112	0.172
20.960	18.227	0.138
20.980	21.079	0.113
21.000	23.646	0.077
21.020	25.838	0.052
21.040	27.653	0.014
21.060	29.098	-0.013
21.080	30.113	-0.053
21.100	30.704	-0.078
21.120	30.849	-0.116
21.140	30.564	-0.140
21.160	29.818	-0.171
21.180	28.679	-0.196
21.200	27.105	-0.222
21.220	25.198	-0.233
21.240	22.851	-0.256
21.260	20.209	-0.267
21.280	17.271	-0.276
21.300	14.086	-0.276
21.320	10.702	-0.282
21.340	7.173	-0.275
21.360	3.537	-0.274
21.380	-0.142	-0.258
21.400	-3.838	-0.249
21.420	-7.463	-0.226
21.440	-11.013	-0.211
21.460	-14.354	-0.183
21.480	-17.529	-0.162
21.500	-20.456	-0.127
21.520	-23.066	-0.102
21.540	-25.344	-0.065
21.560	-27.261	-0.042
21.580	-28.824	0.004
21.600	-29.914	0.025
21.620	-30.602	0.064
21.640	-30.854	0.091
21.660	-30.661	0.126
21.680	-30.065	0.150
21.700	-28.990	0.182
21.720	-27.519	0.192
21.740	-25.634	0.222
21.760	-23.388	0.232
21.780	-20.821	0.252
21.800	-17.926	0.254
21.820	-14.805	0.268
21.840	-11.465	0.262
21.860	-7.936	0.266
21.880	-4.300	0.255
21.900	-0.604	0.252
21.920	3.091	0.229
21.940	6.743	0.217
21.960	10.283	0.193
21.980	13.704	0.174
22.000	16.916	0.142
22.020	19.876	0.121
22.040	22.599	0.084
22.060	24.925	0.059
22.080	26.933	0.021
22.100	28.529	-0.008
22.120	29.732	-0.044
22.140	30.494	-0.072
22.160	30.838	-0.110
22.180	30.731	-0.136
22.200	30.199	-0.169
22.220	29.227	-0.192
22.240	27.841	-0.220
22.260	26.058	-0.235
22.280	23.915	-0.261
22.300	21.374	-0.269
22.320	18.571	-0.285
22.340	15.514	-0.289
22.360	12.190	-0.294
22.380	8.715	-0.285
22.400	5.116	-0.287
22.420	1.469	-0.268
22.440	-2.237	-0.261
22.460	-5.911	-0.241
22.480	-9.504	-0.227
22.500	-12.947	-0.200
22.520	-16.191	-0.177
22.540	-19.226	-0.145
22.560	-21.976	-0.117
22.580	-24.398	-0.086
22.600	-26.488	-0.057
22.620	-28.206	-0.019
22.640	-29.490	0.008
22.660	-30.382	0.047
22.680	-30.774	0.073
22.700	-30.806	0.109
22.720	-30.376	0.134
22.740	-29.511	0.166
22.760	-28.217	0.187
22.780	-26.493	0.210
22.800	-24.409	0.227
22.820	-21.992	0.247
22.840	-19.210	0.250
22.860	-16.186	0.266
22.880	-12.926	0.265
22.900	-9.467	0.267
22.920	-5.889	0.263
22.940	-2.205	0.253
22.960	1.501	0.242
22.980	5.164	0.225
23.000	8.763	0.207
23.020	12.260	0.186
23.040	15.568	0.161
23.060	18.630	0.131
23.080	21.466	0.105
23.100	23.963	0.071
23.120	26.112	0.043
23.140	27.879	0.004
23.160	29.259	-0.023
23.180	30.215	-0.061
23.200	30.741	-0.086
23.220	30.833	-0.123
23.240	30.489	-0.148
23.260	29.689	-0.180
23.280	28.486	-0.205
23.300	26.874	-0.223
23.320	24.903	-0.245
23.340	22.502	-0.261
23.360	19.827	-0.272
23.380	16.868	-0.279
23.400	13.640	-0.289
23.420	10.245	-0.285
23.440	6.674	-0.283
23.460	3.037	-0.272
23.480	-0.653	-0.260
23.500	-4.337	-0.243
23.520	-7.973	-0.227
23.540	-11.481	-0.206
23.560	-14.827	-0.179
23.580	-17.958	-0.159
23.600	-20.837	-0.123
23.620	-23.399	-0.096
23.640	-25.650	-0.063
23.660	-27.535	-0.033
23.680	-28.996	0.006
23.700	-30.065	0.034
23.720	-30.672	0.068
23.740	-30.854	0.099
23.760	-30.629	0.132
23.780	-29.963	0.156
23.800	-28.835	0.185
23.820	-27.299	0.202
23.840	-25.386	0.227
23.860	-23.104	0.243
23.880	-20.477	0.261
23.900	-17.529	0.267
23.920	-14.381	0.274
23.940	-11.013	0.271
23.960	-7.469	0.272
23.980	-3.816	0.261
24.000	-0.110	0.255
24.020	3.580	0.241
24.040	7.216	0.224
24.060	10.756	0.200
24.080	14.150	0.179
24.100	17.324	0.149
24.120	20.262	0.124
24.140	22.927	0.089
24.160	25.215	0.064
24.180	27.154	0.022
24.200	28.711	-0.001
24.220	29.866	-0.040
24.240	30.564	-0.061
24.260	30.849	-0.102
24.280	30.698	-0.127
24.300	30.086	-0.160
24.320	29.060	-0.181
24.340	27.599	-0.210
24.360	25.795	-0.223
24.380	23.593	-0.248
24.400	21.025	-0.254
24.420	18.168	-0.273
24.440	15.063	-0.274
24.460	11.739	-0.278
24.480	8.231	-0.273
24.500	4.616	-0.270
24.520	0.948	-0.257
24.540	-2.753	-0.246
24.560	-6.410	-0.225
24.580	-9.993	-0.206
24.600	-13.404	-0.183
24.620	-16.632	-0.162
24.640	-19.634	-0.126
24.660	-22.325	-0.103
24.680	-24.726	-0.065
24.700	-26.761	-0.040
24.720	-28.427	-0.001
24.740	-29.656	0.026
24.760	-30.468	0.065
24.780	-30.817	0.089
24.800	-30.784	0.130
24.820	-30.301	0.148
24.840	-29.388	0.185
24.860	-28.002	0.197
24.880	-26.246	0.233
24.900	-24.119	0.238
24.920	-21.637	0.264
24.940	-18.818	0.265
24.960	-15.767	0.279
24.980	-12.485	0.274
25.000	-8.999	0.280
25.020	-5.411	0.270
25.040	-1.711	0.269
25.060	1.985	0.246
25.080	5.669	0.236
25.100	9.236	0.213
25.120	12.711	0.194
25.140	15.976	0.165
25.160	19.027	0.141
25.180	21.825	0.109
25.200	24.269	0.076
25.220	26.364	0.047
25.240	28.077	0.014
25.260	29.415	-0.019
25.280	30.306	-0.052
25.300	30.779	-0.083
25.320	30.811	-0.115
25.340	30.414	-0.144
25.360	29.554	-0.174
25.380	28.303	-0.198
25.400	26.622	-0.220
25.420	24.592	-0.237
25.440	22.158	-0.256
25.460	19.435	-0.264
25.480	16.438	-0.277
25.500	13.199	-0.276
25.520	9.762	-0.276
25.540	6.196	-0.272
25.560	2.543	-0.264
25.580	-1.141	-0.253
25.600	-4.815	-0.237
25.620	-8.446	-0.218
25.640	-11.916	-0.194
25.660	-15.235	-0.175
25.680	-18.345	-0.144
25.700	-21.202	-0.116
25.720	-23.716	-0.084
25.740	-25.907	-0.056
25.760	-27.739	-0.022
25.780	-29.168	0.012
25.800	-30.161	0.043
25.820	-30.698	0.078
25.840	-30.844	0.104
25.860	-30.543	0.138
25.880	-29.818	0.162
25.900	-28.636	0.190
25.920	-27.041	0.211
25.940	-25.059	0.231
25.960	-22.755	0.247
25.980	-20.080	0.259
26.000	-17.110	0.263
26.020	-13.935	0.273
26.040	-10.509	0.266
26.060	-6.964	0.271
26.080	-3.295	0.259
26.100	0.400	0.254
26.120	4.085	0.234
26.140	7.710	0.217
26.160	11.228	0.196
26.180	14.596	0.174
26.200	17.738	0.140
26.220	20.638	0.120
26.240	23.276	0.080
26.260	25.494	0.058
26.280	27.401	0.016
26.300	28.888	-0.008
26.320	29.973	-0.047
26.340	30.634	-0.076
26.360	30.854	-0.115
26.380	30.645	-0.139
26.400	29.963	-0.173
26.420	28.888	-0.192
26.440	27.406	-0.226
26.460	25.526	-0.232
26.480	23.243	-0.264
26.500	20.660	-0.261
26.520	17.765	-0.285
26.540	14.628	-0.282
26.560	11.277	-0.291
26.580	7.759	-0.279
26.600	4.144	-0.284
26.620	0.465	-0.265
26.640	-3.241	-0.258
26.660	-6.883	-0.230
26.680	-10.439	-0.221
26.700	-13.828	-0.188
26.720	-17.040	-0.168
26.740	-20.005	-0.132
26.760	-22.658	-0.111
26.780	-24.989	-0.073
26.800	-26.992	-0.049
26.820	-28.609	-0.010
26.840	-29.764	0.018
26.860	-30.527	0.058
26.880	-30.833	0.080
26.900	-30.720	0.120
26.920	-30.172	0.140
26.940	-29.205	0.171
26.960	-27.777	0.190
26.980	-25.950	0.218
27.000	-23.786	0.228
27.020	-21.245	0.250
27.040	-18.426	0.254
27.060	-15.316	0.266
27.080	-12.007	0.263
27.100	-8.505	0.267
27.120	-4.901	0.256
27.140	-1.211	0.253
27.160	2.500	0.235
27.180	6.153	0.222
27.200	9.719	0.194
27.220	13.162	0.180
27.240	16.417	0.148
27.260	19.419	0.123
27.280	22.164	0.087
27.300	24.570	0.064
27.320	26.622	0.023
27.340	28.281	-0.003
27.360	29.565	-0.040
27.380	30.403	-0.071
27.400	30.806	-0.100
27.420	30.784	-0.132
27.440	30.317	-0.161
27.460	29.409	-0.191
27.480	28.088	-0.214
27.500	26.364	-0.236
27.520	24.280	-0.252
27.540	21.820	-0.268
27.560	19.054	-0.278
27.580	16.014	-0.286
27.600	12.738	-0.289
27.620	9.284	-0.291
27.640	5.707	-0.285
27.660	2.049	-0.279
27.680	-1.646	-0.260
27.700	-5.315	-0.243
27.720	-8.924	-0.227
27.740	-12.383	-0.202
27.760	-15.665	-0.179
27.780	-18.753	-0.149
27.800	-21.562	-0.126
27.820	-24.028	-0.087
27.840	-26.181	-0.062
27.860	-27.954	-0.024
27.880	-29.323	0.005
27.900	-30.263	0.041
27.920	-30.747	0.069
27.940	-30.817	0.105
27.960	-30.468	0.133
27.980	-29.678	0.163
28.000	-28.453	0.185
28.020	-26.815	0.205
28.040	-24.785	0.228
28.060	-22.395	0.242
28.080	-19.688	0.258
28.100	-16.701	0.262
28.120	-13.484	0.270
28.140	-10.057	0.264
28.160	-6.475	0.265
28.180	-2.812	0.256
28.200	0.900	0.248
28.220	4.579	0.229
28.240	8.194	0.215
28.260	11.690	0.188
28.280	15.026	0.168
28.300	18.141	0.134
28.320	21.020	0.113
28.340	23.587	0.076
28.360	25.779	0.051
28.380	27.632	0.011
28.400	29.060	-0.014
28.420	30.092	-0.056
28.440	30.688	-0.080
28.460	30.849	-0.119
28.480	30.575	-0.143
28.500	29.861	-0.174
28.520	28.711	-0.197
28.540	27.154	-0.219
28.560	25.236	-0.238
28.580	22.921	-0.260
28.600	20.279	-0.268
28.620	17.357	-0.281
28.640	14.172	-0.281
28.660	10.793	-0.287
28.680	7.270	-0.276
28.700	3.639	-0.278
28.720	-0.056	-0.260
28.740	-3.741	-0.250
28.760	-7.388	-0.227
28.780	-10.922	-0.210
28.800	-14.295	-0.182
28.820	-17.475	-0.157
28.840	-20.397	-0.127
28.860	-23.023	-0.103
28.880	-25.306	-0.062
28.900	-27.256	-0.039
28.920	-28.802	0.001
28.940	-29.914	0.030
28.960	-30.623	0.068
28.980	-30.860	0.093
29.000	-30.693	0.126
29.020	-30.092	0.150
29.040	-29.066	0.184
29.060	-27.573	0.202
29.080	-25.714	0.229
29.100	-23.485	0.242
29.120	-20.912	0.261
29.140	-18.028	0.268
29.160	-14.907	0.276
29.180	-11.567	0.272
29.200	-8.049	0.274
29.220	-4.412	0.266
29.240	-0.717	0.261
29.260	2.978	0.244
29.280	6.625	0.229
29.300	10.176	0.205
29.320	13.624	0.185
29.340	16.830	0.156
29.360	19.811	0.129
29.380	22.529	0.098
29.400	24.860	0.069
29.420	26.874	0.038
29.440	28.486	0.006
29.460	29.705	-0.032
29.480	30.478	-0.062
29.500	30.838	-0.094
29.520	30.741	-0.121
29.540	30.210	-0.156
29.560	29.259	-0.175
29.580	27.879	-0.211
29.600	26.122	-0.218
29.620	23.974	-0.251
29.640	21.455	-0.247
29.660	18.651	-0.272
29.680	15.579	-0.265
29.700	12.260	-0.284
29.720	8.801	-0.264
29.740	5.218	-0.276
29.760	1.560	-0.251
29.780	-2.140	-0.251
29.800	-5.809	-0.223
29.820	-9.407	-0.213
29.840	-12.850	-0.186
29.860	-16.111	-0.162
29.880	-19.145	-0.133
29.900	-21.927	-0.103
29.920	-24.355	-0.073
29.940	-26.461	-0.044
29.960	-28.179	-0.011
29.980	-29.474	0.024
30.000	-30.371	0.061
30.020	-30.779	0.086
30.040	-30.806	0.120
30.060	-30.403	0.146
30.080	-29.544	0.176
30.100	-28.260	0.195
30.120	-26.557	0.224
30.140	-24.479	0.238
30.160	-22.062	0.256
30.180	-19.296	0.263
30.200	-16.277	0.278
30.220	-13.022	0.274
30.240	-9.590	0.278
30.260	-6.002	0.268
30.280	-2.307	0.266
30.300	1.399	0.250
30.320	5.078	0.234
30.340	8.672	0.217
30.360	12.174	0.194
30.380	15.471	0.167
30.400	18.554	0.145
30.420	21.385	0.113
30.440	23.893	0.080
30.460	26.052	0.052
30.480	27.830	0.013
30.500	29.227	-0.014
30.520	30.204	-0.055
30.540	30.736	-0.075
30.560	30.833	-0.118
30.580	30.505	-0.141
30.600	29.732	-0.173
30.620	28.534	-0.198
30.640	26.928	-0.214
30.660	24.951	-0.240
30.680	22.588	-0.252
30.700	19.919	-0.271
30.720	16.948	-0.268
30.740	13.726	-0.284
30.760	10.326	-0.275
30.780	6.792	-0.281
30.800	3.134	-0.264
30.820	-0.540	-0.260
30.840	-4.230	-0.240
30.860	-7.861	-0.223
30.880	-11.395	-0.203
30.900	-14.714	-0.177
30.920	-17.851	-0.152
30.940	-20.757	-0.124
30.960	-23.324	-0.096
30.980	-25.569	-0.060
31.000	-27.465	-0.032
31.020	-28.958	0.003
31.040	-30.016	0.034
31.060	-30.639	0.069
31.080	-30.854	0.097
31.100	-30.629	0.130
31.120	-29.968	0.151
31.140	-28.867	0.188
31.160	-27.325	0.200
31.180	-25.419	0.229
31.200	-23.147	0.239
31.220	-20.531	0.258
31.240	-17.609	0.260
31.260	-14.440	0.275
31.280	-11.078	0.267
31.300	-7.538	0.270
31.320	-3.897	0.257
31.340	-0.201	0.254
31.360	3.499	0.231
31.380	7.125	0.220
31.400	10.664	0.191
31.420	14.075	0.178
31.440	17.255	0.143
31.460	20.193	0.119
31.480	22.857	0.084
31.500	25.166	0.055
31.520	27.116	0.016
31.540	28.674	-0.007
31.560	29.823	-0.045
31.580	30.553	-0.079
31.600	30.844	-0.108
31.620	30.693	-0.140
31.640	30.097	-0.164
31.660	29.103	-0.200
31.680	27.658	-0.212
31.700	25.848	-0.244
31.720	23.657	-0.249
31.740	21.090	-0.278
31.760	18.254	-0.276
31.780	15.155	-0.293
31.800	11.814	-0.285
31.820	8.333	-0.290
31.840	4.729	-0.282
31.860	1.066	-0.272
31.880	-2.640	-0.259
31.900	-6.287	-0.234
31.920	-9.869	-0.222
31.940	-13.285	-0.189
31.960	-16.524	-0.179
31.980	-19.532	-0.139
32.000	-22.244	-0.122
32.020	-24.640	-0.077
32.040	-26.702	-0.057
32.060	-28.378	-0.016
32.080	-29.603	0.012
32.100	-30.430	0.049
32.120	-30.784	0.079
32.140	-30.774	0.108
32.160	-30.285	0.137
32.180	-29.388	0.168
32.200	-28.024	0.185
32.220	-26.278	0.211
32.240	-24.151	0.226
32.260	-21.697	0.247
32.280	-18.898	0.255
32.300	-15.831	0.260
32.320	-12.571	0.263
32.340	-9.080	0.263
32.360	-5.481	0.260
32.380	-1.807	0.250
32.400	1.904	0.240
32.420	5.567	0.221
32.440	9.150	0.207
32.460	12.625	0.180
32.480	15.901	0.156
32.500	18.947	0.125
32.520	21.750	0.100
32.540	24.216	0.063
32.560	26.316	0.036
32.580	28.051	0.001
32.600	29.383	-0.031
32.620	30.296	-0.065
32.640	30.768	-0.095
32.660	30.811	-0.127
32.680	30.425	-0.156
32.700	29.587	-0.182
32.720	28.330	-0.210
32.740	26.676	-0.230
32.760	24.651	-0.249
32.780	22.223	-0.268
32.800	19.510	-0.277
32.820	16.524	-0.283
32.840	13.275	-0.288
32.860	9.864	-0.288
32.880	6.308	-0.287
32.900	2.661	-0.274
32.920	-1.045	-0.264
32.940	-4.719	-0.247
32.960	-8.349	-0.227
32.980	-11.835	-0.207
33.000	-15.155	-0.177
33.020	-18.264	-0.155
33.040	-21.127	-0.123
33.060	-23.652	-0.096
33.080	-25.854	-0.060
33.100	-27.701	-0.033
33.120	-29.141	0.005
33.140	-30.140	0.034
33.160	-30.693	0.069
33.180	-30.827	0.100
33.200	-30.570	0.132
33.220	-29.844	0.155
33.240	-28.695	0.184
33.260	-27.105	0.206
33.280	-25.129	0.225
33.300	-22.824	0.240
33.320	-20.144	0.258
33.340	-17.196	0.268
33.360	-14.021	0.271
33.380	-10.611	0.267
33.400	-7.060	0.267
33.420	-3.403	0.258
33.440	0.287	0.252
33.460	3.983	0.237
33.480	7.597	0.214
33.500	11.121	0.196
33.520	14.510	0.172
33.540	17.663	0.145
33.560	20.563	0.116
33.580	23.206	0.081
33.600	25.451	0.056
33.620	27.347	0.016
33.640	28.856	-0.007
33.660	29.957	-0.046
33.680	30.618	-0.070
33.700	30.854	-0.113
33.720	30.650	-0.135
33.740	30.011	-0.170
33.760	28.926	-0.188
33.780	27.417	-0.218
33.800	25.580	-0.230
33.820	23.324	-0.257
33.840	20.730	-0.260
33.860	17.840	-0.276
33.880	14.709	-0.278
33.900	11.352	-0.288
33.920	7.844	-0.275
33.940	4.219	-0.273
33.960	0.545	-0.260
33.980	-3.150	-0.247
34.000	-6.802	-0.227
34.020	-10.358	-0.210
34.040	-13.747	-0.184
34.060	-16.965	-0.156
34.080	-19.935	-0.127
34.100	-22.620	-0.099
34.120	-24.962	-0.068
34.140	-26.949	-0.039
34.160	-28.566	-0.003
34.180	-29.764	0.027
34.200	-30.537	0.064
34.220	-30.817	0.092
34.240	-30.741	0.129
34.260	-30.226	0.148
34.280	-29.248	0.185
34.300	-27.846	0.197
34.320	-26.036	0.230
34.340	-23.866	0.238
34.360	-21.337	0.264
34.380	-18.522	0.263
34.400	-15.423	0.279
34.420	-12.125	0.273
34.440	-8.618	0.279
34.460	-4.998	0.267
34.480	-1.308	0.267
34.500	2.382	0.244
34.520	6.051	0.234
34.540	9.622	0.211
34.560	13.076	0.192
34.580	16.325	0.163
34.600	19.333	0.136
34.620	22.099	0.106
34.640	24.516	0.073
34.660	26.579	0.045
34.680	28.249	0.009
34.700	29.533	-0.017
34.720	30.392	-0.059
34.740	30.811	-0.081
34.760	30.784	-0.123
34.780	30.339	-0.142
34.800	29.442	-0.179
34.820	28.136	-0.196
34.840	26.418	-0.222
34.860	24.344	-0.238
34.880	21.895	-0.253
34.900	19.118	-0.267
34.920	16.100	-0.272
34.940	12.834	-0.276
34.960	9.391	-0.274
34.980	5.814	-0.276
35.000	2.146	-0.258
35.020	-1.544	-0.251
35.040	-5.229	-0.227
35.060	-8.844	-0.218
35.080	-12.302	-0.189
35.100	-15.584	-0.169
35.120	-18.694	-0.135
35.140	-21.525	-0.112
35.160	-23.990	-0.077
35.180	-26.128	-0.048
35.200	-27.906	-0.016
35.220	-29.286	0.018
35.240	-30.242	0.050
35.260	-30.741	0.080
35.280	-30.849	0.110
35.300	-30.484	0.144
35.320	-29.705	0.166
35.340	-28.486	0.193
35.360	-26.853	0.215
35.380	-24.849	0.242
35.400	-22.465	0.247
35.420	-19.763	0.264
35.440	-16.766	0.267
35.460	-13.570	0.278
35.480	-10.127	0.271
35.500	-6.550	0.269
35.520	-2.908	0.264
35.540	0.798	0.253
35.560	4.477	0.234
35.580	8.097	0.217
35.600	11.604	0.192
35.620	14.956	0.175
35.640	18.071	0.142
35.660	20.950	0.116
35.680	23.523	0.081
35.700	25.736	0.055
35.720	27.578	0.021
35.740	29.028	-0.012
35.760	30.070	-0.048
35.780	30.682	-0.077
35.800	30.849	-0.113
35.820	30.591	-0.137
35.840	29.882	-0.170
35.860	28.754	-0.193
35.880	27.218	-0.221
35.900	25.301	-0.234
35.920	22.980	-0.258
35.940	20.365	-0.262
35.960	17.448	-0.280
35.980	14.268	-0.276
36.000	10.890	-0.288
36.020	7.372	-0.272
36.040	3.752	-0.280
36.060	0.056	-0.252
36.080	-3.639	-0.252
36.100	-7.291	-0.225
36.120	-10.825	-0.214
36.140	-14.193	-0.179
36.160	-17.373	-0.163
36.180	-20.295	-0.125
36.200	-22.927	-0.102
36.220	-25.220	-0.065
36.240	-27.191	-0.041
36.260	-28.733	-0.003
36.280	-29.871	0.026
36.300	-30.580	0.064
36.320	-30.833	0.090
36.340	-30.682	0.125
36.360	-30.086	0.146
36.380	-29.071	0.180
36.400	-27.594	0.194
36.420	-25.736	0.222
36.440	-23.528	0.234
36.460	-20.977	0.254
36.480	-18.076	0.253
36.500	-14.972	0.269
36.520	-11.658	0.260
36.540	-8.129	0.269
36.560	-4.498	0.254
36.580	-0.792	0.256
36.600	2.898	0.232
36.620	6.555	0.221
36.640	10.095	0.192
36.660	13.522	0.177
36.680	16.750	0.144
36.700	19.731	0.126
36.720	22.459	0.087
36.740	24.806	0.061
36.760	26.821	0.019
36.780	28.443	-0.006
36.800	29.673	-0.041
36.820	30.468	-0.073
36.840	30.833	-0.104
36.860	30.747	-0.139
36.880	30.247	-0.164
36.900	29.286	-0.197
36.920	27.922	-0.215
36.940	26.171	-0.237
36.960	24.038	-0.256
36.980	21.519	-0.271
37.000	18.726	-0.285
37.020	15.676	-0.289
37.040	12.367	-0.295
37.060	8.913	-0.289
37.080	5.320	-0.290
37.100	1.657	-0.272
37.120	-2.044	-0.267
37.140	-5.707	-0.239
37.160	-9.311	-0.230
37.180	-12.754	-0.199
37.200	-16.030	-0.180
37.220	-19.081	-0.145
37.240	-21.831	-0.120
37.260	-24.285	-0.088
37.280	-26.402	-0.057
37.300	-28.126	-0.022
37.320	-29.452	0.008
37.340	-30.333	0.046
37.360	-30.763	0.074
37.380	-30.811	0.106
37.400	-30.414	0.132
37.420	-29.587	0.161
37.440	-28.298	0.186
37.460	-26.606	0.209
37.480	-24.554	0.228
37.500	-22.137	0.240
37.520	-19.392	0.255
37.540	-16.368	0.265
37.560	-13.124	0.266
37.580	-9.671	0.264
37.600	-6.077	0.263
37.620	-2.414	0.254
37.640	1.286	0.241
37.660	4.966	0.222
37.680	8.553	0.208
37.700	12.072	0.182
37.720	15.385	0.159
37.740	18.474	0.129
37.760	21.304	0.106
37.780	23.834	0.070
37.800	26.004	0.042
37.820	27.793	0.004
37.840	29.200	-0.020
37.860	30.172	-0.060
37.880	30.731	-0.092
37.900	30.844	-0.123
37.920	30.516	-0.151
37.940	29.748	-0.177
37.960	28.561	-0.205
37.980	26.955	-0.227
38.000	25.010	-0.247
38.020	22.663	-0.261
38.040	19.967	-0.276
38.060	17.013	-0.280
38.080	13.812	-0.285
38.100	10.412	-0.289
38.120	6.867	-0.283
38.140	3.225	-0.280
38.160	-0.459	-0.262
38.180	-4.144	-0.249
38.200	-7.796	-0.227
38.220	-11.314	-0.211
38.240	-14.644	-0.180
38.260	-17.813	-0.161
38.280	-20.719	-0.121
38.300	-23.297	-0.101
38.320	-25.580	-0.062
38.340	-27.476	-0.038
38.360	-28.985	-0.000
38.380	-30.049	0.031
38.400	-30.693	0.067
38.420	-30.870	0.098
38.440	-30.672	0.126
38.460	-30.049	0.154
38.480	-28.953	0.183
38.500	-27.422	0.203
38.520	-25.526	0.225
38.540	-23.243	0.238
38.560	-20.644	0.259
38.580	-17.738	0.265
38.600	-14.591	0.274
38.620	-11.223	0.271
38.640	-7.673	0.268
38.660	-4.031	0.262
38.680	-0.330	0.254
38.700	3.365	0.234
38.720	7.012	0.221
38.740	10.568	0.200
38.760	13.957	0.180
38.780	17.153	0.149
38.800	20.101	0.123
38.820	22.787	0.092
38.840	25.096	0.063
38.860	27.073	0.022
38.880	28.636	-0.004
38.900	29.812	-0.041
38.920	30.548	-0.065
38.940	30.854	-0.103
38.960	30.715	-0.133
38.980	30.135	-0.160
39.000	29.130	-0.184
39.020	27.712	-0.212
39.040	25.897	-0.226
39.060	23.705	-0.247
39.080	21.159	-0.262
39.100	18.329	-0.268
39.120	15.224	-0.277
39.140	11.889	-0.280
39.160	8.419	-0.273
39.180	4.810	-0.271
39.200	1.136	-0.258
39.220	-2.570	-0.246
39.240	-6.222	-0.225
39.260	-9.821	-0.214
39.280	-13.232	-0.185
39.300	-16.487	-0.160
39.320	-19.510	-0.131
39.340	-22.223	-0.105
39.360	-24.629	-0.069
39.380	-26.681	-0.045
39.400	-28.378	-0.004
39.420	-29.635	0.024
39.440	-30.451	0.059
39.460	-30.806	0.087
39.480	-30.801	0.125
39.500	-30.355	0.146
39.520	-29.447	0.182
39.540	-28.110	0.199
39.560	-26.380	0.225
39.580	-24.264	0.238
39.600	-21.799	0.258
39.620	-19.000	0.262
39.640	-15.966	0.275
39.660	-12.689	0.275
39.680	-9.203	0.276
39.700	-5.610	0.274
39.720	-1.926	0.265
39.740	1.786	0.249
39.760	5.444	0.235
39.780	9.042	0.213
39.800	12.517	0.194
39.820	15.810	0.169
39.840	18.866	0.139
39.860	21.686	0.111
39.880	24.156	0.079
39.900	26.262	0.051
39.920	28.002	0.014
39.940	29.356	-0.014
39.960	30.285	-0.056
39.980	30.763	-0.084
40.000	30.817	-0.115
40.020	30.435	-0.143
40.040	29.603	-0.169
40.060	28.373	-0.198
40.080	26.724	-0.220
40.100	24.710	-0.239
40.120	22.287	-0.256
40.140	19.586	-0.265
40.160	16.610	-0.275
40.180	13.361	-0.275
40.200	9.950	-0.276
40.220	6.389	-0.275
40.240	2.731	-0.264
40.260	-0.948	-0.254
40.280	-4.633	-0.239
40.300	-8.269	-0.218
40.320	-11.739	-0.197
40.340	-15.074	-0.173
40.360	-18.195	-0.145
40.380	-21.041	-0.114
40.400	-23.614	-0.084
40.420	-25.811	-0.054
40.440	-27.675	-0.024
40.460	-29.114	0.012
40.480	-30.135	0.042
40.500	-30.704	0.079
40.520	-30.865	0.105
40.540	-30.570	0.140
40.560	-29.882	0.161
40.580	-28.727	0.195
40.600	-27.154	0.213
40.620	-25.182	0.230
40.640	-22.873	0.245
40.660	-20.225	0.258
40.680	-17.276	0.264
40.700	-14.102	0.275
40.720	-10.702	0.271
40.740	-7.162	0.268
40.760	-3.505	0.263
40.780	0.191	0.257
40.800	3.881	0.235
40.820	7.511	0.220
40.840	11.040	0.195
40.860	14.419	0.176
40.880	17.577	0.146
40.900	20.493	0.119
40.920	23.120	0.084
40.940	25.386	0.057
40.960	27.299	0.018
40.980	28.819	-0.005
41.000	29.930	-0.048
41.020	30.596	-0.074
41.040	30.854	-0.109
41.060	30.656	-0.136
41.080	30.022	-0.165
41.100	28.974	-0.190
41.120	27.476	-0.222
41.140	25.634	-0.231
41.160	23.394	-0.256
41.180	20.805	-0.264
41.200	17.931	-0.280
41.220	14.805	-0.276
41.240	11.427	-0.290
41.260	7.952	-0.276
41.280	4.332	-0.278
41.300	0.653	-0.261
41.320	-3.043	-0.253
41.340	-6.695	-0.231
41.360	-10.251	-0.218
41.380	-13.661	-0.191
41.400	-16.863	-0.169
41.420	-19.838	-0.136
41.440	-22.524	-0.111
41.460	-24.892	-0.073
41.480	-26.896	-0.051
41.500	-28.518	-0.011
41.520	-29.716	0.019
41.540	-30.505	0.057
41.560	-30.817	0.082
41.580	-30.747	0.119
41.600	-30.220	0.140
41.620	-29.254	0.173
41.640	-27.857	0.188
41.660	-26.074	0.219
41.680	-23.909	0.227
41.700	-21.412	0.250
41.720	-18.576	0.250
41.740	-15.477	0.266
41.760	-12.184	0.260
41.780	-8.709	0.269
41.800	-5.084	0.255
41.820	-1.410	0.253
41.840	2.296	0.233
41.860	5.959	0.224
41.880	9.526	0.198
41.900	12.990	0.177
41.920	16.234	0.150
41.940	19.263	0.122
41.960	22.030	0.094
41.980	24.452	0.062
42.000	26.525	0.026
42.020	28.206	-0.005
42.040	29.506	-0.035
42.060	30.360	-0.070
42.080	30.801	-0.101
42.100	30.790	-0.138
42.120	30.360	-0.159
42.140	29.469	-0.193
42.160	28.185	-0.212
42.180	26.477	-0.231
42.200	24.409	-0.253
42.220	21.960	-0.268
42.240	19.194	-0.281
42.260	16.186	-0.285
42.280	12.915	-0.293
42.300	9.483	-0.286
42.320	5.900	-0.293
42.340	2.248	-0.272
42.360	-1.431	-0.267
42.380	-5.116	-0.245
42.400	-8.736	-0.228
42.420	-12.200	-0.203
42.440	-15.488	-0.184
42.460	-18.592	-0.152
42.480	-21.406	-0.127
42.500	-23.915	-0.091
42.520	-26.085	-0.061
42.540	-27.884	-0.030
42.560	-29.259	0.002
42.580	-30.220	0.037
42.600	-30.720	0.072
42.620	-30.844	0.101
42.640	-30.494	0.130
42.660	-29.737	0.159
42.680	-28.523	0.184
42.700	-26.890	0.208
42.720	-24.898	0.228
42.740	-22.534	0.238
42.760	-19.838	0.254
42.780	-16.857	0.260
42.800	-13.656	0.266
42.820	-10.240	0.264
42.840	-6.679	0.263
42.860	-3.010	0.256
42.880	0.685	0.247
42.900	4.385	0.230
42.920	7.995	0.211
42.940	11.502	0.186
42.960	14.854	0.167
42.980	17.985	0.138
43.000	20.864	0.113
43.020	23.458	0.076
43.040	25.666	0.050
43.060	27.524	0.011
43.080	28.996	-0.018
43.100	30.049	-0.053
43.120	30.661	-0.083
43.140	30.854	-0.117
43.160	30.602	-0.144
43.180	29.893	-0.176
43.200	28.781	-0.200
43.220	27.245	-0.222
43.240	25.360	-0.240
43.260	23.045	-0.260
43.280	20.434	-0.268
43.300	17.518	-0.285
43.320	14.349	-0.279
43.340	10.970	-0.292
43.360	7.458	-0.280
43.380	3.816	-0.281
43.400	0.137	-0.258
43.420	-3.558	-0.256
43.440	-7.205	-0.223
43.460	-10.761	-0.214
43.480	-14.139	-0.183
43.500	-17.330	-0.167
43.520	-20.262	-0.131
43.540	-22.910	-0.104
43.560	-25.220	-0.065
43.580	-27.186	-0.038
43.600	-28.765	-0.003
43.620	-29.898	0.030
43.640	-30.613	0.061
43.660	-30.838	0.089
43.680	-30.741	0.127
43.700	-30.167	0.148
43.720	-29.152	0.182
43.740	-27.680	0.196
43.760	-25.843	0.225
43.780	-23.641	0.237
43.800	-21.079	0.260
43.820	-18.211	0.265
43.840	-15.095	0.277
43.860	-11.776	0.271
43.880	-8.253	0.278
43.900	-4.616	0.265
43.920	-0.943	0.260
43.940	2.769	0.246
43.960	6.421	0.227
43.980	9.993	0.205
44.000	13.420	0.186
44.020	16.653	0.155
44.040	19.650	0.132
44.060	22.384	0.097
44.080	24.742	0.072
44.100	26.767	0.033
44.120	28.405	0.001
44.140	29.651	-0.026
44.160	30.457	-0.060
44.180	30.827	-0.093
44.200	30.758	-0.129
44.220	30.258	-0.149
44.240	29.313	-0.178
44.260	27.965	-0.205
44.280	26.224	-0.218
44.300	24.097	-0.243
44.320	21.589	-0.256
44.340	18.807	-0.268
44.360	15.756	-0.271
44.380	12.448	-0.283
44.400	8.983	-0.269
44.420	5.395	-0.272
44.440	1.721	-0.256
44.460	-1.963	-0.251
44.480	-5.642	-0.225
44.500	-9.236	-0.216
44.520	-12.689	-0.189
44.540	-15.960	-0.167
44.560	-19.006	-0.135
44.580	-21.804	-0.109
44.600	-24.242	-0.073
44.620	-26.380	-0.045
44.640	-28.126	-0.010
44.660	-29.452	0.022
44.680	-30.365	0.056
44.700	-30.795	0.085
44.720	-30.838	0.122
44.740	-30.451	0.143
44.760	-29.624	0.177
44.780	-28.362	0.201
44.800	-26.681	0.223
44.820	-24.613	0.239
44.840	-22.212	0.254
44.860	-19.484	0.264
44.880	-16.470	0.271
44.900	-13.226	0.279
44.920	-9.783	0.276
44.940	-6.196	0.275
44.960	-2.527	0.265
44.980	1.184	0.254
45.000	4.864	0.239
45.020	8.457	0.217
45.040	11.975	0.195
45.060	15.289	0.174
45.080	18.388	0.147
45.100	21.229	0.117
45.120	23.764	0.084
45.140	25.945	0.054
45.160	27.755	0.019
45.180	29.168	-0.013
45.200	30.161	-0.051
45.220	30.715	-0.077
45.240	30.838	-0.114
45.260	30.532	-0.138
45.280	29.775	-0.167
45.300	28.609	-0.198
45.320	27.019	-0.217
45.340	25.075	-0.233
45.360	22.717	-0.251
45.380	20.053	-0.267
45.400	17.110	-0.275
45.420	13.892	-0.277
45.440	10.519	-0.277
45.460	6.974	-0.273
45.480	3.349	-0.269
45.500	-0.346	-0.255
45.520	-4.026	-0.246
45.540	-7.667	-0.218
45.560	-11.201	-0.207
45.580	-14.537	-0.174
45.600	-17.717	-0.152
45.620	-20.622	-0.121
45.640	-23.195	-0.094
45.660	-25.467	-0.060
45.680	-27.379	-0.032
45.700	-28.899	0.005
45.720	-29.990	0.035
45.740	-30.629	0.070
45.760	-30.860	0.099
45.780	-30.645	0.135
45.800	-30.011	0.157
45.820	-28.926	0.185
45.840	-27.427	0.205
45.860	-25.515	0.232
45.880	-23.270	0.241
45.900	-20.676	0.262
45.920	-17.765	0.263
45.940	-14.634	0.273
45.960	-11.260	0.269
45.980	-7.732	0.272
46.000	-4.101	0.264
46.020	-0.400	0.254
46.040	3.290	0.238
46.060	6.931	0.223
46.080	10.487	0.197
46.100	13.887	0.182
46.120	17.083	0.147
46.140	20.037	0.124
46.160	22.728	0.088
46.180	25.043	0.066
46.200	27.019	0.026
46.220	28.604	-0.005
46.240	29.785	-0.039
46.260	30.527	-0.071
46.280	30.849	-0.106
46.300	30.720	-0.134
46.320	30.145	-0.163
46.340	29.162	-0.191
46.360	27.739	-0.216
46.380	25.967	-0.236
46.400	23.786	-0.251
46.420	21.235	-0.270
46.440	18.420	-0.275
46.460	15.326	-0.286
46.480	12.002	-0.286
46.500	8.532	-0.280
46.520	4.923	-0.282
46.540	1.254	-0.264
46.560	-2.441	-0.260
46.580	-6.110	-0.236
46.600	-9.698	-0.222
46.620	-13.103	-0.193
46.640	-16.352	-0.174
46.660	-19.371	-0.137
46.680	-22.126	-0.117
46.700	-24.511	-0.081
46.720	-26.600	-0.054
46.740	-28.281	-0.015
46.760	-29.560	0.009
46.780	-30.408	0.049
46.800	-30.790	0.079
46.820	-30.768	0.113
46.840	-30.339	0.136
46.860	-29.426	0.164
46.880	-28.120	0.188
46.900	-26.396	0.214
46.920	-24.285	0.229
46.940	-21.836	0.244
46.960	-19.049	0.252
46.980	-16.009	0.262
47.000	-12.748	0.263
47.020	-9.279	0.265
47.040	-5.680	0.260
47.060	-2.006	0.251
47.080	1.695	0.241
47.100	5.374	0.221
47.120	8.962	0.202
47.140	12.442	0.177
47.160	15.729	0.159
47.180	18.791	0.127
47.200	21.611	0.101
47.220	24.087	0.066
47.240	26.208	0.039
47.260	27.959	-0.002
47.280	29.329	-0.024
47.300	30.247	-0.065
47.320	30.758	-0.095
47.340	30.827	-0.129
47.360	30.462	-0.155
47.380	29.646	-0.181
47.400	28.405	-0.207
47.420	26.756	-0.232
47.440	24.769	-0.248
47.460	22.368	-0.267
47.480	19.666	-0.277
47.500	16.691	-0.287
47.520	13.452	-0.288
47.540	10.047	-0.289
47.560	6.502	-0.285
47.580	2.849	-0.280
47.600	-0.835	-0.264
47.620	-4.520	-0.251
47.640	-8.156	-0.229
47.660	-11.658	-0.210
47.680	-14.983	-0.179
47.700	-18.114	-0.157
47.720	-20.971	-0.125
47.740	-23.523	-0.098
47.760	-25.746	-0.062
47.780	-27.599	-0.033
47.800	-29.060	-0.000
47.820	-30.108	0.036
47.840	-30.682	0.067
47.860	-30.849	0.096
47.880	-30.596	0.130
47.900	-29.893	0.157
47.920	-28.765	0.185
47.940	-27.202	0.203
47.960	-25.258	0.227
47.980	-22.953	0.239
48.000	-20.316	0.261
48.020	-17.362	0.263
48.040	-14.209	0.270
48.060	-10.815	0.271
48.080	-7.254	0.268
48.100	-3.601	0.258
48.120	0.089	0.252
48.140	3.784	0.233
48.160	7.393	0.221
48.180	10.938	0.196
48.200	14.322	0.172
48.220	17.496	0.143
48.240	20.413	0.121
48.260	23.061	0.084
48.280	25.333	0.059
48.300	27.256	0.019
48.320	28.781	-0.007
48.340	29.898	-0.046
48.360	30.596	-0.071
48.380	30.849	-0.106
48.400	30.666	-0.140
48.420	30.038	-0.167
48.440	28.985	-0.191
48.460	27.535	-0.213
48.480	25.687	-0.235
48.500	23.453	-0.252
48.520	20.869	-0.265
48.540	18.012	-0.274
48.560	14.881	-0.283
48.580	11.529	-0.288
48.600	8.032	-0.280
48.620	4.412	-0.276
48.640	0.744	-0.259
48.660	-2.957	-0.253
48.680	-6.625	-0.229
48.700	-10.202	-0.214
48.720	-13.608	-0.186
48.740	-16.798	-0.166
48.760	-19.795	-0.130
48.780	-22.508	-0.108
48.800	-24.882	-0.069
48.820	-26.901	-0.040
48.840	-28.529	-0.007
48.860	-29.737	0.025
48.880	-30.521	0.062
48.900	-30.865	0.087
48.920	-30.784	0.127
48.940	-30.290	0.146
48.960	-29.334	0.184
48.980	-27.954	0.199
49.000	-26.181	0.228
49.020	-24.028	0.238
49.040	-21.519	0.262
49.060	-18.694	0.267
49.080	-15.611	0.279
49.100	-12.329	0.275
49.120	-8.811	0.277
49.140	-5.218	0.271
49.160	-1.528	0.263
49.180	2.162	0.250
49.200	5.836	0.240
49.220	9.413	0.213
49.240	12.883	0.189
49.260	16.148	0.164
49.280	19.167	0.136
49.300	21.960	0.110
49.320	24.382	0.077
49.340	26.466	0.043
49.360	28.169	0.010
49.380	29.474	-0.021
49.400	30.349	-0.054
49.420	30.801	-0.085
49.440	30.801	-0.117
49.460	30.371	-0.141
49.480	29.495	-0.173
49.500	28.212	-0.197
49.520	26.531	-0.222
49.540	24.473	-0.236
49.560	22.024	-0.253
49.580	19.285	-0.266
49.600	16.266	-0.272
49.620	12.990	-0.274
49.640	9.563	-0.273
49.660	5.986	-0.273
49.680	2.344	-0.260
49.700	-1.356	-0.249
49.720	-5.025	-0.233
49.740	-8.661	-0.215
49.760	-12.147	-0.192
49.780	-15.450	-0.163
49.800	-18.544	-0.140
49.820	-21.353	-0.112
49.840	-23.877	-0.077
49.860	-26.031	-0.048
49.880	-27.868	-0.015
49.900	-29.248	0.018
49.920	-30.215	0.051
49.940	-30.736	0.084
49.960	-30.865	0.109
49.980	-30.537	0.147
50.000	-29.791	0.169
50.020	-28.577	0.197
50.040	-26.966	0.221
50.060	-24.968	0.241
50.080	-22.636	0.250
50.100	-19.935	0.266
50.120	-16.959	0.271
50.140	-13.758	0.280
50.160	-10.342	0.276
50.180	-6.781	0.277
50.200	-3.118	0.265
50.220	0.588	0.259
50.240	4.273	0.239
50.260	7.893	0.224
50.280	11.422	0.200
50.300	14.762	0.180
50.320	17.905	0.149
50.340	20.789	0.120
50.360	23.394	0.083
50.380	25.612	0.064
50.400	27.470	0.027
50.420	28.958	-0.007
50.440	30.022	-0.043
50.460	30.661	-0.074
50.480	30.854	-0.110
50.500	30.618	-0.131
50.520	29.930	-0.166
50.540	28.819	-0.189
50.560	27.282	-0.216
50.580	25.413	-0.230
50.600	23.109	-0.256
50.620	20.504	-0.256
50.640	17.604	-0.277
50.660	14.446	-0.274
50.680	11.073	-0.281
50.700	7.565	-0.272
50.720	3.945	-0.274
50.740	0.244	-0.254
50.760	-3.451	-0.249
50.780	-7.071	-0.222
50.800	-10.627	-0.210
50.820	-14.010	-0.180
50.840	-17.206	-0.160
50.860	-20.171	-0.127
50.880	-22.803	-0.101
50.900	-25.107	-0.065
50.920	-27.105	-0.037
50.940	-28.679	0.001
50.960	-29.823	0.031
50.980	-30.553	0.066
51.000	-30.833	0.092
51.020	-30.709	0.126
51.040	-30.135	0.150
51.060	-29.146	0.183
51.080	-27.701	0.197
51.100	-25.865	0.226
51.120	-23.662	0.238
51.140	-21.111	0.256
51.160	-18.264	0.259
51.180	-15.155	0.275
51.200	-11.824	0.269
51.220	-8.328	0.273
51.240	-4.697	0.263
51.260	-1.007	0.261
51.280	2.688	0.238
51.300	6.346	0.225
51.320	9.912	0.200
51.340	13.344	0.180
51.360	16.583	0.152
51.380	19.575	0.126
51.400	22.320	0.092
51.420	24.688	0.067
51.440	26.735	0.029
51.460	28.362	-0.002
51.480	29.614	-0.038
51.500	30.430	-0.069
51.520	30.833	-0.102
51.540	30.763	-0.134
51.560	30.274	-0.161
51.580	29.350	-0.189
51.600	28.013	-0.216
51.620	26.273	-0.231
51.640	24.162	-0.254
51.660	21.686	-0.260
51.680	18.887	-0.281
51.700	15.847	-0.284
51.720	12.544	-0.290
51.740	9.101	-0.284
51.760	5.503	-0.280
51.780	1.856	-0.272
51.800	-1.845	-0.262
51.820	-5.513	-0.242
51.840	-9.112	-0.224
51.860	-12.566	-0.202
51.880	-15.847	-0.180
51.900	-18.909	-0.147
51.920	-21.691	-0.122
51.940	-24.156	-0.088
51.960	-26.289	-0.061
51.980	-28.040	-0.027
52.000	-29.377	0.007
52.020	-30.301	0.043
52.040	-30.747	0.068
52.060	-30.817	0.108
52.080	-30.435	0.131
52.100	-29.624	0.163
52.120	-28.367	0.184
52.140	-26.697	0.208
52.160	-24.656	0.227
52.180	-22.260	0.241
52.200	-19.527	0.250
52.220	-16.508	0.262
52.240	-13.291	0.263
52.260	-9.843	0.263
52.280	-6.265	0.260
52.300	-2.602	0.256
52.320	1.088	0.246
52.340	4.772	0.225
52.360	8.376	0.208
52.380	11.878	0.182
52.400	15.219	0.163
52.420	18.318	0.132
52.440	21.165	0.104
52.460	23.711	0.072
52.480	25.897	0.042
52.500	27.712	0.010
52.520	29.130	-0.019
52.540	30.135	-0.058
52.560	30.715	-0.087
52.580	30.849	-0.123
52.600	30.553	-0.152
52.620	29.807	-0.178
52.640	28.636	-0.206
52.660	27.068	-0.227
52.680	25.129	-0.245
52.700	22.792	-0.263
52.720	20.128	-0.275
52.740	17.196	-0.287
52.760	14.000	-0.285
52.780	10.616	-0.293
52.800	7.082	-0.276
52.820	3.440	-0.285
52.840	-0.239	-0.258
52.860	-3.940	-0.254
52.880	-7.576	-0.228
52.900	-11.099	-0.214
52.920	-14.451	-0.183
52.940	-17.636	-0.160
52.960	-20.536	-0.132
52.980	-23.136	-0.104
53.000	-25.413	-0.069
53.020	-27.336	-0.041
53.040	-28.872	-0.001
53.060	-29.963	0.029
53.080	-30.623	0.063
53.100	-30.844	0.089
53.120	-30.656	0.126
53.140	-30.054	0.151
53.160	-28.985	0.182
53.180	-27.513	0.200
53.200	-25.596	0.226
53.220	-23.356	0.236
53.240	-20.778	0.256
53.260	-17.872	0.261
53.280	-14.746	0.272
53.300	-11.379	0.270
53.320	-7.861	0.271
53.340	-4.214	0.259
53.360	-0.513	0.257
53.380	3.177	0.235
53.400	6.813	0.222
53.420	10.374	0.198
53.440	13.790	0.179
53.460	16.991	0.149
53.480	19.946	0.126
53.500	22.658	0.089
53.520	24.978	0.063
53.540	26.955	0.024
53.560	28.550	-0.006
53.580	29.753	-0.035
53.600	30.510	-0.066
53.620	30.833	-0.105
53.640	30.725	-0.131
53.660	30.177	-0.160
53.680	29.195	-0.185
53.700	27.782	-0.213
53.720	26.004	-0.231
53.740	23.845	-0.251
53.760	21.304	-0.260
53.780	18.479	-0.277
53.800	15.402	-0.276
53.820	12.066	-0.286
53.840	8.607	-0.272
53.860	5.009	-0.279
53.880	1.345	-0.260
53.900	-2.377	-0.255
53.920	-6.034	-0.225
53.940	-9.633	-0.218
53.960	-13.071	-0.185
53.980	-16.315	-0.169
54.000	-19.349	-0.133
54.020	-22.083	-0.110
54.040	-24.506	-0.071
54.060	-26.590	-0.044
54.080	-28.292	-0.011
54.100	-29.571	0.019
54.120	-30.446	0.056
54.140	-30.806	0.085
54.160	-30.811	0.121
54.180	-30.408	0.146
54.200	-29.517	0.176
54.220	-28.201	0.197
54.240	-26.477	0.221
54.260	-24.387	0.239
54.280	-21.949	0.258
54.300	-19.177	0.265
54.320	-16.137	0.278
54.340	-12.872	0.275
54.360	-9.402	0.279
54.380	-5.803	0.273
54.400	-2.119	0.265
54.420	1.576	0.253
54.440	5.245	0.239
54.460	8.844	0.217
54.480	12.329	0.196
54.500	15.638	0.167
54.520	18.694	0.144
54.540	21.541	0.113
54.560	24.011	0.082
54.580	26.160	0.051
54.600	27.922	0.018
54.620	29.286	-0.013
54.640	30.242	-0.050
54.660	30.747	-0.076
54.680	30.827	-0.114
54.700	30.478	-0.140
54.720	29.662	-0.169
54.740	28.453	-0.193
54.760	26.821	-0.220
54.780	24.833	-0.230
54.800	22.438	-0.252
54.820	19.747	-0.260
54.840	16.777	-0.275
54.860	13.543	-0.270
54.880	10.127	-0.276
54.900	6.588	-0.269
54.920	2.935	-0.265
54.940	-0.755	-0.251
54.960	-4.450	-0.235
54.980	-8.075	-0.216
55.000	-11.583	-0.197
55.020	-14.913	-0.172
55.040	-18.050	-0.145
55.060	-20.939	-0.114
55.080	-23.464	-0.087
55.100	-25.709	-0.055
55.120	-27.594	-0.021
55.140	-29.055	0.010
55.160	-30.102	0.045
55.180	-30.672	0.073
55.200	-30.870	0.107
55.220	-30.613	0.138
55.240	-29.925	0.163
55.260	-28.819	0.192
55.280	-27.229	0.212
55.300	-25.306	0.238
55.320	-23.018	0.244
55.340	-20.370	0.262
55.360	-17.464	0.267
55.380	-14.279	0.279
55.400	-10.895	0.271
55.420	-7.356	0.275
55.440	-3.719	0.260
55.460	-0.008	0.259
55.480	3.682	0.235
55.500	7.323	0.227
55.520	10.858	0.200
55.540	14.231	0.184
55.560	17.416	0.147
55.580	20.343	0.126
55.600	22.996	0.090
55.620	25.274	0.064
55.640	27.213	0.026
55.660	28.743	-0.005
55.680	29.887	-0.041
55.700	30.586	-0.067
55.720	30.860	-0.105
55.740	30.682	-0.135
55.760	30.081	-0.160
55.780	29.039	-0.189
55.800	27.567	-0.215
55.820	25.752	-0.229
55.840	23.533	-0.255
55.860	20.950	-0.263
55.880	18.098	-0.277
55.900	14.972	-0.276
55.920	11.620	-0.280
55.940	8.135	-0.276
55.960	4.525	-0.278
55.980	0.857	-0.260
56.000	-2.839	-0.252
56.020	-6.486	-0.229
56.040	-10.090	-0.215
56.060	-13.490	-0.184
56.080	-16.691	-0.167
56.100	-19.698	-0.130
56.120	-22.395	-0.109
56.140	-24.769	-0.069
56.160	-26.810	-0.048
56.180	-28.459	-0.005
56.200	-29.662	0.022
56.220	-30.457	0.060
56.240	-30.817	0.084
56.260	-30.741	0.121
56.280	-30.258	0.143
56.300	-29.334	0.172
56.320	-27.948	0.189
56.340	-26.176	0.224
56.360	-24.044	0.234
56.380	-21.568	0.253
56.400	-18.737	0.255
56.420	-15.654	0.268
56.440	-12.388	0.263
56.460	-8.892	0.269
56.480	-5.293	0.259
56.500	-1.598	0.256
56.520	2.097	0.239
56.540	5.760	0.225
56.560	9.343	0.200
56.580	12.813	0.181
56.600	16.073	0.153
56.620	19.108	0.126
56.640	21.890	0.096
56.660	24.334	0.065
56.680	26.418	0.035
56.700	28.126	-0.001
56.720	29.452	-0.035
56.740	30.328	-0.065
56.760	30.779	-0.100
56.780	30.790	-0.130
56.800	30.376	-0.160
56.820	29.517	-0.185
56.840	28.249	-0.214
56.860	26.568	-0.231
56.880	24.527	-0.254
56.900	22.094	-0.263
56.920	19.365	-0.281
56.940	16.352	-0.285
56.960	13.092	-0.292
56.980	9.665	-0.288
57.000	6.099	-0.286
57.020	2.447	-0.276
57.040	-1.249	-0.263
57.060	-4.928	-0.250
57.080	-8.548	-0.227
57.100	-12.034	-0.210
57.120	-15.332	-0.181
57.140	-18.436	-0.153
57.160	-21.272	-0.124
57.180	-23.786	-0.096
57.200	-25.961	-0.065
57.220	-27.777	-0.032
57.240	-29.195	0.001
57.260	-30.188	0.037
57.280	-30.715	0.064
57.300	-30.833	0.098
57.320	-30.543	0.125
57.340	-29.796	0.152
57.360	-28.615	0.182
57.380	-26.992	0.204
57.400	-25.005	0.223
57.420	-22.674	0.240
57.440	-19.989	0.252
57.460	-17.024	0.258
57.480	-13.839	0.266
57.500	-10.433	0.263
57.520	-6.867	0.265
57.540	-3.215	0.254
57.560	0.486	0.245
57.580	4.176	0.227
57.600	7.802	0.211
57.620	11.314	0.188
57.640	14.671	0.168
57.660	17.819	0.138
57.680	20.708	0.113
57.700	23.319	0.078
57.720	25.548	0.051
57.740	27.433	0.009
57.760	28.921	-0.015
57.780	29.995	-0.052
57.800	30.634	-0.080
57.820	30.854	-0.116
57.840	30.623	-0.144
57.860	29.947	-0.173
57.880	28.856	-0.199
57.900	27.347	-0.223
57.920	25.456	-0.241
57.940	23.179	-0.259
57.960	20.569	-0.270
57.980	17.674	-0.285
58.000	14.526	-0.287
58.020	11.164	-0.293
58.040	7.651	-0.280
58.060	4.026	-0.282
58.080	0.346	-0.260
58.100	-3.344	-0.256
58.120	-7.012	-0.228
58.140	-10.557	-0.218
58.160	-13.951	-0.185
58.180	-17.142	-0.167
58.200	-20.112	-0.130
58.220	-22.765	-0.109
58.240	-25.086	-0.069
58.260	-27.068	-0.043
58.280	-28.674	-0.007
58.300	-29.828	0.022
58.320	-30.586	0.062
58.340	-30.849	0.085
58.360	-30.752	0.121
58.380	-30.188	0.147
58.400	-29.200	0.181
58.420	-27.782	0.193
58.440	-25.945	0.221
58.460	-23.759	0.234
58.480	-21.219	0.253
58.500	-18.372	0.256
58.520	-15.262	0.274
58.540	-11.969	0.271
58.560	-8.441	0.274
58.580	-4.821	0.263
58.600	-1.131	0.263
58.620	2.570	0.239
58.640	6.222	0.226
58.660	9.800	0.205
58.680	13.237	0.183
58.700	16.481	0.153
58.720	19.478	0.129
58.740	22.228	0.097
58.760	24.618	0.068
58.780	26.670	0.032
58.800	28.324	0.001
58.820	29.597	-0.031
58.840	30.408	-0.061
58.860	30.822	-0.094
58.880	30.763	-0.126
58.900	30.296	-0.152
58.920	29.372	-0.182
58.940	28.029	-0.206
58.960	26.316	-0.223
58.980	24.216	-0.244
59.000	21.750	-0.256
59.020	18.957	-0.270
59.040	15.917	-0.272
59.060	12.614	-0.281
59.080	9.166	-0.275
59.100	5.589	-0.275
59.120	1.926	-0.260
59.140	-1.781	-0.251
59.160	-5.460	-0.230
59.180	-9.053	-0.218
59.200	-12.517	-0.189
59.220	-15.783	-0.171
59.240	-18.871	-0.135
59.260	-21.659	-0.112
59.280	-24.140	-0.081
59.300	-26.278	-0.046
59.320	-28.045	-0.013
59.340	-29.404	0.017
59.360	-30.328	0.051
59.380	-30.779	0.079
59.400	-30.849	0.118
59.420	-30.494	0.140
59.440	-29.699	0.173
59.460	-28.448	0.196
59.480	-26.799	0.219
59.500	-24.753	0.238
59.520	-22.368	0.252
59.540	-19.645	0.268
59.560	-16.637	0.274
59.580	-13.430	0.279
59.600	-9.993	0.279
59.620	-6.400	0.275
59.640	-2.726	0.266
59.660	0.986	0.256
59.680	4.659	0.242
59.700	8.269	0.221
59.720	11.787	0.197
59.740	15.112	0.176
59.760	18.216	0.150
59.780	21.079	0.122
59.800	23.635	0.087
59.820	25.827	0.058
59.840	27.653	0.022
59.860	29.082	-0.006
59.880	30.113	-0.045
59.900	30.698	-0.073
59.920	30.838	-0.110
59.940	30.553	-0.132
59.960	29.818	-0.164
59.980	28.679	-0.193
60.000	27.089	-0.217
60.020	25.177	-0.230
60.040	22.851	-0.247
60.060	20.198	-0.264
60.080	17.265	-0.271
60.100	14.075	-0.275
60.120	10.691	-0.276
60.140	7.157	-0.272
60.160	3.526	-0.267
60.180	-0.153	-0.253
60.200	-3.848	-0.243
60.220	-7.490	-0.219
60.240	-11.019	-0.205
60.260	-14.370	-0.177
60.280	-17.561	-0.153
60.300	-20.467	-0.122
60.320	-23.088	-0.093
60.340	-25.376	-0.061
60.360	-27.315	-0.032
60.380	-28.845	0.007
60.400	-29.936	0.038
60.420	-30.629	0.072
60.440	-30.865	0.098
60.460	-30.688	0.132
60.480	-30.059	0.155
60.500	-29.017	0.189
60.520	-27.519	0.202
60.540	-25.650	0.231
60.560	-23.410	0.241
60.580	-20.843	0.263
60.600	-17.953	0.264
60.620	-14.811	0.277
60.640	-11.465	0.272
60.660	-7.941	0.275
60.680	-4.316	0.264
60.700	-0.604	0.258
60.720	3.075	0.242
60.740	6.727	0.225
60.760	10.267	0.201
60.780	13.710	0.184
60.800	16.911	0.158
60.820	19.881	0.126
60.840	22.594	0.094
60.860	24.919	0.065
60.880	26.923	0.032
60.900	28.512	-0.001
60.920	29.726	-0.032
60.940	30.489	-0.070
60.960	30.833	-0.098
60.980	30.725	-0.135
61.000	30.199	-0.158
61.020	29.221	-0.189
61.040	27.830	-0.210
61.060	26.058	-0.232
61.080	23.909	-0.245
61.100	21.374	-0.266
61.120	18.560	-0.276
61.140	15.504	-0.281
61.160	12.195	-0.285
61.180	8.720	-0.277
61.200	5.121	-0.281
61.220	1.448	-0.260
61.240	-2.253	-0.261
61.260	-5.906	-0.231
61.280	-9.515	-0.224
61.300	-12.936	-0.193
61.320	-16.191	-0.175
61.340	-19.226	-0.135
61.360	-21.965	-0.118
61.380	-24.398	-0.078
61.400	-26.504	-0.057
61.420	-28.222	-0.018
61.440	-29.501	0.013
61.460	-30.376	0.051
61.480	-30.784	0.074
61.500	-30.822	0.109
61.520	-30.392	0.139
61.540	-29.511	0.164
61.560	-28.196	0.189
61.580	-26.493	0.213
61.600	-24.425	0.229
61.620	-21.987	0.246
61.640	-19.215	0.256
61.660	-16.180	0.263
61.680	-12.942	0.265
61.700	-9.477	0.266
61.720	-5.884	0.260
61.740	-2.210	0.254
61.760	1.480	0.239
61.780	5.170	0.221
61.800	8.752	0.205
61.820	12.243	0.180
61.840	15.547	0.155
61.860	18.630	0.132
61.880	21.449	0.100
61.900	23.952	0.071
61.920	26.106	0.040
61.940	27.873	0.004
61.960	29.254	-0.028
61.980	30.215	-0.065
62.000	30.731	-0.090
62.020	30.827	-0.127
62.040	30.489	-0.154
62.060	29.678	-0.183
62.080	28.491	-0.210
62.100	26.880	-0.228
62.120	24.892	-0.248
62.140	22.502	-0.268
62.160	19.811	-0.275
62.180	16.857	-0.288
62.200	13.635	-0.290
62.220	10.229	-0.294
62.240	6.679	-0.283
62.260	3.043	-0.281
62.280	-0.642	-0.265
62.300	-4.332	-0.253
62.320	-7.963	-0.227
62.340	-11.475	-0.215
62.360	-14.805	-0.184
62.380	-17.931	-0.163
62.400	-20.821	-0.129
62.420	-23.394	-0.102
62.440	-25.639	-0.066
62.460	-27.524	-0.039
62.480	-29.012	-0.002
62.500	-30.049	0.029
62.520	-30.656	0.061
62.540	-30.849	0.097
62.560	-30.602	0.124
62.580	-29.947	0.151
62.600	-28.840	0.179
62.620	-27.293	0.197
62.640	-25.349	0.225
62.660	-23.077	0.236
62.680	-20.450	0.253
62.700	-17.523	0.257
62.720	-14.365	0.270
62.740	-10.992	0.263
62.760	-7.452	0.267
62.780	-3.811	0.256
62.800	-0.099	0.253
62.820	3.585	0.228
62.840	7.227	0.219
62.860	10.766	0.192
62.880	14.150	0.178
62.900	17.319	0.141
62.920	20.257	0.119
62.940	22.916	0.080
62.960	25.209	0.059
62.980	27.159	0.017
63.000	28.690	-0.007
63.020	29.844	-0.048
63.040	30.559	-0.074
63.060	30.827	-0.110
63.080	30.688	-0.138
63.100	30.086	-0.165
63.120	29.060	-0.194
63.140	27.605	-0.217
63.160	25.789	-0.240
63.180	23.582	-0.252
63.200	21.009	-0.268
63.220	18.152	-0.275
63.240	15.047	-0.283
63.260	11.717	-0.284
63.280	8.231	-0.283
63.300	4.611	-0.280
63.320	0.932	-0.265
63.340	-2.769	-0.256
63.360	-6.427	-0.234
63.380	-10.004	-0.218
63.400	-13.398	-0.191
63.420	-16.648	-0.173
63.440	-19.650	-0.134
63.460	-22.352	-0.115
63.480	-24.742	-0.074
63.500	-26.794	-0.052
63.520	-28.453	-0.011
63.540	-29.689	0.018
63.560	-30.510	0.059
63.580	-30.838	0.080
63.600	-30.801	0.121
63.620	-30.328	0.143
63.640	-29.409	0.174
63.660	-28.051	0.191
63.680	-26.273	0.223
63.700	-24.135	0.231
63.720	-21.670	0.250
63.740	-18.844	0.261
63.760	-15.788	0.272
63.780	-12.517	0.274
63.800	-9.021	0.275
63.820	-5.427	0.267
63.840	-1.743	0.262
63.860	1.963	0.247
63.880	5.642	0.226
63.900	9.214	0.212
63.920	12.689	0.187
63.940	15.976	0.163
63.960	19.000	0.134
63.980	21.815	0.106
64.000	24.253	0.075
64.020	26.353	0.043
64.040	28.072	0.003
64.060	29.404	-0.020
64.080	30.306	-0.052
64.100	30.779	-0.086
64.120	30.801	-0.119
64.140	30.403	-0.148
64.160	29.554	-0.173
64.180	28.292	-0.203
64.200	26.616	-0.219
64.220	24.581	-0.239
64.240	22.158	-0.256
64.260	19.425	-0.268
64.280	16.427	-0.275
64.300	13.162	-0.277
64.320	9.740	-0.277
64.340	6.174	-0.272
64.360	2.516	-0.265
64.380	-1.168	-0.252
64.400	-4.847	-0.237
64.420	-8.484	-0.217
64.440	-11.959	-0.198
64.460	-15.273	-0.167
64.480	-18.393	-0.146
64.500	-21.240	-0.113
64.520	-23.775	-0.086
64.540	-25.934	-0.051
64.560	-27.777	-0.021
64.580	-29.195	0.016
64.600	-30.215	0.050
64.620	-30.736	0.077
64.640	-30.870	0.110
64.660	-30.591	0.141
64.680	-29.850	0.167
64.700	-28.679	0.195
64.720	-27.078	0.217
64.740	-25.096	0.234
64.760	-22.765	0.254
64.780	-20.101	0.261
64.800	-17.142	0.271
64.820	-13.951	0.278
64.840	-10.541	0.279
64.860	-6.985	0.276
64.880	-3.317	0.267
64.900	0.384	0.256
64.920	4.069	0.244
64.940	7.689	0.225
64.960	11.228	0.201
64.980	14.591	0.176
65.000	17.733	0.150
65.020	20.628	0.123
65.040	23.254	0.089
65.060	25.494	0.064
65.080	27.395	0.025
65.100	28.883	-0.002
65.120	29.968	-0.044
65.140	30.623	-0.067
65.160	30.849	-0.109
65.180	30.623	-0.129
65.200	29.963	-0.164
65.220	28.888	-0.185
65.240	27.390	-0.218
65.260	25.515	-0.226
65.280	23.238	-0.255
65.300	20.655	-0.252
65.320	17.765	-0.280
65.340	14.612	-0.269
65.360	11.255	-0.286
65.380	7.748	-0.269
65.400	4.122	-0.272
65.420	0.438	-0.255
65.440	-3.252	-0.246
65.460	-6.905	-0.223
65.480	-10.444	-0.207
65.500	-13.839	-0.182
65.520	-17.045	-0.158
65.540	-20.021	-0.127
65.560	-22.679	-0.100
65.580	-25.010	-0.067
65.600	-27.009	-0.039
65.620	-28.609	0.001
65.640	-29.791	0.029
65.660	-30.537	0.067
65.680	-30.854	0.089
65.700	-30.747	0.132
65.720	-30.194	0.146
65.740	-29.205	0.184
65.760	-27.793	0.197
65.780	-25.977	0.231
65.800	-23.807	0.238
65.820	-21.261	0.261
65.840	-18.426	0.261
65.860	-15.332	0.278
65.880	-12.034	0.269
65.900	-8.527	0.275
65.920	-4.906	0.262
65.940	-1.211	0.260
65.960	2.495	0.239
65.980	6.142	0.229
66.000	9.719	0.205
66.020	13.151	0.184
66.040	16.411	0.152
66.060	19.414	0.127
66.080	22.158	0.096
66.100	24.570	0.068
66.120	26.616	0.034
66.140	28.281	0.001
66.160	29.571	-0.028
66.180	30.398	-0.066
66.200	30.806	-0.095
66.220	30.774	-0.124
66.240	30.312	-0.156
66.260	29.420	-0.185
66.280	28.083	-0.214
66.300	26.375	-0.227
66.320	24.280	-0.257
66.340	21.815	-0.260
66.360	19.038	-0.286
66.380	16.014	-0.283
66.400	12.716	-0.298
66.420	9.279	-0.287
66.440	5.701	-0.296
66.460	2.060	-0.272
66.480	-1.646	-0.268
66.500	-5.320	-0.247
66.520	-8.929	-0.232
66.540	-12.410	-0.205
66.560	-15.665	-0.185
66.580	-18.775	-0.154
66.600	-21.557	-0.130
66.620	-24.044	-0.096
66.640	-26.181	-0.066
66.660	-27.965	-0.034
66.680	-29.329	0.002
66.700	-30.253	0.032
66.720	-30.747	0.068
66.740	-30.838	0.096
66.760	-30.468	0.126
66.780	-29.678	0.154
66.800	-28.443	0.180
66.820	-26.799	0.203
66.840	-24.780	0.235
66.860	-22.400	0.247
66.880	-19.682	0.262
66.900	-16.685	0.267
66.920	-13.473	0.275
66.940	-10.041	0.271
66.960	-6.475	0.269
66.980	-2.806	0.256
67.000	0.905	0.251
67.020	4.573	0.235
67.040	8.177	0.216
67.060	11.685	0.195
67.080	15.031	0.171
67.100	18.146	0.142
67.120	21.009	0.113
67.140	23.576	0.082
67.160	25.773	0.053
67.180	27.610	0.017
67.200	29.055	-0.014
67.220	30.075	-0.049
67.240	30.682	-0.077
67.260	30.844	-0.115
67.280	30.570	-0.136
67.300	29.844	-0.178
67.320	28.717	-0.199
67.340	27.154	-0.243
67.360	25.231	-0.241
67.380	22.921	-0.280
67.400	20.262	-0.270
67.420	17.351	-0.305
67.440	14.172	-0.280
67.460	10.777	-0.316
67.480	7.270	-0.274
67.500	3.634	-0.305
67.520	-0.046	-0.265
67.540	-3.736	-0.270
67.560	-7.388	-0.236
67.580	-10.911	-0.226
67.600	-14.268	-0.198
67.620	-17.453	-0.173
67.640	-20.391	-0.144
67.660	-23.018	-0.113
67.680	-25.284	-0.077
67.700	-27.256	-0.051
67.720	-28.797	-0.014
67.740	-29.909	0.014
67.760	-30.591	0.055
67.780	-30.822	0.073
67.800	-30.688	0.122
67.820	-30.081	0.132
67.840	-29.044	0.180
67.860	-27.578	0.189
67.880	-25.698	0.240
67.900	-23.480	0.238
67.920	-20.902	0.271
67.940	-18.017	0.261
67.960	-14.897	0.283
67.980	-11.551	0.268
68.000	-8.049	0.282
68.020	-4.423	0.263
68.040	-0.722	0.265
68.060	2.978	0.241
68.080	6.636	0.234
68.100	10.186	0.204
68.120	13.618	0.187
68.140	16.836	0.158
68.160	19.806	0.131
68.180	22.524	0.102
68.200	24.860	0.068
68.220	26.874	0.043
68.240	28.475	0.001
68.260	29.683	-0.020
68.280	30.473	-0.066
68.300	30.822	-0.088
68.320	30.736	-0.128
68.340	30.210	-0.154
68.360	29.248	-0.199
68.380	27.863	-0.225
68.400	26.112	-0.237
68.420	23.963	-0.266
68.440	21.439	-0.264
68.460	18.646	-0.300
68.480	15.568	-0.273
68.500	12.254	-0.312
68.520	8.795	-0.273
68.540	5.202	-0.309
68.560	1.528	-0.260
68.580	-2.167	-0.280
68.600	-5.836	-0.231
68.620	-9.440	-0.237
68.640	-12.883	-0.194
68.660	-16.132	-0.182
68.680	-19.188	-0.148
68.700	-21.949	-0.121
68.720	-24.387	-0.091
68.740	-26.498	-0.062
68.760	-28.212	-0.032
68.780	-29.522	0.010
68.800	-30.403	0.039
68.820	-30.795	0.071
68.840	-30.833	0.101
68.860	-30.441	0.137
68.880	-29.597	0.157
68.900	-28.298	0.196
68.920	-26.590	0.221
68.940	-24.527	0.238
68.960	-22.105	0.257
68.980	-19.339	0.267
69.000	-16.315	0.277
69.020	-13.060	0.276
69.040	-9.595	0.282
69.060	-6.008	0.273
69.080	-2.344	0.270
69.100	1.367	0.255
69.120	5.041	0.244
69.140	8.639	0.216
69.160	12.141	0.202
69.180	15.450	0.171
69.200	18.538	0.150
69.220	21.369	0.115
69.240	23.888	0.092
69.260	26.042	0.055
69.280	27.825	0.021
69.300	29.227	-0.010
69.320	30.188	-0.044
69.340	30.725	-0.069
69.360	30.827	-0.110
69.380	30.500	-0.132
69.400	29.716	-0.168
69.420	28.529	-0.183
69.440	26.896	-0.213
69.460	24.951	-0.224
69.480	22.577	-0.251
69.500	19.886	-0.275
69.520	16.938	-0.285
69.540	13.726	-0.288
69.560	10.310	-0.292
69.580	6.776	-0.285
69.600	3.113	-0.276
69.620	-0.577	-0.264
69.640	-4.262	-0.252
69.660	-7.882	-0.225
69.680	-11.406	-0.212
69.700	-14.752	-0.181
69.720	-17.883	-0.156
69.740	-20.800	-0.129
69.760	-23.340	-0.094
69.780	-25.617	-0.069
69.800	-27.497	-0.034
69.820	-29.017	-0.004
69.840	-30.070	0.039
69.860	-30.666	0.057
69.880	-30.876	0.098
69.900	-30.639	0.124
69.920	-30.006	0.152
69.940	-28.899	0.187
69.960	-27.352	0.211
69.980	-25.456	0.238
70.000	-23.163	0.247
70.020	-20.552	0.273
70.040	-17.631	0.271
70.060	-14.467	0.285
70.080	-11.121	0.276
70.100	-7.565	0.288
70.120	-3.924	0.271
70.140	-0.218	0.274
70.160	3.478	0.242
70.180	7.109	0.240
70.200	10.654	0.204
70.220	14.059	0.196
70.240	17.233	0.155
70.260	20.177	0.140
70.280	22.857	0.096
70.300	25.156	0.076
70.320	27.100	0.036
70.340	28.663	0.008
70.360	29.823	-0.025
70.380	30.553	-0.065
70.400	30.838	-0.088
70.420	30.693	-0.125
70.440	30.092	-0.140
70.460	29.082	-0.185
70.480	27.658	-0.197
70.500	25.854	-0.243
70.520	23.641	-0.248
70.540	21.095	-0.277
70.560	18.248	-0.276
70.580	15.138	-0.285
70.600	11.814	-0.292
70.620	8.323	-0.284
70.640	4.713	-0.289
70.660	1.045	-0.268
70.680	-2.651	-0.267
70.700	-6.303	-0.236
70.720	-9.875	-0.230
70.740	-13.307	-0.193
70.760	-16.535	-0.182
70.780	-19.553	-0.137
70.800	-22.260	-0.125
70.820	-24.667	-0.078
70.840	-26.702	-0.061
70.860	-28.384	-0.011
70.880	-29.624	0.006
70.900	-30.451	0.049
70.920	-30.827	0.074
70.940	-30.784	0.110
70.960	-30.306	0.136
70.980	-29.399	0.170
71.000	-28.056	0.199
71.020	-26.294	0.220
71.040	-24.173	0.242
71.060	-21.707	0.254
71.080	-18.904	0.264
71.100	-15.853	0.270
71.120	-12.576	0.278
71.140	-9.101	0.271
71.160	-5.476	0.271
71.180	-1.813	0.255
71.200	1.899	0.253
71.220	5.567	0.229
71.240	9.139	0.216
71.260	12.619	0.184
71.280	15.890	0.168
71.300	18.947	0.134
71.320	21.750	0.109
71.340	24.210	0.071
71.360	26.316	0.043
71.380	28.045	0.009
71.400	29.377	-0.023
71.420	30.285	-0.055
71.440	30.763	-0.091
71.460	30.806	-0.112
71.480	30.419	-0.157
71.500	29.581	-0.166
71.520	28.324	-0.216
71.540	26.670	-0.213
71.560	24.645	-0.257
71.580	22.223	-0.259
71.600	19.516	-0.302
71.620	16.524	-0.285
71.640	13.275	-0.314
71.660	9.848	-0.290
71.680	6.303	-0.306
71.700	2.640	-0.285
71.720	-1.045	-0.283
71.740	-4.729	-0.264
71.760	-8.360	-0.239
71.780	-11.851	-0.227
71.800	-15.160	-0.192
71.820	-18.270	-0.176
71.840	-21.138	-0.140
71.860	-23.652	-0.116
71.880	-25.859	-0.077
71.900	-27.701	-0.052
71.920	-29.135	-0.013
71.940	-30.140	0.019
71.960	-30.693	0.048
71.980	-30.849	0.084
72.000	-30.553	0.122
72.020	-29.834	0.160
72.040	-28.695	0.180
72.060	-27.105	0.209
72.080	-25.129	0.219
72.100	-22.824	0.246
72.120	-20.150	0.249
72.140	-17.201	0.267
72.160	-14.010	0.263
72.180	-10.616	0.270
72.200	-7.066	0.259
72.220	-3.397	0.261
72.240	0.277	0.245
72.260	3.993	0.238
72.280	7.603	0.210
72.300	11.137	0.196
72.320	14.505	0.167
72.340	17.663	0.150
72.360	20.569	0.115
72.380	23.195	0.086
72.400	25.446	0.055
72.420	27.342	0.020
72.440	28.845	-0.010
72.460	29.952	-0.049
72.480	30.618	-0.074
72.500	30.838	-0.114
72.520	30.645	-0.140
72.540	30.000	-0.169
72.560	28.921	-0.193
72.580	27.411	-0.218
72.600	25.574	-0.238
72.620	23.313	-0.252
72.640	20.730	-0.270
72.660	17.840	-0.278
72.680	14.703	-0.307
72.700	11.357	-0.305
72.720	7.855	-0.305
72.740	4.224	-0.296
72.760	0.556	-0.288
72.780	-3.123	-0.269
72.800	-6.792	-0.257
72.820	-10.358	-0.232
72.840	-13.758	-0.214
72.860	-16.943	-0.182
72.880	-19.919	-0.157
72.900	-22.583	-0.123
72.920	-24.957	-0.094
72.940	-26.966	-0.063
72.960	-28.561	-0.030
72.980	-29.753	0.003
73.000	-30.521	0.037
73.020	-30.838	0.065
73.040	-30.752	0.108
73.060	-30.226	0.142
73.080	-29.243	0.175
73.100	-27.830	0.192
73.120	-26.047	0.220
73.140	-23.872	0.235
73.160	-21.358	0.254
73.180	-18.511	0.258
73.200	-15.412	0.267
73.220	-12.120	0.267
73.240	-8.623	0.269
73.260	-5.009	0.267
73.280	-1.324	0.259
73.300	2.382	0.239
73.320	6.045	0.226
73.340	9.606	0.205
73.360	13.054	0.183
73.380	16.325	0.157
73.400	19.339	0.130
73.420	22.094	0.104
73.440	24.500	0.070
73.460	26.563	0.039
73.480	28.244	0.002
73.500	29.528	-0.024
73.520	30.382	-0.061
73.540	30.795	-0.090
73.560	30.774	-0.125
73.580	30.323	-0.152
73.600	29.431	-0.177
73.620	28.131	-0.203
73.640	26.412	-0.217
73.660	24.339	-0.247
73.680	21.885	-0.250
73.700	19.118	-0.273
73.720	16.094	-0.273
73.740	12.813	-0.300
73.760	9.370	-0.293
73.780	5.777	-0.296
73.800	2.119	-0.284
73.820	-1.566	-0.276
73.840	-5.245	-0.251
73.860	-8.876	-0.235
73.880	-12.351	-0.210
73.900	-15.616	-0.185
73.920	-18.716	-0.161
73.940	-21.525	-0.128
73.960	-24.022	-0.099
73.980	-26.181	-0.065
74.000	-27.965	-0.040
74.020	-29.340	0.001
74.040	-30.285	0.030
74.060	-30.758	0.066
74.080	-30.870	0.093
74.100	-30.537	0.136
74.120	-29.769	0.168
74.140	-28.534	0.196
74.160	-26.906	0.213
74.180	-24.892	0.236
74.200	-22.518	0.250
74.220	-19.806	0.267
74.240	-16.820	0.275
74.260	-13.613	0.279
74.280	-10.176	0.281
74.300	-6.604	0.272
74.320	-2.935	0.269
74.340	0.765	0.255
74.360	4.455	0.244
74.380	8.059	0.223
74.400	11.588	0.205
74.420	14.934	0.178
74.440	18.055	0.151
74.460	20.923	0.122
74.480	23.512	0.091
74.500	25.709	0.061
74.520	27.573	0.026
74.540	29.017	-0.003
74.560	30.065	-0.038
74.580	30.677	-0.065
74.600	30.838	-0.099
74.620	30.586	-0.128
74.640	29.871	-0.158
74.660	28.743	-0.184
74.680	27.207	-0.209
74.700	25.295	-0.224
74.720	22.980	-0.246
74.740	20.354	-0.255
74.760	17.421	-0.266
74.780	14.247	-0.281
74.800	10.874	-0.296
74.820	7.361	-0.285
74.840	3.709	-0.289
74.860	0.035	-0.264
74.880	-3.655	-0.260
74.900	-7.307	-0.227
74.920	-10.858	-0.220
74.940	-14.225	-0.188
74.960	-17.400	-0.169
74.980	-20.343	-0.136
75.000	-22.964	-0.110
75.020	-25.268	-0.075
75.040	-27.223	-0.050
75.060	-28.792	-0.010
75.080	-29.898	0.018
75.100	-30.613	0.056
75.120	-30.865	0.083
75.140	-30.720	0.126
75.160	-30.145	0.158
75.180	-29.087	0.191
75.200	-27.621	0.209
75.220	-25.768	0.231
75.240	-23.550	0.248
75.260	-20.993	0.265
75.280	-18.125	0.271
75.300	-14.993	0.284
75.320	-11.658	0.280
75.340	-8.135	0.281
75.360	-4.504	0.270
75.380	-0.824	0.264
75.400	2.887	0.247
75.420	6.534	0.233
75.440	10.095	0.212
75.460	13.522	0.191
75.480	16.728	0.163
75.500	19.715	0.135
75.520	22.443	0.105
75.540	24.801	0.076
75.560	26.821	0.042
75.580	28.443	0.010
75.600	29.667	-0.023
75.620	30.468	-0.058
75.640	30.822	-0.089
75.660	30.747	-0.121
75.680	30.247	-0.146
75.700	29.281	-0.177
75.720	27.911	-0.202
75.740	26.171	-0.218
75.760	24.033	-0.239
75.780	21.514	-0.248
75.800	18.726	-0.270
75.820	15.665	-0.282
75.840	12.351	-0.297
75.860	8.903	-0.287
75.880	5.320	-0.296
75.900	1.657	-0.277
75.920	-2.049	-0.272
75.940	-5.723	-0.247
75.960	-9.311	-0.237
75.980	-12.759	-0.207
76.000	-16.030	-0.189
76.020	-19.092	-0.152
76.040	-21.831	-0.131
76.060	-24.296	-0.093
76.080	-26.402	-0.069
76.100	-28.142	-0.031
76.120	-29.452	-0.003
76.140	-30.344	0.035
76.160	-30.784	0.059
76.180	-30.827	0.102
76.200	-30.403	0.141
76.220	-29.571	0.174
76.240	-28.298	0.192
76.260	-26.606	0.222
76.280	-24.543	0.236
76.300	-22.132	0.250
76.320	-19.365	0.261
76.340	-16.347	0.270
76.360	-13.119	0.274
76.380	-9.660	0.275
76.400	-6.067	0.267
76.420	-2.409	0.261
76.440	1.297	0.246
76.460	4.982	0.231
76.480	8.570	0.214
76.500	12.072	0.190
76.520	15.380	0.167
76.540	18.479	0.138
76.560	21.310	0.110
76.580	23.829	0.077
76.600	25.993	0.048
76.620	27.798	0.018
76.640	29.200	-0.018
76.660	30.177	-0.051
76.680	30.720	-0.085
76.700	30.844	-0.114
76.720	30.521	-0.148
76.740	29.748	-0.169
76.760	28.566	-0.202
76.780	26.955	-0.218
76.800	25.005	-0.242
76.820	22.658	-0.253
76.840	19.972	-0.269
