0.000	-14.384	-0.249
0.020	-17.574	-0.245
0.040	-20.507	-0.238
0.060	-23.144	-0.227
0.080	-25.421	-0.208
0.100	-27.371	-0.195
0.120	-28.902	-0.168
0.140	-29.987	-0.153
0.160	-30.637	-0.114
0.180	-30.825	-0.102
0.200	-30.664	-0.060
0.220	-30.019	-0.040
0.240	-28.902	-0.002
0.260	-27.382	0.026
0.280	-25.459	0.064
0.300	-23.171	0.088
0.320	-20.544	0.123
0.340	-17.601	0.148
0.360	-14.427	0.172
0.380	-11.021	0.195
0.400	-7.466	0.217
0.420	-3.787	0.232
0.440	-0.075	0.249
0.460	3.647	0.254
0.480	7.310	0.263
0.500	10.860	0.267
0.520	14.276	0.263
0.540	17.472	0.255
0.560	20.410	0.250
0.580	23.074	0.235
0.600	25.362	0.225
0.620	27.291	0.200
0.640	28.816	0.184
0.660	29.944	0.158
0.680	30.615	0.135
0.700	30.857	0.099
0.720	30.658	0.079
0.740	30.008	0.041
0.760	28.923	0.015
0.780	27.419	-0.023
0.800	25.550	-0.047
0.820	23.251	-0.086
0.840	20.636	-0.106
0.860	17.730	-0.144
0.880	14.550	-0.157
0.900	11.177	-0.188
0.920	7.643	-0.204
0.940	3.985	-0.224
0.960	0.295	-0.233
0.980	-3.427	-0.243
1.000	-7.090	-0.252
1.020	-10.656	-0.251
1.040	-14.072	-0.257
1.060	-17.279	-0.244
1.080	-20.244	-0.243
1.100	-22.897	-0.226
1.120	-25.212	-0.214
1.140	-27.178	-0.194
1.160	-28.762	-0.174
1.180	-29.885	-0.152
1.200	-30.588	-0.123
1.220	-30.841	-0.102
1.240	-30.669	-0.066
1.260	-30.051	-0.042
1.280	-29.009	-0.006
1.300	-27.500	0.017
1.320	-25.615	0.058
1.340	-23.380	0.082
1.360	-20.759	0.118
1.380	-17.870	0.138
1.400	-14.690	0.171
1.420	-11.317	0.186
1.440	-7.767	0.213
1.460	-4.109	0.221
1.480	-0.397	0.243
1.500	3.341	0.249
1.520	6.993	0.257
1.540	10.560	0.259
1.560	13.997	0.259
1.580	17.198	0.252
1.600	20.152	0.246
1.620	22.859	0.229
1.640	25.174	0.220
1.660	27.146	0.194
1.680	28.698	0.179
1.700	29.858	0.153
1.720	30.578	0.125
1.740	30.852	0.097
1.760	30.690	0.069
1.780	30.094	0.042
1.800	29.031	0.005
1.820	27.559	-0.024
1.840	25.722	-0.055
1.860	23.488	-0.084
1.880	20.888	-0.111
1.900	18.004	-0.144
1.920	14.856	-0.169
1.940	11.494	-0.187
1.960	7.965	-0.215
1.980	4.329	-0.226
2.000	0.628	-0.242
2.020	-3.094	-0.248
2.040	-6.762	-0.262
2.060	-10.345	-0.263
2.080	-13.761	-0.263
2.100	-16.989	-0.260
2.120	-19.986	-0.243
2.140	-22.666	-0.237
2.160	-25.002	-0.216
2.180	-27.006	-0.209
2.200	-28.601	-0.177
2.220	-29.777	-0.164
2.240	-30.540	-0.130
2.260	-30.814	-0.114
2.280	-30.696	-0.078
2.300	-30.116	-0.055
2.320	-29.111	-0.021
2.340	-27.650	0.010
2.360	-25.797	0.040
2.380	-23.568	0.074
2.400	-21.001	0.104
2.420	-18.122	0.130
2.440	-14.985	0.156
2.460	-11.623	0.178
2.480	-8.089	0.199
2.500	-4.415	0.216
2.520	-0.720	0.232
2.540	3.008	0.241
2.560	6.676	0.246
2.580	10.253	0.254
2.600	13.702	0.252
2.620	16.924	0.246
2.640	19.905	0.238
2.660	22.623	0.225
2.680	24.976	0.212
2.700	26.968	0.192
2.720	28.569	0.173
2.740	29.767	0.147
2.760	30.529	0.122
2.780	30.857	0.095
2.800	30.723	0.067
2.820	30.153	0.039
2.840	29.154	0.004
2.860	27.726	-0.025
2.880	25.899	-0.058
2.900	23.703	-0.086
2.920	21.130	-0.123
2.940	18.267	-0.141
2.960	15.141	-0.177
2.980	11.790	-0.187
3.000	8.282	-0.224
3.020	4.651	-0.222
3.040	0.961	-0.252
3.060	-2.761	-0.250
3.080	-6.440	-0.265
3.100	-10.039	-0.263
3.120	-13.471	-0.265
3.140	-16.699	-0.258
3.160	-19.723	-0.251
3.180	-22.435	-0.242
3.200	-24.814	-0.225
3.220	-26.855	-0.211
3.240	-28.499	-0.185
3.260	-29.702	-0.165
3.280	-30.486	-0.138
3.300	-30.803	-0.118
3.320	-30.717	-0.079
3.340	-30.191	-0.056
3.360	-29.203	-0.019
3.380	-27.806	0.006
3.400	-25.991	0.044
3.420	-23.789	0.074
3.440	-21.264	0.101
3.460	-18.385	0.132
3.480	-15.265	0.155
3.500	-11.945	0.180
3.520	-8.417	0.199
3.540	-4.759	0.220
3.560	-1.047	0.234
3.580	2.675	0.246
3.600	6.354	0.248
3.620	9.937	0.258
3.640	13.396	0.252
3.660	16.645	0.253
3.680	19.647	0.243
3.700	22.408	0.238
3.720	24.782	0.212
3.740	26.812	0.203
3.760	28.445	0.176
3.780	29.681	0.156
3.800	30.476	0.127
3.820	30.835	0.107
3.840	30.744	0.072
3.860	30.212	0.047
3.880	29.256	0.008
3.900	27.854	-0.019
3.920	26.077	-0.048
3.940	23.912	-0.082
3.960	21.361	-0.111
3.980	18.530	-0.135
4.000	15.426	-0.166
4.020	12.085	-0.185
4.040	8.588	-0.208
4.060	4.958	-0.223
4.080	1.273	-0.238
4.100	-2.449	-0.249
4.120	-6.145	-0.251
4.140	-9.754	-0.260
4.160	-13.191	-0.257
4.180	-16.446	-0.262
4.200	-19.513	-0.239
4.220	-22.236	-0.240
4.240	-24.664	-0.215
4.260	-26.727	-0.210
4.280	-28.408	-0.182
4.300	-29.659	-0.158
4.320	-30.486	-0.135
4.340	-30.814	-0.108
4.360	-30.782	-0.080
4.380	-30.293	-0.051
4.400	-29.369	-0.017
4.420	-27.983	0.015
4.440	-26.195	0.044
4.460	-24.036	0.077
4.480	-21.543	0.106
4.500	-18.686	0.137
4.520	-15.576	0.161
4.540	-12.289	0.186
4.560	-8.750	0.205
4.580	-5.119	0.225
4.600	-1.413	0.242
4.620	2.315	0.250
4.640	6.010	0.261
4.660	9.609	0.263
4.680	13.095	0.261
4.700	16.360	0.263
4.720	19.379	0.250
4.740	22.161	0.244
4.760	24.589	0.227
4.780	26.646	0.210
4.800	28.316	0.191
4.820	29.595	0.165
4.840	30.427	0.139
4.860	30.830	0.115
4.880	30.771	0.083
4.900	30.271	0.057
4.920	29.353	0.021
4.940	27.989	-0.006
4.960	26.254	-0.042
4.980	24.111	-0.064
5.000	21.613	-0.103
5.020	18.799	-0.123
5.040	15.721	-0.157
5.060	12.386	-0.168
5.080	8.905	-0.199
5.100	5.296	-0.214
5.120	1.595	-0.231
5.140	-2.116	-0.237
5.160	-5.806	-0.245
5.180	-9.432	-0.251
5.200	-12.907	-0.247
5.220	-16.172	-0.248
5.240	-19.223	-0.235
5.260	-21.979	-0.235
5.280	-24.433	-0.209
5.300	-26.533	-0.202
5.320	-28.268	-0.174
5.340	-29.546	-0.158
5.360	-30.406	-0.128
5.380	-30.787	-0.106
5.400	-30.798	-0.073
5.420	-30.347	-0.044
5.440	-29.444	-0.018
5.460	-28.096	0.015
5.480	-26.351	0.046
5.500	-24.218	0.079
5.520	-21.748	0.103
5.540	-18.944	0.139
5.560	-15.839	0.161
5.580	-12.558	0.186
5.600	-9.045	0.205
5.620	-5.419	0.228
5.640	-1.708	0.237
5.660	2.003	0.254
5.680	5.693	0.257
5.700	9.292	0.262
5.720	12.794	0.259
5.740	16.086	0.258
5.760	19.132	0.250
5.780	21.941	0.242
5.800	24.385	0.224
5.820	26.479	0.213
5.840	28.193	0.188
5.860	29.498	0.169
5.880	30.374	0.141
5.900	30.814	0.117
5.920	30.792	0.085
5.940	30.352	0.055
5.960	29.450	0.022
5.980	28.145	-0.004
6.000	26.415	-0.041
6.020	24.336	-0.068
6.040	21.839	-0.099
6.060	19.057	-0.129
6.080	16.006	-0.154
6.100	12.703	-0.177
6.120	9.222	-0.202
6.140	5.634	-0.217
6.160	1.944	-0.231
6.180	-1.783	-0.242
6.200	-5.462	-0.251
6.220	-9.109	-0.257
6.240	-12.563	-0.258
6.260	-15.861	-0.252
6.280	-18.960	-0.247
6.300	-21.742	-0.235
6.320	-24.218	-0.223
6.340	-26.340	-0.207
6.360	-28.102	-0.189
6.380	-29.417	-0.164
6.400	-30.325	-0.140
6.420	-30.771	-0.112
6.440	-30.798	-0.086
6.460	-30.384	-0.054
6.480	-29.520	-0.028
6.500	-28.214	0.002
6.520	-26.496	0.033
6.540	-24.401	0.066
6.560	-21.962	0.095
6.580	-19.164	0.126
6.600	-16.113	0.153
6.620	-12.848	0.169
6.640	-9.356	0.194
6.660	-5.747	0.216
6.680	-2.046	0.228
6.700	1.687	0.243
6.720	5.382	0.250
6.740	8.991	0.256
6.760	12.504	0.254
6.780	15.807	0.254
6.800	18.879	0.240
6.820	21.705	0.233
6.840	24.175	0.214
6.860	26.308	0.204
6.880	28.053	0.179
6.900	29.401	0.161
6.920	30.309	0.131
6.940	30.782	0.109
6.960	30.814	0.072
6.980	30.422	0.048
7.000	29.552	0.018
7.020	28.273	-0.011
7.040	26.598	-0.047
7.060	24.541	-0.074
7.080	22.091	-0.110
7.100	19.325	-0.133
7.120	16.291	-0.165
7.140	12.993	-0.187
7.160	9.539	-0.210
7.180	5.957	-0.223
7.200	2.277	-0.240
7.220	-1.434	-0.251
7.240	-5.140	-0.262
7.260	-8.782	-0.264
7.280	-12.284	-0.267
7.300	-15.582	-0.260
7.320	-18.675	-0.255
7.340	-21.511	-0.243
7.360	-24.014	-0.233
7.380	-26.157	-0.216
7.400	-27.940	-0.198
7.420	-29.315	-0.175
7.440	-30.250	-0.150
7.460	-30.728	-0.124
7.480	-30.798	-0.096
7.500	-30.417	-0.066
7.520	-29.605	-0.038
7.540	-28.354	-0.006
7.560	-26.673	0.026
7.580	-24.610	0.058
7.600	-22.188	0.087
7.620	-19.427	0.118
7.640	-16.393	0.142
7.660	-13.143	0.170
7.680	-9.663	0.186
7.700	-6.064	0.213
7.720	-2.363	0.223
7.740	1.359	0.241
7.760	5.060	0.243
7.780	8.674	0.256
7.800	12.198	0.250
7.820	15.522	0.254
7.840	18.616	0.244
7.860	21.468	0.236
7.880	23.971	0.215
7.900	26.125	0.207
7.920	27.908	0.181
7.940	29.294	0.164
7.960	30.245	0.136
7.980	30.760	0.113
8.000	30.835	0.077
8.020	30.470	0.055
8.040	29.648	0.021
8.060	28.408	-0.012
8.080	26.753	-0.043
8.100	24.723	-0.069
8.120	22.295	-0.106
8.140	19.583	-0.128
8.160	16.575	-0.159
8.180	13.299	-0.177
8.200	9.856	-0.208
8.220	6.279	-0.219
8.240	2.594	-0.240
8.260	-1.112	-0.243
8.280	-4.823	-0.256
8.300	-8.476	-0.255
8.320	-11.988	-0.266
8.340	-15.313	-0.256
8.360	-18.439	-0.259
8.380	-21.296	-0.239
8.400	-23.810	-0.235
8.420	-26.023	-0.210
8.440	-27.849	-0.198
8.460	-29.235	-0.169
8.480	-30.229	-0.145
8.500	-30.733	-0.123
8.520	-30.835	-0.091
8.540	-30.524	-0.067
8.560	-29.724	-0.034
8.580	-28.515	-0.001
8.600	-26.861	0.029
8.620	-24.852	0.061
8.640	-22.446	0.094
8.660	-19.701	0.123
8.680	-16.709	0.144
8.700	-13.465	0.176
8.720	-10.022	0.195
8.740	-6.424	0.216
8.760	-2.729	0.230
8.780	1.015	0.249
8.800	4.705	0.250
8.820	8.336	0.259
8.840	11.875	0.254
8.860	15.211	0.260
8.880	18.342	0.250
8.900	21.227	0.250
8.920	23.772	0.224
8.940	25.953	0.215
8.960	27.774	0.187
8.980	29.181	0.174
9.000	30.186	0.142
9.020	30.733	0.125
9.040	30.846	0.088
9.060	30.519	0.066
9.080	29.740	0.029
9.100	28.537	-0.002
9.120	26.893	-0.030
9.140	24.927	-0.057
9.160	22.548	-0.092
9.180	19.825	-0.120
9.200	16.838	-0.148
9.220	13.589	-0.167
9.240	10.157	-0.198
9.260	6.585	-0.208
9.280	2.911	-0.228
9.300	-0.800	-0.235
9.320	-4.517	-0.248
9.340	-8.159	-0.247
9.360	-11.693	-0.254
9.380	-15.034	-0.246
9.400	-18.181	-0.243
9.420	-21.060	-0.230
9.440	-23.611	-0.226
9.460	-25.856	-0.205
9.480	-27.709	-0.189
9.500	-29.138	-0.163
9.520	-30.164	-0.140
9.540	-30.701	-0.115
9.560	-30.857	-0.089
9.580	-30.551	-0.054
9.600	-29.836	-0.033
9.620	-28.644	0.007
9.640	-27.027	0.033
9.660	-25.024	0.069
9.680	-22.655	0.093
9.700	-19.975	0.126
9.720	-16.978	0.153
9.740	-13.755	0.177
9.760	-10.318	0.198
9.780	-6.741	0.224
9.800	-3.051	0.234
9.820	0.671	0.251
9.840	4.377	0.257
9.860	8.035	0.267
9.880	11.564	0.261
9.900	14.937	0.263
9.920	18.084	0.256
9.940	20.969	0.250
9.960	23.563	0.234
9.980	25.787	0.225
10.000	27.624	0.195
10.020	29.084	0.180
10.040	30.110	0.151
10.060	30.696	0.132
10.080	30.857	0.093
10.100	30.562	0.072
10.120	29.820	0.035
10.140	28.660	0.010
10.160	27.086	-0.030
10.180	25.126	-0.055
10.200	22.747	-0.089
10.220	20.072	-0.113
10.240	17.128	-0.145
10.260	13.895	-0.164
10.280	10.479	-0.191
10.300	6.913	-0.208
10.320	3.255	-0.225
10.340	-0.457	-0.235
10.360	-4.173	-0.247
10.380	-7.826	-0.251
10.400	-11.381	-0.258
10.420	-14.722	-0.251
10.440	-17.891	-0.247
10.460	-20.797	-0.237
10.480	-23.396	-0.228
10.500	-25.620	-0.210
10.520	-27.516	-0.193
10.540	-29.015	-0.165
10.560	-30.062	-0.144
10.580	-30.653	-0.115
10.600	-30.857	-0.095
10.620	-30.583	-0.058
10.640	-29.879	-0.035
10.660	-28.741	-0.003
10.680	-27.156	0.026
10.700	-25.207	0.062
10.720	-22.865	0.088
10.740	-20.201	0.122
10.760	-17.241	0.143
10.780	-14.024	0.172
10.800	-10.624	0.192
10.820	-7.031	0.214
10.840	-3.357	0.227
10.860	0.360	0.241
10.880	4.077	0.254
10.900	7.718	0.257
10.920	11.274	0.258
10.940	14.647	0.258
10.960	17.811	0.252
10.980	20.727	0.243
11.000	23.354	0.224
11.020	25.593	0.217
11.040	27.479	0.192
11.060	28.961	0.172
11.080	30.030	0.145
11.100	30.674	0.126
11.120	30.868	0.090
11.140	30.615	0.064
11.160	29.896	0.031
11.180	28.773	0.001
11.200	27.226	-0.032
11.220	25.314	-0.062
11.240	22.983	-0.095
11.260	20.330	-0.123
11.280	17.397	-0.148
11.300	14.190	-0.173
11.320	10.791	-0.196
11.340	7.246	-0.218
11.360	3.593	-0.231
11.380	-0.113	-0.243
11.400	-3.840	-0.256
11.420	-7.493	-0.260
11.440	-11.043	-0.264
11.460	-14.421	-0.264
11.480	-17.623	-0.256
11.500	-20.550	-0.247
11.520	-23.155	-0.236
11.540	-25.437	-0.216
11.560	-27.360	-0.204
11.580	-28.875	-0.176
11.600	-29.971	-0.159
11.620	-30.610	-0.131
11.640	-30.825	-0.105
11.660	-30.604	-0.075
11.680	-29.949	-0.046
11.700	-28.848	-0.011
11.720	-27.317	0.011
11.740	-25.384	0.051
11.760	-23.085	0.077
11.780	-20.442	0.108
11.800	-17.499	0.137
11.820	-14.325	0.162
11.840	-10.919	0.184
11.860	-7.358	0.205
11.880	-3.674	0.217
11.900	0.038	0.233
11.920	3.744	0.245
11.940	7.401	0.251
11.960	10.968	0.253
11.980	14.373	0.250
12.000	17.547	0.246
12.020	20.491	0.238
12.040	23.128	0.224
12.060	25.405	0.211
12.080	27.328	0.190
12.100	28.854	0.171
12.120	29.965	0.144
12.140	30.631	0.117
12.160	30.857	0.089
12.180	30.642	0.063
12.200	29.965	0.028
12.220	28.896	-0.000
12.240	27.360	-0.034
12.260	25.502	-0.062
12.280	23.192	-0.094
12.300	20.582	-0.123
12.320	17.671	-0.150
12.340	14.497	-0.176
12.360	11.097	-0.196
12.380	7.562	-0.220
12.400	3.926	-0.234
12.420	0.226	-0.245
12.440	-3.513	-0.257
12.460	-7.170	-0.262
12.480	-10.753	-0.262
12.500	-14.137	-0.262
12.520	-17.333	-0.256
12.540	-20.287	-0.247
12.560	-22.951	-0.237
12.580	-25.255	-0.221
12.600	-27.210	-0.205
12.620	-28.773	-0.177
12.640	-29.885	-0.160
12.660	-30.594	-0.127
12.680	-30.814	-0.110
12.700	-30.647	-0.074
12.720	-30.051	-0.048
12.740	-28.972	-0.015
12.760	-27.473	0.015
12.780	-25.566	0.051
12.800	-23.311	0.077
12.820	-20.706	0.108
12.840	-17.784	0.134
12.860	-14.615	0.167
12.880	-11.236	0.183
12.900	-7.702	0.205
12.920	-4.039	0.222
12.940	-0.312	0.237
12.960	3.405	0.250
12.980	7.074	0.254
13.000	10.629	0.255
13.020	14.051	0.257
13.040	17.263	0.250
13.060	20.228	0.242
13.080	22.924	0.230
13.100	25.217	0.216
13.120	27.167	0.198
13.140	28.725	0.180
13.160	29.890	0.152
13.180	30.588	0.126
13.200	30.857	0.098
13.220	30.685	0.070
13.240	30.051	0.039
13.260	28.999	0.003
13.280	27.543	-0.026
13.300	25.679	-0.051
13.320	23.423	-0.086
13.340	20.829	-0.117
13.360	17.934	-0.143
13.380	14.765	-0.173
13.400	11.371	-0.186
13.420	7.858	-0.210
13.440	4.238	-0.227
13.460	0.510	-0.242
13.480	-3.201	-0.251
13.500	-6.870	-0.253
13.520	-10.474	-0.260
13.540	-13.874	-0.256
13.560	-17.096	-0.253
13.580	-20.066	-0.244
13.600	-22.763	-0.235
13.620	-25.099	-0.213
13.640	-27.086	-0.202
13.660	-28.703	-0.173
13.680	-29.858	-0.156
13.700	-30.594	-0.126
13.720	-30.830	-0.102
13.740	-30.728	-0.071
13.760	-30.153	-0.045
13.780	-29.122	-0.009
13.800	-27.672	0.019
13.820	-25.787	0.055
13.840	-23.563	0.083
13.860	-20.979	0.113
13.880	-18.084	0.143
13.900	-14.953	0.166
13.920	-11.575	0.189
13.940	-8.041	0.213
13.960	-4.367	0.231
13.980	-0.650	0.246
14.000	3.072	0.254
14.020	6.741	0.259
14.040	10.312	0.268
14.060	13.755	0.267
14.080	16.983	0.258
14.100	19.959	0.249
14.120	22.677	0.242
14.140	25.019	0.227
14.160	27.022	0.205
14.180	28.606	0.184
14.200	29.799	0.161
14.220	30.540	0.134
14.240	30.852	0.109
14.260	30.717	0.080
14.280	30.137	0.051
14.300	29.117	0.015
14.320	27.672	-0.015
14.340	25.840	-0.045
14.360	23.633	-0.074
14.380	21.060	-0.105
14.400	18.192	-0.133
14.420	15.061	-0.157
14.440	11.693	-0.178
14.460	8.196	-0.206
14.480	4.549	-0.216
14.500	0.854	-0.232
14.520	-2.868	-0.241
14.540	-6.542	-0.244
14.560	-10.146	-0.254
14.580	-13.567	-0.247
14.600	-16.790	-0.249
14.620	-19.814	-0.237
14.640	-22.510	-0.232
14.660	-24.884	-0.208
14.680	-26.915	-0.200
14.700	-28.542	-0.171
14.720	-29.745	-0.154
14.740	-30.524	-0.123
14.760	-30.819	-0.101
14.780	-30.733	-0.066
14.800	-30.196	-0.040
14.820	-29.203	-0.013
14.840	-27.779	0.022
14.860	-25.948	0.053
14.880	-23.751	0.082
14.900	-21.205	0.109
14.920	-18.326	0.142
14.940	-15.211	0.167
14.960	-11.875	0.185
14.980	-8.325	0.205
15.000	-4.673	0.228
15.020	-0.972	0.242
15.040	2.761	0.250
15.060	6.429	0.255
15.080	10.006	0.263
15.100	13.481	0.260
15.120	16.715	0.258
15.140	19.723	0.249
15.160	22.467	0.238
15.180	24.836	0.222
15.200	26.855	0.204
15.220	28.483	0.185
15.240	29.702	0.161
15.260	30.492	0.134
15.280	30.846	0.106
15.300	30.739	0.074
15.320	30.207	0.048
15.340	29.224	0.014
15.360	27.822	-0.018
15.380	26.034	-0.048
15.400	23.848	-0.076
15.420	21.307	-0.106
15.440	18.477	-0.138
15.460	15.356	-0.159
15.480	12.015	-0.185
15.500	8.519	-0.205
15.520	4.893	-0.224
15.540	1.198	-0.235
15.560	-2.519	-0.247
15.580	-6.209	-0.254
15.600	-9.818	-0.260
15.620	-13.245	-0.259
15.640	-16.500	-0.252
15.660	-19.540	-0.246
15.680	-22.263	-0.235
15.700	-24.664	-0.222
15.720	-26.727	-0.206
15.740	-28.386	-0.185
15.760	-29.632	-0.159
15.780	-30.454	-0.130
15.800	-30.792	-0.111
15.820	-30.739	-0.077
15.840	-30.234	-0.049
15.860	-29.294	-0.020
15.880	-27.897	0.006
15.900	-26.109	0.043
15.920	-23.944	0.074
15.940	-21.420	0.100
15.960	-18.573	0.125
15.980	-15.469	0.156
16.000	-12.149	0.175
16.020	-8.637	0.200
16.040	-5.000	0.214
16.060	-1.289	0.231
16.080	2.428	0.244
16.100	6.118	0.247
16.120	9.689	0.255
16.140	13.165	0.251
16.160	16.430	0.250
16.180	19.459	0.241
16.200	22.226	0.231
16.220	24.643	0.212
16.240	26.684	0.200
16.260	28.365	0.176
16.280	29.611	0.155
16.300	30.438	0.122
16.320	30.830	0.101
16.340	30.771	0.068
16.360	30.266	0.043
16.380	29.326	0.006
16.400	27.973	-0.020
16.420	26.206	-0.055
16.440	24.062	-0.085
16.460	21.554	-0.115
16.480	18.734	-0.142
16.500	15.651	-0.166
16.520	12.321	-0.190
16.540	8.835	-0.214
16.560	5.221	-0.230
16.580	1.531	-0.244
16.600	-2.191	-0.253
16.620	-5.871	-0.262
16.640	-9.501	-0.266
16.660	-12.950	-0.266
16.680	-16.215	-0.264
16.700	-19.266	-0.254
16.720	-22.021	-0.243
16.740	-24.471	-0.231
16.760	-26.560	-0.212
16.780	-28.247	-0.195
16.800	-29.530	-0.168
16.820	-30.390	-0.143
16.840	-30.787	-0.120
16.860	-30.760	-0.086
16.880	-30.293	-0.060
16.900	-29.385	-0.027
16.920	-28.042	0.002
16.940	-26.286	0.035
16.960	-24.154	0.068
16.980	-21.662	0.093
17.000	-18.831	0.124
17.020	-15.759	0.147
17.040	-12.461	0.172
17.060	-8.964	0.193
17.080	-5.323	0.211
17.100	-1.617	0.229
17.120	2.105	0.242
17.140	5.790	0.250
17.160	9.383	0.254
17.180	12.880	0.254
17.200	16.162	0.250
17.220	19.207	0.242
17.240	22.000	0.235
17.260	24.438	0.214
17.280	26.533	0.202
17.300	28.214	0.179
17.320	29.525	0.162
17.340	30.379	0.131
17.360	30.809	0.108
17.380	30.792	0.074
17.400	30.331	0.047
17.420	29.434	0.014
17.440	28.102	-0.015
17.460	26.383	-0.048
17.480	24.277	-0.076
17.500	21.774	-0.106
17.520	18.998	-0.136
17.540	15.936	-0.162
17.560	12.611	-0.189
17.580	9.136	-0.203
17.600	5.532	-0.225
17.620	1.853	-0.237
17.640	-1.880	-0.249
17.660	-5.559	-0.257
17.680	-9.195	-0.260
17.700	-12.670	-0.261
17.720	-15.952	-0.256
17.740	-19.030	-0.253
17.760	-21.817	-0.239
17.780	-24.299	-0.227
17.800	-26.420	-0.207
17.820	-28.155	-0.193
17.840	-29.487	-0.160
17.860	-30.368	-0.141
17.880	-30.787	-0.113
17.900	-30.803	-0.084
17.920	-30.384	-0.059
17.940	-29.525	-0.022
17.960	-28.225	0.003
17.980	-26.506	0.038
18.000	-24.390	0.070
18.020	-21.936	0.101
18.040	-19.143	0.126
18.060	-16.065	0.152
18.080	-12.799	0.179
18.100	-9.297	0.196
18.120	-5.683	0.221
18.140	-1.982	0.238
18.160	1.751	0.248
18.180	5.436	0.255
18.200	9.056	0.261
18.220	12.563	0.260
18.240	15.866	0.258
18.260	18.922	0.250
18.280	21.758	0.246
18.300	24.229	0.225
18.320	26.345	0.209
18.340	28.080	0.185
18.360	29.417	0.168
18.380	30.331	0.138
18.400	30.798	0.116
18.420	30.809	0.086
18.440	30.390	0.061
18.460	29.520	0.024
18.480	28.236	-0.007
18.500	26.549	-0.037
18.520	24.471	-0.064
18.540	22.016	-0.098
18.560	19.245	-0.123
18.580	16.205	-0.155
18.600	12.917	-0.174
18.620	9.458	-0.195
18.640	5.849	-0.214
18.660	2.170	-0.233
18.680	-1.547	-0.238
18.700	-5.242	-0.248
18.720	-8.895	-0.248
18.740	-12.386	-0.251
18.760	-15.689	-0.248
18.780	-18.788	-0.243
18.800	-21.586	-0.230
18.820	-24.100	-0.222
18.840	-26.238	-0.200
18.860	-28.037	-0.182
18.880	-29.391	-0.158
18.900	-30.314	-0.135
18.920	-30.755	-0.108
18.940	-30.830	-0.083
18.960	-30.454	-0.048
18.980	-29.632	-0.019
19.000	-28.349	0.013
19.020	-26.641	0.045
19.040	-24.589	0.072
19.060	-22.167	0.103
19.080	-19.390	0.137
19.100	-16.350	0.158
19.120	-13.084	0.182
19.140	-9.598	0.201
19.160	-6.010	0.227
19.180	-2.299	0.240
19.200	1.434	0.251
19.220	5.129	0.258
19.240	8.744	0.266
19.260	12.257	0.263
19.280	15.587	0.262
19.300	18.675	0.254
19.320	21.522	0.246
19.340	24.025	0.231
19.360	26.184	0.221
19.380	27.951	0.193
19.400	29.326	0.172
19.420	30.255	0.146
19.440	30.760	0.121
19.460	30.830	0.088
19.480	30.454	0.064
19.500	29.622	0.027
19.520	28.370	0.003
19.540	26.700	-0.032
19.560	24.680	-0.061
19.580	22.231	-0.094
19.600	19.502	-0.119
19.620	16.495	-0.150
19.640	13.224	-0.172
19.660	9.775	-0.197
19.680	6.193	-0.214
19.700	2.514	-0.231
19.720	-1.203	-0.239
19.740	-4.909	-0.251
19.760	-8.545	-0.252
19.780	-12.042	-0.259
19.800	-15.367	-0.250
19.820	-18.498	-0.247
19.840	-21.345	-0.235
19.860	-23.869	-0.222
19.880	-26.039	-0.207
19.900	-27.860	-0.188
19.920	-29.251	-0.162
19.940	-30.223	-0.140
19.960	-30.717	-0.113
19.980	-30.830	-0.086
20.000	-30.465	-0.053
20.020	-29.681	-0.027
20.040	-28.451	0.006
20.060	-26.802	0.036
20.080	-24.750	0.067
20.100	-22.365	0.093
20.120	-19.626	0.126
20.140	-16.613	0.152
20.160	-13.369	0.176
20.180	-9.899	0.196
20.200	-6.300	0.217
20.220	-2.621	0.229
20.240	1.117	0.247
20.260	4.812	0.251
20.280	8.438	0.258
20.300	11.961	0.256
20.320	15.302	0.258
20.340	18.417	0.249
20.360	21.291	0.244
20.380	23.826	0.222
20.400	26.001	0.213
20.420	27.812	0.188
20.440	29.213	0.168
20.460	30.202	0.141
20.480	30.733	0.117
20.500	30.841	0.084
20.520	30.508	0.059
20.540	29.718	0.024
20.560	28.499	-0.004
20.580	26.872	-0.042
20.600	24.874	-0.069
20.620	22.489	-0.105
20.640	19.766	-0.126
20.660	16.785	-0.158
20.680	13.524	-0.174
20.700	10.092	-0.202
20.720	6.515	-0.217
20.740	2.847	-0.237
20.760	-0.859	-0.246
20.780	-4.576	-0.257
20.800	-8.234	-0.260
20.820	-11.730	-0.264
20.840	-15.071	-0.261
20.860	-18.213	-0.256
20.880	-21.098	-0.239
20.900	-23.627	-0.231
20.920	-25.846	-0.215
20.940	-27.699	-0.200
20.960	-29.127	-0.173
20.980	-30.143	-0.149
21.000	-30.680	-0.124
21.020	-30.814	-0.101
21.040	-30.513	-0.065
21.060	-29.761	-0.041
21.080	-28.574	-0.004
21.100	-26.952	0.021
21.120	-24.949	0.055
21.140	-22.580	0.083
21.160	-19.873	0.113
21.180	-16.871	0.138
21.200	-13.669	0.167
21.220	-10.216	0.183
21.240	-6.628	0.209
21.260	-2.943	0.221
21.280	0.784	0.239
21.300	4.496	0.244
21.320	8.116	0.254
21.340	11.666	0.251
21.360	15.012	0.252
21.380	18.149	0.243
21.400	21.044	0.237
21.420	23.622	0.219
21.440	25.824	0.209
21.460	27.661	0.180
21.480	29.111	0.166
21.500	30.132	0.137
21.520	30.707	0.113
21.540	30.852	0.084
21.560	30.556	0.055
21.580	29.810	0.023
21.600	28.617	-0.008
21.620	27.033	-0.044
21.640	25.072	-0.064
21.660	22.698	-0.101
21.680	20.023	-0.124
21.700	17.048	-0.160
21.720	13.820	-0.174
21.740	10.398	-0.207
21.760	6.848	-0.219
21.780	3.174	-0.243
21.800	-0.526	-0.243
21.820	-4.238	-0.260
21.840	-7.912	-0.260
21.860	-11.451	-0.267
21.880	-14.792	-0.263
21.900	-17.945	-0.260
21.920	-20.845	-0.243
21.940	-23.423	-0.234
21.960	-25.690	-0.214
21.980	-27.564	-0.200
22.000	-29.025	-0.177
22.020	-30.073	-0.154
22.040	-30.664	-0.123
22.060	-30.830	-0.099
22.080	-30.578	-0.065
22.100	-29.853	-0.044
22.120	-28.698	-0.006
22.140	-27.119	0.017
22.160	-25.158	0.055
22.180	-22.816	0.079
22.200	-20.152	0.115
22.220	-17.166	0.138
22.240	-13.970	0.172
22.260	-10.554	0.185
22.280	-6.977	0.211
22.300	-3.282	0.225
22.320	0.435	0.246
22.340	4.146	0.249
22.360	7.788	0.258
22.380	11.360	0.253
22.400	14.728	0.255
22.420	17.880	0.249
22.440	20.792	0.246
22.460	23.407	0.225
22.480	25.647	0.215
22.500	27.532	0.188
22.520	28.988	0.175
22.540	30.051	0.143
22.560	30.669	0.123
22.580	30.862	0.092
22.600	30.599	0.064
22.620	29.879	0.032
22.640	28.751	-0.003
22.660	27.167	-0.032
22.680	25.255	-0.056
22.700	22.929	-0.096
22.720	20.265	-0.118
22.740	17.316	-0.152
22.760	14.104	-0.173
22.780	10.705	-0.193
22.800	7.144	-0.210
22.820	3.475	-0.234
22.840	-0.215	-0.238
22.860	-3.942	-0.251
22.880	-7.611	-0.254
22.900	-11.150	-0.258
22.920	-14.550	-0.252
22.940	-17.725	-0.253
22.960	-20.636	-0.238
22.980	-23.246	-0.229
23.000	-25.534	-0.209
23.020	-27.441	-0.194
23.040	-28.956	-0.168
23.060	-30.046	-0.150
23.080	-30.669	-0.121
23.100	-30.835	-0.093
23.120	-30.621	-0.063
23.140	-29.987	-0.040
23.160	-28.870	-0.001
23.180	-27.296	0.026
23.200	-25.362	0.062
23.220	-23.069	0.088
23.240	-20.426	0.122
23.260	-17.467	0.144
23.280	-14.271	0.175
23.300	-10.882	0.195
23.320	-7.289	0.219
23.340	-3.636	0.233
23.360	0.102	0.248
23.380	3.819	0.253
23.400	7.471	0.265
23.420	11.038	0.262
23.440	14.421	0.267
23.460	17.606	0.257
23.480	20.539	0.248
23.500	23.182	0.237
23.520	25.454	0.225
23.540	27.360	0.201
23.560	28.886	0.184
23.580	29.971	0.154
23.600	30.637	0.130
23.620	30.862	0.100
23.640	30.631	0.079
23.660	29.960	0.043
23.680	28.864	0.011
23.700	27.350	-0.019
23.720	25.454	-0.051
23.740	23.144	-0.084
23.760	20.507	-0.111
23.780	17.590	-0.139
23.800	14.405	-0.159
23.820	11.021	-0.185
23.840	7.466	-0.206
23.860	3.813	-0.220
23.880	0.107	-0.237
23.900	-3.609	-0.242
23.920	-7.272	-0.246
23.940	-10.850	-0.252
23.960	-14.228	-0.251
23.980	-17.418	-0.247
24.000	-20.373	-0.235
24.020	-23.021	-0.227
24.040	-25.303	-0.207
24.060	-27.264	-0.195
24.080	-28.816	-0.163
24.100	-29.917	-0.147
24.120	-30.594	-0.118
24.140	-30.852	-0.095
24.160	-30.647	-0.061
24.180	-30.030	-0.035
24.200	-28.956	0.001
24.220	-27.441	0.022
24.240	-25.523	0.062
24.260	-23.251	0.084
24.280	-20.652	0.119
24.300	-17.708	0.146
24.320	-14.561	0.168
24.340	-11.150	0.192
24.360	-7.600	0.213
24.380	-3.926	0.230
24.400	-0.226	0.242
24.420	3.502	0.254
24.440	7.154	0.258
24.460	10.737	0.262
24.480	14.137	0.260
24.500	17.343	0.254
24.520	20.303	0.247
24.540	22.978	0.235
24.560	25.271	0.219
24.580	27.226	0.202
24.600	28.762	0.180
24.620	29.896	0.155
24.640	30.604	0.131
24.660	30.852	0.101
24.680	30.674	0.071
24.700	30.030	0.040
24.720	28.982	0.011
24.740	27.484	-0.023
24.760	25.636	-0.054
24.780	23.370	-0.086
24.800	20.759	-0.111
24.820	17.870	-0.141
24.840	14.711	-0.165
24.860	11.306	-0.190
24.880	7.799	-0.210
24.900	4.157	-0.228
24.920	0.451	-0.236
24.940	-3.271	-0.251
24.960	-6.945	-0.252
24.980	-10.511	-0.262
25.000	-13.911	-0.259
25.020	-17.128	-0.259
25.040	-20.104	-0.243
25.060	-22.773	-0.235
25.080	-25.115	-0.215
25.100	-27.092	-0.204
25.120	-28.687	-0.176
25.140	-29.810	-0.156
25.160	-30.551	-0.131
25.180	-30.835	-0.105
25.200	-30.658	-0.073
25.220	-30.078	-0.047
25.240	-29.047	-0.013
25.260	-27.581	0.017
25.280	-25.701	0.051
25.300	-23.456	0.076
25.320	-20.867	0.109
25.340	-17.972	0.129
25.360	-14.819	0.161
25.380	-11.457	0.176
25.400	-7.928	0.203
25.420	-4.254	0.219
25.440	-0.537	0.234
25.460	3.174	0.242
25.480	6.843	0.251
25.500	10.415	0.252
25.520	13.852	0.256
25.540	17.064	0.245
25.560	20.045	0.242
25.580	22.741	0.225
25.600	25.078	0.211
25.620	27.070	0.192
25.640	28.644	0.171
25.660	29.820	0.148
25.680	30.556	0.122
25.700	30.857	0.091
25.720	30.701	0.063
25.740	30.100	0.034
25.760	29.090	0.005
25.780	27.634	-0.029
25.800	25.808	-0.061
25.820	23.590	-0.090
25.840	21.006	-0.122
25.860	18.133	-0.146
25.880	15.001	-0.174
25.900	11.628	-0.193
25.920	8.121	-0.215
25.940	4.496	-0.233
25.960	0.806	-0.243
25.980	-2.938	-0.258
26.000	-6.617	-0.260
26.020	-10.210	-0.269
26.040	-13.621	-0.263
26.060	-16.844	-0.265
26.080	-19.841	-0.247
26.100	-22.548	-0.241
26.120	-24.906	-0.223
26.140	-26.920	-0.213
26.160	-28.563	-0.185
26.180	-29.729	-0.164
26.200	-30.513	-0.135
26.220	-30.792	-0.112
26.240	-30.690	-0.081
26.260	-30.164	-0.053
26.280	-29.149	-0.019
26.300	-27.720	0.010
26.320	-25.878	0.043
26.340	-23.681	0.072
26.360	-21.125	0.102
26.380	-18.246	0.128
26.400	-15.120	0.159
26.420	-11.773	0.177
26.440	-8.239	0.199
26.460	-4.582	0.221
26.480	-0.875	0.234
26.500	2.847	0.246
26.520	6.515	0.251
26.540	10.098	0.256
26.560	13.551	0.253
26.580	16.785	0.250
26.600	19.787	0.245
26.620	22.532	0.231
26.640	24.884	0.217
26.660	26.893	0.197
26.680	28.521	0.173
26.700	29.734	0.154
26.720	30.513	0.126
26.740	30.846	0.101
26.760	30.739	0.070
26.780	30.191	0.041
26.800	29.203	0.006
26.820	27.790	-0.023
26.840	25.985	-0.053
26.860	23.799	-0.084
26.880	21.237	-0.115
26.900	18.391	-0.140
26.920	15.281	-0.166
26.940	11.935	-0.187
26.960	8.422	-0.210
26.980	4.802	-0.229
27.000	1.096	-0.239
27.020	-2.610	-0.252
27.040	-6.300	-0.257
27.060	-9.904	-0.261
27.080	-13.347	-0.260
27.100	-16.602	-0.257
27.120	-19.615	-0.246
27.140	-22.338	-0.231
27.160	-24.750	-0.221
27.180	-26.807	-0.202
27.200	-28.488	-0.181
27.220	-29.691	-0.160
27.240	-30.486	-0.131
27.260	-30.819	-0.111
27.280	-30.760	-0.077
27.300	-30.245	-0.051
27.320	-29.289	-0.019
27.340	-27.914	0.012
27.360	-26.082	0.045
27.380	-23.939	0.074
27.400	-21.420	0.104
27.420	-18.546	0.130
27.440	-15.442	0.160
27.460	-12.101	0.182
27.480	-8.583	0.206
27.500	-4.947	0.222
27.520	-1.230	0.243
27.540	2.492	0.250
27.560	6.187	0.260
27.580	9.775	0.262
27.600	13.234	0.260
27.620	16.511	0.253
27.640	19.529	0.252
27.660	22.290	0.240
27.680	24.691	0.225
27.700	26.737	0.205
27.720	28.386	0.183
27.740	29.648	0.163
27.760	30.459	0.138
27.780	30.835	0.112
27.800	30.760	0.081
27.820	30.266	0.055
27.840	29.299	0.017
27.860	27.919	-0.012
27.880	26.168	-0.040
27.900	24.014	-0.073
27.920	21.495	-0.102
27.940	18.654	-0.128
27.960	15.565	-0.158
27.980	12.208	-0.175
28.000	8.739	-0.202
28.020	5.124	-0.216
28.040	1.423	-0.232
28.060	-2.293	-0.239
28.080	-5.989	-0.247
28.100	-9.593	-0.254
28.120	-13.057	-0.248
28.140	-16.312	-0.247
28.160	-19.363	-0.236
28.180	-22.145	-0.232
28.200	-24.557	-0.211
28.220	-26.630	-0.202
28.240	-28.327	-0.177
28.260	-29.595	-0.157
28.280	-30.443	-0.125
28.300	-30.798	-0.105
28.320	-30.776	-0.071
28.340	-30.320	-0.043
28.360	-29.407	-0.011
28.380	-28.048	0.017
28.400	-26.254	0.051
28.420	-24.122	0.083
28.440	-21.613	0.108
28.460	-18.793	0.139
28.480	-15.705	0.165
28.500	-12.418	0.186
28.520	-8.884	0.209
28.540	-5.258	0.229
28.560	-1.536	0.242
28.580	2.175	0.253
28.600	5.871	0.256
28.620	9.475	0.265
28.640	12.950	0.262
28.660	16.237	0.261
28.680	19.271	0.251
28.700	22.064	0.246
28.720	24.492	0.231
28.740	26.565	0.212
28.760	28.252	0.192
28.780	29.546	0.167
28.800	30.395	0.139
28.820	30.819	0.117
28.840	30.787	0.083
28.860	30.325	0.058
28.880	29.412	0.025
28.900	28.080	-0.006
28.920	26.329	-0.038
28.940	24.213	-0.069
28.960	21.710	-0.102
28.980	18.928	-0.126
29.000	15.861	-0.153
29.020	12.547	-0.173
29.040	9.056	-0.205
29.060	5.468	-0.216
29.080	1.778	-0.232
29.100	-1.960	-0.239
29.120	-5.634	-0.251
29.140	-9.271	-0.252
29.160	-12.735	-0.255
29.180	-16.011	-0.247
29.200	-19.094	-0.242
29.220	-21.876	-0.232
29.240	-24.315	-0.220
29.260	-26.442	-0.206
29.280	-28.171	-0.181
29.300	-29.460	-0.160
29.320	-30.368	-0.133
29.340	-30.766	-0.112
29.360	-30.787	-0.080
29.380	-30.341	-0.052
29.400	-29.477	-0.019
29.420	-28.139	0.010
29.440	-26.410	0.041
29.460	-24.293	0.074
29.480	-21.844	0.103
29.500	-19.046	0.130
29.520	-15.984	0.159
29.540	-12.687	0.174
29.560	-9.190	0.200
29.580	-5.564	0.221
29.600	-1.880	0.234
29.620	1.858	0.248
29.640	5.554	0.254
29.660	9.152	0.258
29.680	12.649	0.257
29.700	15.947	0.257
29.720	19.014	0.247
29.740	21.828	0.239
29.760	24.293	0.221
29.780	26.404	0.206
29.800	28.118	0.183
29.820	29.455	0.161
29.840	30.336	0.131
29.860	30.798	0.112
29.880	30.809	0.076
29.900	30.379	0.053
29.920	29.503	0.015
29.940	28.209	-0.013
29.960	26.496	-0.048
29.980	24.428	-0.073
30.000	21.962	-0.108
30.020	19.186	-0.133
30.040	16.140	-0.162
30.060	12.848	-0.183
30.080	9.394	-0.210
30.100	5.779	-0.225
30.120	2.105	-0.239
30.140	-1.622	-0.247
30.160	-5.301	-0.264
30.180	-8.954	-0.263
30.200	-12.429	-0.268
30.220	-15.721	-0.260
30.240	-18.820	-0.252
30.260	-21.619	-0.246
30.280	-24.116	-0.227
30.300	-26.249	-0.214
30.320	-28.016	-0.192
30.340	-29.369	-0.173
30.360	-30.293	-0.139
30.380	-30.733	-0.124
30.400	-30.798	-0.088
30.420	-30.374	-0.064
30.440	-29.562	-0.029
30.460	-28.284	-0.002
30.480	-26.576	0.030
30.500	-24.508	0.065
30.520	-22.054	0.087
30.540	-19.293	0.125
30.560	-16.253	0.141
30.580	-12.993	0.171
30.600	-9.496	0.187
30.620	-5.887	0.216
30.640	-2.197	0.223
30.660	1.536	0.241
30.680	5.231	0.244
30.700	8.846	0.258
30.720	12.348	0.251
30.740	15.667	0.255
30.760	18.745	0.241
30.780	21.581	0.234
30.800	24.089	0.217
30.820	26.227	0.203
30.840	27.983	0.182
30.860	29.353	0.156
30.880	30.277	0.136
30.900	30.776	0.105
30.920	30.819	0.083
30.940	30.427	0.046
30.960	29.600	0.023
30.980	28.343	-0.019
31.000	26.667	-0.040
31.020	24.621	-0.077
31.040	22.167	-0.106
31.060	19.443	-0.134
31.080	16.436	-0.161
31.100	13.143	-0.180
31.120	9.700	-0.214
31.140	6.102	-0.215
31.160	2.428	-0.255
31.180	-1.278	-0.235
31.200	-4.974	-0.276
31.220	-8.626	-0.243
31.240	-12.139	-0.281
31.260	-15.442	-0.244
31.280	-18.562	-0.270
31.300	-21.382	-0.231
31.320	-23.917	-0.240
31.340	-26.087	-0.203
31.360	-27.892	-0.202
31.380	-29.267	-0.166
31.400	-30.245	-0.148
31.420	-30.717	-0.122
31.440	-30.809	-0.090
31.460	-30.465	-0.064
31.480	-29.675	-0.028
31.500	-28.408	-0.003
31.520	-26.770	0.036
31.540	-24.712	0.057
31.560	-22.328	0.097
31.580	-19.567	0.117
31.600	-16.559	0.149
31.620	-13.304	0.172
31.640	-9.834	0.196
31.660	-6.225	0.214
31.680	-2.546	0.232
31.700	1.187	0.245
31.720	4.893	0.248
31.740	8.513	0.258
31.760	12.037	0.254
31.780	15.377	0.259
31.800	18.482	0.247
31.820	21.355	0.247
31.840	23.880	0.221
31.860	26.044	0.215
31.880	27.838	0.181
31.900	29.251	0.174
31.920	30.207	0.133
31.940	30.750	0.119
31.960	30.835	0.076
31.980	30.486	0.063
32.000	29.681	0.018
32.020	28.478	-0.001
32.040	26.823	-0.039
32.060	24.825	-0.058
32.080	22.424	-0.102
32.100	19.690	-0.122
32.120	16.704	-0.153
32.140	13.438	-0.173
32.160	9.996	-0.198
32.180	6.418	-0.212
32.200	2.745	-0.235
32.220	-0.978	-0.239
32.240	-4.673	-0.251
32.260	-8.325	-0.250
32.280	-11.843	-0.260
32.300	-15.184	-0.253
32.320	-18.337	-0.243
32.340	-21.194	-0.238
32.360	-23.746	-0.222
32.380	-25.953	-0.207
32.400	-27.785	-0.188
32.420	-29.219	-0.164
32.440	-30.196	-0.143
32.460	-30.717	-0.112
32.480	-30.841	-0.091
32.500	-30.545	-0.053
32.520	-29.799	-0.032
32.540	-28.590	0.010
32.560	-26.947	0.032
32.580	-24.933	0.076
32.600	-22.569	0.090
32.620	-19.852	0.130
32.640	-16.828	0.150
32.660	-13.621	0.182
32.680	-10.162	0.197
32.700	-6.563	0.225
32.720	-2.879	0.236
32.740	0.838	0.250
32.760	4.549	0.257
32.780	8.186	0.265
32.800	11.725	0.266
32.820	15.077	0.263
32.840	18.219	0.258
32.860	21.098	0.248
32.880	23.670	0.235
32.900	25.873	0.223
32.920	27.709	0.198
32.940	29.133	0.176
32.960	30.148	0.154
32.980	30.717	0.126
33.000	30.857	0.094
33.020	30.540	0.072
33.040	29.767	0.034
33.060	28.596	0.008
33.080	26.979	-0.031
33.100	25.013	-0.048
33.120	22.628	-0.095
33.140	19.948	-0.104
33.160	16.978	-0.152
33.180	13.745	-0.156
33.200	10.307	-0.198
33.220	6.741	-0.200
33.240	3.083	-0.231
33.260	-0.645	-0.227
33.280	-4.345	-0.256
33.300	-7.998	-0.241
33.320	-11.526	-0.257
33.340	-14.889	-0.244
33.360	-18.058	-0.244
33.380	-20.942	-0.232
33.400	-23.499	-0.221
33.420	-25.722	-0.208
33.440	-27.602	-0.188
33.460	-29.079	-0.167
33.480	-30.116	-0.141
33.500	-30.685	-0.116
33.520	-30.852	-0.089
33.540	-30.556	-0.056
33.560	-29.847	-0.028
33.580	-28.676	0.001
33.600	-27.086	0.031
33.620	-25.099	0.065
33.640	-22.757	0.092
33.660	-20.061	0.125
33.680	-17.102	0.145
33.700	-13.895	0.178
33.720	-10.458	0.192
33.740	-6.870	0.221
33.760	-3.190	0.226
33.780	0.526	0.252
33.800	4.254	0.252
33.820	7.896	0.261
33.840	11.435	0.257
33.860	14.797	0.263
33.880	17.956	0.250
33.900	20.867	0.249
33.920	23.472	0.226
33.940	25.690	0.222
33.960	27.559	0.192
33.980	29.020	0.181
34.000	30.078	0.143
34.020	30.685	0.127
34.040	30.857	0.093
34.060	30.588	0.067
34.080	29.869	0.035
34.100	28.719	0.003
34.120	27.151	-0.029
34.140	25.217	-0.065
34.160	22.865	-0.093
34.180	20.211	-0.119
34.200	17.252	-0.149
34.220	14.045	-0.169
34.240	10.640	-0.199
34.260	7.079	-0.208
34.280	3.411	-0.235
34.300	-0.290	-0.235
34.320	-4.007	-0.261
34.340	-7.665	-0.248
34.360	-11.204	-0.269
34.380	-14.572	-0.248
34.400	-17.746	-0.259
34.420	-20.668	-0.232
34.440	-23.268	-0.238
34.460	-25.529	-0.210
34.480	-27.446	-0.206
34.500	-28.939	-0.171
34.520	-30.014	-0.154
34.540	-30.642	-0.119
34.560	-30.835	-0.106
34.580	-30.578	-0.065
34.600	-29.896	-0.044
34.620	-28.778	-0.007
34.640	-27.226	0.018
34.660	-25.282	0.053
34.680	-22.967	0.083
34.700	-20.303	0.113
34.720	-17.365	0.138
34.740	-14.174	0.166
34.760	-10.764	0.184
34.780	-7.187	0.205
34.800	-3.502	0.221
34.820	0.199	0.234
34.840	3.926	0.243
34.860	7.562	0.250
34.880	11.124	0.254
34.900	14.502	0.253
34.920	17.687	0.246
34.940	20.614	0.238
34.960	23.241	0.219
34.980	25.502	0.210
35.000	27.414	0.185
35.020	28.913	0.168
35.040	29.998	0.136
35.060	30.647	0.121
35.080	30.862	0.082
35.100	30.631	0.064
35.120	29.944	0.022
35.140	28.837	-0.000
35.160	27.291	-0.040
35.180	25.405	-0.060
35.200	23.106	-0.104
35.220	20.448	-0.122
35.240	17.542	-0.160
35.260	14.335	-0.174
35.280	10.930	-0.204
35.300	7.401	-0.214
35.320	3.744	-0.237
35.340	0.038	-0.247
35.360	-3.679	-0.259
35.380	-7.337	-0.264
35.400	-10.903	-0.265
35.420	-14.276	-0.268
35.440	-17.478	-0.255
35.460	-20.416	-0.251
35.480	-23.042	-0.235
35.500	-25.346	-0.226
35.520	-27.291	-0.203
35.540	-28.827	-0.183
35.560	-29.928	-0.156
35.580	-30.599	-0.134
35.600	-30.819	-0.106
35.620	-30.626	-0.071
35.640	-29.976	-0.053
35.660	-28.891	-0.012
35.680	-27.371	0.012
35.700	-25.470	0.051
35.720	-23.198	0.073
35.740	-20.561	0.111
35.760	-17.639	0.129
35.780	-14.454	0.166
35.800	-11.081	0.179
35.820	-7.509	0.207
35.840	-3.830	0.219
35.860	-0.134	0.239
35.880	3.593	0.242
35.900	7.251	0.256
35.920	10.807	0.254
35.940	14.217	0.256
35.960	17.413	0.249
35.980	20.351	0.242
36.000	23.031	0.225
36.020	25.319	0.212
36.040	27.264	0.192
36.060	28.794	0.174
36.080	29.917	0.146
36.100	30.604	0.124
36.120	30.862	0.091
36.140	30.664	0.065
36.160	30.030	0.032
36.180	28.956	-0.000
36.200	27.457	-0.028
36.220	25.588	-0.055
36.240	23.311	-0.093
36.260	20.689	-0.115
36.280	17.789	-0.149
36.300	14.620	-0.169
36.320	11.242	-0.195
36.340	7.708	-0.210
36.360	4.055	-0.232
36.380	0.354	-0.243
36.400	-3.368	-0.253
36.420	-7.025	-0.260
36.440	-10.613	-0.260
36.460	-14.013	-0.260
36.480	-17.230	-0.256
36.500	-20.190	-0.248
36.520	-22.854	-0.235
36.540	-25.201	-0.216
36.560	-27.151	-0.201
36.580	-28.735	-0.177
36.600	-29.901	-0.156
36.620	-30.588	-0.129
36.640	-30.825	-0.106
36.660	-30.707	-0.069
36.680	-30.110	-0.045
36.700	-29.052	-0.008
36.720	-27.559	0.019
36.740	-25.690	0.052
36.760	-23.456	0.080
36.780	-20.845	0.111
36.800	-17.934	0.140
36.820	-14.792	0.165
36.840	-11.403	0.188
36.860	-7.853	0.212
36.880	-4.206	0.229
36.900	-0.483	0.246
36.920	3.239	0.250
36.940	6.923	0.259
36.960	10.479	0.260
36.980	13.922	0.265
37.000	17.139	0.253
37.020	20.099	0.250
37.040	22.800	0.238
37.060	25.126	0.221
37.080	27.092	0.203
37.100	28.666	0.180
37.120	29.831	0.156
37.140	30.567	0.133
37.160	30.852	0.103
37.180	30.696	0.080
37.200	30.094	0.047
37.220	29.058	0.013
37.240	27.607	-0.019
37.260	25.765	-0.044
37.280	23.531	-0.078
37.300	20.942	-0.107
37.320	18.058	-0.136
37.340	14.916	-0.159
37.360	11.559	-0.182
37.380	8.019	-0.206
37.400	4.383	-0.218
37.420	0.687	-0.235
37.440	-3.045	-0.238
37.460	-6.719	-0.253
37.480	-10.307	-0.247
37.500	-13.712	-0.257
37.520	-16.967	-0.240
37.540	-19.948	-0.239
37.560	-22.634	-0.222
37.580	-25.002	-0.212
37.600	-26.984	-0.195
37.620	-28.639	-0.169
37.640	-29.793	-0.150
37.660	-30.562	-0.120
37.680	-30.835	-0.102
37.700	-30.712	-0.065
37.720	-30.169	-0.039
37.740	-29.165	-0.006
37.760	-27.709	0.020
37.780	-25.862	0.059
37.800	-23.627	0.083
37.820	-21.087	0.118
37.840	-18.197	0.144
37.860	-15.066	0.169
37.880	-11.714	0.193
37.900	-8.164	0.213
37.920	-4.506	0.233
37.940	-0.800	0.242
37.960	2.922	0.257
37.980	6.612	0.262
38.000	10.178	0.264
38.020	13.626	0.262
38.040	16.871	0.261
38.060	19.857	0.247
38.080	22.575	0.243
38.100	24.933	0.224
38.120	26.947	0.212
38.140	28.542	0.182
38.160	29.750	0.162
38.180	30.519	0.135
38.200	30.841	0.108
38.220	30.733	0.079
38.240	30.159	0.049
38.260	29.176	0.014
38.280	27.736	-0.014
38.300	25.937	-0.044
38.320	23.740	-0.076
38.340	21.184	-0.106
38.360	18.332	-0.134
38.380	15.200	-0.156
38.400	11.849	-0.185
38.420	8.352	-0.202
38.440	4.737	-0.222
38.460	1.031	-0.228
38.480	-2.707	-0.243
38.500	-6.365	-0.250
38.520	-9.974	-0.253
38.540	-13.406	-0.255
38.560	-16.650	-0.245
38.580	-19.674	-0.241
38.600	-22.376	-0.230
38.620	-24.788	-0.218
38.640	-26.818	-0.199
38.660	-28.456	-0.177
38.680	-29.670	-0.154
38.700	-30.486	-0.127
38.720	-30.803	-0.105
38.740	-30.723	-0.073
38.760	-30.196	-0.047
38.780	-29.240	-0.013
38.800	-27.833	0.014
38.820	-26.018	0.050
38.840	-23.842	0.078
38.860	-21.286	0.105
38.880	-18.439	0.135
38.900	-15.329	0.162
38.920	-11.988	0.180
38.940	-8.470	0.205
38.960	-4.834	0.220
38.980	-1.123	0.239
39.000	2.594	0.246
39.020	6.290	0.256
39.040	9.867	0.257
39.060	13.336	0.258
39.080	16.591	0.255
39.100	19.604	0.248
39.120	22.360	0.236
39.140	24.739	0.218
39.160	26.780	0.203
39.180	28.418	0.176
39.200	29.665	0.156
39.220	30.476	0.129
39.240	30.841	0.104
39.260	30.755	0.074
39.280	30.245	0.044
39.300	29.272	0.007
39.320	27.903	-0.021
39.340	26.120	-0.051
39.360	23.960	-0.081
39.380	21.431	-0.115
39.400	18.595	-0.138
39.420	15.506	-0.167
39.440	12.171	-0.185
39.460	8.674	-0.212
39.480	5.060	-0.227
39.500	1.354	-0.239
39.520	-2.353	-0.256
39.540	-6.048	-0.258
39.560	-9.657	-0.264
39.580	-13.095	-0.264
39.600	-16.366	-0.262
39.620	-19.395	-0.248
39.640	-22.145	-0.243
39.660	-24.562	-0.224
39.680	-26.646	-0.217
39.700	-28.322	-0.186
39.720	-29.573	-0.168
39.740	-30.411	-0.140
39.760	-30.760	-0.119
39.780	-30.755	-0.082
39.800	-30.266	-0.059
39.820	-29.342	-0.027
39.840	-27.962	0.006
39.860	-26.195	0.038
39.880	-24.030	0.066
39.900	-21.533	0.099
39.920	-18.713	0.126
39.940	-15.608	0.149
39.960	-12.300	0.172
39.980	-8.792	0.195
40.000	-5.151	0.216
40.020	-1.439	0.228
40.040	2.283	0.242
40.060	5.962	0.248
40.080	9.544	0.255
40.100	13.030	0.250
40.120	16.307	0.250
40.140	19.336	0.240
40.160	22.124	0.229
40.180	24.541	0.214
40.200	26.608	0.200
40.220	28.284	0.173
40.240	29.579	0.156
40.260	30.422	0.125
40.280	30.825	0.105
40.300	30.776	0.071
40.320	30.320	0.043
40.340	29.380	0.007
40.360	28.037	-0.020
40.380	26.286	-0.049
40.400	24.170	-0.081
40.420	21.656	-0.111
40.440	18.858	-0.138
40.460	15.780	-0.165
40.480	12.461	-0.189
40.500	8.997	-0.210
40.520	5.382	-0.226
40.540	1.703	-0.242
40.560	-2.030	-0.251
40.580	-5.720	-0.256
40.600	-9.346	-0.261
40.620	-12.810	-0.265
40.640	-16.081	-0.257
40.660	-19.153	-0.252
40.680	-21.925	-0.239
40.700	-24.363	-0.229
40.720	-26.485	-0.209
40.740	-28.204	-0.188
40.760	-29.503	-0.166
40.780	-30.368	-0.139
40.800	-30.755	-0.116
40.820	-30.787	-0.085
40.840	-30.352	-0.058
40.860	-29.450	-0.024
40.880	-28.123	0.006
40.900	-26.372	0.037
40.920	-24.267	0.071
40.940	-21.796	0.101
40.960	-18.987	0.126
40.980	-15.904	0.155
41.000	-12.617	0.176
41.020	-9.120	0.200
41.040	-5.495	0.217
41.060	-1.794	0.237
41.080	1.934	0.246
41.100	5.629	0.250
41.120	9.222	0.260
41.140	12.719	0.254
41.160	16.022	0.255
41.180	19.078	0.248
41.200	21.887	0.240
41.220	24.336	0.220
41.240	26.453	0.209
41.260	28.145	0.183
41.280	29.477	0.166
41.300	30.357	0.132
41.320	30.814	0.113
41.340	30.798	0.076
41.360	30.374	0.057
41.380	29.466	0.018
41.400	28.171	-0.012
41.420	26.453	-0.041
41.440	24.369	-0.073
41.460	21.893	-0.102
41.480	19.116	-0.131
41.500	16.060	-0.156
41.520	12.762	-0.182
41.540	9.292	-0.198
41.560	5.677	-0.222
41.580	2.003	-0.231
41.600	-1.719	-0.247
41.620	-5.409	-0.251
41.640	-9.056	-0.256
41.660	-12.547	-0.253
41.680	-15.839	-0.253
41.700	-18.922	-0.247
41.720	-21.731	-0.231
41.740	-24.197	-0.222
41.760	-26.345	-0.202
41.780	-28.107	-0.186
41.800	-29.450	-0.156
41.820	-30.374	-0.136
41.840	-30.776	-0.108
41.860	-30.814	-0.081
41.880	-30.411	-0.048
41.900	-29.584	-0.023
41.920	-28.295	0.011
41.940	-26.582	0.043
41.960	-24.492	0.075
41.980	-22.043	0.104
42.000	-19.261	0.134
42.020	-16.215	0.160
42.040	-12.939	0.183
42.060	-9.448	0.207
42.080	-5.833	0.225
42.100	-2.148	0.245
42.120	1.584	0.251
42.140	5.296	0.258
42.160	8.916	0.267
42.180	12.413	0.263
42.200	15.737	0.263
42.220	18.804	0.252
42.240	21.635	0.246
42.260	24.127	0.235
42.280	26.270	0.216
42.300	28.021	0.192
42.320	29.380	0.173
42.340	30.298	0.147
42.360	30.776	0.122
42.380	30.825	0.086
42.400	30.422	0.068
42.420	29.579	0.026
42.440	28.300	0.001
42.460	26.619	-0.034
42.480	24.583	-0.061
42.500	22.107	-0.095
42.520	19.374	-0.117
42.540	16.350	-0.148
42.560	13.057	-0.166
42.580	9.604	-0.195
42.600	6.010	-0.213
42.620	2.342	-0.227
42.640	-1.391	-0.233
42.660	-5.086	-0.246
42.680	-8.728	-0.249
42.700	-12.225	-0.249
42.720	-15.517	-0.247
42.740	-18.643	-0.237
42.760	-21.474	-0.231
42.780	-23.971	-0.216
42.800	-26.146	-0.204
42.820	-27.940	-0.182
42.840	-29.305	-0.159
42.860	-30.261	-0.133
42.880	-30.733	-0.111
42.900	-30.830	-0.081
42.920	-30.459	-0.053
42.940	-29.654	-0.021
42.960	-28.397	0.009
42.980	-26.710	0.040
43.000	-24.664	0.076
43.020	-22.263	0.099
43.040	-19.492	0.134
43.060	-16.468	0.154
43.080	-13.224	0.183
43.100	-9.759	0.200
43.120	-6.139	0.220
43.140	-2.455	0.230
43.160	1.284	0.253
43.180	4.979	0.255
43.200	8.610	0.264
43.220	12.123	0.261
43.240	15.447	0.260
43.260	18.552	0.252
43.280	21.415	0.246
43.300	23.939	0.227
43.320	26.098	0.215
43.340	27.892	0.191
43.360	29.272	0.175
43.380	30.239	0.142
43.400	30.755	0.120
43.420	30.835	0.086
43.440	30.476	0.064
43.460	29.665	0.026
43.480	28.435	-0.001
43.500	26.775	-0.033
43.520	24.782	-0.063
43.540	22.354	-0.099
43.560	19.631	-0.123
43.580	16.629	-0.149
43.600	13.358	-0.175
43.620	9.931	-0.202
43.640	6.349	-0.214
43.660	2.680	-0.234
43.680	-1.037	-0.238
43.700	-4.743	-0.258
43.720	-8.384	-0.255
43.740	-11.913	-0.260
43.760	-15.222	-0.254
43.780	-18.348	-0.250
43.800	-21.205	-0.234
43.820	-23.751	-0.227
43.840	-25.958	-0.209
43.860	-27.763	-0.195
43.880	-29.197	-0.165
43.900	-30.169	-0.145
43.920	-30.696	-0.117
43.940	-30.835	-0.091
43.960	-30.492	-0.062
43.980	-29.708	-0.035
44.000	-28.515	-0.000
44.020	-26.861	0.028
44.040	-24.847	0.062
44.060	-22.457	0.088
44.080	-19.733	0.119
44.100	-16.736	0.142
44.120	-13.503	0.171
44.140	-10.065	0.190
44.160	-6.461	0.213
44.180	-2.771	0.223
44.200	0.951	0.240
44.220	4.657	0.246
44.240	8.288	0.257
44.260	11.816	0.253
44.280	15.173	0.254
44.300	18.294	0.243
44.320	21.167	0.238
44.340	23.724	0.217
44.360	25.916	0.207
44.380	27.736	0.182
44.400	29.176	0.165
44.420	30.159	0.134
44.440	30.728	0.113
44.460	30.852	0.080
44.480	30.535	0.055
44.500	29.750	0.017
44.520	28.563	-0.005
44.540	26.952	-0.042
44.560	24.970	-0.066
44.580	22.585	-0.106
44.600	19.895	-0.130
44.620	16.914	-0.159
44.640	13.664	-0.180
44.660	10.248	-0.207
44.680	6.676	-0.222
44.700	3.013	-0.243
44.720	-0.714	-0.247
44.740	-4.404	-0.264
44.760	-8.073	-0.263
44.780	-11.602	-0.266
44.800	-14.937	-0.264
44.820	-18.084	-0.259
44.840	-20.963	-0.247
44.860	-23.536	-0.235
44.880	-25.771	-0.217
44.900	-27.624	-0.202
44.920	-29.084	-0.176
44.940	-30.105	-0.156
44.960	-30.653	-0.126
44.980	-30.809	-0.101
45.000	-30.540	-0.069
45.020	-29.815	-0.044
45.040	-28.633	-0.011
45.060	-27.033	0.019
45.080	-25.019	0.056
45.100	-22.693	0.083
45.120	-19.997	0.116
45.140	-17.010	0.138
45.160	-13.798	0.169
45.180	-10.366	0.183
45.200	-6.784	0.209
45.220	-3.094	0.222
45.240	0.618	0.241
45.260	4.329	0.247
45.280	7.965	0.254
45.300	11.505	0.253
45.320	14.867	0.254
45.340	18.031	0.244
45.360	20.926	0.243
45.380	23.520	0.219
45.400	25.738	0.213
45.420	27.597	0.187
45.440	29.058	0.170
45.460	30.089	0.141
45.480	30.696	0.118
45.500	30.862	0.086
45.520	30.578	0.062
45.540	29.826	0.025
45.560	28.687	-0.004
45.580	27.097	-0.038
45.600	25.174	-0.063
45.620	22.806	-0.099
45.640	20.147	-0.124
45.660	17.187	-0.154
45.680	13.949	-0.174
45.700	10.560	-0.199
45.720	6.993	-0.214
45.740	3.319	-0.239
45.760	-0.392	-0.243
45.780	-4.098	-0.262
45.800	-7.750	-0.259
45.820	-11.306	-0.266
45.840	-14.679	-0.256
45.860	-17.843	-0.256
45.880	-20.749	-0.242
45.900	-23.348	-0.235
45.920	-25.588	-0.214
45.940	-27.521	-0.196
45.960	-29.020	-0.173
45.980	-30.073	-0.153
46.000	-30.664	-0.121
46.020	-30.830	-0.098
46.040	-30.621	-0.065
46.060	-29.922	-0.041
46.080	-28.811	-0.005
46.100	-27.231	0.021
46.120	-25.244	0.061
46.140	-22.945	0.083
46.160	-20.281	0.117
46.180	-17.322	0.138
46.200	-14.142	0.171
46.220	-10.710	0.189
46.240	-7.138	0.213
46.260	-3.464	0.225
46.280	0.263	0.250
46.300	3.980	0.252
46.320	7.632	0.262
46.340	11.188	0.260
46.360	14.577	0.263
46.380	17.751	0.254
46.400	20.668	0.250
46.420	23.289	0.229
46.440	25.556	0.218
46.460	27.452	0.197
46.480	28.945	0.176
46.500	30.024	0.150
46.520	30.664	0.127
46.540	30.862	0.097
46.560	30.615	0.071
46.580	29.922	0.040
46.600	28.805	0.005
46.620	27.264	-0.027
46.640	25.346	-0.050
46.660	23.042	-0.089
46.680	20.383	-0.109
46.700	17.445	-0.142
46.720	14.244	-0.160
46.740	10.850	-0.189
46.760	7.299	-0.206
46.780	3.647	-0.227
46.800	-0.064	-0.234
46.820	-3.792	-0.246
46.840	-7.444	-0.249
46.860	-11.005	-0.256
46.880	-14.389	-0.247
46.900	-17.569	-0.245
46.920	-20.512	-0.235
46.940	-23.139	-0.223
46.960	-25.421	-0.206
46.980	-27.360	-0.193
47.000	-28.886	-0.164
47.020	-29.987	-0.144
47.040	-30.642	-0.115
47.060	-30.846	-0.093
47.080	-30.642	-0.059
47.100	-29.992	-0.034
47.120	-28.918	0.003
47.140	-27.360	0.029
47.160	-25.448	0.067
47.180	-23.166	0.088
47.200	-20.534	0.123
47.220	-17.585	0.150
47.240	-14.400	0.176
47.260	-11.011	0.192
47.280	-7.455	0.220
47.300	-3.771	0.233
47.320	-0.064	0.251
47.340	3.668	0.255
47.360	7.321	0.263
47.380	10.887	0.261
47.400	14.309	0.263
47.420	17.488	0.259
47.440	20.416	0.250
47.460	23.101	0.239
47.480	25.352	0.227
47.500	27.291	0.201
47.520	28.827	0.185
47.540	29.949	0.156
47.560	30.626	0.134
47.580	30.857	0.100
47.600	30.664	0.077
47.620	30.003	0.044
47.640	28.923	0.011
47.660	27.419	-0.022
47.680	25.529	-0.051
47.700	23.246	-0.082
47.720	20.625	-0.107
47.740	17.730	-0.145
47.760	14.556	-0.160
47.780	11.167	-0.188
47.800	7.638	-0.206
47.820	3.980	-0.225
47.840	0.290	-0.230
47.860	-3.432	-0.248
47.880	-7.101	-0.251
47.900	-10.678	-0.259
47.920	-14.072	-0.250
47.940	-17.273	-0.247
47.960	-20.238	-0.235
47.980	-22.886	-0.228
48.000	-25.201	-0.210
48.020	-27.194	-0.198
48.040	-28.751	-0.172
48.060	-29.869	-0.148
48.080	-30.578	-0.123
48.100	-30.846	-0.102
48.120	-30.674	-0.069
48.140	-30.046	-0.046
48.160	-28.988	-0.004
48.180	-27.500	0.021
48.200	-25.604	0.056
48.220	-23.359	0.084
48.240	-20.754	0.113
48.260	-17.827	0.140
48.280	-14.685	0.168
48.300	-11.301	0.185
48.320	-7.756	0.209
48.340	-4.098	0.221
48.360	-0.376	0.241
48.380	3.357	0.250
48.400	7.015	0.257
48.420	10.565	0.258
48.440	14.002	0.256
48.460	17.204	0.251
48.480	20.185	0.244
48.500	22.865	0.231
48.520	25.174	0.217
48.540	27.146	0.195
48.560	28.698	0.176
48.580	29.863	0.150
48.600	30.588	0.126
48.620	30.857	0.092
48.640	30.696	0.068
48.660	30.083	0.039
48.680	29.031	0.003
48.700	27.548	-0.025
48.720	25.717	-0.061
48.740	23.482	-0.087
48.760	20.888	-0.117
48.780	17.999	-0.148
48.800	14.851	-0.169
48.820	11.489	-0.196
48.840	7.960	-0.212
48.860	4.302	-0.235
48.880	0.612	-0.241
48.900	-3.099	-0.257
48.920	-6.784	-0.259
48.940	-10.366	-0.267
48.960	-13.771	-0.261
48.980	-16.994	-0.262
49.000	-19.975	-0.246
49.020	-22.661	-0.240
49.040	-25.019	-0.219
49.060	-27.000	-0.209
49.080	-28.617	-0.184
49.100	-29.783	-0.165
49.120	-30.519	-0.135
49.140	-30.809	-0.113
49.160	-30.685	-0.076
49.180	-30.116	-0.054
49.200	-29.090	-0.019
49.220	-27.629	0.009
49.240	-25.797	0.042
49.260	-23.568	0.076
49.280	-20.990	0.102
49.300	-18.111	0.129
49.320	-14.948	0.156
49.340	-11.623	0.179
49.360	-8.073	0.200
49.380	-4.415	0.218
49.400	-0.698	0.234
49.420	3.013	0.243
49.440	6.703	0.250
49.460	10.270	0.251
49.480	13.712	0.250
49.500	16.940	0.247
49.520	19.916	0.240
49.540	22.639	0.228
49.560	24.986	0.213
49.580	26.979	0.195
49.600	28.585	0.169
49.620	29.783	0.149
49.640	30.529	0.122
49.660	30.841	0.093
49.680	30.723	0.064
49.700	30.153	0.035
49.720	29.138	0.001
49.740	27.726	-0.028
49.760	25.899	-0.058
49.780	23.681	-0.088
49.800	21.108	-0.119
49.820	18.267	-0.145
49.840	15.141	-0.172
49.860	11.790	-0.193
49.880	8.271	-0.215
49.900	4.641	-0.234
49.920	0.945	-0.243
49.940	-2.782	-0.256
49.960	-6.456	-0.261
49.980	-10.039	-0.263
50.000	-13.471	-0.265
50.020	-16.720	-0.261
50.040	-19.723	-0.247
50.060	-22.435	-0.239
50.080	-24.814	-0.222
50.100	-26.845	-0.209
50.120	-28.499	-0.187
50.140	-29.713	-0.164
50.160	-30.486	-0.132
50.180	-30.798	-0.111
50.200	-30.717	-0.081
50.220	-30.212	-0.052
50.240	-29.208	-0.019
50.260	-27.801	0.010
50.280	-25.969	0.043
50.300	-23.778	0.073
50.320	-21.248	0.104
50.340	-18.385	0.134
50.360	-15.254	0.156
50.380	-11.935	0.182
50.400	-8.406	0.203
50.420	-4.748	0.223
50.440	-1.058	0.235
50.460	2.675	0.246
50.480	6.359	0.254
50.500	9.937	0.254
50.520	13.406	0.258
50.540	16.656	0.255
50.560	19.664	0.247
50.580	22.414	0.234
50.600	24.793	0.218
50.620	26.823	0.204
50.640	28.461	0.180
50.660	29.681	0.155
50.680	30.476	0.131
50.700	30.835	0.105
50.720	30.750	0.073
50.740	30.212	0.046
50.760	29.251	0.008
50.780	27.854	-0.018
50.800	26.066	-0.046
50.820	23.896	-0.077
50.840	21.366	-0.114
50.860	18.530	-0.136
50.880	15.410	-0.166
50.900	12.074	-0.185
50.920	8.572	-0.205
50.940	4.947	-0.224
50.960	1.257	-0.235
50.980	-2.471	-0.249
51.000	-6.150	-0.256
51.020	-9.759	-0.254
51.040	-13.197	-0.256
51.060	-16.468	-0.251
51.080	-19.519	-0.241
51.100	-22.258	-0.234
51.120	-24.664	-0.214
51.140	-26.732	-0.205
51.160	-28.408	-0.179
51.180	-29.648	-0.158
51.200	-30.481	-0.127
51.220	-30.825	-0.108
51.240	-30.771	-0.078
51.260	-30.282	-0.051
51.280	-29.353	-0.018
51.300	-27.973	0.016
51.320	-26.179	0.048
51.340	-24.025	0.080
51.360	-21.527	0.110
51.380	-18.665	0.137
51.400	-15.576	0.164
51.420	-12.262	0.188
51.440	-8.733	0.207
51.460	-5.092	0.231
51.480	-1.380	0.242
51.500	2.336	0.254
51.520	6.026	0.263
51.540	9.620	0.265
51.560	13.100	0.266
51.580	16.376	0.262
51.600	19.400	0.250
51.620	22.167	0.243
51.640	24.589	0.228
51.660	26.651	0.212
51.680	28.322	0.185
51.700	29.600	0.169
51.720	30.427	0.141
51.740	30.830	0.114
51.760	30.766	0.084
51.780	30.271	0.058
51.800	29.353	0.022
51.820	27.983	-0.006
51.840	26.249	-0.040
51.860	24.105	-0.065
51.880	21.597	-0.098
51.900	18.783	-0.124
51.920	15.710	-0.157
51.940	12.386	-0.173
51.960	8.895	-0.201
51.980	5.291	-0.214
52.000	1.601	-0.231
52.020	-2.132	-0.234
52.040	-5.817	-0.243
52.060	-9.442	-0.247
52.080	-12.912	-0.249
52.100	-16.178	-0.243
52.120	-19.229	-0.238
52.140	-21.995	-0.233
52.160	-24.449	-0.213
52.180	-26.528	-0.203
52.200	-28.247	-0.177
52.220	-29.530	-0.153
52.240	-30.411	-0.128
52.260	-30.787	-0.107
52.280	-30.792	-0.076
52.300	-30.341	-0.042
52.320	-29.423	-0.013
52.340	-28.102	0.016
52.360	-26.345	0.047
52.380	-24.208	0.080
52.400	-21.742	0.106
52.420	-18.917	0.136
52.440	-15.834	0.163
52.460	-12.547	0.188
52.480	-9.034	0.204
52.500	-5.409	0.225
52.520	-1.703	0.237
52.540	2.025	0.254
52.560	5.715	0.258
52.580	9.313	0.263
52.600	12.815	0.260
52.620	16.108	0.259
52.640	19.153	0.252
52.660	21.952	0.243
52.680	24.390	0.226
52.700	26.479	0.210
52.720	28.198	0.184
52.740	29.509	0.166
52.760	30.379	0.134
52.780	30.809	0.113
52.800	30.792	0.080
52.820	30.357	0.056
52.840	29.450	0.021
52.860	28.145	-0.011
52.880	26.410	-0.039
52.900	24.315	-0.072
52.920	21.833	-0.103
52.940	19.057	-0.131
52.960	15.995	-0.159
52.980	12.687	-0.175
53.000	9.222	-0.204
53.020	5.607	-0.218
53.040	1.934	-0.233
53.060	-1.772	-0.243
53.080	-5.484	-0.251
53.100	-9.109	-0.258
53.120	-12.574	-0.262
53.140	-15.872	-0.252
53.160	-18.960	-0.249
53.180	-21.758	-0.235
53.200	-24.224	-0.224
53.220	-26.345	-0.209
53.240	-28.096	-0.185
53.260	-29.412	-0.162
53.280	-30.325	-0.139
53.300	-30.755	-0.114
53.320	-30.798	-0.085
53.340	-30.352	-0.057
53.360	-29.514	-0.028
53.380	-28.204	0.005
53.400	-26.485	0.035
53.420	-24.401	0.068
53.440	-21.941	0.095
53.460	-19.159	0.122
53.480	-16.103	0.151
53.500	-12.826	0.173
53.520	-9.346	0.195
53.540	-5.731	0.216
53.560	-2.025	0.228
53.580	1.703	0.240
53.600	5.403	0.250
53.620	9.013	0.257
53.640	12.509	0.254
53.660	15.818	0.250
53.680	18.890	0.244
53.700	21.699	0.235
53.720	24.191	0.217
53.740	26.313	0.202
53.760	28.059	0.180
53.780	29.407	0.159
53.800	30.320	0.131
53.820	30.787	0.109
53.840	30.814	0.073
53.860	30.406	0.049
53.880	29.536	0.014
53.900	28.273	-0.015
53.920	26.587	-0.048
53.940	24.519	-0.076
53.960	22.070	-0.111
53.980	19.304	-0.134
54.000	16.280	-0.164
54.020	12.982	-0.185
54.040	9.528	-0.210
54.060	5.946	-0.222
54.080	2.267	-0.243
54.100	-1.450	-0.251
54.120	-5.135	-0.261
54.140	-8.792	-0.263
54.160	-12.284	-0.264
54.180	-15.592	-0.263
54.200	-18.691	-0.257
54.220	-21.511	-0.243
54.240	-24.003	-0.232
54.260	-26.179	-0.214
54.280	-27.967	-0.196
54.300	-29.326	-0.174
54.320	-30.261	-0.148
54.340	-30.707	-0.124
54.360	-30.803	-0.095
54.380	-30.417	-0.065
54.400	-29.616	-0.039
54.420	-28.333	-0.003
54.440	-26.646	0.030
54.460	-24.605	0.062
54.480	-22.183	0.088
54.500	-19.411	0.121
54.520	-16.393	0.143
54.540	-13.122	0.171
54.560	-9.657	0.194
54.580	-6.048	0.213
54.600	-2.353	0.226
54.620	1.364	0.243
54.640	5.070	0.248
54.660	8.685	0.254
54.680	12.203	0.252
54.700	15.528	0.252
54.720	18.627	0.246
54.740	21.468	0.241
54.760	23.987	0.221
54.780	26.141	0.209
54.800	27.914	0.184
54.820	29.299	0.167
54.840	30.255	0.135
54.860	30.760	0.113
54.880	30.835	0.080
54.900	30.465	0.053
54.920	29.648	0.022
54.940	28.402	-0.011
54.960	26.748	-0.041
54.980	24.718	-0.071
55.000	22.295	-0.100
55.020	19.567	-0.130
55.040	16.554	-0.160
55.060	13.293	-0.178
55.080	9.845	-0.204
55.100	6.268	-0.219
55.120	2.583	-0.239
55.140	-1.128	-0.246
55.160	-4.839	-0.258
55.180	-8.481	-0.255
55.200	-11.983	-0.263
55.220	-15.313	-0.257
55.240	-18.450	-0.252
55.260	-21.312	-0.237
55.280	-23.815	-0.230
55.300	-26.023	-0.207
55.320	-27.844	-0.193
55.340	-29.256	-0.167
55.360	-30.229	-0.144
55.380	-30.717	-0.122
55.400	-30.841	-0.091
55.420	-30.497	-0.065
55.440	-29.734	-0.033
55.460	-28.521	-0.003
55.480	-26.855	0.033
55.500	-24.836	0.064
55.520	-22.435	0.093
55.540	-19.723	0.124
55.560	-16.699	0.148
55.580	-13.449	0.176
55.600	-10.006	0.196
55.620	-6.392	0.214
55.640	-2.723	0.230
55.660	1.015	0.248
55.680	4.732	0.251
55.700	8.347	0.260
55.720	11.886	0.259
55.740	15.227	0.261
55.760	18.348	0.251
55.780	21.227	0.250
55.800	23.778	0.225
55.820	25.969	0.217
55.840	27.779	0.191
55.860	29.197	0.174
55.880	30.180	0.142
55.900	30.733	0.122
55.920	30.846	0.088
55.940	30.513	0.067
55.960	29.740	0.030
55.980	28.521	-0.001
56.000	26.898	-0.032
56.020	24.922	-0.055
56.040	22.526	-0.094
56.060	19.814	-0.116
56.080	16.828	-0.148
56.100	13.578	-0.164
56.120	10.146	-0.195
56.140	6.580	-0.207
56.160	2.906	-0.231
56.180	-0.806	-0.231
56.200	-4.517	-0.250
56.220	-8.191	-0.247
56.240	-11.709	-0.257
56.260	-15.034	-0.244
56.280	-18.197	-0.245
56.300	-21.065	-0.233
56.320	-23.627	-0.223
56.340	-25.851	-0.206
56.360	-27.699	-0.185
56.380	-29.160	-0.158
56.400	-30.169	-0.140
56.420	-30.701	-0.112
56.440	-30.841	-0.087
56.460	-30.562	-0.055
56.480	-29.831	-0.024
56.500	-28.644	0.006
56.520	-27.027	0.035
56.540	-25.035	0.072
56.560	-22.666	0.095
56.580	-19.975	0.128
56.600	-16.967	0.158
56.620	-13.755	0.184
56.640	-10.323	0.201
56.660	-6.714	0.223
56.680	-3.035	0.236
56.700	0.687	0.251
56.720	4.399	0.258
56.740	8.035	0.267
56.760	11.564	0.264
56.780	14.948	0.266
56.800	18.090	0.254
56.820	20.990	0.250
56.840	23.568	0.237
56.860	25.781	0.225
56.880	27.629	0.196
56.900	29.090	0.180
56.920	30.121	0.152
56.940	30.701	0.129
56.960	30.857	0.096
56.980	30.572	0.073
57.000	29.815	0.036
57.020	28.649	0.007
57.040	27.070	-0.026
57.060	25.110	-0.057
57.080	22.747	-0.084
57.100	20.072	-0.119
57.120	17.107	-0.146
57.140	13.874	-0.162
57.160	10.463	-0.190
57.180	6.907	-0.208
57.200	3.244	-0.228
57.220	-0.462	-0.232
57.240	-4.184	-0.247
57.260	-7.842	-0.247
57.280	-11.392	-0.257
57.300	-14.722	-0.247
57.320	-17.886	-0.248
57.340	-20.792	-0.227
57.360	-23.402	-0.224
57.380	-25.647	-0.206
57.400	-27.521	-0.192
57.420	-29.004	-0.167
57.440	-30.051	-0.144
57.460	-30.653	-0.117
57.480	-30.857	-0.096
57.500	-30.572	-0.058
57.520	-29.874	-0.035
57.540	-28.730	0.001
57.560	-27.156	0.026
57.580	-25.185	0.064
57.600	-22.865	0.090
57.620	-20.211	0.122
57.640	-17.209	0.146
57.660	-14.029	0.171
57.680	-10.603	0.191
57.700	-7.025	0.213
57.720	-3.346	0.227
57.740	0.376	0.245
57.760	4.087	0.254
57.780	7.734	0.257
57.800	11.290	0.259
57.820	14.668	0.258
57.840	17.827	0.251
57.860	20.738	0.244
57.880	23.359	0.225
57.900	25.599	0.214
57.920	27.479	0.191
57.940	28.972	0.172
57.960	30.030	0.145
57.980	30.669	0.123
58.000	30.862	0.091
58.020	30.610	0.068
58.040	29.890	0.027
58.060	28.768	0.001
58.080	27.226	-0.036
58.100	25.309	-0.060
58.120	22.983	-0.095
58.140	20.324	-0.118
58.160	17.386	-0.149
58.180	14.185	-0.173
58.200	10.785	-0.199
58.220	7.240	-0.216
58.240	3.577	-0.234
58.260	-0.134	-0.243
58.280	-3.835	-0.257
58.300	-7.509	-0.263
58.320	-11.064	-0.262
58.340	-14.443	-0.262
58.360	-17.628	-0.258
58.380	-20.534	-0.246
58.400	-23.155	-0.235
58.420	-25.437	-0.219
58.440	-27.360	-0.205
58.460	-28.907	-0.176
58.480	-29.965	-0.158
58.500	-30.604	-0.128
58.520	-30.814	-0.107
58.540	-30.599	-0.072
58.560	-29.955	-0.049
58.580	-28.837	-0.013
58.600	-27.301	0.011
58.620	-25.362	0.049
58.640	-23.074	0.077
58.660	-20.432	0.111
58.680	-17.494	0.132
58.700	-14.309	0.164
58.720	-10.909	0.179
58.740	-7.348	0.206
58.760	-3.685	0.218
58.780	0.043	0.238
58.800	3.765	0.245
58.820	7.412	0.250
58.840	10.968	0.252
58.860	14.378	0.249
58.880	17.547	0.245
58.900	20.485	0.239
58.920	23.149	0.222
58.940	25.416	0.211
58.960	27.344	0.188
58.980	28.848	0.167
59.000	29.965	0.141
59.020	30.637	0.119
59.040	30.862	0.087
59.060	30.647	0.059
59.080	29.965	0.027
59.100	28.886	-0.003
59.120	27.355	-0.035
59.140	25.491	-0.062
59.160	23.187	-0.098
59.180	20.566	-0.124
59.200	17.660	-0.151
59.220	14.480	-0.176
59.240	11.091	-0.198
59.260	7.552	-0.219
59.280	3.899	-0.235
59.300	0.193	-0.247
59.320	-3.513	-0.260
59.340	-7.187	-0.261
59.360	-10.753	-0.265
59.380	-14.153	-0.262
59.400	-17.333	-0.260
59.420	-20.297	-0.245
59.440	-22.951	-0.241
59.460	-25.233	-0.219
59.480	-27.205	-0.206
59.500	-28.773	-0.178
59.520	-29.896	-0.160
59.540	-30.583	-0.131
59.560	-30.792	-0.111
59.580	-30.647	-0.075
59.600	-30.030	-0.052
59.620	-28.982	-0.019
59.640	-27.468	0.013
59.660	-25.556	0.049
59.680	-23.300	0.077
59.700	-20.689	0.109
59.720	-17.778	0.135
59.740	-14.609	0.163
59.760	-11.226	0.183
59.780	-7.675	0.206
59.800	-4.012	0.221
59.820	-0.301	0.239
59.840	3.421	0.246
59.860	7.084	0.254
59.880	10.651	0.252
59.900	14.067	0.252
59.920	17.279	0.254
59.940	20.233	0.247
59.960	22.929	0.225
59.980	25.223	0.218
60.000	27.183	0.195
60.020	28.725	0.180
60.040	29.890	0.149
60.060	30.594	0.126
60.080	30.857	0.095
60.100	30.685	0.065
60.120	30.057	0.036
60.140	28.999	0.005
60.160	27.532	-0.025
60.180	25.668	-0.051
60.200	23.418	-0.086
60.220	20.818	-0.114
60.240	17.923	-0.142
60.260	14.754	-0.173
60.280	11.371	-0.188
60.300	7.858	-0.210
60.320	4.211	-0.224
60.340	0.516	-0.238
60.360	-3.217	-0.251
60.380	-6.896	-0.256
60.400	-10.468	-0.256
60.420	-13.884	-0.256
60.440	-17.091	-0.253
60.460	-20.093	-0.243
60.480	-22.779	-0.233
60.500	-25.099	-0.214
60.520	-27.097	-0.199
60.540	-28.676	-0.174
60.560	-29.858	-0.156
60.580	-30.588	-0.125
60.600	-30.841	-0.107
60.620	-30.712	-0.075
60.640	-30.126	-0.048
60.660	-29.117	-0.015
60.680	-27.650	0.021
60.700	-25.787	0.055
60.720	-23.552	0.084
60.740	-20.963	0.113
60.760	-18.068	0.139
60.780	-14.921	0.169
60.800	-11.559	0.190
60.820	-8.019	0.213
60.840	-4.340	0.232
60.860	-0.645	0.245
60.880	3.078	0.253
60.900	6.762	0.263
60.920	10.329	0.266
60.940	13.782	0.266
60.960	17.000	0.259
60.980	19.980	0.251
61.000	22.677	0.239
61.020	25.024	0.225
61.040	27.017	0.207
61.060	28.612	0.184
61.080	29.810	0.162
61.100	30.545	0.133
61.120	30.852	0.109
61.140	30.717	0.079
61.160	30.132	0.051
61.180	29.117	0.013
61.200	27.672	-0.011
61.220	25.846	-0.041
61.240	23.627	-0.074
61.260	21.060	-0.104
61.280	18.181	-0.135
61.300	15.066	-0.154
61.320	11.693	-0.183
61.340	8.186	-0.202
61.360	4.544	-0.222
61.380	0.859	-0.227
61.400	-2.874	-0.242
61.420	-6.553	-0.244
61.440	-10.162	-0.256
61.460	-13.562	-0.247
61.480	-16.806	-0.244
61.500	-19.809	-0.234
61.520	-22.521	-0.227
61.540	-24.890	-0.214
61.560	-26.925	-0.197
61.580	-28.558	-0.172
61.600	-29.745	-0.153
61.620	-30.519	-0.121
61.640	-30.830	-0.102
61.660	-30.733	-0.067
61.680	-30.175	-0.039
61.700	-29.203	-0.004
61.720	-27.763	0.019
61.740	-25.937	0.054
61.760	-23.751	0.084
61.780	-21.184	0.116
61.800	-18.315	0.145
61.820	-15.200	0.166
61.840	-11.859	0.192
61.860	-8.331	0.213
61.880	-4.673	0.227
61.900	-0.951	0.243
61.920	2.766	0.251
61.940	6.445	0.258
61.960	10.022	0.261
61.980	13.481	0.260
62.000	16.731	0.256
62.020	19.728	0.250
62.040	22.478	0.240
62.060	24.847	0.225
62.080	26.872	0.206
62.100	28.483	0.184
62.120	29.718	0.160
62.140	30.497	0.135
62.160	30.846	0.107
62.180	30.744	0.080
62.200	30.212	0.045
62.220	29.213	0.017
62.240	27.806	-0.016
62.260	26.034	-0.044
62.280	23.853	-0.080
62.300	21.296	-0.106
62.320	18.460	-0.136
62.340	15.356	-0.156
62.360	12.015	-0.183
62.380	8.502	-0.203
62.400	4.877	-0.222
62.420	1.182	-0.234
62.440	-2.535	-0.244
62.460	-6.209	-0.253
62.480	-9.834	-0.254
62.500	-13.256	-0.256
62.520	-16.511	-0.252
62.540	-19.545	-0.247
62.560	-22.263	-0.228
62.580	-24.680	-0.222
62.600	-26.737	-0.201
62.620	-28.397	-0.184
62.640	-29.627	-0.160
62.660	-30.443	-0.133
62.680	-30.814	-0.111
62.700	-30.744	-0.076
62.720	-30.245	-0.053
62.740	-29.278	-0.018
62.760	-27.887	0.006
62.780	-26.093	0.047
62.800	-23.934	0.070
62.820	-21.420	0.101
62.840	-18.552	0.130
62.860	-15.458	0.155
62.880	-12.149	0.177
62.900	-8.626	0.201
62.920	-4.995	0.218
62.940	-1.273	0.234
62.960	2.449	0.244
62.980	6.128	0.250
63.000	9.732	0.255
63.020	13.191	0.255
63.040	16.462	0.254
63.060	19.470	0.241
63.080	22.231	0.233
63.100	24.643	0.214
63.120	26.689	0.200
63.140	28.349	0.173
63.160	29.611	0.155
63.180	30.443	0.126
63.200	30.830	0.100
63.220	30.766	0.071
63.240	30.271	0.044
63.260	29.315	0.008
63.280	27.962	-0.020
63.300	26.200	-0.053
63.320	24.057	-0.083
63.340	21.543	-0.115
63.360	18.718	-0.143
63.380	15.641	-0.165
63.400	12.316	-0.193
63.420	8.835	-0.211
63.440	5.210	-0.231
63.460	1.525	-0.243
63.480	-2.208	-0.256
63.500	-5.876	-0.263
63.520	-9.501	-0.264
63.540	-12.960	-0.268
63.560	-16.237	-0.264
63.580	-19.277	-0.256
63.600	-22.054	-0.243
63.620	-24.471	-0.229
63.640	-26.555	-0.214
63.660	-28.252	-0.195
63.680	-29.541	-0.169
63.700	-30.395	-0.145
63.720	-30.755	-0.119
63.740	-30.739	-0.087
63.760	-30.293	-0.062
63.780	-29.391	-0.032
63.800	-28.026	-0.001
63.820	-26.270	0.032
63.840	-24.138	0.065
63.860	-21.667	0.093
63.880	-18.831	0.121
63.900	-15.753	0.149
63.920	-12.445	0.171
63.940	-8.937	0.193
63.960	-5.317	0.213
63.980	-1.601	0.230
64.000	2.116	0.243
64.020	5.806	0.250
64.040	9.405	0.253
64.060	12.880	0.251
64.080	16.172	0.251
64.100	19.223	0.241
64.120	22.021	0.233
64.140	24.455	0.213
64.160	26.539	0.200
64.180	28.225	0.179
64.200	29.525	0.159
64.220	30.384	0.128
64.240	30.809	0.104
64.260	30.782	0.072
64.280	30.331	0.047
64.300	29.428	0.010
64.320	28.102	-0.018
64.340	26.351	-0.049
64.360	24.272	-0.078
64.380	21.769	-0.112
64.400	18.981	-0.136
64.420	15.925	-0.164
64.440	12.606	-0.184
64.460	9.147	-0.211
64.480	5.532	-0.223
64.500	1.842	-0.243
64.520	-1.880	-0.247
64.540	-5.554	-0.260
64.560	-9.195	-0.261
64.580	-12.670	-0.267
64.600	-15.963	-0.258
64.620	-19.041	-0.254
64.640	-21.828	-0.238
64.660	-24.283	-0.226
64.680	-26.404	-0.206
64.700	-28.128	-0.189
64.720	-29.450	-0.168
64.740	-30.352	-0.141
64.760	-30.760	-0.119
64.780	-30.798	-0.090
64.800	-30.374	-0.063
64.820	-29.503	-0.029
64.840	-28.187	0.003
64.860	-26.474	0.035
64.880	-24.347	0.067
64.900	-21.893	0.095
64.920	-19.083	0.129
64.940	-16.049	0.152
64.960	-12.772	0.179
64.980	-9.271	0.196
65.000	-5.645	0.220
65.020	-1.944	0.233
65.040	1.778	0.249
65.060	5.468	0.255
65.080	9.077	0.259
65.100	12.590	0.254
65.120	15.893	0.256
65.140	18.944	0.247
65.160	21.769	0.242
65.180	24.240	0.221
65.200	26.367	0.213
65.220	28.085	0.185
65.240	29.439	0.165
65.260	30.320	0.137
65.280	30.798	0.115
65.300	30.803	0.082
65.320	30.390	0.056
65.340	29.520	0.022
65.360	28.241	-0.010
65.380	26.539	-0.040
65.400	24.455	-0.065
65.420	22.011	-0.104
65.440	19.234	-0.122
65.460	16.199	-0.157
65.480	12.912	-0.176
65.500	9.453	-0.199
65.520	5.860	-0.214
65.540	2.170	-0.233
65.560	-1.552	-0.236
65.580	-5.258	-0.250
65.600	-8.900	-0.250
65.620	-12.370	-0.256
65.640	-15.684	-0.249
65.660	-18.767	-0.243
65.680	-21.592	-0.231
65.700	-24.089	-0.218
65.720	-26.238	-0.202
65.740	-28.016	-0.188
65.760	-29.364	-0.157
65.780	-30.298	-0.135
65.800	-30.744	-0.111
65.820	-30.809	-0.082
65.840	-30.433	-0.052
65.860	-29.600	-0.025
65.880	-28.333	0.008
65.900	-26.635	0.042
65.920	-24.567	0.074
65.940	-22.140	0.102
65.960	-19.352	0.133
65.980	-16.328	0.159
66.000	-13.057	0.184
66.020	-9.587	0.204
66.040	-5.978	0.227
66.060	-2.272	0.240
66.080	1.445	0.253
66.100	5.151	0.258
66.120	8.744	0.265
66.140	12.273	0.265
66.160	15.598	0.263
66.180	18.691	0.253
66.200	21.549	0.247
66.220	24.036	0.232
66.240	26.195	0.221
66.260	27.957	0.192
66.280	29.321	0.172
66.300	30.271	0.143
66.320	30.766	0.126
66.340	30.825	0.088
66.360	30.449	0.067
66.380	29.605	0.028
66.400	28.370	0.001
66.420	26.689	-0.036
66.440	24.664	-0.060
66.460	22.231	-0.095
66.480	19.492	-0.122
66.500	16.484	-0.148
66.520	13.224	-0.169
66.540	9.770	-0.195
66.560	6.171	-0.215
66.580	2.498	-0.227
66.600	-1.208	-0.240
66.620	-4.915	-0.243
66.640	-8.562	-0.253
66.660	-12.069	-0.251
66.680	-15.388	-0.253
66.700	-18.498	-0.243
66.720	-21.339	-0.236
66.740	-23.858	-0.222
66.760	-26.044	-0.206
66.780	-27.865	-0.187
66.800	-29.240	-0.162
66.820	-30.218	-0.140
66.840	-30.717	-0.114
66.860	-30.830	-0.086
66.880	-30.459	-0.053
66.900	-29.670	-0.029
66.920	-28.435	0.004
66.940	-26.780	0.035
66.960	-24.755	0.072
66.980	-22.344	0.097
67.000	-19.588	0.128
67.020	-16.597	0.153
67.040	-13.369	0.173
67.060	-9.894	0.196
67.080	-6.306	0.219
67.100	-2.610	0.232
67.120	1.133	0.248
67.140	4.829	0.254
67.160	8.449	0.259
67.180	11.967	0.261
67.200	15.313	0.258
67.220	18.423	0.250
67.240	21.296	0.243
67.260	23.837	0.225
67.280	26.012	0.211
67.300	27.812	0.188
67.320	29.224	0.170
67.340	30.202	0.141
67.360	30.733	0.119
67.380	30.835	0.084
67.400	30.508	0.061
67.420	29.702	0.023
67.440	28.499	-0.005
67.460	26.866	-0.039
67.480	24.868	-0.065
67.500	22.473	-0.098
67.520	19.755	-0.123
67.540	16.758	-0.155
67.560	13.514	-0.174
67.580	10.065	-0.202
67.600	6.499	-0.217
67.620	2.841	-0.235
67.640	-0.875	-0.246
67.660	-4.571	-0.256
67.680	-8.229	-0.260
67.700	-11.752	-0.261
67.720	-15.087	-0.259
67.740	-18.224	-0.256
67.760	-21.092	-0.239
67.780	-23.644	-0.232
67.800	-25.862	-0.210
67.820	-27.704	-0.200
67.840	-29.133	-0.174
67.860	-30.148	-0.150
67.880	-30.674	-0.123
67.900	-30.814	-0.099
67.920	-30.519	-0.065
67.940	-29.761	-0.041
67.960	-28.558	-0.008
67.980	-26.941	0.023
68.000	-24.938	0.057
68.020	-22.564	0.084
68.040	-19.868	0.113
68.060	-16.865	0.142
68.080	-13.637	0.166
68.100	-10.194	0.187
68.120	-6.617	0.205
68.140	-2.927	0.225
68.160	0.795	0.237
68.180	4.506	0.246
68.200	8.143	0.251
68.220	11.677	0.251
68.240	15.028	0.251
68.260	18.160	0.242
68.280	21.049	0.236
68.300	23.633	0.217
68.320	25.835	0.205
68.340	27.672	0.184
68.360	29.117	0.163
68.380	30.137	0.134
68.400	30.712	0.114
68.420	30.857	0.080
68.440	30.556	0.055
68.460	29.804	0.018
68.480	28.617	-0.010
68.500	27.022	-0.044
68.520	25.062	-0.068
68.540	22.682	-0.102
68.560	20.013	-0.129
68.580	17.037	-0.160
68.600	13.809	-0.181
68.620	10.398	-0.206
68.640	6.832	-0.223
68.660	3.169	-0.236
68.680	-0.553	-0.250
68.700	-4.265	-0.261
68.720	-7.912	-0.265
68.740	-11.435	-0.265
68.760	-14.803	-0.264
68.780	-17.956	-0.260
68.800	-20.861	-0.247
68.820	-23.434	-0.238
68.840	-25.663	-0.217
68.860	-27.554	-0.204
68.880	-29.025	-0.177
68.900	-30.078	-0.159
68.920	-30.658	-0.128
68.940	-30.825	-0.106
68.960	-30.529	-0.073
68.980	-29.853	-0.046
69.000	-28.687	-0.011
69.020	-27.103	0.014
69.040	-25.115	0.055
69.060	-22.790	0.080
69.080	-20.120	0.112
69.100	-17.145	0.138
69.120	-13.938	0.164
69.140	-10.511	0.184
69.160	-6.945	0.208
69.180	-3.260	0.221
69.200	0.457	0.238
69.220	4.168	0.246
69.240	7.810	0.254
69.260	11.360	0.254
69.280	14.744	0.254
69.300	17.902	0.247
69.320	20.797	0.239
69.340	23.407	0.224
69.360	25.658	0.211
69.380	27.527	0.188
69.400	28.999	0.169
69.420	30.057	0.145
69.440	30.669	0.119
69.460	30.862	0.087
69.480	30.599	0.061
69.500	29.879	0.028
69.520	28.746	-0.003
69.540	27.172	-0.035
69.560	25.250	-0.061
69.580	22.929	-0.096
69.600	20.260	-0.119
69.620	17.311	-0.152
69.640	14.104	-0.172
69.660	10.694	-0.200
69.680	7.138	-0.211
69.700	3.480	-0.239
69.720	-0.231	-0.239
69.740	-3.948	-0.256
69.760	-7.600	-0.254
69.780	-11.156	-0.265
69.800	-14.518	-0.258
69.820	-17.703	-0.256
69.840	-20.630	-0.242
69.860	-23.230	-0.237
69.880	-25.497	-0.214
69.900	-27.430	-0.204
69.920	-28.939	-0.173
69.940	-30.008	-0.156
69.960	-30.642	-0.127
69.980	-30.830	-0.102
70.000	-30.594	-0.073
70.020	-29.955	-0.043
70.040	-28.827	-0.011
70.060	-27.280	0.022
70.080	-25.330	0.057
70.100	-23.031	0.085
70.120	-20.383	0.117
70.140	-17.429	0.139
70.160	-14.260	0.170
70.180	-10.828	0.190
70.200	-7.256	0.212
70.220	-3.583	0.229
70.240	0.118	0.247
70.260	3.830	0.253
70.280	7.498	0.262
70.300	11.038	0.258
70.320	14.448	0.261
70.340	17.623	0.253
70.360	20.555	0.251
70.380	23.198	0.233
70.400	25.464	0.220
70.420	27.371	0.199
70.440	28.891	0.182
70.460	29.981	0.151
70.480	30.642	0.131
70.500	30.857	0.097
70.520	30.631	0.074
70.540	29.960	0.039
70.560	28.854	0.009
70.580	27.350	-0.025
70.600	25.437	-0.046
70.620	23.128	-0.083
70.640	20.512	-0.112
70.660	17.585	-0.140
70.680	14.389	-0.160
70.700	11.011	-0.185
70.720	7.460	-0.206
70.740	3.819	-0.223
70.760	0.102	-0.231
70.780	-3.609	-0.244
70.800	-7.283	-0.247
70.820	-10.855	-0.254
70.840	-14.223	-0.251
70.860	-17.418	-0.243
70.880	-20.367	-0.234
70.900	-23.010	-0.225
70.920	-25.298	-0.206
70.940	-27.258	-0.194
70.960	-28.811	-0.169
70.980	-29.912	-0.150
71.000	-30.599	-0.117
71.020	-30.830	-0.099
71.040	-30.642	-0.063
71.060	-30.014	-0.041
71.080	-28.939	-0.005
71.100	-27.436	0.026
71.120	-25.518	0.064
71.140	-23.246	0.086
71.160	-20.630	0.122
71.180	-17.698	0.146
71.200	-14.523	0.174
71.220	-11.145	0.193
71.240	-7.595	0.215
71.260	-3.921	0.232
71.280	-0.199	0.248
71.300	3.507	0.254
71.320	7.170	0.261
71.340	10.742	0.261
71.360	14.153	0.263
71.380	17.359	0.255
71.400	20.308	0.249
71.420	22.983	0.236
71.440	25.271	0.223
71.460	27.226	0.202
71.480	28.762	0.181
71.500	29.901	0.155
71.520	30.599	0.129
71.540	30.862	0.099
71.560	30.669	0.074
71.580	30.030	0.043
71.600	28.977	0.011
71.620	27.484	-0.023
71.640	25.631	-0.048
71.660	23.359	-0.084
71.680	20.759	-0.110
71.700	17.859	-0.143
71.720	14.690	-0.160
71.740	11.306	-0.189
71.760	7.783	-0.206
71.780	4.157	-0.227
71.800	0.446	-0.235
71.820	-3.271	-0.251
71.840	-6.939	-0.253
71.860	-10.506	-0.260
71.880	-13.933	-0.257
71.900	-17.145	-0.249
71.920	-20.115	-0.242
71.940	-22.763	-0.231
71.960	-25.099	-0.217
71.980	-27.081	-0.196
72.000	-28.687	-0.177
72.020	-29.826	-0.155
72.040	-30.535	-0.129
72.060	-30.830	-0.105
72.080	-30.674	-0.070
72.100	-30.089	-0.047
72.120	-29.031	-0.012
72.140	-27.559	0.014
72.160	-25.668	0.051
72.180	-23.456	0.079
72.200	-20.861	0.109
72.220	-17.950	0.134
72.240	-14.808	0.165
72.260	-11.446	0.181
72.280	-7.917	0.206
72.300	-4.243	0.225
72.320	-0.526	0.238
72.340	3.196	0.246
72.360	6.854	0.251
72.380	10.420	0.253
72.400	13.868	0.252
72.420	17.075	0.250
72.440	20.056	0.244
72.460	22.741	0.229
72.480	25.078	0.214
72.500	27.070	0.194
72.520	28.644	0.173
72.540	29.826	0.149
72.560	30.562	0.122
72.580	30.852	0.096
72.600	30.707	0.067
72.620	30.094	0.035
72.640	29.084	0.001
72.660	27.634	-0.028
72.680	25.813	-0.057
72.700	23.574	-0.092
72.720	21.001	-0.119
72.740	18.122	-0.151
72.760	14.991	-0.169
72.780	11.628	-0.199
72.800	8.116	-0.213
72.820	4.474	-0.240
72.840	0.773	-0.242
72.860	-2.933	-0.260
72.880	-6.628	-0.261
72.900	-10.205	-0.272
72.920	-13.632	-0.268
72.940	-16.854	-0.262
72.960	-19.852	-0.255
72.980	-22.559	-0.240
73.000	-24.900	-0.226
73.020	-26.947	-0.211
73.040	-28.558	-0.189
73.060	-29.745	-0.165
73.080	-30.497	-0.140
73.100	-30.787	-0.115
73.120	-30.685	-0.084
73.140	-30.153	-0.057
73.160	-29.149	-0.024
73.180	-27.715	0.006
