0.000	-27.760	-0.069
0.020	-25.913	-0.053
0.040	-23.689	-0.038
0.060	-21.127	-0.025
0.080	-18.205	-0.006
0.100	-15.036	0.015
0.120	-11.658	0.027
0.140	-8.097	0.049
0.160	-4.412	0.064
0.180	-0.636	0.078
0.200	3.107	0.092
0.220	6.819	0.101
0.240	10.423	0.114
0.260	13.882	0.122
0.280	17.136	0.133
0.300	20.123	0.139
0.320	22.857	0.140
0.340	25.188	0.141
0.360	27.164	0.140
0.380	28.727	0.134
0.400	29.893	0.131
0.420	30.602	0.118
0.440	30.854	0.113
0.460	30.661	0.100
0.480	30.022	0.088
0.500	28.921	0.070
0.520	27.422	0.058
0.540	25.510	0.043
0.560	23.184	0.021
0.580	20.542	0.008
0.600	17.588	-0.014
0.620	14.381	-0.028
0.640	10.954	-0.049
0.660	7.377	-0.061
0.680	3.687	-0.084
0.700	-0.067	-0.093
0.720	-3.800	-0.111
0.740	-7.506	-0.114
0.760	-11.089	-0.135
0.780	-14.499	-0.136
0.800	-17.717	-0.144
0.820	-20.649	-0.150
0.840	-23.281	-0.151
0.860	-25.569	-0.151
0.880	-27.476	-0.151
0.900	-28.974	-0.148
0.920	-30.027	-0.142
0.940	-30.623	-0.134
0.960	-30.817	-0.122
0.980	-30.532	-0.115
1.000	-29.807	-0.098
1.020	-28.636	-0.092
1.040	-27.009	-0.072
1.060	-25.010	-0.057
1.080	-22.626	-0.036
1.100	-19.903	-0.020
1.120	-16.873	-0.004
1.140	-13.629	0.017
1.160	-10.143	0.030
1.180	-6.518	0.051
1.200	-2.801	0.062
1.220	0.969	0.080
1.240	4.713	0.090
1.260	8.376	0.105
1.280	11.943	0.113
1.300	15.310	0.121
1.320	18.452	0.129
1.340	21.342	0.140
1.360	23.893	0.136
1.380	26.079	0.139
1.400	27.889	0.134
1.420	29.286	0.134
1.440	30.253	0.123
1.460	30.758	0.117
1.480	30.827	0.101
1.500	30.441	0.095
1.520	29.597	0.082
1.540	28.330	0.066
1.560	26.627	0.054
1.580	24.570	0.034
1.600	22.089	0.014
1.620	19.317	0.001
1.640	16.245	-0.021
1.660	12.915	-0.036
1.680	9.434	-0.057
1.700	5.787	-0.068
1.720	2.087	-0.086
1.740	-1.684	-0.095
1.760	-5.417	-0.114
1.780	-9.080	-0.122
1.800	-12.603	-0.132
1.820	-15.917	-0.134
1.840	-19.032	-0.147
1.860	-21.847	-0.144
1.880	-24.312	-0.150
1.900	-26.450	-0.148
1.920	-28.206	-0.147
1.940	-29.506	-0.142
1.960	-30.387	-0.140
1.980	-30.790	-0.123
2.000	-30.758	-0.120
2.020	-30.296	-0.104
2.040	-29.383	-0.091
2.060	-28.013	-0.076
2.080	-26.208	-0.062
2.100	-24.049	-0.046
2.120	-21.519	-0.023
2.140	-18.646	-0.006
2.160	-15.541	0.009
2.180	-12.190	0.025
2.200	-8.645	0.043
2.220	-4.939	0.062
2.240	-1.195	0.075
2.260	2.554	0.091
2.280	6.276	0.104
2.300	9.896	0.117
2.320	13.409	0.125
2.340	16.680	0.132
2.360	19.720	0.135
2.380	22.481	0.146
2.400	24.865	0.142
2.420	26.901	0.145
2.440	28.534	0.133
2.460	29.753	0.138
2.480	30.521	0.127
2.500	30.833	0.121
2.520	30.720	0.106
2.540	30.124	0.097
2.560	29.109	0.077
2.580	27.637	0.066
2.600	25.795	0.050
2.620	23.544	0.034
2.640	20.918	0.014
2.660	18.007	0.001
2.680	14.827	-0.017
2.700	11.422	-0.036
2.720	7.866	-0.057
2.740	4.176	-0.071
2.760	0.454	-0.082
2.780	-3.322	-0.100
2.800	-7.028	-0.109
2.820	-10.616	-0.119
2.840	-14.070	-0.121
2.860	-17.303	-0.132
2.880	-20.289	-0.136
2.900	-22.980	-0.138
2.920	-25.306	-0.139
2.940	-27.277	-0.140
2.960	-28.845	-0.133
2.980	-29.947	-0.132
3.000	-30.629	-0.122
3.020	-30.811	-0.115
3.040	-30.645	-0.102
3.060	-29.990	-0.090
3.080	-28.872	-0.078
3.100	-27.325	-0.060
3.120	-25.360	-0.042
3.140	-23.039	-0.026
3.160	-20.332	-0.008
3.180	-17.351	0.009
3.200	-14.139	0.031
3.220	-10.670	0.042
3.240	-7.071	0.057
3.260	-3.349	0.080
3.280	0.395	0.092
3.300	4.176	0.109
3.320	7.844	0.119
3.340	11.422	0.129
3.360	14.832	0.138
3.380	18.001	0.142
3.400	20.934	0.148
3.420	23.544	0.149
3.440	25.800	0.153
3.460	27.664	0.146
3.480	29.109	0.146
3.500	30.135	0.136
3.520	30.725	0.133
3.540	30.838	0.117
3.560	30.532	0.106
3.580	29.742	0.093
3.600	28.534	0.081
3.620	26.890	0.061
3.640	24.882	0.051
3.660	22.470	0.029
3.680	19.715	0.013
3.700	16.696	-0.008
3.720	13.398	-0.022
3.740	9.923	-0.040
3.760	6.330	-0.053
3.780	2.592	-0.074
3.800	-1.157	-0.084
3.820	-4.885	-0.104
3.840	-8.575	-0.110
3.860	-12.104	-0.119
3.880	-15.482	-0.125
3.900	-18.592	-0.136
3.920	-21.460	-0.137
3.940	-23.990	-0.140
3.960	-26.160	-0.139
3.980	-27.981	-0.139
4.000	-29.340	-0.133
4.020	-30.274	-0.126
4.040	-30.725	-0.117
4.060	-30.806	-0.114
4.080	-30.387	-0.098
4.100	-29.533	-0.084
4.120	-28.212	-0.072
4.140	-26.488	-0.054
4.160	-24.361	-0.036
4.180	-21.906	-0.024
4.200	-19.054	-0.000
4.220	-15.971	0.009
4.240	-12.668	0.037
4.260	-9.123	0.044
4.280	-5.465	0.067
4.300	-1.721	0.076
4.320	2.044	0.096
4.340	5.766	0.104
4.360	9.397	0.120
4.380	12.915	0.125
4.400	16.234	0.136
4.420	19.301	0.137
4.440	22.110	0.144
4.460	24.559	0.141
4.480	26.649	0.144
4.500	28.330	0.138
4.520	29.608	0.136
4.540	30.441	0.123
4.560	30.827	0.115
4.580	30.763	0.105
4.600	30.247	0.095
4.620	29.281	0.076
4.640	27.868	0.067
4.660	26.085	0.052
4.680	23.877	0.031
4.700	21.326	0.016
4.720	18.463	-0.001
4.740	15.321	-0.025
4.760	11.948	-0.039
4.780	8.398	-0.056
4.800	4.740	-0.069
4.820	1.007	-0.090
4.840	-2.758	-0.098
4.860	-6.469	-0.118
4.880	-10.106	-0.122
4.900	-13.543	-0.138
4.920	-16.820	-0.137
4.940	-19.844	-0.148
4.960	-22.583	-0.145
4.980	-24.957	-0.152
5.000	-26.966	-0.147
5.020	-28.604	-0.148
5.040	-29.769	-0.143
5.060	-30.527	-0.132
5.080	-30.801	-0.124
5.100	-30.650	-0.114
5.120	-30.065	-0.103
5.140	-29.017	-0.086
5.160	-27.519	-0.074
5.180	-25.612	-0.054
5.200	-23.345	-0.045
5.220	-20.703	-0.022
5.240	-17.760	-0.005
5.260	-14.569	0.013
5.280	-11.158	0.030
5.300	-7.554	0.043
5.320	-3.854	0.064
5.340	-0.089	0.074
5.360	3.639	0.093
5.380	7.340	0.099
5.400	10.933	0.116
5.420	14.360	0.118
5.440	17.593	0.134
5.460	20.547	0.131
5.480	23.206	0.138
5.500	25.499	0.138
5.520	27.417	0.137
5.540	28.937	0.130
5.560	30.022	0.125
5.580	30.661	0.117
5.600	30.854	0.105
5.620	30.602	0.098
5.640	29.882	0.081
5.660	28.727	0.067
5.680	27.148	0.051
5.700	25.209	0.038
5.720	22.814	0.016
5.740	20.128	0.001
5.760	17.136	-0.022
5.780	13.882	-0.033
5.800	10.433	-0.054
5.820	6.835	-0.066
5.840	3.150	-0.089
5.860	-0.599	-0.096
5.880	-4.343	-0.115
5.900	-8.049	-0.119
5.920	-11.604	-0.135
5.940	-14.977	-0.141
5.960	-18.152	-0.145
5.980	-21.052	-0.150
6.000	-23.630	-0.148
6.020	-25.865	-0.152
6.040	-27.723	-0.150
6.060	-29.178	-0.145
6.080	-30.140	-0.139
6.100	-30.693	-0.129
6.120	-30.811	-0.120
6.140	-30.457	-0.110
6.160	-29.662	-0.093
6.180	-28.416	-0.082
6.200	-26.745	-0.064
6.220	-24.677	-0.050
6.240	-22.255	-0.028
6.260	-19.489	-0.013
6.280	-16.427	0.002
6.300	-13.130	0.024
6.320	-9.633	0.041
6.340	-5.986	0.056
6.360	-2.253	0.070
6.380	1.507	0.091
6.400	5.250	0.096
6.420	8.892	0.114
6.440	12.431	0.118
6.460	15.778	0.130
6.480	18.877	0.132
6.500	21.734	0.143
6.520	24.226	0.136
6.540	26.375	0.146
6.560	28.110	0.134
6.580	29.452	0.133
6.600	30.355	0.125
6.620	30.801	0.117
6.640	30.790	0.103
6.660	30.349	0.095
6.680	29.436	0.076
6.700	28.104	0.067
6.720	26.348	0.051
6.740	24.232	0.034
6.760	21.702	0.015
6.780	18.871	-0.001
6.800	15.778	-0.016
6.820	12.405	-0.038
6.840	8.908	-0.057
6.860	5.240	-0.068
6.880	1.512	-0.084
6.900	-2.237	-0.098
6.920	-5.965	-0.110
6.940	-9.617	-0.121
6.960	-13.124	-0.132
6.980	-16.417	-0.139
7.000	-19.489	-0.144
7.020	-22.244	-0.147
7.040	-24.667	-0.145
7.060	-26.756	-0.144
7.080	-28.453	-0.141
7.100	-29.678	-0.134
7.120	-30.494	-0.132
7.140	-30.801	-0.119
7.160	-30.736	-0.111
7.180	-30.242	-0.092
7.200	-29.221	-0.083
7.220	-27.798	-0.067
7.240	-25.934	-0.056
7.260	-23.727	-0.033
7.280	-21.143	-0.012
7.300	-18.227	0.004
7.320	-15.079	0.022
7.340	-11.679	0.038
7.360	-8.113	0.056
7.380	-4.423	0.072
7.400	-0.658	0.088
7.420	3.096	0.101
7.440	6.813	0.111
7.460	10.412	0.129
7.480	13.887	0.134
7.500	17.126	0.142
7.520	20.128	0.144
7.540	22.862	0.148
7.560	25.188	0.150
7.580	27.164	0.150
7.600	28.733	0.146
7.620	29.893	0.138
7.640	30.596	0.129
7.660	30.860	0.123
7.680	30.661	0.112
7.700	30.016	0.105
7.720	28.921	0.079
7.740	27.411	0.072
7.760	25.494	0.050
7.780	23.179	0.035
7.800	20.526	0.016
7.820	17.577	-0.000
7.840	14.354	-0.023
7.860	10.911	-0.036
7.880	7.356	-0.050
7.900	3.655	-0.071
7.920	-0.099	-0.080
7.940	-3.832	-0.103
7.960	-7.554	-0.107
7.980	-11.126	-0.116
8.000	-14.537	-0.124
8.020	-17.749	-0.129
8.040	-20.681	-0.134
8.060	-23.308	-0.141
8.080	-25.596	-0.141
8.100	-27.508	-0.138
8.120	-29.001	-0.130
8.140	-30.054	-0.128
8.160	-30.666	-0.120
8.180	-30.838	-0.114
8.200	-30.532	-0.097
8.220	-29.834	-0.088
8.240	-28.647	-0.072
8.260	-27.035	-0.056
8.280	-25.021	-0.040
8.300	-22.636	-0.024
8.320	-19.919	-0.010
8.340	-16.873	0.019
8.360	-13.629	0.023
8.380	-10.138	0.053
8.400	-6.518	0.054
8.420	-2.790	0.087
8.440	0.980	0.091
8.460	4.702	0.110
8.480	8.387	0.116
8.500	11.943	0.132
8.520	15.321	0.138
8.540	18.458	0.142
8.560	21.342	0.148
8.580	23.915	0.145
8.600	26.090	0.151
8.620	27.895	0.140
8.640	29.297	0.147
8.660	30.253	0.125
8.680	30.768	0.133
8.700	30.827	0.102
8.720	30.441	0.112
8.740	29.597	0.075
8.760	28.324	0.081
8.780	26.616	0.049
8.800	24.559	0.047
8.820	22.089	0.015
8.840	19.301	0.009
8.860	16.245	-0.016
8.880	12.909	-0.033
8.900	9.413	-0.044
8.920	5.787	-0.070
8.940	2.071	-0.074
8.960	-1.700	-0.110
8.980	-5.417	-0.092
9.000	-9.085	-0.134
9.020	-12.609	-0.109
9.040	-15.906	-0.151
9.060	-19.022	-0.126
9.080	-21.820	-0.159
9.100	-24.312	-0.133
9.120	-26.445	-0.158
9.140	-28.190	-0.142
9.160	-29.479	-0.140
9.180	-30.349	-0.136
9.200	-30.774	-0.119
9.220	-30.758	-0.125
9.240	-30.280	-0.090
9.260	-29.356	-0.098
9.280	-27.981	-0.060
9.300	-26.203	-0.071
9.320	-24.022	-0.027
9.340	-21.487	-0.039
9.360	-18.624	0.008
9.380	-15.482	-0.003
9.400	-12.163	0.036
9.420	-8.580	0.038
9.440	-4.912	0.065
9.460	-1.184	0.074
9.480	2.592	0.092
9.500	6.292	0.104
9.520	9.939	0.112
9.540	13.414	0.130
9.560	16.696	0.123
9.580	19.725	0.143
9.600	22.491	0.129
9.620	24.882	0.146
9.640	26.917	0.127
9.660	28.539	0.141
9.680	29.759	0.117
9.700	30.527	0.130
9.720	30.844	0.103
9.740	30.720	0.107
9.760	30.135	0.081
9.780	29.109	0.077
9.800	27.637	0.051
9.820	25.789	0.044
9.840	23.550	0.022
9.860	20.912	0.001
9.880	18.017	-0.012
9.900	14.832	-0.039
9.920	11.438	-0.039
9.940	7.877	-0.075
9.960	4.192	-0.074
9.980	0.470	-0.109
10.000	-3.301	-0.102
10.020	-6.996	-0.133
10.040	-10.616	-0.122
10.060	-14.027	-0.150
10.080	-17.281	-0.142
10.100	-20.273	-0.156
10.120	-22.927	-0.149
10.140	-25.274	-0.155
10.160	-27.229	-0.152
10.180	-28.802	-0.147
10.200	-29.914	-0.148
10.220	-30.586	-0.130
10.240	-30.806	-0.135
10.260	-30.596	-0.107
10.280	-29.947	-0.108
10.300	-28.829	-0.078
10.320	-27.256	-0.085
10.340	-25.295	-0.045
10.360	-22.964	-0.049
10.380	-20.300	-0.011
10.400	-17.324	-0.012
10.420	-14.080	0.022
10.440	-10.637	0.028
10.460	-7.028	0.054
10.480	-3.311	0.062
10.500	0.432	0.080
10.520	4.198	0.096
10.540	7.861	0.104
10.560	11.448	0.122
10.580	14.854	0.118
10.600	18.028	0.135
10.620	20.955	0.130
10.640	23.560	0.143
10.660	25.805	0.134
10.680	27.664	0.145
10.700	29.125	0.125
10.720	30.140	0.134
10.740	30.715	0.109
10.760	30.833	0.110
10.780	30.521	0.091
10.800	29.742	0.085
10.820	28.534	0.066
10.840	26.890	0.052
10.860	24.876	0.037
10.880	22.448	0.015
10.900	19.704	0.004
10.920	16.691	-0.024
10.940	13.382	-0.027
10.960	9.923	-0.063
10.980	6.303	-0.058
11.000	2.592	-0.098
11.020	-1.157	-0.086
11.040	-4.923	-0.127
11.060	-8.580	-0.112
11.080	-12.109	-0.146
11.100	-15.466	-0.131
11.120	-18.619	-0.156
11.140	-21.471	-0.139
11.160	-24.006	-0.157
11.180	-26.181	-0.144
11.200	-27.981	-0.149
11.220	-29.361	-0.142
11.240	-30.306	-0.135
11.260	-30.747	-0.132
11.280	-30.806	-0.111
11.300	-30.398	-0.111
11.320	-29.565	-0.081
11.340	-28.239	-0.084
11.360	-26.509	-0.057
11.380	-24.387	-0.050
11.400	-21.922	-0.019
11.420	-19.070	-0.010
11.440	-15.982	0.013
11.460	-12.662	0.028
11.480	-9.123	0.049
11.500	-5.470	0.063
11.520	-1.716	0.074
11.540	2.038	0.093
11.560	5.755	0.100
11.580	9.391	0.127
11.600	12.920	0.118
11.620	16.250	0.144
11.640	19.312	0.133
11.660	22.110	0.151
11.680	24.559	0.141
11.700	26.649	0.152
11.720	28.335	0.134
11.740	29.608	0.146
11.760	30.441	0.123
11.780	30.827	0.129
11.800	30.763	0.102
11.820	30.242	0.104
11.840	29.275	0.081
11.860	27.857	0.072
11.880	26.079	0.052
11.900	23.866	0.036
11.920	21.304	0.021
11.940	18.426	-0.005
11.960	15.300	-0.010
11.980	11.894	-0.037
12.000	8.360	-0.049
12.020	4.702	-0.072
12.040	0.964	-0.080
12.060	-2.796	-0.100
12.080	-6.507	-0.107
12.100	-10.143	-0.118
12.120	-13.602	-0.120
12.140	-16.873	-0.132
12.160	-19.903	-0.138
12.180	-22.610	-0.136
12.200	-25.005	-0.142
12.220	-27.030	-0.136
12.240	-28.652	-0.140
12.260	-29.812	-0.126
12.280	-30.564	-0.126
12.300	-30.822	-0.108
12.320	-30.682	-0.107
12.340	-30.086	-0.087
12.360	-29.033	-0.081
12.380	-27.546	-0.058
12.400	-25.650	-0.049
12.420	-23.372	-0.024
12.440	-20.724	-0.013
12.460	-17.781	0.013
12.480	-14.580	0.027
12.500	-11.158	0.047
12.520	-7.554	0.059
12.540	-3.870	0.078
12.560	-0.099	0.092
12.580	3.644	0.106
12.600	7.345	0.121
12.620	10.944	0.130
12.640	14.376	0.140
12.660	17.593	0.139
12.680	20.536	0.152
12.700	23.238	0.146
12.720	25.494	0.154
12.740	27.422	0.146
12.760	28.931	0.146
12.780	30.027	0.136
12.800	30.656	0.134
12.820	30.849	0.119
12.840	30.596	0.112
12.860	29.882	0.096
12.880	28.727	0.080
12.900	27.137	0.063
12.920	25.193	0.047
12.940	22.814	0.028
12.960	20.117	0.011
12.980	17.136	-0.007
13.000	13.871	-0.030
13.020	10.439	-0.037
13.040	6.824	-0.056
13.060	3.118	-0.071
13.080	-0.620	-0.094
13.100	-4.375	-0.099
13.120	-8.049	-0.118
13.140	-11.631	-0.119
13.160	-14.999	-0.133
13.180	-18.173	-0.138
13.200	-21.079	-0.142
13.220	-23.657	-0.144
13.240	-25.881	-0.143
13.260	-27.734	-0.144
13.280	-29.178	-0.134
13.300	-30.188	-0.134
13.320	-30.688	-0.117
13.340	-30.822	-0.117
13.360	-30.446	-0.097
13.380	-29.667	-0.094
13.400	-28.432	-0.069
13.420	-26.729	-0.062
13.440	-24.694	-0.036
13.460	-22.239	-0.030
13.480	-19.462	-0.005
13.500	-16.411	0.009
13.520	-13.119	0.030
13.540	-9.622	0.047
13.560	-5.965	0.061
13.580	-2.242	0.079
13.600	1.528	0.089
13.620	5.261	0.106
13.640	8.913	0.114
13.660	12.458	0.133
13.680	15.788	0.130
13.700	18.893	0.142
13.720	21.740	0.138
13.740	24.242	0.143
13.760	26.380	0.140
13.780	28.120	0.143
13.800	29.458	0.136
13.820	30.355	0.130
13.840	30.806	0.118
13.860	30.790	0.105
13.880	30.349	0.096
13.900	29.436	0.080
13.920	28.099	0.063
13.940	26.343	0.049
13.960	24.232	0.030
13.980	21.697	0.012
14.000	18.871	-0.005
14.020	15.778	-0.027
14.040	12.405	-0.038
14.060	8.908	-0.060
14.080	5.240	-0.073
14.100	1.533	-0.093
14.120	-2.242	-0.102
14.140	-5.959	-0.117
14.160	-9.601	-0.126
14.180	-13.097	-0.138
14.200	-16.363	-0.144
14.220	-19.457	-0.148
14.240	-22.212	-0.154
14.260	-24.635	-0.153
14.280	-26.708	-0.157
14.300	-28.378	-0.148
14.320	-29.635	-0.147
14.340	-30.446	-0.136
14.360	-30.763	-0.132
14.380	-30.715	-0.113
14.400	-30.161	-0.110
14.420	-29.184	-0.087
14.440	-27.734	-0.081
14.460	-25.891	-0.060
14.480	-23.673	-0.042
14.500	-21.079	-0.024
14.520	-18.189	-0.008
14.540	-15.020	0.012
14.560	-11.642	0.026
14.580	-8.075	0.046
14.600	-4.369	0.059
14.620	-0.626	0.076
14.640	3.134	0.092
14.660	6.840	0.101
14.680	10.444	0.115
14.700	13.919	0.120
14.720	17.136	0.134
14.740	20.155	0.130
14.760	22.867	0.140
14.780	25.193	0.136
14.800	27.170	0.138
14.820	28.738	0.136
14.840	29.898	0.129
14.860	30.607	0.117
14.880	30.854	0.109
14.900	30.666	0.096
14.920	30.016	0.083
14.940	28.910	0.070
14.960	27.406	0.053
14.980	25.489	0.038
15.000	23.179	0.015
15.020	20.520	0.003
15.040	17.555	-0.021
15.060	14.365	-0.031
15.080	10.917	-0.055
15.100	7.356	-0.065
15.120	3.660	-0.088
15.140	-0.083	-0.094
15.160	-3.827	-0.115
15.180	-7.544	-0.119
15.200	-11.110	-0.135
15.220	-14.526	-0.138
15.240	-17.727	-0.148
15.260	-20.676	-0.152
15.280	-23.297	-0.154
15.300	-25.596	-0.150
15.320	-27.508	-0.149
15.340	-28.996	-0.147
15.360	-30.059	-0.139
15.380	-30.656	-0.132
15.400	-30.822	-0.119
15.420	-30.537	-0.111
15.440	-29.807	-0.094
15.460	-28.641	-0.082
15.480	-27.009	-0.061
15.500	-25.010	-0.049
15.520	-22.636	-0.030
15.540	-19.897	-0.013
15.560	-16.857	0.003
15.580	-13.629	0.023
15.600	-10.127	0.039
15.620	-6.507	0.059
15.640	-2.785	0.072
15.660	0.980	0.091
15.680	4.735	0.098
15.700	8.376	0.118
15.720	11.937	0.121
15.740	15.321	0.133
15.760	18.463	0.134
15.780	21.353	0.147
15.800	23.904	0.141
15.820	26.095	0.148
15.840	27.900	0.138
15.860	29.297	0.141
15.880	30.253	0.126
15.900	30.758	0.125
15.920	30.822	0.106
15.940	30.430	0.100
15.960	29.587	0.084
15.980	28.319	0.071
16.000	26.622	0.055
16.020	24.538	0.035
16.040	22.073	0.019
16.060	19.280	-0.003
16.080	16.207	-0.018
16.100	12.904	-0.040
16.120	9.381	-0.054
16.140	5.760	-0.069
16.160	2.022	-0.082
16.180	-1.727	-0.100
16.200	-5.449	-0.111
16.220	-9.128	-0.115
16.240	-12.635	-0.130
16.260	-15.966	-0.132
16.280	-19.070	-0.146
16.300	-21.879	-0.140
16.320	-24.355	-0.150
16.340	-26.482	-0.140
16.360	-28.255	-0.146
16.380	-29.538	-0.128
16.400	-30.414	-0.136
16.420	-30.763	-0.116
16.440	-30.784	-0.111
16.460	-30.312	-0.092
16.480	-29.409	-0.085
16.500	-28.024	-0.067
16.520	-26.246	-0.053
16.540	-24.033	-0.029
16.560	-21.530	-0.012
16.580	-18.656	0.005
16.600	-15.514	0.023
16.620	-12.174	0.039
16.640	-8.607	0.057
16.660	-4.933	0.072
16.680	-1.179	0.092
16.700	2.586	0.103
16.720	6.298	0.117
16.740	9.928	0.125
16.760	13.409	0.134
16.780	16.707	0.145
16.800	19.725	0.148
16.820	22.491	0.151
16.840	24.887	0.153
16.860	26.917	0.153
16.880	28.545	0.149
16.900	29.759	0.141
16.920	30.527	0.131
16.940	30.844	0.127
16.960	30.715	0.112
16.980	30.113	0.102
17.000	29.098	0.084
17.020	27.621	0.067
17.040	25.779	0.052
17.060	23.507	0.038
17.080	20.896	0.016
17.100	18.001	-0.000
17.120	14.805	-0.022
17.140	11.432	-0.035
17.160	7.850	-0.049
17.180	4.176	-0.071
17.200	0.438	-0.084
17.220	-3.327	-0.099
17.240	-7.028	-0.111
17.260	-10.637	-0.119
17.280	-14.075	-0.123
17.300	-17.314	-0.136
17.320	-20.300	-0.138
17.340	-22.964	-0.140
17.360	-25.301	-0.143
17.380	-27.266	-0.143
17.400	-28.829	-0.135
17.420	-29.947	-0.129
17.440	-30.618	-0.119
17.460	-30.849	-0.114
17.480	-30.613	-0.099
17.500	-29.957	-0.094
17.520	-28.845	-0.073
17.540	-27.277	-0.061
17.560	-25.327	-0.038
17.580	-22.991	-0.028
17.600	-20.289	-0.011
17.620	-17.324	0.012
17.640	-14.091	0.028
17.660	-10.643	0.046
17.680	-7.039	0.062
17.700	-3.317	0.080
17.720	0.448	0.095
17.740	4.198	0.107
17.760	7.871	0.118
17.780	11.459	0.132
17.800	14.848	0.136
17.820	18.033	0.144
17.840	20.961	0.144
17.860	23.560	0.151
17.880	25.811	0.149
17.900	27.664	0.143
17.920	29.130	0.142
17.940	30.145	0.134
17.960	30.715	0.126
17.980	30.849	0.113
18.000	30.516	0.104
18.020	29.732	0.087
18.040	28.523	0.075
18.060	26.880	0.058
18.080	24.865	0.042
18.100	22.432	0.019
18.120	19.688	0.007
18.140	16.675	-0.019
18.160	13.371	-0.028
18.180	9.912	-0.048
18.200	6.287	-0.064
18.220	2.575	-0.087
18.240	-1.152	-0.096
18.260	-4.917	-0.111
18.280	-8.580	-0.119
18.300	-12.136	-0.130
18.320	-15.471	-0.139
18.340	-18.608	-0.144
18.360	-21.487	-0.149
18.380	-23.990	-0.151
18.400	-26.192	-0.152
18.420	-27.970	-0.148
18.440	-29.334	-0.140
18.460	-30.280	-0.136
18.480	-30.725	-0.128
18.500	-30.790	-0.119
18.520	-30.365	-0.107
18.540	-29.511	-0.091
18.560	-28.212	-0.077
18.580	-26.466	-0.063
18.600	-24.344	-0.043
18.620	-21.874	-0.028
18.640	-19.032	-0.009
18.660	-15.944	0.009
18.680	-12.614	0.028
18.700	-9.096	0.044
18.720	-5.438	0.063
18.740	-1.689	0.073
18.760	2.054	0.090
18.780	5.803	0.100
18.800	9.413	0.117
18.820	12.936	0.121
18.840	16.256	0.134
18.860	19.317	0.135
18.880	22.137	0.140
18.900	24.570	0.140
18.920	26.659	0.142
18.940	28.335	0.131
18.960	29.619	0.131
18.980	30.446	0.121
19.000	30.811	0.113
19.020	30.752	0.099
19.040	30.226	0.088
19.060	29.270	0.072
19.080	27.863	0.059
19.100	26.069	0.045
19.120	23.866	0.025
19.140	21.294	0.008
19.160	18.426	-0.014
19.180	15.300	-0.028
19.200	11.900	-0.046
19.220	8.371	-0.062
19.240	4.708	-0.082
19.260	0.959	-0.094
19.280	-2.780	-0.115
19.300	-6.507	-0.120
19.320	-10.122	-0.131
19.340	-13.592	-0.140
19.360	-16.846	-0.143
19.380	-19.865	-0.156
19.400	-22.594	-0.150
19.420	-24.951	-0.156
19.440	-27.003	-0.152
19.460	-28.609	-0.155
19.480	-29.780	-0.141
19.500	-30.516	-0.139
19.520	-30.790	-0.126
19.540	-30.650	-0.115
19.560	-30.059	-0.100
19.580	-29.007	-0.090
19.600	-27.513	-0.072
19.620	-25.591	-0.059
19.640	-23.335	-0.037
19.660	-20.698	-0.020
19.680	-17.749	-0.005
19.700	-14.553	0.017
19.720	-11.137	0.031
19.740	-7.544	0.054
19.760	-3.843	0.067
19.780	-0.078	0.084
19.800	3.660	0.096
19.820	7.366	0.109
19.840	10.949	0.121
19.860	14.386	0.128
19.880	17.609	0.136
19.900	20.552	0.142
19.920	23.227	0.141
19.940	25.505	0.146
19.960	27.422	0.137
19.980	28.931	0.139
20.000	30.022	0.129
20.020	30.656	0.122
20.040	30.838	0.113
20.060	30.586	0.099
20.080	29.877	0.089
20.100	28.717	0.070
20.120	27.127	0.055
20.140	25.182	0.040
20.160	22.803	0.019
20.180	20.107	0.004
20.200	17.110	-0.016
20.220	13.855	-0.029
20.240	10.385	-0.053
20.260	6.797	-0.065
20.280	3.102	-0.082
20.300	-0.658	-0.094
20.320	-4.391	-0.113
20.340	-8.097	-0.117
20.360	-11.647	-0.132
20.380	-15.031	-0.133
20.400	-18.227	-0.146
20.420	-21.122	-0.146
20.440	-23.689	-0.150
20.460	-25.902	-0.148
20.480	-27.782	-0.147
20.500	-29.216	-0.142
20.520	-30.204	-0.140
20.540	-30.731	-0.124
20.560	-30.833	-0.119
20.580	-30.500	-0.105
20.600	-29.710	-0.092
20.620	-28.464	-0.074
20.640	-26.794	-0.061
20.660	-24.710	-0.045
20.680	-22.271	-0.021
20.700	-19.505	-0.005
20.720	-16.433	0.013
20.740	-13.151	0.034
20.760	-9.633	0.044
20.780	-5.975	0.064
20.800	-2.264	0.080
20.820	1.512	0.099
20.840	5.234	0.109
20.860	8.903	0.123
20.880	12.442	0.131
20.900	15.783	0.142
20.920	18.893	0.147
20.940	21.729	0.150
20.960	24.237	0.149
20.980	26.375	0.154
21.000	28.120	0.147
21.020	29.458	0.150
21.040	30.360	0.130
21.060	30.795	0.131
21.080	30.784	0.113
21.100	30.328	0.110
21.120	29.431	0.088
21.140	28.094	0.076
21.160	26.337	0.055
21.180	24.216	0.043
21.200	21.675	0.022
21.220	18.850	0.007
21.240	15.735	-0.016
21.260	12.378	-0.029
21.280	8.876	-0.048
21.300	5.202	-0.065
21.320	1.480	-0.082
21.340	-2.280	-0.094
21.360	-5.997	-0.107
21.380	-9.644	-0.112
21.400	-13.140	-0.123
21.420	-16.417	-0.129
21.440	-19.489	-0.136
21.460	-22.266	-0.141
21.480	-24.688	-0.140
21.500	-26.772	-0.144
21.520	-28.459	-0.136
21.540	-29.667	-0.132
21.560	-30.505	-0.123
21.580	-30.811	-0.115
21.600	-30.741	-0.104
21.620	-30.210	-0.093
21.640	-29.205	-0.077
21.660	-27.777	-0.061
21.680	-25.907	-0.045
21.700	-23.700	-0.028
21.720	-21.111	-0.011
21.740	-18.216	0.010
21.760	-15.036	0.026
21.780	-11.642	0.044
21.800	-8.081	0.056
21.820	-4.375	0.082
21.840	-0.636	0.091
21.860	3.134	0.109
21.880	6.840	0.116
21.900	10.439	0.131
21.920	13.919	0.139
21.940	17.163	0.144
21.960	20.160	0.147
21.980	22.873	0.150
22.000	25.204	0.154
22.020	27.170	0.149
22.040	28.738	0.146
22.060	29.893	0.141
22.080	30.596	0.132
22.100	30.838	0.122
22.120	30.650	0.113
22.140	30.006	0.097
22.160	28.910	0.084
22.180	27.368	0.064
22.200	25.483	0.051
22.220	23.174	0.032
22.240	20.488	0.015
22.260	17.561	-0.006
22.280	14.333	-0.025
22.300	10.906	-0.039
22.320	7.323	-0.053
22.340	3.628	-0.075
22.360	-0.099	-0.089
22.380	-3.865	-0.106
22.400	-7.560	-0.115
22.420	-11.132	-0.122
22.440	-14.548	-0.130
22.460	-17.760	-0.140
22.480	-20.698	-0.140
22.500	-23.313	-0.147
22.520	-25.580	-0.143
22.540	-27.513	-0.148
22.560	-28.996	-0.135
22.580	-30.049	-0.136
22.600	-30.650	-0.123
22.620	-30.833	-0.117
22.640	-30.537	-0.103
22.660	-29.812	-0.092
22.680	-28.641	-0.078
22.700	-27.009	-0.059
22.720	-24.978	-0.041
22.740	-22.620	-0.028
22.760	-19.865	-0.009
22.780	-16.846	0.007
22.800	-13.597	0.029
22.820	-10.100	0.042
22.840	-6.502	0.063
22.860	-2.747	0.078
22.880	0.996	0.089
22.900	4.735	0.102
22.920	8.408	0.117
22.940	11.964	0.124
22.960	15.332	0.136
22.980	18.458	0.138
23.000	21.358	0.144
23.020	23.915	0.142
23.040	26.101	0.146
23.060	27.906	0.138
23.080	29.297	0.139
23.100	30.258	0.125
23.120	30.758	0.122
23.140	30.822	0.106
23.160	30.430	0.097
23.180	29.587	0.083
23.200	28.308	0.066
23.220	26.611	0.049
23.240	24.532	0.031
23.260	22.067	0.013
23.280	19.269	-0.004
23.300	16.202	-0.024
23.320	12.877	-0.040
23.340	9.391	-0.057
23.360	5.760	-0.076
23.380	2.038	-0.091
23.400	-1.721	-0.105
23.420	-5.449	-0.121
23.440	-9.112	-0.125
23.460	-12.609	-0.140
23.480	-15.955	-0.143
23.500	-19.049	-0.154
23.520	-21.852	-0.152
23.540	-24.328	-0.161
23.560	-26.461	-0.152
23.580	-28.190	-0.156
23.600	-29.485	-0.144
23.620	-30.376	-0.145
23.640	-30.758	-0.125
23.660	-30.731	-0.120
23.680	-30.263	-0.106
23.700	-29.340	-0.097
23.720	-27.965	-0.079
23.740	-26.181	-0.057
23.760	-24.006	-0.046
23.780	-21.476	-0.024
23.800	-18.608	-0.009
23.820	-15.471	0.012
23.840	-12.147	0.029
23.860	-8.570	0.044
23.880	-4.896	0.063
23.900	-1.136	0.077
23.920	2.608	0.092
23.940	6.330	0.102
23.960	9.950	0.114
23.980	13.436	0.124
24.000	16.712	0.134
24.020	19.741	0.135
24.040	22.497	0.139
24.060	24.898	0.138
24.080	26.933	0.142
24.100	28.545	0.134
24.120	29.759	0.134
24.140	30.527	0.119
24.160	30.833	0.116
24.180	30.709	0.100
24.200	30.113	0.092
24.220	29.087	0.072
24.240	27.615	0.059
24.260	25.779	0.042
24.280	23.507	0.026
24.300	20.902	0.003
24.320	17.990	-0.012
24.340	14.811	-0.029
24.360	11.406	-0.048
24.380	7.834	-0.062
24.400	4.171	-0.082
24.420	0.427	-0.094
24.440	-3.317	-0.111
24.460	-7.039	-0.118
24.480	-10.648	-0.130
24.500	-14.059	-0.137
24.520	-17.303	-0.144
24.540	-20.305	-0.150
24.560	-22.959	-0.153
24.580	-25.284	-0.152
24.600	-27.250	-0.150
24.620	-28.829	-0.147
24.640	-29.930	-0.144
24.660	-30.596	-0.132
24.680	-30.806	-0.122
24.700	-30.613	-0.111
24.720	-29.952	-0.096
24.740	-28.835	-0.083
24.760	-27.250	-0.065
24.780	-25.306	-0.050
24.800	-22.986	-0.028
24.820	-20.295	-0.014
24.840	-17.303	0.005
24.860	-14.080	0.020
24.880	-10.632	0.040
24.900	-7.017	0.057
24.920	-3.306	0.076
24.940	0.459	0.090
24.960	4.203	0.105
24.980	7.882	0.113
25.000	11.459	0.125
25.020	14.854	0.137
25.040	18.055	0.140
25.060	20.966	0.147
25.080	23.576	0.146
25.100	25.811	0.150
25.120	27.664	0.144
25.140	29.125	0.140
25.160	30.145	0.134
25.180	30.720	0.128
25.200	30.844	0.115
25.220	30.516	0.105
25.240	29.737	0.092
25.260	28.512	0.073
25.280	26.869	0.059
25.300	24.855	0.041
25.320	22.427	0.023
25.340	19.672	0.003
25.360	16.658	-0.011
25.380	13.361	-0.031
25.400	9.885	-0.048
25.420	6.260	-0.062
25.440	2.554	-0.079
25.460	-1.200	-0.093
25.480	-4.933	-0.109
25.500	-8.607	-0.111
25.520	-12.152	-0.127
25.540	-15.498	-0.130
25.560	-18.635	-0.140
25.580	-21.492	-0.137
25.600	-24.022	-0.145
25.620	-26.192	-0.139
25.640	-28.013	-0.144
25.660	-29.372	-0.131
25.680	-30.290	-0.132
25.700	-30.747	-0.119
25.720	-30.806	-0.114
25.740	-30.392	-0.097
25.760	-29.533	-0.083
25.780	-28.212	-0.069
25.800	-26.477	-0.049
25.820	-24.350	-0.034
25.840	-21.879	-0.014
25.860	-19.043	-0.000
25.880	-15.955	0.021
25.900	-12.641	0.039
25.920	-9.091	0.055
25.940	-5.433	0.074
25.960	-1.700	0.088
25.980	2.065	0.103
26.000	5.809	0.117
26.020	9.424	0.130
26.040	12.963	0.138
26.060	16.261	0.143
26.080	19.312	0.150
26.100	22.132	0.157
26.120	24.559	0.152
26.140	26.670	0.155
26.160	28.335	0.146
26.180	29.614	0.148
26.200	30.435	0.136
26.220	30.822	0.130
26.240	30.747	0.116
26.260	30.220	0.110
26.280	29.264	0.087
26.300	27.857	0.075
26.320	26.052	0.058
26.340	23.866	0.038
26.360	21.283	0.021
26.380	18.404	0.004
26.400	15.273	-0.016
26.420	11.889	-0.032
26.440	8.360	-0.049
26.460	4.686	-0.069
26.480	0.948	-0.081
26.500	-2.801	-0.098
26.520	-6.529	-0.112
26.540	-10.133	-0.113
26.560	-13.592	-0.131
26.580	-16.868	-0.132
26.600	-19.881	-0.142
26.620	-22.599	-0.141
26.640	-24.994	-0.144
26.660	-27.003	-0.140
26.680	-28.631	-0.137
26.700	-29.796	-0.131
26.720	-30.553	-0.128
26.740	-30.801	-0.114
26.760	-30.656	-0.107
26.780	-30.075	-0.090
26.800	-29.007	-0.076
26.820	-27.508	-0.062
26.840	-25.585	-0.044
26.860	-23.324	-0.031
26.880	-20.698	-0.012
26.900	-17.722	0.005
26.920	-14.553	0.026
26.940	-11.126	0.040
26.960	-7.533	0.061
26.980	-3.811	0.079
27.000	-0.073	0.088
27.020	3.671	0.107
27.040	7.383	0.116
27.060	10.960	0.127
27.080	14.403	0.136
27.100	17.609	0.142
27.120	20.574	0.146
27.140	23.233	0.149
27.160	25.515	0.150
27.180	27.433	0.144
27.200	28.937	0.140
27.220	30.022	0.138
27.240	30.666	0.130
27.260	30.838	0.115
27.280	30.596	0.105
27.300	29.866	0.092
27.320	28.711	0.076
27.340	27.143	0.058
27.360	25.177	0.042
27.380	22.803	0.023
27.400	20.091	0.010
27.420	17.104	-0.014
27.440	13.855	-0.028
27.460	10.385	-0.049
27.480	6.797	-0.061
27.500	3.091	-0.085
27.520	-0.653	-0.095
27.540	-4.391	-0.112
27.560	-8.086	-0.118
27.580	-11.653	-0.132
27.600	-15.020	-0.138
27.620	-18.189	-0.145
27.640	-21.084	-0.152
27.660	-23.673	-0.150
27.680	-25.891	-0.152
27.700	-27.734	-0.150
27.720	-29.173	-0.148
27.740	-30.172	-0.140
27.760	-30.704	-0.133
27.780	-30.795	-0.121
27.800	-30.441	-0.111
27.820	-29.667	-0.094
27.840	-28.405	-0.082
27.860	-26.735	-0.069
27.880	-24.656	-0.047
27.900	-22.212	-0.034
27.920	-19.451	-0.012
27.940	-16.374	0.003
27.960	-13.114	0.024
27.980	-9.585	0.039
28.000	-5.938	0.058
28.020	-2.216	0.070
28.040	1.560	0.088
28.060	5.282	0.101
28.080	8.924	0.114
28.100	12.464	0.121
28.120	15.815	0.131
28.140	18.904	0.134
28.160	21.750	0.144
28.180	24.259	0.139
28.200	26.391	0.142
28.220	28.126	0.135
28.240	29.469	0.135
28.260	30.365	0.121
28.280	30.790	0.115
28.300	30.784	0.104
28.320	30.333	0.096
28.340	29.420	0.075
28.360	28.099	0.062
28.380	26.337	0.046
28.400	24.194	0.025
28.420	21.680	0.008
28.440	18.850	-0.007
28.460	15.740	-0.028
28.480	12.405	-0.041
28.500	8.870	-0.061
28.520	5.218	-0.077
28.540	1.512	-0.094
28.560	-2.264	-0.107
28.580	-5.975	-0.120
28.600	-9.644	-0.129
28.620	-13.114	-0.141
28.640	-16.406	-0.148
28.660	-19.468	-0.151
28.680	-22.212	-0.156
28.700	-24.661	-0.152
28.720	-26.729	-0.157
28.740	-28.427	-0.151
28.760	-29.646	-0.144
28.780	-30.457	-0.138
28.800	-30.784	-0.129
28.820	-30.698	-0.118
28.840	-30.188	-0.105
28.860	-29.178	-0.091
28.880	-27.728	-0.077
28.900	-25.875	-0.057
28.920	-23.657	-0.040
28.940	-21.090	-0.023
28.960	-18.178	-0.001
28.980	-14.993	0.013
29.000	-11.620	0.032
29.020	-8.043	0.047
29.040	-4.369	0.070
29.060	-0.615	0.081
29.080	3.156	0.096
29.100	6.856	0.109
29.120	10.460	0.121
29.140	13.925	0.129
29.160	17.174	0.138
29.180	20.160	0.142
29.200	22.873	0.145
29.220	25.215	0.146
29.240	27.180	0.145
29.260	28.749	0.140
29.280	29.904	0.134
29.300	30.596	0.126
29.320	30.849	0.113
29.340	30.666	0.109
29.360	29.990	0.090
29.380	28.910	0.076
29.400	27.363	0.059
29.420	25.472	0.046
29.440	23.141	0.026
29.460	20.493	0.009
29.480	17.545	-0.012
29.500	14.311	-0.028
29.520	10.890	-0.047
29.540	7.313	-0.065
29.560	3.612	-0.080
29.580	-0.121	-0.093
29.600	-3.891	-0.107
29.620	-7.576	-0.118
29.640	-11.158	-0.127
29.660	-14.574	-0.136
29.680	-17.765	-0.144
29.700	-20.730	-0.149
29.720	-23.340	-0.152
29.740	-25.623	-0.148
29.760	-27.513	-0.149
29.780	-29.023	-0.142
29.800	-30.075	-0.138
29.820	-30.677	-0.127
29.840	-30.833	-0.120
29.860	-30.548	-0.106
29.880	-29.812	-0.090
29.900	-28.636	-0.078
29.920	-27.014	-0.061
29.940	-24.994	-0.045
29.960	-22.626	-0.024
29.980	-19.876	-0.008
30.000	-16.846	0.013
30.020	-13.597	0.028
30.040	-10.116	0.047
30.060	-6.486	0.061
30.080	-2.753	0.082
30.100	1.007	0.093
30.120	4.745	0.112
30.140	8.398	0.119
30.160	11.953	0.134
30.180	15.348	0.142
30.200	18.485	0.148
30.220	21.369	0.153
30.240	23.915	0.154
30.260	26.106	0.155
30.280	27.900	0.146
30.300	29.297	0.143
30.320	30.258	0.139
30.340	30.768	0.129
30.360	30.811	0.117
30.380	30.430	0.109
30.400	29.581	0.094
30.420	28.314	0.079
30.440	26.606	0.062
30.460	24.527	0.045
30.480	22.040	0.029
30.500	19.258	0.007
30.520	16.202	-0.009
30.540	12.856	-0.028
30.560	9.365	-0.043
30.580	5.734	-0.061
30.600	2.017	-0.078
30.620	-1.721	-0.094
30.640	-5.481	-0.103
30.660	-9.134	-0.113
30.680	-12.652	-0.122
30.700	-15.966	-0.128
30.720	-19.054	-0.136
30.740	-21.879	-0.140
30.760	-24.350	-0.144
30.780	-26.477	-0.143
30.800	-28.222	-0.140
30.820	-29.501	-0.131
30.840	-30.371	-0.128
30.860	-30.779	-0.119
30.880	-30.763	-0.108
30.900	-30.280	-0.094
30.920	-29.340	-0.082
30.940	-27.975	-0.067
30.960	-26.181	-0.049
30.980	-24.001	-0.034
31.000	-21.482	-0.012
31.020	-18.587	0.002
31.040	-15.466	0.022
31.060	-12.131	0.042
31.080	-8.575	0.055
31.100	-4.890	0.072
31.120	-1.136	0.089
31.140	2.613	0.103
31.160	6.335	0.116
31.180	9.950	0.128
31.200	13.436	0.134
31.220	16.728	0.142
31.240	19.758	0.146
31.260	22.518	0.154
31.280	24.898	0.153
31.300	26.939	0.150
31.320	28.545	0.146
31.340	29.759	0.140
31.360	30.521	0.135
31.380	30.838	0.125
31.400	30.709	0.110
31.420	30.118	0.102
31.440	29.087	0.082
31.460	27.610	0.069
31.480	25.773	0.053
31.500	23.501	0.032
31.520	20.902	0.018
31.540	17.980	-0.007
31.560	14.805	-0.022
31.580	11.395	-0.038
31.600	7.828	-0.053
31.620	4.165	-0.076
31.640	0.411	-0.086
31.660	-3.322	-0.107
31.680	-7.039	-0.111
31.700	-10.654	-0.126
31.720	-14.070	-0.131
31.740	-17.319	-0.143
31.760	-20.305	-0.148
31.780	-22.959	-0.151
31.800	-25.284	-0.144
31.820	-27.256	-0.150
31.840	-28.824	-0.144
31.860	-29.909	-0.138
31.880	-30.596	-0.133
31.900	-30.806	-0.122
31.920	-30.591	-0.111
31.940	-29.936	-0.093
31.960	-28.808	-0.082
31.980	-27.234	-0.065
32.000	-25.274	-0.049
32.020	-22.943	-0.032
32.040	-20.279	-0.014
32.060	-17.281	0.001
32.080	-14.059	0.019
32.100	-10.594	0.038
32.120	-6.996	0.055
32.140	-3.295	0.069
32.160	0.502	0.090
32.180	4.219	0.098
32.200	7.898	0.112
32.220	11.486	0.120
32.240	14.875	0.133
32.260	18.066	0.136
32.280	20.966	0.142
32.300	23.598	0.142
32.320	25.816	0.143
32.340	27.669	0.139
32.360	29.125	0.138
32.380	30.145	0.126
32.400	30.715	0.123
32.420	30.833	0.105
32.440	30.516	0.101
32.460	29.732	0.084
32.480	28.507	0.066
32.500	26.858	0.054
32.520	24.849	0.032
32.540	22.427	0.018
32.560	19.682	-0.000
32.580	16.648	-0.021
32.600	13.366	-0.037
32.620	9.885	-0.058
32.640	6.265	-0.068
32.660	2.559	-0.093
32.680	-1.200	-0.101
32.700	-4.939	-0.117
32.720	-8.613	-0.123
32.740	-12.157	-0.140
32.760	-15.482	-0.143
32.780	-18.635	-0.153
32.800	-21.482	-0.154
32.820	-24.006	-0.161
32.840	-26.171	-0.154
32.860	-27.965	-0.161
32.880	-29.340	-0.146
32.900	-30.269	-0.148
32.920	-30.715	-0.134
32.940	-30.784	-0.125
32.960	-30.360	-0.111
32.980	-29.495	-0.094
33.000	-28.190	-0.086
33.020	-26.445	-0.066
33.040	-24.328	-0.050
33.060	-21.842	-0.033
33.080	-19.016	-0.011
33.100	-15.928	0.004
33.120	-12.603	0.025
33.140	-9.085	0.042
33.160	-5.401	0.059
33.180	-1.678	0.074
33.200	2.103	0.092
33.220	5.803	0.101
33.240	9.456	0.114
33.260	12.963	0.123
33.280	16.272	0.135
33.300	19.333	0.135
33.320	22.158	0.143
33.340	24.581	0.139
33.360	26.676	0.144
33.380	28.335	0.136
33.400	29.624	0.137
33.420	30.441	0.123
33.440	30.822	0.119
33.460	30.758	0.102
33.480	30.220	0.096
33.500	29.270	0.076
33.520	27.863	0.066
33.540	26.052	0.046
33.560	23.866	0.028
33.580	21.288	0.009
33.600	18.409	-0.009
33.620	15.273	-0.026
33.640	11.889	-0.043
33.660	8.365	-0.062
33.680	4.692	-0.076
33.700	0.969	-0.095
33.720	-2.806	-0.105
33.740	-6.518	-0.118
33.760	-10.154	-0.126
33.780	-13.613	-0.139
33.800	-16.873	-0.145
33.820	-19.908	-0.149
33.840	-22.604	-0.151
33.860	-24.989	-0.154
33.880	-27.025	-0.151
33.900	-28.615	-0.151
33.920	-29.802	-0.143
33.940	-30.532	-0.137
33.960	-30.795	-0.125
33.980	-30.666	-0.115
34.000	-30.054	-0.102
34.020	-28.990	-0.087
34.040	-27.487	-0.073
34.060	-25.591	-0.054
34.080	-23.319	-0.033
34.100	-20.676	-0.015
34.120	-17.727	0.003
34.140	-14.537	0.018
34.160	-11.110	0.037
34.180	-7.528	0.054
34.200	-3.816	0.071
34.220	-0.056	0.085
34.240	3.703	0.101
34.260	7.383	0.113
34.280	10.965	0.128
34.300	14.424	0.132
34.320	17.615	0.142
34.340	20.585	0.146
34.360	23.238	0.149
34.380	25.531	0.149
34.400	27.449	0.149
34.420	28.953	0.142
34.440	30.032	0.137
34.460	30.666	0.132
34.480	30.849	0.121
34.500	30.596	0.108
34.520	29.871	0.095
34.540	28.706	0.078
34.560	27.127	0.065
34.580	25.166	0.047
34.600	22.798	0.028
34.620	20.080	0.014
34.640	17.088	-0.007
34.660	13.839	-0.020
34.680	10.380	-0.045
34.700	6.786	-0.056
34.720	3.075	-0.076
34.740	-0.658	-0.086
34.760	-4.418	-0.106
34.780	-8.113	-0.115
34.800	-11.663	-0.126
34.820	-15.036	-0.130
34.840	-18.200	-0.140
34.860	-21.116	-0.140
34.880	-23.673	-0.144
34.900	-25.913	-0.142
34.920	-27.760	-0.143
34.940	-29.195	-0.137
34.960	-30.172	-0.129
34.980	-30.682	-0.125
35.000	-30.795	-0.111
35.020	-30.441	-0.101
35.040	-29.678	-0.085
35.060	-28.416	-0.073
35.080	-26.735	-0.055
35.100	-24.667	-0.038
35.120	-22.218	-0.018
35.140	-19.451	-0.003
35.160	-16.374	0.019
35.180	-13.097	0.039
35.200	-9.574	0.055
35.220	-5.938	0.069
35.240	-2.205	0.086
35.260	1.555	0.101
35.280	5.282	0.113
35.300	8.946	0.127
35.320	12.474	0.134
35.340	15.831	0.144
35.360	18.925	0.150
35.380	21.766	0.154
35.400	24.259	0.154
35.420	26.396	0.154
35.440	28.142	0.151
35.460	29.474	0.148
35.480	30.360	0.139
35.500	30.806	0.134
35.520	30.784	0.117
35.540	30.328	0.105
35.560	29.426	0.092
35.580	28.083	0.074
35.600	26.343	0.061
35.620	24.199	0.043
35.640	21.680	0.026
35.660	18.839	0.004
35.680	15.729	-0.013
35.700	12.388	-0.028
35.720	8.854	-0.047
35.740	5.218	-0.063
35.760	1.490	-0.081
35.780	-2.280	-0.097
35.800	-5.997	-0.107
35.820	-9.638	-0.116
35.840	-13.114	-0.127
35.860	-16.406	-0.132
35.880	-19.478	-0.141
35.900	-22.244	-0.144
35.920	-24.672	-0.147
35.940	-26.740	-0.147
35.960	-28.410	-0.142
35.980	-29.656	-0.135
36.000	-30.462	-0.128
36.020	-30.784	-0.123
36.040	-30.715	-0.108
36.060	-30.156	-0.100
36.080	-29.168	-0.081
36.100	-27.718	-0.069
36.120	-25.875	-0.051
36.140	-23.652	-0.035
36.160	-21.063	-0.018
36.180	-18.162	0.001
36.200	-14.983	0.022
36.220	-11.620	0.038
36.240	-8.022	0.055
36.260	-4.337	0.072
36.280	-0.588	0.088
36.300	3.172	0.099
36.320	6.878	0.109
36.340	10.487	0.125
36.360	13.941	0.135
36.380	17.190	0.140
36.400	20.177	0.142
36.420	22.889	0.148
36.440	25.215	0.150
36.460	27.202	0.145
36.480	28.754	0.145
36.500	29.898	0.134
36.520	30.602	0.127
36.540	30.854	0.117
36.560	30.661	0.103
36.580	29.984	0.096
36.600	28.905	0.079
36.620	27.358	0.063
36.640	25.472	0.044
36.660	23.141	0.025
36.680	20.483	0.008
36.700	17.545	-0.014
36.720	14.306	-0.026
36.740	10.895	-0.046
36.760	7.307	-0.063
36.780	3.617	-0.079
36.800	-0.110	-0.100
36.820	-3.881	-0.109
36.840	-7.576	-0.119
36.860	-11.158	-0.134
36.880	-14.553	-0.140
36.900	-17.765	-0.149
36.920	-20.708	-0.149
36.940	-23.324	-0.155
36.960	-25.596	-0.154
36.980	-27.503	-0.156
37.000	-29.001	-0.147
37.020	-30.049	-0.146
37.040	-30.634	-0.131
37.060	-30.806	-0.129
37.080	-30.516	-0.116
37.100	-29.775	-0.103
37.120	-28.604	-0.089
37.140	-26.976	-0.071
37.160	-24.957	-0.053
37.180	-22.583	-0.036
37.200	-19.838	-0.016
37.220	-16.825	0.001
37.240	-13.565	0.016
37.260	-10.090	0.038
37.280	-6.453	0.053
37.300	-2.726	0.069
37.320	1.029	0.086
37.340	4.778	0.098
37.360	8.430	0.111
37.380	12.002	0.119
37.400	15.369	0.130
37.420	18.501	0.136
37.440	21.390	0.141
37.460	23.936	0.138
37.480	26.122	0.146
37.500	27.911	0.135
37.520	29.302	0.134
37.540	30.258	0.124
37.560	30.774	0.117
37.580	30.822	0.105
37.600	30.430	0.098
37.620	29.576	0.080
37.640	28.308	0.064
37.660	26.600	0.049
37.680	24.522	0.031
37.700	22.035	0.014
37.720	19.247	-0.003
37.740	16.202	-0.024
37.760	12.856	-0.040
37.780	9.365	-0.058
37.800	5.739	-0.077
37.820	2.001	-0.091
37.840	-1.748	-0.104
37.860	-5.487	-0.116
37.880	-9.134	-0.128
37.900	-12.668	-0.136
37.920	-15.971	-0.147
37.940	-19.065	-0.152
37.960	-21.874	-0.155
37.980	-24.355	-0.161
38.000	-26.482	-0.154
38.020	-28.217	-0.155
38.040	-29.533	-0.144
38.060	-30.392	-0.144
38.080	-30.752	-0.128
38.100	-30.763	-0.121
38.120	-30.290	-0.110
38.140	-29.361	-0.094
38.160	-27.991	-0.078
38.180	-26.181	-0.064
38.200	-23.995	-0.045
38.220	-21.487	-0.024
38.240	-18.614	-0.007
38.260	-15.477	0.013
38.280	-12.115	0.029
38.300	-8.570	0.048
38.320	-4.880	0.063
38.340	-1.147	0.079
38.360	2.618	0.097
38.380	6.351	0.105
38.400	9.950	0.120
38.420	13.457	0.129
38.440	16.723	0.137
38.460	19.758	0.142
38.480	22.534	0.146
38.500	24.908	0.147
38.520	26.944	0.143
38.540	28.555	0.142
38.560	29.775	0.138
38.580	30.527	0.126
38.600	30.838	0.122
38.620	30.715	0.107
38.640	30.102	0.095
38.660	29.082	0.078
38.680	27.610	0.065
38.700	25.762	0.047
38.720	23.496	0.031
38.740	20.885	0.014
38.760	17.942	-0.007
38.780	14.773	-0.021
38.800	11.368	-0.044
38.820	7.812	-0.058
38.840	4.117	-0.074
38.860	0.357	-0.089
38.880	-3.365	-0.108
38.900	-7.093	-0.115
38.920	-10.686	-0.129
38.940	-14.134	-0.134
38.960	-17.373	-0.144
38.980	-20.354	-0.144
39.000	-23.023	-0.150
39.020	-25.344	-0.146
39.040	-27.309	-0.148
39.060	-28.872	-0.144
39.080	-29.995	-0.137
39.100	-30.645	-0.131
39.120	-30.827	-0.122
39.140	-30.645	-0.109
39.160	-29.979	-0.094
39.180	-28.872	-0.082
39.200	-27.293	-0.065
39.220	-25.322	-0.048
39.240	-22.986	-0.028
39.260	-20.305	-0.009
39.280	-17.314	0.012
39.300	-14.086	0.031
39.320	-10.621	0.042
39.340	-7.012	0.059
39.360	-3.290	0.076
39.380	0.475	0.096
39.400	4.214	0.110
39.420	7.898	0.122
39.440	11.481	0.129
39.460	14.886	0.140
39.480	18.066	0.147
39.500	20.977	0.154
39.520	23.603	0.152
39.540	25.822	0.156
39.560	27.675	0.151
39.580	29.130	0.150
39.600	30.151	0.138
39.620	30.720	0.131
39.640	30.844	0.121
39.660	30.516	0.115
39.680	29.726	0.097
39.700	28.502	0.079
39.720	26.869	0.067
39.740	24.849	0.048
39.760	22.411	0.033
39.780	19.672	0.013
39.800	16.632	-0.008
39.820	13.355	-0.023
39.840	9.853	-0.037
39.860	6.249	-0.057
39.880	2.538	-0.074
39.900	-1.206	-0.087
39.920	-4.949	-0.107
39.940	-8.639	-0.111
39.960	-12.174	-0.124
39.980	-15.520	-0.127
40.000	-18.651	-0.143
40.020	-21.519	-0.136
40.040	-24.028	-0.148
40.060	-26.214	-0.140
40.080	-28.002	-0.141
40.100	-29.366	-0.134
40.120	-30.306	-0.131
40.140	-30.763	-0.119
40.160	-30.811	-0.113
40.180	-30.392	-0.097
40.200	-29.522	-0.090
40.220	-28.201	-0.067
40.240	-26.455	-0.051
40.260	-24.350	-0.036
40.280	-21.858	-0.019
40.300	-19.016	0.001
40.320	-15.906	0.021
40.340	-12.603	0.040
40.360	-9.069	0.050
40.380	-5.401	0.074
40.400	-1.662	0.087
40.420	2.119	0.105
40.440	5.820	0.111
40.460	9.467	0.130
40.480	12.974	0.134
40.500	16.277	0.140
40.520	19.349	0.143
40.540	22.158	0.154
40.560	24.597	0.150
40.580	26.676	0.152
40.600	28.357	0.145
40.620	29.635	0.142
40.640	30.457	0.134
40.660	30.833	0.130
40.680	30.768	0.110
40.700	30.226	0.103
40.720	29.264	0.084
40.740	27.857	0.071
40.760	26.047	0.059
40.780	23.856	0.034
40.800	21.278	0.021
40.820	18.399	-0.001
40.840	15.251	-0.018
40.860	11.873	-0.035
40.880	8.349	-0.050
40.900	4.665	-0.073
40.920	0.937	-0.085
40.940	-2.817	-0.102
40.960	-6.529	-0.113
40.980	-10.165	-0.124
41.000	-13.618	-0.133
41.020	-16.884	-0.142
41.040	-19.903	-0.148
41.060	-22.588	-0.147
41.080	-24.978	-0.152
41.100	-27.019	-0.148
41.120	-28.631	-0.147
41.140	-29.791	-0.137
41.160	-30.532	-0.132
41.180	-30.811	-0.123
41.200	-30.666	-0.113
41.220	-30.049	-0.098
41.240	-28.985	-0.086
41.260	-27.492	-0.070
41.280	-25.569	-0.053
41.300	-23.292	-0.036
41.320	-20.671	-0.016
41.340	-17.695	-0.002
41.360	-14.510	0.019
41.380	-11.089	0.032
41.400	-7.511	0.052
41.420	-3.784	0.067
41.440	-0.046	0.082
41.460	3.714	0.096
41.480	7.399	0.106
41.500	11.003	0.121
41.520	14.435	0.130
41.540	17.636	0.136
41.560	20.595	0.142
41.580	23.249	0.142
41.600	25.531	0.144
41.620	27.454	0.140
41.640	28.958	0.138
41.660	30.032	0.129
41.680	30.666	0.121
41.700	30.849	0.113
41.720	30.596	0.096
41.740	29.866	0.088
41.760	28.717	0.067
41.780	27.116	0.056
41.800	25.166	0.038
41.820	22.808	0.017
41.840	20.074	0.001
41.860	17.083	-0.021
41.880	13.817	-0.032
41.900	10.385	-0.055
41.920	6.781	-0.070
41.940	3.064	-0.090
41.960	-0.647	-0.100
41.980	-4.423	-0.117
42.000	-8.108	-0.123
42.020	-11.653	-0.137
42.040	-15.042	-0.140
42.060	-18.195	-0.156
42.080	-21.106	-0.155
42.100	-23.668	-0.157
42.120	-25.897	-0.158
42.140	-27.744	-0.156
42.160	-29.178	-0.148
42.180	-30.183	-0.146
42.200	-30.688	-0.138
42.220	-30.790	-0.128
42.240	-30.441	-0.113
42.260	-29.651	-0.102
42.280	-28.405	-0.089
42.300	-26.719	-0.069
42.320	-24.629	-0.053
42.340	-22.207	-0.034
42.360	-19.425	-0.017
42.380	-16.363	0.002
42.400	-13.081	0.022
42.420	-9.569	0.038
42.440	-5.927	0.055
42.460	-2.173	0.067
42.480	1.571	0.088
42.500	5.320	0.099
42.520	8.946	0.113
42.540	12.490	0.121
42.560	15.842	0.131
42.580	18.920	0.139
42.600	21.788	0.144
42.620	24.269	0.140
42.640	26.407	0.142
42.660	28.142	0.137
42.680	29.474	0.140
42.700	30.360	0.125
42.720	30.806	0.122
42.740	30.784	0.105
42.760	30.333	0.096
42.780	29.426	0.080
42.800	28.088	0.065
42.820	26.326	0.048
42.840	24.183	0.030
42.860	21.664	0.013
42.880	18.818	-0.007
42.900	15.719	-0.024
42.920	12.378	-0.038
42.940	8.827	-0.057
42.960	5.197	-0.073
42.980	1.458	-0.089
43.000	-2.285	-0.102
43.020	-6.024	-0.119
43.040	-9.671	-0.126
43.060	-13.140	-0.141
43.080	-16.444	-0.142
43.100	-19.500	-0.152
43.120	-22.271	-0.150
43.140	-24.699	-0.153
43.160	-26.772	-0.152
43.180	-28.453	-0.152
43.200	-29.667	-0.147
43.220	-30.478	-0.136
43.240	-30.790	-0.127
43.260	-30.736	-0.116
43.280	-30.199	-0.107
43.300	-29.221	-0.090
43.320	-27.760	-0.076
43.340	-25.907	-0.059
43.360	-23.668	-0.040
43.380	-21.095	-0.016
43.400	-18.173	-0.003
43.420	-15.004	0.016
43.440	-11.615	0.032
43.460	-8.049	0.051
43.480	-4.353	0.070
43.500	-0.588	0.084
43.520	3.161	0.098
43.540	6.867	0.107
43.560	10.476	0.125
43.580	13.941	0.134
43.600	17.185	0.141
43.620	20.182	0.148
43.640	22.900	0.149
43.660	25.215	0.150
43.680	27.207	0.149
43.700	28.765	0.145
43.720	29.898	0.140
43.740	30.607	0.130
43.760	30.838	0.121
43.780	30.656	0.111
43.800	29.995	0.098
43.820	28.894	0.082
43.840	27.358	0.065
43.860	25.456	0.054
43.880	23.131	0.034
43.900	20.477	0.016
43.920	17.512	-0.004
43.940	14.290	-0.020
43.960	10.868	-0.042
43.980	7.264	-0.057
44.000	3.591	-0.074
44.020	-0.158	-0.086
44.040	-3.907	-0.102
44.060	-7.603	-0.110
44.080	-11.196	-0.120
44.100	-14.607	-0.131
44.120	-17.829	-0.136
44.140	-20.746	-0.137
44.160	-23.378	-0.140
44.180	-25.644	-0.144
44.200	-27.567	-0.140
44.220	-29.060	-0.134
44.240	-30.097	-0.136
44.260	-30.672	-0.123
44.280	-30.833	-0.115
44.300	-30.564	-0.101
44.320	-29.834	-0.090
44.340	-28.641	-0.075
44.360	-27.003	-0.058
44.380	-25.000	-0.039
44.400	-22.620	-0.024
44.420	-19.881	-0.002
44.440	-16.841	0.013
44.460	-13.570	0.035
44.480	-10.095	0.047
44.500	-6.453	0.067
44.520	-2.747	0.084
44.540	1.034	0.102
44.560	4.767	0.113
44.580	8.430	0.124
44.600	12.007	0.136
44.620	15.375	0.143
44.640	18.501	0.146
44.660	21.390	0.154
44.680	23.936	0.153
44.700	26.122	0.159
44.720	27.911	0.150
44.740	29.313	0.148
44.760	30.258	0.138
44.780	30.768	0.132
44.800	30.827	0.117
44.820	30.430	0.108
44.840	29.571	0.092
44.860	28.287	0.080
44.880	26.595	0.061
44.900	24.522	0.045
44.920	22.030	0.026
44.940	19.247	0.013
44.960	16.170	-0.014
44.980	12.856	-0.028
45.000	9.359	-0.043
45.020	5.712	-0.059
45.040	1.990	-0.079
45.060	-1.754	-0.090
45.080	-5.487	-0.110
45.100	-9.150	-0.112
45.120	-12.673	-0.126
45.140	-15.976	-0.135
45.160	-19.086	-0.140
45.180	-21.885	-0.144
45.200	-24.377	-0.148
45.220	-26.488	-0.147
45.240	-28.222	-0.143
45.260	-29.501	-0.139
45.280	-30.387	-0.136
45.300	-30.779	-0.123
45.320	-30.758	-0.114
45.340	-30.269	-0.098
45.360	-29.345	-0.086
45.380	-27.970	-0.068
45.400	-26.176	-0.056
45.420	-23.990	-0.035
45.440	-21.466	-0.021
45.460	-18.571	-0.000
45.480	-15.455	0.013
45.500	-12.093	0.036
45.520	-8.537	0.048
45.540	-4.842	0.071
45.560	-1.109	0.085
45.580	2.645	0.099
45.600	6.367	0.109
45.620	9.971	0.124
45.640	13.484	0.133
45.660	16.750	0.138
45.680	19.779	0.141
45.700	22.545	0.148
45.720	24.919	0.147
45.740	26.949	0.147
45.760	28.555	0.139
45.780	29.785	0.138
45.800	30.537	0.126
45.820	30.844	0.121
45.840	30.715	0.106
45.860	30.108	0.098
45.880	29.076	0.080
45.900	27.610	0.064
45.920	25.757	0.050
45.940	23.501	0.028
45.960	20.875	0.009
45.980	17.969	-0.007
46.000	14.789	-0.027
46.020	11.368	-0.040
46.040	7.807	-0.060
46.060	4.138	-0.078
46.080	0.400	-0.094
46.100	-3.354	-0.108
46.120	-7.076	-0.117
46.140	-10.675	-0.127
46.160	-14.096	-0.141
46.180	-17.324	-0.144
46.200	-20.316	-0.152
46.220	-22.980	-0.156
46.240	-25.301	-0.152
46.260	-27.266	-0.157
46.280	-28.824	-0.148
46.300	-29.930	-0.148
46.320	-30.591	-0.137
46.340	-30.817	-0.129
46.360	-30.596	-0.119
46.380	-29.930	-0.102
46.400	-28.786	-0.091
46.420	-27.240	-0.078
46.440	-25.252	-0.057
46.460	-22.937	-0.039
46.480	-20.257	-0.020
46.500	-17.255	-0.001
46.520	-14.032	0.015
46.540	-10.568	0.034
46.560	-6.969	0.046
46.580	-3.252	0.065
46.600	0.513	0.080
46.620	4.246	0.093
46.640	7.936	0.107
46.660	11.502	0.118
46.680	14.918	0.129
46.700	18.076	0.134
46.720	20.998	0.139
46.740	23.609	0.138
46.760	25.832	0.142
46.780	27.696	0.138
46.800	29.135	0.134
46.820	30.151	0.125
46.840	30.731	0.120
46.860	30.844	0.105
46.880	30.516	0.097
46.900	29.726	0.080
46.920	28.507	0.066
46.940	26.869	0.051
46.960	24.844	0.036
46.980	22.422	0.014
47.000	19.666	-0.002
47.020	16.621	-0.020
47.040	13.344	-0.036
47.060	9.864	-0.054
47.080	6.249	-0.071
47.100	2.538	-0.089
47.120	-1.227	-0.103
47.140	-4.949	-0.114
47.160	-8.634	-0.123
47.180	-12.157	-0.140
47.200	-15.514	-0.143
47.220	-18.651	-0.152
47.240	-21.503	-0.156
47.260	-24.022	-0.160
47.280	-26.198	-0.156
47.300	-27.981	-0.157
47.320	-29.366	-0.148
47.340	-30.280	-0.146
47.360	-30.715	-0.131
47.380	-30.774	-0.127
47.400	-30.360	-0.107
47.420	-29.517	-0.100
47.440	-28.179	-0.082
47.460	-26.445	-0.064
47.480	-24.312	-0.049
47.500	-21.836	-0.027
47.520	-19.006	-0.010
47.540	-15.890	0.007
47.560	-12.609	0.026
47.580	-9.048	0.044
47.600	-5.401	0.059
47.620	-1.641	0.074
47.640	2.119	0.091
47.660	5.836	0.104
47.680	9.483	0.115
47.700	12.985	0.127
47.720	16.293	0.134
47.740	19.365	0.136
47.760	22.158	0.146
47.780	24.597	0.146
47.800	26.681	0.148
47.820	28.357	0.135
47.840	29.640	0.140
47.860	30.457	0.129
47.880	30.838	0.123
47.900	30.758	0.109
47.920	30.215	0.100
47.940	29.259	0.080
47.960	27.852	0.069
47.980	26.047	0.051
48.000	23.834	0.034
48.020	21.272	0.012
48.040	18.388	-0.004
48.060	15.235	-0.016
48.080	11.867	-0.044
48.100	8.306	-0.056
48.120	4.643	-0.076
48.140	0.910	-0.087
48.160	-2.860	-0.103
48.180	-6.572	-0.112
48.200	-10.202	-0.125
48.220	-13.645	-0.135
48.240	-16.932	-0.143
48.260	-19.956	-0.148
48.280	-22.647	-0.149
48.300	-25.043	-0.150
48.320	-27.046	-0.148
48.340	-28.684	-0.148
48.360	-29.844	-0.137
48.380	-30.586	-0.135
48.400	-30.833	-0.123
48.420	-30.688	-0.114
48.440	-30.092	-0.095
48.460	-29.023	-0.086
48.480	-27.524	-0.069
48.500	-25.607	-0.052
48.520	-23.324	-0.032
48.540	-20.687	-0.009
48.560	-17.738	0.007
48.580	-14.542	0.026
48.600	-11.126	0.042
48.620	-7.511	0.058
48.640	-3.822	0.078
48.660	-0.046	0.089
48.680	3.709	0.107
48.700	7.393	0.118
48.720	11.003	0.130
48.740	14.429	0.134
48.760	17.641	0.148
48.780	20.595	0.150
48.800	23.243	0.156
48.820	25.542	0.150
48.840	27.454	0.151
48.860	28.958	0.150
48.880	30.032	0.142
48.900	30.672	0.132
48.920	30.865	0.121
48.940	30.596	0.114
48.960	29.871	0.096
48.980	28.711	0.086
49.000	27.105	0.064
49.020	25.156	0.051
49.040	22.760	0.034
49.060	20.064	0.021
49.080	17.067	-0.010
49.100	13.812	-0.016
49.120	10.369	-0.045
49.140	6.743	-0.046
49.160	3.053	-0.077
49.180	-0.690	-0.082
49.200	-4.461	-0.104
49.220	-8.135	-0.108
49.240	-11.690	-0.123
49.260	-15.069	-0.130
49.280	-18.248	-0.134
49.300	-21.143	-0.143
49.320	-23.689	-0.135
49.340	-25.945	-0.146
49.360	-27.782	-0.131
49.380	-29.216	-0.141
49.400	-30.194	-0.125
49.420	-30.725	-0.128
49.440	-30.844	-0.107
49.460	-30.473	-0.103
49.480	-29.667	-0.082
49.500	-28.405	-0.075
49.520	-26.735	-0.056
49.540	-24.656	-0.036
49.560	-22.234	-0.026
49.580	-19.414	0.001
49.600	-16.358	0.007
49.620	-13.076	0.039
49.640	-9.579	0.042
49.660	-5.916	0.074
49.680	-2.178	0.077
49.700	1.587	0.105
49.720	5.325	0.108
49.740	8.951	0.126
49.760	12.512	0.130
49.780	15.847	0.142
49.800	18.930	0.143
49.820	21.799	0.154
49.840	24.275	0.150
49.860	26.418	0.150
49.880	28.147	0.149
49.900	29.485	0.141
49.920	30.365	0.140
49.940	30.806	0.125
49.960	30.779	0.118
49.980	30.333	0.101
50.000	29.420	0.093
50.020	28.083	0.066
50.040	26.321	0.062
50.060	24.178	0.034
50.080	21.648	0.026
50.100	18.807	-0.005
50.120	15.708	-0.013
50.140	12.340	-0.036
50.160	8.838	-0.046
50.180	5.180	-0.067
50.200	1.453	-0.087
50.220	-2.285	-0.096
50.240	-6.018	-0.113
50.260	-9.660	-0.114
50.280	-13.151	-0.138
50.300	-16.444	-0.132
50.320	-19.500	-0.152
50.340	-22.255	-0.142
50.360	-24.672	-0.156
50.380	-26.751	-0.143
50.400	-28.432	-0.152
50.420	-29.662	-0.135
50.440	-30.446	-0.140
50.460	-30.795	-0.123
50.480	-30.698	-0.116
50.500	-30.177	-0.098
50.520	-29.162	-0.087
50.540	-27.718	-0.078
50.560	-25.854	-0.050
50.580	-23.635	-0.042
50.600	-21.052	-0.019
50.620	-18.130	-0.006
50.640	-14.967	0.018
50.660	-11.572	0.026
50.680	-8.011	0.048
50.700	-4.310	0.063
50.720	-0.551	0.083
50.740	3.198	0.092
50.760	6.910	0.108
50.780	10.509	0.115
50.800	13.962	0.126
50.820	17.206	0.138
50.840	20.198	0.138
50.860	22.916	0.142
50.880	25.241	0.141
50.900	27.218	0.143
50.920	28.765	0.136
50.940	29.904	0.134
50.960	30.613	0.121
50.980	30.844	0.114
51.000	30.650	0.099
51.020	29.984	0.093
51.040	28.899	0.067
51.060	27.358	0.061
51.080	25.456	0.039
51.100	23.125	0.026
51.120	20.477	0.004
51.140	17.518	-0.016
51.160	14.301	-0.031
51.180	10.874	-0.052
51.200	7.291	-0.067
51.220	3.596	-0.086
51.240	-0.158	-0.095
51.260	-3.897	-0.114
51.280	-7.603	-0.119
51.300	-11.180	-0.140
51.320	-14.580	-0.141
51.340	-17.792	-0.156
51.360	-20.714	-0.147
51.380	-23.340	-0.163
51.400	-25.612	-0.152
51.420	-27.508	-0.161
51.440	-29.012	-0.148
51.460	-30.059	-0.149
51.480	-30.645	-0.134
51.500	-30.811	-0.133
51.520	-30.500	-0.114
51.540	-29.785	-0.103
51.560	-28.598	-0.089
51.580	-26.971	-0.076
51.600	-24.962	-0.056
51.620	-22.561	-0.034
51.640	-19.833	-0.021
51.660	-16.798	-0.000
51.680	-13.554	0.016
51.700	-10.068	0.038
51.720	-6.416	0.046
51.740	-2.710	0.072
51.760	1.061	0.080
51.780	4.794	0.099
51.800	8.478	0.111
51.820	12.012	0.119
51.840	15.375	0.134
51.860	18.528	0.134
51.880	21.406	0.145
51.900	23.958	0.138
51.920	26.122	0.145
51.940	27.927	0.133
51.960	29.313	0.141
51.980	30.269	0.118
52.000	30.763	0.128
52.020	30.822	0.101
52.040	30.430	0.105
52.060	29.576	0.076
52.080	28.287	0.075
52.100	26.584	0.047
52.120	24.516	0.036
52.140	22.024	0.013
52.160	19.242	-0.002
52.180	16.164	-0.022
52.200	12.845	-0.037
52.220	9.348	-0.056
52.240	5.701	-0.072
52.260	2.001	-0.085
52.280	-1.775	-0.107
52.300	-5.492	-0.109
52.320	-9.166	-0.131
52.340	-12.678	-0.132
52.360	-15.998	-0.147
52.380	-19.108	-0.147
52.400	-21.906	-0.152
52.420	-24.387	-0.152
52.440	-26.498	-0.150
52.460	-28.244	-0.148
52.480	-29.528	-0.144
52.500	-30.403	-0.143
52.520	-30.784	-0.127
52.540	-30.763	-0.125
52.560	-30.290	-0.102
52.580	-29.372	-0.097
52.600	-27.970	-0.074
52.620	-26.181	-0.066
52.640	-24.022	-0.038
52.660	-21.460	-0.028
52.680	-18.603	-0.001
52.700	-15.439	0.007
52.720	-12.109	0.032
52.740	-8.553	0.049
52.760	-4.847	0.065
52.780	-1.120	0.082
52.800	2.656	0.094
52.820	6.357	0.108
52.840	9.977	0.120
52.860	13.484	0.133
52.880	16.744	0.134
52.900	19.779	0.146
52.920	22.545	0.149
52.940	24.925	0.151
52.960	26.955	0.148
52.980	28.561	0.150
53.000	29.769	0.138
53.020	30.532	0.133
53.040	30.844	0.121
53.060	30.709	0.113
53.080	30.102	0.099
53.100	29.076	0.084
53.120	27.610	0.069
53.140	25.746	0.051
53.160	23.490	0.037
53.180	20.859	0.018
53.200	17.948	0.001
53.220	14.757	-0.017
53.240	11.341	-0.036
53.260	7.791	-0.056
53.280	4.095	-0.069
53.300	0.363	-0.090
53.320	-3.397	-0.099
53.340	-7.103	-0.111
53.360	-10.718	-0.121
53.380	-14.150	-0.129
53.400	-17.389	-0.134
53.420	-20.365	-0.138
53.440	-23.034	-0.140
53.460	-25.360	-0.142
53.480	-27.325	-0.145
53.500	-28.862	-0.138
53.520	-29.979	-0.136
53.540	-30.618	-0.127
53.560	-30.822	-0.121
53.580	-30.623	-0.104
53.600	-29.973	-0.092
53.620	-28.845	-0.075
53.640	-27.261	-0.065
53.660	-25.274	-0.040
53.680	-22.964	-0.028
53.700	-20.279	-0.003
53.720	-17.281	0.009
53.740	-14.048	0.030
53.760	-10.594	0.042
53.780	-6.974	0.065
53.800	-3.258	0.080
53.820	0.497	0.096
53.840	4.251	0.112
53.860	7.936	0.123
53.880	11.508	0.134
53.900	14.918	0.141
53.920	18.076	0.149
53.940	21.009	0.147
53.960	23.609	0.155
53.980	25.848	0.154
54.000	27.696	0.155
54.020	29.135	0.144
54.040	30.156	0.142
54.060	30.720	0.134
54.080	30.849	0.124
54.100	30.521	0.109
54.120	29.721	0.100
54.140	28.491	0.079
54.160	26.847	0.064
54.180	24.828	0.047
54.200	22.406	0.027
54.220	19.634	0.015
54.240	16.615	-0.012
54.260	13.318	-0.020
54.280	9.837	-0.044
54.300	6.233	-0.051
54.320	2.511	-0.084
54.340	-1.233	-0.082
54.360	-4.992	-0.110
54.380	-8.650	-0.111
54.400	-12.168	-0.129
54.420	-15.536	-0.128
54.440	-18.662	-0.145
54.460	-21.530	-0.140
54.480	-24.038	-0.146
54.500	-26.214	-0.144
54.520	-27.997	-0.144
54.540	-29.366	-0.137
54.560	-30.274	-0.132
54.580	-30.736	-0.129
54.600	-30.801	-0.110
54.620	-30.371	-0.107
54.640	-29.501	-0.085
54.660	-28.190	-0.079
54.680	-26.434	-0.052
54.700	-24.312	-0.043
54.720	-21.825	-0.021
54.740	-19.000	-0.004
54.760	-15.880	0.012
54.780	-12.576	0.032
54.800	-9.031	0.048
54.820	-5.385	0.067
54.840	-1.625	0.079
54.860	2.135	0.100
54.880	5.852	0.102
54.900	9.488	0.125
54.920	12.990	0.128
54.940	16.320	0.142
54.960	19.376	0.138
54.980	22.180	0.149
55.000	24.613	0.142
55.020	26.681	0.150
55.040	28.367	0.139
55.060	29.640	0.141
55.080	30.457	0.126
55.100	30.833	0.123
55.120	30.752	0.106
55.140	30.215	0.101
55.160	29.248	0.080
55.180	27.852	0.064
55.200	26.047	0.051
55.220	23.829	0.030
55.240	21.261	0.018
55.260	18.383	-0.006
55.280	15.230	-0.021
55.300	11.841	-0.040
55.320	8.296	-0.057
55.340	4.654	-0.076
55.360	0.910	-0.094
55.380	-2.855	-0.104
55.400	-6.555	-0.114
55.420	-10.181	-0.124
55.440	-13.635	-0.140
55.460	-16.900	-0.142
55.480	-19.919	-0.155
55.500	-22.626	-0.154
55.520	-25.000	-0.156
55.540	-27.035	-0.152
55.560	-28.647	-0.152
55.580	-29.796	-0.144
55.600	-30.521	-0.141
55.620	-30.817	-0.129
55.640	-30.650	-0.120
55.660	-30.038	-0.103
55.680	-28.974	-0.092
55.700	-27.454	-0.078
55.720	-25.558	-0.058
55.740	-23.276	-0.040
55.760	-20.644	-0.026
55.780	-17.684	-0.005
55.800	-14.478	0.009
55.820	-11.078	0.030
55.840	-7.469	0.046
55.860	-3.762	0.062
55.880	-0.013	0.078
55.900	3.752	0.095
55.920	7.420	0.107
55.940	11.024	0.117
55.960	14.440	0.125
55.980	17.657	0.137
56.000	20.601	0.141
56.020	23.270	0.138
56.040	25.553	0.141
56.060	27.460	0.138
56.080	28.958	0.138
56.100	30.032	0.126
56.120	30.672	0.123
56.140	30.854	0.106
56.160	30.596	0.099
56.180	29.855	0.084
56.200	28.695	0.066
56.220	27.094	0.058
56.240	25.156	0.036
56.260	22.749	0.018
56.280	20.058	0.002
56.300	17.072	-0.016
56.320	13.806	-0.036
56.340	10.369	-0.052
56.360	6.749	-0.070
56.380	3.048	-0.086
56.400	-0.696	-0.105
56.420	-4.439	-0.111
56.440	-8.129	-0.127
56.460	-11.690	-0.134
56.480	-15.058	-0.144
56.500	-18.232	-0.151
56.520	-21.138	-0.154
56.540	-23.684	-0.160
56.560	-25.918	-0.156
56.580	-27.760	-0.155
56.600	-29.189	-0.144
56.620	-30.177	-0.146
56.640	-30.688	-0.130
56.660	-30.801	-0.129
56.680	-30.441	-0.111
56.700	-29.651	-0.103
56.720	-28.405	-0.080
56.740	-26.713	-0.072
56.760	-24.640	-0.049
56.780	-22.196	-0.036
56.800	-19.414	-0.011
56.820	-16.363	0.005
56.840	-13.054	0.022
56.860	-9.558	0.042
56.880	-5.906	0.056
56.900	-2.167	0.074
56.920	1.593	0.090
56.940	5.336	0.105
56.960	8.983	0.114
56.980	12.528	0.127
57.000	15.842	0.130
57.020	18.947	0.141
57.040	21.793	0.144
57.060	24.285	0.149
57.080	26.418	0.146
57.100	28.142	0.145
57.120	29.485	0.140
57.140	30.365	0.127
57.160	30.806	0.123
57.180	30.784	0.107
57.200	30.328	0.101
57.220	29.404	0.078
57.240	28.067	0.069
57.260	26.310	0.051
57.280	24.167	0.038
57.300	21.632	0.015
57.320	18.791	0.005
57.340	15.702	-0.020
57.360	12.335	-0.033
57.380	8.822	-0.058
57.400	5.154	-0.068
57.420	1.421	-0.088
57.440	-2.339	-0.099
57.460	-6.072	-0.113
57.480	-9.698	-0.122
57.500	-13.189	-0.134
57.520	-16.476	-0.137
57.540	-19.559	-0.147
57.560	-22.320	-0.144
57.580	-24.726	-0.149
57.600	-26.799	-0.146
57.620	-28.480	-0.147
57.640	-29.721	-0.135
57.660	-30.510	-0.132
57.680	-30.806	-0.126
57.700	-30.752	-0.115
57.720	-30.204	-0.103
57.740	-29.205	-0.085
57.760	-27.760	-0.074
57.780	-25.902	-0.053
57.800	-23.668	-0.038
57.820	-21.073	-0.012
57.840	-18.146	0.004
57.860	-15.004	0.022
57.880	-11.599	0.038
57.900	-8.027	0.055
57.920	-4.326	0.073
57.940	-0.572	0.088
57.960	3.182	0.109
57.980	6.888	0.113
58.000	10.492	0.134
58.020	13.973	0.132
58.040	17.201	0.150
58.060	20.198	0.146
58.080	22.927	0.160
58.100	25.241	0.152
58.120	27.213	0.159
58.140	28.765	0.146
58.160	29.914	0.150
58.180	30.613	0.129
58.200	30.854	0.130
58.220	30.645	0.110
58.240	29.979	0.106
58.260	28.894	0.083
58.280	27.358	0.072
58.300	25.446	0.053
58.320	23.120	0.034
58.340	20.467	0.022
58.360	17.496	-0.007
58.380	14.274	-0.012
58.400	10.831	-0.040
58.420	7.259	-0.047
58.440	3.564	-0.076
58.460	-0.175	-0.078
58.480	-3.929	-0.105
58.500	-7.646	-0.103
58.520	-11.196	-0.124
58.540	-14.617	-0.124
58.560	-17.808	-0.136
58.580	-20.751	-0.138
58.600	-23.372	-0.140
58.620	-25.655	-0.144
58.640	-27.562	-0.137
58.660	-29.044	-0.142
58.680	-30.097	-0.123
58.700	-30.672	-0.134
58.720	-30.844	-0.106
58.740	-30.537	-0.109
58.760	-29.802	-0.078
58.780	-28.604	-0.080
58.800	-26.982	-0.055
58.820	-24.973	-0.046
58.840	-22.577	-0.021
58.860	-19.844	-0.011
58.880	-16.793	0.012
58.900	-13.554	0.034
58.920	-10.063	0.047
58.940	-6.437	0.070
58.960	-2.715	0.076
58.980	1.066	0.102
59.000	4.804	0.105
59.020	8.468	0.130
59.040	12.012	0.127
59.060	15.396	0.145
59.080	18.528	0.141
59.100	21.417	0.153
59.120	23.958	0.146
59.140	26.133	0.155
59.160	27.948	0.143
59.180	29.323	0.148
59.200	30.263	0.134
59.220	30.768	0.131
59.240	30.811	0.115
59.260	30.425	0.104
59.280	29.576	0.092
59.300	28.276	0.072
59.320	26.579	0.061
59.340	24.506	0.039
59.360	22.030	0.025
59.380	19.226	0.002
59.400	16.154	-0.012
59.420	12.845	-0.034
59.440	9.332	-0.045
59.460	5.685	-0.063
59.480	1.985	-0.082
59.500	-1.781	-0.096
59.520	-5.497	-0.111
59.540	-9.160	-0.115
59.560	-12.689	-0.134
59.580	-15.992	-0.131
59.600	-19.092	-0.151
59.620	-21.901	-0.140
59.640	-24.371	-0.156
59.660	-26.498	-0.141
59.680	-28.228	-0.154
59.700	-29.506	-0.138
59.720	-30.371	-0.140
59.740	-30.779	-0.123
59.760	-30.768	-0.118
59.780	-30.263	-0.104
59.800	-29.340	-0.094
59.820	-27.948	-0.076
59.840	-26.138	-0.062
59.860	-23.969	-0.039
59.880	-21.417	-0.021
59.900	-18.565	-0.009
59.920	-15.402	0.010
59.940	-12.055	0.028
59.960	-8.505	0.049
59.980	-4.821	0.063
60.000	-1.093	0.078
60.020	2.683	0.093
60.040	6.394	0.103
60.060	10.009	0.117
60.080	13.495	0.124
60.100	16.777	0.134
60.120	19.801	0.139
60.140	22.556	0.142
60.160	24.930	0.142
60.180	26.955	0.142
60.200	28.572	0.136
60.220	29.775	0.136
60.240	30.537	0.120
60.260	30.844	0.118
60.280	30.704	0.100
60.300	30.097	0.096
60.320	29.076	0.071
60.340	27.615	0.063
60.360	25.746	0.039
60.380	23.490	0.028
60.400	20.848	0.004
60.420	17.937	-0.010
60.440	14.757	-0.031
60.460	11.363	-0.047
60.480	7.791	-0.065
60.500	4.106	-0.082
60.520	0.384	-0.098
60.540	-3.381	-0.112
60.560	-7.087	-0.119
60.580	-10.691	-0.133
60.600	-14.129	-0.140
60.620	-17.346	-0.151
60.640	-20.343	-0.157
60.660	-22.980	-0.155
60.680	-25.317	-0.160
60.700	-27.288	-0.158
60.720	-28.829	-0.151
60.740	-29.947	-0.148
60.760	-30.596	-0.140
60.780	-30.790	-0.131
60.800	-30.586	-0.116
60.820	-29.904	-0.106
60.840	-28.781	-0.091
60.860	-27.213	-0.078
60.880	-25.258	-0.059
60.900	-22.921	-0.038
60.920	-20.219	-0.022
60.940	-17.239	-0.000
60.960	-14.005	0.016
60.980	-10.546	0.034
61.000	-6.942	0.047
61.020	-3.215	0.071
61.040	0.529	0.080
61.060	4.283	0.099
61.080	7.957	0.104
61.100	11.545	0.121
61.120	14.924	0.124
61.140	18.103	0.137
61.160	21.025	0.139
61.180	23.619	0.141
61.200	25.848	0.143
61.220	27.712	0.140
61.240	29.141	0.138
61.260	30.151	0.126
61.280	30.725	0.122
61.300	30.838	0.107
61.320	30.516	0.102
61.340	29.716	0.084
61.360	28.502	0.070
61.380	26.831	0.052
61.400	24.828	0.038
61.420	22.400	0.014
61.440	19.623	0.005
61.460	16.615	-0.020
61.480	13.302	-0.035
61.500	9.832	-0.053
61.520	6.212	-0.065
61.540	2.500	-0.085
61.560	-1.254	-0.103
61.580	-4.992	-0.107
61.600	-8.672	-0.125
61.620	-12.195	-0.129
61.640	-15.552	-0.144
61.660	-18.678	-0.144
61.680	-21.541	-0.156
61.700	-24.054	-0.152
61.720	-26.235	-0.156
61.740	-28.034	-0.149
61.760	-29.377	-0.147
61.780	-30.301	-0.136
61.800	-30.747	-0.130
61.820	-30.790	-0.124
61.840	-30.387	-0.107
61.860	-29.517	-0.094
61.880	-28.196	-0.078
61.900	-26.455	-0.067
61.920	-24.318	-0.044
61.940	-21.858	-0.027
61.960	-19.000	-0.004
61.980	-15.923	0.013
62.000	-12.582	0.027
62.020	-9.037	0.048
62.040	-5.385	0.065
62.060	-1.625	0.078
62.080	2.124	0.096
62.100	5.852	0.109
62.120	9.483	0.121
62.140	12.995	0.128
62.160	16.315	0.138
62.180	19.365	0.139
62.200	22.180	0.146
62.220	24.624	0.149
62.240	26.686	0.150
62.260	28.367	0.142
62.280	29.635	0.142
62.300	30.462	0.130
62.320	30.838	0.127
62.340	30.747	0.109
62.360	30.215	0.096
62.380	29.248	0.085
62.400	27.830	0.067
62.420	26.031	0.057
62.440	23.807	0.034
62.460	21.240	0.025
62.480	18.356	0.001
62.500	15.208	-0.013
62.520	11.824	-0.040
62.540	8.285	-0.045
62.560	4.616	-0.075
62.580	0.878	-0.078
62.600	-2.882	-0.104
62.620	-6.598	-0.100
62.640	-10.229	-0.123
62.660	-13.694	-0.127
62.680	-16.943	-0.136
62.700	-19.962	-0.138
62.720	-22.669	-0.140
62.740	-25.043	-0.144
62.760	-27.073	-0.140
62.780	-28.679	-0.141
62.800	-29.855	-0.134
62.820	-30.570	-0.132
62.840	-30.817	-0.115
62.860	-30.677	-0.107
62.880	-30.086	-0.091
62.900	-29.012	-0.078
62.920	-27.497	-0.066
62.940	-25.607	-0.045
62.960	-23.297	-0.030
62.980	-20.681	-0.007
63.000	-17.706	0.003
63.020	-14.515	0.034
63.040	-11.073	0.038
63.060	-7.490	0.068
63.080	-3.779	0.073
63.100	-0.019	0.095
63.120	3.730	0.106
63.140	7.426	0.124
63.160	11.030	0.134
63.180	14.451	0.141
63.200	17.668	0.142
63.220	20.612	0.150
63.240	23.292	0.155
63.260	25.558	0.159
63.280	27.470	0.150
63.300	28.964	0.151
63.320	30.032	0.142
63.340	30.677	0.134
63.360	30.854	0.123
63.380	30.591	0.113
63.400	29.850	0.099
63.420	28.690	0.085
63.440	27.094	0.065
63.460	25.134	0.052
63.480	22.749	0.028
63.500	20.048	0.017
63.520	17.040	-0.007
63.540	13.790	-0.021
63.560	10.337	-0.040
63.580	6.727	-0.048
63.600	3.037	-0.077
63.620	-0.722	-0.082
63.640	-4.466	-0.108
63.660	-8.156	-0.110
63.680	-11.712	-0.127
63.700	-15.079	-0.126
63.720	-18.259	-0.141
63.740	-21.127	-0.141
63.760	-23.716	-0.148
63.780	-25.924	-0.143
63.800	-27.782	-0.141
63.820	-29.195	-0.138
63.840	-30.199	-0.131
63.860	-30.715	-0.125
63.880	-30.817	-0.112
63.900	-30.441	-0.103
63.920	-29.651	-0.086
63.940	-28.400	-0.079
63.960	-26.692	-0.060
63.980	-24.635	-0.039
64.000	-22.185	-0.024
64.020	-19.414	-0.007
64.040	-16.347	0.006
64.060	-13.054	0.034
64.080	-9.531	0.042
64.100	-5.868	0.068
64.120	-2.146	0.074
64.140	1.603	0.100
64.160	5.336	0.105
64.180	8.994	0.124
64.200	12.533	0.130
64.220	15.874	0.140
64.240	18.957	0.141
64.260	21.809	0.147
64.280	24.291	0.146
64.300	26.423	0.149
64.320	28.153	0.140
64.340	29.490	0.142
64.360	30.371	0.132
64.380	30.806	0.123
64.400	30.784	0.107
64.420	30.328	0.101
64.440	29.415	0.083
64.460	28.056	0.068
64.480	26.305	0.054
64.500	24.167	0.038
64.520	21.627	0.019
64.540	18.796	0.001
64.560	15.697	-0.024
64.580	12.324	-0.033
64.600	8.822	-0.055
64.620	5.154	-0.068
64.640	1.437	-0.091
64.660	-2.323	-0.098
64.680	-6.040	-0.118
64.700	-9.692	-0.117
64.720	-13.167	-0.143
64.740	-16.449	-0.137
64.760	-19.505	-0.156
64.780	-22.277	-0.145
64.800	-24.704	-0.157
64.820	-26.756	-0.148
64.840	-28.437	-0.154
64.860	-29.662	-0.141
64.880	-30.468	-0.140
64.900	-30.779	-0.129
64.920	-30.677	-0.119
64.940	-30.151	-0.103
64.960	-29.146	-0.094
64.980	-27.712	-0.082
65.000	-25.848	-0.060
65.020	-23.619	-0.044
65.040	-21.014	-0.024
65.060	-18.103	-0.007
65.080	-14.940	0.012
65.100	-11.561	0.030
65.120	-7.973	0.042
65.140	-4.283	0.063
65.160	-0.540	0.073
65.180	3.220	0.096
65.200	6.931	0.099
65.220	10.514	0.121
65.240	13.989	0.121
65.260	17.228	0.137
65.280	20.214	0.133
65.300	22.927	0.143
65.320	25.247	0.140
65.340	27.223	0.142
65.360	28.770	0.133
65.380	29.925	0.135
65.400	30.607	0.118
65.420	30.849	0.116
65.440	30.650	0.096
65.460	29.973	0.088
65.480	28.888	0.066
65.500	27.358	0.059
65.520	25.429	0.039
65.540	23.120	0.022
65.560	20.456	0.002
65.580	17.507	-0.018
65.600	14.274	-0.033
65.620	10.831	-0.049
65.640	7.259	-0.066
65.660	3.574	-0.084
65.680	-0.180	-0.098
65.700	-3.924	-0.113
65.720	-7.624	-0.124
65.740	-11.196	-0.131
65.760	-14.601	-0.146
65.780	-17.802	-0.144
65.800	-20.746	-0.156
65.820	-23.356	-0.153
65.840	-25.634	-0.161
65.860	-27.535	-0.156
65.880	-29.007	-0.151
65.900	-30.059	-0.142
65.920	-30.639	-0.136
65.940	-30.795	-0.126
65.960	-30.516	-0.116
65.980	-29.791	-0.096
66.000	-28.588	-0.089
66.020	-26.955	-0.069
66.040	-24.935	-0.055
66.060	-22.556	-0.030
66.080	-19.811	-0.020
66.100	-16.782	0.003
66.120	-13.532	0.017
66.140	-10.031	0.038
66.160	-6.427	0.052
66.180	-2.677	0.072
66.200	1.082	0.086
66.220	4.815	0.103
66.240	8.484	0.109
66.260	12.018	0.124
66.280	15.407	0.126
66.300	18.528	0.138
66.320	21.423	0.143
66.340	23.963	0.144
66.360	26.138	0.146
66.380	27.943	0.142
66.400	29.323	0.138
66.420	30.269	0.130
66.440	30.763	0.123
66.460	30.827	0.113
66.480	30.430	0.102
66.500	29.565	0.086
66.520	28.276	0.067
66.540	26.568	0.056
66.560	24.490	0.036
66.580	22.013	0.021
66.600	19.215	0.001
66.620	16.132	-0.015
66.640	12.797	-0.034
66.660	9.311	-0.051
66.680	5.669	-0.069
66.700	1.942	-0.082
66.720	-1.818	-0.101
66.740	-5.546	-0.108
66.760	-9.214	-0.122
66.780	-12.721	-0.131
66.800	-16.035	-0.140
66.820	-19.129	-0.145
66.840	-21.933	-0.149
66.860	-24.414	-0.152
66.880	-26.536	-0.148
66.900	-28.281	-0.144
66.920	-29.565	-0.141
66.940	-30.414	-0.134
66.960	-30.795	-0.123
66.980	-30.763	-0.117
67.000	-30.301	-0.103
67.020	-29.372	-0.090
67.040	-27.991	-0.076
67.060	-26.187	-0.056
67.080	-23.990	-0.036
67.100	-21.439	-0.022
67.120	-18.581	0.001
67.140	-15.450	0.018
67.160	-12.093	0.031
67.180	-8.510	0.055
67.200	-4.842	0.071
67.220	-1.093	0.085
67.240	2.667	0.101
67.260	6.384	0.113
67.280	10.009	0.126
67.300	13.490	0.137
67.320	16.766	0.142
67.340	19.801	0.149
67.360	22.556	0.150
67.380	24.930	0.153
67.400	26.949	0.153
67.420	28.582	0.148
67.440	29.785	0.145
67.460	30.537	0.134
67.480	30.854	0.130
67.500	30.715	0.113
67.520	30.097	0.105
67.540	29.066	0.088
67.560	27.594	0.072
67.580	25.736	0.055
67.600	23.458	0.038
67.620	20.837	0.019
67.640	17.926	0.003
67.660	14.725	-0.017
67.680	11.320	-0.033
67.700	7.748	-0.049
67.720	4.079	-0.072
67.740	0.336	-0.078
67.760	-3.419	-0.102
67.780	-7.119	-0.107
67.800	-10.734	-0.121
67.820	-14.150	-0.125
67.840	-17.384	-0.136
67.860	-20.370	-0.136
67.880	-23.023	-0.142
67.900	-25.354	-0.139
67.920	-27.315	-0.143
67.940	-28.867	-0.133
67.960	-29.973	-0.135
67.980	-30.629	-0.125
68.000	-30.849	-0.111
68.020	-30.613	-0.106
68.040	-29.936	-0.087
68.060	-28.819	-0.076
68.080	-27.234	-0.057
68.100	-25.268	-0.047
68.120	-22.932	-0.024
68.140	-20.236	-0.010
68.160	-17.249	0.011
68.180	-13.994	0.030
68.200	-10.573	0.045
68.220	-6.937	0.064
68.240	-3.220	0.077
68.260	0.551	0.093
68.280	4.294	0.105
68.300	7.957	0.117
68.320	11.551	0.132
68.340	14.940	0.140
68.360	18.119	0.144
68.380	21.025	0.146
68.400	23.614	0.152
68.420	25.848	0.156
68.440	27.707	0.146
68.460	29.146	0.144
68.480	30.156	0.139
68.500	30.725	0.131
68.520	30.849	0.118
68.540	30.516	0.107
68.560	29.705	0.093
68.580	28.496	0.076
68.600	26.826	0.063
68.620	24.817	0.045
68.640	22.379	0.026
68.660	19.629	0.009
68.680	16.610	-0.012
68.700	13.291	-0.025
68.720	9.832	-0.047
68.740	6.206	-0.059
68.760	2.500	-0.083
68.780	-1.249	-0.090
68.800	-4.998	-0.111
68.820	-8.666	-0.111
68.840	-12.206	-0.129
68.860	-15.541	-0.128
68.880	-18.678	-0.148
68.900	-21.525	-0.145
68.920	-24.044	-0.149
68.940	-26.214	-0.148
68.960	-28.018	-0.145
68.980	-29.356	-0.140
69.000	-30.285	-0.136
69.020	-30.715	-0.128
69.040	-30.763	-0.115
69.060	-30.355	-0.103
69.080	-29.485	-0.090
69.100	-28.163	-0.080
69.120	-26.407	-0.053
69.140	-24.291	-0.045
69.160	-21.804	-0.026
69.180	-18.973	-0.007
69.200	-15.864	0.010
69.220	-12.539	0.033
69.240	-9.010	0.045
69.260	-5.336	0.065
69.280	-1.603	0.076
69.300	2.151	0.092
69.320	5.884	0.101
69.340	9.515	0.116
69.360	13.038	0.125
69.380	16.336	0.136
69.400	19.387	0.137
69.420	22.207	0.143
69.440	24.624	0.140
69.460	26.702	0.142
69.480	28.373	0.139
69.500	29.651	0.137
69.520	30.468	0.124
69.540	30.838	0.117
69.560	30.747	0.105
69.580	30.215	0.095
69.600	29.238	0.073
69.620	27.830	0.062
69.640	26.026	0.045
69.660	23.818	0.029
69.680	21.240	0.005
69.700	18.361	-0.008
69.720	15.224	-0.030
69.740	11.824	-0.043
69.760	8.296	-0.063
69.780	4.633	-0.078
69.800	0.873	-0.097
69.820	-2.855	-0.105
69.840	-6.572	-0.121
69.860	-10.197	-0.126
69.880	-13.661	-0.143
69.900	-16.916	-0.145
69.920	-19.929	-0.157
69.940	-22.642	-0.156
69.960	-25.010	-0.158
69.980	-27.035	-0.156
70.000	-28.641	-0.152
70.020	-29.807	-0.144
70.040	-30.527	-0.137
70.060	-30.806	-0.132
70.080	-30.629	-0.123
70.100	-30.027	-0.107
70.120	-28.980	-0.090
70.140	-27.465	-0.081
70.160	-25.537	-0.061
70.180	-23.243	-0.042
70.200	-20.622	-0.024
70.220	-17.657	-0.008
70.240	-14.472	0.011
70.260	-11.046	0.029
70.280	-7.442	0.045
70.300	-3.746	0.066
70.320	0.019	0.078
70.340	3.757	0.092
70.360	7.463	0.106
70.380	11.040	0.119
70.400	14.472	0.125
70.420	17.674	0.136
70.440	20.622	0.140
70.460	23.292	0.142
70.480	25.553	0.141
70.500	27.481	0.138
70.520	28.974	0.137
70.540	30.032	0.132
