0.000	30.790	0.051
0.020	30.376	0.058
0.040	29.495	0.038
0.060	28.153	0.047
0.080	26.364	0.034
0.100	24.189	0.034
0.120	21.594	0.020
0.140	18.683	0.016
0.160	15.477	0.007
0.180	12.023	0.002
0.200	8.403	-0.002
0.220	4.643	-0.014
0.240	0.803	-0.019
0.260	-3.037	-0.033
0.280	-6.835	-0.035
0.300	-10.557	-0.047
0.320	-14.064	-0.048
0.340	-17.400	-0.055
0.360	-20.456	-0.057
0.380	-23.147	-0.061
0.400	-25.515	-0.063
0.420	-27.492	-0.069
0.440	-29.055	-0.067
0.460	-30.124	-0.066
0.480	-30.704	-0.068
0.500	-30.817	-0.063
0.520	-30.532	-0.062
0.540	-29.710	-0.051
0.560	-28.443	-0.049
0.580	-26.713	-0.045
0.600	-24.570	-0.036
0.620	-22.056	-0.027
0.640	-19.156	-0.020
0.660	-15.987	-0.011
0.680	-12.593	-0.003
0.700	-8.967	0.007
0.720	-5.197	0.010
0.740	-1.356	0.020
0.760	2.490	0.024
0.780	6.319	0.035
0.800	10.009	0.043
0.820	13.608	0.044
0.840	16.948	0.051
0.860	20.021	0.056
0.880	22.808	0.063
0.900	25.209	0.064
0.920	27.213	0.064
0.940	28.802	0.066
0.960	29.952	0.066
0.980	30.629	0.064
1.000	30.817	0.063
1.020	30.564	0.061
1.040	29.796	0.057
1.060	28.593	0.047
1.080	26.933	0.048
1.100	24.876	0.041
1.120	22.395	0.035
1.140	19.586	0.026
1.160	16.460	0.019
1.180	13.071	0.014
1.200	9.499	0.004
1.220	5.766	-0.007
1.240	1.958	-0.014
1.260	-1.888	-0.024
1.280	-5.718	-0.025
1.300	-9.450	-0.033
1.320	-13.044	-0.040
1.340	-16.411	-0.044
1.360	-19.564	-0.050
1.380	-22.373	-0.055
1.400	-24.833	-0.061
1.420	-26.944	-0.060
1.440	-28.620	-0.065
1.460	-29.791	-0.062
1.480	-30.559	-0.063
1.500	-30.838	-0.057
1.520	-30.650	-0.060
1.540	-29.990	-0.049
1.560	-28.856	-0.048
1.580	-27.245	-0.041
1.600	-25.198	-0.040
1.620	-22.814	-0.025
1.640	-20.026	-0.020
1.660	-16.932	-0.017
1.680	-13.597	-0.009
1.700	-10.041	-0.002
1.720	-6.308	0.014
1.740	-2.484	0.013
1.760	1.367	0.028
1.780	5.207	0.031
1.800	8.940	0.041
1.820	12.571	0.042
1.840	15.971	0.054
1.860	19.140	0.051
1.880	22.046	0.064
1.900	24.538	0.056
1.920	26.676	0.067
1.940	28.378	0.061
1.960	29.662	0.068
1.980	30.478	0.061
2.000	30.811	0.060
2.020	30.693	0.055
2.040	30.081	0.048
2.060	29.007	0.048
2.080	27.470	0.041
2.100	25.537	0.042
2.120	23.179	0.029
2.140	20.445	0.027
2.160	17.421	0.012
2.180	14.113	0.012
2.200	10.578	-0.006
2.220	6.905	-0.009
2.240	3.107	-0.023
2.260	-0.733	-0.025
2.280	-4.579	-0.033
2.300	-8.349	-0.040
2.320	-11.964	-0.042
2.340	-15.412	-0.059
2.360	-18.646	-0.052
2.380	-21.552	-0.063
2.400	-24.130	-0.062
2.420	-26.348	-0.073
2.440	-28.131	-0.065
2.460	-29.495	-0.070
2.480	-30.365	-0.063
2.500	-30.774	-0.069
2.520	-30.736	-0.064
2.540	-30.204	-0.067
2.560	-29.200	-0.057
2.580	-27.728	-0.052
2.600	-25.838	-0.053
2.620	-23.544	-0.036
2.640	-20.869	-0.036
2.660	-17.867	-0.024
2.680	-14.591	-0.023
2.700	-11.105	-0.007
2.720	-7.415	-0.006
2.740	-3.617	0.007
2.760	0.234	0.012
2.780	4.074	0.022
2.800	7.850	0.025
2.820	11.513	0.035
2.840	14.993	0.037
2.860	18.232	0.041
2.880	21.213	0.047
2.900	23.840	0.047
2.920	26.079	0.055
2.940	27.922	0.049
2.960	29.340	0.056
2.980	30.290	0.050
3.000	30.763	0.055
3.020	30.768	0.043
3.040	30.306	0.046
3.060	29.356	0.038
3.080	27.970	0.035
3.100	26.149	0.031
3.120	23.920	0.025
3.140	21.294	0.017
3.160	18.345	0.011
3.180	15.128	0.001
3.200	11.636	-0.008
3.220	8.000	-0.015
3.240	4.224	-0.027
3.260	0.406	-0.026
3.280	-3.435	-0.040
3.300	-7.243	-0.042
3.320	-10.922	-0.052
3.340	-14.429	-0.055
3.360	-17.717	-0.065
3.380	-20.724	-0.068
3.400	-23.388	-0.069
3.420	-25.709	-0.074
3.440	-27.648	-0.074
3.460	-29.141	-0.074
3.480	-30.161	-0.076
3.500	-30.688	-0.073
3.520	-30.784	-0.073
3.540	-30.419	-0.069
3.560	-29.571	-0.061
3.580	-28.222	-0.057
3.600	-26.450	-0.053
3.620	-24.264	-0.044
3.640	-21.697	-0.038
3.660	-18.791	-0.027
3.680	-15.590	-0.023
3.700	-12.163	-0.012
3.720	-8.532	-0.005
3.740	-4.740	0.005
3.760	-0.905	0.008
3.780	2.946	0.018
3.800	6.743	0.026
3.820	10.439	0.032
3.840	13.989	0.043
3.860	17.308	0.046
3.880	20.354	0.046
3.900	23.109	0.055
3.920	25.456	0.055
3.940	27.422	0.058
3.960	28.953	0.057
3.980	30.065	0.057
4.000	30.672	0.055
4.020	30.811	0.055
4.040	30.510	0.051
4.060	29.689	0.049
4.080	28.437	0.039
4.100	26.724	0.039
4.120	24.618	0.030
4.140	22.110	0.025
4.160	19.242	0.008
4.180	16.094	0.007
4.200	12.684	-0.000
4.220	9.074	-0.004
4.240	5.352	-0.016
4.260	1.539	-0.019
4.280	-2.318	-0.031
4.300	-6.131	-0.036
4.320	-9.864	-0.045
4.340	-13.420	-0.048
4.360	-16.787	-0.056
4.380	-19.897	-0.058
4.400	-22.685	-0.063
4.420	-25.102	-0.065
4.440	-27.170	-0.066
4.460	-28.781	-0.068
4.480	-29.925	-0.067
4.500	-30.623	-0.070
4.520	-30.822	-0.062
4.540	-30.607	-0.062
4.560	-29.893	-0.053
4.580	-28.711	-0.048
4.600	-27.062	-0.048
4.620	-24.989	-0.040
4.640	-22.540	-0.032
4.660	-19.720	-0.019
4.680	-16.589	-0.015
4.700	-13.253	-0.002
4.720	-9.665	0.002
4.740	-5.916	0.011
4.760	-2.076	0.014
4.780	1.781	0.030
4.800	5.615	0.026
4.820	9.327	0.043
4.840	12.952	0.039
4.860	16.342	0.052
4.880	19.462	0.050
4.900	22.330	0.063
4.920	24.796	0.060
4.940	26.874	0.066
4.960	28.555	0.062
4.980	29.780	0.068
5.000	30.543	0.065
5.020	30.822	0.062
5.040	30.650	0.061
5.060	29.963	0.055
5.080	28.851	0.051
5.100	27.272	0.049
5.120	25.301	0.044
5.140	22.867	0.029
5.160	20.107	0.026
5.180	17.040	0.021
5.200	13.715	0.015
5.220	10.149	0.010
5.240	6.459	-0.004
5.260	2.661	-0.010
5.280	-1.184	-0.022
5.300	-5.009	-0.023
5.320	-8.784	-0.035
5.340	-12.399	-0.032
5.360	-15.810	-0.047
5.380	-19.006	-0.045
5.400	-21.885	-0.056
5.420	-24.425	-0.050
5.440	-26.590	-0.065
5.460	-28.351	-0.058
5.480	-29.630	-0.064
5.500	-30.468	-0.059
5.520	-30.817	-0.057
5.540	-30.720	-0.058
5.560	-30.151	-0.051
5.580	-29.082	-0.047
5.600	-27.567	-0.040
5.620	-25.617	-0.038
5.640	-23.286	-0.023
5.660	-20.569	-0.023
5.680	-17.534	-0.016
5.700	-14.231	-0.007
5.720	-10.707	0.001
5.740	-6.996	0.014
5.760	-3.188	0.018
5.780	0.663	0.026
5.800	4.504	0.027
5.820	8.253	0.039
5.840	11.916	0.041
5.860	15.364	0.050
5.880	18.565	0.051
5.900	21.519	0.064
5.920	24.108	0.056
5.940	26.310	0.068
5.960	28.094	0.059
5.980	29.458	0.068
6.000	30.371	0.060
6.020	30.790	0.067
6.040	30.747	0.054
6.060	30.215	0.058
6.080	29.232	0.046
6.100	27.793	0.045
6.120	25.929	0.043
6.140	23.635	0.034
6.160	20.977	0.027
6.180	17.996	0.018
6.200	14.730	0.010
6.220	11.260	0.005
6.240	7.581	-0.007
6.260	3.805	-0.015
6.280	-0.024	-0.024
6.300	-3.886	-0.031
6.320	-7.662	-0.034
6.340	-11.346	-0.039
6.360	-14.800	-0.050
6.380	-18.055	-0.052
6.400	-21.041	-0.059
6.420	-23.678	-0.057
6.440	-25.967	-0.066
6.460	-27.846	-0.067
6.480	-29.270	-0.069
6.500	-30.253	-0.068
6.520	-30.725	-0.064
6.540	-30.779	-0.063
6.560	-30.344	-0.061
6.580	-29.420	-0.057
6.600	-28.029	-0.045
6.620	-26.219	-0.048
6.640	-24.006	-0.036
6.660	-21.396	-0.031
6.680	-18.436	-0.022
6.700	-15.224	-0.019
6.720	-11.765	-0.007
6.740	-8.108	-0.003
6.760	-4.321	0.008
6.780	-0.475	0.012
6.800	3.365	0.025
6.820	7.168	0.026
6.840	10.847	0.038
6.860	14.376	0.038
6.880	17.668	0.040
6.900	20.681	0.047
6.920	23.388	0.049
6.940	25.693	0.057
6.960	27.605	0.050
6.980	29.114	0.056
7.000	30.140	0.051
7.020	30.715	0.053
7.040	30.801	0.048
7.060	30.430	0.043
7.080	29.571	0.040
7.100	28.265	0.038
7.120	26.514	0.034
7.140	24.377	0.024
7.160	21.799	0.017
7.180	18.909	0.012
7.200	15.729	0.006
7.220	12.292	-0.007
7.240	8.688	-0.008
7.260	4.944	-0.025
7.280	1.120	-0.029
7.300	-2.731	-0.037
7.320	-6.545	-0.040
7.340	-10.261	-0.051
7.360	-13.785	-0.054
7.380	-17.120	-0.060
7.400	-20.203	-0.063
7.420	-22.932	-0.069
7.440	-25.317	-0.075
7.460	-27.315	-0.073
7.480	-28.899	-0.077
7.500	-30.011	-0.073
7.520	-30.623	-0.073
7.540	-30.806	-0.067
7.560	-30.505	-0.069
7.580	-29.753	-0.062
7.600	-28.496	-0.059
7.620	-26.799	-0.053
7.640	-24.699	-0.044
7.660	-22.207	-0.041
7.680	-19.349	-0.028
7.700	-16.197	-0.024
7.720	-12.818	-0.011
7.740	-9.203	-0.007
7.760	-5.444	0.002
7.780	-1.614	0.007
7.800	2.253	0.017
7.820	6.056	0.021
7.840	9.767	0.034
7.860	13.350	0.035
7.880	16.701	0.041
7.900	19.822	0.045
7.920	22.631	0.051
7.940	25.043	0.050
7.960	27.089	0.054
7.980	28.706	0.055
8.000	29.882	0.055
8.020	30.596	0.056
8.040	30.827	0.054
8.060	30.591	0.049
8.080	29.877	0.047
8.100	28.700	0.037
8.120	27.068	0.039
8.140	25.037	0.029
8.160	22.599	0.022
8.180	19.784	0.015
8.200	16.707	0.009
8.220	13.323	-0.001
8.240	9.762	-0.002
8.260	6.051	-0.015
8.280	2.232	-0.020
8.300	-1.609	-0.032
8.320	-5.433	-0.036
8.340	-9.203	-0.044
8.360	-12.786	-0.044
8.380	-16.186	-0.057
8.400	-19.323	-0.060
8.420	-22.185	-0.061
8.440	-24.672	-0.065
8.460	-26.815	-0.067
8.480	-28.523	-0.069
8.500	-29.753	-0.071
8.520	-30.532	-0.069
8.540	-30.817	-0.068
8.560	-30.677	-0.063
8.580	-30.059	-0.059
8.600	-28.958	-0.053
8.620	-27.401	-0.044
8.640	-25.386	-0.043
8.660	-23.018	-0.033
8.680	-20.257	-0.023
8.700	-17.196	-0.020
8.720	-13.871	-0.007
8.740	-10.315	-0.004
8.760	-6.598	0.010
8.780	-2.785	0.013
8.800	1.072	0.023
8.820	4.912	0.025
8.840	8.656	0.036
8.860	12.297	0.040
8.880	15.729	0.048
8.900	18.925	0.051
8.920	21.831	0.058
8.940	24.371	0.055
8.960	26.520	0.065
8.980	28.265	0.061
9.000	29.581	0.063
9.020	30.430	0.061
9.040	30.806	0.064
9.060	30.715	0.057
9.080	30.140	0.054
9.100	29.082	0.049
9.120	27.599	0.047
9.140	25.693	0.043
9.160	23.351	0.030
9.180	20.655	0.026
9.200	17.636	0.022
9.220	14.333	0.013
9.240	10.831	0.007
9.260	7.152	-0.004
9.280	3.354	-0.011
9.300	-0.470	-0.016
9.320	-4.326	-0.023
9.340	-8.102	-0.036
9.360	-11.760	-0.036
9.380	-15.214	-0.049
9.400	-18.447	-0.046
9.420	-21.396	-0.059
9.440	-23.969	-0.052
9.460	-26.224	-0.061
9.480	-28.045	-0.062
9.500	-29.447	-0.063
9.520	-30.382	-0.063
9.540	-30.768	-0.057
9.560	-30.763	-0.057
9.580	-30.290	-0.051
9.600	-29.323	-0.051
9.620	-27.863	-0.040
9.640	-26.026	-0.043
9.660	-23.764	-0.023
9.680	-21.111	-0.027
9.700	-18.103	-0.011
9.720	-14.854	-0.011
9.740	-11.379	0.002
9.760	-7.716	0.008
9.780	-3.902	0.019
9.800	-0.051	0.024
9.820	3.800	0.031
9.840	7.581	0.038
9.860	11.250	0.041
9.880	14.757	0.046
9.900	18.023	0.054
9.920	21.009	0.060
9.940	23.668	0.060
9.960	25.940	0.072
9.980	27.809	0.060
10.000	29.254	0.071
10.020	30.247	0.061
10.040	30.747	0.064
10.060	30.784	0.058
10.080	30.371	0.056
10.100	29.447	0.051
10.120	28.094	0.041
10.140	26.300	0.046
10.160	24.103	0.035
10.180	21.492	0.027
10.200	18.576	0.020
10.220	15.359	0.014
10.240	11.900	0.004
10.260	8.280	-0.000
10.280	4.504	-0.018
10.300	0.696	-0.014
10.320	-3.156	-0.034
10.340	-6.974	-0.030
10.360	-10.664	-0.040
10.380	-14.182	-0.045
10.400	-17.491	-0.049
10.420	-20.515	-0.059
10.440	-23.233	-0.054
10.460	-25.569	-0.069
10.480	-27.519	-0.059
10.500	-29.050	-0.072
10.520	-30.113	-0.060
10.540	-30.666	-0.070
10.560	-30.801	-0.058
10.580	-30.446	-0.058
10.600	-29.635	-0.054
10.620	-28.330	-0.049
10.640	-26.573	-0.046
10.660	-24.441	-0.036
10.680	-21.911	-0.029
10.700	-19.022	-0.022
10.720	-15.815	-0.020
10.740	-12.415	-0.006
10.760	-8.790	-0.004
10.780	-5.019	0.012
10.800	-1.179	0.014
10.820	2.667	0.023
10.840	6.480	0.033
10.860	10.192	0.035
10.880	13.747	0.043
10.900	17.077	0.042
10.920	20.144	0.047
10.940	22.927	0.052
10.960	25.306	0.057
10.980	27.304	0.057
11.000	28.872	0.057
11.020	30.000	0.056
11.040	30.645	0.052
11.060	30.817	0.051
11.080	30.553	0.044
11.100	29.775	0.045
11.120	28.545	0.036
11.140	26.869	0.038
11.160	24.801	0.023
11.180	22.298	0.026
11.200	19.468	0.009
11.220	16.347	0.006
11.240	12.952	-0.007
11.260	9.365	-0.011
11.280	5.648	-0.023
11.300	1.829	-0.029
11.320	-2.017	-0.036
11.340	-5.836	-0.043
11.360	-9.574	-0.047
11.380	-13.151	-0.057
11.400	-16.524	-0.057
11.420	-19.650	-0.065
11.440	-22.454	-0.063
11.460	-24.908	-0.077
11.480	-26.987	-0.066
11.500	-28.631	-0.080
11.520	-29.834	-0.070
11.540	-30.537	-0.079
11.560	-30.806	-0.068
11.580	-30.602	-0.072
11.600	-29.904	-0.062
11.620	-28.765	-0.059
11.640	-27.121	-0.054
11.660	-25.096	-0.047
11.680	-22.696	-0.044
11.700	-19.886	-0.029
11.720	-16.782	-0.029
11.740	-13.457	-0.012
11.760	-9.869	-0.016
11.780	-6.142	0.008
11.800	-2.323	-0.005
11.820	1.539	0.020
11.840	5.358	0.014
11.860	9.080	0.034
11.880	12.711	0.032
11.900	16.116	0.043
11.920	19.258	0.040
11.940	22.148	0.048
11.960	24.635	0.051
11.980	26.761	0.052
12.000	28.443	0.054
12.020	29.721	0.052
12.040	30.505	0.053
12.060	30.817	0.047
12.080	30.677	0.051
12.100	30.043	0.042
12.120	28.953	0.043
12.140	27.406	0.031
12.160	25.462	0.036
12.180	23.066	0.018
12.200	20.348	0.019
12.220	17.287	0.005
12.240	13.973	-0.000
12.260	10.439	-0.007
12.280	6.760	-0.016
12.300	2.951	-0.021
12.320	-0.889	-0.034
12.340	-4.719	-0.031
12.360	-8.478	-0.047
12.380	-12.115	-0.041
12.400	-15.557	-0.065
12.420	-18.764	-0.054
12.440	-21.659	-0.069
12.460	-24.226	-0.061
12.480	-26.412	-0.075
12.500	-28.212	-0.066
12.520	-29.554	-0.073
12.540	-30.408	-0.069
12.560	-30.768	-0.065
12.580	-30.720	-0.065
12.600	-30.199	-0.057
12.620	-29.200	-0.061
12.640	-27.696	-0.047
12.660	-25.779	-0.053
12.680	-23.458	-0.033
12.700	-20.783	-0.034
12.720	-17.770	-0.015
12.740	-14.489	-0.018
12.760	-10.981	0.001
12.780	-7.281	0.001
12.800	-3.489	0.014
12.820	0.384	0.015
12.840	4.219	0.024
12.860	7.990	0.031
12.880	11.647	0.039
12.900	15.128	0.047
12.920	18.356	0.047
12.940	21.321	0.056
12.960	23.942	0.051
12.980	26.160	0.063
13.000	27.986	0.056
13.020	29.388	0.065
13.040	30.317	0.055
13.060	30.774	0.061
13.080	30.763	0.049
13.100	30.269	0.054
13.120	29.329	0.048
13.140	27.911	0.046
13.160	26.074	0.039
13.180	23.823	0.029
13.200	21.170	0.029
13.220	18.227	0.016
13.240	14.967	0.013
13.260	11.497	-0.000
13.280	7.839	-0.001
13.300	4.052	-0.015
13.320	0.244	-0.011
13.340	-3.612	-0.027
13.360	-7.415	-0.031
13.380	-11.099	-0.042
13.400	-14.574	-0.043
13.420	-17.856	-0.048
13.440	-20.880	-0.051
13.460	-23.539	-0.057
13.480	-25.843	-0.061
13.500	-27.750	-0.061
13.520	-29.216	-0.064
13.540	-30.237	-0.061
13.560	-30.725	-0.062
13.580	-30.811	-0.055
13.600	-30.408	-0.055
13.620	-29.533	-0.050
13.640	-28.190	-0.040
13.660	-26.396	-0.044
13.680	-24.216	-0.027
13.700	-21.627	-0.022
13.720	-18.683	-0.015
13.740	-15.493	-0.011
13.760	-12.039	0.004
13.780	-8.382	0.009
13.800	-4.627	0.018
13.820	-0.765	0.022
13.840	3.086	0.033
13.860	6.888	0.035
13.880	10.578	0.044
13.900	14.134	0.046
13.920	17.416	0.055
13.940	20.472	0.060
13.960	23.211	0.066
13.980	25.553	0.066
14.000	27.492	0.068
14.020	29.017	0.064
14.040	30.086	0.070
14.060	30.688	0.063
14.080	30.817	0.068
14.100	30.484	0.055
14.120	29.646	0.056
14.140	28.378	0.043
14.160	26.665	0.050
14.180	24.538	0.037
14.200	21.997	0.034
14.220	19.118	0.022
14.240	15.971	0.019
14.260	12.550	0.005
14.280	8.951	0.006
14.300	5.218	-0.015
14.320	1.388	-0.015
14.340	-2.468	-0.028
14.360	-6.276	-0.028
14.380	-9.998	-0.036
14.400	-13.532	-0.046
14.420	-16.895	-0.044
14.440	-19.978	-0.051
14.460	-22.739	-0.053
14.480	-25.161	-0.062
14.500	-27.191	-0.062
14.520	-28.797	-0.068
14.540	-29.947	-0.063
14.560	-30.596	-0.064
14.580	-30.833	-0.059
14.600	-30.548	-0.060
14.620	-29.823	-0.051
14.640	-28.604	-0.046
14.660	-26.949	-0.046
14.680	-24.876	-0.032
14.700	-22.389	-0.034
14.720	-19.564	-0.017
14.740	-16.444	-0.020
14.760	-13.076	0.001
14.780	-9.461	-0.006
14.800	-5.712	0.015
14.820	-1.893	0.010
14.840	1.958	0.031
14.860	5.782	0.025
14.880	9.510	0.042
14.900	13.103	0.038
14.920	16.481	0.050
14.940	19.607	0.047
14.960	22.448	0.060
14.980	24.892	0.056
15.000	26.976	0.060
15.020	28.604	0.057
15.040	29.823	0.056
15.060	30.564	0.059
15.080	30.827	0.056
15.100	30.634	0.055
15.120	29.952	0.047
15.140	28.802	0.042
15.160	27.202	0.038
15.180	25.215	0.036
15.200	22.792	0.024
15.220	20.010	0.020
15.240	16.959	0.006
15.260	13.586	0.002
15.280	10.031	-0.006
15.300	6.335	-0.018
15.320	2.527	-0.022
15.340	-1.297	-0.036
15.360	-5.132	-0.034
15.380	-8.897	-0.049
15.400	-12.507	-0.044
15.420	-15.917	-0.063
15.440	-19.086	-0.057
15.460	-21.954	-0.072
15.480	-24.479	-0.061
15.500	-26.638	-0.076
15.520	-28.373	-0.070
15.540	-29.635	-0.076
15.560	-30.441	-0.070
15.580	-30.779	-0.071
15.600	-30.672	-0.069
15.620	-30.081	-0.065
15.640	-29.001	-0.063
15.660	-27.470	-0.051
15.680	-25.494	-0.055
15.700	-23.163	-0.036
15.720	-20.450	-0.037
15.740	-17.384	-0.023
15.760	-14.064	-0.021
15.780	-10.546	-0.009
15.800	-6.840	-0.004
15.820	-3.032	0.008
15.840	0.819	0.010
15.860	4.670	0.019
15.880	8.419	0.026
15.900	12.061	0.036
15.920	15.520	0.039
15.940	18.705	0.039
15.960	21.637	0.047
15.980	24.205	0.042
16.000	26.402	0.060
16.020	28.163	0.043
16.040	29.522	0.059
16.060	30.403	0.047
16.080	30.795	0.055
16.100	30.736	0.041
16.120	30.204	0.051
16.140	29.189	0.035
16.160	27.723	0.039
16.180	25.848	0.028
16.200	23.555	0.026
16.220	20.864	0.013
16.240	17.883	0.009
16.260	14.607	0.002
16.280	11.105	-0.009
16.300	7.447	-0.013
16.320	3.666	-0.029
16.340	-0.169	-0.026
16.360	-4.004	-0.040
16.380	-7.791	-0.044
16.400	-11.438	-0.051
16.420	-14.918	-0.053
16.440	-18.178	-0.061
16.460	-21.154	-0.063
16.480	-23.786	-0.071
16.500	-26.047	-0.073
16.520	-27.900	-0.073
16.540	-29.329	-0.074
16.560	-30.274	-0.069
16.580	-30.747	-0.070
16.600	-30.784	-0.061
16.620	-30.317	-0.066
16.640	-29.393	-0.057
16.660	-27.991	-0.055
16.680	-26.144	-0.044
16.700	-23.904	-0.040
16.720	-21.288	-0.032
16.740	-18.340	-0.028
16.760	-15.090	-0.017
16.780	-11.626	-0.007
16.800	-7.957	0.002
16.820	-4.176	0.005
16.840	-0.325	0.014
16.860	3.521	0.022
16.880	7.313	0.030
16.900	10.992	0.035
16.920	14.505	0.040
16.940	17.781	0.046
16.960	20.800	0.050
16.980	23.485	0.055
17.000	25.789	0.060
17.020	27.685	0.060
17.040	29.168	0.064
17.060	30.188	0.060
17.080	30.736	0.060
17.100	30.795	0.056
17.120	30.414	0.051
17.140	29.522	0.049
17.160	28.206	0.042
17.180	26.439	0.043
17.200	24.264	0.027
17.220	21.686	0.026
17.240	18.785	0.016
17.260	15.600	0.010
17.280	12.141	0.005
17.300	8.527	-0.002
17.320	4.778	-0.011
17.340	0.937	-0.016
17.360	-2.898	-0.023
17.380	-6.722	-0.035
17.400	-10.433	-0.039
17.420	-13.957	-0.047
17.440	-17.281	-0.049
17.460	-20.338	-0.058
17.480	-23.072	-0.054
17.500	-25.429	-0.065
17.520	-27.438	-0.062
17.540	-29.001	-0.066
17.560	-30.086	-0.064
17.580	-30.693	-0.063
17.600	-30.811	-0.061
17.620	-30.527	-0.059
17.640	-29.759	-0.050
17.660	-28.469	-0.044
17.680	-26.767	-0.042
17.700	-24.635	-0.035
17.720	-22.137	-0.028
17.740	-19.253	-0.011
17.760	-16.100	-0.015
17.780	-12.705	0.003
17.800	-9.069	0.005
17.820	-5.325	0.018
17.840	-1.480	0.017
17.860	2.371	0.029
17.880	6.196	0.035
17.900	9.902	0.045
17.920	13.484	0.043
17.940	16.841	0.054
17.960	19.924	0.056
17.980	22.733	0.064
18.000	25.139	0.064
18.020	27.175	0.067
18.040	28.770	0.067
18.060	29.936	0.068
18.080	30.618	0.071
18.100	30.827	0.063
18.120	30.586	0.060
18.140	29.839	0.056
18.160	28.647	0.047
18.180	27.003	0.047
18.200	24.968	0.039
18.220	22.481	0.035
18.240	19.693	0.027
18.260	16.578	0.021
18.280	13.194	0.011
18.300	9.617	0.006
18.320	5.906	-0.009
18.340	2.092	-0.014
18.360	-1.759	-0.023
18.380	-5.573	-0.025
18.400	-9.327	-0.035
18.420	-12.926	-0.036
18.440	-16.288	-0.047
18.460	-19.441	-0.044
18.480	-22.271	-0.057
18.500	-24.747	-0.053
18.520	-26.880	-0.065
18.540	-28.555	-0.062
18.560	-29.775	-0.065
18.580	-30.527	-0.063
18.600	-30.827	-0.060
18.620	-30.645	-0.053
18.640	-30.006	-0.052
18.660	-28.883	-0.044
18.680	-27.282	-0.042
18.700	-25.279	-0.038
18.720	-22.889	-0.023
18.740	-20.117	-0.023
18.760	-17.029	-0.019
18.780	-13.710	-0.009
18.800	-10.133	0.002
18.820	-6.432	0.010
18.840	-2.608	0.018
18.860	1.254	0.028
18.880	5.094	0.031
18.900	8.822	0.039
18.920	12.448	0.040
18.940	15.880	0.051
18.960	19.054	0.049
18.980	21.954	0.060
19.000	24.473	0.054
19.020	26.616	0.068
19.040	28.346	0.057
19.060	29.635	0.068
19.080	30.468	0.056
19.100	30.811	0.063
19.120	30.704	0.048
19.140	30.097	0.055
19.160	29.050	0.044
19.180	27.540	0.040
19.200	25.612	0.038
19.220	23.254	0.028
19.240	20.547	0.024
19.260	17.534	0.013
19.280	14.220	0.010
19.300	10.713	-0.005
19.320	7.033	-0.007
19.340	3.236	-0.024
19.360	-0.588	-0.025
19.380	-4.439	-0.038
19.400	-8.210	-0.036
19.420	-11.841	-0.051
19.440	-15.300	-0.052
19.460	-18.522	-0.057
19.480	-21.444	-0.064
19.500	-24.044	-0.063
19.520	-26.262	-0.073
19.540	-28.088	-0.068
19.560	-29.442	-0.073
19.580	-30.339	-0.065
19.600	-30.747	-0.073
19.620	-30.725	-0.063
19.640	-30.226	-0.069
19.660	-29.238	-0.055
19.680	-27.777	-0.057
19.700	-25.891	-0.049
19.720	-23.614	-0.043
19.740	-20.955	-0.035
19.760	-17.953	-0.023
19.780	-14.703	-0.021
19.800	-11.207	-0.007
19.820	-7.528	-0.003
19.840	-3.736	0.011
19.860	0.132	0.009
19.880	3.961	0.022
19.900	7.742	0.021
19.920	11.406	0.035
19.940	14.891	0.036
19.960	18.152	0.044
19.980	21.127	0.043
20.000	23.764	0.051
20.020	26.026	0.052
20.040	27.879	0.054
20.060	29.307	0.052
20.080	30.263	0.050
20.100	30.758	0.051
20.120	30.790	0.044
20.140	30.333	0.046
20.160	29.415	0.036
20.180	28.029	0.039
20.200	26.219	0.030
20.220	24.001	0.026
20.240	21.385	0.014
20.260	18.458	0.011
20.280	15.230	-0.001
20.300	11.776	-0.003
20.320	8.129	-0.016
20.340	4.369	-0.023
20.360	0.545	-0.031
20.380	-3.317	-0.038
20.400	-7.098	-0.044
20.420	-10.804	-0.055
20.440	-14.306	-0.052
20.460	-17.598	-0.061
20.480	-20.622	-0.063
20.500	-23.313	-0.073
20.520	-25.639	-0.070
20.540	-27.594	-0.074
20.560	-29.098	-0.071
20.580	-30.124	-0.076
20.600	-30.672	-0.072
20.620	-30.790	-0.070
20.640	-30.414	-0.067
20.660	-29.581	-0.063
20.680	-28.244	-0.052
20.700	-26.504	-0.056
20.720	-24.334	-0.043
20.740	-21.799	-0.037
20.760	-18.877	-0.027
20.780	-15.697	-0.020
20.800	-12.276	-0.011
20.820	-8.645	-0.003
20.840	-4.874	0.006
20.860	-1.034	0.012
20.880	2.823	0.023
20.900	6.631	0.027
20.920	10.321	0.037
20.940	13.876	0.038
20.960	17.206	0.046
20.980	20.262	0.049
21.000	23.034	0.054
21.020	25.392	0.055
21.040	27.374	0.060
21.060	28.915	0.059
21.080	30.022	0.060
21.100	30.661	0.055
21.120	30.827	0.057
21.140	30.521	0.048
21.160	29.732	0.052
21.180	28.491	0.042
21.200	26.788	0.041
21.220	24.704	0.029
21.240	22.196	0.026
21.260	19.339	0.012
21.280	16.207	0.010
21.300	12.797	-0.001
21.320	9.209	-0.001
21.340	5.481	-0.013
21.360	1.662	-0.019
21.380	-2.183	-0.031
21.400	-6.013	-0.036
21.420	-9.740	-0.044
21.440	-13.318	-0.049
21.460	-16.685	-0.052
21.480	-19.806	-0.060
21.500	-22.583	-0.061
21.520	-25.027	-0.062
21.540	-27.100	-0.070
21.560	-28.727	-0.068
21.580	-29.914	-0.067
21.600	-30.607	-0.067
21.620	-30.822	-0.065
21.640	-30.623	-0.060
21.660	-29.925	-0.053
21.680	-28.749	-0.047
21.700	-27.137	-0.048
21.720	-25.064	-0.037
21.740	-22.615	-0.033
21.760	-19.817	-0.019
21.780	-16.712	-0.015
21.800	-13.350	-0.002
21.820	-9.762	0.005
21.840	-6.024	0.013
21.860	-2.199	0.014
21.880	1.668	0.026
21.900	5.497	0.032
21.920	9.214	0.041
21.940	12.834	0.043
21.960	16.240	0.056
21.980	19.382	0.052
22.000	22.255	0.066
22.020	24.726	0.058
22.040	26.831	0.070
22.060	28.502	0.066
22.080	29.742	0.071
22.100	30.527	0.062
22.120	30.827	0.069
22.140	30.656	0.053
22.160	30.016	0.060
22.180	28.905	0.045
22.200	27.331	0.051
22.220	25.376	0.043
22.240	22.980	0.036
22.260	20.209	0.027
22.280	17.163	0.025
22.300	13.817	0.015
22.320	10.278	0.008
22.340	6.598	-0.001
22.360	2.785	-0.014
22.380	-1.050	-0.020
22.400	-4.874	-0.026
22.420	-8.650	-0.032
22.440	-12.276	-0.038
22.460	-15.686	-0.042
22.480	-18.893	-0.050
22.500	-21.793	-0.053
22.520	-24.334	-0.057
22.540	-26.531	-0.061
22.560	-28.287	-0.061
22.580	-29.587	-0.061
22.600	-30.419	-0.057
22.620	-30.795	-0.059
22.640	-30.725	-0.053
22.660	-30.161	-0.057
22.680	-29.114	-0.042
22.700	-27.605	-0.044
22.720	-25.677	-0.038
22.740	-23.356	-0.028
22.760	-20.655	-0.020
22.780	-17.620	-0.019
22.800	-14.344	-0.007
22.820	-10.815	-0.003
22.840	-7.119	0.014
22.860	-3.311	0.018
22.880	0.545	0.026
22.900	4.380	0.034
22.920	8.135	0.038
22.940	11.787	0.046
22.960	15.262	0.045
22.980	18.474	0.055
23.000	21.444	0.056
23.020	24.038	0.063
23.040	26.246	0.065
23.060	28.061	0.067
23.080	29.436	0.066
23.100	30.360	0.065
23.120	30.795	0.060
23.140	30.758	0.057
23.160	30.263	0.056
23.180	29.270	0.047
23.200	27.846	0.044
23.220	25.999	0.039
23.240	23.727	0.036
23.260	21.079	0.022
23.280	18.098	0.020
23.300	14.848	0.010
23.320	11.352	0.005
23.340	7.710	-0.010
23.360	3.945	-0.015
23.380	0.110	-0.028
23.400	-3.746	-0.030
23.420	-7.528	-0.040
23.440	-11.180	-0.040
23.460	-14.682	-0.054
23.480	-17.958	-0.053
23.500	-20.955	-0.059
23.520	-23.587	-0.062
23.540	-25.886	-0.065
23.560	-27.771	-0.070
23.580	-29.232	-0.067
23.600	-30.215	-0.069
23.620	-30.720	-0.063
23.640	-30.790	-0.067
23.660	-30.349	-0.058
23.680	-29.469	-0.061
23.700	-28.088	-0.049
23.720	-26.283	-0.051
23.740	-24.054	-0.036
23.760	-21.482	-0.034
23.780	-18.544	-0.025
23.800	-15.305	-0.023
23.820	-11.889	-0.008
23.840	-8.237	-0.002
23.860	-4.450	0.005
23.880	-0.594	0.011
23.900	3.258	0.018
23.920	7.039	0.026
23.940	10.734	0.032
23.960	14.263	0.039
23.980	17.572	0.041
24.000	20.590	0.045
24.020	23.302	0.047
24.040	25.634	0.055
24.060	27.578	0.054
24.080	29.071	0.055
24.100	30.129	0.052
24.120	30.715	0.048
24.140	30.811	0.052
24.160	30.462	0.041
24.180	29.619	0.044
24.200	28.319	0.036
24.220	26.579	0.039
24.240	24.447	0.024
24.260	21.890	0.019
24.280	19.022	0.009
24.300	15.847	0.002
24.320	12.410	-0.006
24.340	8.817	-0.012
24.360	5.073	-0.021
24.380	1.243	-0.028
24.400	-2.602	-0.036
24.420	-6.405	-0.044
24.440	-10.116	-0.047
24.460	-13.672	-0.060
24.480	-17.002	-0.056
24.500	-20.080	-0.071
24.520	-22.835	-0.066
24.540	-25.231	-0.079
24.560	-27.256	-0.069
24.580	-28.845	-0.077
24.600	-29.957	-0.071
24.620	-30.623	-0.070
24.640	-30.801	-0.071
24.660	-30.532	-0.067
24.680	-29.775	-0.069
24.700	-28.545	-0.054
24.720	-26.847	-0.058
24.740	-24.747	-0.041
24.760	-22.277	-0.044
24.780	-19.451	-0.023
24.800	-16.309	-0.031
24.820	-12.936	-0.010
24.840	-9.311	-0.011
24.860	-5.567	0.006
24.880	-1.738	0.006
24.900	2.097	0.021
24.920	5.943	0.024
24.940	9.655	0.031
24.960	13.237	0.039
24.980	16.605	0.040
25.000	19.715	0.048
25.020	22.540	0.049
25.040	24.984	0.055
25.060	27.035	0.054
25.080	28.663	0.057
25.100	29.866	0.055
25.120	30.586	0.056
25.140	30.833	0.052
25.160	30.618	0.055
25.180	29.909	0.047
25.200	28.738	0.039
25.220	27.137	0.037
25.240	25.123	0.031
25.260	22.674	0.024
25.280	19.886	0.015
25.300	16.809	0.010
25.320	13.436	-0.002
25.340	9.885	-0.002
25.360	6.169	-0.018
25.380	2.361	-0.016
25.400	-1.474	-0.033
25.420	-5.299	-0.032
25.440	-9.058	-0.045
25.460	-12.662	-0.044
25.480	-16.057	-0.054
25.500	-19.242	-0.056
25.520	-22.094	-0.061
25.540	-24.602	-0.065
25.560	-26.745	-0.067
25.580	-28.464	-0.071
25.600	-29.716	-0.065
25.620	-30.516	-0.070
25.640	-30.811	-0.065
25.660	-30.709	-0.066
25.680	-30.086	-0.056
25.700	-29.001	-0.054
25.720	-27.444	-0.048
25.740	-25.462	-0.044
25.760	-23.093	-0.035
25.780	-20.354	-0.026
25.800	-17.287	-0.019
25.820	-13.973	-0.006
25.840	-10.439	-0.002
25.860	-6.733	0.010
25.880	-2.892	0.012
25.900	0.953	0.025
25.920	4.788	0.026
25.940	8.532	0.039
25.960	12.184	0.039
25.980	15.616	0.053
26.000	18.818	0.049
26.020	21.734	0.061
26.040	24.296	0.059
26.060	26.471	0.066
26.080	28.217	0.064
26.100	29.554	0.068
26.120	30.419	0.063
26.140	30.801	0.065
26.160	30.731	0.060
26.180	30.151	0.055
26.200	29.135	0.052
26.220	27.658	0.045
26.240	25.762	0.045
26.260	23.442	0.035
26.280	20.746	0.028
26.300	17.749	0.019
26.320	14.456	0.017
26.340	10.949	0.008
26.360	7.291	-0.002
26.380	3.483	-0.009
26.400	-0.346	-0.020
26.420	-4.187	-0.023
26.440	-7.973	-0.032
26.460	-11.626	-0.035
26.480	-15.079	-0.047
26.500	-18.329	-0.044
26.520	-21.283	-0.060
26.540	-23.904	-0.054
26.560	-26.155	-0.065
26.580	-27.991	-0.058
26.600	-29.393	-0.064
26.620	-30.333	-0.059
26.640	-30.752	-0.063
26.660	-30.763	-0.055
26.680	-30.306	-0.054
26.700	-29.361	-0.048
26.720	-27.943	-0.040
26.740	-26.074	-0.040
26.760	-23.823	-0.026
26.780	-21.192	-0.023
26.800	-18.200	-0.013
26.820	-14.988	-0.013
26.840	-11.486	0.003
26.860	-7.812	0.010
26.880	-4.036	0.019
26.900	-0.180	0.025
26.920	3.660	0.033
26.940	7.452	0.039
26.960	11.121	0.042
26.980	14.639	0.051
27.000	17.910	0.053
27.020	20.907	0.061
27.040	23.598	0.059
27.060	25.865	0.069
27.080	27.760	0.064
27.100	29.211	0.070
27.120	30.210	0.065
27.140	30.741	0.068
27.160	30.790	0.057
27.180	30.382	0.057
27.200	29.485	0.051
27.220	28.142	0.046
27.240	26.364	0.044
27.260	24.173	0.035
27.280	21.589	0.031
27.300	18.673	0.018
27.320	15.471	0.017
27.340	12.012	0.003
27.360	8.387	-0.003
27.380	4.638	-0.017
27.400	0.814	-0.023
27.420	-3.021	-0.034
27.440	-6.845	-0.032
27.460	-10.541	-0.043
27.480	-14.064	-0.044
27.500	-17.362	-0.051
27.520	-20.413	-0.052
27.540	-23.125	-0.061
27.560	-25.499	-0.065
27.580	-27.470	-0.067
27.600	-28.996	-0.069
27.620	-30.075	-0.068
27.640	-30.650	-0.066
27.660	-30.817	-0.063
27.680	-30.473	-0.061
27.700	-29.651	-0.054
27.720	-28.394	-0.048
27.740	-26.654	-0.047
27.760	-24.516	-0.038
27.780	-21.997	-0.030
27.800	-19.113	-0.023
27.820	-15.944	-0.019
27.840	-12.533	-0.009
27.860	-8.903	-0.003
27.880	-5.143	0.010
27.900	-1.308	0.014
27.920	2.549	0.027
27.940	6.351	0.024
27.960	10.057	0.040
27.980	13.618	0.035
28.000	16.975	0.049
28.020	20.053	0.048
28.040	22.851	0.058
28.060	25.231	0.053
28.080	27.250	0.058
28.100	28.824	0.055
28.120	29.957	0.059
28.140	30.650	0.053
28.160	30.822	0.052
28.180	30.559	0.043
28.200	29.802	0.045
28.220	28.593	0.039
28.240	26.928	0.035
28.260	24.865	0.031
28.280	22.379	0.018
28.300	19.570	0.017
28.320	16.460	0.005
28.340	13.065	0.002
28.360	9.483	-0.012
28.380	5.766	-0.018
28.400	1.947	-0.028
28.420	-1.893	-0.037
28.440	-5.712	-0.040
28.460	-9.450	-0.047
28.480	-13.022	-0.052
28.500	-16.417	-0.061
28.520	-19.543	-0.061
28.540	-22.352	-0.070
28.560	-24.823	-0.068
28.580	-26.923	-0.077
28.600	-28.598	-0.075
28.620	-29.791	-0.077
28.640	-30.532	-0.073
28.660	-30.795	-0.076
28.680	-30.591	-0.066
28.700	-29.947	-0.066
28.720	-28.824	-0.060
28.740	-27.202	-0.059
28.760	-25.193	-0.048
28.780	-22.765	-0.042
28.800	-19.978	-0.036
28.820	-16.895	-0.027
28.840	-13.575	-0.019
28.860	-9.993	-0.012
28.880	-6.271	-0.002
28.900	-2.441	0.006
28.920	1.426	0.013
28.940	5.234	0.021
28.960	8.978	0.031
28.980	12.598	0.032
29.000	16.014	0.041
29.020	19.167	0.040
29.040	22.056	0.051
29.060	24.559	0.047
29.080	26.697	0.054
29.100	28.394	0.051
29.120	29.673	0.055
29.140	30.489	0.051
29.160	30.817	0.056
29.180	30.688	0.042
29.200	30.081	0.050
29.220	29.001	0.039
29.240	27.460	0.038
29.260	25.526	0.031
29.280	23.163	0.023
29.300	20.440	0.017
29.320	17.405	0.008
29.340	14.070	0.004
29.360	10.562	-0.004
29.380	6.883	-0.013
29.400	3.070	-0.024
29.420	-0.760	-0.032
29.440	-4.600	-0.036
29.460	-8.365	-0.042
29.480	-12.018	-0.047
29.500	-15.450	-0.057
29.520	-18.646	-0.057
29.540	-21.578	-0.064
29.560	-24.162	-0.069
29.580	-26.375	-0.069
29.600	-28.169	-0.069
29.620	-29.511	-0.074
29.640	-30.387	-0.069
29.660	-30.768	-0.070
29.680	-30.741	-0.064
29.700	-30.220	-0.063
29.720	-29.211	-0.053
29.740	-27.734	-0.050
29.760	-25.843	-0.048
29.780	-23.560	-0.036
29.800	-20.880	-0.028
29.820	-17.867	-0.021
29.840	-14.596	-0.011
29.860	-11.094	-0.003
29.880	-7.409	0.004
29.900	-3.612	0.010
29.920	0.255	0.018
29.940	4.095	0.026
29.960	7.877	0.029
29.980	11.534	0.040
30.000	15.015	0.043
30.020	18.259	0.050
30.040	21.240	0.054
30.060	23.856	0.054
30.080	26.101	0.064
30.100	27.938	0.060
30.120	29.350	0.065
30.140	30.296	0.058
30.160	30.768	0.062
30.180	30.768	0.055
30.200	30.317	0.059
30.220	29.350	0.047
30.240	27.970	0.048
30.260	26.138	0.039
30.280	23.899	0.035
30.300	21.267	0.026
30.320	18.318	0.022
30.340	15.090	0.010
30.360	11.599	0.006
30.380	7.968	-0.003
30.400	4.198	-0.011
30.420	0.363	-0.017
30.440	-3.494	-0.023
30.460	-7.286	-0.032
30.480	-10.965	-0.037
30.500	-14.467	-0.043
30.520	-17.770	-0.049
30.540	-20.778	-0.052
30.560	-23.453	-0.061
30.580	-25.773	-0.061
30.600	-27.685	-0.065
30.620	-29.189	-0.065
30.640	-30.204	-0.065
30.660	-30.736	-0.064
30.680	-30.806	-0.059
30.700	-30.435	-0.056
30.720	-29.581	-0.048
30.740	-28.239	-0.044
30.760	-26.488	-0.039
30.780	-24.302	-0.032
30.800	-21.718	-0.021
30.820	-18.791	-0.016
30.840	-15.579	-0.007
30.860	-12.163	-0.001
30.880	-8.516	0.010
30.900	-4.740	0.018
30.920	-0.889	0.024
30.940	2.978	0.031
30.960	6.760	0.037
30.980	10.471	0.049
31.000	14.005	0.045
31.020	17.324	0.056
31.040	20.391	0.054
31.060	23.125	0.066
31.080	25.472	0.062
31.100	27.449	0.072
31.120	28.969	0.068
31.140	30.075	0.071
31.160	30.688	0.062
31.180	30.811	0.065
31.200	30.505	0.057
31.220	29.694	0.060
31.240	28.432	0.045
31.260	26.719	0.045
31.280	24.618	0.037
31.300	22.083	0.035
31.320	19.220	0.025
31.340	16.084	0.018
31.360	12.662	0.010
31.380	9.074	0.002
31.400	5.342	-0.011
31.420	1.517	-0.019
31.440	-2.328	-0.027
31.460	-6.142	-0.028
31.480	-9.864	-0.037
31.500	-13.463	-0.041
31.520	-16.793	-0.044
31.540	-19.892	-0.051
31.560	-22.679	-0.055
31.580	-25.091	-0.060
31.600	-27.154	-0.063
31.620	-28.765	-0.065
31.640	-29.904	-0.064
31.660	-30.575	-0.061
31.680	-30.822	-0.064
31.700	-30.564	-0.056
31.720	-29.855	-0.053
31.740	-28.674	-0.044
31.760	-27.009	-0.045
31.780	-24.930	-0.036
31.800	-22.491	-0.034
31.820	-19.661	-0.021
31.840	-16.535	-0.019
31.860	-13.194	-0.005
31.880	-9.579	-0.001
31.900	-5.841	0.013
31.920	-2.011	0.014
31.940	1.834	0.027
31.960	5.653	0.031
31.980	9.391	0.038
32.000	12.990	0.039
32.020	16.379	0.047
32.040	19.505	0.048
32.060	22.352	0.057
32.080	24.817	0.059
32.100	26.912	0.062
32.120	28.561	0.059
32.140	29.796	0.066
32.160	30.553	0.058
32.180	30.822	0.058
32.200	30.650	0.054
32.220	29.952	0.052
32.240	28.851	0.043
32.260	27.272	0.041
32.280	25.279	0.034
32.300	22.867	0.029
32.320	20.112	0.017
32.340	17.051	0.014
32.360	13.694	0.002
32.380	10.170	-0.003
32.400	6.464	-0.018
32.420	2.656	-0.027
32.440	-1.190	-0.031
32.460	-5.019	-0.036
32.480	-8.784	-0.045
32.500	-12.399	-0.049
32.520	-15.799	-0.055
32.540	-19.006	-0.058
32.560	-21.868	-0.064
32.580	-24.404	-0.069
32.600	-26.563	-0.071
32.620	-28.319	-0.077
32.640	-29.608	-0.071
32.660	-30.441	-0.072
32.680	-30.779	-0.073
32.700	-30.677	-0.068
32.720	-30.124	-0.063
32.740	-29.055	-0.057
32.760	-27.519	-0.057
32.780	-25.580	-0.051
32.800	-23.243	-0.041
32.820	-20.542	-0.036
32.840	-17.486	-0.023
32.860	-14.193	-0.016
32.880	-10.654	-0.009
32.900	-6.958	-0.003
32.920	-3.145	0.002
32.940	0.712	0.013
32.960	4.536	0.019
32.980	8.290	0.026
33.000	11.943	0.036
33.020	15.402	0.039
33.040	18.603	0.042
33.060	21.546	0.047
33.080	24.135	0.053
33.100	26.326	0.053
33.120	28.126	0.056
33.140	29.479	0.055
33.160	30.371	0.051
33.180	30.790	0.055
33.200	30.747	0.046
33.220	30.210	0.047
33.240	29.227	0.038
33.260	27.793	0.035
33.280	25.913	0.031
33.300	23.625	0.025
33.320	20.961	0.014
33.340	17.985	0.009
33.360	14.714	-0.000
33.380	11.212	-0.007
33.400	7.565	-0.014
33.420	3.789	-0.026
33.440	-0.040	-0.029
33.460	-3.881	-0.035
33.480	-7.673	-0.043
33.500	-11.341	-0.047
33.520	-14.827	-0.053
33.540	-18.087	-0.060
33.560	-21.057	-0.065
33.580	-23.689	-0.069
33.600	-25.967	-0.069
33.620	-27.863	-0.073
33.640	-29.275	-0.071
33.660	-30.253	-0.078
33.680	-30.715	-0.067
33.700	-30.763	-0.069
33.720	-30.339	-0.064
33.740	-29.431	-0.061
33.760	-28.040	-0.051
33.780	-26.214	-0.052
33.800	-23.985	-0.041
33.820	-21.380	-0.029
33.840	-18.431	-0.027
33.860	-15.208	-0.019
33.880	-11.744	-0.007
33.900	-8.081	0.002
33.920	-4.294	0.005
33.940	-0.459	0.015
33.960	3.392	0.020
33.980	7.178	0.028
34.000	10.863	0.036
34.020	14.386	0.042
34.040	17.674	0.044
34.060	20.698	0.051
34.080	23.410	0.059
34.100	25.714	0.059
34.120	27.637	0.064
34.140	29.119	0.060
34.160	30.140	0.064
34.180	30.715	0.055
34.200	30.817	0.056
34.220	30.425	0.048
34.240	29.576	0.050
34.260	28.260	0.039
34.280	26.509	0.043
34.300	24.350	0.028
34.320	21.788	0.028
34.340	18.882	0.013
34.360	15.708	0.010
34.380	12.260	0.002
34.400	8.634	-0.003
34.420	4.896	-0.011
34.440	1.088	-0.023
34.460	-2.780	-0.028
34.480	-6.588	-0.035
34.500	-10.321	-0.039
34.520	-13.844	-0.050
34.540	-17.158	-0.050
34.560	-20.257	-0.057
34.580	-22.986	-0.057
34.600	-25.376	-0.064
34.620	-27.379	-0.062
34.640	-28.931	-0.065
34.660	-30.054	-0.063
34.680	-30.661	-0.061
34.700	-30.822	-0.061
34.720	-30.543	-0.052
34.740	-29.775	-0.057
34.760	-28.550	-0.040
34.780	-26.821	-0.046
34.800	-24.720	-0.032
34.820	-22.223	-0.032
34.840	-19.349	-0.016
34.860	-16.207	-0.014
34.880	-12.813	-0.000
34.900	-9.193	0.009
34.920	-5.438	0.014
34.940	-1.598	0.018
34.960	2.248	0.028
34.980	6.072	0.036
35.000	9.783	0.043
35.020	13.366	0.047
35.040	16.728	0.054
35.060	19.827	0.058
35.080	22.658	0.063
35.100	25.075	0.070
35.120	27.127	0.068
35.140	28.733	0.070
35.160	29.893	0.067
35.180	30.596	0.068
35.200	30.827	0.063
35.220	30.596	0.061
35.240	29.871	0.055
35.260	28.700	0.051
35.280	27.062	0.044
35.300	25.032	0.041
35.320	22.583	0.034
35.340	19.774	0.027
35.360	16.675	0.021
35.380	13.307	0.011
35.400	9.746	0.006
35.420	6.024	-0.005
35.440	2.221	-0.014
35.460	-1.630	-0.022
35.480	-5.454	-0.023
35.500	-9.203	-0.036
35.520	-12.802	-0.036
35.540	-16.191	-0.044
35.560	-19.344	-0.048
35.580	-22.185	-0.053
35.600	-24.672	-0.057
35.620	-26.783	-0.063
35.640	-28.518	-0.057
35.660	-29.732	-0.063
35.680	-30.510	-0.060
35.700	-30.817	-0.055
35.720	-30.645	-0.051
35.740	-30.022	-0.048
35.760	-28.921	-0.046
35.780	-27.342	-0.041
35.800	-25.349	-0.037
35.820	-22.964	-0.027
35.840	-20.203	-0.023
35.860	-17.136	-0.016
35.880	-13.817	-0.011
35.900	-10.272	0.005
35.920	-6.545	0.010
35.940	-2.726	0.020
35.960	1.120	0.026
35.980	4.949	0.035
36.000	8.709	0.038
36.020	12.340	0.042
36.040	15.772	0.047
36.060	18.947	0.053
36.080	21.858	0.060
36.100	24.387	0.056
36.120	26.557	0.064
36.140	28.287	0.058
36.160	29.592	0.067
36.180	30.446	0.058
36.200	30.817	0.062
36.220	30.715	0.052
36.240	30.145	0.058
36.260	29.082	0.040
36.280	27.599	0.043
36.300	25.682	0.038
36.320	23.345	0.033
36.340	20.638	0.022
36.360	17.620	0.015
36.380	14.333	0.006
36.400	10.815	-0.002
36.420	7.162	-0.011
36.440	3.370	-0.019
36.460	-0.470	-0.028
36.480	-4.305	-0.033
36.500	-8.092	-0.038
36.520	-11.733	-0.046
36.540	-15.198	-0.051
36.560	-18.420	-0.059
36.580	-21.364	-0.057
36.600	-23.963	-0.070
36.620	-26.208	-0.067
36.640	-28.034	-0.071
36.660	-29.409	-0.069
36.680	-30.306	-0.069
36.700	-30.731	-0.067
36.720	-30.741	-0.063
36.740	-30.258	-0.061
36.760	-29.270	-0.055
36.780	-27.846	-0.052
36.800	-25.967	-0.048
36.820	-23.711	-0.040
36.840	-21.052	-0.032
36.860	-18.060	-0.025
36.880	-14.816	-0.016
36.900	-11.325	-0.012
36.920	-7.667	-0.002
36.940	-3.870	0.005
36.960	-0.030	0.014
36.980	3.832	0.018
37.000	7.614	0.030
37.020	11.287	0.032
37.040	14.784	0.039
37.060	18.039	0.039
37.080	21.031	0.049
37.100	23.673	0.047
37.120	25.950	0.055
37.140	27.825	0.052
37.160	29.264	0.055
37.180	30.242	0.054
37.200	30.747	0.051
37.220	30.795	0.051
37.240	30.365	0.044
37.260	29.436	0.040
37.280	28.083	0.035
37.300	26.278	0.034
37.320	24.076	0.027
37.340	21.466	0.015
37.360	18.554	0.010
37.380	15.348	-0.001
37.400	11.889	-0.003
37.420	8.247	-0.019
37.440	4.498	-0.021
37.460	0.658	-0.033
37.480	-3.177	-0.033
37.500	-6.980	-0.047
37.520	-10.680	-0.047
37.540	-14.182	-0.055
37.560	-17.491	-0.057
37.580	-20.526	-0.062
37.600	-23.238	-0.069
37.620	-25.574	-0.070
37.640	-27.530	-0.077
37.660	-29.055	-0.068
37.680	-30.092	-0.079
37.700	-30.666	-0.070
37.720	-30.801	-0.071
37.740	-30.425	-0.065
37.760	-29.619	-0.060
37.780	-28.319	-0.053
37.800	-26.573	-0.054
37.820	-24.414	-0.045
37.840	-21.858	-0.037
37.860	-18.990	-0.028
37.880	-15.804	-0.020
37.900	-12.383	-0.016
37.920	-8.752	-0.002
37.940	-4.987	0.002
37.960	-1.152	0.014
37.980	2.699	0.017
38.000	6.507	0.029
38.020	10.202	0.031
38.040	13.763	0.039
38.060	17.104	0.045
38.080	20.171	0.047
38.100	22.948	0.054
38.120	25.317	0.053
38.140	27.325	0.061
38.160	28.878	0.055
38.180	30.006	0.060
38.200	30.656	0.054
38.220	30.822	0.059
38.240	30.537	0.047
38.260	29.753	0.053
38.280	28.534	0.039
38.300	26.858	0.042
38.320	24.774	0.027
38.340	22.277	0.024
38.360	19.451	0.018
38.380	16.331	0.010
38.400	12.909	0.002
38.420	9.338	-0.005
38.440	5.621	-0.011
38.460	1.775	-0.023
38.480	-2.060	-0.026
38.500	-5.889	-0.039
38.520	-9.612	-0.037
38.540	-13.194	-0.049
38.560	-16.562	-0.050
38.580	-19.666	-0.061
38.600	-22.486	-0.056
38.620	-24.941	-0.065
38.640	-27.014	-0.067
38.660	-28.674	-0.067
38.680	-29.861	-0.070
38.700	-30.586	-0.062
38.720	-30.801	-0.068
38.740	-30.618	-0.057
38.760	-29.936	-0.058
38.780	-28.781	-0.044
38.800	-27.137	-0.051
38.820	-25.113	-0.036
38.840	-22.685	-0.030
38.860	-19.892	-0.018
38.880	-16.782	-0.019
38.900	-13.457	-0.003
38.920	-9.859	0.001
38.940	-6.147	0.011
38.960	-2.307	0.018
38.980	1.550	0.027
39.000	5.379	0.037
39.020	9.112	0.039
39.040	12.727	0.049
39.060	16.143	0.050
39.080	19.280	0.058
39.100	22.175	0.060
39.120	24.645	0.068
39.140	26.761	0.068
39.160	28.459	0.068
39.180	29.726	0.068
39.200	30.510	0.064
39.220	30.817	0.064
39.240	30.682	0.057
39.260	30.027	0.060
39.280	28.942	0.047
39.300	27.401	0.052
39.320	25.440	0.036
39.340	23.061	0.040
39.360	20.311	0.025
39.380	17.271	0.029
39.400	13.946	0.010
39.420	10.417	0.011
39.440	6.733	-0.005
39.460	2.925	-0.011
39.480	-0.921	-0.019
39.500	-4.740	-0.022
39.520	-8.532	-0.031
39.540	-12.152	-0.040
39.560	-15.573	-0.040
39.580	-18.775	-0.049
39.600	-21.680	-0.048
39.620	-24.253	-0.058
39.640	-26.450	-0.054
39.660	-28.217	-0.068
39.680	-29.538	-0.053
39.700	-30.392	-0.061
39.720	-30.784	-0.052
39.740	-30.715	-0.052
39.760	-30.167	-0.048
39.780	-29.152	-0.044
39.800	-27.669	-0.040
39.820	-25.741	-0.034
39.840	-23.442	-0.032
39.860	-20.746	-0.018
39.880	-17.722	-0.019
39.900	-14.451	-0.003
39.920	-10.927	0.002
39.940	-7.238	0.014
39.960	-3.429	0.015
39.980	0.427	0.031
40.000	4.262	0.035
40.020	8.022	0.043
40.040	11.690	0.047
40.060	15.155	0.047
40.080	18.388	0.057
40.100	21.337	0.058
40.120	23.969	0.064
40.140	26.187	0.065
40.160	28.013	0.069
40.180	29.399	0.065
40.200	30.323	0.068
40.220	30.779	0.064
40.240	30.763	0.061
40.260	30.274	0.054
40.280	29.313	0.049
40.300	27.911	0.046
40.320	26.063	0.040
40.340	23.813	0.035
40.360	21.170	0.030
40.380	18.200	0.022
40.400	14.961	0.009
40.420	11.491	0.008
40.440	7.844	-0.008
40.460	4.069	-0.011
40.480	0.228	-0.027
40.500	-3.601	-0.028
40.520	-7.409	-0.036
40.540	-11.083	-0.038
40.560	-14.569	-0.050
40.580	-17.856	-0.049
40.600	-20.859	-0.058
40.620	-23.501	-0.060
40.640	-25.800	-0.061
40.660	-27.734	-0.067
40.680	-29.189	-0.065
40.700	-30.199	-0.067
40.720	-30.698	-0.061
40.740	-30.774	-0.062
40.760	-30.371	-0.057
40.780	-29.490	-0.056
40.800	-28.142	-0.044
40.820	-26.359	-0.047
40.840	-24.140	-0.034
40.860	-21.573	-0.030
40.880	-18.640	-0.020
40.900	-15.434	-0.018
40.920	-11.986	-0.010
40.940	-8.328	-0.000
40.960	-4.557	0.009
40.980	-0.722	0.014
41.000	3.118	0.023
41.020	6.926	0.031
41.040	10.616	0.035
41.060	14.145	0.042
41.080	17.464	0.046
41.100	20.493	0.047
41.120	23.238	0.054
41.140	25.558	0.053
41.160	27.519	0.058
41.180	29.033	0.055
41.200	30.092	0.058
41.220	30.688	0.053
41.240	30.817	0.050
41.260	30.468	0.046
41.280	29.651	0.040
41.300	28.373	0.039
41.320	26.649	0.038
41.340	24.527	0.026
41.360	21.987	0.018
41.380	19.113	0.011
41.400	15.966	0.005
41.420	12.528	-0.004
41.440	8.935	-0.011
41.460	5.186	-0.019
41.480	1.378	-0.029
41.500	-2.468	-0.033
41.520	-6.281	-0.044
41.540	-10.025	-0.049
41.560	-13.565	-0.054
41.580	-16.900	-0.060
41.600	-19.989	-0.065
41.620	-22.749	-0.067
41.640	-25.177	-0.072
41.660	-27.191	-0.074
41.680	-28.808	-0.073
41.700	-29.925	-0.074
41.720	-30.580	-0.071
41.740	-30.784	-0.070
41.760	-30.532	-0.063
41.780	-29.785	-0.066
41.800	-28.577	-0.055
41.820	-26.923	-0.057
41.840	-24.844	-0.044
41.860	-22.373	-0.038
41.880	-19.521	-0.031
41.900	-16.406	-0.022
41.920	-13.033	-0.016
41.940	-9.424	-0.006
41.960	-5.691	0.001
41.980	-1.856	0.008
42.000	1.985	0.018
42.020	5.803	0.026
42.040	9.526	0.031
42.060	13.135	0.038
42.080	16.503	0.043
42.100	19.634	0.047
42.120	22.465	0.050
42.140	24.903	0.052
42.160	26.987	0.055
42.180	28.620	0.054
42.200	29.818	0.058
42.220	30.564	0.053
42.240	30.822	0.055
42.260	30.623	0.045
42.280	29.941	0.050
42.300	28.802	0.038
42.320	27.191	0.039
42.340	25.204	0.025
42.360	22.771	0.025
42.380	19.994	0.015
42.400	16.911	0.008
42.420	13.565	0.003
42.440	10.009	-0.007
42.460	6.314	-0.013
42.480	2.495	-0.027
42.500	-1.335	-0.025
42.520	-5.159	-0.045
42.540	-8.940	-0.040
42.560	-12.533	-0.057
42.580	-15.939	-0.049
42.600	-19.124	-0.062
42.620	-21.981	-0.059
42.640	-24.495	-0.065
42.660	-26.649	-0.065
42.680	-28.405	-0.069
42.700	-29.656	-0.069
42.720	-30.478	-0.067
42.740	-30.790	-0.066
42.760	-30.672	-0.061
42.780	-30.081	-0.061
42.800	-29.012	-0.051
42.820	-27.492	-0.052
42.840	-25.510	-0.041
42.860	-23.136	-0.036
42.880	-20.434	-0.024
42.900	-17.384	-0.023
42.920	-14.075	-0.010
42.940	-10.525	-0.003
42.960	-6.824	0.002
42.980	-3.016	0.014
43.000	0.846	0.020
43.020	4.686	0.028
43.040	8.435	0.035
43.060	12.082	0.044
43.080	15.531	0.045
43.100	18.726	0.054
43.120	21.659	0.055
43.140	24.216	0.063
43.160	26.407	0.062
43.180	28.174	0.063
43.200	29.517	0.061
43.220	30.403	0.064
43.240	30.790	0.059
43.260	30.736	0.059
43.280	30.204	0.056
43.300	29.178	0.049
43.320	27.712	0.049
43.340	25.827	0.040
43.360	23.523	0.035
43.380	20.843	0.031
43.400	17.856	0.020
43.420	14.580	0.014
43.440	11.078	0.009
43.460	7.420	-0.000
43.480	3.628	-0.010
43.500	-0.212	-0.019
43.520	-4.047	-0.026
43.540	-7.834	-0.030
43.560	-11.502	-0.037
43.580	-14.961	-0.041
43.600	-18.200	-0.048
43.620	-21.170	-0.049
43.640	-23.802	-0.059
43.660	-26.074	-0.057
43.680	-27.938	-0.061
43.700	-29.334	-0.058
43.720	-30.280	-0.062
43.740	-30.731	-0.055
43.760	-30.763	-0.054
43.780	-30.317	-0.050
43.800	-29.393	-0.049
43.820	-27.970	-0.037
43.840	-26.122	-0.043
43.860	-23.899	-0.028
43.880	-21.272	-0.023
43.900	-18.291	-0.015
43.920	-15.058	-0.009
43.940	-11.588	0.006
43.960	-7.936	0.008
43.980	-4.144	0.022
44.000	-0.298	0.025
44.020	3.553	0.036
44.040	7.329	0.037
44.060	11.019	0.047
44.080	14.526	0.049
44.100	17.808	0.056
44.120	20.816	0.059
44.140	23.496	0.066
44.160	25.795	0.068
44.180	27.712	0.069
44.200	29.173	0.067
44.220	30.194	0.068
44.240	30.731	0.064
44.260	30.795	0.064
44.280	30.408	0.060
44.300	29.517	0.056
44.320	28.190	0.046
44.340	26.428	0.045
44.360	24.259	0.038
44.380	21.675	0.031
44.400	18.775	0.018
44.420	15.595	0.013
44.440	12.131	0.006
44.460	8.516	0.002
44.480	4.772	-0.011
44.500	0.937	-0.017
44.520	-2.903	-0.028
44.540	-6.711	-0.029
44.560	-10.423	-0.040
44.580	-13.941	-0.040
44.600	-17.271	-0.049
44.620	-20.327	-0.052
44.640	-23.039	-0.061
44.660	-25.413	-0.058
44.680	-27.406	-0.069
44.700	-28.958	-0.061
44.720	-30.054	-0.067
44.740	-30.639	-0.061
44.760	-30.806	-0.061
44.780	-30.462	-0.053
44.800	-29.699	-0.052
44.820	-28.421	-0.045
44.840	-26.713	-0.048
44.860	-24.592	-0.036
44.880	-22.067	-0.028
44.900	-19.199	-0.020
44.920	-16.046	-0.015
44.940	-12.646	-0.010
44.960	-9.026	0.004
44.980	-5.261	0.009
45.000	-1.431	0.017
45.020	2.425	0.026
45.040	6.239	0.030
45.060	9.950	0.038
45.080	13.516	0.040
45.100	16.873	0.051
45.120	19.962	0.047
45.140	22.760	0.064
45.160	25.161	0.055
45.180	27.191	0.063
45.200	28.776	0.054
45.220	29.941	0.063
45.240	30.623	0.054
45.260	30.822	0.060
45.280	30.580	0.044
45.300	29.823	0.054
45.320	28.636	0.035
45.340	26.998	0.043
45.360	24.941	0.030
45.380	22.475	0.026
45.400	19.661	0.013
45.420	16.567	0.007
45.440	13.173	0.001
45.460	9.612	-0.011
45.480	5.889	-0.016
45.500	2.076	-0.027
45.520	-1.764	-0.033
45.540	-5.583	-0.041
45.560	-9.327	-0.044
45.580	-12.931	-0.054
45.600	-16.309	-0.054
45.620	-19.430	-0.062
45.640	-22.260	-0.065
45.660	-24.753	-0.067
45.680	-26.858	-0.073
45.700	-28.539	-0.070
45.720	-29.737	-0.078
45.740	-30.510	-0.069
45.760	-30.774	-0.075
45.780	-30.629	-0.063
45.800	-29.979	-0.069
45.820	-28.851	-0.052
45.840	-27.245	-0.061
45.860	-25.241	-0.043
45.880	-22.862	-0.046
45.900	-20.080	-0.029
45.920	-16.991	-0.032
45.940	-13.677	-0.013
45.960	-10.106	-0.013
45.980	-6.394	0.001
46.000	-2.565	0.004
46.020	1.292	0.014
46.040	5.121	0.022
46.060	8.854	0.028
46.080	12.485	0.035
46.100	15.901	0.038
46.120	19.070	0.045
46.140	21.960	0.047
46.160	24.495	0.050
46.180	26.627	0.052
46.200	28.346	0.052
46.220	29.646	0.054
46.240	30.468	0.048
46.260	30.811	0.051
46.280	30.698	0.047
46.300	30.086	0.047
46.320	29.039	0.039
46.340	27.513	0.039
46.360	25.601	0.026
46.380	23.249	0.025
46.400	20.531	0.010
46.420	17.512	0.012
46.440	14.198	-0.003
46.460	10.686	-0.004
46.480	7.001	-0.016
46.500	3.225	-0.021
46.520	-0.615	-0.030
46.540	-4.455	-0.036
46.560	-8.242	-0.044
46.580	-11.878	-0.050
46.600	-15.321	-0.053
46.620	-18.538	-0.058
46.640	-21.466	-0.063
46.660	-24.060	-0.069
46.680	-26.267	-0.069
46.700	-28.083	-0.073
46.720	-29.442	-0.066
46.740	-30.349	-0.071
46.760	-30.758	-0.068
46.780	-30.725	-0.065
46.800	-30.215	-0.065
46.820	-29.232	-0.057
46.840	-27.782	-0.051
46.860	-25.902	-0.049
46.880	-23.598	-0.037
46.900	-20.939	-0.030
46.920	-17.931	-0.019
46.940	-14.682	-0.012
46.960	-11.196	-0.010
46.980	-7.517	0.002
47.000	-3.719	0.007
47.020	0.137	0.018
47.040	3.993	0.021
47.060	7.753	0.031
47.080	11.432	0.039
47.100	14.902	0.045
47.120	18.152	0.048
47.140	21.143	0.054
47.160	23.775	0.057
47.180	26.031	0.060
47.200	27.884	0.060
47.220	29.302	0.061
47.240	30.263	0.059
47.260	30.758	0.059
47.280	30.779	0.054
47.300	30.317	0.050
47.320	29.393	0.047
47.340	28.013	0.043
47.360	26.208	0.039
47.380	23.990	0.031
47.400	21.369	0.022
47.420	18.431	0.018
47.440	15.208	0.008
47.460	11.739	0.004
47.480	8.102	-0.003
47.500	4.337	-0.013
47.520	0.491	-0.018
47.540	-3.354	-0.026
47.560	-7.146	-0.031
47.580	-10.842	-0.041
47.600	-14.344	-0.047
47.620	-17.636	-0.048
47.640	-20.660	-0.054
47.660	-23.351	-0.056
47.680	-25.671	-0.059
47.700	-27.621	-0.061
47.720	-29.103	-0.061
47.740	-30.151	-0.065
47.760	-30.677	-0.061
47.780	-30.806	-0.057
47.800	-30.435	-0.052
47.820	-29.587	-0.051
47.840	-28.265	-0.042
47.860	-26.493	-0.041
47.880	-24.323	-0.031
47.900	-21.782	-0.023
47.920	-18.861	-0.019
47.940	-15.702	-0.009
47.960	-12.270	0.001
47.980	-8.618	0.009
48.000	-4.847	0.018
48.020	-1.012	0.025
48.040	2.844	0.035
48.060	6.647	0.038
48.080	10.342	0.043
48.100	13.903	0.047
48.120	17.222	0.055
48.140	20.279	0.060
48.160	23.039	0.066
48.180	25.403	0.068
48.200	27.390	0.072
48.220	28.931	0.068
48.240	30.022	0.072
48.260	30.666	0.065
48.280	30.822	0.065
48.300	30.521	0.057
48.320	29.721	0.060
48.340	28.486	0.047
48.360	26.783	0.049
48.380	24.694	0.037
48.400	22.175	0.035
48.420	19.333	0.026
48.440	16.191	0.019
48.460	12.770	0.010
48.480	9.203	0.002
48.500	5.460	-0.007
48.520	1.657	-0.015
48.540	-2.210	-0.021
48.560	-5.997	-0.028
48.580	-9.762	-0.034
48.600	-13.328	-0.041
48.620	-16.669	-0.048
48.640	-19.784	-0.051
48.660	-22.561	-0.051
48.680	-25.016	-0.059
48.700	-27.062	-0.060
48.720	-28.711	-0.058
48.740	-29.861	-0.061
48.760	-30.564	-0.059
48.780	-30.822	-0.061
48.800	-30.559	-0.051
48.820	-29.871	-0.052
48.840	-28.690	-0.043
48.860	-27.052	-0.044
48.880	-25.005	-0.032
48.900	-22.556	-0.030
48.920	-19.741	-0.021
48.940	-16.637	-0.016
48.960	-13.269	-0.011
48.980	-9.692	0.002
49.000	-5.959	0.012
49.020	-2.140	0.017
49.040	1.721	0.026
49.060	5.540	0.032
49.080	9.268	0.040
49.100	12.877	0.046
49.120	16.272	0.046
49.140	19.408	0.055
49.160	22.271	0.058
49.180	24.737	0.060
49.200	26.853	0.063
49.220	28.518	0.060
49.240	29.748	0.063
49.260	30.527	0.057
49.280	30.822	0.062
49.300	30.656	0.052
49.320	30.006	0.055
49.340	28.888	0.043
49.360	27.320	0.044
49.380	25.354	0.034
49.400	22.953	0.030
49.420	20.209	0.018
49.440	17.158	0.018
49.460	13.812	0.002
49.480	10.278	-0.001
49.500	6.582	-0.011
49.520	2.796	-0.018
49.540	-1.055	-0.028
49.560	-4.880	-0.038
49.580	-8.650	-0.040
49.600	-12.270	-0.051
49.620	-15.702	-0.052
49.640	-18.887	-0.061
49.660	-21.782	-0.061
49.680	-24.307	-0.069
49.700	-26.488	-0.069
49.720	-28.276	-0.071
49.740	-29.560	-0.071
49.760	-30.414	-0.070
49.780	-30.768	-0.067
49.800	-30.682	-0.063
49.820	-30.140	-0.063
49.840	-29.098	-0.054
49.860	-27.583	-0.056
49.880	-25.639	-0.045
49.900	-23.308	-0.042
49.920	-20.622	-0.029
49.940	-17.588	-0.027
49.960	-14.301	-0.015
49.980	-10.782	-0.011
50.000	-7.082	0.001
50.020	-3.279	0.007
50.040	0.583	0.014
50.060	4.412	0.020
50.080	8.177	0.028
50.100	11.830	0.031
50.120	15.278	0.039
50.140	18.501	0.044
50.160	21.455	0.048
50.180	24.044	0.052
50.200	26.262	0.054
50.220	28.067	0.053
50.240	29.442	0.055
50.260	30.355	0.055
50.280	30.784	0.052
50.300	30.752	0.047
50.320	30.258	0.043
50.340	29.264	0.039
50.360	27.830	0.035
50.380	25.988	0.030
50.400	23.700	0.024
50.420	21.057	0.017
50.440	18.087	0.008
50.460	14.838	-0.000
50.480	11.336	-0.003
50.500	7.683	-0.016
50.520	3.913	-0.016
50.540	0.089	-0.032
50.560	-3.768	-0.034
50.580	-7.554	-0.048
50.600	-11.244	-0.045
50.620	-14.709	-0.058
50.640	-17.985	-0.057
50.660	-20.977	-0.065
50.680	-23.625	-0.068
50.700	-25.913	-0.070
50.720	-27.814	-0.072
50.740	-29.254	-0.073
50.760	-30.237	-0.074
50.780	-30.709	-0.068
50.800	-30.790	-0.070
50.820	-30.365	-0.063
50.840	-29.474	-0.066
50.860	-28.094	-0.047
50.880	-26.278	-0.057
50.900	-24.087	-0.035
50.920	-21.492	-0.040
50.940	-18.549	-0.025
50.960	-15.316	-0.023
50.980	-11.867	-0.005
51.000	-8.215	-0.002
51.020	-4.439	0.006
51.040	-0.588	0.015
51.060	3.263	0.019
51.080	7.055	0.031
51.100	10.750	0.034
51.120	14.279	0.046
51.140	17.582	0.044
51.160	20.606	0.055
51.180	23.313	0.050
51.200	25.644	0.064
51.220	27.583	0.056
51.240	29.076	0.060
51.260	30.135	0.057
51.280	30.715	0.059
51.300	30.811	0.054
51.320	30.462	0.053
51.340	29.597	0.047
51.360	28.314	0.039
51.380	26.568	0.044
51.400	24.430	0.028
51.420	21.868	0.026
51.440	18.990	0.011
51.460	15.810	0.015
51.480	12.367	-0.004
51.500	8.774	0.001
51.520	5.030	-0.017
51.540	1.200	-0.017
51.560	-2.661	-0.031
51.580	-6.464	-0.034
51.600	-10.197	-0.040
51.620	-13.726	-0.051
51.640	-17.072	-0.050
51.660	-20.160	-0.059
51.680	-22.905	-0.053
51.700	-25.301	-0.069
51.720	-27.315	-0.061
51.740	-28.915	-0.071
51.760	-30.022	-0.059
51.780	-30.672	-0.071
51.800	-30.833	-0.058
51.820	-30.570	-0.058
51.840	-29.823	-0.049
51.860	-28.582	-0.048
51.880	-26.890	-0.044
51.900	-24.801	-0.033
51.920	-22.298	-0.033
51.940	-19.473	-0.014
51.960	-16.315	-0.015
51.980	-12.952	0.001
52.000	-9.327	0.003
52.020	-5.573	0.017
52.040	-1.738	0.017
52.060	2.130	0.033
52.080	5.938	0.034
52.100	9.660	0.045
52.120	13.248	0.043
52.140	16.632	0.053
52.160	19.736	0.053
52.180	22.556	0.063
52.200	24.989	0.069
52.220	27.062	0.068
52.240	28.674	0.073
52.260	29.877	0.066
52.280	30.596	0.072
52.300	30.827	0.059
52.320	30.613	0.065
52.340	29.893	0.054
52.360	28.738	0.052
52.380	27.121	0.047
52.400	25.107	0.039
52.420	22.663	0.035
52.440	19.870	0.030
52.460	16.793	0.022
52.480	13.409	0.015
52.500	9.864	0.010
52.520	6.153	-0.006
52.540	2.344	-0.011
52.560	-1.501	-0.024
52.580	-5.336	-0.023
52.600	-9.080	-0.031
52.620	-12.695	-0.035
52.640	-16.084	-0.045
52.660	-19.247	-0.047
52.680	-22.099	-0.050
52.700	-24.602	-0.054
52.720	-26.751	-0.059
52.740	-28.469	-0.061
52.760	-29.699	-0.059
52.780	-30.500	-0.060
52.800	-30.811	-0.052
52.820	-30.656	-0.056
52.840	-30.059	-0.046
52.860	-28.980	-0.047
52.880	-27.422	-0.037
52.900	-25.403	-0.034
52.920	-23.045	-0.025
52.940	-20.316	-0.017
52.960	-17.249	-0.014
52.980	-13.941	-0.004
53.000	-10.380	0.002
53.020	-6.668	0.013
53.040	-2.855	0.015
53.060	0.996	0.032
53.080	4.831	0.035
53.100	8.580	0.039
53.120	12.227	0.043
53.140	15.665	0.051
53.160	18.839	0.051
53.180	21.772	0.061
53.200	24.318	0.062
53.220	26.493	0.068
53.240	28.239	0.064
53.260	29.571	0.068
53.280	30.425	0.064
53.300	30.801	0.061
53.320	30.731	0.057
53.340	30.156	0.055
53.360	29.135	0.048
53.380	27.648	0.045
53.400	25.752	0.039
53.420	23.437	0.034
53.440	20.740	0.026
53.460	17.733	0.018
53.480	14.451	0.014
53.500	10.938	-0.001
53.520	7.264	-0.010
53.540	3.483	-0.017
53.560	-0.357	-0.028
53.580	-4.198	-0.028
53.600	-7.968	-0.038
53.620	-11.626	-0.040
53.640	-15.074	-0.052
53.660	-18.334	-0.048
53.680	-21.294	-0.062
53.700	-23.888	-0.060
53.720	-26.144	-0.069
53.740	-27.965	-0.065
53.760	-29.377	-0.070
53.780	-30.306	-0.065
53.800	-30.747	-0.060
53.820	-30.752	-0.064
53.840	-30.274	-0.057
53.860	-29.329	-0.054
53.880	-27.889	-0.048
53.900	-26.052	-0.048
53.920	-23.786	-0.032
53.940	-21.165	-0.034
53.960	-18.168	-0.019
53.980	-14.924	-0.022
54.000	-11.459	-0.006
54.020	-7.769	-0.000
54.040	-3.977	0.008
54.060	-0.137	0.012
54.080	3.709	0.019
54.100	7.474	0.030
54.120	11.175	0.033
54.140	14.671	0.042
54.160	17.937	0.042
54.180	20.934	0.051
54.200	23.614	0.049
54.220	25.886	0.057
54.240	27.771	0.052
54.260	29.216	0.057
54.280	30.204	0.055
54.300	30.736	0.055
54.320	30.790	0.048
54.340	30.382	0.044
54.360	29.490	0.044
54.380	28.136	0.035
54.400	26.364	0.036
54.420	24.167	0.022
54.440	21.562	0.022
54.460	18.656	0.002
54.480	15.461	0.005
54.500	11.986	-0.008
54.520	8.371	-0.012
54.540	4.611	-0.023
54.560	0.787	-0.028
54.580	-3.053	-0.040
54.600	-6.856	-0.042
54.620	-10.552	-0.052
54.640	-14.086	-0.056
54.660	-17.378	-0.059
54.680	-20.434	-0.069
54.700	-23.147	-0.064
54.720	-25.510	-0.077
54.740	-27.481	-0.069
54.760	-29.012	-0.076
54.780	-30.070	-0.072
54.800	-30.656	-0.072
54.820	-30.790	-0.069
54.840	-30.457	-0.065
54.860	-29.673	-0.062
54.880	-28.373	-0.057
54.900	-26.638	-0.053
54.920	-24.490	-0.044
54.940	-21.965	-0.040
54.960	-19.086	-0.028
54.980	-15.906	-0.027
55.000	-12.501	-0.010
55.020	-8.886	-0.008
55.040	-5.111	0.006
55.060	-1.276	0.008
55.080	2.586	0.022
55.100	6.389	0.021
55.120	10.079	0.035
55.140	13.661	0.037
55.160	17.002	0.044
55.180	20.074	0.045
55.200	22.857	0.054
55.220	25.247	0.055
55.240	27.266	0.058
55.260	28.835	0.055
55.280	29.973	0.055
55.300	30.639	0.055
55.320	30.833	0.051
55.340	30.559	0.052
55.360	29.802	0.048
55.380	28.588	0.041
55.400	26.912	0.035
55.420	24.860	0.029
55.440	22.373	0.022
55.460	19.543	0.013
55.480	16.427	0.009
55.500	13.028	0.004
55.520	9.456	-0.006
55.540	5.718	-0.011
55.560	1.926	-0.020
55.580	-1.926	-0.035
55.600	-5.755	-0.034
55.620	-9.504	-0.044
55.640	-13.081	-0.045
55.660	-16.454	-0.056
55.680	-19.580	-0.056
55.700	-22.395	-0.065
55.720	-24.892	-0.062
55.740	-26.976	-0.069
55.760	-28.641	-0.069
55.780	-29.839	-0.069
55.800	-30.575	-0.066
55.820	-30.827	-0.064
55.840	-30.650	-0.058
55.860	-29.990	-0.057
55.880	-28.840	-0.050
55.900	-27.223	-0.046
55.920	-25.209	-0.040
55.940	-22.792	-0.033
55.960	-20.010	-0.029
55.980	-16.906	-0.021
56.000	-13.592	-0.011
56.020	-9.993	0.004
56.040	-6.276	0.010
56.060	-2.447	0.016
56.080	1.421	0.023
56.100	5.234	0.030
56.120	8.983	0.039
56.140	12.614	0.043
56.160	16.019	0.051
56.180	19.172	0.053
56.200	22.067	0.062
56.220	24.565	0.062
56.240	26.713	0.066
56.260	28.405	0.061
56.280	29.678	0.068
56.300	30.494	0.063
56.320	30.817	0.068
56.340	30.688	0.055
56.360	30.070	0.062
56.380	28.985	0.049
56.400	27.449	0.046
56.420	25.515	0.041
56.440	23.125	0.035
56.460	20.418	0.026
56.480	17.378	0.021
56.500	14.059	0.011
56.520	10.519	0.008
56.540	6.840	-0.002
56.560	3.032	-0.011
56.580	-0.798	-0.016
56.600	-4.633	-0.026
56.620	-8.408	-0.030
56.640	-12.039	-0.038
56.660	-15.498	-0.041
56.680	-18.699	-0.044
56.700	-21.621	-0.053
56.720	-24.189	-0.054
56.740	-26.396	-0.058
56.760	-28.201	-0.060
56.780	-29.517	-0.061
56.800	-30.425	-0.059
56.820	-30.806	-0.057
56.840	-30.741	-0.052
56.860	-30.242	-0.046
56.880	-29.216	-0.044
56.900	-27.755	-0.037
56.920	-25.832	-0.036
56.940	-23.533	-0.027
56.960	-20.859	-0.015
56.980	-17.829	-0.011
57.000	-14.564	-0.006
57.020	-11.073	0.003
57.040	-7.372	0.010
57.060	-3.564	0.021
57.080	0.287	0.027
57.100	4.128	0.034
57.120	7.887	0.039
57.140	11.556	0.045
57.160	15.031	0.053
57.180	18.281	0.056
57.200	21.251	0.064
57.220	23.866	0.064
57.240	26.101	0.071
57.260	27.954	0.068
57.280	29.350	0.072
57.300	30.296	0.068
57.320	30.774	0.068
57.340	30.768	0.063
57.360	30.306	0.060
57.380	29.350	0.052
57.400	27.948	0.047
57.420	26.122	0.047
57.440	23.883	0.034
57.460	21.251	0.031
57.480	18.307	0.021
57.500	15.079	0.017
57.520	11.594	0.006
57.540	7.957	-0.001
57.560	4.187	-0.015
57.580	0.363	-0.021
57.600	-3.499	-0.027
57.620	-7.275	-0.032
57.640	-10.976	-0.038
57.660	-14.489	-0.047
57.680	-17.749	-0.048
57.700	-20.773	-0.057
57.720	-23.437	-0.057
57.740	-25.757	-0.064
57.760	-27.675	-0.059
57.780	-29.152	-0.065
57.800	-30.156	-0.060
57.820	-30.677	-0.063
57.840	-30.795	-0.055
57.860	-30.414	-0.053
57.880	-29.549	-0.050
57.900	-28.206	-0.043
57.920	-26.423	-0.047
57.940	-24.232	-0.032
57.960	-21.659	-0.032
57.980	-18.753	-0.019
58.000	-15.547	-0.020
58.020	-12.115	-0.007
58.040	-8.468	-0.001
58.060	-4.692	0.013
58.080	-0.846	0.013
58.100	3.000	0.025
58.120	6.802	0.027
58.140	10.503	0.041
58.160	14.048	0.039
58.180	17.351	0.047
58.200	20.402	0.050
58.220	23.141	0.055
58.240	25.494	0.059
58.260	27.460	0.055
58.280	28.980	0.056
58.300	30.070	0.059
58.320	30.688	0.055
58.340	30.822	0.055
58.360	30.494	0.051
58.380	29.667	0.047
58.400	28.416	0.042
58.420	26.708	0.037
58.440	24.592	0.031
58.460	22.078	0.022
58.480	19.210	0.014
58.500	16.073	0.006
58.520	12.641	-0.003
58.540	9.058	-0.010
58.560	5.320	-0.019
58.580	1.512	-0.024
58.600	-2.366	-0.032
58.620	-6.169	-0.044
58.640	-9.885	-0.047
58.660	-13.463	-0.055
58.680	-16.803	-0.056
58.700	-19.897	-0.065
58.720	-22.663	-0.066
58.740	-25.091	-0.069
58.760	-27.137	-0.073
58.780	-28.760	-0.072
58.800	-29.893	-0.073
58.820	-30.580	-0.070
58.840	-30.806	-0.067
58.860	-30.559	-0.065
58.880	-29.844	-0.064
58.900	-28.620	-0.057
58.920	-26.982	-0.055
58.940	-24.925	-0.044
58.960	-22.459	-0.040
58.980	-19.639	-0.032
59.000	-16.503	-0.025
59.020	-13.146	-0.016
59.040	-9.563	-0.008
59.060	-5.820	-0.003
59.080	-1.979	0.006
59.100	1.866	0.014
59.120	5.685	0.022
59.140	9.413	0.030
59.160	13.022	0.037
59.180	16.390	0.039
59.200	19.527	0.044
59.220	22.379	0.051
59.240	24.833	0.051
59.260	26.917	0.055
59.280	28.577	0.056
59.300	29.807	0.056
59.320	30.553	0.053
59.340	30.822	0.054
59.360	30.645	0.046
59.380	29.957	0.047
59.400	28.835	0.036
59.420	27.256	0.039
59.440	25.268	0.030
59.460	22.857	0.022
59.480	20.091	0.015
59.500	17.034	0.006
59.520	13.677	0.002
59.540	10.133	-0.011
59.560	6.432	-0.015
59.580	2.635	-0.023
59.600	-1.211	-0.032
59.620	-5.046	-0.039
59.640	-8.811	-0.041
59.660	-12.426	-0.051
59.680	-15.831	-0.056
59.700	-19.016	-0.059
59.720	-21.901	-0.061
59.740	-24.425	-0.066
59.760	-26.590	-0.069
59.780	-28.346	-0.070
59.800	-29.630	-0.074
59.820	-30.457	-0.071
59.840	-30.779	-0.069
59.860	-30.715	-0.061
59.880	-30.124	-0.061
59.900	-29.066	-0.053
59.920	-27.535	-0.050
59.940	-25.580	-0.044
59.960	-23.260	-0.036
59.980	-20.536	-0.029
60.000	-17.496	-0.023
60.020	-14.182	-0.017
60.040	-10.654	-0.008
60.060	-6.964	0.004
60.080	-3.145	0.009
60.100	0.712	0.016
60.120	4.547	0.027
60.140	8.317	0.031
60.160	11.959	0.040
60.180	15.412	0.042
60.200	18.619	0.055
60.220	21.562	0.055
60.240	24.146	0.059
60.260	26.337	0.060
60.280	28.126	0.060
60.300	29.490	0.059
60.320	30.371	0.058
60.340	30.795	0.058
60.360	30.741	0.056
60.380	30.210	0.052
60.400	29.221	0.049
60.420	27.766	0.045
60.440	25.902	0.039
60.460	23.603	0.033
60.480	20.928	0.024
60.500	17.958	0.016
60.520	14.693	0.012
60.540	11.185	0.002
60.560	7.522	0.002
60.580	3.746	-0.015
60.600	-0.094	-0.019
60.620	-3.940	-0.028
60.640	-7.721	-0.036
60.660	-11.395	-0.040
60.680	-14.875	-0.045
60.700	-18.141	-0.048
60.720	-21.122	-0.056
60.740	-23.754	-0.058
60.760	-26.026	-0.060
60.780	-27.889	-0.063
60.800	-29.329	-0.063
60.820	-30.296	-0.061
60.840	-30.758	-0.058
60.860	-30.790	-0.052
60.880	-30.360	-0.052
60.900	-29.447	-0.047
60.920	-28.051	-0.040
60.940	-26.224	-0.042
60.960	-24.006	-0.026
60.980	-21.390	-0.024
61.000	-18.431	-0.009
61.020	-15.192	-0.008
61.040	-11.739	0.002
61.060	-8.070	0.007
61.080	-4.283	0.018
61.100	-0.438	0.022
61.120	3.413	0.035
61.140	7.200	0.039
61.160	10.885	0.046
61.180	14.408	0.049
61.200	17.700	0.057
61.220	20.719	0.060
61.240	23.426	0.064
61.260	25.725	0.067
61.280	27.648	0.068
61.300	29.130	0.072
61.320	30.161	0.068
61.340	30.720	0.070
61.360	30.801	0.066
61.380	30.425	0.062
61.400	29.565	0.055
61.420	28.239	0.048
61.440	26.493	0.043
61.460	24.339	0.041
61.480	21.761	0.032
61.500	18.861	0.027
61.520	15.686	0.015
61.540	12.243	0.009
61.560	8.634	-0.000
61.580	4.880	-0.010
61.600	1.061	-0.017
61.620	-2.790	-0.022
61.640	-6.604	-0.023
61.660	-10.310	-0.040
61.680	-13.860	-0.041
61.700	-17.174	-0.049
61.720	-20.246	-0.047
61.740	-22.986	-0.056
61.760	-25.349	-0.054
61.780	-27.358	-0.064
61.800	-28.921	-0.058
61.820	-30.022	-0.061
61.840	-30.639	-0.057
61.860	-30.827	-0.057
61.880	-30.500	-0.051
61.900	-29.732	-0.051
61.920	-28.502	-0.046
61.940	-26.778	-0.041
61.960	-24.661	-0.035
61.980	-22.180	-0.022
62.000	-19.306	-0.022
62.020	-16.154	-0.014
62.040	-12.770	-0.009
62.060	-9.150	0.006
62.080	-5.395	0.011
62.100	-1.550	0.022
62.120	2.275	0.025
62.140	6.104	0.035
62.160	9.810	0.039
62.180	13.393	0.044
62.200	16.771	0.048
62.220	19.849	0.051
62.240	22.663	0.061
62.260	25.086	0.060
62.280	27.132	0.064
62.300	28.733	0.057
62.320	29.893	0.064
62.340	30.607	0.055
62.360	30.827	0.060
62.380	30.591	0.051
62.400	29.866	0.053
62.420	28.684	0.043
62.440	27.052	0.042
62.460	25.032	0.035
62.480	22.561	0.032
62.500	19.758	0.018
62.520	16.664	0.014
62.540	13.291	0.003
62.560	9.730	-0.004
62.580	6.024	-0.015
62.600	2.199	-0.023
62.620	-1.652	-0.028
62.640	-5.465	-0.037
62.660	-9.230	-0.043
62.680	-12.813	-0.051
62.700	-16.186	-0.055
62.720	-19.339	-0.058
62.740	-22.196	-0.063
62.760	-24.672	-0.069
62.780	-26.804	-0.069
62.800	-28.486	-0.072
62.820	-29.721	-0.068
62.840	-30.500	-0.070
62.860	-30.795	-0.065
62.880	-30.639	-0.061
62.900	-30.011	-0.063
62.920	-28.894	-0.055
62.940	-27.315	-0.051
62.960	-25.338	-0.045
62.980	-22.948	-0.036
63.000	-20.177	-0.032
63.020	-17.110	-0.023
63.040	-13.785	-0.019
63.060	-10.224	-0.007
63.080	-6.512	-0.000
63.100	-2.699	0.004
63.120	1.157	0.016
63.140	4.976	0.020
63.160	8.731	0.032
63.180	12.372	0.035
63.200	15.788	0.040
63.220	18.963	0.040
63.240	21.874	0.052
63.260	24.409	0.051
63.280	26.568	0.058
63.300	28.287	0.051
63.320	29.603	0.057
63.340	30.446	0.050
63.360	30.811	0.056
63.380	30.709	0.045
63.400	30.140	0.043
63.420	29.076	0.038
63.440	27.573	0.035
63.460	25.666	0.032
63.480	23.319	0.020
63.500	20.617	0.017
63.520	17.604	0.006
63.540	14.322	-0.000
63.560	10.799	-0.010
63.580	7.130	-0.015
63.600	3.338	-0.028
63.620	-0.502	-0.031
63.640	-4.337	-0.040
63.660	-8.118	-0.045
63.680	-11.760	-0.050
63.700	-15.214	-0.057
63.720	-18.442	-0.057
63.740	-21.390	-0.069
63.760	-23.974	-0.065
63.780	-26.203	-0.073
63.800	-28.045	-0.068
63.820	-29.409	-0.076
63.840	-30.333	-0.066
63.860	-30.747	-0.073
63.880	-30.720	-0.064
63.900	-30.247	-0.064
63.920	-29.275	-0.057
63.940	-27.841	-0.057
63.960	-25.972	-0.049
63.980	-23.695	-0.040
64.000	-21.041	-0.037
64.020	-18.055	-0.023
64.040	-14.811	-0.023
64.060	-11.303	-0.006
64.080	-7.635	-0.004
64.100	-3.843	0.011
64.120	0.003	0.010
64.140	3.854	0.028
64.160	7.630	0.024
64.180	11.309	0.038
64.200	14.800	0.039
64.220	18.055	0.049
64.240	21.047	0.053
64.260	23.705	0.055
64.280	25.972	0.059
64.300	27.841	0.055
64.320	29.275	0.060
64.340	30.247	0.056
64.360	30.752	0.060
64.380	30.784	0.052
64.400	30.360	0.056
64.420	29.436	0.043
64.440	28.067	0.049
64.460	26.273	0.035
64.480	24.054	0.031
64.500	21.449	0.023
64.520	18.522	0.017
64.540	15.305	0.008
64.560	11.851	0.002
64.580	8.210	-0.006
64.600	4.439	-0.020
64.620	0.620	-0.022
64.640	-3.231	-0.034
64.660	-7.033	-0.032
64.680	-10.740	-0.049
64.700	-14.247	-0.045
64.720	-17.550	-0.059
64.740	-20.595	-0.054
64.760	-23.281	-0.062
64.780	-25.634	-0.062
64.800	-27.578	-0.069
64.820	-29.098	-0.063
64.840	-30.135	-0.068
64.860	-30.698	-0.063
64.880	-30.817	-0.057
64.900	-30.494	-0.055
64.920	-29.667	-0.052
64.940	-28.351	-0.047
64.960	-26.595	-0.040
64.980	-24.441	-0.036
65.000	-21.890	-0.028
65.020	-19.006	-0.019
65.040	-15.821	-0.009
65.060	-12.405	-0.000
65.080	-8.758	0.009
65.100	-4.998	0.016
65.120	-1.147	0.022
65.140	2.699	0.032
65.160	6.518	0.038
65.180	10.208	0.043
65.200	13.769	0.046
65.220	17.110	0.055
65.240	20.177	0.056
65.260	22.964	0.067
65.280	25.327	0.067
65.300	27.331	0.069
65.320	28.883	0.068
65.340	30.011	0.071
65.360	30.650	0.064
65.380	30.817	0.068
65.400	30.532	0.058
65.420	29.748	0.060
65.440	28.518	0.046
65.460	26.831	0.050
65.480	24.763	0.039
65.500	22.260	0.037
65.520	19.425	0.025
65.540	16.282	0.021
65.560	12.883	0.012
65.580	9.311	0.007
65.600	5.573	-0.007
65.620	1.759	-0.015
65.640	-2.092	-0.019
65.660	-5.911	-0.023
65.680	-9.660	-0.032
65.700	-13.210	-0.040
65.720	-16.583	-0.044
65.740	-19.704	-0.050
65.760	-22.497	-0.052
65.780	-24.968	-0.060
65.800	-27.030	-0.057
65.820	-28.690	-0.061
65.840	-29.855	-0.056
65.860	-30.580	-0.061
65.880	-30.849	-0.055
65.900	-30.602	-0.056
65.920	-29.925	-0.047
65.940	-28.770	-0.042
65.960	-27.143	-0.042
65.980	-25.096	-0.032
66.000	-22.669	-0.028
66.020	-19.865	-0.015
66.040	-16.760	-0.019
66.060	-13.420	0.003
66.080	-9.826	-0.007
66.100	-6.104	0.021
66.120	-2.275	0.014
66.140	1.576	0.037
66.160	5.417	0.033
66.180	9.139	0.046
66.200	12.759	0.040
66.220	16.159	0.056
66.240	19.312	0.053
66.260	22.185	0.063
66.280	24.667	0.064
66.300	26.783	0.067
66.320	28.464	0.064
66.340	29.726	0.064
66.360	30.516	0.059
66.380	30.817	0.067
66.400	30.677	0.052
66.420	30.022	0.060
66.440	28.937	0.039
66.460	27.379	0.051
66.480	25.429	0.032
66.500	23.045	0.037
66.520	20.300	0.016
66.540	17.260	0.024
66.560	13.919	0.002
66.580	10.401	0.009
66.600	6.700	-0.015
66.620	2.908	-0.011
66.640	-0.932	-0.031
66.660	-4.761	-0.024
66.680	-8.537	-0.040
66.700	-12.168	-0.044
66.720	-15.584	-0.048
66.740	-18.791	-0.057
66.760	-21.691	-0.056
66.780	-24.242	-0.065
66.800	-26.445	-0.061
66.820	-28.233	-0.069
66.840	-29.544	-0.062
66.860	-30.414	-0.065
66.880	-30.774	-0.060
66.900	-30.693	-0.060
66.920	-30.161	-0.054
66.940	-29.146	-0.054
66.960	-27.626	-0.049
66.980	-25.719	-0.044
67.000	-23.415	-0.038
67.020	-20.719	-0.026
67.040	-17.700	-0.028
67.060	-14.435	-0.011
67.080	-10.890	-0.015
67.100	-7.205	0.008
67.120	-3.408	-0.001
67.140	0.454	0.024
67.160	4.283	0.018
67.180	8.059	0.034
67.200	11.722	0.031
67.220	15.176	0.045
67.240	18.399	0.039
67.260	21.369	0.054
67.280	23.974	0.048
67.300	26.192	0.057
67.320	28.013	0.055
67.340	29.409	0.054
67.360	30.328	0.054
67.380	30.774	0.051
67.400	30.763	0.053
67.420	30.263	0.043
67.440	29.297	0.045
67.460	27.884	0.035
67.480	26.052	0.036
67.500	23.797	0.022
67.520	21.149	0.018
67.540	18.189	0.010
67.560	14.950	0.002
67.580	11.459	-0.006
67.600	7.818	-0.015
67.620	4.047	-0.021
67.640	0.212	-0.033
67.660	-3.634	-0.034
67.680	-7.426	-0.049
67.700	-11.115	-0.044
67.720	-14.580	-0.061
67.740	-17.878	-0.052
67.760	-20.864	-0.071
67.780	-23.539	-0.064
67.800	-25.822	-0.079
67.820	-27.718	-0.069
67.840	-29.195	-0.078
67.860	-30.183	-0.069
67.880	-30.704	-0.073
67.900	-30.784	-0.067
67.920	-30.365	-0.065
67.940	-29.490	-0.061
67.960	-28.126	-0.054
67.980	-26.337	-0.053
68.000	-24.130	-0.040
68.020	-21.546	-0.042
68.040	-18.614	-0.026
68.060	-15.402	-0.027
68.080	-11.969	-0.007
68.100	-8.312	-0.008
68.120	-4.536	0.004
68.140	-0.701	0.011
68.160	3.156	0.018
68.180	6.953	0.023
68.200	10.632	0.034
68.220	14.177	0.040
68.240	17.475	0.041
68.260	20.520	0.047
68.280	23.238	0.048
68.300	25.574	0.056
68.320	27.530	0.054
68.340	29.033	0.058
68.360	30.086	0.055
68.380	30.693	0.058
68.400	30.817	0.051
68.420	30.468	0.052
68.440	29.640	0.043
68.460	28.346	0.040
68.480	26.627	0.036
68.500	24.511	0.030
68.520	21.965	0.022
68.540	19.086	0.012
68.560	15.928	0.003
68.580	12.501	-0.000
68.600	8.892	-0.007
68.620	5.159	-0.018
68.640	1.335	-0.023
68.660	-2.506	-0.032
68.680	-6.324	-0.037
68.700	-10.052	-0.045
68.720	-13.602	-0.052
68.740	-16.954	-0.053
68.760	-20.053	-0.060
68.780	-22.792	-0.060
68.800	-25.215	-0.065
68.820	-27.250	-0.066
68.840	-28.845	-0.071
68.860	-29.973	-0.071
68.880	-30.645	-0.065
68.900	-30.817	-0.063
68.920	-30.575	-0.057
68.940	-29.850	-0.053
68.960	-28.625	-0.049
68.980	-26.955	-0.048
69.000	-24.844	-0.038
69.020	-22.395	-0.033
69.040	-19.548	-0.024
69.060	-16.422	-0.022
69.080	-13.044	-0.007
69.100	-9.440	0.001
69.120	-5.685	0.007
69.140	-1.861	0.017
69.160	1.995	0.020
69.180	5.825	0.037
69.200	9.542	0.036
69.220	13.140	0.045
69.240	16.524	0.047
69.260	19.634	0.056
69.280	22.470	0.059
69.300	24.919	0.064
69.320	26.992	0.065
69.340	28.636	0.064
69.360	29.828	0.067
69.380	30.575	0.061
69.400	30.827	0.062
69.420	30.623	0.055
69.440	29.941	0.057
69.460	28.786	0.047
69.480	27.175	0.051
69.500	25.177	0.038
69.520	22.744	0.035
69.540	19.962	0.023
69.560	16.900	0.018
69.580	13.527	0.012
69.600	9.982	0.007
69.620	6.271	-0.004
69.640	2.452	-0.011
69.660	-1.383	-0.019
69.680	-5.207	-0.028
69.700	-8.999	-0.033
69.720	-12.587	-0.043
69.740	-15.987	-0.042
69.760	-19.167	-0.053
69.780	-22.035	-0.051
69.800	-24.565	-0.063
69.820	-26.702	-0.055
69.840	-28.432	-0.067
69.860	-29.689	-0.055
69.880	-30.494	-0.065
69.900	-30.806	-0.052
69.920	-30.688	-0.056
69.940	-30.108	-0.047
69.960	-29.023	-0.043
69.980	-27.470	-0.040
70.000	-25.510	-0.036
70.020	-23.147	-0.028
70.040	-20.407	-0.015
70.060	-17.362	-0.014
70.080	-14.059	-0.000
70.100	-10.525	0.002
70.120	-6.808	0.018
70.140	-2.989	0.017
70.160	0.862	0.032
70.180	4.713	0.037
70.200	8.451	0.045
70.220	12.098	0.043
70.240	15.547	0.052
70.260	18.732	0.056
70.280	21.670	0.061
70.300	24.232	0.067
70.320	26.423	0.065
70.340	28.196	0.070
70.360	29.528	0.068
70.380	30.403	0.070
70.400	30.801	0.064
70.420	30.736	0.067
70.440	30.204	0.050
70.460	29.173	0.055
70.480	27.691	0.044
70.500	25.816	0.045
70.520	23.507	0.030
70.540	20.826	0.029
70.560	17.840	0.018
70.580	14.569	0.014
70.600	11.051	0.002
70.620	7.393	-0.007
70.640	3.601	-0.012
70.660	-0.223	-0.024
70.680	-4.063	-0.024
70.700	-7.855	-0.037
70.720	-11.513	-0.036
70.740	-14.993	-0.049
70.760	-18.221	-0.050
70.780	-21.202	-0.060
70.800	-23.802	-0.056
70.820	-26.052	-0.062
70.840	-27.927	-0.062
70.860	-29.356	-0.064
70.880	-30.290	-0.062
70.900	-30.747	-0.057
70.920	-30.774	-0.061
70.940	-30.296	-0.050
70.960	-29.361	-0.056
