6.0128    1.80995
5.86457    0.521198
5.90254    0.72303
5.92648    0.879623
5.9485    1.10164
5.96744    1.3562
5.97941    1.57425
5.98851    1.64248
5.9879    1.72004
5.99375    1.76332
5.99484    1.80522
6.00922    1.81854
6.00621    1.8178
6.02193    1.73122
6.03128    1.62179
6.04322    1.47617
6.06053    1.22179
6.09175    0.926954
6.12156    0.75772
6.16988    0.552336
5.89566    0.652415
5.91564    0.798959
5.93684    0.971863
5.95807    1.2322
5.9768    1.51532
5.98316    1.60881
5.98504    1.67791
5.99149    1.74421
6.02994    1.78548
6.00156    1.81532
6.00681    1.81975
6.01403    1.80856
6.02065    1.74932
6.02211    1.67879
6.0358    1.55981
6.07859    1.06048
6.10472    0.834745
6.12999    0.686842
6.21217    0.401186
6.01091    1.78823
5.96734    1.40989
6.01723    1.81608
6.12356    0.709726
5.89653    0.693501
5.927    0.90448
5.93371    0.983952
5.9547    1.24056
5.97381    1.56916
5.98739    1.65678
5.99153    1.79004
5.99566    1.79802
6.01877    1.82201
6.00149    1.81532
6.00362    1.837
6.00423    1.82167
6.01091    1.78823
6.01376    1.82519
6.03705    1.58006
6.0442    1.44809
6.05515    1.28873
6.05358    1.17316
6.0776    1.0647
6.08953    0.938294
6.0974    0.885185
6.0128    1.80995
5.86457    0.521198
5.90254    0.72303
5.92648    0.879623
5.9485    1.10164
5.96744    1.3562
5.97941    1.57425
5.98851    1.64248
5.9879    1.72004
5.99375    1.76332
5.99484    1.80522
6.00922    1.81854
6.00621    1.8178
6.02193    1.73122
6.03128    1.62179
6.04322    1.47617
6.06053    1.22179
6.09175    0.926954
6.12156    0.75772
6.16988    0.552336
5.89566    0.652415
5.91564    0.798959
5.93684    0.971863
5.95807    1.2322
5.9768    1.51532
5.98316    1.60881
5.98504    1.67791
5.99149    1.74421
6.02994    1.78548
6.00156    1.81532
6.00681    1.81975
6.01403    1.80856
6.02065    1.74932
6.02211    1.67879
6.0358    1.55981
6.07859    1.06048
6.10472    0.834745
6.12999    0.686842
6.21217    0.401186
6.01091    1.78823
5.96734    1.40989
6.01723    1.81608
6.12356    0.709726
5.89653    0.693501
5.927    0.90448
5.93371    0.983952
5.9547    1.24056
5.97381    1.56916
5.98739    1.65678
5.99153    1.79004
5.99566    1.79802
6.01877    1.82201
6.00149    1.81532
6.00362    1.837
6.00423    1.82167
6.01091    1.78823
6.01376    1.82519
6.03705    1.58006
6.0442    1.44809
6.05515    1.28873
6.05358    1.17316
6.0776    1.0647
6.08953    0.938294
6.0974    0.885185
6.01281    1.80995
5.86474    0.521198
5.9026    0.72303
5.92652    0.879623
5.94852    1.10164
5.96745    1.3562
5.97943    1.57425
5.98868    1.64248
5.98791    1.72004
5.99377    1.76332
5.99501    1.80522
6.00932    1.81854
6.00624    1.8178
6.02193    1.73122
6.03129    1.62179
6.04324    1.47617
6.06055    1.22179
6.0918    0.926954
6.12162    0.75772
6.16998    0.552336
5.89571    0.652415
5.91569    0.798959
5.93687    0.971863
5.95809    1.2322
5.97682    1.51532
5.98318    1.60881
5.98505    1.67791
5.9915    1.74421
6.0387    1.78548
6.00157    1.81532
6.00683    1.81975
6.01405    1.80856
6.02067    1.74932
6.02215    1.67879
6.03581    1.55981
6.07862    1.06048
6.10476    0.834745
6.13008    0.686842
6.21849    0.401186
6.01094    1.78823
5.96736    1.40989
6.01724    1.81608
6.12364    0.709726
5.89664    0.693501
5.92705    0.90448
5.93376    0.983952
5.95473    1.24056
5.97383    1.56916
5.98742    1.65678
5.99155    1.79004
5.99567    1.79802
6.01972    1.82201
6.0015    1.81532
6.00364    1.837
6.00425    1.82167
6.01094    1.78823
6.01378    1.82519
6.03706    1.58006
6.04422    1.44809
6.05517    1.28873
6.05434    1.17316
6.07762    1.0647
6.08956    0.938294
6.09751    0.885185
