0.000	1.652	0.088
0.020	5.309	0.064
0.040	8.876	0.044
0.060	12.340	0.031
0.080	15.622	0.002
0.100	18.667	-0.009
0.120	21.466	-0.044
0.140	23.963	-0.048
0.160	26.095	-0.093
0.180	27.863	-0.079
0.200	29.248	-0.131
0.220	30.215	-0.107
0.240	30.752	-0.161
0.260	30.865	-0.132
0.280	30.553	-0.180
0.300	29.785	-0.154
0.320	28.636	-0.190
0.340	27.046	-0.168
0.360	25.123	-0.184
0.380	22.803	-0.179
0.400	20.160	-0.162
0.420	17.244	-0.174
0.440	14.080	-0.138
0.460	10.723	-0.158
0.480	7.216	-0.114
0.500	3.607	-0.128
0.520	-0.046	-0.083
0.540	-3.719	-0.088
0.560	-7.318	-0.052
0.580	-10.847	-0.044
0.600	-14.182	-0.013
0.620	-17.341	0.006
0.640	-20.241	0.027
0.660	-22.867	0.047
0.680	-25.161	0.062
0.700	-27.105	0.092
0.720	-28.674	0.097
0.740	-29.823	0.125
0.760	-30.532	0.124
0.780	-30.817	0.150
0.800	-30.693	0.149
0.820	-30.151	0.168
0.840	-29.162	0.164
0.860	-27.739	0.172
0.880	-25.934	0.168
0.900	-23.764	0.170
0.920	-21.267	0.162
0.940	-18.452	0.161
0.960	-15.375	0.147
0.980	-12.104	0.137
1.000	-8.623	0.119
1.020	-5.025	0.106
1.040	-1.383	0.086
1.060	2.296	0.071
1.080	5.932	0.052
1.100	9.477	0.031
1.120	12.920	0.010
1.140	16.154	-0.010
1.160	19.167	-0.031
1.180	21.927	-0.051
1.200	24.350	-0.077
1.220	26.428	-0.090
1.240	28.136	-0.111
1.260	29.447	-0.121
1.280	30.333	-0.149
1.300	30.801	-0.152
1.320	30.844	-0.168
1.340	30.446	-0.168
1.360	29.624	-0.185
1.380	28.389	-0.181
1.400	26.745	-0.192
1.420	24.774	-0.184
1.440	22.379	-0.192
1.460	19.682	-0.174
1.480	16.728	-0.174
1.500	13.511	-0.153
1.520	10.133	-0.151
1.540	6.620	-0.129
1.560	2.994	-0.125
1.580	-0.669	-0.094
1.600	-4.326	-0.086
1.620	-7.936	-0.054
1.640	-11.400	-0.048
1.660	-14.736	-0.015
1.680	-17.840	-0.000
1.700	-20.714	0.026
1.720	-23.270	0.037
1.740	-25.499	0.062
1.760	-27.411	0.079
1.780	-28.899	0.096
1.800	-29.973	0.114
1.820	-30.602	0.125
1.840	-30.806	0.139
1.860	-30.629	0.147
1.880	-29.995	0.152
1.900	-28.937	0.159
1.920	-27.444	0.161
1.940	-25.564	0.163
1.960	-23.356	0.162
1.980	-20.794	0.156
2.000	-17.937	0.146
2.020	-14.827	0.139
2.040	-11.502	0.122
2.060	-8.011	0.116
2.080	-4.402	0.092
2.100	-0.755	0.084
2.120	2.925	0.056
2.140	6.561	0.050
2.160	10.073	0.014
2.180	13.484	0.010
2.200	16.685	-0.032
2.220	19.656	-0.030
2.240	22.379	-0.073
2.260	24.726	-0.071
2.280	26.756	-0.110
2.300	28.373	-0.110
2.320	29.630	-0.143
2.340	30.451	-0.143
2.360	30.849	-0.163
2.380	30.806	-0.171
2.400	30.344	-0.183
2.420	29.442	-0.185
2.440	28.142	-0.189
2.460	26.434	-0.193
2.480	24.371	-0.185
2.500	21.927	-0.187
2.520	19.188	-0.173
2.540	16.197	-0.177
2.560	12.942	-0.153
2.580	9.547	-0.146
2.600	5.997	-0.129
2.620	2.366	-0.115
2.640	-1.292	-0.094
2.660	-4.939	-0.073
2.680	-8.537	-0.059
2.700	-11.996	-0.030
2.720	-15.278	-0.019
2.740	-18.361	0.013
2.760	-21.192	0.022
2.780	-23.684	0.053
2.800	-25.865	0.060
2.820	-27.685	0.093
2.840	-29.119	0.094
2.860	-30.113	0.128
2.880	-30.672	0.123
2.900	-30.817	0.150
2.920	-30.548	0.145
2.940	-29.871	0.163
2.960	-28.722	0.162
2.980	-27.170	0.170
3.000	-25.247	0.165
3.020	-22.953	0.168
3.040	-20.354	0.158
3.060	-17.432	0.151
3.080	-14.295	0.139
3.100	-10.933	0.131
3.120	-7.420	0.114
3.140	-3.800	0.097
3.160	-0.137	0.084
3.180	3.526	0.061
3.200	7.135	0.045
3.220	10.670	0.024
3.240	14.037	0.006
3.260	17.206	-0.017
3.280	20.117	-0.041
3.300	22.803	-0.055
3.320	25.091	-0.077
3.340	27.052	-0.094
3.360	28.615	-0.114
3.380	29.785	-0.128
3.400	30.548	-0.145
3.420	30.876	-0.155
3.440	30.758	-0.166
3.460	30.220	-0.175
3.480	29.248	-0.181
3.500	27.868	-0.182
3.520	26.112	-0.181
3.540	23.979	-0.178
3.560	21.476	-0.176
3.580	18.689	-0.168
3.600	15.654	-0.156
3.620	12.367	-0.150
3.640	8.929	-0.136
3.660	5.379	-0.119
3.680	1.727	-0.103
3.700	-1.942	-0.081
3.720	-5.589	-0.065
3.740	-9.171	-0.044
3.760	-12.603	-0.022
3.780	-15.847	-0.005
3.800	-18.898	0.019
3.820	-21.659	0.036
3.840	-24.119	0.064
3.860	-26.240	0.078
3.880	-28.018	0.101
3.900	-29.340	0.113
3.920	-30.290	0.132
3.940	-30.736	0.143
3.960	-30.827	0.155
3.980	-30.510	0.159
4.000	-29.721	0.170
4.020	-28.523	0.172
4.040	-26.890	0.180
4.060	-24.898	0.176
4.080	-22.551	0.169
4.100	-19.881	0.164
4.120	-16.938	0.157
4.140	-13.758	0.149
4.160	-10.347	0.132
4.180	-6.824	0.122
4.200	-3.182	0.101
4.220	0.491	0.092
4.240	4.165	0.067
4.260	7.742	0.051
4.280	11.255	0.024
4.300	14.601	0.008
4.320	17.727	-0.018
4.340	20.601	-0.031
4.360	23.217	-0.057
4.380	25.456	-0.075
4.400	27.358	-0.092
4.420	28.851	-0.110
4.440	29.957	-0.123
4.460	30.629	-0.140
4.480	30.876	-0.145
4.500	30.693	-0.165
4.520	30.086	-0.158
4.540	29.050	-0.184
4.560	27.589	-0.169
4.580	25.784	-0.180
4.600	23.571	-0.166
4.620	21.020	-0.172
4.640	18.200	-0.156
4.660	15.112	-0.155
4.680	11.803	-0.141
4.700	8.339	-0.130
4.720	4.761	-0.114
4.740	1.115	-0.093
4.760	-2.565	-0.081
4.780	-6.190	-0.054
4.800	-9.751	-0.045
4.820	-13.156	-0.011
4.840	-16.347	0.001
4.860	-19.376	0.029
4.880	-22.089	0.039
4.900	-24.468	0.073
4.920	-26.536	0.083
4.940	-28.233	0.105
4.960	-29.522	0.118
4.980	-30.371	0.134
5.000	-30.768	0.143
5.020	-30.801	0.158
5.040	-30.371	0.159
5.060	-29.528	0.172
5.080	-28.249	0.171
5.100	-26.563	0.174
5.120	-24.500	0.172
5.140	-22.099	0.170
5.160	-19.371	0.166
5.180	-16.374	0.155
5.200	-13.167	0.145
5.220	-9.740	0.128
5.240	-6.185	0.113
5.260	-2.549	0.098
5.280	1.131	0.081
5.300	4.778	0.060
5.320	8.365	0.040
5.340	11.841	0.023
5.360	15.144	-0.001
5.380	18.238	-0.019
5.400	21.073	-0.044
5.420	23.619	-0.064
5.440	25.795	-0.085
5.460	27.626	-0.097
5.480	29.071	-0.121
5.500	30.102	-0.127
5.520	30.698	-0.148
5.540	30.881	-0.156
5.560	30.623	-0.172
5.580	29.914	-0.177
5.600	28.819	-0.181
5.620	27.309	-0.185
5.640	25.435	-0.181
5.660	23.168	-0.181
5.680	20.574	-0.172
5.700	17.695	-0.173
5.720	14.564	-0.151
5.740	11.218	-0.149
5.760	7.737	-0.131
5.780	4.160	-0.119
5.800	0.491	-0.094
5.820	-3.172	-0.084
5.840	-6.792	-0.056
5.860	-10.342	-0.042
5.880	-13.694	-0.019
5.900	-16.884	0.002
5.920	-19.844	0.019
5.940	-22.491	0.036
5.960	-24.839	0.063
5.980	-26.837	0.076
6.000	-28.469	0.098
6.020	-29.667	0.112
6.040	-30.462	0.129
6.060	-30.790	0.135
6.080	-30.731	0.148
6.100	-30.237	0.158
6.120	-29.323	0.165
6.140	-27.959	0.162
6.160	-26.214	0.170
6.180	-24.103	0.163
6.200	-21.643	0.165
6.220	-18.866	0.147
6.240	-15.837	0.146
6.260	-12.587	0.130
6.280	-9.134	0.120
6.300	-5.562	0.097
6.320	-1.909	0.087
6.340	1.770	0.066
6.360	5.411	0.050
6.380	8.967	0.027
6.400	12.426	0.010
6.420	15.692	-0.015
6.440	18.726	-0.031
6.460	21.530	-0.056
6.480	24.011	-0.075
6.500	26.149	-0.091
6.520	27.906	-0.110
6.540	29.281	-0.130
6.560	30.226	-0.143
6.580	30.763	-0.156
6.600	30.860	-0.168
6.620	30.537	-0.177
6.640	29.769	-0.181
6.660	28.604	-0.193
6.680	26.998	-0.184
6.700	25.075	-0.190
6.720	22.749	-0.182
6.740	20.107	-0.181
6.760	17.179	-0.172
6.780	14.000	-0.168
6.800	10.659	-0.146
6.820	7.141	-0.136
6.840	3.531	-0.121
6.860	-0.126	-0.104
6.880	-3.795	-0.084
6.900	-7.404	-0.060
6.920	-10.901	-0.042
6.940	-14.252	-0.021
6.960	-17.389	-0.005
6.980	-20.311	0.024
7.000	-22.921	0.035
7.020	-25.198	0.061
7.040	-27.143	0.074
7.060	-28.684	0.094
7.080	-29.828	0.114
7.100	-30.543	0.126
7.120	-30.795	0.136
7.140	-30.677	0.151
7.160	-30.102	0.154
7.180	-29.130	0.163
7.200	-27.691	0.162
7.220	-25.886	0.163
7.240	-23.711	0.162
7.260	-21.192	0.159
7.280	-18.366	0.151
7.300	-15.300	0.139
7.320	-12.012	0.130
7.340	-8.553	0.114
7.360	-4.939	0.103
7.380	-1.292	0.085
7.400	2.382	0.067
7.420	6.013	0.046
7.440	9.563	0.024
7.460	12.985	0.005
7.480	16.234	-0.015
7.500	19.226	-0.033
7.520	21.987	-0.056
7.540	24.398	-0.073
7.560	26.466	-0.098
7.580	28.153	-0.106
7.600	29.469	-0.135
7.620	30.349	-0.136
7.640	30.806	-0.164
7.660	30.833	-0.158
7.680	30.446	-0.178
7.700	29.603	-0.173
7.720	28.357	-0.191
7.740	26.713	-0.180
7.760	24.704	-0.186
7.780	22.314	-0.181
7.800	19.618	-0.174
7.820	16.648	-0.168
7.840	13.430	-0.156
7.860	10.036	-0.148
7.880	6.512	-0.124
7.900	2.887	-0.116
7.920	-0.771	-0.090
7.940	-4.428	-0.078
7.960	-8.049	-0.048
7.980	-11.524	-0.035
8.000	-14.832	-0.011
8.020	-17.953	0.003
8.040	-20.821	0.031
8.060	-23.378	0.049
8.080	-25.585	0.071
8.100	-27.487	0.085
8.120	-28.969	0.102
8.140	-30.016	0.125
8.160	-30.666	0.135
8.180	-30.854	0.148
8.200	-30.650	0.155
8.220	-30.027	0.163
8.240	-28.964	0.168
8.260	-27.465	0.171
8.280	-25.574	0.173
8.300	-23.351	0.166
8.320	-20.789	0.162
8.340	-17.883	0.155
8.360	-14.795	0.148
8.380	-11.454	0.134
8.400	-7.963	0.121
8.420	-4.359	0.103
8.440	-0.690	0.090
8.460	3.000	0.069
8.480	6.620	0.052
8.500	10.154	0.025
8.520	13.543	0.010
8.540	16.750	-0.012
8.560	19.715	-0.027
8.580	22.427	-0.050
8.600	24.763	-0.069
8.620	26.778	-0.085
8.640	28.410	-0.106
8.660	29.651	-0.119
8.680	30.462	-0.142
8.700	30.844	-0.144
8.720	30.801	-0.161
8.740	30.333	-0.161
8.760	29.409	-0.176
8.780	28.104	-0.175
8.800	26.385	-0.175
8.820	24.307	-0.176
8.840	21.863	-0.171
8.860	19.113	-0.164
8.880	16.116	-0.150
8.900	12.861	-0.144
8.920	9.450	-0.130
8.940	5.895	-0.120
8.960	2.264	-0.097
8.980	-1.394	-0.085
9.000	-5.052	-0.058
9.020	-8.656	-0.045
9.040	-12.115	-0.021
9.060	-15.375	-0.001
9.080	-18.458	0.022
9.100	-21.256	0.040
9.120	-23.764	0.063
9.140	-25.934	0.083
9.160	-27.755	0.099
9.180	-29.168	0.111
9.200	-30.140	0.130
9.220	-30.688	0.145
9.240	-30.854	0.156
9.260	-30.575	0.163
9.280	-29.861	0.170
9.300	-28.706	0.176
9.320	-27.148	0.175
9.340	-25.204	0.175
9.360	-22.910	0.173
9.380	-20.268	0.170
9.400	-17.362	0.163
9.420	-14.220	0.149
9.440	-10.863	0.134
9.460	-7.340	0.123
9.480	-3.709	0.102
9.500	-0.035	0.092
9.520	3.628	0.068
9.540	7.227	0.050
9.560	10.745	0.031
9.580	14.113	0.010
9.600	17.276	-0.015
9.620	20.203	-0.030
9.640	22.862	-0.060
9.660	25.145	-0.071
9.680	27.105	-0.097
9.700	28.652	-0.102
9.720	29.823	-0.131
9.740	30.553	-0.133
9.760	30.881	-0.156
9.780	30.741	-0.159
9.800	30.204	-0.172
9.820	29.221	-0.172
9.840	27.814	-0.181
9.860	26.074	-0.176
9.880	23.931	-0.180
9.900	21.423	-0.169
9.920	18.635	-0.167
9.940	15.579	-0.156
9.960	12.302	-0.144
9.980	8.860	-0.133
10.000	5.293	-0.119
10.020	1.652	-0.102
10.040	-2.001	-0.085
10.060	-5.648	-0.064
10.080	-9.241	-0.046
10.100	-12.662	-0.021
10.120	-15.890	-0.007
10.140	-18.925	0.022
10.160	-21.691	0.035
10.180	-24.140	0.064
10.200	-26.257	0.074
10.220	-27.997	0.098
10.240	-29.334	0.106
10.260	-30.242	0.132
10.280	-30.725	0.131
10.300	-30.811	0.155
10.320	-30.451	0.152
10.340	-29.662	0.164
10.360	-28.448	0.163
10.380	-26.810	0.173
10.400	-24.817	0.167
10.420	-22.470	0.169
10.440	-19.779	0.159
10.460	-16.814	0.152
10.480	-13.645	0.139
10.500	-10.240	0.127
10.520	-6.722	0.110
10.540	-3.080	0.097
10.560	0.594	0.075
10.580	4.251	0.059
10.600	7.850	0.039
10.620	11.330	0.018
10.640	14.682	-0.003
10.660	17.802	-0.022
10.680	20.671	-0.044
10.700	23.265	-0.065
10.720	25.510	-0.087
10.740	27.374	-0.102
10.760	28.878	-0.123
10.780	29.979	-0.135
10.800	30.639	-0.156
10.820	30.881	-0.160
10.840	30.682	-0.175
10.860	30.049	-0.176
10.880	29.023	-0.190
10.900	27.562	-0.186
10.920	25.730	-0.188
10.940	23.512	-0.185
10.960	20.966	-0.183
10.980	18.141	-0.175
11.000	15.036	-0.168
11.020	11.728	-0.152
11.040	8.263	-0.138
11.060	4.681	-0.127
11.080	1.039	-0.104
11.100	-2.635	-0.092
11.120	-6.255	-0.068
11.140	-9.821	-0.053
11.160	-13.221	-0.031
11.180	-16.422	-0.009
11.200	-19.425	0.014
11.220	-22.126	0.031
11.240	-24.506	0.052
11.260	-26.573	0.070
11.280	-28.255	0.089
11.300	-29.501	0.105
11.320	-30.355	0.120
11.340	-30.758	0.129
11.360	-30.779	0.147
11.380	-30.339	0.152
11.400	-29.463	0.159
11.420	-28.190	0.163
11.440	-26.493	0.163
11.460	-24.441	0.161
11.480	-22.030	0.160
11.500	-19.296	0.148
11.520	-16.299	0.146
11.540	-13.065	0.128
11.560	-9.649	0.118
11.580	-6.099	0.099
11.600	-2.447	0.086
11.620	1.222	0.069
11.640	4.880	0.050
11.660	8.446	0.030
11.680	11.921	0.008
11.700	15.230	-0.011
11.720	18.318	-0.029
11.740	21.143	-0.052
11.760	23.673	-0.073
11.780	25.848	-0.088
11.800	27.669	-0.110
11.820	29.093	-0.122
11.840	30.102	-0.144
11.860	30.715	-0.152
11.880	30.881	-0.171
11.900	30.618	-0.173
11.920	29.909	-0.185
11.940	28.802	-0.184
11.960	27.250	-0.189
11.980	25.386	-0.185
12.000	23.109	-0.186
12.020	20.510	-0.178
12.040	17.620	-0.173
12.060	14.478	-0.160
12.080	11.137	-0.152
12.100	7.656	-0.135
12.120	4.063	-0.121
12.140	0.406	-0.102
12.160	-3.263	-0.085
12.180	-6.878	-0.060
12.200	-10.417	-0.041
12.220	-13.790	-0.019
12.240	-16.975	-0.004
12.260	-19.919	0.024
12.280	-22.577	0.036
12.300	-24.908	0.066
12.320	-26.901	0.072
12.340	-28.534	0.101
12.360	-29.716	0.111
12.380	-30.484	0.132
12.400	-30.801	0.135
12.420	-30.752	0.154
12.440	-30.263	0.155
12.460	-29.313	0.167
12.480	-27.954	0.160
12.500	-26.192	0.175
12.520	-24.087	0.159
12.540	-21.611	0.163
12.560	-18.828	0.147
12.580	-15.778	0.147
12.600	-12.544	0.131
12.620	-9.080	0.127
12.640	-5.503	0.103
12.660	-1.850	0.096
12.680	1.829	0.070
12.700	5.481	0.057
12.720	9.048	0.028
12.740	12.485	0.012
12.760	15.751	-0.015
12.780	18.796	-0.027
12.800	21.594	-0.049
12.820	24.071	-0.063
12.840	26.192	-0.088
12.860	27.943	-0.102
12.880	29.302	-0.125
12.900	30.253	-0.135
12.920	30.774	-0.150
12.940	30.870	-0.156
12.960	30.532	-0.167
12.980	29.753	-0.171
13.000	28.561	-0.182
13.020	26.976	-0.176
13.040	25.021	-0.177
13.060	22.685	-0.178
13.080	20.031	-0.172
13.100	17.094	-0.160
13.120	13.914	-0.152
13.140	10.546	-0.137
13.160	7.033	-0.125
13.180	3.413	-0.108
13.200	-0.239	-0.089
13.220	-3.902	-0.070
13.240	-7.511	-0.048
13.260	-11.013	-0.033
13.280	-14.360	-0.011
13.300	-17.518	0.011
13.320	-20.402	0.034
13.340	-23.023	0.054
13.360	-25.290	0.073
13.380	-27.240	0.093
13.400	-28.781	0.110
13.420	-29.871	0.125
13.440	-30.591	0.141
13.460	-30.822	0.151
13.480	-30.704	0.159
13.500	-30.156	0.165
13.520	-29.141	0.168
13.540	-27.691	0.175
13.560	-25.859	0.178
13.580	-23.689	0.172
13.600	-21.170	0.169
13.620	-18.313	0.159
13.640	-15.246	0.154
13.660	-11.948	0.138
13.680	-8.473	0.129
13.700	-4.885	0.104
13.720	-1.217	0.097
13.740	2.452	0.072
13.760	6.110	0.060
13.780	9.638	0.034
13.800	13.071	0.019
13.820	16.299	-0.007
13.840	19.296	-0.020
13.860	22.051	-0.048
13.880	24.457	-0.064
13.900	26.504	-0.087
13.920	28.196	-0.097
13.940	29.495	-0.118
13.960	30.365	-0.131
13.980	30.827	-0.143
14.000	30.822	-0.157
14.020	30.430	-0.159
14.040	29.581	-0.172
14.060	28.324	-0.175
14.080	26.654	-0.177
14.100	24.651	-0.175
14.120	22.250	-0.174
14.140	19.553	-0.163
14.160	16.567	-0.157
14.180	13.361	-0.146
14.200	9.966	-0.136
14.220	6.437	-0.120
14.240	2.823	-0.105
14.260	-0.851	-0.089
14.280	-4.504	-0.064
14.300	-8.113	-0.047
14.320	-11.588	-0.027
14.340	-14.886	-0.008
14.360	-18.001	0.020
14.380	-20.864	0.033
14.400	-23.399	0.056
14.420	-25.612	0.075
14.440	-27.481	0.093
14.460	-28.969	0.105
14.480	-30.011	0.126
14.500	-30.623	0.136
14.520	-30.838	0.152
14.540	-30.596	0.159
14.560	-29.963	0.168
14.580	-28.872	0.172
14.600	-27.374	0.174
14.620	-25.478	0.172
14.640	-23.243	0.169
14.660	-20.665	0.168
14.680	-17.786	0.155
14.700	-14.671	0.144
14.720	-11.368	0.134
14.740	-7.839	0.118
14.760	-4.235	0.104
14.780	-0.572	0.087
14.800	3.080	0.063
14.820	6.711	0.048
14.840	10.245	0.027
14.860	13.645	0.007
14.880	16.846	-0.017
14.900	19.774	-0.034
14.920	22.497	-0.059
14.940	24.817	-0.075
14.960	26.837	-0.097
14.980	28.443	-0.110
15.000	29.683	-0.130
15.020	30.484	-0.139
15.040	30.860	-0.161
15.060	30.790	-0.162
15.080	30.323	-0.173
15.100	29.393	-0.178
15.120	28.061	-0.181
15.140	26.359	-0.185
15.160	24.269	-0.180
15.180	21.804	-0.185
15.200	19.054	-0.170
15.220	16.052	-0.167
15.240	12.797	-0.152
15.260	9.381	-0.139
15.280	5.836	-0.128
15.300	2.199	-0.108
15.320	-1.474	-0.093
15.340	-5.121	-0.072
15.360	-8.709	-0.056
15.380	-12.147	-0.032
15.400	-15.418	-0.010
15.420	-18.506	0.011
15.440	-21.299	0.027
15.460	-23.791	0.051
15.480	-25.940	0.068
15.500	-27.750	0.089
15.520	-29.141	0.101
15.540	-30.145	0.121
15.560	-30.677	0.129
15.580	-30.817	0.146
15.600	-30.521	0.151
15.620	-29.785	0.157
15.640	-28.641	0.160
15.660	-27.078	0.164
15.680	-25.107	0.162
15.700	-22.824	0.163
15.720	-20.182	0.151
15.740	-17.271	0.148
15.760	-14.118	0.134
15.780	-10.734	0.122
15.800	-7.238	0.105
15.820	-3.601	0.092
15.840	0.051	0.072
15.860	3.730	0.057
15.880	7.323	0.031
15.900	10.836	0.016
15.920	14.204	-0.008
15.940	17.362	-0.023
15.960	20.273	-0.048
15.980	22.921	-0.063
16.000	25.193	-0.089
16.020	27.132	-0.103
16.040	28.679	-0.122
16.060	29.844	-0.136
16.080	30.575	-0.150
16.100	30.881	-0.166
16.120	30.741	-0.172
16.140	30.172	-0.185
16.160	29.195	-0.185
16.180	27.809	-0.193
16.200	26.020	-0.182
16.220	23.866	-0.196
16.240	21.364	-0.176
16.260	18.560	-0.182
16.280	15.514	-0.164
16.300	12.222	-0.157
16.320	8.779	-0.139
16.340	5.218	-0.131
16.360	1.582	-0.110
16.380	-2.097	-0.094
16.400	-5.728	-0.071
16.420	-9.305	-0.048
16.440	-12.716	-0.031
16.460	-15.955	-0.011
16.480	-18.995	0.010
16.500	-21.734	0.031
16.520	-24.189	0.050
16.540	-26.289	0.070
16.560	-28.013	0.090
16.580	-29.350	0.105
16.600	-30.274	0.125
16.620	-30.725	0.130
16.640	-30.790	0.147
16.660	-30.419	0.152
16.680	-29.646	0.159
16.700	-28.416	0.160
16.720	-26.783	0.168
16.740	-24.758	0.163
16.760	-22.416	0.163
16.780	-19.720	0.151
16.800	-16.760	0.151
16.820	-13.581	0.131
16.840	-10.170	0.122
16.860	-6.636	0.106
16.880	-3.000	0.097
16.900	0.674	0.072
16.920	4.326	0.059
16.940	7.925	0.032
16.960	11.406	0.019
16.980	14.752	-0.008
17.000	17.862	-0.023
17.020	20.724	-0.044
17.040	23.319	-0.062
17.060	25.542	-0.085
17.080	27.427	-0.100
17.100	28.905	-0.122
17.120	29.984	-0.131
17.140	30.656	-0.150
17.160	30.892	-0.158
17.180	30.682	-0.168
17.200	30.049	-0.173
17.220	28.985	-0.181
17.240	27.503	-0.181
17.260	25.693	-0.181
17.280	23.453	-0.181
17.300	20.902	-0.173
17.320	18.050	-0.169
17.340	14.945	-0.163
17.360	11.642	-0.149
17.380	8.161	-0.129
17.400	4.584	-0.123
17.420	0.937	-0.099
17.440	-2.742	-0.086
17.460	-6.373	-0.058
17.480	-9.950	-0.042
17.500	-13.323	-0.018
17.520	-16.530	-0.000
17.540	-19.521	0.023
17.560	-22.223	0.044
17.580	-24.624	0.061
17.600	-26.665	0.084
17.620	-28.324	0.101
17.640	-29.587	0.115
17.660	-30.435	0.132
17.680	-30.795	0.142
17.700	-30.801	0.156
17.720	-30.376	0.160
17.740	-29.490	0.169
17.760	-28.206	0.171
17.780	-26.493	0.180
17.800	-24.420	0.168
17.820	-22.003	0.168
17.840	-19.253	0.159
17.860	-16.250	0.159
17.880	-13.028	0.140
17.900	-9.585	0.133
17.920	-6.034	0.110
17.940	-2.382	0.101
17.960	1.292	0.080
17.980	4.939	0.065
18.000	8.510	0.038
18.020	11.986	0.022
18.040	15.294	-0.000
18.060	18.377	-0.015
18.080	21.197	-0.038
18.100	23.727	-0.056
18.120	25.891	-0.075
18.140	27.701	-0.101
18.160	29.135	-0.109
18.180	30.145	-0.131
18.200	30.720	-0.133
18.220	30.886	-0.156
18.240	30.618	-0.155
18.260	29.898	-0.175
18.280	28.770	-0.169
18.300	27.245	-0.180
18.320	25.338	-0.172
18.340	23.050	-0.172
18.360	20.434	-0.163
18.380	17.545	-0.160
18.400	14.392	-0.148
18.420	11.062	-0.135
18.440	7.560	-0.128
18.460	3.961	-0.106
18.480	0.309	-0.093
18.500	-3.360	-0.069
18.520	-6.985	-0.052
18.540	-10.498	-0.031
18.560	-13.882	-0.011
18.580	-17.029	0.010
18.600	-19.994	0.034
18.620	-22.647	0.049
18.640	-24.957	0.075
18.660	-26.928	0.087
18.680	-28.550	0.106
18.700	-29.732	0.120
18.720	-30.489	0.147
18.740	-30.822	0.146
18.760	-30.736	0.164
18.780	-30.231	0.160
18.800	-29.291	0.176
18.820	-27.911	0.170
18.840	-26.149	0.182
18.860	-24.017	0.166
18.880	-21.535	0.176
18.900	-18.737	0.159
18.920	-15.692	0.159
18.940	-12.448	0.133
18.960	-8.989	0.133
18.980	-5.406	0.104
19.000	-1.748	0.099
19.020	1.920	0.070
19.040	5.573	0.063
19.060	9.123	0.035
19.080	12.593	0.020
19.100	15.853	-0.011
19.120	18.871	-0.021
19.140	21.664	-0.047
19.160	24.130	-0.069
19.180	26.230	-0.085
19.200	27.975	-0.099
19.220	29.329	-0.119
19.240	30.263	-0.132
19.260	30.774	-0.152
19.280	30.865	-0.156
19.300	30.516	-0.168
19.320	29.732	-0.173
19.340	28.539	-0.182
19.360	26.928	-0.180
19.380	24.973	-0.181
19.400	22.626	-0.176
19.420	19.967	-0.170
19.440	17.024	-0.161
19.460	13.855	-0.149
19.480	10.476	-0.139
19.500	6.958	-0.129
19.520	3.376	-0.109
19.540	-0.298	-0.094
19.560	-3.956	-0.074
19.580	-7.571	-0.057
19.600	-11.083	-0.032
19.620	-14.408	-0.018
19.640	-17.545	0.011
19.660	-20.440	0.025
19.680	-23.045	0.047
19.700	-25.301	0.064
19.720	-27.234	0.084
19.740	-28.754	0.101
19.760	-29.861	0.118
19.780	-30.553	0.134
19.800	-30.827	0.143
19.820	-30.656	0.157
19.840	-30.075	0.158
19.860	-29.060	0.168
19.880	-27.615	0.165
19.900	-25.779	0.169
19.920	-23.603	0.163
19.940	-21.073	0.163
19.960	-18.221	0.149
19.980	-15.133	0.145
20.000	-11.841	0.126
20.020	-8.376	0.114
20.040	-4.767	0.097
20.060	-1.109	0.087
20.080	2.554	0.063
20.100	6.201	0.042
20.120	9.735	0.023
20.140	13.156	0.002
20.160	16.379	-0.015
20.180	19.360	-0.040
20.200	22.121	-0.054
20.220	24.506	-0.083
20.240	26.563	-0.094
20.260	28.239	-0.123
20.280	29.528	-0.128
20.300	30.387	-0.151
20.320	30.827	-0.155
20.340	30.827	-0.172
20.360	30.414	-0.180
20.380	29.549	-0.183
20.400	28.287	-0.192
20.420	26.627	-0.183
20.440	24.602	-0.194
20.460	22.185	-0.183
20.480	19.473	-0.183
20.500	16.519	-0.168
20.520	13.280	-0.163
20.540	9.896	-0.143
20.560	6.357	-0.135
20.580	2.737	-0.114
20.600	-0.921	-0.102
20.620	-4.590	-0.078
20.640	-8.183	-0.056
20.660	-11.642	-0.040
20.680	-14.945	-0.012
20.700	-18.066	0.003
20.720	-20.912	0.026
20.740	-23.437	0.041
20.760	-25.660	0.066
20.780	-27.524	0.080
20.800	-28.980	0.101
20.820	-30.022	0.113
20.840	-30.618	0.129
20.860	-30.817	0.140
20.880	-30.596	0.149
20.900	-29.925	0.153
20.920	-28.851	0.165
20.940	-27.309	0.160
20.960	-25.429	0.165
20.980	-23.190	0.155
21.000	-20.590	0.156
21.020	-17.711	0.146
21.040	-14.591	0.136
21.060	-11.271	0.122
21.080	-7.759	0.114
21.100	-4.144	0.092
21.120	-0.491	0.079
21.140	3.177	0.055
21.160	6.797	0.040
21.180	10.321	0.016
21.200	13.720	-0.002
21.220	16.906	-0.023
21.240	19.849	-0.042
21.260	22.556	-0.061
21.280	24.876	-0.081
21.300	26.880	-0.102
21.320	28.486	-0.115
21.340	29.699	-0.133
21.360	30.494	-0.148
21.380	30.860	-0.158
21.400	30.784	-0.172
21.420	30.290	-0.173
21.440	29.372	-0.183
21.460	28.029	-0.185
21.480	26.305	-0.185
21.500	24.205	-0.181
21.520	21.740	-0.182
21.540	18.995	-0.177
21.560	15.976	-0.159
21.580	12.711	-0.157
21.600	9.279	-0.137
21.620	5.734	-0.127
21.640	2.097	-0.105
21.660	-1.560	-0.094
21.680	-5.213	-0.067
21.700	-8.801	-0.050
21.720	-12.254	-0.029
21.740	-15.514	-0.008
21.760	-18.592	0.012
21.780	-21.396	0.033
21.800	-23.856	0.055
21.820	-26.020	0.072
21.840	-27.830	0.087
21.860	-29.216	0.110
21.880	-30.188	0.125
21.900	-30.731	0.136
21.920	-30.827	0.146
21.940	-30.537	0.155
21.960	-29.828	0.163
21.980	-28.652	0.166
22.000	-27.073	0.172
22.020	-25.096	0.168
22.040	-22.803	0.166
22.060	-20.155	0.157
22.080	-17.233	0.149
22.100	-14.075	0.139
22.120	-10.707	0.130
22.140	-7.178	0.112
22.160	-3.548	0.101
22.180	0.121	0.080
22.200	3.789	0.063
22.220	7.388	0.040
22.240	10.911	0.024
22.260	14.263	0.002
22.280	17.427	-0.011
22.300	20.327	-0.039
22.320	22.980	-0.052
22.340	25.241	-0.073
22.360	27.175	-0.098
22.380	28.711	-0.110
22.400	29.855	-0.129
22.420	30.591	-0.135
22.440	30.876	-0.159
22.460	30.736	-0.156
22.480	30.167	-0.176
22.500	29.162	-0.166
22.520	27.755	-0.185
22.540	25.967	-0.170
22.560	23.818	-0.181
22.580	21.288	-0.164
22.600	18.485	-0.170
22.620	15.428	-0.152
22.640	12.125	-0.143
22.660	8.682	-0.127
22.680	5.105	-0.114
22.700	1.458	-0.094
22.720	-2.205	-0.081
22.740	-5.841	-0.054
22.760	-9.418	-0.038
22.780	-12.834	-0.019
22.800	-16.078	0.002
22.820	-19.086	0.024
22.840	-21.842	0.043
22.860	-24.280	0.064
22.880	-26.369	0.085
22.900	-28.099	0.101
22.920	-29.415	0.117
22.940	-30.317	0.136
22.960	-30.758	0.144
22.980	-30.817	0.163
23.000	-30.446	0.160
23.020	-29.635	0.174
23.040	-28.416	0.171
23.060	-26.740	0.183
23.080	-24.737	0.172
23.100	-22.373	0.176
23.120	-19.672	0.159
23.140	-16.701	0.164
23.160	-13.506	0.143
23.180	-10.090	0.140
23.200	-6.545	0.107
23.220	-2.919	0.108
23.240	0.755	0.082
23.260	4.412	0.070
23.280	7.995	0.039
23.300	11.502	0.031
23.320	14.827	-0.000
23.340	17.937	-0.009
23.360	20.789	-0.041
23.380	23.383	-0.056
23.400	25.601	-0.077
23.420	27.470	-0.094
23.440	28.942	-0.111
23.460	30.011	-0.123
23.480	30.666	-0.140
23.500	30.892	-0.152
23.520	30.672	-0.158
23.540	30.027	-0.170
23.560	28.953	-0.172
23.580	27.492	-0.180
23.600	25.639	-0.172
23.620	23.399	-0.179
23.640	20.843	-0.166
23.660	17.985	-0.164
23.680	14.891	-0.147
23.700	11.572	-0.136
23.720	8.092	-0.127
23.740	4.504	-0.110
23.760	0.857	-0.098
23.780	-2.817	-0.077
23.800	-6.432	-0.059
23.820	-9.982	-0.032
23.840	-13.393	-0.015
23.860	-16.573	0.010
23.880	-19.564	0.022
23.900	-22.250	0.044
23.920	-24.640	0.064
23.940	-26.649	0.085
23.960	-28.330	0.101
23.980	-29.571	0.115
24.000	-30.403	0.132
24.020	-30.779	0.143
24.040	-30.774	0.158
24.060	-30.306	0.162
24.080	-29.426	0.172
24.100	-28.126	0.169
24.120	-26.385	0.174
24.140	-24.328	0.167
24.160	-21.922	0.171
24.180	-19.161	0.155
24.200	-16.148	0.152
24.220	-12.931	0.132
24.240	-9.483	0.129
24.260	-5.927	0.105
24.280	-2.280	0.095
24.300	1.394	0.073
24.320	5.057	0.059
24.340	8.623	0.032
24.360	12.098	0.016
24.380	15.380	-0.007
24.400	18.452	-0.030
24.420	21.267	-0.046
24.440	23.786	-0.072
24.460	25.950	-0.081
24.480	27.739	-0.109
24.500	29.157	-0.118
24.520	30.156	-0.139
24.540	30.731	-0.152
24.560	30.881	-0.167
24.580	30.602	-0.168
24.600	29.850	-0.178
24.620	28.733	-0.183
24.640	27.180	-0.185
24.660	25.290	-0.183
24.680	22.991	-0.185
24.700	20.375	-0.178
24.720	17.480	-0.171
24.740	14.333	-0.160
24.760	10.992	-0.145
24.780	7.490	-0.134
24.800	3.886	-0.118
24.820	0.239	-0.102
24.840	-3.440	-0.083
24.860	-7.044	-0.065
24.880	-10.562	-0.045
24.900	-13.935	-0.023
24.920	-17.094	0.002
24.940	-20.037	0.020
24.960	-22.674	0.038
24.980	-24.984	0.061
25.000	-26.966	0.076
25.020	-28.572	0.096
25.040	-29.732	0.110
25.060	-30.484	0.126
25.080	-30.779	0.130
25.100	-30.725	0.152
25.120	-30.183	0.148
25.140	-29.238	0.164
25.160	-27.857	0.159
25.180	-26.079	0.172
25.200	-23.920	0.155
25.220	-21.460	0.160
25.240	-18.656	0.145
25.260	-15.600	0.145
25.280	-12.351	0.121
25.300	-8.876	0.116
25.320	-5.304	0.095
25.340	-1.646	0.087
25.360	2.011	0.061
25.380	5.669	0.049
25.400	9.214	0.022
25.420	12.662	0.004
25.440	15.923	-0.021
25.460	18.941	-0.037
25.480	21.729	-0.058
25.500	24.183	-0.078
25.520	26.278	-0.097
25.540	28.013	-0.114
25.560	29.361	-0.128
25.580	30.285	-0.148
25.600	30.790	-0.154
25.620	30.854	-0.171
25.640	30.494	-0.173
25.660	29.699	-0.186
25.680	28.496	-0.189
25.700	26.890	-0.189
25.720	24.919	-0.187
25.740	22.567	-0.183
25.760	19.897	-0.178
25.780	16.965	-0.168
25.800	13.774	-0.161
25.820	10.401	-0.143
25.840	6.888	-0.135
25.860	3.268	-0.114
25.880	-0.389	-0.103
25.900	-4.042	-0.076
25.920	-7.656	-0.064
25.940	-11.153	-0.036
25.960	-14.483	-0.019
25.980	-17.620	0.003
26.000	-20.520	0.023
26.020	-23.082	0.043
26.040	-25.344	0.064
26.060	-27.266	0.080
26.080	-28.797	0.101
26.100	-29.898	0.113
26.120	-30.575	0.130
26.140	-30.806	0.138
26.160	-30.661	0.151
26.180	-30.075	0.154
26.200	-29.044	0.165
26.220	-27.583	0.163
26.240	-25.752	0.170
26.260	-23.550	0.162
26.280	-21.014	0.167
26.300	-18.168	0.147
26.320	-15.090	0.143
26.340	-11.787	0.129
26.360	-8.290	0.121
26.380	-4.702	0.097
26.400	-1.029	0.084
26.420	2.640	0.066
26.440	6.265	0.049
26.460	9.816	0.022
26.480	13.232	0.007
26.500	16.454	-0.014
26.520	19.425	-0.034
26.540	22.169	-0.051
26.560	24.554	-0.077
26.580	26.600	-0.088
26.600	28.265	-0.109
26.620	29.549	-0.129
26.640	30.398	-0.140
26.660	30.827	-0.156
26.680	30.833	-0.160
26.700	30.398	-0.177
26.720	29.533	-0.172
26.740	28.255	-0.187
26.760	26.579	-0.176
26.780	24.538	-0.184
26.800	22.121	-0.175
26.820	19.408	-0.174
26.840	16.422	-0.157
26.860	13.194	-0.156
26.880	9.783	-0.134
26.900	6.249	-0.128
26.920	2.629	-0.104
26.940	-1.039	-0.091
26.960	-4.702	-0.065
26.980	-8.306	-0.046
27.000	-11.760	-0.029
27.020	-15.074	-0.004
27.040	-18.162	0.010
27.060	-21.009	0.037
27.080	-23.550	0.054
27.100	-25.746	0.076
27.120	-27.610	0.091
27.140	-29.060	0.111
27.160	-30.092	0.128
27.180	-30.682	0.137
27.200	-30.827	0.151
27.220	-30.618	0.160
27.240	-29.963	0.166
27.260	-28.872	0.171
27.280	-27.325	0.175
27.300	-25.419	0.175
27.320	-23.163	0.169
27.340	-20.558	0.163
27.360	-17.679	0.161
27.380	-14.542	0.151
27.400	-11.207	0.134
27.420	-7.694	0.122
27.440	-4.085	0.102
27.460	-0.422	0.094
27.480	3.252	0.074
27.500	6.867	0.052
27.520	10.406	0.033
27.540	13.785	0.011
27.560	16.965	-0.007
27.580	19.908	-0.030
27.600	22.604	-0.050
27.620	24.925	-0.067
27.640	26.912	-0.088
27.660	28.507	-0.102
27.680	29.721	-0.121
27.700	30.494	-0.131
27.720	30.860	-0.145
27.740	30.784	-0.159
27.760	30.285	-0.160
27.780	29.334	-0.172
27.800	27.986	-0.172
27.820	26.257	-0.174
27.840	24.162	-0.172
27.860	21.680	-0.168
27.880	18.914	-0.164
27.900	15.890	-0.148
27.920	12.614	-0.139
27.940	9.214	-0.131
27.960	5.648	-0.116
27.980	2.006	-0.094
28.000	-1.657	-0.081
28.020	-5.309	-0.055
28.040	-8.892	-0.044
28.060	-12.319	-0.015
28.080	-15.595	-0.001
28.100	-18.646	0.024
28.120	-21.455	0.043
28.140	-23.926	0.065
28.160	-26.069	0.083
28.180	-27.852	0.100
28.200	-29.232	0.114
28.220	-30.199	0.130
28.240	-30.709	0.141
28.260	-30.838	0.156
28.280	-30.505	0.162
28.300	-29.785	0.170
28.320	-28.593	0.174
28.340	-27.014	0.176
28.360	-25.043	0.176
28.380	-22.728	0.172
28.400	-20.069	0.164
28.420	-17.136	0.161
28.440	-13.989	0.146
28.460	-10.600	0.134
28.480	-7.071	0.114
28.500	-3.451	0.104
28.520	0.223	0.084
28.540	3.881	0.064
28.560	7.490	0.045
28.580	10.997	0.029
28.600	14.354	0.006
28.620	17.502	-0.019
28.640	20.402	-0.036
28.660	23.034	-0.059
28.680	25.295	-0.077
28.700	27.229	-0.093
28.720	28.749	-0.110
28.740	29.893	-0.127
28.760	30.596	-0.139
28.780	30.870	-0.154
28.800	30.725	-0.160
28.820	30.151	-0.174
28.840	29.141	-0.173
28.860	27.718	-0.182
28.880	25.929	-0.177
28.900	23.764	-0.181
28.920	21.235	-0.171
28.940	18.426	-0.166
28.960	15.359	-0.156
28.980	12.066	-0.146
29.000	8.613	-0.131
29.020	5.041	-0.123
29.040	1.388	-0.098
29.060	-2.275	-0.085
29.080	-5.911	-0.063
29.100	-9.472	-0.045
29.120	-12.883	-0.025
29.140	-16.105	0.002
29.160	-19.135	0.020
29.180	-21.868	0.043
29.200	-24.302	0.060
29.220	-26.375	0.076
29.240	-28.104	0.094
29.260	-29.399	0.108
29.280	-30.306	0.130
29.300	-30.736	0.132
29.320	-30.784	0.152
29.340	-30.392	0.153
29.360	-29.587	0.163
29.380	-28.335	0.163
29.400	-26.676	0.172
29.420	-24.661	0.162
29.440	-22.282	0.163
29.460	-19.559	0.154
29.480	-16.589	0.149
29.500	-13.409	0.129
29.520	-9.993	0.123
29.540	-6.464	0.102
29.560	-2.806	0.091
29.580	0.851	0.070
29.600	4.520	0.055
29.620	8.097	0.031
29.640	11.577	0.016
29.660	14.907	-0.009
29.680	18.012	-0.027
29.700	20.875	-0.053
29.720	23.453	-0.068
29.740	25.644	-0.089
29.760	27.503	-0.110
29.780	28.969	-0.123
29.800	30.043	-0.140
29.820	30.672	-0.151
29.840	30.892	-0.161
29.860	30.656	-0.174
29.880	29.984	-0.181
29.900	28.926	-0.185
29.920	27.438	-0.188
29.940	25.601	-0.186
29.960	23.356	-0.185
29.980	20.778	-0.183
30.000	17.915	-0.175
30.020	14.800	-0.163
30.040	11.475	-0.149
30.060	8.006	-0.137
30.080	4.423	-0.124
30.100	0.776	-0.104
30.120	-2.887	-0.085
30.140	-6.507	-0.066
30.160	-10.073	-0.046
30.180	-13.447	-0.025
30.200	-16.626	-0.008
30.220	-19.629	0.018
30.240	-22.293	0.034
30.260	-24.672	0.056
30.280	-26.708	0.069
30.300	-28.351	0.093
30.320	-29.587	0.108
30.340	-30.403	0.124
30.360	-30.768	0.134
30.380	-30.752	0.147
30.400	-30.285	0.150
30.420	-29.399	0.162
30.440	-28.077	0.156
30.460	-26.353	0.171
30.480	-24.280	0.159
30.500	-21.847	0.163
30.520	-19.075	0.151
30.540	-16.062	0.144
30.560	-12.840	0.126
30.580	-9.407	0.117
30.600	-5.836	0.101
30.620	-2.194	0.090
30.640	1.490	0.067
30.660	5.127	0.052
30.680	8.698	0.028
30.700	12.163	0.008
30.720	15.455	-0.011
30.740	18.522	-0.026
30.760	21.337	-0.053
30.780	23.840	-0.070
30.800	25.993	-0.092
30.820	27.787	-0.105
30.840	29.189	-0.126
30.860	30.161	-0.136
30.880	30.741	-0.153
30.900	30.881	-0.161
30.920	30.580	-0.172
30.940	29.844	-0.175
30.960	28.706	-0.185
30.980	27.143	-0.183
31.000	25.236	-0.184
31.020	22.937	-0.182
31.040	20.300	-0.173
31.060	17.405	-0.168
31.080	14.247	-0.154
31.100	10.890	-0.150
31.120	7.393	-0.128
31.140	3.811	-0.118
31.160	0.132	-0.094
31.180	-3.531	-0.081
31.200	-7.146	-0.048
31.220	-10.675	-0.039
31.240	-14.032	-0.017
31.260	-17.206	0.002
31.280	-20.128	0.027
31.300	-22.755	0.045
31.320	-25.086	0.064
31.340	-27.035	0.081
31.360	-28.631	0.099
31.380	-29.785	0.116
31.400	-30.543	0.131
31.420	-30.811	0.139
31.440	-30.747	0.154
31.460	-30.220	0.158
31.480	-29.248	0.168
31.500	-27.852	0.164
31.520	-26.058	0.169
31.540	-23.942	0.163
31.560	-21.423	0.167
31.580	-18.619	0.151
31.600	-15.563	0.150
31.620	-12.302	0.133
31.640	-8.822	0.126
31.660	-5.256	0.102
31.680	-1.582	0.095
31.700	2.097	0.074
31.720	5.739	0.059
31.740	9.295	0.031
31.760	12.727	0.014
31.780	15.971	-0.007
31.800	19.000	-0.024
31.820	21.788	-0.044
31.840	24.232	-0.064
31.860	26.321	-0.082
31.880	28.040	-0.103
31.900	29.388	-0.118
31.920	30.312	-0.135
31.940	30.784	-0.141
31.960	30.844	-0.159
31.980	30.489	-0.164
32.000	29.678	-0.170
32.020	28.459	-0.176
32.040	26.847	-0.174
32.060	24.871	-0.174
32.080	22.502	-0.172
32.100	19.817	-0.168
32.120	16.889	-0.155
32.140	13.672	-0.145
32.160	10.299	-0.133
32.180	6.776	-0.123
32.200	3.177	-0.100
32.220	-0.491	-0.089
32.240	-4.160	-0.064
32.260	-7.775	-0.045
32.280	-11.255	-0.028
32.300	-14.574	-0.004
32.320	-17.722	0.014
32.340	-20.590	0.040
32.360	-23.174	0.055
32.380	-25.435	0.081
32.400	-27.331	0.095
32.420	-28.862	0.114
32.440	-29.952	0.126
32.460	-30.596	0.143
32.480	-30.838	0.155
32.500	-30.672	0.165
32.520	-30.065	0.163
32.540	-29.012	0.178
32.560	-27.562	0.174
32.580	-25.719	0.181
32.600	-23.517	0.173
32.620	-20.977	0.172
32.640	-18.103	0.164
32.660	-15.010	0.158
32.680	-11.712	0.138
32.700	-8.226	0.130
32.720	-4.616	0.105
32.740	-0.953	0.097
32.760	2.731	0.070
32.780	6.346	0.059
32.800	9.885	0.031
32.820	13.307	0.018
32.840	16.513	-0.010
32.860	19.494	-0.025
32.880	22.250	-0.050
32.900	24.613	-0.062
32.920	26.643	-0.089
32.940	28.303	-0.098
32.960	29.576	-0.121
32.980	30.419	-0.127
33.000	30.833	-0.147
33.020	30.822	-0.154
33.040	30.382	-0.164
33.060	29.506	-0.172
33.080	28.217	-0.177
33.100	26.525	-0.174
33.120	24.490	-0.172
33.140	22.056	-0.172
33.160	19.344	-0.166
33.180	16.363	-0.156
33.200	13.124	-0.144
33.220	9.730	-0.131
33.240	6.179	-0.122
33.260	2.554	-0.103
33.280	-1.109	-0.087
33.300	-4.745	-0.063
33.320	-8.355	-0.050
33.340	-11.824	-0.022
33.360	-15.117	-0.006
33.380	-18.211	0.017
33.400	-21.036	0.031
33.420	-23.576	0.055
33.440	-25.752	0.072
33.460	-27.605	0.094
33.480	-29.055	0.107
33.500	-30.075	0.126
33.520	-30.645	0.136
33.540	-30.833	0.150
33.560	-30.575	0.156
33.580	-29.904	0.163
33.600	-28.776	0.169
33.620	-27.245	0.172
33.640	-25.333	0.172
33.660	-23.088	0.172
33.680	-20.456	0.165
33.700	-17.577	0.155
33.720	-14.451	0.143
33.740	-11.110	0.132
33.760	-7.597	0.116
33.780	-3.972	0.104
33.800	-0.309	0.081
33.820	3.365	0.064
33.840	6.980	0.045
33.860	10.482	0.025
33.880	13.865	0.006
33.900	17.051	-0.018
33.920	19.989	-0.035
33.940	22.679	-0.060
33.960	24.989	-0.077
33.980	26.966	-0.098
34.000	28.545	-0.111
34.020	29.764	-0.133
34.040	30.516	-0.141
34.060	30.870	-0.162
34.080	30.763	-0.164
34.100	30.258	-0.179
34.120	29.307	-0.177
34.140	27.954	-0.188
34.160	26.214	-0.180
34.180	24.114	-0.186
34.200	21.632	-0.180
34.220	18.855	-0.172
34.240	15.826	-0.168
34.260	12.555	-0.151
34.280	9.134	-0.141
34.300	5.567	-0.126
34.320	1.942	-0.112
34.340	-1.721	-0.089
34.360	-5.368	-0.069
34.380	-8.951	-0.053
34.400	-12.399	-0.031
34.420	-15.638	-0.011
34.440	-18.683	0.012
34.460	-21.487	0.028
34.480	-23.936	0.050
34.500	-26.095	0.067
34.520	-27.868	0.089
34.540	-29.243	0.100
34.560	-30.199	0.121
34.580	-30.677	0.123
34.600	-30.817	0.146
34.620	-30.478	0.147
34.640	-29.732	0.155
34.660	-28.545	0.160
34.680	-26.944	0.167
34.700	-24.962	0.162
34.720	-22.653	0.161
34.740	-20.005	0.151
34.760	-17.061	0.148
34.780	-13.892	0.131
34.800	-10.509	0.126
34.820	-6.974	0.103
34.840	-3.349	0.092
34.860	0.314	0.072
34.880	3.983	0.054
34.900	7.581	0.035
34.920	11.073	0.014
34.940	14.435	-0.006
34.960	17.572	-0.027
34.980	20.467	-0.049
35.000	23.093	-0.066
35.020	25.344	-0.085
35.040	27.245	-0.104
35.060	28.781	-0.123
35.080	29.914	-0.137
35.100	30.613	-0.154
35.120	30.881	-0.163
35.140	30.720	-0.172
35.160	30.113	-0.175
35.180	29.114	-0.189
35.200	27.685	-0.187
35.220	25.875	-0.188
35.240	23.700	-0.188
35.260	21.181	-0.181
35.280	18.350	-0.172
35.300	15.278	-0.162
35.320	11.986	-0.152
35.340	8.537	-0.139
35.360	4.955	-0.123
35.380	1.313	-0.109
35.400	-2.350	-0.091
35.420	-5.981	-0.065
35.440	-9.558	-0.046
35.460	-12.958	-0.027
35.480	-16.180	-0.008
35.500	-19.220	0.017
35.520	-21.927	0.032
35.540	-24.355	0.056
35.560	-26.423	0.072
35.580	-28.136	0.093
35.600	-29.442	0.103
35.620	-30.328	0.126
35.640	-30.736	0.136
35.660	-30.795	0.147
35.680	-30.403	0.151
35.700	-29.592	0.160
35.720	-28.319	0.164
35.740	-26.649	0.169
35.760	-24.629	0.164
35.780	-22.228	0.165
35.800	-19.521	0.156
35.820	-16.535	0.148
35.840	-13.339	0.137
35.860	-9.928	0.124
35.880	-6.384	0.110
35.900	-2.742	0.091
35.920	0.927	0.073
35.940	4.590	0.053
35.960	8.172	0.035
35.980	11.653	0.014
36.000	14.967	-0.003
36.020	18.082	-0.025
36.040	20.923	-0.044
36.060	23.490	-0.067
36.080	25.698	-0.081
36.100	27.551	-0.104
36.120	29.001	-0.118
36.140	30.043	-0.135
36.160	30.677	-0.147
36.180	30.881	-0.157
36.200	30.650	-0.168
36.220	29.979	-0.172
36.240	28.894	-0.183
36.260	27.379	-0.182
36.280	25.542	-0.181
36.300	23.292	-0.178
36.320	20.703	-0.172
36.340	17.840	-0.165
36.360	14.725	-0.157
36.380	11.389	-0.142
36.400	7.904	-0.127
36.420	4.321	-0.115
36.440	0.658	-0.094
36.460	-3.000	-0.079
36.480	-6.641	-0.049
36.500	-10.170	-0.038
36.520	-13.554	-0.013
36.540	-16.760	-0.001
36.560	-19.715	0.031
36.580	-22.406	0.046
36.600	-24.763	0.072
36.620	-26.783	0.084
36.640	-28.453	0.105
36.660	-29.673	0.117
36.680	-30.478	0.139
36.700	-30.795	0.140
36.720	-30.779	0.160
36.740	-30.323	0.161
36.760	-29.415	0.172
36.780	-28.088	0.171
36.800	-26.359	0.180
36.820	-24.275	0.170
36.840	-21.820	0.172
36.860	-19.065	0.160
36.880	-16.041	0.158
36.900	-12.791	0.138
36.920	-9.338	0.134
36.940	-5.777	0.106
36.960	-2.124	0.100
36.980	1.550	0.076
37.000	5.202	0.064
37.020	8.752	0.038
37.040	12.227	0.022
37.060	15.520	-0.000
37.080	18.571	-0.017
37.100	21.390	-0.044
37.120	23.888	-0.056
37.140	26.031	-0.083
37.160	27.814	-0.090
37.180	29.211	-0.114
37.200	30.194	-0.124
37.220	30.747	-0.142
37.240	30.876	-0.151
37.260	30.575	-0.159
37.280	29.828	-0.166
37.300	28.668	-0.174
37.320	27.111	-0.171
37.340	25.177	-0.173
37.360	22.873	-0.172
37.380	20.241	-0.164
37.400	17.335	-0.162
37.420	14.172	-0.144
37.440	10.809	-0.136
37.460	7.307	-0.123
37.480	3.714	-0.110
37.500	0.046	-0.088
37.520	-3.623	-0.069
37.540	-7.232	-0.052
37.560	-10.734	-0.031
37.580	-14.086	-0.009
37.600	-17.260	0.014
37.620	-20.187	0.032
37.640	-22.803	0.053
37.660	-25.107	0.070
37.680	-27.052	0.090
37.700	-28.647	0.108
37.720	-29.785	0.122
37.740	-30.532	0.140
37.760	-30.827	0.147
37.780	-30.704	0.159
37.800	-30.167	0.164
37.820	-29.195	0.170
37.840	-27.793	0.168
37.860	-25.993	0.179
37.880	-23.845	0.167
37.900	-21.347	0.168
37.920	-18.517	0.161
37.940	-15.471	0.151
37.960	-12.200	0.134
37.980	-8.715	0.126
38.000	-5.137	0.106
38.020	-1.474	0.092
38.040	2.194	0.072
38.060	5.825	0.056
38.080	9.381	0.035
38.100	12.829	0.015
38.120	16.073	-0.009
38.140	19.086	-0.029
38.160	21.852	-0.047
38.180	24.291	-0.069
38.200	26.369	-0.084
38.220	28.083	-0.106
38.240	29.409	-0.118
38.260	30.317	-0.133
38.280	30.801	-0.152
38.300	30.844	-0.156
38.320	30.484	-0.171
38.340	29.656	-0.171
38.360	28.432	-0.182
38.380	26.788	-0.175
38.400	24.823	-0.184
38.420	22.443	-0.174
38.440	19.763	-0.174
38.460	16.814	-0.160
38.480	13.608	-0.155
38.500	10.224	-0.138
38.520	6.722	-0.127
38.540	3.096	-0.113
38.560	-0.556	-0.091
38.580	-4.230	-0.075
38.600	-7.828	-0.049
38.620	-11.314	-0.037
38.640	-14.634	-0.011
38.660	-17.760	0.006
38.680	-20.649	0.027
38.700	-23.206	0.047
38.720	-25.446	0.068
38.740	-27.325	0.085
38.760	-28.851	0.101
38.780	-29.936	0.119
38.800	-30.591	0.130
38.820	-30.817	0.143
38.840	-30.629	0.151
38.860	-30.022	0.158
38.880	-28.980	0.165
38.900	-27.508	0.168
38.920	-25.650	0.164
38.940	-23.421	0.163
38.960	-20.864	0.159
38.980	-18.023	0.149
39.000	-14.934	0.139
39.020	-11.620	0.123
39.040	-8.113	0.113
39.060	-4.504	0.096
39.080	-0.857	0.083
39.100	2.806	0.059
39.120	6.443	0.042
39.140	9.982	0.020
39.160	13.387	0.003
39.180	16.605	-0.022
39.200	19.564	-0.036
39.220	22.303	-0.065
39.240	24.656	-0.077
39.260	26.702	-0.102
39.280	28.330	-0.111
39.300	29.597	-0.136
39.320	30.425	-0.146
39.340	30.844	-0.163
39.360	30.811	-0.168
39.380	30.360	-0.177
39.400	29.474	-0.185
39.420	28.174	-0.187
39.440	26.498	-0.191
39.460	24.441	-0.187
39.480	21.997	-0.187
39.500	19.263	-0.177
39.520	16.293	-0.172
39.540	13.044	-0.154
39.560	9.638	-0.147
39.580	6.104	-0.131
39.600	2.484	-0.115
39.620	-1.195	-0.096
39.640	-4.831	-0.077
39.660	-8.451	-0.057
39.680	-11.894	-0.039
39.700	-15.181	-0.016
39.720	-18.275	0.008
39.740	-21.090	0.021
39.760	-23.614	0.049
39.780	-25.800	0.063
39.800	-27.632	0.088
39.820	-29.066	0.099
39.840	-30.081	0.118
39.860	-30.656	0.126
39.880	-30.817	0.143
39.900	-30.548	0.150
39.920	-29.877	0.157
39.940	-28.743	0.162
39.960	-27.202	0.164
39.980	-25.284	0.166
40.000	-23.012	0.162
40.020	-20.391	0.155
40.040	-17.502	0.146
40.060	-14.365	0.138
40.080	-11.013	0.122
40.100	-7.506	0.110
40.120	-3.886	0.092
40.140	-0.228	0.078
40.160	3.435	0.056
40.180	7.060	0.041
40.200	10.557	0.020
40.220	13.962	0.001
40.240	17.120	-0.022
40.260	20.053	-0.037
40.280	22.733	-0.059
40.300	25.032	-0.081
40.320	26.998	-0.099
40.340	28.572	-0.119
40.360	29.775	-0.131
40.380	30.537	-0.148
40.400	30.865	-0.159
40.420	30.774	-0.168
40.440	30.231	-0.177
40.460	29.286	-0.180
40.480	27.922	-0.187
40.500	26.171	-0.179
40.520	24.049	-0.186
40.540	21.552	-0.175
40.560	18.785	-0.176
40.580	15.751	-0.164
40.600	12.469	-0.154
40.620	9.048	-0.135
40.640	5.497	-0.127
40.660	1.845	-0.104
40.680	-1.818	-0.089
40.700	-5.470	-0.065
40.720	-9.053	-0.047
40.740	-12.485	-0.023
40.760	-15.735	-0.008
40.780	-18.785	0.018
40.800	-21.573	0.034
40.820	-24.033	0.055
40.840	-26.165	0.072
40.860	-27.927	0.097
40.880	-29.286	0.108
40.900	-30.237	0.129
40.920	-30.720	0.134
40.940	-30.811	0.147
40.960	-30.494	0.155
40.980	-29.732	0.163
41.000	-28.539	0.168
41.020	-26.939	0.169
41.040	-24.951	0.168
41.060	-22.620	0.167
41.080	-19.951	0.159
41.100	-17.002	0.156
41.120	-13.823	0.143
41.140	-10.455	0.128
41.160	-6.926	0.116
41.180	-3.284	0.097
41.200	0.395	0.084
41.220	4.052	0.061
41.240	7.640	0.044
41.260	11.158	0.022
41.280	14.499	0.004
41.300	17.641	-0.017
41.320	20.520	-0.039
41.340	23.147	-0.056
41.360	25.392	-0.073
41.380	27.304	-0.094
41.400	28.808	-0.110
41.420	29.925	-0.128
41.440	30.613	-0.140
41.460	30.876	-0.150
41.480	30.715	-0.161
41.500	30.113	-0.166
41.520	29.076	-0.175
41.540	27.626	-0.172
41.560	25.838	-0.175
41.580	23.635	-0.174
41.600	21.111	-0.172
41.620	18.286	-0.160
41.640	15.192	-0.151
41.660	11.894	-0.140
41.680	8.446	-0.124
41.700	4.864	-0.114
41.720	1.217	-0.092
41.740	-2.463	-0.077
41.760	-6.077	-0.051
41.780	-9.649	-0.039
41.800	-13.060	-0.010
41.820	-16.266	0.004
41.840	-19.280	0.031
41.860	-22.008	0.043
41.880	-24.414	0.069
41.900	-26.488	0.086
41.920	-28.185	0.102
41.940	-29.485	0.116
41.960	-30.328	0.137
41.980	-30.768	0.146
42.000	-30.806	0.160
42.020	-30.382	0.163
42.040	-29.549	0.175
42.060	-28.276	0.172
42.080	-26.611	0.180
42.100	-24.565	0.172
42.120	-22.175	0.173
42.140	-19.451	0.163
42.160	-16.460	0.159
42.180	-13.264	0.143
42.200	-9.832	0.135
42.220	-6.287	0.114
42.240	-2.645	0.101
42.260	1.034	0.084
42.280	4.670	0.067
42.300	8.247	0.042
42.320	11.760	0.029
42.340	15.063	0.002
42.360	18.157	-0.015
42.380	20.998	-0.040
42.400	23.555	-0.056
42.420	25.752	-0.075
42.440	27.583	-0.094
42.460	29.028	-0.115
42.480	30.075	-0.123
42.500	30.698	-0.140
42.520	30.876	-0.155
42.540	30.639	-0.160
42.560	29.957	-0.173
42.580	28.872	-0.173
42.600	27.374	-0.180
42.620	25.494	-0.170
42.640	23.233	-0.177
42.660	20.655	-0.164
42.680	17.776	-0.165
42.700	14.655	-0.149
42.720	11.320	-0.140
42.740	7.850	-0.121
42.760	4.257	-0.115
42.780	0.604	-0.094
42.800	-3.059	-0.077
42.820	-6.695	-0.054
42.840	-10.224	-0.036
42.860	-13.597	-0.015
42.880	-16.793	0.006
42.900	-19.747	0.026
42.920	-22.438	0.046
42.940	-24.785	0.067
42.960	-26.794	0.084
42.980	-28.421	0.102
43.000	-29.624	0.115
43.020	-30.430	0.130
43.040	-30.768	0.141
43.060	-30.752	0.160
43.080	-30.263	0.160
43.100	-29.340	0.168
43.120	-28.008	0.165
43.140	-26.257	0.175
43.160	-24.167	0.167
43.180	-21.718	0.169
43.200	-18.941	0.153
43.220	-15.917	0.151
43.240	-12.678	0.132
43.260	-9.230	0.129
43.280	-5.669	0.103
43.300	-2.017	0.094
43.320	1.652	0.070
43.340	5.309	0.056
43.360	8.870	0.033
43.380	12.329	0.014
43.400	15.600	-0.011
43.420	18.651	-0.031
43.440	21.460	-0.050
43.460	23.952	-0.068
43.480	26.090	-0.089
43.500	27.852	-0.107
43.520	29.248	-0.121
43.540	30.204	-0.140
43.560	30.758	-0.152
43.580	30.870	-0.161
43.600	30.553	-0.172
43.620	29.791	-0.175
43.640	28.641	-0.187
43.660	27.052	-0.182
43.680	25.139	-0.187
43.700	22.814	-0.178
43.720	20.182	-0.177
43.740	17.271	-0.169
43.760	14.096	-0.160
43.780	10.740	-0.147
43.800	7.227	-0.131
43.820	3.634	-0.119
43.840	-0.019	-0.098
43.860	-3.682	-0.083
43.880	-7.286	-0.062
43.900	-10.809	-0.042
43.920	-14.161	-0.021
43.940	-17.314	-0.000
43.960	-20.214	0.021
43.980	-22.846	0.038
44.000	-25.145	0.064
44.020	-27.084	0.078
44.040	-28.663	0.094
44.060	-29.796	0.110
44.080	-30.521	0.124
44.100	-30.790	0.135
44.120	-30.688	0.147
44.140	-30.140	0.155
44.160	-29.141	0.160
44.180	-27.734	0.160
44.200	-25.940	0.167
44.220	-23.775	0.156
44.240	-21.272	0.156
44.260	-18.447	0.147
44.280	-15.369	0.143
44.300	-12.120	0.122
44.320	-8.634	0.115
44.340	-5.052	0.094
44.360	-1.394	0.085
44.380	2.285	0.060
44.400	5.916	0.047
44.420	9.472	0.023
44.440	12.904	0.002
44.460	16.137	-0.015
44.480	19.151	-0.038
44.500	21.922	-0.054
44.520	24.339	-0.077
44.540	26.418	-0.094
44.560	28.131	-0.114
44.580	29.442	-0.128
44.600	30.339	-0.146
44.620	30.806	-0.156
44.640	30.849	-0.168
44.660	30.451	-0.178
44.680	29.624	-0.182
44.700	28.394	-0.186
44.720	26.772	-0.187
44.740	24.763	-0.187
44.760	22.379	-0.182
44.780	19.698	-0.177
44.800	16.750	-0.167
44.820	13.543	-0.160
44.840	10.165	-0.144
44.860	6.636	-0.130
44.880	3.005	-0.113
44.900	-0.653	-0.095
44.920	-4.300	-0.077
44.940	-7.925	-0.056
44.960	-11.384	-0.036
44.980	-14.719	-0.016
45.000	-17.840	0.006
45.020	-20.703	0.027
45.040	-23.265	0.046
45.060	-25.494	0.066
45.080	-27.385	0.082
45.100	-28.888	0.102
45.120	-29.957	0.115
45.140	-30.596	0.135
45.160	-30.806	0.137
45.180	-30.639	0.157
45.200	-30.006	0.152
45.220	-28.958	0.168
45.240	-27.465	0.163
45.260	-25.585	0.172
45.280	-23.383	0.163
45.300	-20.821	0.163
45.320	-17.953	0.147
45.340	-14.838	0.145
45.360	-11.529	0.123
45.380	-8.032	0.122
45.400	-4.434	0.095
45.420	-0.771	0.086
45.440	2.898	0.060
45.460	6.523	0.049
45.480	10.052	0.025
45.500	13.463	0.006
45.520	16.669	-0.015
45.540	19.634	-0.036
45.560	22.363	-0.051
45.580	24.715	-0.075
45.600	26.735	-0.087
45.620	28.373	-0.112
45.640	29.624	-0.119
45.660	30.446	-0.145
45.680	30.849	-0.148
45.700	30.811	-0.170
45.720	30.344	-0.168
45.740	29.452	-0.181
45.760	28.142	-0.181
45.780	26.439	-0.177
45.800	24.398	-0.176
45.820	21.944	-0.169
45.840	19.199	-0.172
45.860	16.213	-0.157
45.880	12.974	-0.154
45.900	9.552	-0.130
45.920	5.997	-0.127
45.940	2.371	-0.098
45.960	-1.286	-0.093
45.980	-4.933	-0.063
46.000	-8.532	-0.051
46.020	-11.996	-0.023
46.040	-15.273	-0.010
46.060	-18.366	0.016
46.080	-21.186	0.038
46.100	-23.678	0.056
46.120	-25.865	0.080
46.140	-27.701	0.092
46.160	-29.114	0.111
46.180	-30.124	0.126
46.200	-30.666	0.143
46.220	-30.827	0.151
46.240	-30.570	0.164
46.260	-29.882	0.164
46.280	-28.749	0.176
46.300	-27.170	0.172
46.320	-25.258	0.180
46.340	-22.959	0.170
46.360	-20.359	0.168
46.380	-17.443	0.158
46.400	-14.301	0.151
46.420	-10.944	0.135
46.440	-7.436	0.122
46.460	-3.827	0.107
46.480	-0.142	0.090
46.500	3.526	0.070
46.520	7.130	0.051
46.540	10.659	0.033
46.560	14.032	0.008
46.580	17.190	-0.007
46.600	20.117	-0.030
46.620	22.787	-0.049
46.640	25.091	-0.068
46.660	27.046	-0.089
46.680	28.615	-0.101
46.700	29.785	-0.124
46.720	30.543	-0.130
46.740	30.865	-0.152
46.760	30.763	-0.150
46.780	30.231	-0.171
46.800	29.254	-0.163
46.820	27.873	-0.181
46.840	26.122	-0.167
46.860	23.990	-0.177
46.880	21.503	-0.165
46.900	18.716	-0.165
46.920	15.686	-0.146
46.940	12.388	-0.147
46.960	8.972	-0.126
46.980	5.395	-0.118
47.000	1.754	-0.098
47.020	-1.909	-0.077
47.040	-5.551	-0.059
47.060	-9.123	-0.042
47.080	-12.544	-0.021
47.100	-15.810	0.004
47.120	-18.844	0.023
47.140	-21.611	0.042
47.160	-24.071	0.066
47.180	-26.187	0.080
47.200	-27.948	0.098
47.220	-29.307	0.116
47.240	-30.220	0.133
47.260	-30.698	0.142
47.280	-30.801	0.160
47.300	-30.462	0.161
47.320	-29.683	0.168
47.340	-28.480	0.168
47.360	-26.864	0.178
47.380	-24.865	0.168
47.400	-22.529	0.172
47.420	-19.865	0.164
47.440	-16.927	0.160
47.460	-13.742	0.143
47.480	-10.347	0.133
47.500	-6.808	0.112
47.520	-3.193	0.103
47.540	0.491	0.080
47.560	4.138	0.068
47.580	7.753	0.039
47.600	11.250	0.029
47.620	14.596	-0.000
47.640	17.706	-0.012
47.660	20.590	-0.043
47.680	23.200	-0.057
47.700	25.446	-0.081
47.720	27.342	-0.094
47.740	28.840	-0.114
47.760	29.952	-0.125
47.780	30.634	-0.146
47.800	30.886	-0.152
47.820	30.698	-0.167
47.840	30.092	-0.169
47.860	29.050	-0.177
47.880	27.615	-0.181
47.900	25.789	-0.179
47.920	23.587	-0.181
47.940	21.047	-0.169
47.960	18.216	-0.172
47.980	15.133	-0.153
48.000	11.830	-0.144
48.020	8.365	-0.131
48.040	4.799	-0.122
48.060	1.141	-0.100
48.080	-2.522	-0.084
48.100	-6.163	-0.059
48.120	-9.714	-0.045
48.140	-13.114	-0.024
48.160	-16.325	0.002
48.180	-19.344	0.018
48.200	-22.051	0.038
48.220	-24.447	0.057
48.240	-26.498	0.079
48.260	-28.196	0.092
48.280	-29.479	0.110
48.300	-30.349	0.124
48.320	-30.747	0.137
48.340	-30.763	0.148
48.360	-30.344	0.154
48.380	-29.506	0.161
48.400	-28.228	0.164
48.420	-26.552	0.168
48.440	-24.484	0.164
48.460	-22.094	0.163
48.480	-19.371	0.153
48.500	-16.368	0.149
48.520	-13.162	0.130
48.540	-9.746	0.118
48.560	-6.201	0.101
48.580	-2.554	0.089
48.600	1.120	0.068
48.620	4.767	0.053
48.640	8.344	0.031
48.660	11.841	0.011
48.680	15.128	-0.010
48.700	18.221	-0.030
48.720	21.063	-0.050
48.740	23.609	-0.073
48.760	25.789	-0.088
48.780	27.621	-0.111
48.800	29.066	-0.120
48.820	30.097	-0.146
48.840	30.709	-0.150
48.860	30.886	-0.168
48.880	30.634	-0.170
48.900	29.925	-0.186
48.920	28.845	-0.187
48.940	27.309	-0.188
48.960	25.446	-0.185
48.980	23.184	-0.184
49.000	20.579	-0.184
49.020	17.711	-0.168
49.040	14.574	-0.161
49.060	11.250	-0.151
49.080	7.759	-0.134
49.100	4.171	-0.123
49.120	0.518	-0.102
49.140	-3.156	-0.086
49.160	-6.765	-0.065
49.180	-10.299	-0.048
49.200	-13.672	-0.023
49.220	-16.852	-0.005
49.240	-19.817	0.019
49.260	-22.475	0.034
49.280	-24.823	0.060
49.300	-26.826	0.075
49.320	-28.453	0.098
49.340	-29.651	0.106
49.360	-30.451	0.126
49.380	-30.779	0.130
49.400	-30.715	0.150
49.420	-30.231	0.151
49.440	-29.323	0.163
49.460	-27.959	0.160
49.480	-26.230	0.169
49.500	-24.103	0.159
49.520	-21.654	0.163
49.540	-18.871	0.147
49.560	-15.837	0.145
49.580	-12.603	0.125
49.600	-9.139	0.121
49.620	-5.567	0.100
49.640	-1.920	0.090
49.660	1.743	0.064
49.680	5.395	0.056
49.700	8.951	0.024
49.720	12.405	0.012
49.740	15.686	-0.015
49.760	18.726	-0.025
49.780	21.525	-0.057
49.800	24.006	-0.065
49.820	26.138	-0.095
49.840	27.895	-0.103
49.860	29.270	-0.129
49.880	30.220	-0.133
49.900	30.758	-0.161
49.920	30.854	-0.161
49.940	30.537	-0.176
49.960	29.775	-0.173
49.980	28.615	-0.186
50.000	27.025	-0.186
50.020	25.080	-0.181
50.040	22.755	-0.182
50.060	20.107	-0.170
50.080	17.190	-0.171
50.100	14.005	-0.152
50.120	10.664	-0.147
50.140	7.152	-0.128
50.160	3.537	-0.115
50.180	-0.105	-0.097
50.200	-3.789	-0.077
50.220	-7.393	-0.052
50.240	-10.906	-0.036
50.260	-14.241	-0.016
50.280	-17.394	0.003
50.300	-20.316	0.022
50.320	-22.927	0.046
50.340	-25.193	0.062
50.360	-27.148	0.089
50.380	-28.700	0.095
50.400	-29.839	0.123
50.420	-30.559	0.129
50.440	-30.806	0.143
50.460	-30.693	0.153
50.480	-30.118	0.158
50.500	-29.141	0.167
50.520	-27.712	0.168
50.540	-25.902	0.170
50.560	-23.732	0.168
50.580	-21.219	0.168
50.600	-18.399	0.156
50.620	-15.316	0.147
50.640	-12.039	0.131
50.660	-8.575	0.123
50.680	-4.976	0.103
50.700	-1.313	0.094
50.720	2.361	0.072
50.740	6.008	0.057
50.760	9.536	0.034
50.780	12.974	0.011
50.800	16.213	-0.009
50.820	19.204	-0.027
50.840	21.981	-0.045
50.860	24.387	-0.068
50.880	26.461	-0.084
50.900	28.153	-0.106
50.920	29.469	-0.115
50.940	30.344	-0.137
50.960	30.811	-0.142
50.980	30.844	-0.160
51.000	30.446	-0.163
51.020	29.603	-0.172
51.040	28.373	-0.177
51.060	26.713	-0.176
51.080	24.720	-0.174
51.100	22.314	-0.170
51.120	19.634	-0.166
51.140	16.680	-0.153
51.160	13.452	-0.148
51.180	10.052	-0.131
51.200	6.545	-0.121
51.220	2.925	-0.102
51.240	-0.739	-0.085
51.260	-4.407	-0.064
51.280	-7.995	-0.042
51.300	-11.491	-0.027
51.320	-14.784	-0.003
51.340	-17.905	0.017
51.360	-20.762	0.037
51.380	-23.329	0.057
51.400	-25.553	0.080
51.420	-27.438	0.093
51.440	-28.926	0.112
51.460	-29.973	0.127
51.480	-30.613	0.140
51.500	-30.822	0.155
51.520	-30.613	0.167
51.540	-30.006	0.168
51.560	-28.921	0.175
51.580	-27.427	0.175
51.600	-25.548	0.180
51.620	-23.319	0.172
51.640	-20.740	0.175
51.660	-17.872	0.159
51.680	-14.773	0.158
51.700	-11.454	0.138
51.720	-7.957	0.130
51.740	-4.337	0.106
51.760	-0.674	0.095
51.780	2.989	0.072
51.800	6.625	0.058
51.820	10.149	0.031
51.840	13.543	0.014
51.860	16.739	-0.011
51.880	19.709	-0.027
51.900	22.422	-0.049
51.920	24.758	-0.065
51.940	26.778	-0.087
51.960	28.410	-0.102
51.980	29.646	-0.122
52.000	30.446	-0.133
52.020	30.849	-0.148
52.040	30.790	-0.155
52.060	30.333	-0.167
52.080	29.420	-0.170
52.100	28.115	-0.176
52.120	26.402	-0.172
52.140	24.339	-0.175
52.160	21.879	-0.171
52.180	19.145	-0.165
52.200	16.137	-0.156
52.220	12.888	-0.145
52.240	9.477	-0.133
52.260	5.943	-0.117
52.280	2.307	-0.101
52.300	-1.356	-0.087
52.320	-5.009	-0.060
52.340	-8.596	-0.048
52.360	-12.055	-0.023
52.380	-15.332	-0.004
52.400	-18.415	0.020
52.420	-21.229	0.035
52.440	-23.716	0.056
52.460	-25.897	0.073
52.480	-27.712	0.094
52.500	-29.119	0.110
52.520	-30.118	0.131
52.540	-30.661	0.137
52.560	-30.827	0.152
52.580	-30.527	0.160
52.600	-29.802	0.168
52.620	-28.684	0.171
52.640	-27.111	0.173
52.660	-25.182	0.172
52.680	-22.884	0.171
52.700	-20.273	0.161
52.720	-17.346	0.155
52.740	-14.215	0.142
52.760	-10.858	0.130
52.780	-7.345	0.115
52.800	-3.709	0.100
52.820	-0.051	0.085
52.840	3.623	0.060
52.860	7.227	0.043
52.880	10.740	0.025
52.900	14.113	0.003
52.920	17.271	-0.015
52.940	20.177	-0.040
52.960	22.841	-0.060
52.980	25.139	-0.077
53.000	27.089	-0.098
53.020	28.641	-0.115
53.040	29.823	-0.132
53.060	30.553	-0.147
53.080	30.870	-0.158
53.100	30.747	-0.170
53.120	30.220	-0.177
53.140	29.227	-0.180
53.160	27.846	-0.183
53.180	26.085	-0.184
53.200	23.936	-0.187
53.220	21.444	-0.177
53.240	18.646	-0.172
53.260	15.606	-0.160
53.280	12.324	-0.152
53.300	8.876	-0.140
53.320	5.320	-0.126
53.340	1.684	-0.109
53.360	-1.985	-0.090
53.380	-5.626	-0.068
53.400	-9.198	-0.050
53.420	-12.635	-0.029
53.440	-15.858	-0.011
53.460	-18.909	0.014
53.480	-21.664	0.031
53.500	-24.135	0.056
53.520	-26.240	0.070
53.540	-27.986	0.089
53.560	-29.323	0.101
53.580	-30.237	0.125
53.600	-30.709	0.130
53.620	-30.801	0.146
53.640	-30.441	0.150
53.660	-29.662	0.157
53.680	-28.448	0.156
53.700	-26.826	0.167
53.720	-24.828	0.163
53.740	-22.486	0.159
53.760	-19.801	0.149
53.780	-16.841	0.144
53.800	-13.661	0.131
53.820	-10.283	0.122
53.840	-6.717	0.106
53.860	-3.102	0.090
53.880	0.577	0.072
53.900	4.235	0.056
53.920	7.823	0.031
53.940	11.320	0.014
53.960	14.660	-0.007
53.980	17.776	-0.026
54.000	20.660	-0.048
54.020	23.270	-0.067
54.040	25.489	-0.085
54.060	27.368	-0.102
54.080	28.878	-0.123
54.100	29.973	-0.135
54.120	30.645	-0.153
54.140	30.881	-0.159
54.160	30.688	-0.177
54.180	30.049	-0.177
54.200	29.017	-0.187
54.220	27.562	-0.184
54.240	25.741	-0.186
54.260	23.539	-0.185
54.280	20.988	-0.177
54.300	18.146	-0.173
54.320	15.042	-0.163
54.340	11.728	-0.152
54.360	8.269	-0.135
54.380	4.697	-0.127
54.400	1.045	-0.101
54.420	-2.618	-0.087
54.440	-6.260	-0.059
54.460	-9.810	-0.046
54.480	-13.226	-0.022
54.500	-16.433	-0.005
54.520	-19.419	0.018
54.540	-22.137	0.037
54.560	-24.543	0.058
54.580	-26.579	0.078
54.600	-28.271	0.095
54.620	-29.528	0.111
54.640	-30.382	0.127
54.660	-30.752	0.136
54.680	-30.790	0.151
54.700	-30.376	0.155
54.720	-29.522	0.164
54.740	-28.228	0.166
54.760	-26.541	0.170
54.780	-24.484	0.164
54.800	-22.078	0.167
54.820	-19.349	0.152
54.840	-16.342	0.149
54.860	-13.119	0.134
54.880	-9.714	0.126
54.900	-6.136	0.106
54.920	-2.500	0.092
54.940	1.179	0.074
54.960	4.831	0.058
54.980	8.419	0.034
55.000	11.900	0.012
55.020	15.187	-0.007
55.040	18.270	-0.023
55.060	21.122	-0.044
55.080	23.662	-0.063
55.100	25.843	-0.081
55.120	27.664	-0.102
55.140	29.093	-0.116
55.160	30.102	-0.137
55.180	30.715	-0.144
55.200	30.876	-0.160
55.220	30.618	-0.164
55.240	29.914	-0.173
55.260	28.802	-0.178
55.280	27.272	-0.181
55.300	25.392	-0.180
55.320	23.120	-0.181
55.340	20.504	-0.171
55.360	17.631	-0.164
55.380	14.489	-0.152
55.400	11.137	-0.143
55.420	7.656	-0.126
55.440	4.052	-0.114
55.460	0.406	-0.095
55.480	-3.274	-0.074
55.500	-6.883	-0.053
55.520	-10.428	-0.036
55.540	-13.801	-0.013
55.560	-16.970	0.001
55.580	-19.935	0.028
55.600	-22.588	0.045
55.620	-24.930	0.072
55.640	-26.923	0.085
55.660	-28.539	0.105
55.680	-29.721	0.119
55.700	-30.532	0.142
55.720	-30.827	0.149
55.740	-30.752	0.162
55.760	-30.263	0.162
55.780	-29.345	0.175
55.800	-27.986	0.169
55.820	-26.224	0.182
55.840	-24.081	0.169
55.860	-21.632	0.172
55.880	-18.861	0.158
55.900	-15.799	0.160
55.920	-12.555	0.139
55.940	-9.091	0.134
55.960	-5.519	0.108
55.980	-1.872	0.100
56.000	1.818	0.075
56.020	5.460	0.064
56.040	9.015	0.039
56.060	12.474	0.025
56.080	15.740	-0.000
56.100	18.791	-0.019
56.120	21.589	-0.048
56.140	24.054	-0.056
56.160	26.181	-0.081
56.180	27.927	-0.093
56.200	29.307	-0.116
56.220	30.247	-0.126
56.240	30.768	-0.143
56.260	30.860	-0.150
56.280	30.537	-0.164
56.300	29.759	-0.164
56.320	28.572	-0.173
56.340	26.976	-0.172
56.360	25.032	-0.171
56.380	22.690	-0.172
56.400	20.037	-0.163
56.420	17.126	-0.157
56.440	13.935	-0.142
56.460	10.552	-0.135
56.480	7.066	-0.121
56.500	3.456	-0.106
56.520	-0.212	-0.088
56.540	-3.870	-0.068
56.560	-7.490	-0.052
56.580	-10.987	-0.027
56.600	-14.322	-0.010
56.620	-17.480	0.015
56.640	-20.381	0.031
56.660	-22.975	0.054
56.680	-25.268	0.073
56.700	-27.191	0.093
56.720	-28.749	0.105
56.740	-29.861	0.126
56.760	-30.553	0.139
56.780	-30.827	0.151
56.800	-30.698	0.163
56.820	-30.124	0.168
56.840	-29.098	0.175
56.860	-27.669	0.174
56.880	-25.848	0.179
56.900	-23.673	0.171
56.920	-21.154	0.170
56.940	-18.318	0.161
56.960	-15.230	0.152
56.980	-11.948	0.137
57.000	-8.478	0.130
57.020	-4.880	0.107
57.040	-1.227	0.091
57.060	2.447	0.071
57.080	6.104	0.056
57.100	9.628	0.035
57.120	13.054	0.015
57.140	16.288	-0.007
57.160	19.280	-0.027
57.180	22.046	-0.047
57.200	24.447	-0.069
57.220	26.504	-0.085
57.240	28.190	-0.106
57.260	29.490	-0.118
57.280	30.365	-0.140
57.300	30.822	-0.145
57.320	30.838	-0.162
57.340	30.441	-0.165
57.360	29.587	-0.177
57.380	28.335	-0.180
57.400	26.665	-0.176
57.420	24.667	-0.180
57.440	22.255	-0.175
57.460	19.570	-0.172
57.480	16.594	-0.161
57.500	13.371	-0.152
57.520	9.993	-0.137
57.540	6.464	-0.127
57.560	2.844	-0.105
57.580	-0.819	-0.093
57.600	-4.477	-0.070
57.620	-8.081	-0.053
57.640	-11.567	-0.036
57.660	-14.865	-0.010
57.680	-17.974	0.009
57.700	-20.832	0.031
57.720	-23.378	0.047
57.740	-25.601	0.072
57.760	-27.460	0.087
57.780	-28.964	0.104
57.800	-30.000	0.119
57.820	-30.602	0.135
57.840	-30.827	0.142
57.860	-30.602	0.154
57.880	-29.963	0.158
57.900	-28.888	0.167
57.920	-27.379	0.168
57.940	-25.478	0.172
57.960	-23.254	0.163
57.980	-20.665	0.160
58.000	-17.797	0.147
58.020	-14.693	0.139
58.040	-11.373	0.124
58.060	-7.866	0.112
58.080	-4.246	0.097
58.100	-0.588	0.081
58.120	3.086	0.057
58.140	6.700	0.042
58.160	10.229	0.019
58.180	13.629	0.004
58.200	16.820	-0.020
58.220	19.784	-0.037
58.240	22.491	-0.066
58.260	24.817	-0.075
58.280	26.821	-0.101
58.300	28.432	-0.113
58.320	29.678	-0.136
58.340	30.473	-0.146
58.360	30.860	-0.163
58.380	30.795	-0.165
58.400	30.312	-0.178
58.420	29.399	-0.181
58.440	28.072	-0.187
58.460	26.364	-0.184
58.480	24.285	-0.188
58.500	21.820	-0.184
58.520	19.075	-0.174
58.540	16.073	-0.168
58.560	12.807	-0.154
58.580	9.381	-0.143
58.600	5.841	-0.131
58.620	2.210	-0.114
58.640	-1.458	-0.098
58.660	-5.100	-0.072
58.680	-8.693	-0.054
58.700	-12.131	-0.034
58.720	-15.412	-0.017
58.740	-18.479	0.011
58.760	-21.288	0.023
58.780	-23.781	0.051
58.800	-25.934	0.064
58.820	-27.744	0.088
58.840	-29.152	0.098
58.860	-30.140	0.122
58.880	-30.672	0.126
58.900	-30.801	0.147
58.920	-30.521	0.147
58.940	-29.796	0.159
58.960	-28.657	0.160
58.980	-27.094	0.168
59.000	-25.145	0.164
59.020	-22.830	0.163
59.040	-20.209	0.155
59.060	-17.287	0.147
59.080	-14.134	0.136
59.100	-10.766	0.125
59.120	-7.259	0.110
59.140	-3.628	0.094
59.160	0.030	0.076
59.180	3.703	0.059
59.200	7.307	0.039
59.220	10.809	0.022
59.240	14.177	-0.002
59.260	17.335	-0.019
59.280	20.246	-0.044
59.300	22.900	-0.060
59.320	25.182	-0.083
59.340	27.116	-0.098
59.360	28.674	-0.121
59.380	29.844	-0.130
59.400	30.564	-0.148
59.420	30.876	-0.156
59.440	30.747	-0.168
59.460	30.172	-0.172
59.480	29.200	-0.180
59.500	27.809	-0.189
59.520	26.031	-0.181
59.540	23.883	-0.187
59.560	21.385	-0.173
59.580	18.576	-0.173
59.600	15.525	-0.161
59.620	12.222	-0.153
59.640	8.801	-0.133
59.660	5.218	-0.125
59.680	1.587	-0.105
59.700	-2.092	-0.089
59.720	-5.723	-0.066
59.740	-9.305	-0.044
59.760	-12.732	-0.027
59.780	-15.955	-0.005
59.800	-19.011	0.010
59.820	-21.766	0.037
59.840	-24.210	0.058
59.860	-26.316	0.076
59.880	-28.051	0.094
59.900	-29.372	0.114
59.920	-30.306	0.129
59.940	-30.747	0.138
59.960	-30.827	0.149
59.980	-30.468	0.155
60.000	-29.673	0.163
60.020	-28.459	0.168
60.040	-26.815	0.174
60.060	-24.817	0.164
60.080	-22.454	0.170
60.100	-19.758	0.155
60.120	-16.803	0.155
60.140	-13.613	0.139
60.160	-10.213	0.133
60.180	-6.657	0.111
60.200	-3.037	0.100
60.220	0.636	0.080
60.240	4.310	0.060
60.260	7.887	0.040
60.280	11.389	0.019
60.300	14.730	0.001
60.320	17.851	-0.018
60.340	20.719	-0.038
60.360	23.302	-0.054
60.380	25.537	-0.074
60.400	27.422	-0.096
60.420	28.905	-0.112
60.440	29.984	-0.131
60.460	30.650	-0.137
60.480	30.881	-0.155
60.500	30.688	-0.161
60.520	30.049	-0.171
60.540	28.996	-0.171
60.560	27.503	-0.177
60.580	25.687	-0.176
60.600	23.464	-0.172
60.620	20.907	-0.171
60.640	18.066	-0.160
60.660	14.967	-0.151
60.680	11.658	-0.140
60.700	8.183	-0.125
60.720	4.595	-0.113
60.740	0.948	-0.094
60.760	-2.720	-0.072
60.780	-6.357	-0.055
60.800	-9.902	-0.032
60.820	-13.302	-0.012
60.840	-16.508	0.009
60.860	-19.505	0.029
60.880	-22.212	0.048
60.900	-24.597	0.072
60.920	-26.627	0.085
60.940	-28.314	0.106
60.960	-29.571	0.120
60.980	-30.425	0.143
61.000	-30.790	0.147
61.020	-30.801	0.163
61.040	-30.360	0.163
61.060	-29.490	0.175
61.080	-28.190	0.172
61.100	-26.504	0.186
61.120	-24.430	0.171
61.140	-21.997	0.176
61.160	-19.269	0.160
61.180	-16.250	0.162
61.200	-13.044	0.143
61.220	-9.601	0.135
61.240	-6.056	0.110
61.260	-2.393	0.100
61.280	1.281	0.080
61.300	4.923	0.068
61.320	8.500	0.040
61.340	11.980	0.027
61.360	15.283	0.004
61.380	18.361	-0.013
61.400	21.181	-0.039
61.420	23.721	-0.059
61.440	25.886	-0.077
61.460	27.701	-0.094
61.480	29.125	-0.114
61.500	30.135	-0.125
61.520	30.715	-0.143
61.540	30.886	-0.153
61.560	30.623	-0.161
61.580	29.898	-0.170
61.600	28.781	-0.175
61.620	27.245	-0.176
61.640	25.354	-0.175
61.660	23.061	-0.175
61.680	20.456	-0.166
61.700	17.572	-0.160
61.720	14.424	-0.145
61.740	11.067	-0.137
61.760	7.581	-0.122
61.780	3.999	-0.110
61.800	0.330	-0.092
61.820	-3.338	-0.071
61.840	-6.948	-0.052
61.860	-10.476	-0.036
61.880	-13.844	-0.013
61.900	-17.013	0.008
61.920	-19.962	0.027
61.940	-22.615	0.050
61.960	-24.935	0.068
61.980	-26.928	0.088
62.000	-28.529	0.105
62.020	-29.716	0.118
62.040	-30.473	0.135
62.060	-30.806	0.144
62.080	-30.741	0.160
62.100	-30.220	0.163
62.120	-29.281	0.175
62.140	-27.900	0.172
62.160	-26.133	0.176
62.180	-24.017	0.166
62.200	-21.535	0.168
62.220	-18.748	0.155
62.240	-15.697	0.153
62.260	-12.442	0.136
62.280	-8.978	0.128
62.300	-5.411	0.105
62.320	-1.754	0.095
62.340	1.899	0.070
62.360	5.556	0.056
62.380	9.112	0.031
62.400	12.587	0.011
62.420	15.831	-0.011
62.440	18.871	-0.029
62.460	21.659	-0.048
62.480	24.124	-0.070
62.500	26.230	-0.085
62.520	27.970	-0.107
62.540	29.323	-0.119
62.560	30.269	-0.140
62.580	30.779	-0.152
62.600	30.860	-0.160
62.620	30.521	-0.168
62.640	29.737	-0.177
62.660	28.539	-0.185
62.680	26.933	-0.184
62.700	24.989	-0.183
62.720	22.631	-0.177
62.740	19.978	-0.176
62.760	17.056	-0.168
62.780	13.865	-0.159
62.800	10.498	-0.143
62.820	6.969	-0.135
62.840	3.381	-0.115
62.860	-0.287	-0.098
62.880	-3.945	-0.077
62.900	-7.560	-0.058
62.920	-11.062	-0.038
62.940	-14.386	-0.016
62.960	-17.534	0.002
62.980	-20.424	0.024
63.000	-23.034	0.041
63.020	-25.284	0.064
63.040	-27.218	0.079
63.060	-28.743	0.098
63.080	-29.850	0.111
63.100	-30.553	0.129
63.120	-30.817	0.136
63.140	-30.661	0.151
63.160	-30.075	0.155
63.180	-29.060	0.163
63.200	-27.621	0.161
63.220	-25.800	0.164
63.240	-23.603	0.157
63.260	-21.090	0.156
63.280	-18.232	0.149
63.300	-15.155	0.141
63.320	-11.862	0.125
63.340	-8.392	0.114
63.360	-4.794	0.093
63.380	-1.125	0.083
63.400	2.549	0.062
63.420	6.174	0.047
63.440	9.714	0.020
63.460	13.135	0.006
63.480	16.358	-0.019
63.500	19.360	-0.036
63.520	22.105	-0.058
63.540	24.490	-0.077
63.560	26.557	-0.102
63.580	28.228	-0.111
63.600	29.517	-0.133
63.620	30.376	-0.143
63.640	30.827	-0.161
63.660	30.827	-0.168
63.680	30.425	-0.177
63.700	29.549	-0.179
63.720	28.287	-0.189
63.740	26.633	-0.181
63.760	24.613	-0.185
63.780	22.196	-0.182
63.800	19.494	-0.176
63.820	16.524	-0.168
63.840	13.291	-0.159
63.860	9.902	-0.143
63.880	6.378	-0.128
63.900	2.747	-0.114
63.920	-0.905	-0.097
63.940	-4.557	-0.077
63.960	-8.177	-0.059
63.980	-11.642	-0.036
64.000	-14.945	-0.015
64.020	-18.050	0.007
64.040	-20.902	0.026
64.060	-23.431	0.047
64.080	-25.655	0.066
64.100	-27.503	0.085
64.120	-28.985	0.101
64.140	-30.022	0.120
64.160	-30.629	0.128
64.180	-30.817	0.144
64.200	-30.591	0.152
64.220	-29.957	0.157
64.240	-28.867	0.165
64.260	-27.358	0.166
64.280	-25.467	0.169
64.300	-23.217	0.162
64.320	-20.612	0.159
64.340	-17.743	0.152
64.360	-14.617	0.139
64.380	-11.303	0.129
64.400	-7.796	0.118
64.420	-4.181	0.096
64.440	-0.513	0.083
64.460	3.156	0.064
64.480	6.781	0.047
64.500	10.294	0.027
64.520	13.694	0.003
64.540	16.889	-0.016
64.560	19.838	-0.036
64.580	22.540	-0.055
64.600	24.865	-0.077
64.620	26.858	-0.094
64.640	28.475	-0.112
64.660	29.694	-0.127
64.680	30.489	-0.145
64.700	30.860	-0.151
64.720	30.790	-0.164
64.740	30.290	-0.168
64.760	29.372	-0.176
64.780	28.045	-0.180
64.800	26.310	-0.178
64.820	24.226	-0.180
64.840	21.756	-0.175
64.860	19.000	-0.170
64.880	15.987	-0.161
64.900	12.721	-0.152
64.920	9.300	-0.134
64.940	5.744	-0.121
64.960	2.108	-0.104
64.980	-1.560	-0.088
65.000	-5.213	-0.066
65.020	-8.801	-0.047
65.040	-12.260	-0.023
65.060	-15.514	-0.011
65.080	-18.592	0.016
65.100	-21.385	0.036
65.120	-23.872	0.060
65.140	-26.031	0.075
65.160	-27.830	0.093
65.180	-29.232	0.111
65.200	-30.199	0.127
65.220	-30.709	0.140
65.240	-30.849	0.152
65.260	-30.548	0.161
65.280	-29.834	0.163
65.300	-28.663	0.172
65.320	-27.094	0.173
65.340	-25.129	0.174
65.360	-22.830	0.169
65.380	-20.187	0.165
65.400	-17.244	0.157
65.420	-14.091	0.146
65.440	-10.729	0.134
65.460	-7.195	0.116
65.480	-3.564	0.104
65.500	0.099	0.089
65.520	3.779	0.066
65.540	7.366	0.046
65.560	10.874	0.031
65.580	14.252	0.012
65.600	17.410	-0.011
65.620	20.322	-0.031
65.640	22.953	-0.051
65.660	25.236	-0.071
65.680	27.164	-0.089
65.700	28.711	-0.106
65.720	29.855	-0.125
65.740	30.580	-0.135
65.760	30.876	-0.147
65.780	30.741	-0.159
65.800	30.167	-0.164
65.820	29.168	-0.167
65.840	27.755	-0.177
65.860	25.988	-0.169
65.880	23.834	-0.175
65.900	21.321	-0.165
65.920	18.501	-0.160
65.940	15.445	-0.148
65.960	12.147	-0.143
65.980	8.715	-0.123
66.000	5.132	-0.115
66.020	1.485	-0.092
66.040	-2.162	-0.076
66.060	-5.814	-0.054
66.080	-9.375	-0.040
66.100	-12.807	-0.012
66.120	-16.041	0.003
66.140	-19.075	0.030
66.160	-21.809	0.043
66.180	-24.242	0.068
66.200	-26.364	0.080
66.220	-28.072	0.105
66.240	-29.399	0.117
66.260	-30.301	0.135
66.280	-30.747	0.145
66.300	-30.822	0.159
66.320	-30.441	0.162
66.340	-29.624	0.172
66.360	-28.410	0.172
66.380	-26.751	0.177
66.400	-24.742	0.174
66.420	-22.373	0.172
66.440	-19.677	0.161
66.460	-16.691	0.159
66.480	-13.506	0.145
66.500	-10.111	0.131
66.520	-6.572	0.116
66.540	-2.919	0.097
66.560	0.749	0.085
66.580	4.412	0.068
66.600	7.990	0.043
66.620	11.481	0.027
66.640	14.811	0.002
66.660	17.921	-0.014
66.680	20.794	-0.037
66.700	23.372	-0.057
66.720	25.596	-0.077
66.740	27.476	-0.096
66.760	28.937	-0.114
66.780	30.011	-0.128
66.800	30.661	-0.141
66.820	30.881	-0.153
66.840	30.682	-0.161
66.860	30.027	-0.171
66.880	28.964	-0.177
66.900	27.497	-0.175
66.920	25.650	-0.176
66.940	23.426	-0.173
66.960	20.859	-0.168
66.980	18.017	-0.168
67.000	14.913	-0.149
67.020	11.583	-0.144
67.040	8.113	-0.130
67.060	4.531	-0.116
67.080	0.878	-0.098
67.100	-2.790	-0.082
67.120	-6.410	-0.059
67.140	-9.971	-0.043
67.160	-13.361	-0.019
67.180	-16.546	0.002
67.200	-19.543	0.022
67.220	-22.223	0.041
67.240	-24.613	0.064
67.260	-26.649	0.080
67.280	-28.308	0.097
67.300	-29.571	0.114
67.320	-30.382	0.132
67.340	-30.779	0.138
67.360	-30.758	0.155
67.380	-30.306	0.158
67.400	-29.431	0.168
67.420	-28.115	0.166
67.440	-26.407	0.173
67.460	-24.328	0.165
67.480	-21.922	0.163
67.500	-19.167	0.153
67.520	-16.154	0.147
67.540	-12.947	0.130
67.560	-9.499	0.122
67.580	-5.948	0.103
67.600	-2.296	0.091
67.620	1.388	0.068
67.640	5.035	0.055
67.660	8.596	0.031
67.680	12.066	0.012
67.700	15.359	-0.011
67.720	18.431	-0.031
67.740	21.256	-0.051
67.760	23.775	-0.072
67.780	25.940	-0.087
67.800	27.739	-0.111
67.820	29.157	-0.121
67.840	30.151	-0.141
67.860	30.731	-0.155
67.880	30.881	-0.162
67.900	30.602	-0.172
67.920	29.861	-0.181
67.940	28.738	-0.187
67.960	27.180	-0.186
67.980	25.306	-0.186
68.000	23.002	-0.185
68.020	20.397	-0.181
68.040	17.496	-0.171
68.060	14.354	-0.161
68.080	11.003	-0.145
68.100	7.517	-0.135
68.120	3.907	-0.118
68.140	0.255	-0.102
68.160	-3.397	-0.085
68.180	-7.028	-0.059
68.200	-10.546	-0.045
68.220	-13.914	-0.023
68.240	-17.088	-0.001
68.260	-20.021	0.022
68.280	-22.653	0.037
68.300	-24.973	0.060
68.320	-26.960	0.076
68.340	-28.561	0.095
68.360	-29.716	0.110
68.380	-30.478	0.126
68.400	-30.801	0.134
68.420	-30.704	0.154
68.440	-30.194	0.153
68.460	-29.238	0.163
68.480	-27.852	0.160
68.500	-26.085	0.170
68.520	-23.947	0.163
68.540	-21.466	0.162
68.560	-18.673	0.151
68.580	-15.622	0.145
68.600	-12.372	0.126
68.620	-8.908	0.121
68.640	-5.315	0.101
68.660	-1.673	0.085
68.680	2.001	0.066
68.700	5.642	0.049
68.720	9.193	0.025
68.740	12.646	0.008
68.760	15.901	-0.014
68.780	18.925	-0.033
68.800	21.718	-0.053
68.820	24.167	-0.071
68.840	26.273	-0.093
68.860	28.008	-0.108
68.880	29.356	-0.128
68.900	30.274	-0.139
68.920	30.779	-0.155
68.940	30.854	-0.163
68.960	30.500	-0.173
68.980	29.699	-0.174
69.000	28.496	-0.189
69.020	26.901	-0.182
69.040	24.935	-0.189
69.060	22.567	-0.180
69.080	19.913	-0.179
69.100	16.981	-0.168
69.120	13.780	-0.155
69.140	10.423	-0.142
69.160	6.899	-0.129
69.180	3.279	-0.117
69.200	-0.379	-0.095
69.220	-4.042	-0.077
69.240	-7.646	-0.054
69.260	-11.164	-0.036
69.280	-14.483	-0.015
69.300	-17.625	0.004
69.320	-20.520	0.029
69.340	-23.104	0.047
69.360	-25.365	0.068
69.380	-27.272	0.084
69.400	-28.819	0.104
69.420	-29.920	0.122
69.440	-30.602	0.131
69.460	-30.811	0.143
69.480	-30.666	0.149
69.500	-30.097	0.159
69.520	-29.076	0.167
69.540	-27.626	0.164
69.560	-25.784	0.168
69.580	-23.576	0.164
69.600	-21.068	0.161
69.620	-18.189	0.153
69.640	-15.101	0.144
69.660	-11.819	0.130
69.680	-8.328	0.121
69.700	-4.735	0.108
69.720	-1.072	0.087
69.740	2.613	0.067
69.760	6.244	0.051
69.780	9.789	0.025
69.800	13.210	0.011
69.820	16.427	-0.011
69.840	19.419	-0.027
69.860	22.175	-0.049
69.880	24.549	-0.065
69.900	26.595	-0.090
69.920	28.260	-0.100
69.940	29.549	-0.127
69.960	30.392	-0.133
69.980	30.833	-0.152
70.000	30.822	-0.156
70.020	30.398	-0.172
70.040	29.538	-0.166
70.060	28.265	-0.181
70.080	26.579	-0.173
70.100	24.559	-0.177
70.120	22.121	-0.172
70.140	19.414	-0.165
70.160	16.444	-0.156
70.180	13.216	-0.145
70.200	9.810	-0.135
70.220	6.271	-0.117
70.240	2.651	-0.104
70.260	-1.018	-0.081
70.280	-4.670	-0.065
70.300	-8.269	-0.038
70.320	-11.755	-0.027
70.340	-15.047	-0.007
70.360	-18.141	0.014
70.380	-20.998	0.036
70.400	-23.512	0.063
70.420	-25.741	0.079
70.440	-27.589	0.101
70.460	-29.050	0.112
70.480	-30.086	0.134
70.500	-30.682	0.145
70.520	-30.844	0.156
70.540	-30.607	0.159
70.560	-29.957	0.170
70.580	-28.856	0.172
70.600	-27.320	0.176
70.620	-25.429	0.175
70.640	-23.168	0.180
70.660	-20.574	0.169
70.680	-17.695	0.162
70.700	-14.558	0.151
70.720	-11.223	0.141
70.740	-7.705	0.126
70.760	-4.101	0.105
70.780	-0.443	0.093
70.800	3.236	0.073
70.820	6.862	0.052
70.840	10.385	0.033
70.860	13.774	0.014
70.880	16.954	-0.007
70.900	19.897	-0.029
70.920	22.599	-0.052
70.940	24.914	-0.069
70.960	26.906	-0.084
70.980	28.502	-0.103
71.000	29.710	-0.119
71.020	30.494	-0.135
71.040	30.860	-0.148
71.060	30.779	-0.156
71.080	30.285	-0.159
71.100	29.345	-0.169
71.120	28.002	-0.174
71.140	26.267	-0.172
71.160	24.173	-0.173
71.180	21.697	-0.168
71.200	18.936	-0.162
71.220	15.917	-0.151
71.240	12.641	-0.139
71.260	9.230	-0.129
71.280	5.669	-0.118
71.300	2.033	-0.098
71.320	-1.630	-0.079
71.340	-5.272	-0.059
71.360	-8.860	-0.044
71.380	-12.292	-0.020
71.400	-15.563	0.002
71.420	-18.630	0.021
71.440	-21.433	0.039
71.460	-23.904	0.060
71.480	-26.052	0.082
71.500	-27.830	0.097
71.520	-29.227	0.111
71.540	-30.188	0.130
71.560	-30.709	0.139
71.580	-30.827	0.156
71.600	-30.494	0.162
71.620	-29.780	0.170
71.640	-28.588	0.175
71.660	-27.014	0.173
71.680	-25.037	0.173
71.700	-22.728	0.173
71.720	-20.091	0.166
71.740	-17.142	0.157
71.760	-13.978	0.145
71.780	-10.621	0.132
71.800	-7.076	0.115
71.820	-3.446	0.101
71.840	0.212	0.084
71.860	3.875	0.060
71.880	7.469	0.046
71.900	10.987	0.023
71.920	14.344	0.008
71.940	17.486	-0.019
71.960	20.381	-0.035
71.980	23.007	-0.061
72.000	25.284	-0.076
72.020	27.229	-0.099
72.040	28.743	-0.113
72.060	29.882	-0.131
72.080	30.586	-0.144
72.100	30.881	-0.154
72.120	30.725	-0.167
72.140	30.151	-0.168
72.160	29.146	-0.180
72.180	27.739	-0.179
72.200	25.940	-0.180
72.220	23.781	-0.176
72.240	21.261	-0.176
72.260	18.442	-0.172
