0.000	-29.066	0.179
0.020	-27.610	0.179
0.040	-25.746	0.188
0.060	-23.571	0.186
0.080	-21.031	0.187
0.100	-18.168	0.180
0.120	-15.085	0.175
0.140	-11.781	0.154
0.160	-8.280	0.152
0.180	-4.686	0.127
0.200	-1.018	0.119
0.220	2.667	0.093
0.240	6.292	0.078
0.260	9.843	0.055
0.280	13.269	0.033
0.300	16.481	0.008
0.320	19.473	-0.014
0.340	22.223	-0.036
0.360	24.586	-0.056
0.380	26.627	-0.083
0.400	28.287	-0.099
0.420	29.554	-0.120
0.440	30.398	-0.139
0.460	30.817	-0.154
0.480	30.795	-0.167
0.500	30.360	-0.181
0.520	29.469	-0.183
0.540	28.174	-0.199
0.560	26.482	-0.191
0.580	24.441	-0.202
0.600	21.981	-0.192
0.620	19.253	-0.195
0.640	16.261	-0.184
0.660	13.017	-0.178
0.680	9.595	-0.163
0.700	6.061	-0.156
0.720	2.420	-0.135
0.740	-1.254	-0.117
0.760	-4.923	-0.090
0.780	-8.521	-0.074
0.800	-11.980	-0.049
0.820	-15.267	-0.030
0.840	-18.366	-0.005
0.860	-21.213	0.014
0.880	-23.716	0.039
0.900	-25.902	0.062
0.920	-27.723	0.085
0.940	-29.157	0.105
0.960	-30.167	0.128
0.980	-30.715	0.137
1.000	-30.833	0.157
1.020	-30.586	0.167
1.040	-29.909	0.178
1.060	-28.754	0.186
1.080	-27.180	0.192
1.100	-25.263	0.193
1.120	-22.964	0.195
1.140	-20.348	0.191
1.160	-17.421	0.184
1.180	-14.279	0.176
1.200	-10.895	0.162
1.220	-7.383	0.150
1.240	-3.746	0.137
1.260	-0.073	0.120
1.280	3.601	0.099
1.300	7.227	0.080
1.320	10.729	0.057
1.340	14.123	0.035
1.360	17.281	0.011
1.380	20.203	-0.011
1.400	22.862	-0.031
1.420	25.145	-0.048
1.440	27.094	-0.073
1.460	28.641	-0.098
1.480	29.823	-0.114
1.500	30.548	-0.136
1.520	30.849	-0.147
1.540	30.720	-0.161
1.560	30.151	-0.171
1.580	29.168	-0.185
1.600	27.766	-0.186
1.620	25.983	-0.191
1.640	23.823	-0.192
1.660	21.304	-0.190
1.680	18.501	-0.185
1.700	15.428	-0.173
1.720	12.131	-0.168
1.740	8.682	-0.146
1.760	5.100	-0.138
1.780	1.448	-0.120
1.800	-2.216	-0.105
1.820	-5.873	-0.076
1.840	-9.445	-0.059
1.860	-12.866	-0.032
1.880	-16.116	-0.015
1.900	-19.135	0.011
1.920	-21.890	0.027
1.940	-24.318	0.058
1.960	-26.412	0.079
1.980	-28.153	0.101
2.000	-29.447	0.113
2.020	-30.344	0.141
2.040	-30.779	0.153
2.060	-30.838	0.169
2.080	-30.451	0.177
2.100	-29.635	0.188
2.120	-28.384	0.193
2.140	-26.719	0.205
2.160	-24.688	0.197
2.180	-22.303	0.201
2.200	-19.586	0.191
2.220	-16.615	0.188
2.240	-13.404	0.178
2.260	-9.971	0.172
2.280	-6.421	0.152
2.300	-2.769	0.134
2.320	0.905	0.118
2.340	4.568	0.095
2.360	8.156	0.076
2.380	11.647	0.056
2.400	14.967	0.034
2.420	18.082	0.007
2.440	20.939	-0.014
2.460	23.496	-0.040
2.480	25.698	-0.056
2.500	27.535	-0.085
2.520	28.996	-0.098
2.540	30.043	-0.122
2.560	30.666	-0.135
2.580	30.865	-0.154
2.600	30.618	-0.164
2.620	29.947	-0.178
2.640	28.840	-0.184
2.660	27.352	-0.194
2.680	25.456	-0.188
2.700	23.195	-0.199
2.720	20.612	-0.188
2.740	17.722	-0.184
2.760	14.601	-0.174
2.780	11.260	-0.165
2.800	7.769	-0.148
2.820	4.165	-0.138
2.840	0.513	-0.120
2.860	-3.161	-0.098
2.880	-6.797	-0.077
2.900	-10.353	-0.059
2.920	-13.704	-0.034
2.940	-16.906	-0.013
2.960	-19.849	0.016
2.980	-22.518	0.033
3.000	-24.871	0.060
3.020	-26.880	0.076
3.040	-28.486	0.100
3.060	-29.694	0.118
3.080	-30.489	0.140
3.100	-30.822	0.151
3.120	-30.763	0.172
3.140	-30.253	0.173
3.160	-29.323	0.188
3.180	-27.970	0.188
3.200	-26.198	0.200
3.220	-24.076	0.189
3.240	-21.600	0.196
3.260	-18.807	0.182
3.280	-15.745	0.183
3.300	-12.501	0.161
3.320	-9.058	0.163
3.340	-5.460	0.133
3.360	-1.797	0.127
3.380	1.877	0.100
3.400	5.524	0.092
3.420	9.080	0.060
3.440	12.544	0.046
3.460	15.810	0.017
3.480	18.850	-0.005
3.500	21.637	-0.029
3.520	24.108	-0.051
3.540	26.208	-0.075
3.560	27.954	-0.094
3.580	29.318	-0.119
3.600	30.258	-0.134
3.620	30.752	-0.149
3.640	30.833	-0.166
3.660	30.478	-0.177
3.680	29.683	-0.189
3.700	28.491	-0.197
3.720	26.885	-0.198
3.740	24.914	-0.202
3.760	22.545	-0.201
3.780	19.881	-0.200
3.800	16.932	-0.191
3.820	13.737	-0.181
3.840	10.364	-0.170
3.860	6.845	-0.160
3.880	3.231	-0.141
3.900	-0.454	-0.127
3.920	-4.117	-0.102
3.940	-7.737	-0.084
3.960	-11.234	-0.060
3.980	-14.553	-0.040
4.000	-17.690	-0.015
4.020	-20.579	0.007
4.040	-23.179	0.029
4.060	-25.419	0.054
4.080	-27.315	0.074
4.100	-28.845	0.097
4.120	-29.925	0.114
4.140	-30.602	0.130
4.160	-30.838	0.149
4.180	-30.645	0.163
4.200	-30.049	0.169
4.220	-29.012	0.180
4.240	-27.530	0.179
4.260	-25.666	0.190
4.280	-23.453	0.184
4.300	-20.918	0.184
4.320	-18.028	0.176
4.340	-14.924	0.172
4.360	-11.604	0.158
4.380	-8.108	0.147
4.400	-4.514	0.129
4.420	-0.841	0.112
4.440	2.833	0.089
4.460	6.469	0.073
4.480	9.998	0.048
4.500	13.420	0.034
4.520	16.632	0.006
4.540	19.596	-0.014
4.560	22.330	-0.040
4.580	24.683	-0.060
4.600	26.702	-0.083
4.620	28.346	-0.102
4.640	29.603	-0.127
4.660	30.419	-0.139
4.680	30.827	-0.160
4.700	30.779	-0.168
4.720	30.323	-0.188
4.740	29.415	-0.188
4.760	28.094	-0.206
4.780	26.402	-0.194
4.800	24.334	-0.204
4.820	21.885	-0.197
4.840	19.129	-0.198
4.860	16.121	-0.189
4.880	12.861	-0.188
4.900	9.456	-0.164
4.920	5.900	-0.152
4.940	2.269	-0.134
4.960	-1.394	-0.121
4.980	-5.068	-0.094
5.000	-8.666	-0.076
5.020	-12.120	-0.054
5.040	-15.412	-0.031
5.060	-18.463	-0.005
5.080	-21.304	0.015
5.100	-23.791	0.043
5.120	-25.961	0.063
5.140	-27.787	0.087
5.160	-29.168	0.103
5.180	-30.161	0.130
5.200	-30.693	0.137
5.220	-30.844	0.158
5.240	-30.537	0.166
5.260	-29.818	0.177
5.280	-28.679	0.182
5.300	-27.089	0.192
5.320	-25.129	0.190
5.340	-22.835	0.192
5.360	-20.182	0.188
5.380	-17.249	0.184
5.400	-14.086	0.170
5.420	-10.723	0.162
5.440	-7.184	0.146
5.460	-3.574	0.130
5.480	0.105	0.113
5.500	3.779	0.095
5.520	7.383	0.076
5.540	10.901	0.054
5.560	14.268	0.029
5.580	17.427	0.006
5.600	20.343	-0.017
5.620	22.980	-0.036
5.640	25.247	-0.064
5.660	27.180	-0.078
5.680	28.711	-0.105
5.700	29.861	-0.119
5.720	30.575	-0.141
5.740	30.854	-0.153
5.760	30.693	-0.173
5.780	30.129	-0.175
5.800	29.114	-0.189
5.820	27.675	-0.188
5.840	25.902	-0.196
5.860	23.721	-0.193
5.880	21.181	-0.192
5.900	18.361	-0.187
5.920	15.289	-0.177
5.940	11.991	-0.168
5.960	8.516	-0.154
5.980	4.944	-0.144
6.000	1.292	-0.123
6.020	-2.382	-0.106
6.040	-6.024	-0.081
6.060	-9.601	-0.062
6.080	-13.017	-0.034
6.100	-16.245	-0.019
6.120	-19.253	0.006
6.140	-21.987	0.028
6.160	-24.414	0.056
6.180	-26.488	0.077
6.200	-28.196	0.100
6.220	-29.506	0.121
6.240	-30.365	0.138
6.260	-30.774	0.151
6.280	-30.811	0.170
6.300	-30.419	0.177
6.320	-29.581	0.187
6.340	-28.298	0.197
6.360	-26.627	0.200
6.380	-24.570	0.199
6.400	-22.175	0.198
6.420	-19.441	0.193
6.440	-16.454	0.187
6.460	-13.248	0.177
6.480	-9.821	0.166
6.500	-6.260	0.151
6.520	-2.602	0.134
6.540	1.072	0.116
6.560	4.740	0.098
6.580	8.323	0.073
6.600	11.808	0.055
6.620	15.117	0.029
6.640	18.211	0.007
6.660	21.068	-0.013
6.680	23.614	-0.040
6.700	25.789	-0.059
6.720	27.605	-0.085
6.740	29.060	-0.100
6.760	30.086	-0.123
6.780	30.682	-0.131
6.800	30.860	-0.156
6.820	30.596	-0.160
6.840	29.893	-0.182
6.860	28.781	-0.177
6.880	27.229	-0.194
6.900	25.370	-0.182
6.920	23.088	-0.197
6.940	20.477	-0.183
6.960	17.588	-0.182
6.980	14.440	-0.169
7.000	11.099	-0.162
7.020	7.597	-0.145
7.040	4.010	-0.135
7.060	0.336	-0.116
7.080	-3.338	-0.098
7.100	-6.964	-0.073
7.120	-10.492	-0.056
7.140	-13.871	-0.029
7.160	-17.045	-0.007
7.180	-19.989	0.017
7.200	-22.642	0.038
7.220	-24.973	0.060
7.240	-26.955	0.080
7.260	-28.572	0.105
7.280	-29.742	0.118
7.300	-30.505	0.147
7.320	-30.822	0.151
7.340	-30.741	0.176
7.360	-30.237	0.176
7.380	-29.259	0.193
7.400	-27.884	0.190
7.420	-26.117	0.200
7.440	-23.979	0.193
7.460	-21.492	0.199
7.480	-18.678	0.184
7.500	-15.622	0.184
7.520	-12.362	0.170
7.540	-8.876	0.168
7.560	-5.299	0.139
7.580	-1.641	0.131
7.600	2.038	0.101
7.620	5.696	0.090
7.640	9.236	0.063
7.660	12.705	0.046
7.680	15.949	0.014
7.700	18.984	0.001
7.720	21.766	-0.032
7.740	24.210	-0.045
7.760	26.300	-0.077
7.780	28.029	-0.090
7.800	29.372	-0.114
7.820	30.290	-0.130
7.840	30.774	-0.151
7.860	30.833	-0.160
7.880	30.462	-0.181
7.900	29.646	-0.180
7.920	28.416	-0.196
7.940	26.788	-0.194
7.960	24.806	-0.200
7.980	22.422	-0.195
8.000	19.747	-0.197
8.020	16.793	-0.186
8.040	13.597	-0.176
8.060	10.208	-0.166
8.080	6.668	-0.148
8.100	3.043	-0.139
8.120	-0.615	-0.119
8.140	-4.300	-0.098
8.160	-7.887	-0.081
8.180	-11.400	-0.056
8.200	-14.703	-0.036
8.220	-17.840	-0.008
8.240	-20.714	0.012
8.260	-23.276	0.033
8.280	-25.521	0.057
8.300	-27.411	0.080
8.320	-28.915	0.099
8.340	-29.973	0.120
8.360	-30.613	0.131
8.380	-30.849	0.151
8.400	-30.629	0.162
8.420	-30.011	0.174
8.440	-28.953	0.181
8.460	-27.460	0.184
8.480	-25.564	0.190
8.500	-23.340	0.187
8.520	-20.778	0.186
8.540	-17.894	0.178
8.560	-14.784	0.172
8.580	-11.459	0.157
8.600	-7.963	0.146
8.620	-4.348	0.126
8.640	-0.674	0.113
8.660	3.000	0.089
8.680	6.631	0.074
8.700	10.165	0.047
8.720	13.575	0.029
8.740	16.760	0.005
8.760	19.736	-0.020
8.780	22.438	-0.041
8.800	24.785	-0.065
8.820	26.799	-0.087
8.840	28.416	-0.110
8.860	29.662	-0.127
8.880	30.457	-0.148
8.900	30.827	-0.159
8.920	30.774	-0.177
8.940	30.280	-0.186
8.960	29.366	-0.199
8.980	28.029	-0.201
9.000	26.300	-0.207
9.020	24.226	-0.205
9.040	21.761	-0.206
9.060	19.006	-0.201
9.080	15.987	-0.191
9.100	12.711	-0.183
9.120	9.284	-0.166
9.140	5.734	-0.160
9.160	2.087	-0.139
9.180	-1.571	-0.121
9.200	-5.223	-0.099
9.220	-8.817	-0.081
9.240	-12.254	-0.057
9.260	-15.536	-0.034
9.280	-18.608	-0.007
9.300	-21.417	0.013
9.320	-23.899	0.035
9.340	-26.031	0.058
9.360	-27.846	0.082
9.380	-29.227	0.103
9.400	-30.194	0.119
9.420	-30.693	0.136
9.440	-30.817	0.152
9.460	-30.505	0.165
9.480	-29.791	0.172
9.500	-28.604	0.181
9.520	-26.992	0.184
9.540	-25.016	0.187
9.560	-22.701	0.188
9.580	-20.053	0.182
9.600	-17.120	0.176
9.620	-13.951	0.168
9.640	-10.557	0.158
9.660	-7.023	0.143
9.680	-3.392	0.125
9.700	0.287	0.111
9.720	3.945	0.086
9.740	7.571	0.066
9.760	11.067	0.047
9.780	14.419	0.023
9.800	17.572	0.002
9.820	20.467	-0.022
9.840	23.093	-0.048
9.860	25.349	-0.063
9.880	27.272	-0.092
9.900	28.776	-0.111
9.920	29.898	-0.131
9.940	30.602	-0.146
9.960	30.865	-0.162
9.980	30.693	-0.174
10.000	30.092	-0.187
10.020	29.060	-0.191
10.040	27.605	-0.204
10.060	25.805	-0.198
10.080	23.609	-0.204
10.100	21.057	-0.196
10.120	18.232	-0.196
10.140	15.149	-0.186
10.160	11.824	-0.176
10.180	8.360	-0.161
10.200	4.788	-0.148
10.220	1.136	-0.127
10.240	-2.549	-0.111
10.260	-6.190	-0.084
10.280	-9.757	-0.068
10.300	-13.156	-0.042
10.320	-16.368	-0.020
10.340	-19.382	0.004
10.360	-22.105	0.026
10.380	-24.511	0.051
10.400	-26.573	0.069
10.420	-28.260	0.091
10.440	-29.528	0.110
10.460	-30.398	0.133
10.480	-30.784	0.142
10.500	-30.779	0.166
10.520	-30.392	0.171
10.540	-29.517	0.186
10.560	-28.239	0.186
10.580	-26.547	0.197
10.600	-24.468	0.192
10.620	-22.056	0.197
10.640	-19.328	0.186
10.660	-16.325	0.184
10.680	-13.097	0.168
10.700	-9.665	0.162
10.720	-6.099	0.142
10.740	-2.436	0.130
10.760	1.249	0.109
10.780	4.901	0.093
10.800	8.484	0.068
10.820	11.959	0.049
10.840	15.262	0.024
10.860	18.345	0.003
10.880	21.176	-0.022
10.900	23.711	-0.043
10.920	25.881	-0.064
10.940	27.696	-0.085
10.960	29.114	-0.109
10.980	30.124	-0.123
11.000	30.715	-0.139
11.020	30.854	-0.155
11.040	30.570	-0.166
11.060	29.850	-0.177
11.080	28.717	-0.187
11.100	27.159	-0.190
11.120	25.279	-0.195
11.140	22.975	-0.194
11.160	20.354	-0.193
11.180	17.443	-0.183
11.200	14.284	-0.173
11.220	10.917	-0.160
11.240	7.442	-0.149
11.260	3.827	-0.135
11.280	0.158	-0.116
11.300	-3.515	-0.096
11.320	-7.119	-0.071
11.340	-10.648	-0.053
11.360	-14.010	-0.030
11.380	-17.190	-0.007
11.400	-20.128	0.015
11.420	-22.771	0.040
11.440	-25.086	0.064
11.460	-27.041	0.083
11.480	-28.652	0.107
11.500	-29.791	0.120
11.520	-30.543	0.147
11.540	-30.844	0.155
11.560	-30.725	0.177
11.580	-30.199	0.178
11.600	-29.221	0.192
11.620	-27.820	0.194
11.640	-26.020	0.204
11.660	-23.861	0.194
11.680	-21.369	0.202
11.700	-18.538	0.188
11.720	-15.488	0.188
11.740	-12.200	0.175
11.760	-8.725	0.166
11.780	-5.143	0.142
11.800	-1.469	0.129
11.820	2.194	0.105
11.840	5.846	0.087
11.860	9.407	0.064
11.880	12.845	0.044
11.900	16.100	0.018
11.920	19.108	0.002
11.940	21.890	-0.028
11.960	24.312	-0.048
11.980	26.396	-0.072
12.000	28.104	-0.091
12.020	29.426	-0.110
12.040	30.312	-0.134
12.060	30.779	-0.148
12.080	30.817	-0.163
12.100	30.430	-0.169
12.120	29.603	-0.185
12.140	28.367	-0.193
12.160	26.697	-0.194
12.180	24.710	-0.196
12.200	22.303	-0.195
12.220	19.613	-0.194
12.240	16.658	-0.183
12.260	13.430	-0.175
12.280	10.020	-0.163
12.300	6.518	-0.149
12.320	2.882	-0.132
12.340	-0.776	-0.116
12.360	-4.455	-0.092
12.380	-8.059	-0.076
12.400	-11.540	-0.051
12.420	-14.843	-0.028
12.440	-17.969	-0.007
12.460	-20.837	0.022
12.480	-23.372	0.039
12.500	-25.612	0.064
12.520	-27.492	0.087
12.540	-28.964	0.102
12.560	-30.027	0.126
12.580	-30.645	0.143
12.600	-30.833	0.158
12.620	-30.618	0.172
12.640	-29.968	0.176
12.660	-28.899	0.187
12.680	-27.363	0.190
12.700	-25.472	0.194
12.720	-23.233	0.191
12.740	-20.633	0.191
12.760	-17.760	0.177
12.780	-14.623	0.175
12.800	-11.293	0.163
12.820	-7.791	0.151
12.840	-4.176	0.130
12.860	-0.508	0.117
12.880	3.172	0.093
12.900	6.802	0.075
12.920	10.331	0.051
12.940	13.720	0.027
12.960	16.916	0.006
12.980	19.870	-0.017
13.000	22.551	-0.037
13.020	24.892	-0.065
13.040	26.885	-0.087
13.060	28.475	-0.106
13.080	29.694	-0.126
13.100	30.478	-0.145
13.120	30.833	-0.160
13.140	30.758	-0.172
13.160	30.258	-0.189
13.180	29.307	-0.190
13.200	27.959	-0.202
13.220	26.230	-0.201
13.240	24.114	-0.210
13.260	21.632	-0.201
13.280	18.866	-0.202
13.300	15.842	-0.187
13.320	12.560	-0.185
13.340	9.117	-0.166
13.360	5.567	-0.159
13.380	1.931	-0.137
13.400	-1.738	-0.123
13.420	-5.390	-0.098
13.440	-8.978	-0.081
13.460	-12.426	-0.054
13.480	-15.676	-0.033
13.500	-18.748	-0.007
13.520	-21.535	0.014
13.540	-24.001	0.036
13.560	-26.144	0.061
13.580	-27.906	0.080
13.600	-29.264	0.101
13.620	-30.226	0.123
13.640	-30.715	0.137
13.660	-30.822	0.155
13.680	-30.478	0.162
13.700	-29.732	0.173
13.720	-28.529	0.178
13.740	-26.917	0.184
13.760	-24.930	0.181
13.780	-22.583	0.188
13.800	-19.908	0.179
13.820	-16.954	0.176
13.840	-13.785	0.164
13.860	-10.390	0.156
13.880	-6.851	0.135
13.900	-3.231	0.123
13.920	0.459	0.102
13.940	4.128	0.083
13.960	7.732	0.062
13.980	11.234	0.042
14.000	14.580	0.015
14.020	17.711	-0.003
14.040	20.595	-0.030
14.060	23.211	-0.049
14.080	25.440	-0.072
14.100	27.342	-0.094
14.120	28.835	-0.112
14.140	29.947	-0.134
14.160	30.613	-0.151
14.180	30.860	-0.166
14.200	30.666	-0.175
14.220	30.032	-0.193
14.240	29.001	-0.195
14.260	27.540	-0.205
14.280	25.714	-0.202
14.300	23.490	-0.209
14.320	20.939	-0.203
14.340	18.098	-0.199
14.360	15.004	-0.189
14.380	11.679	-0.180
14.400	8.204	-0.164
14.420	4.633	-0.151
14.440	0.975	-0.130
14.460	-2.715	-0.113
14.480	-6.346	-0.088
14.500	-9.912	-0.068
14.520	-13.296	-0.044
14.540	-16.524	-0.023
14.560	-19.510	0.001
14.580	-22.218	0.025
14.600	-24.597	0.047
14.620	-26.633	0.066
14.640	-28.346	0.093
14.660	-29.565	0.110
14.680	-30.419	0.136
14.700	-30.779	0.140
14.720	-30.779	0.163
14.740	-30.344	0.171
14.760	-29.463	0.181
14.780	-28.158	0.184
14.800	-26.423	0.195
14.820	-24.366	0.185
14.840	-21.927	0.196
14.860	-19.194	0.180
14.880	-16.164	0.183
14.900	-12.931	0.163
14.920	-9.510	0.158
14.940	-5.916	0.135
14.960	-2.275	0.125
14.980	1.426	0.104
15.000	5.073	0.088
15.020	8.650	0.062
15.040	12.125	0.043
15.060	15.418	0.015
15.080	18.485	-0.002
15.100	21.310	-0.027
15.120	23.823	-0.048
15.140	25.983	-0.069
15.160	27.766	-0.092
15.180	29.178	-0.116
15.200	30.151	-0.132
15.220	30.720	-0.150
15.240	30.860	-0.162
15.260	30.559	-0.177
15.280	29.818	-0.182
15.300	28.657	-0.195
15.320	27.094	-0.194
15.340	25.172	-0.198
15.360	22.857	-0.198
15.380	20.219	-0.190
15.400	17.303	-0.188
15.420	14.139	-0.177
15.440	10.777	-0.168
15.460	7.264	-0.152
15.480	3.650	-0.139
15.500	0.003	-0.118
15.520	-3.677	-0.099
15.540	-7.307	-0.075
15.560	-10.831	-0.052
15.580	-14.182	-0.031
15.600	-17.324	-0.007
15.620	-20.262	0.015
15.640	-22.878	0.037
15.660	-25.177	0.064
15.680	-27.148	0.085
15.700	-28.700	0.105
15.720	-29.850	0.125
15.740	-30.548	0.145
15.760	-30.833	0.157
15.780	-30.715	0.175
15.800	-30.161	0.177
15.820	-29.162	0.191
15.840	-27.755	0.188
15.860	-25.940	0.203
15.880	-23.781	0.195
15.900	-21.261	0.198
15.920	-18.420	0.188
15.940	-15.332	0.184
15.960	-12.045	0.169
15.980	-8.570	0.162
16.000	-4.976	0.138
16.020	-1.319	0.130
16.040	2.382	0.104
16.060	6.024	0.089
16.080	9.558	0.062
16.100	13.001	0.045
16.120	16.240	0.018
16.140	19.231	-0.002
16.160	21.997	-0.025
16.180	24.414	-0.049
16.200	26.477	-0.069
16.220	28.174	-0.094
16.240	29.463	-0.113
16.260	30.339	-0.132
16.280	30.806	-0.148
16.300	30.811	-0.162
16.320	30.408	-0.171
16.340	29.549	-0.182
16.360	28.292	-0.190
16.380	26.627	-0.189
16.400	24.597	-0.198
16.420	22.191	-0.191
16.440	19.484	-0.193
16.460	16.503	-0.178
16.480	13.280	-0.173
16.500	9.880	-0.155
16.520	6.351	-0.146
16.540	2.715	-0.126
16.560	-0.969	-0.114
16.580	-4.616	-0.088
16.600	-8.237	-0.071
16.620	-11.690	-0.048
16.640	-15.004	-0.025
16.660	-18.114	0.002
16.680	-20.966	0.022
16.700	-23.507	0.047
16.720	-25.709	0.069
16.740	-27.573	0.092
16.760	-29.044	0.110
16.780	-30.059	0.130
16.800	-30.656	0.145
16.820	-30.849	0.161
16.840	-30.602	0.174
16.860	-29.925	0.181
16.880	-28.829	0.188
16.900	-27.293	0.193
16.920	-25.386	0.197
16.940	-23.136	0.193
16.960	-20.531	0.193
16.980	-17.620	0.184
17.000	-14.483	0.180
17.020	-11.148	0.166
17.040	-7.624	0.151
17.060	-4.010	0.134
17.080	-0.336	0.118
17.100	3.338	0.096
17.120	6.964	0.077
17.140	10.476	0.055
17.160	13.876	0.034
17.180	17.051	0.006
17.200	19.989	-0.014
17.220	22.669	-0.038
17.240	24.984	-0.060
17.260	26.955	-0.087
17.280	28.550	-0.102
17.300	29.748	-0.125
17.320	30.516	-0.140
17.340	30.844	-0.158
17.360	30.741	-0.168
17.380	30.210	-0.184
17.400	29.264	-0.189
17.420	27.900	-0.199
17.440	26.144	-0.198
17.460	24.011	-0.205
17.480	21.509	-0.197
17.500	18.726	-0.196
17.520	15.692	-0.186
17.540	12.410	-0.173
17.560	8.956	-0.160
17.580	5.390	-0.148
17.600	1.754	-0.134
17.620	-1.909	-0.118
17.640	-5.562	-0.092
17.660	-9.144	-0.073
17.680	-12.593	-0.049
17.700	-15.842	-0.029
17.720	-18.887	-0.001
17.740	-21.664	0.018
17.760	-24.097	0.043
17.780	-26.246	0.063
17.800	-27.975	0.087
17.820	-29.334	0.105
17.840	-30.258	0.126
17.860	-30.720	0.139
17.880	-30.822	0.163
17.900	-30.446	0.161
17.920	-29.694	0.176
17.940	-28.469	0.180
17.960	-26.826	0.186
17.980	-24.833	0.187
18.000	-22.470	0.187
18.020	-19.790	0.182
18.040	-16.820	0.180
18.060	-13.629	0.161
18.080	-10.235	0.156
18.100	-6.690	0.133
18.120	-3.059	0.124
18.140	0.626	0.101
18.160	4.289	0.084
18.180	7.882	0.062
18.200	11.379	0.039
18.220	14.725	0.015
18.240	17.840	-0.003
18.260	20.719	-0.031
18.280	23.319	-0.052
18.300	25.531	-0.076
18.320	27.406	-0.097
18.340	28.899	-0.118
18.360	29.968	-0.136
18.380	30.634	-0.154
18.400	30.860	-0.170
18.420	30.650	-0.179
18.440	30.022	-0.191
18.460	28.937	-0.201
18.480	27.470	-0.203
18.500	25.623	-0.207
18.520	23.388	-0.208
18.540	20.816	-0.200
18.560	17.958	-0.201
18.580	14.854	-0.187
18.600	11.513	-0.182
18.620	8.049	-0.164
18.640	4.445	-0.156
18.660	0.792	-0.131
18.680	-2.892	-0.115
18.700	-6.523	-0.092
18.720	-10.079	-0.073
18.740	-13.457	-0.045
18.760	-16.664	-0.024
18.780	-19.672	0.001
18.800	-22.341	0.018
18.820	-24.720	0.044
18.840	-26.735	0.067
18.860	-28.400	0.092
18.880	-29.635	0.114
18.900	-30.462	0.129
18.920	-30.806	0.142
18.940	-30.774	0.156
18.960	-30.323	0.168
18.980	-29.431	0.179
19.000	-28.088	0.180
19.020	-26.353	0.192
19.040	-24.264	0.184
19.060	-21.820	0.187
19.080	-19.049	0.177
19.100	-16.030	0.179
19.120	-12.791	0.160
19.140	-9.327	0.151
19.160	-5.771	0.134
19.180	-2.114	0.119
19.200	1.576	0.099
19.220	5.223	0.085
19.240	8.795	0.054
19.260	12.265	0.037
19.280	15.547	0.009
19.300	18.608	-0.008
19.320	21.433	-0.034
19.340	23.931	-0.055
19.360	26.063	-0.074
19.380	27.830	-0.098
19.400	29.227	-0.118
19.420	30.194	-0.137
19.440	30.736	-0.155
19.460	30.844	-0.167
19.480	30.521	-0.179
19.500	29.753	-0.191
19.520	28.598	-0.198
19.540	27.019	-0.199
19.560	25.080	-0.202
19.580	22.728	-0.204
19.600	20.085	-0.197
19.620	17.158	-0.189
19.640	13.973	-0.181
19.660	10.594	-0.170
19.680	7.098	-0.160
19.700	3.478	-0.141
19.720	-0.201	-0.120
19.740	-3.865	-0.103
19.760	-7.479	-0.081
19.780	-11.003	-0.059
19.800	-14.349	-0.033
19.820	-17.496	-0.014
19.840	-20.418	0.009
19.860	-23.029	0.036
19.880	-25.306	0.059
19.900	-27.256	0.080
19.920	-28.802	0.099
19.940	-29.920	0.123
19.960	-30.629	0.139
19.980	-30.876	0.151
20.000	-30.741	0.172
20.020	-30.177	0.178
20.040	-29.157	0.188
20.060	-27.718	0.189
20.080	-25.875	0.196
20.100	-23.678	0.192
20.120	-21.165	0.195
20.140	-18.297	0.183
20.160	-15.224	0.182
20.180	-11.921	0.165
20.200	-8.430	0.159
20.220	-4.821	0.137
20.240	-1.157	0.122
20.260	2.522	0.097
20.280	6.163	0.085
20.300	9.708	0.057
20.320	13.146	0.039
20.340	16.379	0.012
20.360	19.365	-0.006
20.380	22.110	-0.032
20.400	24.511	-0.049
20.420	26.563	-0.078
20.440	28.233	-0.093
20.460	29.522	-0.118
20.480	30.376	-0.131
20.500	30.801	-0.148
20.520	30.795	-0.160
20.540	30.376	-0.172
20.560	29.495	-0.182
20.580	28.217	-0.193
20.600	26.547	-0.191
20.620	24.500	-0.198
20.640	22.094	-0.197
20.660	19.355	-0.193
20.680	16.358	-0.182
20.700	13.097	-0.171
20.720	9.714	-0.156
20.740	6.163	-0.143
20.760	2.516	-0.130
20.780	-1.136	-0.110
20.800	-4.810	-0.087
20.820	-8.408	-0.065
20.840	-11.900	-0.047
20.860	-15.160	-0.023
20.880	-18.281	0.004
20.900	-21.122	0.022
20.920	-23.635	0.051
20.940	-25.832	0.069
20.960	-27.664	0.094
20.980	-29.119	0.110
21.000	-30.118	0.135
21.020	-30.704	0.146
21.040	-30.865	0.168
21.060	-30.591	0.175
21.080	-29.914	0.186
21.100	-28.802	0.192
21.120	-27.229	0.194
21.140	-25.317	0.198
21.160	-23.029	0.196
21.180	-20.413	0.199
21.200	-17.496	0.188
21.220	-14.354	0.182
21.240	-10.997	0.168
21.260	-7.469	0.154
21.280	-3.848	0.134
21.300	-0.180	0.121
21.320	3.499	0.096
21.340	7.125	0.080
21.360	10.648	0.052
21.380	14.021	0.038
21.400	17.196	0.007
21.420	20.107	-0.010
21.440	22.798	-0.038
21.460	25.086	-0.060
21.480	27.046	-0.082
21.500	28.609	-0.098
21.520	29.796	-0.121
21.540	30.527	-0.136
21.560	30.844	-0.152
21.580	30.731	-0.164
21.600	30.183	-0.178
21.620	29.205	-0.187
21.640	27.809	-0.196
21.660	26.042	-0.197
21.680	23.899	-0.201
21.700	21.380	-0.194
21.720	18.597	-0.189
21.740	15.536	-0.177
21.760	12.249	-0.171
21.780	8.811	-0.157
21.800	5.229	-0.143
21.820	1.582	-0.127
21.840	-2.092	-0.109
21.860	-5.739	-0.085
21.880	-9.316	-0.066
21.900	-12.732	-0.042
21.920	-15.982	-0.021
21.940	-19.022	0.006
21.960	-21.772	0.023
21.980	-24.221	0.054
22.000	-26.332	0.070
22.020	-28.067	0.094
22.040	-29.383	0.110
22.060	-30.306	0.136
22.080	-30.763	0.144
22.100	-30.822	0.167
22.120	-30.441	0.173
22.140	-29.640	0.183
22.160	-28.410	0.186
22.180	-26.751	0.195
22.200	-24.726	0.193
22.220	-22.368	0.191
22.240	-19.656	0.186
22.260	-16.685	0.183
22.280	-13.495	0.164
22.300	-10.090	0.161
22.320	-6.523	0.139
22.340	-2.882	0.127
22.360	0.803	0.104
22.380	4.455	0.085
22.400	8.049	0.064
22.420	11.551	0.044
22.440	14.881	0.016
22.460	17.980	0.001
22.480	20.843	-0.032
22.500	23.426	-0.050
22.520	25.634	-0.072
22.540	27.492	-0.094
22.560	28.958	-0.119
22.580	30.016	-0.132
22.600	30.661	-0.152
22.620	30.860	-0.168
22.640	30.634	-0.180
22.660	29.957	-0.189
22.680	28.883	-0.198
22.700	27.374	-0.201
22.720	25.531	-0.204
22.740	23.270	-0.208
22.760	20.687	-0.200
22.780	17.835	-0.202
22.800	14.687	-0.185
22.820	11.357	-0.181
22.840	7.877	-0.163
22.860	4.278	-0.148
22.880	0.626	-0.130
22.900	-3.043	-0.111
22.920	-6.674	-0.090
22.940	-10.229	-0.071
22.960	-13.597	-0.046
22.980	-16.787	-0.024
23.000	-19.768	0.003
23.020	-22.438	0.022
23.040	-24.801	0.047
23.060	-26.810	0.067
23.080	-28.453	0.092
23.100	-29.667	0.110
23.120	-30.446	0.129
23.140	-30.806	0.143
23.160	-30.758	0.161
23.180	-30.269	0.168
23.200	-29.350	0.178
23.220	-27.997	0.179
23.240	-26.257	0.190
23.260	-24.146	0.182
23.280	-21.680	0.187
23.300	-18.893	0.174
23.320	-15.858	0.171
23.340	-12.619	0.158
23.360	-9.166	0.150
23.380	-5.567	0.127
23.400	-1.915	0.114
23.420	1.754	0.094
23.440	5.406	0.079
23.460	8.972	0.051
23.480	12.442	0.032
23.500	15.713	0.011
23.520	18.759	-0.014
23.540	21.568	-0.038
23.560	24.028	-0.063
23.580	26.165	-0.080
23.600	27.911	-0.103
23.620	29.281	-0.119
23.640	30.231	-0.143
23.660	30.752	-0.161
23.680	30.838	-0.171
23.700	30.510	-0.187
23.720	29.716	-0.189
23.740	28.534	-0.204
23.760	26.939	-0.199
23.780	24.984	-0.210
23.800	22.626	-0.201
23.820	19.962	-0.205
23.840	17.034	-0.191
23.860	13.839	-0.189
23.880	10.460	-0.173
23.900	6.948	-0.160
23.920	3.327	-0.147
23.940	-0.336	-0.123
23.960	-3.999	-0.109
23.980	-7.619	-0.081
24.000	-11.132	-0.065
24.020	-14.462	-0.036
24.040	-17.615	-0.019
24.060	-20.515	0.009
24.080	-23.098	0.031
24.100	-25.370	0.058
24.120	-27.293	0.075
24.140	-28.819	0.099
24.160	-29.925	0.117
24.180	-30.607	0.138
24.200	-30.833	0.148
24.220	-30.693	0.163
24.240	-30.097	0.174
24.260	-29.071	0.187
24.280	-27.621	0.189
24.300	-25.762	0.196
24.320	-23.571	0.190
24.340	-21.020	0.188
24.360	-18.152	0.177
24.380	-15.047	0.176
24.400	-11.755	0.156
24.420	-8.258	0.150
24.440	-4.649	0.131
24.460	-0.980	0.114
24.480	2.704	0.093
24.500	6.341	0.076
24.520	9.880	0.050
24.540	13.302	0.032
24.560	16.524	0.005
24.580	19.505	-0.011
24.600	22.234	-0.039
24.620	24.613	-0.055
24.640	26.654	-0.086
24.660	28.303	-0.102
24.680	29.581	-0.123
24.700	30.408	-0.143
24.720	30.822	-0.153
24.740	30.784	-0.174
24.760	30.339	-0.181
24.780	29.447	-0.193
24.800	28.147	-0.192
24.820	26.461	-0.201
24.840	24.393	-0.199
24.860	21.960	-0.200
24.880	19.215	-0.192
24.900	16.218	-0.185
24.920	12.952	-0.174
24.940	9.536	-0.162
24.960	5.975	-0.154
24.980	2.350	-0.130
25.000	-1.313	-0.115
25.020	-4.971	-0.088
25.040	-8.586	-0.069
25.060	-12.050	-0.044
25.080	-15.337	-0.024
25.100	-18.431	-0.003
25.120	-21.251	0.021
25.140	-23.770	0.048
25.160	-25.940	0.069
25.180	-27.771	0.092
25.200	-29.205	0.111
25.220	-30.183	0.131
25.240	-30.720	0.147
25.260	-30.870	0.164
25.280	-30.602	0.176
25.300	-29.887	0.183
25.320	-28.754	0.192
25.340	-27.170	0.197
25.360	-25.241	0.199
25.380	-22.943	0.195
25.400	-20.289	0.193
25.420	-17.367	0.191
25.440	-14.215	0.179
25.460	-10.879	0.168
25.480	-7.318	0.154
25.500	-3.693	0.135
25.520	-0.030	0.120
25.540	3.660	0.101
25.560	7.259	0.079
25.580	10.788	0.053
25.600	14.161	0.032
25.620	17.319	0.012
25.640	20.252	-0.013
25.660	22.905	-0.034
25.680	25.182	-0.057
25.700	27.127	-0.080
25.720	28.674	-0.098
25.740	29.828	-0.120
25.760	30.559	-0.134
25.780	30.860	-0.152
25.800	30.715	-0.162
25.820	30.145	-0.180
25.840	29.152	-0.181
25.860	27.728	-0.197
25.880	25.956	-0.190
25.900	23.791	-0.198
25.920	21.261	-0.189
25.940	18.452	-0.191
25.960	15.391	-0.175
25.980	12.077	-0.171
26.000	8.634	-0.153
26.020	5.057	-0.138
26.040	1.415	-0.126
26.060	-2.275	-0.105
26.080	-5.906	-0.079
26.100	-9.499	-0.059
26.120	-12.915	-0.037
26.140	-16.132	-0.019
26.160	-19.161	0.014
26.180	-21.917	0.027
26.200	-24.334	0.060
26.220	-26.428	0.073
26.240	-28.153	0.100
26.260	-29.452	0.114
26.280	-30.355	0.140
26.300	-30.790	0.153
26.320	-30.833	0.169
26.340	-30.441	0.175
26.360	-29.608	0.188
26.380	-28.335	0.188
26.400	-26.670	0.202
26.420	-24.629	0.193
26.440	-22.271	0.200
26.460	-19.543	0.188
26.480	-16.551	0.186
26.500	-13.339	0.170
26.520	-9.918	0.162
26.540	-6.378	0.139
26.560	-2.715	0.131
26.580	0.953	0.108
26.600	4.627	0.088
26.620	8.210	0.067
26.640	11.696	0.047
26.660	15.026	0.022
26.680	18.125	0.003
26.700	20.971	-0.028
26.720	23.533	-0.043
26.740	25.736	-0.075
26.760	27.583	-0.088
26.780	29.017	-0.116
26.800	30.065	-0.122
26.820	30.672	-0.153
26.840	30.865	-0.154
26.860	30.613	-0.181
26.880	29.920	-0.179
26.900	28.824	-0.200
26.920	27.288	-0.193
26.940	25.435	-0.201
26.960	23.168	-0.200
26.980	20.558	-0.197
27.000	17.674	-0.193
27.020	14.548	-0.179
27.040	11.196	-0.172
27.060	7.716	-0.155
27.080	4.112	-0.147
27.100	0.459	-0.121
27.120	-3.215	-0.106
27.140	-6.835	-0.081
27.160	-10.374	-0.063
27.180	-13.763	-0.040
27.200	-16.938	-0.017
27.220	-19.903	0.007
27.240	-22.567	0.030
27.260	-24.887	0.051
27.280	-26.912	0.076
27.300	-28.512	0.093
27.320	-29.699	0.115
27.340	-30.500	0.130
27.360	-30.817	0.150
27.380	-30.752	0.161
27.400	-30.242	0.172
27.420	-29.307	0.179
27.440	-27.948	0.186
27.460	-26.171	0.187
27.480	-24.044	0.186
27.500	-21.552	0.186
27.520	-18.775	0.179
27.540	-15.719	0.173
27.560	-12.448	0.161
27.580	-8.999	0.144
27.600	-5.411	0.131
27.620	-1.759	0.114
27.640	1.920	0.096
27.660	5.578	0.074
27.680	9.134	0.053
27.700	12.587	0.031
27.720	15.853	0.008
27.740	18.887	-0.016
27.760	21.697	-0.038
27.780	24.140	-0.065
27.800	26.246	-0.084
27.820	27.991	-0.109
27.840	29.329	-0.123
27.860	30.253	-0.146
27.880	30.763	-0.160
27.900	30.833	-0.174
27.920	30.473	-0.185
27.940	29.673	-0.193
27.960	28.469	-0.206
27.980	26.831	-0.204
28.000	24.876	-0.212
28.020	22.497	-0.205
28.040	19.838	-0.203
28.060	16.895	-0.196
28.080	13.694	-0.188
28.100	10.315	-0.174
28.120	6.786	-0.159
28.140	3.172	-0.148
28.160	-0.502	-0.125
28.180	-4.176	-0.109
28.200	-7.780	-0.083
28.220	-11.271	-0.067
28.240	-14.596	-0.036
28.260	-17.743	-0.016
28.280	-20.633	0.011
28.300	-23.190	0.026
28.320	-25.451	0.058
28.340	-27.347	0.074
28.360	-28.883	0.101
28.380	-29.957	0.114
28.400	-30.607	0.133
28.420	-30.833	0.147
28.440	-30.650	0.162
28.460	-30.059	0.171
28.480	-29.007	0.182
28.500	-27.503	0.185
28.520	-25.634	0.188
28.540	-23.426	0.181
28.560	-20.864	0.184
28.580	-18.001	0.174
28.600	-14.891	0.171
28.620	-11.577	0.151
28.640	-8.070	0.141
28.660	-4.466	0.126
28.680	-0.787	0.114
28.700	2.876	0.085
28.720	6.518	0.076
28.740	10.041	0.046
28.760	13.468	0.029
28.780	16.675	-0.000
28.800	19.650	-0.019
28.820	22.352	-0.046
28.840	24.726	-0.062
28.860	26.751	-0.089
28.880	28.373	-0.106
28.900	29.614	-0.131
28.920	30.430	-0.147
28.940	30.827	-0.160
28.960	30.784	-0.172
28.980	30.312	-0.182
29.000	29.399	-0.197
29.020	28.083	-0.198
29.040	26.359	-0.203
29.060	24.291	-0.200
29.080	21.842	-0.206
29.100	19.081	-0.193
29.120	16.073	-0.192
29.140	12.802	-0.178
29.160	9.397	-0.164
29.180	5.836	-0.154
29.200	2.189	-0.135
29.220	-1.469	-0.117
29.240	-5.137	-0.093
29.260	-8.741	-0.075
29.280	-12.200	-0.046
29.300	-15.466	-0.030
29.320	-18.544	-0.000
29.340	-21.385	0.014
29.360	-23.866	0.048
29.380	-26.015	0.064
29.400	-27.814	0.093
29.420	-29.227	0.105
29.440	-30.220	0.132
29.460	-30.741	0.141
29.480	-30.849	0.159
29.500	-30.559	0.168
29.520	-29.855	0.176
29.540	-28.690	0.185
29.560	-27.100	0.193
29.580	-25.139	0.191
29.600	-22.824	0.194
29.620	-20.171	0.188
29.640	-17.239	0.183
29.660	-14.080	0.174
29.680	-10.697	0.157
29.700	-7.173	0.145
29.720	-3.526	0.126
29.740	0.153	0.117
29.760	3.827	0.091
29.780	7.436	0.071
29.800	10.949	0.051
29.820	14.317	0.025
29.840	17.464	0.005
29.860	20.365	-0.016
29.880	23.018	-0.041
29.900	25.279	-0.057
29.920	27.213	-0.085
29.940	28.733	-0.102
29.960	29.882	-0.125
29.980	30.580	-0.139
30.000	30.860	-0.157
30.020	30.698	-0.164
30.040	30.097	-0.183
30.060	29.093	-0.185
30.080	27.664	-0.197
30.100	25.870	-0.190
30.120	23.684	-0.201
30.140	21.133	-0.191
30.160	18.323	-0.189
30.180	15.235	-0.176
30.200	11.932	-0.167
30.220	8.462	-0.151
30.240	4.885	-0.138
30.260	1.233	-0.125
30.280	-2.457	-0.101
30.300	-6.099	-0.079
30.320	-9.655	-0.057
30.340	-13.060	-0.032
30.360	-16.304	-0.016
30.380	-19.328	0.014
30.400	-22.051	0.031
30.420	-24.452	0.060
30.440	-26.520	0.079
30.460	-28.233	0.102
30.480	-29.522	0.117
30.500	-30.382	0.147
30.520	-30.790	0.153
30.540	-30.838	0.173
30.560	-30.414	0.178
30.580	-29.581	0.192
30.600	-28.303	0.192
30.620	-26.616	0.204
30.640	-24.554	0.196
30.660	-22.158	0.202
30.680	-19.425	0.191
30.700	-16.422	0.188
30.720	-13.199	0.172
30.740	-9.778	0.166
30.760	-6.201	0.142
30.780	-2.554	0.133
30.800	1.125	0.109
30.820	4.794	0.094
30.840	8.365	0.068
30.860	11.851	0.049
30.880	15.171	0.022
30.900	18.254	0.002
30.920	21.100	-0.021
30.940	23.641	-0.042
30.960	25.822	-0.072
30.980	27.648	-0.085
31.000	29.076	-0.112
31.020	30.086	-0.122
31.040	30.688	-0.149
31.060	30.860	-0.154
31.080	30.596	-0.174
31.100	29.887	-0.177
31.120	28.760	-0.195
31.140	27.223	-0.193
31.160	25.344	-0.201
31.180	23.045	-0.195
31.200	20.429	-0.195
31.220	17.550	-0.185
31.240	14.397	-0.176
31.260	11.046	-0.167
31.280	7.544	-0.148
31.300	3.940	-0.138
31.320	0.293	-0.115
31.340	-3.386	-0.101
31.360	-7.033	-0.076
31.380	-10.562	-0.057
31.400	-13.908	-0.033
31.420	-17.094	-0.011
31.440	-20.026	0.015
31.460	-22.685	0.035
31.480	-25.010	0.062
31.500	-26.976	0.080
31.520	-28.593	0.100
31.540	-29.753	0.118
31.560	-30.521	0.139
31.580	-30.838	0.156
31.600	-30.741	0.168
31.620	-30.210	0.177
31.640	-29.254	0.184
31.660	-27.863	0.190
31.680	-26.085	0.194
31.700	-23.926	0.192
31.720	-21.460	0.193
31.740	-18.619	0.186
31.760	-15.579	0.180
31.780	-12.302	0.165
31.800	-8.833	0.154
31.820	-5.250	0.133
31.840	-1.582	0.121
31.860	2.092	0.099
31.880	5.750	0.082
31.900	9.289	0.058
31.920	12.748	0.040
31.940	15.998	0.010
31.960	19.022	-0.007
31.980	21.804	-0.036
32.000	24.237	-0.059
32.020	26.337	-0.081
32.040	28.056	-0.103
32.060	29.383	-0.119
32.080	30.301	-0.143
32.100	30.790	-0.157
32.120	30.817	-0.174
32.140	30.451	-0.184
32.160	29.619	-0.189
32.180	28.405	-0.199
32.200	26.761	-0.204
32.220	24.780	-0.206
32.240	22.416	-0.202
32.260	19.709	-0.199
32.280	16.755	-0.196
32.300	13.532	-0.181
32.320	10.143	-0.171
32.340	6.615	-0.159
32.360	3.005	-0.141
32.380	-0.663	-0.125
32.400	-4.337	-0.102
32.420	-7.952	-0.081
32.440	-11.432	-0.060
32.460	-14.752	-0.035
32.480	-17.883	-0.013
32.500	-20.751	0.013
32.520	-23.329	0.033
32.540	-25.558	0.057
32.560	-27.438	0.078
32.580	-28.926	0.100
32.600	-29.995	0.119
32.620	-30.618	0.131
32.640	-30.844	0.149
32.660	-30.634	0.162
32.680	-30.000	0.170
32.700	-28.942	0.181
32.720	-27.427	0.182
32.740	-25.553	0.187
32.760	-23.319	0.182
32.780	-20.735	0.184
32.800	-17.856	0.175
32.820	-14.741	0.169
32.840	-11.406	0.153
32.860	-7.909	0.143
32.880	-4.289	0.122
32.900	-0.615	0.108
32.920	3.048	0.084
32.940	6.690	0.069
32.960	10.202	0.043
32.980	13.624	0.026
33.000	16.809	-0.000
33.020	19.768	-0.023
33.040	22.486	-0.047
33.060	24.823	-0.069
33.080	26.821	-0.097
33.100	28.437	-0.109
33.120	29.673	-0.133
33.140	30.468	-0.148
33.160	30.844	-0.167
33.180	30.758	-0.177
33.200	30.269	-0.191
33.220	29.350	-0.195
33.240	28.018	-0.205
33.260	26.283	-0.205
33.280	24.183	-0.209
33.300	21.707	-0.201
33.320	18.952	-0.203
33.340	15.928	-0.191
33.360	12.657	-0.181
33.380	9.241	-0.169
33.400	5.669	-0.156
33.420	2.033	-0.137
33.440	-1.635	-0.119
33.460	-5.282	-0.097
33.480	-8.881	-0.076
33.500	-12.324	-0.051
33.520	-15.595	-0.032
33.540	-18.667	-0.004
33.560	-21.455	0.014
33.580	-23.942	0.043
33.600	-26.095	0.063
33.620	-27.879	0.089
33.640	-29.259	0.101
33.660	-30.210	0.128
33.680	-30.715	0.138
33.700	-30.838	0.160
33.720	-30.532	0.167
33.740	-29.769	0.180
33.760	-28.593	0.183
33.780	-27.003	0.194
33.800	-25.016	0.187
33.820	-22.690	0.191
33.840	-20.042	0.181
33.860	-17.077	0.178
33.880	-13.908	0.170
33.900	-10.519	0.154
33.920	-6.980	0.140
33.940	-3.354	0.124
33.960	0.325	0.106
33.980	3.993	0.090
34.000	7.597	0.066
34.020	11.105	0.046
34.040	14.462	0.021
34.060	17.604	-0.002
34.080	20.493	-0.023
34.100	23.120	-0.049
34.120	25.376	-0.066
34.140	27.282	-0.094
34.160	28.802	-0.113
34.180	29.909	-0.131
34.200	30.596	-0.148
34.220	30.854	-0.160
34.240	30.682	-0.178
34.260	30.070	-0.185
34.280	29.039	-0.196
34.300	27.599	-0.198
34.320	25.768	-0.200
34.340	23.560	-0.197
34.360	21.020	-0.199
34.380	18.184	-0.189
34.400	15.090	-0.185
34.420	11.755	-0.172
34.440	8.301	-0.160
34.460	4.713	-0.146
34.480	1.061	-0.123
34.500	-2.618	-0.110
34.520	-6.260	-0.080
34.540	-9.816	-0.062
34.560	-13.237	-0.036
34.580	-16.449	-0.019
34.600	-19.441	0.008
34.620	-22.185	0.030
34.640	-24.565	0.059
34.660	-26.643	0.074
34.680	-28.324	0.101
34.700	-29.571	0.115
34.720	-30.435	0.142
34.740	-30.806	0.150
34.760	-30.817	0.169
34.780	-30.403	0.174
34.800	-29.538	0.186
34.820	-28.222	0.192
34.840	-26.547	0.198
34.860	-24.479	0.197
34.880	-22.046	0.197
34.900	-19.285	0.192
34.920	-16.282	0.190
34.940	-13.054	0.173
34.960	-9.617	0.164
34.980	-6.067	0.143
35.000	-2.409	0.130
35.020	1.286	0.109
35.040	4.939	0.093
35.060	8.516	0.070
35.080	12.007	0.049
35.100	15.294	0.022
35.120	18.383	0.006
35.140	21.219	-0.023
35.160	23.748	-0.041
35.180	25.913	-0.069
35.200	27.718	-0.088
35.220	29.130	-0.110
35.240	30.135	-0.124
35.260	30.709	-0.144
35.280	30.854	-0.156
35.300	30.564	-0.168
35.320	29.823	-0.185
35.340	28.695	-0.189
35.360	27.159	-0.193
35.380	25.236	-0.194
35.400	22.921	-0.196
35.420	20.311	-0.185
35.440	17.400	-0.184
35.460	14.241	-0.169
35.480	10.890	-0.163
35.500	7.383	-0.143
35.520	3.768	-0.131
35.540	0.110	-0.115
35.560	-3.574	-0.094
35.580	-7.189	-0.069
35.600	-10.713	-0.051
35.620	-14.059	-0.030
35.640	-17.244	-0.007
35.660	-20.171	0.021
35.680	-22.803	0.039
35.700	-25.118	0.069
35.720	-27.084	0.088
35.740	-28.674	0.104
35.760	-29.828	0.123
35.780	-30.553	0.150
35.800	-30.844	0.159
35.820	-30.736	0.174
35.840	-30.199	0.177
35.860	-29.221	0.192
35.880	-27.798	0.192
35.900	-26.004	0.205
35.920	-23.829	0.193
35.940	-21.337	0.197
35.960	-18.511	0.186
35.980	-15.439	0.184
36.000	-12.168	0.168
36.020	-8.672	0.158
36.040	-5.084	0.137
36.060	-1.421	0.126
36.080	2.264	0.101
36.100	5.900	0.082
36.120	9.461	0.059
36.140	12.893	0.041
36.160	16.143	0.014
36.180	19.161	-0.004
36.200	21.911	-0.032
36.220	24.339	-0.056
36.240	26.423	-0.078
36.260	28.120	-0.096
36.280	29.447	-0.117
36.300	30.323	-0.132
36.320	30.784	-0.156
36.340	30.822	-0.163
36.360	30.425	-0.180
36.380	29.587	-0.184
36.400	28.335	-0.197
36.420	26.686	-0.193
36.440	24.677	-0.202
36.460	22.287	-0.197
36.480	19.580	-0.194
36.500	16.599	-0.184
36.520	13.371	-0.177
36.540	9.988	-0.164
36.560	6.453	-0.151
36.580	2.823	-0.134
36.600	-0.851	-0.115
36.620	-4.493	-0.097
36.640	-8.118	-0.071
36.660	-11.599	-0.053
36.680	-14.913	-0.028
36.700	-18.017	-0.007
36.720	-20.869	0.018
36.740	-23.415	0.041
36.760	-25.650	0.060
36.780	-27.508	0.087
36.800	-28.996	0.104
36.820	-30.027	0.125
36.840	-30.639	0.138
36.860	-30.844	0.158
36.880	-30.613	0.168
36.900	-29.968	0.173
36.920	-28.867	0.183
36.940	-27.347	0.187
36.960	-25.435	0.188
36.980	-23.206	0.188
37.000	-20.606	0.184
37.020	-17.722	0.178
37.040	-14.580	0.172
37.060	-11.255	0.155
37.080	-7.737	0.142
37.100	-4.128	0.126
37.120	-0.459	0.110
37.140	3.225	0.085
37.160	6.851	0.069
37.180	10.380	0.045
37.200	13.769	0.023
37.220	16.954	-0.000
37.240	19.897	-0.022
37.260	22.604	-0.046
37.280	24.919	-0.068
37.300	26.896	-0.092
37.320	28.502	-0.110
37.340	29.716	-0.131
37.360	30.484	-0.151
37.380	30.844	-0.164
37.400	30.758	-0.179
37.420	30.258	-0.188
37.440	29.291	-0.196
37.460	27.938	-0.206
37.480	26.198	-0.201
37.500	24.081	-0.207
37.520	21.584	-0.205
37.540	18.828	-0.201
37.560	15.778	-0.190
37.580	12.512	-0.181
37.600	9.080	-0.166
37.620	5.513	-0.156
37.640	1.872	-0.135
37.660	-1.813	-0.121
37.680	-5.460	-0.095
37.700	-9.048	-0.078
37.720	-12.474	-0.052
37.740	-15.729	-0.032
37.760	-18.807	-0.007
37.780	-21.578	0.014
37.800	-24.033	0.040
37.820	-26.181	0.062
37.840	-27.938	0.084
37.860	-29.318	0.101
37.880	-30.247	0.127
37.900	-30.715	0.132
37.920	-30.806	0.158
37.940	-30.473	0.160
37.960	-29.721	0.176
37.980	-28.512	0.177
38.000	-26.896	0.184
38.020	-24.887	0.183
38.040	-22.556	0.186
38.060	-19.876	0.180
38.080	-16.927	0.175
38.100	-13.747	0.160
38.120	-10.347	0.151
38.140	-6.802	0.134
38.160	-3.166	0.122
38.180	0.502	0.103
38.200	4.171	0.082
38.220	7.780	0.060
38.240	11.293	0.042
38.260	14.628	0.014
38.280	17.754	-0.005
38.300	20.633	-0.031
38.320	23.238	-0.052
38.340	25.472	-0.073
38.360	27.352	-0.093
38.380	28.862	-0.116
38.400	29.957	-0.135
38.420	30.629	-0.154
38.440	30.860	-0.167
38.460	30.661	-0.177
38.480	30.027	-0.186
38.500	28.985	-0.196
38.520	27.519	-0.197
38.540	25.682	-0.202
38.560	23.458	-0.203
38.580	20.896	-0.200
38.600	18.044	-0.194
38.620	14.934	-0.185
38.640	11.626	-0.177
38.660	8.145	-0.156
38.680	4.557	-0.149
38.700	0.894	-0.124
38.720	-2.780	-0.110
38.740	-6.421	-0.085
38.760	-9.982	-0.065
38.780	-13.366	-0.040
38.800	-16.583	-0.019
38.820	-19.575	0.006
38.840	-22.266	0.028
38.860	-24.667	0.056
38.880	-26.686	0.073
38.900	-28.373	0.096
38.920	-29.614	0.114
38.940	-30.457	0.137
38.960	-30.822	0.143
38.980	-30.795	0.164
39.000	-30.365	0.172
39.020	-29.485	0.185
39.040	-28.163	0.188
39.060	-26.434	0.197
39.080	-24.355	0.190
39.100	-21.933	0.194
39.120	-19.151	0.184
39.140	-16.154	0.182
39.160	-12.909	0.163
39.180	-9.456	0.155
39.200	-5.884	0.136
39.220	-2.232	0.123
39.240	1.448	0.104
39.260	5.116	0.090
39.280	8.693	0.064
39.300	12.157	0.043
39.320	15.461	0.015
39.340	18.511	-0.003
39.360	21.342	-0.027
39.380	23.845	-0.048
39.400	25.999	-0.067
39.420	27.782	-0.095
39.440	29.189	-0.111
39.460	30.177	-0.133
39.480	30.725	-0.146
39.500	30.854	-0.161
39.520	30.548	-0.172
39.540	29.802	-0.185
39.560	28.641	-0.193
39.580	27.078	-0.197
39.600	25.145	-0.196
39.620	22.808	-0.195
39.640	20.160	-0.191
39.660	17.260	-0.181
39.680	14.096	-0.175
39.700	10.718	-0.163
39.720	7.205	-0.148
39.740	3.601	-0.133
39.760	-0.078	-0.116
39.780	-3.741	-0.095
39.800	-7.383	-0.069
39.820	-10.879	-0.051
39.840	-14.225	-0.023
39.860	-17.394	-0.007
39.880	-20.332	0.021
39.900	-22.953	0.040
39.920	-25.236	0.069
39.940	-27.186	0.090
39.960	-28.754	0.106
39.980	-29.861	0.128
40.000	-30.596	0.152
40.020	-30.844	0.159
40.040	-30.725	0.176
40.060	-30.177	0.179
40.080	-29.184	0.196
40.100	-27.744	0.193
40.120	-25.924	0.205
40.140	-23.759	0.198
40.160	-21.213	0.201
40.180	-18.388	0.192
40.200	-15.300	0.185
40.220	-12.012	0.167
40.240	-8.532	0.161
40.260	-4.917	0.139
40.280	-1.254	0.127
40.300	2.430	0.101
40.320	6.067	0.086
40.340	9.617	0.060
40.360	13.049	0.043
40.380	16.288	0.014
40.400	19.285	-0.002
40.420	22.035	-0.031
40.440	24.452	-0.049
40.460	26.509	-0.076
40.480	28.185	-0.092
40.500	29.485	-0.115
40.520	30.355	-0.130
40.540	30.806	-0.150
40.560	30.806	-0.159
40.580	30.376	-0.177
40.600	29.528	-0.186
40.620	28.260	-0.193
40.640	26.611	-0.190
40.660	24.570	-0.196
40.680	22.164	-0.194
40.700	19.441	-0.187
40.720	16.465	-0.183
40.740	13.226	-0.169
40.760	9.821	-0.159
40.780	6.292	-0.143
40.800	2.651	-0.128
40.820	-1.018	-0.110
40.840	-4.686	-0.088
40.860	-8.290	-0.070
40.880	-11.765	-0.048
40.900	-15.047	-0.027
40.920	-18.162	0.003
40.940	-21.020	0.022
40.960	-23.550	0.049
40.980	-25.762	0.068
41.000	-27.594	0.091
41.020	-29.050	0.110
41.040	-30.070	0.130
41.060	-30.656	0.142
41.080	-30.870	0.165
41.100	-30.591	0.173
41.120	-29.925	0.184
41.140	-28.808	0.187
41.160	-27.272	0.192
41.180	-25.354	0.194
41.200	-23.082	0.192
41.220	-20.488	0.190
41.240	-17.577	0.181
41.260	-14.446	0.179
41.280	-11.110	0.163
41.300	-7.571	0.148
41.320	-3.961	0.130
41.340	-0.287	0.115
41.360	3.381	0.093
41.380	7.007	0.075
41.400	10.530	0.048
41.420	13.930	0.029
41.440	17.094	0.003
41.460	20.037	-0.017
41.480	22.722	-0.041
41.500	25.021	-0.068
41.520	26.987	-0.086
41.540	28.572	-0.108
41.560	29.759	-0.123
41.580	30.516	-0.146
41.600	30.844	-0.160
41.620	30.741	-0.174
41.640	30.204	-0.185
41.660	29.243	-0.190
41.680	27.852	-0.201
41.700	26.106	-0.196
41.720	23.974	-0.203
41.740	21.487	-0.193
41.760	18.689	-0.194
41.780	15.643	-0.185
41.800	12.351	-0.178
41.820	8.913	-0.160
41.840	5.347	-0.154
41.860	1.700	-0.131
41.880	-1.952	-0.115
41.900	-5.621	-0.090
41.920	-9.198	-0.073
41.940	-12.625	-0.048
41.960	-15.874	-0.030
41.980	-18.914	-0.004
42.000	-21.686	0.021
42.020	-24.146	0.043
42.040	-26.262	0.067
42.060	-28.018	0.087
42.080	-29.334	0.102
42.100	-30.280	0.128
42.120	-30.725	0.135
42.140	-30.827	0.156
42.160	-30.457	0.167
42.180	-29.646	0.175
42.200	-28.443	0.182
42.220	-26.794	0.186
42.240	-24.796	0.186
42.260	-22.438	0.188
42.280	-19.736	0.177
42.300	-16.777	0.176
42.320	-13.586	0.163
42.340	-10.186	0.154
42.360	-6.641	0.133
42.380	-2.994	0.121
42.400	0.690	0.097
42.420	4.337	0.082
42.440	7.947	0.057
42.460	11.432	0.039
42.480	14.762	0.010
42.500	17.888	-0.007
42.520	20.767	-0.032
42.540	23.345	-0.054
42.560	25.569	-0.075
42.580	27.454	-0.103
42.600	28.921	-0.118
42.620	29.995	-0.141
42.640	30.634	-0.152
42.660	30.854	-0.172
42.680	30.650	-0.181
42.700	29.995	-0.193
42.720	28.926	-0.201
42.740	27.417	-0.206
42.760	25.596	-0.206
42.780	23.351	-0.207
42.800	20.773	-0.204
42.820	17.926	-0.196
42.840	14.805	-0.187
42.860	11.470	-0.177
42.880	7.995	-0.163
42.900	4.407	-0.147
42.920	0.744	-0.130
42.940	-2.935	-0.110
42.960	-6.555	-0.085
42.980	-10.111	-0.069
43.000	-13.506	-0.043
43.020	-16.701	-0.024
43.040	-19.682	0.007
43.060	-22.368	0.022
43.080	-24.737	0.051
43.100	-26.767	0.068
43.120	-28.416	0.094
43.140	-29.630	0.112
43.160	-30.451	0.134
43.180	-30.790	0.140
43.200	-30.763	0.162
43.220	-30.290	0.166
43.240	-29.399	0.181
43.260	-28.056	0.181
43.280	-26.321	0.192
43.300	-24.221	0.183
43.320	-21.782	0.189
43.340	-19.006	0.178
43.360	-15.966	0.177
43.380	-12.727	0.159
43.400	-9.273	0.154
43.420	-5.696	0.131
43.440	-2.060	0.120
43.460	1.641	0.093
43.480	5.293	0.084
43.500	8.854	0.056
43.520	12.324	0.037
43.540	15.606	0.013
43.560	18.662	-0.010
43.580	21.482	-0.034
43.600	23.952	-0.056
43.620	26.095	-0.076
43.640	27.868	-0.101
43.660	29.243	-0.117
43.680	30.199	-0.140
43.700	30.736	-0.153
43.720	30.844	-0.172
43.740	30.521	-0.175
43.760	29.753	-0.190
43.780	28.582	-0.197
43.800	26.971	-0.201
43.820	25.048	-0.200
43.840	22.685	-0.200
43.860	20.042	-0.200
43.880	17.126	-0.188
43.900	13.935	-0.181
43.920	10.568	-0.167
43.940	7.039	-0.156
43.960	3.435	-0.137
43.980	-0.239	-0.120
44.000	-3.913	-0.100
44.020	-7.528	-0.078
44.040	-11.040	-0.056
44.060	-14.403	-0.029
44.080	-17.545	-0.011
44.100	-20.445	0.014
44.120	-23.050	0.041
44.140	-25.322	0.060
44.160	-27.277	0.081
44.180	-28.824	0.105
44.200	-29.920	0.122
44.220	-30.623	0.140
44.240	-30.844	0.153
44.260	-30.725	0.172
44.280	-30.151	0.176
44.300	-29.146	0.191
44.320	-27.675	0.188
44.340	-25.843	0.197
44.360	-23.652	0.188
44.380	-21.116	0.197
44.400	-18.254	0.185
44.420	-15.165	0.184
44.440	-11.862	0.161
44.460	-8.387	0.158
44.480	-4.772	0.133
44.500	-1.109	0.126
44.520	2.597	0.097
44.540	6.212	0.085
44.560	9.767	0.058
44.580	13.205	0.039
44.600	16.422	0.010
44.620	19.419	-0.002
44.640	22.164	-0.035
44.660	24.543	-0.049
44.680	26.606	-0.079
44.700	28.249	-0.093
44.720	29.538	-0.119
44.740	30.387	-0.129
44.760	30.811	-0.152
44.780	30.801	-0.160
44.800	30.371	-0.177
44.820	29.479	-0.185
44.840	28.196	-0.193
44.860	26.504	-0.195
44.880	24.468	-0.197
44.900	22.035	-0.193
44.920	19.296	-0.182
44.940	16.315	-0.181
44.960	13.076	-0.168
44.980	9.655	-0.158
45.000	6.110	-0.142
45.020	2.468	-0.125
45.040	-1.184	-0.109
45.060	-4.864	-0.083
45.080	-8.457	-0.065
45.100	-11.921	-0.039
45.120	-15.214	-0.023
45.140	-18.313	0.010
45.160	-21.143	0.025
45.180	-23.668	0.052
45.200	-25.854	0.072
45.220	-27.707	0.097
45.240	-29.125	0.108
45.260	-30.140	0.140
45.280	-30.715	0.150
45.300	-30.870	0.168
45.320	-30.580	0.176
45.340	-29.898	0.185
45.360	-28.776	0.193
45.380	-27.207	0.197
45.400	-25.274	0.197
45.420	-22.996	0.197
45.440	-20.370	0.192
45.460	-17.464	0.186
45.480	-14.295	0.178
45.500	-10.949	0.171
45.520	-7.415	0.151
45.540	-3.800	0.137
45.560	-0.126	0.118
45.580	3.553	0.096
45.600	7.168	0.074
45.620	10.691	0.052
45.640	14.070	0.034
45.660	17.239	0.008
45.680	20.160	-0.018
45.700	22.835	-0.036
45.720	25.113	-0.066
45.740	27.084	-0.084
45.760	28.631	-0.106
45.780	29.807	-0.120
45.800	30.553	-0.139
45.820	30.854	-0.159
45.840	30.725	-0.164
45.860	30.167	-0.182
45.880	29.189	-0.184
45.900	27.793	-0.197
45.920	26.026	-0.191
45.940	23.866	-0.198
45.960	21.353	-0.189
45.980	18.549	-0.193
46.000	15.493	-0.181
46.020	12.195	-0.173
46.040	8.758	-0.154
46.060	5.175	-0.143
46.080	1.533	-0.123
46.100	-2.151	-0.108
46.120	-5.777	-0.086
46.140	-9.370	-0.064
46.160	-12.786	-0.044
46.180	-16.041	-0.017
46.200	-19.059	0.007
46.220	-21.825	0.025
46.240	-24.237	0.051
46.260	-26.348	0.072
46.280	-28.083	0.093
46.300	-29.409	0.111
46.320	-30.306	0.132
46.340	-30.747	0.144
46.360	-30.822	0.165
46.380	-30.435	0.173
46.400	-29.624	0.183
46.420	-28.378	0.184
46.440	-26.719	0.194
46.460	-24.699	0.189
46.480	-22.325	0.196
46.500	-19.613	0.182
46.520	-16.642	0.177
46.540	-13.441	0.162
46.560	-10.025	0.157
46.580	-6.475	0.135
46.600	-2.823	0.124
46.620	0.857	0.104
46.640	4.509	0.083
46.660	8.108	0.060
46.680	11.599	0.042
46.700	14.924	0.015
46.720	18.028	-0.007
46.740	20.891	-0.030
46.760	23.458	-0.055
46.780	25.666	-0.076
46.800	27.530	-0.101
46.820	28.980	-0.117
46.840	30.027	-0.138
46.860	30.661	-0.156
46.880	30.860	-0.166
46.900	30.629	-0.185
46.920	29.957	-0.188
46.940	28.862	-0.202
46.960	27.352	-0.201
46.980	25.505	-0.207
47.000	23.233	-0.208
47.020	20.644	-0.201
47.040	17.781	-0.197
47.060	14.655	-0.188
47.080	11.303	-0.177
47.100	7.828	-0.160
47.120	4.246	-0.151
47.140	0.572	-0.129
47.160	-3.096	-0.114
47.180	-6.727	-0.086
47.200	-10.261	-0.068
47.220	-13.667	-0.042
47.240	-16.841	-0.021
47.260	-19.811	0.005
47.280	-22.470	0.024
47.300	-24.828	0.051
47.320	-26.847	0.069
47.340	-28.480	0.093
47.360	-29.694	0.110
47.380	-30.468	0.129
47.400	-30.790	0.141
47.420	-30.758	0.159
47.440	-30.258	0.168
47.460	-29.340	0.177
47.480	-27.986	0.180
47.500	-26.214	0.188
47.520	-24.108	0.185
47.540	-21.648	0.187
47.560	-18.861	0.176
47.580	-15.815	0.175
47.600	-12.571	0.157
47.620	-9.096	0.148
47.640	-5.524	0.126
47.660	-1.877	0.116
47.680	1.807	0.093
47.700	5.465	0.078
47.720	9.031	0.049
47.740	12.496	0.032
47.760	15.745	0.006
47.780	18.802	-0.015
47.800	21.600	-0.040
47.820	24.054	-0.057
47.840	26.187	-0.081
47.860	27.938	-0.108
47.880	29.291	-0.121
47.900	30.237	-0.146
47.920	30.752	-0.154
47.940	30.833	-0.177
47.960	30.489	-0.180
47.980	29.694	-0.194
48.000	28.518	-0.197
48.020	26.896	-0.207
48.040	24.941	-0.201
48.060	22.599	-0.207
48.080	19.924	-0.197
48.100	16.981	-0.192
48.120	13.790	-0.181
48.140	10.412	-0.168
48.160	6.899	-0.158
48.180	3.268	-0.138
48.200	-0.395	-0.122
48.220	-4.069	-0.102
48.240	-7.683	-0.081
48.260	-11.196	-0.056
48.280	-14.505	-0.032
48.300	-17.668	-0.011
48.320	-20.569	0.012
48.340	-23.136	0.034
48.360	-25.403	0.060
48.380	-27.320	0.078
48.400	-28.851	0.103
48.420	-29.947	0.120
48.440	-30.613	0.139
48.460	-30.838	0.150
48.480	-30.682	0.168
48.500	-30.102	0.173
48.520	-29.044	0.189
48.540	-27.589	0.188
48.560	-25.741	0.197
48.580	-23.533	0.192
48.600	-20.971	0.194
48.620	-18.109	0.183
48.640	-15.015	0.180
48.660	-11.712	0.159
48.680	-8.204	0.151
48.700	-4.595	0.130
48.720	-0.927	0.119
48.740	2.758	0.094
48.760	6.384	0.081
48.780	9.928	0.051
48.800	13.350	0.033
48.820	16.567	0.006
48.840	19.553	-0.010
48.860	22.282	-0.041
48.880	24.656	-0.054
48.900	26.686	-0.087
48.920	28.324	-0.095
48.940	29.592	-0.128
48.960	30.414	-0.133
48.980	30.822	-0.161
49.000	30.779	-0.160
49.020	30.323	-0.190
49.040	29.436	-0.180
49.060	28.131	-0.202
49.080	26.423	-0.192
49.100	24.355	-0.200
49.120	21.906	-0.193
49.140	19.167	-0.192
49.160	16.170	-0.182
49.180	12.904	-0.172
49.200	9.488	-0.156
49.220	5.948	-0.142
49.240	2.291	-0.128
49.260	-1.372	-0.106
49.280	-5.035	-0.086
49.300	-8.634	-0.063
49.320	-12.098	-0.044
49.340	-15.380	-0.023
49.360	-18.463	0.004
49.380	-21.299	0.024
49.400	-23.797	0.052
49.420	-25.977	0.069
49.440	-27.777	0.097
49.460	-29.195	0.112
49.480	-30.194	0.139
49.500	-30.725	0.143
49.520	-30.865	0.166
49.540	-30.570	0.171
49.560	-29.871	0.188
49.580	-28.733	0.188
49.600	-27.154	0.201
49.620	-25.198	0.196
49.640	-22.889	0.203
49.660	-20.257	0.194
49.680	-17.341	0.192
49.700	-14.172	0.178
49.720	-10.809	0.167
49.740	-7.270	0.151
49.760	-3.634	0.139
49.780	0.035	0.120
49.800	3.725	0.099
49.820	7.323	0.077
49.840	10.842	0.060
49.860	14.220	0.034
49.880	17.367	0.010
49.900	20.284	-0.010
49.920	22.937	-0.038
49.940	25.215	-0.059
49.960	27.154	-0.080
49.980	28.695	-0.105
50.000	29.839	-0.116
50.020	30.559	-0.140
50.040	30.854	-0.151
50.060	30.720	-0.169
50.080	30.145	-0.171
50.100	29.135	-0.188
50.120	27.723	-0.188
50.140	25.924	-0.193
50.160	23.748	-0.193
50.180	21.235	-0.190
50.200	18.409	-0.188
50.220	15.343	-0.172
50.240	12.034	-0.165
50.260	8.586	-0.152
50.280	5.009	-0.139
50.300	1.351	-0.116
50.320	-2.334	-0.101
50.340	-5.959	-0.080
50.360	-9.558	-0.063
50.380	-12.947	-0.036
50.400	-16.180	-0.011
50.420	-19.215	0.015
50.440	-21.938	0.031
50.460	-24.371	0.056
50.480	-26.466	0.078
50.500	-28.163	0.095
50.520	-29.463	0.119
50.540	-30.349	0.139
50.560	-30.784	0.152
50.580	-30.844	0.168
50.600	-30.425	0.176
50.620	-29.576	0.188
50.640	-28.314	0.188
50.660	-26.654	0.198
50.680	-24.613	0.195
50.700	-22.201	0.197
50.720	-19.484	0.188
50.740	-16.492	0.185
50.760	-13.291	0.172
50.780	-9.864	0.161
50.800	-6.303	0.142
50.820	-2.672	0.127
50.840	1.029	0.105
50.860	4.676	0.089
50.880	8.247	0.067
50.900	11.755	0.045
50.920	15.074	0.022
50.940	18.157	-0.000
50.960	21.025	-0.023
50.980	23.576	-0.047
51.000	25.762	-0.070
51.020	27.594	-0.094
51.040	29.039	-0.110
51.060	30.070	-0.134
51.080	30.682	-0.144
51.100	30.865	-0.168
51.120	30.607	-0.169
51.140	29.904	-0.188
51.160	28.808	-0.189
51.180	27.288	-0.200
51.200	25.397	-0.196
51.220	23.115	-0.198
51.240	20.510	-0.195
51.260	17.641	-0.191
51.280	14.499	-0.182
51.300	11.169	-0.168
51.320	7.656	-0.155
51.340	4.069	-0.139
51.360	0.406	-0.122
51.380	-3.263	-0.106
51.400	-6.894	-0.079
51.420	-10.433	-0.061
51.440	-13.801	-0.037
51.460	-16.991	-0.016
51.480	-19.940	0.010
51.500	-22.604	0.027
51.520	-24.925	0.056
51.540	-26.917	0.072
51.560	-28.545	0.097
51.580	-29.716	0.110
51.600	-30.484	0.136
51.620	-30.801	0.143
51.640	-30.736	0.167
51.660	-30.231	0.168
51.680	-29.275	0.185
51.700	-27.911	0.184
51.720	-26.128	0.195
51.740	-23.995	0.184
51.760	-21.519	0.189
51.780	-18.721	0.176
51.800	-15.665	0.176
51.820	-12.410	0.159
51.840	-8.940	0.151
51.860	-5.358	0.127
51.880	-1.695	0.114
51.900	1.990	0.093
51.920	5.632	0.079
51.940	9.187	0.051
51.960	12.641	0.033
51.980	15.906	0.004
52.000	18.936	-0.015
52.020	21.707	-0.040
52.040	24.173	-0.060
52.060	26.273	-0.086
52.080	28.008	-0.106
52.100	29.350	-0.125
52.120	30.280	-0.143
52.140	30.768	-0.161
52.160	30.833	-0.172
52.180	30.468	-0.188
52.200	29.667	-0.192
52.220	28.443	-0.206
52.240	26.826	-0.201
52.260	24.849	-0.209
52.280	22.481	-0.204
52.300	19.801	-0.202
52.320	16.841	-0.194
52.340	13.640	-0.186
52.360	10.261	-0.170
52.380	6.738	-0.158
52.400	3.102	-0.142
52.420	-0.551	-0.124
52.440	-4.219	-0.102
52.460	-7.823	-0.079
52.480	-11.336	-0.057
52.500	-14.650	-0.036
52.520	-17.786	-0.011
52.540	-20.671	0.012
52.560	-23.227	0.032
52.580	-25.489	0.056
52.600	-27.374	0.080
52.620	-28.888	0.099
52.640	-29.963	0.120
52.660	-30.613	0.136
52.680	-30.838	0.149
52.700	-30.650	0.167
52.720	-30.022	0.173
52.740	-28.969	0.184
52.760	-27.476	0.184
52.780	-25.612	0.191
52.800	-23.405	0.186
52.820	-20.805	0.187
52.840	-17.953	0.179
52.860	-14.832	0.171
52.880	-11.524	0.159
52.900	-8.016	0.143
52.920	-4.396	0.127
52.940	-0.739	0.115
52.960	2.930	0.093
52.980	6.561	0.072
53.000	10.095	0.051
53.020	13.511	0.029
53.040	16.712	-0.000
53.060	19.682	-0.019
53.080	22.406	-0.043
53.100	24.747	-0.062
53.120	26.761	-0.087
53.140	28.384	-0.107
53.160	29.646	-0.128
53.180	30.441	-0.142
53.200	30.838	-0.163
53.220	30.774	-0.170
53.240	30.306	-0.185
53.260	29.383	-0.193
53.280	28.061	-0.201
53.300	26.337	-0.201
53.320	24.259	-0.207
53.340	21.788	-0.201
53.360	19.043	-0.197
53.380	16.025	-0.183
53.400	12.764	-0.181
53.420	9.327	-0.163
53.440	5.777	-0.150
53.460	2.146	-0.132
53.480	-1.539	-0.113
53.500	-5.191	-0.090
53.520	-8.779	-0.069
53.540	-12.254	-0.047
53.560	-15.520	-0.026
53.580	-18.597	-0.002
53.600	-21.417	0.018
53.620	-23.888	0.050
53.640	-26.052	0.065
53.660	-27.863	0.093
53.680	-29.248	0.112
53.700	-30.237	0.133
53.720	-30.763	0.145
53.740	-30.865	0.160
53.760	-30.575	0.167
53.780	-29.850	0.182
53.800	-28.657	0.188
53.820	-27.078	0.196
53.840	-25.096	0.194
53.860	-22.798	0.194
53.880	-20.144	0.192
53.900	-17.196	0.188
53.920	-14.037	0.173
53.940	-10.643	0.163
53.960	-7.109	0.147
53.980	-3.478	0.134
54.000	0.207	0.117
54.020	3.875	0.095
54.040	7.490	0.072
54.060	10.992	0.052
54.080	14.354	0.027
54.100	17.507	0.006
54.120	20.424	-0.015
54.140	23.045	-0.040
54.160	25.301	-0.059
54.180	27.223	-0.081
54.200	28.760	-0.105
54.220	29.893	-0.121
54.240	30.596	-0.143
54.260	30.865	-0.152
54.280	30.693	-0.168
54.300	30.092	-0.177
54.320	29.071	-0.187
54.340	27.642	-0.191
54.360	25.838	-0.193
54.380	23.652	-0.195
54.400	21.111	-0.189
54.420	18.275	-0.187
54.440	15.176	-0.175
54.460	11.867	-0.164
54.480	8.419	-0.148
54.500	4.815	-0.139
54.520	1.168	-0.116
54.540	-2.511	-0.102
54.560	-6.142	-0.070
54.580	-9.714	-0.055
54.600	-13.130	-0.034
54.620	-16.363	-0.013
54.640	-19.360	0.014
54.660	-22.083	0.035
54.680	-24.484	0.061
54.700	-26.557	0.081
54.720	-28.260	0.103
54.740	-29.533	0.119
54.760	-30.403	0.143
54.780	-30.795	0.155
54.800	-30.822	0.176
54.820	-30.408	0.179
54.840	-29.560	0.190
54.860	-28.276	0.195
54.880	-26.579	0.205
54.900	-24.511	0.200
54.920	-22.105	0.202
54.940	-19.365	0.192
54.960	-16.374	0.191
54.980	-13.162	0.176
55.000	-9.714	0.169
55.020	-6.158	0.147
55.040	-2.511	0.134
55.060	1.179	0.113
55.080	4.847	0.090
55.100	8.419	0.071
55.120	11.910	0.049
55.140	15.214	0.028
55.160	18.302	0.003
55.180	21.138	-0.019
55.200	23.662	-0.044
55.220	25.854	-0.065
55.240	27.658	-0.089
55.260	29.098	-0.106
55.280	30.113	-0.129
55.300	30.693	-0.141
55.320	30.849	-0.160
55.340	30.586	-0.168
55.360	29.882	-0.184
55.380	28.743	-0.189
55.400	27.218	-0.192
55.420	25.306	-0.192
55.440	23.002	-0.191
55.460	20.386	-0.191
55.480	17.507	-0.187
55.500	14.354	-0.176
55.520	10.992	-0.161
55.540	7.490	-0.151
55.560	3.891	-0.135
55.580	0.228	-0.117
55.600	-3.435	-0.095
55.620	-7.060	-0.077
55.640	-10.616	-0.054
55.660	-13.951	-0.031
55.680	-17.131	-0.009
55.700	-20.080	0.021
55.720	-22.712	0.035
55.740	-25.027	0.065
55.760	-27.014	0.080
55.780	-28.615	0.106
55.800	-29.769	0.117
55.820	-30.516	0.141
55.840	-30.817	0.151
55.860	-30.741	0.172
55.880	-30.194	0.172
55.900	-29.232	0.190
55.920	-27.841	0.190
55.940	-26.036	0.197
55.960	-23.904	0.189
55.980	-21.406	0.197
56.000	-18.587	0.179
56.020	-15.525	0.178
56.040	-12.243	0.163
56.060	-8.790	0.156
56.080	-5.175	0.131
56.100	-1.544	0.119
56.120	2.151	0.096
56.140	5.793	0.081
56.160	9.348	0.054
56.180	12.791	0.042
56.200	16.052	0.010
56.220	19.070	-0.009
56.240	21.836	-0.035
56.260	24.280	-0.056
56.280	26.375	-0.084
56.300	28.077	-0.098
56.320	29.399	-0.123
56.340	30.306	-0.137
56.360	30.790	-0.159
56.380	30.822	-0.165
56.400	30.446	-0.185
56.420	29.608	-0.186
56.440	28.373	-0.202
56.460	26.745	-0.199
56.480	24.753	-0.205
56.500	22.357	-0.201
56.520	19.661	-0.196
56.540	16.701	-0.191
56.560	13.490	-0.182
56.580	10.095	-0.171
56.600	6.577	-0.156
56.620	2.951	-0.140
56.640	-0.728	-0.122
56.660	-4.385	-0.102
56.680	-8.006	-0.078
56.700	-11.475	-0.057
56.720	-14.800	-0.035
56.740	-17.926	-0.007
56.760	-20.789	0.013
56.780	-23.345	0.038
56.800	-25.569	0.055
56.820	-27.454	0.080
56.840	-28.942	0.095
56.860	-30.011	0.120
56.880	-30.634	0.134
56.900	-30.844	0.151
56.920	-30.613	0.164
56.940	-29.984	0.170
56.960	-28.905	0.181
56.980	-27.406	0.186
57.000	-25.505	0.190
57.020	-23.281	0.187
57.040	-20.687	0.184
57.060	-17.802	0.178
57.080	-14.687	0.170
57.100	-11.352	0.153
57.120	-7.844	0.142
57.140	-4.230	0.124
57.160	-0.572	0.110
57.180	3.113	0.087
57.200	6.738	0.069
57.220	10.267	0.046
57.240	13.672	0.024
57.260	16.857	-0.000
57.280	19.817	-0.023
57.300	22.529	-0.046
57.320	24.855	-0.070
57.340	26.847	-0.090
57.360	28.464	-0.107
57.380	29.683	-0.129
57.400	30.473	-0.150
57.420	30.838	-0.162
57.440	30.758	-0.179
57.460	30.263	-0.185
57.480	29.334	-0.197
57.500	27.975	-0.202
57.520	26.251	-0.202
57.540	24.156	-0.206
57.560	21.686	-0.199
57.580	18.920	-0.199
57.600	15.896	-0.188
57.620	12.609	-0.183
57.640	9.187	-0.164
57.660	5.632	-0.152
57.680	1.995	-0.132
57.700	-1.684	-0.119
57.720	-5.342	-0.094
57.740	-8.924	-0.077
57.760	-12.383	-0.048
57.780	-15.633	-0.027
57.800	-18.705	-0.002
57.820	-21.498	0.019
57.840	-23.969	0.044
57.860	-26.106	0.064
57.880	-27.895	0.085
57.900	-29.275	0.108
57.920	-30.231	0.129
57.940	-30.725	0.138
57.960	-30.827	0.158
57.980	-30.516	0.168
58.000	-29.780	0.180
58.020	-28.572	0.185
58.040	-26.960	0.189
58.060	-24.978	0.188
58.080	-22.647	0.190
58.100	-19.972	0.188
58.120	-17.018	0.183
58.140	-13.865	0.168
58.160	-10.466	0.159
58.180	-6.926	0.142
58.200	-3.295	0.127
58.220	0.389	0.105
58.240	4.058	0.090
58.260	7.656	0.067
58.280	11.169	0.049
58.300	14.515	0.026
58.320	17.652	0.001
58.340	20.542	-0.024
58.360	23.157	-0.046
58.380	25.403	-0.064
58.400	27.309	-0.089
58.420	28.824	-0.113
58.440	29.930	-0.130
58.460	30.607	-0.143
58.480	30.854	-0.163
58.500	30.666	-0.172
58.520	30.065	-0.188
58.540	29.028	-0.192
58.560	27.546	-0.197
58.580	25.736	-0.198
58.600	23.539	-0.198
58.620	20.982	-0.194
58.640	18.135	-0.193
58.660	15.047	-0.182
58.680	11.712	-0.172
58.700	8.253	-0.154
58.720	4.659	-0.143
58.740	1.018	-0.121
58.760	-2.677	-0.105
58.780	-6.324	-0.080
58.800	-9.896	-0.057
58.820	-13.285	-0.036
58.840	-16.492	-0.014
58.860	-19.494	0.011
58.880	-22.207	0.028
58.900	-24.608	0.057
58.920	-26.659	0.077
58.940	-28.330	0.101
58.960	-29.597	0.117
58.980	-30.451	0.139
59.000	-30.806	0.151
59.020	-30.822	0.170
59.040	-30.392	0.179
59.060	-29.517	0.190
59.080	-28.206	0.193
59.100	-26.514	0.203
59.120	-24.430	0.193
59.140	-21.997	0.201
59.160	-19.242	0.189
59.180	-16.245	0.188
59.200	-13.011	0.172
59.220	-9.579	0.168
59.240	-5.991	0.145
59.260	-2.339	0.131
59.280	1.340	0.111
59.300	5.003	0.092
59.320	8.575	0.068
59.340	12.061	0.050
59.360	15.348	0.022
59.380	18.431	0.004
59.400	21.267	-0.022
59.420	23.770	-0.041
59.440	25.934	-0.067
59.460	27.728	-0.086
59.480	29.141	-0.107
59.500	30.140	-0.122
59.520	30.715	-0.143
59.540	30.849	-0.156
59.560	30.559	-0.171
59.580	29.818	-0.177
59.600	28.684	-0.189
59.620	27.100	-0.189
59.640	25.204	-0.191
59.660	22.900	-0.193
59.680	20.257	-0.186
59.700	17.357	-0.184
59.720	14.188	-0.169
59.740	10.820	-0.160
59.760	7.334	-0.144
59.780	3.714	-0.131
59.800	0.056	-0.113
59.820	-3.617	-0.089
59.840	-7.243	-0.071
59.860	-10.756	-0.049
59.880	-14.118	-0.026
59.900	-17.281	-0.004
59.920	-20.219	0.022
59.940	-22.841	0.044
59.960	-25.145	0.066
59.980	-27.111	0.087
60.000	-28.679	0.107
60.020	-29.828	0.128
60.040	-30.553	0.144
60.060	-30.854	0.163
60.080	-30.747	0.176
60.100	-30.188	0.180
60.120	-29.200	0.196
60.140	-27.771	0.195
60.160	-25.972	0.201
60.180	-23.807	0.196
60.200	-21.294	0.201
60.220	-18.469	0.188
60.240	-15.396	0.184
60.260	-12.115	0.170
60.280	-8.623	0.163
60.300	-5.035	0.138
60.320	-1.356	0.127
60.340	2.312	0.100
60.360	5.954	0.082
60.380	9.499	0.064
60.400	12.952	0.042
60.420	16.186	0.018
60.440	19.199	-0.006
60.460	21.965	-0.028
60.480	24.371	-0.054
60.500	26.450	-0.075
60.520	28.147	-0.099
60.540	29.458	-0.110
60.560	30.333	-0.139
60.580	30.795	-0.147
60.600	30.817	-0.168
60.620	30.419	-0.172
60.640	29.565	-0.186
60.660	28.314	-0.192
60.680	26.654	-0.197
60.700	24.645	-0.197
60.720	22.228	-0.193
60.740	19.532	-0.193
60.760	16.556	-0.181
60.780	13.339	-0.178
60.800	9.945	-0.158
60.820	6.389	-0.152
60.840	2.774	-0.130
60.860	-0.900	-0.116
60.880	-4.552	-0.092
60.900	-8.172	-0.073
60.920	-11.653	-0.050
60.940	-14.945	-0.028
60.960	-18.066	-0.003
60.980	-20.912	0.020
61.000	-23.469	0.041
61.020	-25.671	0.068
61.040	-27.530	0.084
61.060	-29.001	0.107
61.080	-30.049	0.123
61.100	-30.645	0.144
61.120	-30.849	0.155
61.140	-30.591	0.172
61.160	-29.941	0.176
61.180	-28.840	0.192
61.200	-27.325	0.188
61.220	-25.419	0.193
61.240	-23.174	0.188
61.260	-20.563	0.189
61.280	-17.668	0.178
61.300	-14.531	0.175
61.320	-11.201	0.155
61.340	-7.694	0.145
61.360	-4.079	0.126
61.380	-0.395	0.111
61.400	3.279	0.089
61.420	6.905	0.070
61.440	10.423	0.047
61.460	13.833	0.030
61.480	17.008	-0.000
61.500	19.951	-0.022
61.520	22.626	-0.047
61.540	24.946	-0.068
61.560	26.944	-0.090
61.580	28.518	-0.109
61.600	29.732	-0.131
61.620	30.510	-0.144
61.640	30.844	-0.167
61.660	30.747	-0.174
61.680	30.220	-0.190
61.700	29.286	-0.193
61.720	27.911	-0.210
61.740	26.171	-0.198
61.760	24.044	-0.209
61.780	21.562	-0.197
61.800	18.775	-0.203
61.820	15.740	-0.189
61.840	12.458	-0.182
61.860	9.015	-0.163
61.880	5.454	-0.153
61.900	1.813	-0.131
61.920	-1.856	-0.117
61.940	-5.503	-0.095
61.960	-9.080	-0.076
61.980	-12.523	-0.049
62.000	-15.772	-0.028
62.020	-18.834	-0.002
62.040	-21.616	0.018
62.060	-24.065	0.042
62.080	-26.198	0.061
62.100	-27.970	0.088
62.120	-29.318	0.103
62.140	-30.237	0.129
62.160	-30.725	0.137
62.180	-30.817	0.159
62.200	-30.473	0.167
62.220	-29.694	0.180
62.240	-28.491	0.179
62.260	-26.874	0.191
62.280	-24.876	0.187
62.300	-22.513	0.188
62.320	-19.822	0.180
62.340	-16.868	0.179
62.360	-13.683	0.163
62.380	-10.294	0.156
62.400	-6.754	0.137
62.420	-3.118	0.126
62.440	0.572	0.105
62.460	4.235	0.085
62.480	7.834	0.061
62.500	11.320	0.039
62.520	14.671	0.017
62.540	17.792	-0.005
62.560	20.687	-0.027
62.580	23.286	-0.052
62.600	25.499	-0.073
62.620	27.395	-0.097
62.640	28.872	-0.114
62.660	29.963	-0.136
62.680	30.629	-0.149
62.700	30.854	-0.167
62.720	30.656	-0.180
62.740	30.027	-0.187
62.760	28.974	-0.196
62.780	27.481	-0.199
62.800	25.660	-0.204
62.820	23.415	-0.203
62.840	20.859	-0.196
62.860	18.001	-0.196
62.880	14.902	-0.181
62.900	11.561	-0.175
62.920	8.097	-0.160
62.940	4.493	-0.148
62.960	0.841	-0.126
62.980	-2.833	-0.107
63.000	-6.459	-0.084
63.020	-10.031	-0.062
63.040	-13.409	-0.037
63.060	-16.626	-0.018
63.080	-19.591	0.003
63.100	-22.303	0.027
63.120	-24.683	0.054
63.140	-26.719	0.072
63.160	-28.373	0.096
63.180	-29.624	0.115
63.200	-30.451	0.135
63.220	-30.806	0.148
63.240	-30.795	0.167
63.260	-30.344	0.173
63.280	-29.463	0.187
63.300	-28.120	0.187
63.320	-26.418	0.197
63.340	-24.318	0.191
63.360	-21.885	0.196
63.380	-19.113	0.184
63.400	-16.100	0.181
63.420	-12.861	0.163
63.440	-9.402	0.158
63.460	-5.846	0.138
63.480	-2.183	0.128
63.500	1.496	0.104
63.520	5.164	0.089
63.540	8.736	0.057
63.560	12.211	0.043
63.580	15.498	0.016
63.600	18.560	-0.002
63.620	21.380	-0.029
63.640	23.883	-0.047
63.660	26.031	-0.070
63.680	27.814	-0.094
63.700	29.211	-0.110
63.720	30.177	-0.134
63.740	30.736	-0.147
63.760	30.849	-0.164
63.780	30.532	-0.168
63.800	29.769	-0.187
63.820	28.620	-0.188
63.840	27.030	-0.198
63.860	25.107	-0.193
63.880	22.781	-0.196
63.900	20.134	-0.188
63.920	17.217	-0.185
63.940	14.032	-0.171
63.960	10.659	-0.163
63.980	7.157	-0.144
64.000	3.537	-0.131
64.020	-0.126	-0.112
64.040	-3.805	-0.093
64.060	-7.436	-0.069
64.080	-10.944	-0.047
64.100	-14.301	-0.023
64.120	-17.459	-0.002
64.140	-20.365	0.020
64.160	-22.964	0.043
64.180	-25.263	0.065
64.200	-27.202	0.087
64.220	-28.786	0.107
64.240	-29.882	0.126
64.260	-30.602	0.148
64.280	-30.849	0.163
64.300	-30.731	0.178
64.320	-30.172	0.184
64.340	-29.162	0.196
64.360	-27.718	0.197
64.380	-25.897	0.205
64.400	-23.721	0.198
64.420	-21.197	0.201
64.440	-18.340	0.186
64.460	-15.246	0.190
64.480	-11.959	0.170
64.500	-8.489	0.168
64.520	-4.874	0.141
64.540	-1.200	0.128
64.560	2.473	0.104
64.580	6.110	0.088
64.600	9.665	0.062
64.620	13.092	0.043
64.640	16.336	0.018
64.660	19.317	-0.002
64.680	22.094	-0.028
64.700	24.479	-0.049
64.720	26.541	-0.073
64.740	28.212	-0.094
64.760	29.506	-0.109
64.780	30.371	-0.134
64.800	30.806	-0.148
64.820	30.806	-0.163
64.840	30.376	-0.172
64.860	29.517	-0.182
64.880	28.244	-0.191
64.900	26.557	-0.189
64.920	24.543	-0.193
64.940	22.110	-0.190
64.960	19.392	-0.192
64.980	16.422	-0.178
65.000	13.173	-0.174
65.020	9.767	-0.152
65.040	6.222	-0.143
65.060	2.592	-0.123
65.080	-1.082	-0.111
65.100	-4.740	-0.082
65.120	-8.333	-0.068
65.140	-11.808	-0.046
65.160	-15.095	-0.023
65.180	-18.211	0.006
65.200	-21.057	0.027
65.220	-23.587	0.049
65.240	-25.768	0.070
65.260	-27.621	0.093
65.280	-29.076	0.112
65.300	-30.086	0.133
65.320	-30.661	0.145
65.340	-30.860	0.168
65.360	-30.591	0.176
65.380	-29.920	0.184
65.400	-28.792	0.192
65.420	-27.256	0.194
65.440	-25.333	0.197
65.460	-23.055	0.198
65.480	-20.434	0.189
65.500	-17.534	0.184
65.520	-14.397	0.178
65.540	-11.030	0.163
65.560	-7.517	0.153
65.580	-3.902	0.131
65.600	-0.223	0.117
65.620	3.446	0.093
65.640	7.066	0.076
65.660	10.589	0.051
65.680	13.962	0.033
65.700	17.147	0.004
65.720	20.074	-0.015
65.740	22.749	-0.041
65.760	25.053	-0.060
65.780	27.025	-0.086
65.800	28.588	-0.102
65.820	29.764	-0.131
65.840	30.521	-0.139
65.860	30.854	-0.162
65.880	30.736	-0.166
65.900	30.204	-0.185
65.920	29.227	-0.190
65.940	27.841	-0.196
65.960	26.074	-0.197
65.980	23.942	-0.197
66.000	21.439	-0.198
66.020	18.635	-0.192
66.040	15.606	-0.189
66.060	12.308	-0.172
66.080	8.865	-0.160
66.100	5.299	-0.148
66.120	1.652	-0.130
66.140	-2.028	-0.112
66.160	-5.653	-0.090
66.180	-9.241	-0.070
66.200	-12.678	-0.044
66.220	-15.928	-0.026
66.240	-18.979	0.006
66.260	-21.734	0.016
66.280	-24.178	0.049
66.300	-26.278	0.064
66.320	-28.045	0.092
66.340	-29.366	0.103
66.360	-30.290	0.131
66.380	-30.736	0.139
66.400	-30.811	0.163
66.420	-30.446	0.167
66.440	-29.662	0.180
66.460	-28.416	0.180
66.480	-26.767	0.191
66.500	-24.763	0.184
66.520	-22.406	0.188
66.540	-19.704	0.180
66.560	-16.739	0.176
66.580	-13.532	0.163
66.600	-10.116	0.152
66.620	-6.582	0.134
66.640	-2.946	0.122
66.660	0.739	0.101
66.680	4.396	0.085
66.700	8.006	0.057
66.720	11.497	0.041
66.740	14.822	0.014
66.760	17.931	-0.005
66.780	20.800	-0.032
66.800	23.383	-0.052
66.820	25.601	-0.077
66.840	27.470	-0.097
66.860	28.937	-0.123
66.880	30.011	-0.135
66.900	30.650	-0.159
66.920	30.860	-0.167
66.940	30.645	-0.184
66.960	29.963	-0.189
66.980	28.899	-0.201
67.000	27.417	-0.204
67.020	25.564	-0.204
67.040	23.308	-0.210
67.060	20.735	-0.197
67.080	17.872	-0.201
67.100	14.757	-0.184
67.120	11.427	-0.180
67.140	7.941	-0.162
67.160	4.343	-0.152
67.180	0.696	-0.127
67.200	-2.989	-0.113
67.220	-6.620	-0.088
67.240	-10.170	-0.068
67.260	-13.549	-0.044
67.280	-16.744	-0.020
67.300	-19.731	0.002
67.320	-22.395	0.025
67.340	-24.753	0.048
67.360	-26.778	0.071
67.380	-28.410	0.093
67.400	-29.651	0.110
67.420	-30.457	0.133
67.440	-30.790	0.142
67.460	-30.758	0.162
67.480	-30.280	0.171
67.500	-29.372	0.180
67.520	-28.029	0.184
67.540	-26.283	0.189
67.560	-24.178	0.185
67.580	-21.734	0.189
67.600	-18.957	0.178
67.620	-15.928	0.176
67.640	-12.684	0.158
67.660	-9.225	0.152
67.680	-5.642	0.130
67.700	-1.985	0.124
67.720	1.684	0.098
67.740	5.336	0.080
67.760	8.908	0.059
67.780	12.383	0.034
67.800	15.654	0.014
67.820	18.699	-0.011
67.840	21.503	-0.033
67.860	23.995	-0.054
67.880	26.122	-0.077
67.900	27.884	-0.101
67.920	29.259	-0.118
67.940	30.210	-0.139
67.960	30.741	-0.152
67.980	30.844	-0.171
68.000	30.516	-0.177
68.020	29.737	-0.191
68.040	28.550	-0.200
68.060	26.960	-0.198
68.080	25.010	-0.206
68.100	22.669	-0.197
68.120	20.010	-0.199
68.140	17.072	-0.185
68.160	13.892	-0.181
68.180	10.509	-0.167
68.200	7.001	-0.157
68.220	3.381	-0.138
68.240	-0.293	-0.119
68.260	-3.967	-0.101
68.280	-7.597	-0.076
68.300	-11.083	-0.055
68.320	-14.424	-0.030
68.340	-17.593	-0.011
68.360	-20.493	0.014
68.380	-23.093	0.035
68.400	-25.376	0.064
68.420	-27.288	0.076
68.440	-28.835	0.105
68.460	-29.941	0.122
68.480	-30.634	0.144
68.500	-30.849	0.152
68.520	-30.731	0.169
68.540	-30.145	0.179
68.560	-29.109	0.187
68.580	-27.675	0.191
68.600	-25.822	0.199
68.620	-23.614	0.192
68.640	-21.073	0.194
68.660	-18.211	0.184
68.680	-15.128	0.183
68.700	-11.824	0.165
68.720	-8.339	0.157
68.740	-4.724	0.139
68.760	-1.045	0.123
68.780	2.624	0.103
68.800	6.281	0.085
68.820	9.816	0.056
68.840	13.248	0.039
68.860	16.460	0.009
68.880	19.451	-0.006
68.900	22.191	-0.032
68.920	24.570	-0.049
68.940	26.616	-0.078
68.960	28.276	-0.094
68.980	29.549	-0.117
69.000	30.387	-0.132
69.020	30.817	-0.150
69.040	30.790	-0.160
69.060	30.360	-0.175
69.080	29.463	-0.183
69.100	28.179	-0.190
69.120	26.482	-0.195
69.140	24.436	-0.190
69.160	21.981	-0.193
69.180	19.263	-0.185
69.200	16.266	-0.181
69.220	13.006	-0.164
69.240	9.612	-0.154
69.260	6.061	-0.141
69.280	2.414	-0.121
69.300	-1.254	-0.107
69.320	-4.917	-0.081
69.340	-8.521	-0.065
69.360	-11.975	-0.040
69.380	-15.278	-0.019
69.400	-18.356	0.009
69.420	-21.202	0.027
69.440	-23.727	0.051
69.460	-25.891	0.073
69.480	-27.718	0.094
69.500	-29.152	0.110
69.520	-30.161	0.134
69.540	-30.709	0.151
69.560	-30.870	0.171
69.580	-30.575	0.175
69.600	-29.887	0.183
69.620	-28.749	0.193
69.640	-27.186	0.198
69.660	-25.258	0.201
69.680	-22.964	0.201
69.700	-20.327	0.196
69.720	-17.421	0.184
69.740	-14.263	0.182
69.760	-10.890	0.170
69.780	-7.383	0.156
69.800	-3.741	0.136
69.820	-0.067	0.122
69.840	3.601	0.097
69.860	7.216	0.080
69.880	10.729	0.054
69.900	14.107	0.038
69.920	17.287	0.007
69.940	20.209	-0.013
69.960	22.862	-0.037
69.980	25.145	-0.059
70.000	27.089	-0.085
70.020	28.652	-0.101
70.040	29.823	-0.124
70.060	30.543	-0.134
70.080	30.849	-0.156
70.100	30.715	-0.164
70.120	30.151	-0.181
70.140	29.173	-0.184
70.160	27.777	-0.194
70.180	25.993	-0.193
70.200	23.834	-0.195
70.220	21.304	-0.189
70.240	18.506	-0.191
70.260	15.439	-0.178
70.280	12.141	-0.168
70.300	8.698	-0.154
70.320	5.105	-0.141
70.340	1.469	-0.119
70.360	-2.199	-0.105
70.380	-5.841	-0.082
70.400	-9.429	-0.066
70.420	-12.850	-0.036
70.440	-16.078	-0.016
70.460	-19.108	0.010
70.480	-21.847	0.027
70.500	-24.302	0.055
70.520	-26.385	0.072
70.540	-28.120	0.097
70.560	-29.415	0.114
70.580	-30.328	0.139
70.600	-30.774	0.147
70.620	-30.838	0.168
70.640	-30.425	0.176
70.660	-29.614	0.184
70.680	-28.351	0.184
70.700	-26.702	0.197
70.720	-24.667	0.187
70.740	-22.293	0.194
70.760	-19.580	0.182
70.780	-16.583	0.183
70.800	-13.404	0.168
70.820	-9.971	0.162
70.840	-6.421	0.137
70.860	-2.769	0.128
70.880	0.905	0.107
70.900	4.563	0.093
70.920	8.151	0.063
70.940	11.647	0.042
70.960	14.967	0.017
70.980	18.076	-0.003
71.000	20.934	-0.027
71.020	23.496	-0.050
71.040	25.698	-0.073
71.060	27.535	-0.095
71.080	28.996	-0.116
71.100	30.038	-0.136
71.120	30.661	-0.155
71.140	30.860	-0.165
71.160	30.618	-0.179
71.180	29.947	-0.185
71.200	28.840	-0.196
71.220	27.352	-0.198
71.240	25.467	-0.202
71.260	23.200	-0.202
71.280	20.612	-0.200
71.300	17.733	-0.194
71.320	14.601	-0.186
71.340	11.266	-0.173
71.360	7.785	-0.159
71.380	4.181	-0.146
71.400	0.518	-0.126
71.420	-3.150	-0.110
71.440	-6.781	-0.087
71.460	-10.321	-0.066
71.480	-13.694	-0.043
71.500	-16.895	-0.019
71.520	-19.854	0.007
71.540	-22.508	0.027
71.560	-24.860	0.050
71.580	-26.880	0.070
71.600	-28.486	0.094
71.620	-29.683	0.109
71.640	-30.462	0.133
71.660	-30.795	0.142
71.680	-30.758	0.159
71.700	-30.263	0.168
71.720	-29.313	0.178
71.740	-27.959	0.180
71.760	-26.192	0.188
71.780	-24.081	0.184
71.800	-21.611	0.185
71.820	-18.807	0.176
71.840	-15.761	0.177
71.860	-12.512	0.156
71.880	-9.064	0.148
71.900	-5.470	0.130
71.920	-1.813	0.118
71.940	1.861	0.097
71.960	5.519	0.076
71.980	9.069	0.056
72.000	12.533	0.030
72.020	15.804	0.006
72.040	18.839	-0.013
72.060	21.637	-0.038
72.080	24.103	-0.063
72.100	26.214	-0.082
72.120	27.954	-0.105
72.140	29.318	-0.121
72.160	30.247	-0.143
72.180	30.758	-0.160
72.200	30.833	-0.173
72.220	30.478	-0.183
72.240	29.683	-0.196
72.260	28.480	-0.200
72.280	26.880	-0.202
72.300	24.914	-0.203
72.320	22.545	-0.206
72.340	19.876	-0.195
72.360	16.943	-0.192
72.380	13.742	-0.181
72.400	10.369	-0.172
72.420	6.845	-0.153
72.440	3.225	-0.141
72.460	-0.448	-0.120
72.480	-4.112	-0.102
