0.000	-28.905	0.095
0.020	-29.984	0.106
0.040	-30.629	0.111
0.060	-30.854	0.116
0.080	-30.645	0.120
0.100	-30.038	0.120
0.120	-29.017	0.124
0.140	-27.562	0.118
0.160	-25.719	0.122
0.180	-23.523	0.113
0.200	-20.971	0.110
0.220	-18.157	0.095
0.240	-15.074	0.091
0.260	-11.798	0.074
0.280	-8.317	0.066
0.300	-4.751	0.052
0.320	-1.104	0.042
0.340	2.543	0.018
0.360	6.158	0.012
0.380	9.687	-0.013
0.400	13.103	-0.020
0.420	16.315	-0.042
0.440	19.280	-0.049
0.460	22.024	-0.067
0.480	24.409	-0.076
0.500	26.471	-0.096
0.520	28.142	-0.100
0.540	29.452	-0.116
0.560	30.328	-0.116
0.580	30.790	-0.129
0.600	30.822	-0.128
0.620	30.425	-0.136
0.640	29.603	-0.137
0.660	28.378	-0.141
0.680	26.745	-0.134
0.700	24.769	-0.129
0.720	22.411	-0.128
0.740	19.736	-0.117
0.760	16.803	-0.110
0.780	13.608	-0.093
0.800	10.261	-0.089
0.820	6.749	-0.071
0.840	3.161	-0.062
0.860	-0.497	-0.042
0.880	-4.122	-0.032
0.900	-7.716	-0.013
0.920	-11.196	0.004
0.940	-14.505	0.015
0.960	-17.631	0.033
0.980	-20.515	0.044
1.000	-23.093	0.057
1.020	-25.354	0.071
1.040	-27.245	0.083
1.060	-28.781	0.095
1.080	-29.877	0.105
1.100	-30.586	0.108
1.120	-30.822	0.116
1.140	-30.715	0.120
1.160	-30.145	0.122
1.180	-29.152	0.126
1.200	-27.734	0.123
1.220	-25.934	0.122
1.240	-23.764	0.116
1.260	-21.267	0.112
1.280	-18.452	0.101
1.300	-15.407	0.095
1.320	-12.147	0.078
1.340	-8.688	0.070
1.360	-5.121	0.054
1.380	-1.474	0.045
1.400	2.167	0.025
1.420	5.787	0.016
1.440	9.322	-0.006
1.460	12.754	-0.013
1.480	15.987	-0.032
1.500	18.990	-0.044
1.520	21.761	-0.060
1.540	24.178	-0.072
1.560	26.273	-0.084
1.580	27.991	-0.099
1.600	29.334	-0.099
1.620	30.247	-0.117
1.640	30.747	-0.117
1.660	30.838	-0.133
1.680	30.494	-0.124
1.700	29.699	-0.132
1.720	28.518	-0.128
1.740	26.906	-0.129
1.760	24.978	-0.122
1.780	22.658	-0.119
1.800	20.015	-0.110
1.820	17.094	-0.104
1.840	13.930	-0.092
1.860	10.578	-0.083
1.880	7.082	-0.068
1.900	3.494	-0.057
1.920	-0.148	-0.042
1.940	-3.800	-0.025
1.960	-7.399	-0.008
1.980	-10.885	-0.000
2.000	-14.220	0.024
2.020	-17.357	0.035
2.040	-20.284	0.054
2.060	-22.894	0.062
2.080	-25.172	0.083
2.100	-27.127	0.086
2.120	-28.695	0.102
2.140	-29.861	0.110
2.160	-30.580	0.120
2.180	-30.870	0.119
2.200	-30.779	0.130
2.220	-30.258	0.126
2.240	-29.291	0.137
2.260	-27.927	0.125
2.280	-26.144	0.134
2.300	-24.033	0.121
2.320	-21.557	0.120
2.340	-18.780	0.107
2.360	-15.745	0.104
2.380	-12.517	0.088
2.400	-9.074	0.083
2.420	-5.503	0.064
2.440	-1.861	0.060
2.460	1.802	0.033
2.480	5.427	0.028
2.500	8.972	0.005
2.520	12.415	-0.003
2.540	15.665	-0.023
2.560	18.694	-0.030
2.580	21.498	-0.050
2.600	23.952	-0.061
2.620	26.079	-0.076
2.640	27.830	-0.082
2.660	29.216	-0.101
2.680	30.177	-0.103
2.700	30.725	-0.118
2.720	30.844	-0.118
2.740	30.548	-0.121
2.760	29.807	-0.120
2.780	28.652	-0.121
2.800	27.089	-0.118
2.820	25.188	-0.119
2.840	22.884	-0.111
2.860	20.284	-0.104
2.880	17.394	-0.100
2.900	14.263	-0.086
2.920	10.911	-0.073
2.940	7.436	-0.059
2.960	3.870	-0.051
2.980	0.218	-0.029
3.000	-3.424	-0.022
3.020	-7.028	-0.003
3.040	-10.535	0.013
3.060	-13.882	0.025
3.080	-17.040	0.041
3.100	-19.989	0.054
3.120	-22.626	0.070
3.140	-24.941	0.084
3.160	-26.923	0.095
3.180	-28.534	0.102
3.200	-29.726	0.116
3.220	-30.516	0.124
3.240	-30.844	0.123
3.260	-30.784	0.133
3.280	-30.306	0.132
3.300	-29.383	0.133
3.320	-28.051	0.132
3.340	-26.316	0.132
3.360	-24.232	0.124
3.380	-21.782	0.124
3.400	-19.038	0.110
3.420	-16.025	0.108
3.440	-12.802	0.089
3.460	-9.365	0.083
3.480	-5.841	0.062
3.500	-2.199	0.054
3.520	1.448	0.037
3.540	5.078	0.025
3.560	8.629	0.006
3.580	12.072	-0.006
3.600	15.353	-0.027
3.620	18.415	-0.038
3.640	21.235	-0.050
3.660	23.738	-0.064
3.680	25.891	-0.078
3.700	27.691	-0.088
3.720	29.098	-0.096
3.740	30.124	-0.110
3.760	30.688	-0.113
3.780	30.860	-0.121
3.800	30.596	-0.120
3.820	29.887	-0.125
3.840	28.786	-0.123
3.860	27.277	-0.125
3.880	25.397	-0.119
3.900	23.136	-0.116
3.920	20.558	-0.108
3.940	17.695	-0.104
3.960	14.591	-0.091
3.980	11.271	-0.079
4.000	7.802	-0.067
4.020	4.230	-0.055
4.040	0.604	-0.041
4.060	-3.053	-0.027
4.080	-6.657	-0.013
4.100	-10.181	0.004
4.120	-13.538	0.019
4.140	-16.712	0.029
4.160	-19.677	0.052
4.180	-22.346	0.056
4.200	-24.704	0.075
4.220	-26.735	0.082
4.240	-28.367	0.095
4.260	-29.592	0.103
4.280	-30.419	0.117
4.300	-30.806	0.114
4.320	-30.806	0.126
4.340	-30.355	0.120
4.360	-29.474	0.129
4.380	-28.196	0.119
4.400	-26.504	0.129
4.420	-24.430	0.113
4.440	-22.051	0.116
4.460	-19.312	0.100
4.480	-16.320	0.099
4.500	-13.130	0.085
4.520	-9.724	0.078
4.540	-6.179	0.057
4.560	-2.565	0.044
4.580	1.098	0.028
4.600	4.735	0.015
4.620	8.285	0.000
4.640	11.749	-0.017
4.660	15.047	-0.030
4.680	18.125	-0.042
4.700	20.961	-0.059
4.720	23.507	-0.074
4.740	25.693	-0.087
4.760	27.530	-0.096
4.780	28.974	-0.113
4.800	30.016	-0.109
4.820	30.656	-0.129
4.840	30.860	-0.122
4.860	30.634	-0.139
4.880	29.963	-0.124
4.900	28.910	-0.141
4.920	27.427	-0.129
4.940	25.607	-0.137
4.960	23.394	-0.123
4.980	20.837	-0.124
5.000	17.990	-0.111
5.020	14.902	-0.103
5.040	11.610	-0.089
5.060	8.161	-0.076
5.080	4.595	-0.069
5.100	0.975	-0.048
5.120	-2.683	-0.042
5.140	-6.287	-0.017
5.160	-9.848	-0.012
5.180	-13.221	0.012
5.200	-16.406	0.020
5.220	-19.392	0.039
5.240	-22.094	0.053
5.260	-24.479	0.063
5.280	-26.525	0.079
5.300	-28.222	0.086
5.320	-29.495	0.098
5.340	-30.371	0.106
5.360	-30.763	0.111
5.380	-30.811	0.117
5.400	-30.408	0.117
5.420	-29.581	0.116
5.440	-28.335	0.120
5.460	-26.676	0.119
5.480	-24.645	0.114
5.500	-22.298	0.112
5.520	-19.591	0.101
5.540	-16.637	0.097
5.560	-13.463	0.081
5.580	-10.057	0.070
5.600	-6.555	0.057
5.620	-2.925	0.047
5.640	0.744	0.030
5.660	4.364	0.020
5.680	7.936	-0.002
5.700	11.422	-0.009
5.720	14.730	-0.030
5.740	17.829	-0.042
5.760	20.687	-0.060
5.780	23.260	-0.066
5.800	25.483	-0.088
5.820	27.347	-0.093
5.840	28.845	-0.104
5.860	29.941	-0.112
5.880	30.607	-0.119
5.900	30.865	-0.131
5.920	30.677	-0.128
5.940	30.075	-0.133
5.960	29.039	-0.130
5.980	27.594	-0.136
6.000	25.800	-0.120
6.020	23.614	-0.129
6.040	21.100	-0.114
6.060	18.275	-0.116
6.080	15.224	-0.095
6.100	11.927	-0.087
6.120	8.510	-0.077
6.140	4.933	-0.063
6.160	1.324	-0.048
6.180	-2.344	-0.031
6.200	-5.948	-0.016
6.220	-9.526	-0.003
6.240	-12.909	0.011
6.260	-16.116	0.026
6.280	-19.151	0.043
6.300	-21.874	0.057
6.320	-24.307	0.070
6.340	-26.391	0.086
6.360	-28.110	0.094
6.380	-29.431	0.101
6.400	-30.328	0.114
6.420	-30.784	0.119
6.440	-30.860	0.124
6.460	-30.510	0.122
6.480	-29.721	0.128
6.500	-28.523	0.124
6.520	-26.906	0.127
6.540	-24.925	0.120
6.560	-22.588	0.117
6.580	-19.908	0.108
6.600	-16.970	0.103
6.620	-13.828	0.090
6.640	-10.449	0.082
6.660	-6.931	0.065
6.680	-3.317	0.057
6.700	0.336	0.041
6.720	3.983	0.027
6.740	7.571	0.010
6.760	11.056	-0.003
6.780	14.381	-0.014
6.800	17.523	-0.028
6.820	20.402	-0.043
6.840	23.029	-0.057
6.860	25.274	-0.071
6.880	27.197	-0.085
6.900	28.706	-0.099
6.920	29.850	-0.099
6.940	30.559	-0.115
6.960	30.844	-0.112
6.980	30.704	-0.126
7.000	30.140	-0.116
7.020	29.157	-0.127
7.040	27.766	-0.120
7.060	25.993	-0.123
7.080	23.850	-0.108
7.100	21.358	-0.111
7.120	18.571	-0.096
7.140	15.536	-0.092
7.160	12.270	-0.079
7.180	8.844	-0.067
7.200	5.304	-0.059
7.220	1.689	-0.038
7.240	-1.963	-0.025
7.260	-5.599	-0.009
7.280	-9.177	0.001
7.300	-12.560	0.020
7.320	-15.815	0.034
7.340	-18.844	0.052
7.360	-21.605	0.062
7.380	-24.054	0.078
7.400	-26.203	0.091
7.420	-27.948	0.096
7.440	-29.318	0.112
7.460	-30.274	0.124
7.480	-30.758	0.125
7.500	-30.881	0.129
7.520	-30.553	0.136
7.540	-29.807	0.129
7.560	-28.636	0.135
7.580	-27.062	0.132
7.600	-25.107	0.134
7.620	-22.808	0.127
7.640	-20.166	0.119
7.660	-17.265	0.107
7.680	-14.123	0.099
7.700	-10.772	0.088
7.720	-7.275	0.072
7.740	-3.660	0.059
7.760	-0.019	0.044
7.780	3.623	0.029
7.800	7.221	0.013
7.820	10.713	0.008
7.840	14.086	-0.020
7.860	17.222	-0.029
7.880	20.134	-0.045
7.900	22.787	-0.051
7.920	25.075	-0.073
7.940	27.019	-0.082
7.960	28.588	-0.092
7.980	29.753	-0.102
8.000	30.510	-0.108
8.020	30.854	-0.118
8.040	30.741	-0.118
8.060	30.215	-0.122
8.080	29.275	-0.117
8.100	27.911	-0.125
8.120	26.181	-0.111
8.140	24.087	-0.121
8.160	21.627	-0.104
8.180	18.877	-0.105
8.200	15.858	-0.092
8.220	12.603	-0.085
8.240	9.209	-0.067
8.260	5.669	-0.059
8.280	2.060	-0.048
8.300	-1.598	-0.027
8.320	-5.234	-0.018
8.340	-8.801	0.001
8.360	-12.217	0.012
8.380	-15.471	0.031
8.400	-18.544	0.041
8.420	-21.326	0.057
8.440	-23.813	0.069
8.460	-25.972	0.084
8.480	-27.760	0.093
8.500	-29.184	0.102
8.520	-30.140	0.115
8.540	-30.715	0.118
8.560	-30.865	0.124
8.580	-30.586	0.127
8.600	-29.887	0.124
8.620	-28.754	0.126
8.640	-27.213	0.128
8.660	-25.290	0.123
8.680	-23.029	0.116
8.700	-20.440	0.111
8.720	-17.550	0.103
8.740	-14.429	0.091
8.760	-11.094	0.082
8.780	-7.608	0.068
8.800	-4.015	0.054
8.820	-0.357	0.037
8.840	3.290	0.025
8.860	6.883	0.012
8.880	10.390	-0.008
8.900	13.758	-0.022
8.920	16.927	-0.041
8.940	19.849	-0.046
8.960	22.529	-0.065
8.980	24.855	-0.077
9.000	26.821	-0.090
9.020	28.437	-0.101
9.040	29.667	-0.109
9.060	30.451	-0.120
9.080	30.822	-0.120
9.100	30.763	-0.130
9.120	30.306	-0.123
9.140	29.393	-0.133
9.160	28.083	-0.129
9.180	26.359	-0.129
9.200	24.318	-0.122
9.220	21.895	-0.123
9.240	19.156	-0.112
9.260	16.175	-0.108
9.280	12.936	-0.094
9.300	9.558	-0.083
9.320	6.029	-0.071
9.340	2.420	-0.058
9.360	-1.238	-0.045
9.380	-4.874	-0.023
9.400	-8.446	-0.014
9.420	-11.894	-0.000
9.440	-15.155	0.018
9.460	-18.232	0.032
9.480	-21.036	0.050
9.500	-23.560	0.057
9.520	-25.757	0.075
9.540	-27.599	0.080
9.560	-29.039	0.095
9.580	-30.065	0.103
9.600	-30.661	0.110
9.620	-30.854	0.113
9.640	-30.618	0.117
9.660	-29.973	0.116
9.680	-28.888	0.123
9.700	-27.374	0.116
9.720	-25.510	0.121
9.740	-23.286	0.112
9.760	-20.692	0.105
9.780	-17.845	0.094
9.800	-14.736	0.088
9.820	-11.448	0.074
9.840	-7.952	0.064
9.860	-4.380	0.049
9.880	-0.733	0.039
9.900	2.919	0.017
9.920	6.545	0.007
9.940	10.047	-0.009
9.960	13.441	-0.025
9.980	16.621	-0.041
10.000	19.580	-0.053
10.020	22.287	-0.063
10.040	24.635	-0.081
10.060	26.670	-0.092
10.080	28.298	-0.104
10.100	29.565	-0.113
10.120	30.398	-0.117
10.140	30.806	-0.128
10.160	30.795	-0.123
10.180	30.365	-0.135
10.200	29.495	-0.126
10.220	28.239	-0.139
10.240	26.557	-0.126
10.260	24.538	-0.127
10.280	22.153	-0.119
10.300	19.441	-0.116
10.320	16.481	-0.106
10.340	13.269	-0.093
10.360	9.896	-0.083
10.380	6.373	-0.070
10.400	2.780	-0.060
10.420	-0.873	-0.041
10.440	-4.498	-0.028
10.460	-8.092	-0.009
10.480	-11.561	-0.000
10.500	-14.848	0.020
10.520	-17.958	0.033
10.540	-20.800	0.049
10.560	-23.356	0.062
10.580	-25.564	0.076
10.600	-27.454	0.085
10.620	-28.948	0.095
10.640	-30.006	0.108
10.660	-30.661	0.113
10.680	-30.838	0.116
10.700	-30.698	0.120
10.720	-30.086	0.124
10.740	-29.039	0.125
10.760	-27.578	0.124
10.780	-25.725	0.120
10.800	-23.544	0.117
10.820	-21.014	0.111
10.840	-18.157	0.100
10.860	-15.095	0.099
10.880	-11.798	0.079
10.900	-8.349	0.071
10.920	-4.745	0.051
10.940	-1.115	0.041
10.960	2.549	0.025
10.980	6.158	0.016
11.000	9.676	-0.004
11.020	13.092	-0.012
11.040	16.315	-0.034
11.060	19.285	-0.043
11.080	22.024	-0.066
11.100	24.420	-0.070
11.120	26.471	-0.085
11.140	28.153	-0.093
11.160	29.452	-0.105
11.180	30.333	-0.111
11.200	30.795	-0.115
11.220	30.817	-0.123
11.240	30.435	-0.124
11.260	29.592	-0.129
11.280	28.367	-0.124
11.300	26.740	-0.124
11.320	24.763	-0.115
11.340	22.395	-0.118
11.360	19.709	-0.105
11.380	16.777	-0.103
11.400	13.602	-0.085
11.420	10.235	-0.078
11.440	6.727	-0.062
11.460	3.123	-0.050
11.480	-0.529	-0.037
11.500	-4.160	-0.017
11.520	-7.759	-0.005
11.540	-11.266	0.008
11.560	-14.558	0.024
11.580	-17.668	0.041
11.600	-20.547	0.056
11.620	-23.125	0.069
11.640	-25.392	0.082
11.660	-27.315	0.091
11.680	-28.819	0.103
11.700	-29.930	0.114
11.720	-30.629	0.122
11.740	-30.870	0.126
11.760	-30.741	0.132
11.780	-30.188	0.130
11.800	-29.168	0.136
11.820	-27.750	0.129
11.840	-25.950	0.137
11.860	-23.802	0.122
11.880	-21.288	0.121
11.900	-18.452	0.107
11.920	-15.407	0.105
11.940	-12.157	0.090
11.960	-8.688	0.079
11.980	-5.116	0.067
12.000	-1.485	0.054
12.020	2.189	0.034
12.040	5.803	0.023
12.060	9.343	0.006
12.080	12.770	-0.009
12.100	15.992	-0.021
12.120	18.995	-0.036
12.140	21.766	-0.050
12.160	24.199	-0.065
12.180	26.273	-0.073
12.200	27.997	-0.088
12.220	29.334	-0.096
12.240	30.247	-0.104
12.260	30.758	-0.112
12.280	30.833	-0.113
12.300	30.489	-0.121
12.320	29.689	-0.120
12.340	28.518	-0.124
12.360	26.901	-0.114
12.380	24.978	-0.117
12.400	22.642	-0.108
12.420	20.005	-0.105
12.440	17.088	-0.096
12.460	13.925	-0.087
12.480	10.578	-0.075
12.500	7.082	-0.062
12.520	3.505	-0.052
12.540	-0.137	-0.032
12.560	-3.789	-0.022
12.580	-7.393	-0.000
12.600	-10.885	0.005
12.620	-14.215	0.028
12.640	-17.357	0.037
12.660	-20.252	0.058
12.680	-22.862	0.062
12.700	-25.134	0.084
12.720	-27.089	0.094
12.740	-28.674	0.102
12.760	-29.796	0.112
12.780	-30.548	0.120
12.800	-30.838	0.124
12.820	-30.758	0.131
12.840	-30.231	0.124
12.860	-29.264	0.128
12.880	-27.873	0.128
12.900	-26.106	0.132
12.920	-23.985	0.122
12.940	-21.514	0.122
12.960	-18.737	0.106
12.980	-15.692	0.099
13.000	-12.458	0.086
13.020	-9.026	0.079
13.040	-5.454	0.058
13.060	-1.823	0.051
13.080	1.829	0.031
13.100	5.454	0.020
13.120	8.978	0.004
13.140	12.437	-0.009
13.160	15.686	-0.033
13.180	18.716	-0.040
13.200	21.503	-0.058
13.220	23.974	-0.065
13.240	26.101	-0.084
13.260	27.852	-0.091
13.280	29.221	-0.103
13.300	30.188	-0.110
13.320	30.725	-0.117
13.340	30.844	-0.121
13.360	30.543	-0.120
13.380	29.802	-0.124
13.400	28.641	-0.126
13.420	27.089	-0.125
13.440	25.198	-0.120
13.460	22.889	-0.120
13.480	20.284	-0.109
13.500	17.378	-0.103
13.520	14.258	-0.092
13.540	10.911	-0.086
13.560	7.442	-0.068
13.580	3.854	-0.062
13.600	0.223	-0.044
13.620	-3.424	-0.032
13.640	-7.007	-0.015
13.660	-10.535	0.000
13.680	-13.876	0.015
13.700	-17.029	0.033
13.720	-19.962	0.046
13.740	-22.594	0.054
13.760	-24.930	0.072
13.780	-26.917	0.081
13.800	-28.518	0.091
13.820	-29.699	0.102
13.840	-30.494	0.109
13.860	-30.822	0.113
13.880	-30.747	0.121
13.900	-30.296	0.117
13.920	-29.366	0.120
13.940	-28.024	0.116
13.960	-26.300	0.124
13.980	-24.194	0.110
14.000	-21.772	0.114
14.020	-19.011	0.096
14.040	-15.998	0.094
14.060	-12.786	0.076
14.080	-9.343	0.072
14.100	-5.820	0.049
14.120	-2.189	0.043
14.140	1.469	0.022
14.160	5.100	0.014
14.180	8.656	-0.009
14.200	12.104	-0.015
14.220	15.375	-0.035
14.240	18.431	-0.044
14.260	21.240	-0.063
14.280	23.748	-0.076
14.300	25.891	-0.087
14.320	27.701	-0.099
14.340	29.103	-0.108
14.360	30.113	-0.116
14.380	30.693	-0.123
14.400	30.860	-0.126
14.420	30.591	-0.134
14.440	29.882	-0.131
14.460	28.776	-0.135
14.480	27.282	-0.129
14.500	25.403	-0.129
14.520	23.136	-0.124
14.540	20.558	-0.121
14.560	17.695	-0.108
14.580	14.591	-0.103
14.600	11.266	-0.088
14.620	7.807	-0.076
14.640	4.224	-0.067
14.660	0.594	-0.050
14.680	-3.059	-0.038
14.700	-6.663	-0.017
14.720	-10.181	-0.007
14.740	-13.559	0.012
14.760	-16.728	0.021
14.780	-19.688	0.042
14.800	-22.346	0.053
14.820	-24.710	0.066
14.840	-26.735	0.079
14.860	-28.373	0.090
14.880	-29.587	0.099
14.900	-30.425	0.108
14.920	-30.784	0.109
14.940	-30.795	0.123
14.960	-30.365	0.118
14.980	-29.490	0.124
15.000	-28.190	0.120
15.020	-26.498	0.122
15.040	-24.436	0.114
15.060	-22.040	0.113
15.080	-19.317	0.100
15.100	-16.320	0.098
15.120	-13.135	0.079
15.140	-9.719	0.075
15.160	-6.174	0.058
15.180	-2.565	0.047
15.200	1.088	0.031
15.220	4.735	0.019
15.240	8.285	-0.000
15.260	11.749	-0.008
15.280	15.047	-0.028
15.300	18.130	-0.037
15.320	20.966	-0.062
15.340	23.512	-0.064
15.360	25.693	-0.083
15.380	27.524	-0.090
15.400	28.974	-0.104
15.420	30.016	-0.106
15.440	30.656	-0.120
15.460	30.865	-0.123
15.480	30.634	-0.129
15.500	29.963	-0.131
15.520	28.910	-0.130
15.540	27.417	-0.125
15.560	25.591	-0.120
15.580	23.367	-0.121
15.600	20.816	-0.110
15.620	17.980	-0.108
15.640	14.886	-0.095
15.660	11.588	-0.087
15.680	8.135	-0.070
15.700	4.579	-0.063
15.720	0.937	-0.044
15.740	-2.720	-0.031
15.760	-6.335	-0.011
15.780	-9.880	-0.001
15.800	-13.248	0.015
15.820	-16.449	0.031
15.840	-19.462	0.045
15.860	-22.137	0.059
15.880	-24.532	0.073
15.900	-26.584	0.087
15.920	-28.287	0.096
15.940	-29.554	0.103
15.960	-30.414	0.113
15.980	-30.801	0.116
16.000	-30.827	0.128
16.020	-30.462	0.129
16.040	-29.635	0.129
16.060	-28.367	0.128
16.080	-26.724	0.130
16.100	-24.694	0.120
16.120	-22.314	0.123
16.140	-19.618	0.112
16.160	-16.664	0.104
16.180	-13.490	0.091
16.200	-10.084	0.082
16.220	-6.566	0.070
16.240	-2.946	0.059
16.260	0.717	0.040
16.280	4.364	0.029
16.300	7.925	0.009
16.320	11.416	-0.002
16.340	14.730	-0.016
16.360	17.829	-0.029
16.380	20.687	-0.044
16.400	23.281	-0.055
16.420	25.494	-0.066
16.440	27.358	-0.083
16.460	28.851	-0.091
16.480	29.947	-0.102
16.500	30.607	-0.108
16.520	30.854	-0.113
16.540	30.672	-0.117
16.560	30.065	-0.116
16.580	29.039	-0.120
16.600	27.594	-0.120
16.620	25.789	-0.114
16.640	23.614	-0.110
16.660	21.073	-0.104
16.680	18.270	-0.096
16.700	15.224	-0.086
16.720	11.932	-0.075
16.740	8.489	-0.066
16.760	4.933	-0.052
16.780	1.292	-0.039
16.800	-2.355	-0.025
16.820	-5.965	-0.006
16.840	-9.526	0.005
16.860	-12.915	0.024
16.880	-16.121	0.033
16.900	-19.129	0.051
16.920	-21.868	0.062
16.940	-24.280	0.080
16.960	-26.369	0.087
16.980	-28.088	0.099
17.000	-29.431	0.107
17.020	-30.312	0.120
17.040	-30.784	0.122
17.060	-30.854	0.136
17.080	-30.484	0.130
17.100	-29.710	0.133
17.120	-28.502	0.130
17.140	-26.869	0.131
17.160	-24.871	0.125
17.180	-22.545	0.124
17.200	-19.881	0.112
17.220	-16.954	0.106
17.240	-13.780	0.095
17.260	-10.406	0.083
17.280	-6.888	0.070
17.300	-3.290	0.059
17.320	0.368	0.040
17.340	4.015	0.028
17.360	7.597	0.013
17.380	11.078	-0.002
17.400	14.408	-0.017
17.420	17.545	-0.034
17.440	20.424	-0.045
17.460	23.034	-0.058
17.480	25.290	-0.075
17.500	27.202	-0.082
17.520	28.717	-0.098
17.540	29.855	-0.100
17.560	30.559	-0.116
17.580	30.860	-0.118
17.600	30.715	-0.120
17.620	30.140	-0.121
17.640	29.152	-0.124
17.660	27.766	-0.125
17.680	25.993	-0.121
17.700	23.856	-0.115
17.720	21.364	-0.109
17.740	18.565	-0.103
17.760	15.541	-0.096
17.780	12.254	-0.083
17.800	8.849	-0.069
17.820	5.309	-0.062
17.840	1.678	-0.045
17.860	-1.979	-0.033
17.880	-5.583	-0.017
17.900	-9.150	-0.000
17.920	-12.560	0.011
17.940	-15.794	0.031
17.960	-18.834	0.040
17.980	-21.589	0.058
18.000	-24.044	0.067
18.020	-26.149	0.080
18.040	-27.943	0.090
18.060	-29.281	0.100
18.080	-30.210	0.107
18.100	-30.715	0.115
18.120	-30.838	0.122
18.140	-30.516	0.124
18.160	-29.785	0.122
18.180	-28.620	0.122
18.200	-27.025	0.124
18.220	-25.080	0.119
18.240	-22.771	0.112
18.260	-20.160	0.106
18.280	-17.244	0.098
18.300	-14.102	0.085
18.320	-10.745	0.074
18.340	-7.232	0.065
18.360	-3.623	0.048
18.380	0.008	0.035
18.400	3.655	0.020
18.420	7.248	0.006
18.440	10.761	-0.011
18.460	14.096	-0.029
18.480	17.244	-0.040
18.500	20.144	-0.053
18.520	22.792	-0.067
18.540	25.070	-0.078
18.560	27.019	-0.095
18.580	28.582	-0.104
18.600	29.753	-0.116
18.620	30.510	-0.120
18.640	30.844	-0.125
18.660	30.741	-0.125
18.680	30.210	-0.132
18.700	29.275	-0.133
18.720	27.911	-0.135
18.740	26.176	-0.128
18.760	24.087	-0.128
18.780	21.632	-0.119
18.800	18.871	-0.113
18.820	15.847	-0.104
18.840	12.593	-0.094
18.860	9.203	-0.085
18.880	5.669	-0.067
18.900	2.044	-0.057
18.920	-1.614	-0.042
18.940	-5.234	-0.025
18.960	-8.801	-0.012
18.980	-12.222	0.006
19.000	-15.482	0.017
19.020	-18.538	0.036
19.040	-21.331	0.049
19.060	-23.818	0.062
19.080	-25.956	0.073
19.100	-27.760	0.084
19.120	-29.157	0.093
19.140	-30.156	0.105
19.160	-30.688	0.107
19.180	-30.838	0.121
19.200	-30.564	0.119
19.220	-29.871	0.120
19.240	-28.754	0.118
19.260	-27.202	0.120
19.280	-25.295	0.115
19.300	-23.012	0.113
19.320	-20.429	0.106
19.340	-17.534	0.096
19.360	-14.419	0.087
19.380	-11.089	0.076
19.400	-7.597	0.064
19.420	-4.015	0.048
19.440	-0.346	0.037
19.460	3.295	0.020
19.480	6.899	0.005
19.500	10.396	-0.010
19.520	13.769	-0.019
19.540	16.938	-0.041
19.560	19.860	-0.052
19.580	22.540	-0.063
19.600	24.865	-0.078
19.620	26.837	-0.088
19.640	28.443	-0.100
19.660	29.673	-0.106
19.680	30.446	-0.118
19.700	30.827	-0.121
19.720	30.758	-0.131
19.740	30.296	-0.125
19.760	29.377	-0.133
19.780	28.067	-0.129
19.800	26.364	-0.124
19.820	24.307	-0.119
19.840	21.885	-0.119
19.860	19.135	-0.108
19.880	16.159	-0.102
19.900	12.920	-0.092
19.920	9.542	-0.079
19.940	6.008	-0.067
19.960	2.382	-0.053
19.980	-1.249	-0.041
20.000	-4.896	-0.021
20.020	-8.478	-0.007
20.040	-11.927	0.005
20.060	-15.192	0.025
20.080	-18.270	0.039
20.100	-21.106	0.053
20.120	-23.603	0.064
20.140	-25.795	0.080
20.160	-27.648	0.091
20.180	-29.098	0.102
20.200	-30.108	0.109
20.220	-30.709	0.115
20.240	-30.881	0.121
20.260	-30.672	0.126
20.280	-30.011	0.125
20.300	-28.926	0.128
20.320	-27.422	0.126
20.340	-25.531	0.124
20.360	-23.302	0.116
20.380	-20.730	0.114
20.400	-17.883	0.101
20.420	-14.768	0.096
20.440	-11.465	0.080
20.460	-7.973	0.072
20.480	-4.385	0.057
20.500	-0.728	0.046
20.520	2.903	0.028
20.540	6.534	0.012
20.560	10.036	-0.001
20.580	13.436	-0.012
20.600	16.626	-0.024
20.620	19.570	-0.043
20.640	22.287	-0.053
20.660	24.640	-0.067
20.680	26.670	-0.079
20.700	28.303	-0.086
20.720	29.560	-0.101
20.740	30.398	-0.107
20.760	30.811	-0.115
20.780	30.795	-0.116
20.800	30.365	-0.120
20.820	29.485	-0.119
20.840	28.212	-0.127
20.860	26.547	-0.115
20.880	24.522	-0.116
20.900	22.137	-0.104
20.920	19.425	-0.106
20.940	16.465	-0.089
20.960	13.253	-0.083
20.980	9.880	-0.071
21.000	6.357	-0.057
21.020	2.758	-0.046
21.040	-0.900	-0.027
21.060	-4.531	-0.016
21.080	-8.118	0.000
21.100	-11.583	0.015
21.120	-14.875	0.028
21.140	-17.985	0.045
21.160	-20.832	0.058
21.180	-23.367	0.071
21.200	-25.591	0.083
21.220	-27.460	0.092
21.240	-28.969	0.108
21.260	-30.022	0.114
21.280	-30.650	0.120
21.300	-30.876	0.128
21.320	-30.682	0.133
21.340	-30.075	0.132
21.360	-29.044	0.132
21.380	-27.556	0.134
21.400	-25.725	0.132
21.420	-23.517	0.126
21.440	-20.993	0.122
21.460	-18.162	0.111
21.480	-15.074	0.103
21.500	-11.798	0.088
21.520	-8.312	0.079
21.540	-4.740	0.070
21.560	-1.088	0.053
21.580	2.565	0.033
21.600	6.179	0.024
21.620	9.692	0.008
21.640	13.108	-0.004
21.660	16.315	-0.029
21.680	19.285	-0.034
21.700	22.030	-0.051
21.720	24.425	-0.061
21.740	26.477	-0.078
21.760	28.158	-0.083
21.780	29.452	-0.097
21.800	30.333	-0.104
21.820	30.790	-0.115
21.840	30.817	-0.120
21.860	30.419	-0.118
21.880	29.592	-0.121
21.900	28.362	-0.121
21.920	26.745	-0.120
21.940	24.747	-0.111
21.960	22.389	-0.112
21.980	19.709	-0.103
22.000	16.771	-0.099
22.020	13.592	-0.083
22.040	10.219	-0.073
22.060	6.722	-0.061
22.080	3.129	-0.052
22.100	-0.508	-0.034
22.120	-4.171	-0.022
22.140	-7.753	-0.004
22.160	-11.218	0.011
22.180	-14.531	0.027
22.200	-17.641	0.041
22.220	-20.536	0.053
22.240	-23.104	0.068
22.260	-25.360	0.081
22.280	-27.266	0.091
22.300	-28.797	0.099
22.320	-29.898	0.113
22.340	-30.607	0.116
22.360	-30.865	0.122
22.380	-30.693	0.129
22.400	-30.135	0.122
22.420	-29.130	0.130
22.440	-27.718	0.125
22.460	-25.891	0.124
22.480	-23.732	0.120
22.500	-21.240	0.113
22.520	-18.426	0.103
22.540	-15.364	0.097
22.560	-12.109	0.081
22.580	-8.650	0.077
22.600	-5.078	0.059
22.620	-1.437	0.049
22.640	2.221	0.029
22.660	5.830	0.014
22.680	9.365	-0.004
22.700	12.786	-0.016
22.720	16.019	-0.032
22.740	19.016	-0.042
22.760	21.766	-0.055
22.780	24.199	-0.072
22.800	26.283	-0.083
22.820	28.008	-0.094
22.840	29.345	-0.104
22.860	30.253	-0.113
22.880	30.752	-0.122
22.900	30.833	-0.123
22.920	30.478	-0.129
22.940	29.689	-0.127
22.960	28.507	-0.131
22.980	26.896	-0.125
23.000	24.968	-0.127
23.020	22.642	-0.119
23.040	19.989	-0.116
23.060	17.083	-0.105
23.080	13.908	-0.098
23.100	10.573	-0.087
23.120	7.076	-0.070
23.140	3.494	-0.062
23.160	-0.153	-0.042
23.180	-3.795	-0.034
23.200	-7.388	-0.013
23.220	-10.885	-0.004
23.240	-14.209	0.014
23.260	-17.341	0.025
23.280	-20.246	0.045
23.300	-22.846	0.056
23.320	-25.139	0.072
23.340	-27.078	0.081
23.360	-28.657	0.092
23.380	-29.796	0.101
23.400	-30.543	0.109
23.420	-30.817	0.112
23.440	-30.725	0.119
23.460	-30.204	0.120
23.480	-29.254	0.123
23.500	-27.863	0.120
23.520	-26.085	0.119
23.540	-23.969	0.110
23.560	-21.498	0.109
23.580	-18.705	0.099
23.600	-15.686	0.095
23.620	-12.442	0.076
23.640	-8.994	0.071
23.660	-5.444	0.050
23.680	-1.802	0.042
23.700	1.845	0.020
23.720	5.476	0.015
23.740	9.010	-0.011
23.760	12.448	-0.012
23.780	15.702	-0.038
23.800	18.732	-0.040
23.820	21.503	-0.064
23.840	23.985	-0.071
23.860	26.101	-0.087
23.880	27.852	-0.092
23.900	29.221	-0.109
23.920	30.188	-0.117
23.940	30.731	-0.121
23.960	30.838	-0.124
23.980	30.537	-0.129
24.000	29.796	-0.134
24.020	28.641	-0.128
24.040	27.089	-0.132
24.060	25.182	-0.119
24.080	22.889	-0.127
24.100	20.273	-0.108
24.120	17.378	-0.112
24.140	14.231	-0.096
24.160	10.906	-0.088
24.180	7.420	-0.072
24.200	3.838	-0.062
24.220	0.207	-0.045
24.240	-3.435	-0.030
24.260	-7.033	-0.014
24.280	-10.557	-0.001
24.300	-13.892	0.012
24.320	-17.040	0.032
24.340	-19.994	0.044
24.360	-22.636	0.056
24.380	-24.935	0.067
24.400	-26.933	0.084
24.420	-28.539	0.093
24.440	-29.726	0.103
24.460	-30.510	0.112
24.480	-30.817	0.114
24.500	-30.790	0.126
24.520	-30.301	0.117
24.540	-29.404	0.129
24.560	-28.051	0.120
24.580	-26.316	0.128
24.600	-24.226	0.112
24.620	-21.782	0.113
24.640	-19.038	0.103
24.660	-16.035	0.101
24.680	-12.807	0.078
24.700	-9.381	0.078
24.720	-5.825	0.056
24.740	-2.205	0.055
24.760	1.469	0.028
24.780	5.100	0.023
24.800	8.645	-0.001
24.820	12.120	-0.006
24.840	15.380	-0.022
24.860	18.426	-0.037
24.880	21.235	-0.054
24.900	23.743	-0.068
24.920	25.902	-0.077
24.940	27.701	-0.092
24.960	29.109	-0.096
24.980	30.124	-0.105
25.000	30.693	-0.115
25.020	30.860	-0.120
25.040	30.591	-0.123
25.060	29.882	-0.123
25.080	28.770	-0.126
25.100	27.240	-0.118
25.120	25.386	-0.121
25.140	23.109	-0.114
25.160	20.547	-0.110
25.180	17.674	-0.099
25.200	14.564	-0.091
25.220	11.239	-0.079
25.240	7.775	-0.066
25.260	4.192	-0.055
25.280	0.551	-0.035
25.300	-3.102	-0.024
25.320	-6.700	-0.007
25.340	-10.240	0.004
25.360	-13.592	0.020
25.380	-16.760	0.037
25.400	-19.720	0.052
25.420	-22.406	0.066
25.440	-24.753	0.077
25.460	-26.772	0.087
25.480	-28.432	0.103
25.500	-29.646	0.112
25.520	-30.478	0.121
25.540	-30.827	0.123
25.560	-30.801	0.131
25.580	-30.382	0.130
25.600	-29.517	0.136
25.620	-28.212	0.131
25.640	-26.514	0.136
25.660	-24.468	0.122
25.680	-22.062	0.128
25.700	-19.312	0.111
25.720	-16.342	0.110
25.740	-13.140	0.090
25.760	-9.719	0.085
25.780	-6.179	0.070
25.800	-2.554	0.062
25.820	1.093	0.038
25.840	4.740	0.033
25.860	8.306	0.010
25.880	11.771	0.005
25.900	15.063	-0.019
25.920	18.135	-0.028
25.940	20.966	-0.045
25.960	23.512	-0.053
25.980	25.698	-0.073
26.000	27.524	-0.081
26.020	28.985	-0.089
26.040	30.022	-0.098
26.060	30.645	-0.106
26.080	30.860	-0.116
26.100	30.629	-0.117
26.120	29.963	-0.121
26.140	28.905	-0.119
26.160	27.411	-0.120
26.180	25.596	-0.108
26.200	23.356	-0.112
26.220	20.800	-0.103
26.240	17.974	-0.099
26.260	14.881	-0.091
26.280	11.572	-0.077
26.300	8.124	-0.064
26.320	4.568	-0.055
26.340	0.932	-0.038
26.360	-2.720	-0.023
26.380	-6.324	-0.009
26.400	-9.859	0.008
26.420	-13.248	0.021
26.440	-16.438	0.035
26.460	-19.441	0.050
26.480	-22.110	0.063
26.500	-24.500	0.079
26.520	-26.579	0.088
26.540	-28.244	0.098
26.560	-29.528	0.108
26.580	-30.376	0.118
26.600	-30.784	0.121
26.620	-30.833	0.132
26.640	-30.414	0.128
26.660	-29.581	0.140
26.680	-28.314	0.129
26.700	-26.676	0.136
26.720	-24.656	0.118
26.740	-22.282	0.120
26.760	-19.575	0.107
26.780	-16.615	0.107
26.800	-13.447	0.090
26.820	-10.057	0.088
26.840	-6.534	0.062
26.860	-2.898	0.057
26.880	0.760	0.039
26.900	4.391	0.027
26.920	7.952	0.011
26.940	11.427	-0.005
26.960	14.757	-0.021
26.980	17.835	-0.037
27.000	20.698	-0.045
27.020	23.281	-0.064
27.040	25.499	-0.072
27.060	27.374	-0.087
27.080	28.856	-0.094
27.100	29.952	-0.108
27.120	30.613	-0.116
27.140	30.865	-0.122
27.160	30.666	-0.124
27.180	30.059	-0.125
27.200	29.028	-0.123
27.220	27.594	-0.122
27.240	25.784	-0.122
27.260	23.598	-0.116
27.280	21.079	-0.115
27.300	18.270	-0.100
27.320	15.203	-0.099
27.340	11.916	-0.085
27.360	8.473	-0.074
27.380	4.917	-0.061
27.400	1.308	-0.050
27.420	-2.334	-0.033
27.440	-5.954	-0.017
27.460	-9.499	-0.003
27.480	-12.909	0.012
27.500	-16.105	0.025
27.520	-19.118	0.039
27.540	-21.852	0.051
27.560	-24.264	0.066
27.580	-26.364	0.077
27.600	-28.077	0.092
27.620	-29.393	0.096
27.640	-30.301	0.110
27.660	-30.747	0.108
27.680	-30.838	0.122
27.700	-30.457	0.118
27.720	-29.667	0.125
27.740	-28.475	0.120
27.760	-26.847	0.124
27.780	-24.839	0.111
27.800	-22.524	0.111
27.820	-19.860	0.100
27.840	-16.927	0.096
27.860	-13.747	0.083
27.880	-10.380	0.074
27.900	-6.867	0.058
27.920	-3.252	0.047
27.940	0.395	0.037
27.960	4.036	0.016
27.980	7.608	0.002
28.000	11.094	-0.011
28.020	14.429	-0.027
28.040	17.545	-0.038
28.060	20.429	-0.053
28.080	23.034	-0.067
28.100	25.290	-0.083
28.120	27.213	-0.091
28.140	28.722	-0.107
28.160	29.855	-0.112
28.180	30.564	-0.121
28.200	30.860	-0.123
28.220	30.709	-0.134
28.240	30.140	-0.127
28.260	29.157	-0.137
28.280	27.766	-0.131
28.300	25.988	-0.129
28.320	23.840	-0.125
28.340	21.353	-0.122
28.360	18.565	-0.112
28.380	15.525	-0.100
28.400	12.254	-0.095
28.420	8.833	-0.079
28.440	5.282	-0.068
28.460	1.678	-0.056
28.480	-1.985	-0.038
28.500	-5.594	-0.022
28.520	-9.177	-0.010
28.540	-12.576	0.006
28.560	-15.804	0.020
28.580	-18.834	0.038
28.600	-21.600	0.053
28.620	-24.065	0.064
28.640	-26.176	0.073
28.660	-27.932	0.086
28.680	-29.270	0.098
28.700	-30.220	0.107
28.720	-30.720	0.112
28.740	-30.822	0.121
28.760	-30.527	0.119
28.780	-29.791	0.122
28.800	-28.615	0.119
28.820	-27.030	0.124
28.840	-25.080	0.114
28.860	-22.787	0.115
28.880	-20.155	0.107
28.900	-17.228	0.099
28.920	-14.096	0.090
28.940	-10.745	0.078
28.960	-7.243	0.062
28.980	-3.639	0.049
29.000	0.013	0.037
29.020	3.660	0.021
29.040	7.254	0.008
29.060	10.729	-0.009
29.080	14.102	-0.019
29.100	17.244	-0.036
29.120	20.150	-0.049
29.140	22.792	-0.063
29.160	25.080	-0.072
29.180	27.025	-0.092
29.200	28.588	-0.096
29.220	29.753	-0.104
29.240	30.510	-0.112
29.260	30.844	-0.119
29.280	30.741	-0.126
29.300	30.204	-0.128
29.320	29.281	-0.131
29.340	27.900	-0.126
29.360	26.181	-0.123
29.380	24.081	-0.119
29.400	21.605	-0.116
29.420	18.839	-0.106
29.440	15.837	-0.100
29.460	12.566	-0.085
29.480	9.166	-0.081
29.500	5.637	-0.065
29.520	2.011	-0.051
29.540	-1.630	-0.036
29.560	-5.266	-0.016
29.580	-8.849	-0.007
29.600	-12.286	0.007
29.620	-15.531	0.026
29.640	-18.587	0.042
29.660	-21.369	0.054
29.680	-23.861	0.070
29.700	-26.015	0.083
29.720	-27.825	0.094
29.740	-29.205	0.102
29.760	-30.210	0.116
29.780	-30.736	0.116
29.800	-30.876	0.123
29.820	-30.623	0.128
29.840	-29.914	0.130
29.860	-28.770	0.132
29.880	-27.240	0.126
29.900	-25.327	0.124
29.920	-23.050	0.122
29.940	-20.445	0.117
29.960	-17.572	0.104
29.980	-14.435	0.099
30.000	-11.121	0.086
30.020	-7.619	0.076
30.040	-4.004	0.058
30.060	-0.363	0.047
30.080	3.295	0.031
30.100	6.883	0.020
30.120	10.390	0.002
30.140	13.774	-0.011
30.160	16.932	-0.023
30.180	19.870	-0.040
30.200	22.540	-0.050
30.220	24.865	-0.067
30.240	26.864	-0.072
30.260	28.448	-0.091
30.280	29.673	-0.093
30.300	30.462	-0.110
30.320	30.833	-0.110
30.340	30.758	-0.118
30.360	30.296	-0.114
30.380	29.372	-0.125
30.400	28.061	-0.117
30.420	26.364	-0.118
30.440	24.302	-0.110
30.460	21.847	-0.107
30.480	19.124	-0.103
30.500	16.148	-0.087
30.520	12.899	-0.083
30.540	9.520	-0.065
30.560	5.986	-0.058
30.580	2.387	-0.042
30.600	-1.265	-0.029
30.620	-4.896	-0.012
30.640	-8.478	0.003
30.660	-11.921	0.018
30.680	-15.203	0.034
30.700	-18.275	0.048
30.720	-21.095	0.062
30.740	-23.625	0.073
30.760	-25.800	0.083
30.780	-27.610	0.095
30.800	-29.076	0.112
30.820	-30.081	0.114
30.840	-30.693	0.124
30.860	-30.881	0.126
30.880	-30.634	0.139
30.900	-29.990	0.130
30.920	-28.894	0.141
30.940	-27.395	0.131
30.960	-25.505	0.132
30.980	-23.260	0.121
31.000	-20.703	0.122
31.020	-17.829	0.108
31.040	-14.730	0.103
31.060	-11.427	0.087
31.080	-7.957	0.078
31.100	-4.359	0.061
31.120	-0.712	0.049
31.140	2.946	0.037
31.160	6.550	0.020
31.180	10.063	0.005
31.200	13.452	-0.010
31.220	16.637	-0.029
31.240	19.591	-0.039
31.260	22.287	-0.052
31.280	24.651	-0.062
31.300	26.670	-0.077
31.320	28.308	-0.086
31.340	29.565	-0.100
31.360	30.392	-0.108
31.380	30.817	-0.118
31.400	30.801	-0.120
31.420	30.371	-0.120
31.440	29.485	-0.119
31.460	28.217	-0.126
31.480	26.547	-0.118
31.500	24.522	-0.116
31.520	22.126	-0.112
31.540	19.425	-0.105
31.560	16.465	-0.098
31.580	13.253	-0.089
31.600	9.875	-0.075
31.620	6.362	-0.064
31.640	2.758	-0.048
31.660	-0.889	-0.038
31.680	-4.531	-0.018
31.700	-8.108	-0.009
31.720	-11.567	0.012
31.740	-14.854	0.022
31.760	-17.958	0.041
31.780	-20.805	0.055
31.800	-23.345	0.066
31.820	-25.569	0.078
31.840	-27.460	0.090
31.860	-28.910	0.102
31.880	-29.990	0.108
31.900	-30.629	0.116
31.920	-30.860	0.120
31.940	-30.666	0.126
31.960	-30.054	0.122
31.980	-29.007	0.132
32.000	-27.540	0.120
32.020	-25.693	0.128
32.040	-23.507	0.114
32.060	-20.961	0.114
32.080	-18.114	0.100
32.100	-15.042	0.097
32.120	-11.760	0.078
32.140	-8.296	0.070
32.160	-4.719	0.054
32.180	-1.066	0.041
32.200	2.575	0.024
32.220	6.201	0.012
32.240	9.719	-0.003
32.260	13.135	-0.022
32.280	16.342	-0.030
32.300	19.312	-0.054
32.320	22.035	-0.056
32.340	24.436	-0.083
32.360	26.477	-0.084
32.380	28.158	-0.102
32.400	29.452	-0.104
32.420	30.333	-0.116
32.440	30.795	-0.119
32.460	30.811	-0.129
32.480	30.425	-0.129
32.500	29.592	-0.130
32.520	28.362	-0.135
32.540	26.729	-0.125
32.560	24.747	-0.131
32.580	22.384	-0.116
32.600	19.709	-0.121
32.620	16.766	-0.103
32.640	13.581	-0.103
32.660	10.208	-0.082
32.680	6.711	-0.078
32.700	3.113	-0.059
32.720	-0.513	-0.045
32.740	-4.160	-0.031
32.760	-7.759	-0.012
32.780	-11.223	-0.007
32.800	-14.531	0.016
32.820	-17.647	0.025
32.840	-20.536	0.050
32.860	-23.115	0.051
32.880	-25.354	0.076
32.900	-27.256	0.075
32.920	-28.792	0.093
32.940	-29.898	0.095
32.960	-30.575	0.114
32.980	-30.827	0.109
33.000	-30.709	0.123
33.020	-30.124	0.115
33.040	-29.109	0.128
33.060	-27.691	0.118
33.080	-25.886	0.120
33.100	-23.721	0.107
33.120	-21.235	0.109
33.140	-18.409	0.099
33.160	-15.364	0.092
33.180	-12.098	0.076
33.200	-8.645	0.070
33.220	-5.073	0.054
33.240	-1.431	0.044
33.260	2.216	0.025
33.280	5.841	0.012
33.300	9.359	-0.004
33.320	12.791	-0.017
33.340	16.030	-0.034
33.360	19.022	-0.042
33.380	21.788	-0.064
33.400	24.216	-0.067
33.420	26.289	-0.087
33.440	28.008	-0.093
33.460	29.350	-0.114
33.480	30.269	-0.110
33.500	30.758	-0.125
33.520	30.833	-0.120
33.540	30.484	-0.136
33.560	29.683	-0.125
33.580	28.507	-0.135
33.600	26.890	-0.123
33.620	24.962	-0.125
33.640	22.615	-0.121
33.660	19.983	-0.112
33.680	17.067	-0.107
33.700	13.908	-0.092
33.720	10.562	-0.084
33.740	7.055	-0.071
33.760	3.467	-0.058
33.780	-0.180	-0.043
33.800	-3.811	-0.029
33.820	-7.420	-0.013
33.840	-10.922	0.000
33.860	-14.241	0.017
33.880	-17.378	0.030
33.900	-20.284	0.052
33.920	-22.884	0.058
33.940	-25.177	0.075
33.960	-27.137	0.083
33.980	-28.700	0.095
34.000	-29.850	0.106
34.020	-30.580	0.112
34.040	-30.854	0.120
34.060	-30.768	0.123
34.080	-30.242	0.121
34.100	-29.286	0.128
34.120	-27.906	0.124
34.140	-26.149	0.126
34.160	-24.006	0.118
34.180	-21.546	0.115
34.200	-18.748	0.104
34.220	-15.697	0.095
34.240	-12.464	0.085
34.260	-9.015	0.074
34.280	-5.454	0.060
34.300	-1.823	0.048
34.320	1.834	0.033
34.340	5.470	0.024
34.360	9.015	0.002
34.380	12.448	-0.009
34.400	15.708	-0.020
34.420	18.726	-0.039
34.440	21.509	-0.050
34.460	23.979	-0.070
34.480	26.106	-0.074
34.500	27.863	-0.090
34.520	29.221	-0.094
34.540	30.188	-0.108
34.560	30.731	-0.112
34.580	30.844	-0.116
34.600	30.548	-0.121
34.620	29.791	-0.122
34.640	28.647	-0.125
34.660	27.084	-0.119
34.680	25.172	-0.118
34.700	22.857	-0.109
34.720	20.246	-0.108
34.740	17.362	-0.094
34.760	14.225	-0.087
34.780	10.906	-0.075
34.800	7.404	-0.064
34.820	3.816	-0.055
34.840	0.185	-0.034
34.860	-3.462	-0.021
34.880	-7.071	0.000
34.900	-10.589	0.006
34.920	-13.930	0.026
34.940	-17.083	0.038
34.960	-20.005	0.061
34.980	-22.647	0.067
35.000	-24.968	0.082
35.020	-26.944	0.085
35.040	-28.577	0.107
35.060	-29.753	0.110
35.080	-30.537	0.125
35.100	-30.838	0.124
35.120	-30.790	0.136
35.140	-30.306	0.128
35.160	-29.383	0.141
35.180	-28.051	0.129
35.200	-26.300	0.140
35.220	-24.221	0.127
35.240	-21.782	0.123
35.260	-19.000	0.114
35.280	-16.014	0.110
35.300	-12.797	0.091
35.320	-9.348	0.083
35.340	-5.814	0.072
35.360	-2.167	0.057
35.380	1.480	0.042
35.400	5.111	0.030
35.420	8.661	0.007
35.440	12.120	-0.002
35.460	15.391	-0.021
35.480	18.442	-0.030
35.500	21.245	-0.047
35.520	23.764	-0.054
35.540	25.913	-0.077
35.560	27.701	-0.079
35.580	29.114	-0.100
35.600	30.124	-0.092
35.620	30.693	-0.117
35.640	30.860	-0.107
35.660	30.591	-0.124
35.680	29.882	-0.114
35.700	28.765	-0.126
35.720	27.250	-0.111
35.740	25.381	-0.116
35.760	23.109	-0.109
35.780	20.515	-0.107
35.800	17.674	-0.096
35.820	14.553	-0.089
35.840	11.228	-0.079
35.860	7.775	-0.059
35.880	4.203	-0.057
35.900	0.572	-0.035
35.920	-3.091	-0.025
35.940	-6.690	-0.008
35.960	-10.208	0.005
35.980	-13.581	0.022
36.000	-16.760	0.034
36.020	-19.704	0.050
36.040	-22.368	0.063
36.060	-24.731	0.080
36.080	-26.751	0.087
36.100	-28.389	0.098
36.120	-29.624	0.112
36.140	-30.441	0.114
36.160	-30.817	0.124
36.180	-30.795	0.128
36.200	-30.360	0.132
36.220	-29.469	0.130
36.240	-28.163	0.128
36.260	-26.471	0.128
36.280	-24.404	0.119
36.300	-22.024	0.115
36.320	-19.290	0.110
36.340	-16.299	0.099
36.360	-13.103	0.089
36.380	-9.681	0.076
36.400	-6.163	0.065
36.420	-2.527	0.054
36.440	1.125	0.035
36.460	4.767	0.025
36.480	8.317	0.004
36.500	11.798	-0.004
36.520	15.079	-0.027
36.540	18.146	-0.036
36.560	20.982	-0.053
36.580	23.523	-0.066
36.600	25.703	-0.077
36.620	27.535	-0.091
36.640	28.996	-0.100
36.660	30.022	-0.111
36.680	30.656	-0.118
36.700	30.860	-0.122
36.720	30.623	-0.122
36.740	29.957	-0.129
36.760	28.915	-0.127
36.780	27.411	-0.132
36.800	25.591	-0.123
36.820	23.356	-0.125
36.840	20.794	-0.114
36.860	17.964	-0.111
36.880	14.875	-0.096
36.900	11.572	-0.086
36.920	8.124	-0.073
36.940	4.552	-0.067
36.960	0.921	-0.048
36.980	-2.710	-0.037
37.000	-6.330	-0.019
37.020	-9.853	-0.009
37.040	-13.242	0.013
37.060	-16.438	0.023
37.080	-19.425	0.041
37.100	-22.121	0.049
37.120	-24.490	0.066
37.140	-26.547	0.076
37.160	-28.239	0.089
37.180	-29.517	0.093
37.200	-30.360	0.109
37.220	-30.779	0.110
37.240	-30.806	0.116
37.260	-30.398	0.116
37.280	-29.565	0.120
37.300	-28.308	0.116
37.320	-26.643	0.118
37.340	-24.640	0.113
37.360	-22.266	0.112
37.380	-19.559	0.099
37.400	-16.599	0.095
37.420	-13.409	0.081
37.440	-10.020	0.072
37.460	-6.491	0.058
37.480	-2.892	0.045
37.500	0.765	0.030
37.520	4.418	0.017
37.540	7.984	-0.003
37.560	11.459	-0.013
37.580	14.762	-0.033
37.600	17.845	-0.040
37.620	20.708	-0.060
37.640	23.302	-0.068
37.660	25.515	-0.088
37.680	27.390	-0.091
37.700	28.851	-0.111
37.720	29.952	-0.110
37.740	30.618	-0.124
37.760	30.860	-0.120
37.780	30.672	-0.133
37.800	30.049	-0.125
37.820	29.023	-0.137
37.840	27.594	-0.126
37.860	25.784	-0.130
37.880	23.593	-0.124
37.900	21.073	-0.121
37.920	18.270	-0.113
37.940	15.203	-0.102
37.960	11.916	-0.093
37.980	8.468	-0.076
38.000	4.923	-0.066
38.020	1.292	-0.051
38.040	-2.371	-0.039
38.060	-5.970	-0.018
38.080	-9.526	-0.008
38.100	-12.931	0.005
38.120	-16.132	0.025
38.140	-19.156	0.040
38.160	-21.885	0.053
38.180	-24.302	0.065
38.200	-26.359	0.079
38.220	-28.110	0.083
38.240	-29.420	0.101
38.260	-30.312	0.106
38.280	-30.763	0.113
38.300	-30.833	0.120
38.320	-30.473	0.124
38.340	-29.716	0.122
38.360	-28.486	0.127
38.380	-26.864	0.122
38.400	-24.860	0.118
38.420	-22.540	0.112
38.440	-19.865	0.108
38.460	-16.927	0.096
38.480	-13.780	0.089
38.500	-10.401	0.075
38.520	-6.888	0.062
38.540	-3.258	0.050
38.560	0.384	0.038
38.580	4.026	0.023
38.600	7.608	0.010
38.620	11.099	-0.006
38.640	14.440	-0.024
38.660	17.545	-0.034
38.680	20.434	-0.050
38.700	23.050	-0.063
38.720	25.301	-0.073
38.740	27.213	-0.086
38.760	28.727	-0.097
38.780	29.861	-0.104
38.800	30.570	-0.112
38.820	30.860	-0.120
38.840	30.709	-0.121
38.860	30.145	-0.133
38.880	29.152	-0.123
38.900	27.728	-0.132
38.920	25.972	-0.120
38.940	23.829	-0.123
38.960	21.326	-0.110
38.980	18.538	-0.105
39.000	15.514	-0.092
39.020	12.243	-0.084
39.040	8.801	-0.073
39.060	5.261	-0.062
39.080	1.635	-0.047
39.100	-2.017	-0.033
39.120	-5.648	-0.014
39.140	-9.209	-0.002
39.160	-12.625	0.016
39.180	-15.847	0.032
39.200	-18.893	0.046
39.220	-21.654	0.058
39.240	-24.097	0.073
39.260	-26.214	0.085
39.280	-27.986	0.095
39.300	-29.345	0.107
39.320	-30.285	0.118
39.340	-30.752	0.122
39.360	-30.849	0.129
39.380	-30.553	0.127
39.400	-29.834	0.133
39.420	-28.652	0.132
39.440	-27.062	0.131
39.460	-25.107	0.131
39.480	-22.792	0.122
39.500	-20.166	0.113
39.520	-17.249	0.110
39.540	-14.102	0.095
39.560	-10.756	0.085
39.580	-7.243	0.072
39.600	-3.650	0.065
39.620	0.019	0.049
39.640	3.655	0.032
39.660	7.259	0.015
39.680	10.766	0.005
39.700	14.102	-0.013
39.720	17.249	-0.025
39.740	20.150	-0.042
39.760	22.798	-0.050
39.780	25.080	-0.071
39.800	27.019	-0.078
39.820	28.593	-0.088
39.840	29.759	-0.099
39.860	30.516	-0.111
39.880	30.838	-0.109
39.900	30.741	-0.118
39.920	30.204	-0.117
39.940	29.264	-0.121
39.960	27.900	-0.115
39.980	26.171	-0.116
40.000	24.071	-0.104
40.020	21.584	-0.111
40.040	18.834	-0.096
40.060	15.821	-0.090
40.080	12.571	-0.080
40.100	9.166	-0.070
40.120	5.621	-0.056
40.140	1.995	-0.040
40.160	-1.635	-0.026
40.180	-5.261	-0.018
40.200	-8.833	0.003
40.220	-12.265	0.019
40.240	-15.520	0.035
40.260	-18.560	0.046
40.280	-21.364	0.065
40.300	-23.840	0.075
40.320	-25.983	0.085
40.340	-27.798	0.095
40.360	-29.184	0.109
40.380	-30.167	0.114
40.400	-30.715	0.121
40.420	-30.865	0.125
40.440	-30.575	0.139
40.460	-29.909	0.130
40.480	-28.754	0.138
40.500	-27.202	0.129
40.520	-25.279	0.132
40.540	-23.012	0.116
40.560	-20.418	0.120
40.580	-17.523	0.104
40.600	-14.408	0.103
40.620	-11.083	0.083
40.640	-7.571	0.080
40.660	-3.972	0.061
40.680	-0.346	0.048
40.700	3.317	0.029
40.720	6.915	0.016
40.740	10.412	0.003
40.760	13.796	-0.018
40.780	16.954	-0.029
40.800	19.881	-0.046
40.820	22.561	-0.051
40.840	24.876	-0.072
40.860	26.864	-0.079
40.880	28.459	-0.093
40.900	29.673	-0.100
40.920	30.462	-0.113
40.940	30.838	-0.114
40.960	30.763	-0.122
40.980	30.280	-0.119
41.000	29.372	-0.123
41.020	28.072	-0.127
41.040	26.348	-0.116
41.060	24.307	-0.121
41.080	21.836	-0.106
41.100	19.124	-0.112
41.120	16.148	-0.096
41.140	12.904	-0.092
41.160	9.510	-0.074
41.180	6.002	-0.067
41.200	2.382	-0.050
41.220	-1.270	-0.039
41.240	-4.901	-0.017
41.260	-8.473	-0.007
41.280	-11.910	0.008
41.300	-15.176	0.024
41.320	-18.264	0.034
41.340	-21.095	0.053
41.360	-23.582	0.063
41.380	-25.768	0.082
41.400	-27.605	0.081
41.420	-29.060	0.103
41.440	-30.075	0.108
41.460	-30.666	0.114
41.480	-30.854	0.116
41.500	-30.613	0.127
41.520	-29.952	0.119
41.540	-28.878	0.130
41.560	-27.363	0.120
41.580	-25.483	0.123
41.600	-23.238	0.112
41.620	-20.687	0.107
41.640	-17.802	0.099
41.660	-14.709	0.088
41.680	-11.400	0.078
41.700	-7.914	0.066
41.720	-4.337	0.057
41.740	-0.690	0.033
41.760	2.973	0.023
41.780	6.572	0.008
41.800	10.079	-0.004
41.820	13.473	-0.021
41.840	16.653	-0.036
41.860	19.602	-0.050
41.880	22.309	-0.064
41.900	24.656	-0.079
41.920	26.676	-0.091
41.940	28.308	-0.099
41.960	29.576	-0.114
41.980	30.398	-0.113
42.000	30.822	-0.127
42.020	30.795	-0.122
42.040	30.365	-0.134
42.060	29.485	-0.129
42.080	28.201	-0.137
42.100	26.541	-0.125
42.120	24.511	-0.128
42.140	22.099	-0.122
42.160	19.414	-0.114
42.180	16.460	-0.106
42.200	13.242	-0.096
42.220	9.864	-0.086
42.240	6.346	-0.073
42.260	2.737	-0.059
42.280	-0.905	-0.047
42.300	-4.552	-0.032
42.320	-8.124	-0.013
42.340	-11.588	-0.003
42.360	-14.875	0.016
42.380	-17.969	0.032
42.400	-20.816	0.045
42.420	-23.356	0.058
42.440	-25.564	0.070
42.460	-27.444	0.083
42.480	-28.921	0.093
42.500	-29.995	0.102
42.520	-30.629	0.111
42.540	-30.838	0.115
42.560	-30.672	0.120
42.580	-30.043	0.117
42.600	-29.017	0.123
42.620	-27.530	0.120
42.640	-25.682	0.119
42.660	-23.485	0.114
42.680	-20.955	0.108
42.700	-18.114	0.099
42.720	-15.047	0.091
42.740	-11.744	0.077
42.760	-8.280	0.070
42.780	-4.697	0.052
42.800	-1.055	0.042
42.820	2.597	0.025
42.840	6.212	0.011
42.860	9.735	-0.001
42.880	13.135	-0.019
42.900	16.336	-0.034
42.920	19.312	-0.049
42.940	22.051	-0.057
42.960	24.436	-0.075
42.980	26.482	-0.084
43.000	28.163	-0.097
43.020	29.452	-0.104
43.040	30.328	-0.113
43.060	30.784	-0.116
43.080	30.811	-0.122
43.100	30.419	-0.130
43.120	29.592	-0.127
43.140	28.367	-0.134
43.160	26.724	-0.121
43.180	24.737	-0.129
43.200	22.352	-0.116
43.220	19.688	-0.112
43.240	16.750	-0.100
43.260	13.554	-0.093
43.280	10.197	-0.079
43.300	6.695	-0.067
43.320	3.086	-0.056
43.340	-0.551	-0.041
43.360	-4.198	-0.025
43.380	-7.791	-0.007
43.400	-11.282	0.004
43.420	-14.580	0.025
43.440	-17.700	0.033
43.460	-20.585	0.054
43.480	-23.141	0.058
43.500	-25.408	0.083
43.520	-27.309	0.083
43.540	-28.856	0.103
43.560	-29.936	0.104
43.580	-30.639	0.115
43.600	-30.870	0.116
43.620	-30.731	0.126
43.640	-30.183	0.124
43.660	-29.173	0.128
43.680	-27.739	0.124
43.700	-25.934	0.127
43.720	-23.759	0.118
43.740	-21.256	0.119
43.760	-18.442	0.108
43.780	-15.380	0.099
43.800	-12.120	0.087
43.820	-8.672	0.075
43.840	-5.084	0.064
43.860	-1.442	0.052
43.880	2.199	0.030
43.900	5.836	0.025
43.920	9.365	0.005
43.940	12.797	-0.005
43.960	16.025	-0.022
43.980	19.016	-0.034
44.000	21.782	-0.052
44.020	24.216	-0.060
44.040	26.305	-0.077
44.060	28.008	-0.080
44.080	29.350	-0.098
44.100	30.263	-0.101
44.120	30.763	-0.116
44.140	30.833	-0.111
44.160	30.468	-0.121
44.180	29.678	-0.116
44.200	28.491	-0.126
44.220	26.890	-0.117
44.240	24.951	-0.113
44.260	22.604	-0.108
44.280	19.967	-0.100
44.300	17.061	-0.096
44.320	13.882	-0.083
44.340	10.525	-0.071
44.360	7.060	-0.060
44.380	3.440	-0.050
44.400	-0.201	-0.031
44.420	-3.848	-0.021
44.440	-7.436	0.002
44.460	-10.938	0.014
44.480	-14.258	0.029
44.500	-17.389	0.041
44.520	-20.316	0.053
44.540	-22.916	0.069
44.560	-25.182	0.086
44.580	-27.143	0.095
44.600	-28.706	0.103
44.620	-29.877	0.116
44.640	-30.586	0.120
44.660	-30.860	0.130
44.680	-30.758	0.136
44.700	-30.220	0.134
44.720	-29.275	0.139
44.740	-27.900	0.139
44.760	-26.101	0.134
44.780	-23.979	0.131
44.800	-21.492	0.127
44.820	-18.710	0.115
44.840	-15.692	0.104
44.860	-12.437	0.091
44.880	-8.994	0.083
44.900	-5.438	0.067
44.920	-1.807	0.055
44.940	1.861	0.037
44.960	5.503	0.025
44.980	9.026	0.012
45.000	12.474	-0.004
45.020	15.719	-0.021
45.040	18.737	-0.035
45.060	21.525	-0.046
45.080	23.990	-0.058
45.100	26.106	-0.077
45.120	27.873	-0.084
45.140	29.232	-0.094
45.160	30.194	-0.103
45.180	30.725	-0.112
45.200	30.849	-0.118
45.220	30.543	-0.117
45.240	29.785	-0.120
45.260	28.636	-0.121
45.280	27.078	-0.118
45.300	25.166	-0.114
45.320	22.857	-0.113
45.340	20.236	-0.105
45.360	17.373	-0.099
45.380	14.215	-0.087
45.400	10.895	-0.078
45.420	7.415	-0.059
45.440	3.827	-0.056
45.460	0.191	-0.033
45.480	-3.462	-0.026
45.500	-7.055	-0.004
45.520	-10.568	0.007
45.540	-13.914	0.025
45.560	-17.067	0.034
45.580	-20.010	0.053
45.600	-22.636	0.058
45.620	-24.941	0.079
45.640	-26.933	0.087
45.660	-28.523	0.099
45.680	-29.716	0.110
45.700	-30.494	0.120
45.720	-30.817	0.120
45.740	-30.774	0.130
45.760	-30.280	0.125
45.780	-29.361	0.132
45.800	-28.008	0.126
45.820	-26.289	0.132
45.840	-24.178	0.121
45.860	-21.745	0.120
45.880	-18.990	0.103
45.900	-15.971	0.099
45.920	-12.748	0.086
45.940	-9.332	0.078
45.960	-5.777	0.063
45.980	-2.135	0.051
46.000	1.512	0.033
46.020	5.127	0.022
46.040	8.698	0.002
46.060	12.131	-0.007
46.080	15.402	-0.030
46.100	18.447	-0.038
46.120	21.267	-0.058
46.140	23.759	-0.065
46.160	25.913	-0.084
46.180	27.707	-0.090
46.200	29.114	-0.104
46.220	30.124	-0.109
46.240	30.698	-0.121
46.260	30.860	-0.120
46.280	30.586	-0.128
46.300	29.877	-0.125
46.320	28.765	-0.135
46.340	27.223	-0.130
46.360	25.370	-0.123
46.380	23.104	-0.122
46.400	20.515	-0.117
46.420	17.668	-0.107
46.440	14.548	-0.099
46.460	11.223	-0.085
46.480	7.753	-0.075
46.500	4.187	-0.064
46.520	0.551	-0.048
46.540	-3.091	-0.035
46.560	-6.700	-0.017
46.580	-10.235	-0.008
46.600	-13.575	0.013
46.620	-16.760	0.025
46.640	-19.715	0.044
46.660	-22.373	0.054
46.680	-24.720	0.067
46.700	-26.724	0.079
46.720	-28.373	0.090
46.740	-29.603	0.103
46.760	-30.441	0.105
46.780	-30.779	0.114
46.800	-30.790	0.123
46.820	-30.333	0.119
46.840	-29.474	0.120
46.860	-28.158	0.120
46.880	-26.455	0.120
46.900	-24.398	0.113
46.920	-22.008	0.112
46.940	-19.280	0.099
46.960	-16.293	0.097
46.980	-13.097	0.080
47.000	-9.671	0.072
47.020	-6.131	0.056
47.040	-2.511	0.048
47.060	1.147	0.028
47.080	4.778	0.016
47.100	8.333	-0.001
47.120	11.808	-0.015
47.140	15.101	-0.032
47.160	18.162	-0.045
47.180	20.998	-0.056
47.200	23.533	-0.070
47.220	25.709	-0.085
47.240	27.535	-0.094
47.260	28.985	-0.106
47.280	30.027	-0.113
47.300	30.661	-0.120
47.320	30.854	-0.124
47.340	30.623	-0.129
47.360	29.957	-0.130
47.380	28.894	-0.133
47.400	27.411	-0.133
47.420	25.569	-0.129
47.440	23.351	-0.124
47.460	20.783	-0.116
47.480	17.958	-0.110
47.500	14.859	-0.100
47.520	11.556	-0.091
47.540	8.118	-0.075
47.560	4.541	-0.065
47.580	0.916	-0.049
47.600	-2.747	-0.037
47.620	-6.351	-0.017
47.640	-9.891	-0.006
47.660	-13.259	0.010
47.680	-16.465	0.025
47.700	-19.451	0.044
47.720	-22.148	0.056
47.740	-24.522	0.070
47.760	-26.579	0.076
47.780	-28.260	0.094
47.800	-29.533	0.101
47.820	-30.398	0.113
47.840	-30.801	0.113
47.860	-30.811	0.124
47.880	-30.414	0.124
47.900	-29.597	0.128
47.920	-28.341	0.125
47.940	-26.686	0.125
47.960	-24.656	0.116
47.980	-22.271	0.118
48.000	-19.580	0.104
48.020	-16.615	0.099
48.040	-13.447	0.087
48.060	-10.047	0.081
48.080	-6.507	0.064
48.100	-2.882	0.053
48.120	0.760	0.034
48.140	4.412	0.021
48.160	7.995	0.004
48.180	11.443	-0.005
48.200	14.773	-0.019
48.220	17.862	-0.029
48.240	20.708	-0.054
48.260	23.292	-0.060
48.280	25.515	-0.080
48.300	27.395	-0.085
48.320	28.862	-0.102
48.340	29.952	-0.106
48.360	30.623	-0.116
48.380	30.849	-0.114
48.400	30.666	-0.127
48.420	30.059	-0.119
48.440	29.023	-0.129
48.460	27.589	-0.122
48.480	25.773	-0.120
48.500	23.587	-0.116
48.520	21.057	-0.110
48.540	18.238	-0.106
48.560	15.176	-0.091
48.580	11.873	-0.083
48.600	8.446	-0.066
48.620	4.880	-0.058
48.640	1.254	-0.042
48.660	-2.393	-0.029
48.680	-6.008	-0.013
48.700	-9.563	0.001
48.720	-12.963	0.018
48.740	-16.175	0.034
48.760	-19.188	0.051
48.780	-21.933	0.064
48.800	-24.328	0.077
48.820	-26.423	0.090
48.840	-28.131	0.097
48.860	-29.452	0.111
48.880	-30.376	0.120
48.900	-30.774	0.126
48.920	-30.854	0.129
48.940	-30.494	0.132
48.960	-29.726	0.136
48.980	-28.502	0.133
49.000	-26.880	0.133
49.020	-24.882	0.128
49.040	-22.545	0.124
49.060	-19.876	0.117
49.080	-16.932	0.108
49.100	-13.769	0.095
49.120	-10.380	0.087
49.140	-6.878	0.071
49.160	-3.252	0.066
49.180	0.389	0.044
49.200	4.047	0.036
49.220	7.624	0.013
49.240	11.105	0.008
49.260	14.446	-0.013
49.280	17.566	-0.029
49.300	20.445	-0.042
49.320	23.055	-0.052
49.340	25.301	-0.065
49.360	27.213	-0.080
49.380	28.727	-0.087
49.400	29.866	-0.099
49.420	30.570	-0.102
49.440	30.854	-0.116
49.460	30.698	-0.115
49.480	30.140	-0.120
49.500	29.141	-0.118
49.520	27.723	-0.121
49.540	25.967	-0.112
49.560	23.829	-0.112
49.580	21.310	-0.104
49.600	18.549	-0.100
49.620	15.504	-0.093
49.640	12.227	-0.075
49.660	8.806	-0.066
49.680	5.272	-0.054
49.700	1.630	-0.039
49.720	-2.006	-0.026
49.740	-5.637	-0.014
49.760	-9.203	0.009
49.780	-12.614	0.015
49.800	-15.837	0.036
49.820	-18.866	0.049
49.840	-21.627	0.063
49.860	-24.081	0.076
49.880	-26.181	0.090
49.900	-27.954	0.097
49.920	-29.313	0.108
49.940	-30.247	0.121
49.960	-30.752	0.120
49.980	-30.854	0.131
50.000	-30.532	0.131
50.020	-29.775	0.134
50.040	-28.609	0.133
50.060	-27.025	0.132
50.080	-25.070	0.127
50.100	-22.760	0.128
50.120	-20.128	0.116
50.140	-17.217	0.107
50.160	-14.064	0.095
50.180	-10.713	0.085
50.200	-7.216	0.074
50.220	-3.607	0.058
50.240	0.040	0.048
50.260	3.698	0.029
50.280	7.281	0.013
50.300	10.782	0.004
50.320	14.113	-0.017
50.340	17.260	-0.032
50.360	20.171	-0.046
50.380	22.814	-0.056
50.400	25.091	-0.075
50.420	27.035	-0.082
50.440	28.588	-0.095
50.460	29.764	-0.100
50.480	30.510	-0.113
50.500	30.849	-0.112
50.520	30.741	-0.126
50.540	30.204	-0.118
50.560	29.264	-0.129
50.580	27.900	-0.121
50.600	26.160	-0.123
50.620	24.054	-0.120
50.640	21.573	-0.116
50.660	18.839	-0.108
50.680	15.821	-0.097
50.700	12.571	-0.087
50.720	9.160	-0.075
50.740	5.626	-0.063
50.760	2.006	-0.048
50.780	-1.646	-0.034
50.800	-5.256	-0.017
50.820	-8.844	-0.005
50.840	-12.260	0.010
50.860	-15.509	0.024
50.880	-18.560	0.044
50.900	-21.358	0.050
50.920	-23.840	0.064
50.940	-25.983	0.082
50.960	-27.771	0.088
50.980	-29.189	0.102
51.000	-30.151	0.110
51.020	-30.693	0.116
51.040	-30.854	0.120
51.060	-30.570	0.124
51.080	-29.866	0.124
51.100	-28.727	0.124
51.120	-27.191	0.121
51.140	-25.263	0.119
51.160	-22.996	0.109
51.180	-20.391	0.108
51.200	-17.491	0.097
51.220	-14.397	0.091
51.240	-11.046	0.074
51.260	-7.565	0.068
51.280	-3.956	0.050
51.300	-0.325	0.038
51.320	3.333	0.025
51.340	6.937	0.010
51.360	10.444	-0.010
51.380	13.806	-0.022
51.400	16.954	-0.039
51.420	19.897	-0.050
51.440	22.577	-0.068
51.460	24.887	-0.075
51.480	26.869	-0.089
51.500	28.453	-0.099
51.520	29.673	-0.112
51.540	30.468	-0.117
51.560	30.838	-0.125
51.580	30.758	-0.126
51.600	30.290	-0.133
51.620	29.366	-0.126
51.640	28.056	-0.137
51.660	26.343	-0.128
51.680	24.280	-0.126
51.700	21.836	-0.121
51.720	19.113	-0.112
51.740	16.137	-0.105
51.760	12.883	-0.094
51.780	9.510	-0.083
51.800	5.975	-0.067
51.820	2.377	-0.056
51.840	-1.270	-0.041
51.860	-4.906	-0.027
51.880	-8.489	-0.010
51.900	-11.921	0.001
51.920	-15.198	0.020
51.940	-18.275	0.031
51.960	-21.100	0.048
51.980	-23.609	0.062
52.000	-25.784	0.073
52.020	-27.605	0.085
52.040	-29.055	0.094
52.060	-30.081	0.108
52.080	-30.666	0.113
52.100	-30.844	0.118
52.120	-30.607	0.122
52.140	-29.963	0.121
52.160	-28.878	0.122
52.180	-27.352	0.121
52.200	-25.467	0.118
52.220	-23.243	0.112
52.240	-20.676	0.109
52.260	-17.808	0.100
52.280	-14.698	0.091
52.300	-11.411	0.076
52.320	-7.920	0.070
52.340	-4.326	0.048
52.360	-0.674	0.039
52.380	2.968	0.021
52.400	6.577	0.013
52.420	10.084	-0.005
52.440	13.473	-0.017
52.460	16.664	-0.034
52.480	19.618	-0.046
52.500	22.325	-0.059
52.520	24.661	-0.077
52.540	26.686	-0.086
52.560	28.319	-0.101
52.580	29.581	-0.103
52.600	30.408	-0.120
52.620	30.811	-0.116
52.640	30.790	-0.133
52.660	30.360	-0.122
52.680	29.474	-0.135
52.700	28.201	-0.128
52.720	26.536	-0.129
52.740	24.511	-0.121
52.760	22.105	-0.117
52.780	19.403	-0.112
52.800	16.438	-0.099
52.820	13.221	-0.092
52.840	9.837	-0.076
52.860	6.330	-0.070
52.880	2.720	-0.050
52.900	-0.921	-0.038
52.920	-4.563	-0.018
52.940	-8.161	-0.009
52.960	-11.610	0.004
52.980	-14.897	0.022
53.000	-17.996	0.037
53.020	-20.848	0.052
53.040	-23.399	0.066
53.060	-25.596	0.080
53.080	-27.481	0.086
53.100	-28.958	0.100
53.120	-30.016	0.110
53.140	-30.661	0.119
53.160	-30.849	0.118
53.180	-30.672	0.131
53.200	-30.081	0.126
53.220	-29.007	0.132
53.240	-27.546	0.127
53.260	-25.698	0.131
53.280	-23.507	0.118
53.300	-20.966	0.119
53.320	-18.125	0.105
53.340	-15.031	0.098
53.360	-11.760	0.083
53.380	-8.285	0.077
53.400	-4.708	0.059
53.420	-1.066	0.049
53.440	2.592	0.030
53.460	6.222	0.020
53.480	9.735	0.005
53.500	13.140	-0.012
53.520	16.352	-0.023
53.540	19.323	-0.031
53.560	22.056	-0.050
53.580	24.452	-0.065
53.600	26.493	-0.075
53.620	28.169	-0.089
53.640	29.469	-0.100
53.660	30.333	-0.104
53.680	30.790	-0.116
53.700	30.817	-0.115
53.720	30.419	-0.122
53.740	29.587	-0.114
53.760	28.357	-0.127
53.780	26.702	-0.113
53.800	24.726	-0.118
53.820	22.352	-0.108
53.840	19.688	-0.101
53.860	16.755	-0.094
53.880	13.554	-0.083
53.900	10.197	-0.070
53.920	6.684	-0.060
53.940	3.080	-0.047
53.960	-0.545	-0.031
53.980	-4.203	-0.017
54.000	-7.802	0.001
54.020	-11.271	0.012
54.040	-14.569	0.031
54.060	-17.679	0.045
54.080	-20.569	0.058
54.100	-23.141	0.073
54.120	-25.397	0.086
54.140	-27.299	0.096
54.160	-28.819	0.104
54.180	-29.930	0.123
54.200	-30.607	0.126
54.220	-30.860	0.131
54.240	-30.720	0.133
54.260	-30.129	0.131
54.280	-29.130	0.140
54.300	-27.707	0.131
54.320	-25.907	0.136
54.340	-23.721	0.126
54.360	-21.213	0.121
54.380	-18.404	0.111
54.400	-15.326	0.103
54.420	-12.093	0.091
54.440	-8.623	0.082
54.460	-5.052	0.065
54.480	-1.415	0.058
54.500	2.242	0.037
54.520	5.868	0.026
54.540	9.397	0.004
54.560	12.818	-0.005
54.580	16.035	-0.021
54.600	19.038	-0.038
54.620	21.809	-0.048
54.640	24.232	-0.067
54.660	26.310	-0.074
54.680	28.029	-0.088
54.700	29.350	-0.093
54.720	30.274	-0.110
54.740	30.763	-0.109
54.760	30.822	-0.122
54.780	30.468	-0.116
54.800	29.673	-0.125
54.820	28.486	-0.118
54.840	26.890	-0.121
54.860	24.946	-0.114
54.880	22.599	-0.112
54.900	19.962	-0.104
54.920	17.056	-0.097
54.940	13.882	-0.092
54.960	10.519	-0.073
54.980	7.055	-0.066
55.000	3.451	-0.047
55.020	-0.185	-0.037
55.040	-3.832	-0.023
55.060	-7.420	-0.004
55.080	-10.901	0.008
55.100	-14.241	0.025
55.120	-17.384	0.036
55.140	-20.279	0.056
55.160	-22.894	0.063
55.180	-25.166	0.083
55.200	-27.116	0.087
55.220	-28.679	0.100
55.240	-29.802	0.106
55.260	-30.553	0.122
55.280	-30.849	0.119
55.300	-30.741	0.130
55.320	-30.188	0.123
55.340	-29.221	0.134
55.360	-27.857	0.125
55.380	-26.069	0.130
55.400	-23.952	0.119
55.420	-21.482	0.121
55.440	-18.673	0.105
55.460	-15.649	0.102
55.480	-12.410	0.084
55.500	-8.967	0.077
55.520	-5.406	0.061
55.540	-1.770	0.049
55.560	1.888	0.033
55.580	5.503	0.019
55.600	9.042	0.004
55.620	12.480	-0.013
55.640	15.735	-0.031
55.660	18.748	-0.041
55.680	21.557	-0.059
55.700	23.995	-0.067
55.720	26.117	-0.087
55.740	27.873	-0.093
55.760	29.243	-0.109
55.780	30.194	-0.108
55.800	30.725	-0.124
55.820	30.849	-0.119
55.840	30.543	-0.134
55.860	29.780	-0.121
55.880	28.631	-0.136
55.900	27.078	-0.121
55.920	25.161	-0.129
55.940	22.851	-0.118
55.960	20.246	-0.114
55.980	17.357	-0.110
56.000	14.215	-0.095
56.020	10.874	-0.089
56.040	7.399	-0.072
56.060	3.816	-0.065
56.080	0.169	-0.044
56.100	-3.456	-0.034
56.120	-7.066	-0.015
56.140	-10.573	-0.004
56.160	-13.930	0.015
56.180	-17.067	0.025
56.200	-19.994	0.044
56.220	-22.631	0.054
56.240	-24.946	0.070
56.260	-26.944	0.083
56.280	-28.545	0.092
56.300	-29.716	0.105
56.320	-30.484	0.107
56.340	-30.817	0.115
56.360	-30.758	0.116
56.380	-30.274	0.120
56.400	-29.334	0.122
56.420	-27.997	0.121
56.440	-26.273	0.120
56.460	-24.167	0.112
56.480	-21.740	0.108
56.500	-18.968	0.103
56.520	-15.960	0.092
56.540	-12.743	0.083
56.560	-9.316	0.070
56.580	-5.766	0.055
56.600	-2.124	0.043
56.620	1.523	0.027
56.640	5.154	0.018
56.660	8.709	-0.004
56.680	12.152	-0.014
56.700	15.412	-0.035
56.720	18.463	-0.044
56.740	21.283	-0.056
56.760	23.786	-0.073
56.780	25.913	-0.086
56.800	27.707	-0.096
56.820	29.114	-0.106
56.840	30.124	-0.116
56.860	30.698	-0.121
56.880	30.854	-0.129
56.900	30.586	-0.128
56.920	29.877	-0.136
56.940	28.760	-0.128
56.960	27.218	-0.133
56.980	25.365	-0.123
57.000	23.098	-0.127
57.020	20.510	-0.115
57.040	17.657	-0.111
57.060	14.537	-0.096
57.080	11.212	-0.087
57.100	7.742	-0.074
57.120	4.181	-0.060
57.140	0.534	-0.046
57.160	-3.113	-0.034
57.180	-6.711	-0.014
57.200	-10.240	-0.004
57.220	-13.597	0.014
57.240	-16.766	0.027
57.260	-19.725	0.045
57.280	-22.395	0.053
57.300	-24.726	0.070
57.320	-26.756	0.079
57.340	-28.410	0.095
57.360	-29.619	0.103
57.380	-30.451	0.116
57.400	-30.806	0.112
57.420	-30.790	0.124
57.440	-30.349	0.121
57.460	-29.463	0.128
57.480	-28.153	0.125
57.500	-26.471	0.128
57.520	-24.414	0.114
57.540	-22.008	0.120
57.560	-19.263	0.103
57.580	-16.272	0.102
57.600	-13.076	0.083
57.620	-9.681	0.076
57.640	-6.142	0.056
57.660	-2.506	0.050
57.680	1.157	0.034
57.700	4.778	0.021
57.720	8.339	0.003
57.740	11.808	-0.005
57.760	15.090	-0.023
57.780	18.173	-0.035
57.800	21.004	-0.053
57.820	23.550	-0.063
57.840	25.719	-0.077
57.860	27.551	-0.089
57.880	28.990	-0.105
57.900	30.038	-0.106
57.920	30.661	-0.116
57.940	30.854	-0.115
57.960	30.623	-0.128
57.980	29.957	-0.119
58.000	28.894	-0.129
58.020	27.406	-0.118
58.040	25.574	-0.126
58.060	23.340	-0.113
58.080	20.778	-0.112
58.100	17.948	-0.101
58.120	14.848	-0.092
58.140	11.551	-0.079
58.160	8.092	-0.063
58.180	4.520	-0.054
58.200	0.894	-0.041
58.220	-2.758	-0.024
58.240	-6.362	-0.010
58.260	-9.907	0.005
58.280	-13.280	0.020
58.300	-16.481	0.033
58.320	-19.462	0.050
58.340	-22.142	0.064
58.360	-24.538	0.076
58.380	-26.590	0.090
58.400	-28.271	0.100
58.420	-29.533	0.113
58.440	-30.387	0.120
58.460	-30.790	0.127
58.480	-30.838	0.129
58.500	-30.419	0.134
58.520	-29.592	0.136
58.540	-28.308	0.136
58.560	-26.659	0.130
58.580	-24.640	0.128
58.600	-22.260	0.123
58.620	-19.575	0.115
58.640	-16.583	0.107
58.660	-13.420	0.095
58.680	-10.014	0.083
58.700	-6.496	0.070
58.720	-2.871	0.060
58.740	0.781	0.044
58.760	4.423	0.033
58.780	8.000	0.014
58.800	11.481	0.006
58.820	14.779	-0.013
58.840	17.888	-0.027
58.860	20.730	-0.044
58.880	23.308	-0.051
58.900	25.515	-0.071
58.920	27.401	-0.079
58.940	28.867	-0.092
58.960	29.957	-0.096
58.980	30.623	-0.111
59.000	30.860	-0.112
59.020	30.672	-0.116
59.040	30.043	-0.120
59.060	29.017	-0.117
59.080	27.583	-0.120
59.100	25.768	-0.115
59.120	23.587	-0.116
59.140	21.041	-0.104
59.160	18.243	-0.103
59.180	15.181	-0.086
59.200	11.884	-0.078
59.220	8.457	-0.063
59.240	4.885	-0.057
59.260	1.276	-0.038
59.280	-2.382	-0.029
59.300	-5.997	-0.004
59.320	-9.558	0.002
59.340	-12.936	0.023
59.360	-16.154	0.034
59.380	-19.145	0.051
59.400	-21.890	0.063
59.420	-24.296	0.078
59.440	-26.396	0.090
59.460	-28.104	0.101
59.480	-29.409	0.109
59.500	-30.312	0.124
59.520	-30.752	0.124
59.540	-30.844	0.131
59.560	-30.457	0.132
59.580	-29.656	0.134
59.600	-28.469	0.132
59.620	-26.815	0.132
59.640	-24.839	0.125
59.660	-22.497	0.127
59.680	-19.827	0.112
59.700	-16.900	0.106
59.720	-13.720	0.090
59.740	-10.364	0.085
59.760	-6.840	0.068
59.780	-3.225	0.060
59.800	0.422	0.038
59.820	4.069	0.029
59.840	7.656	0.011
59.860	11.126	-0.000
59.880	14.462	-0.017
59.900	17.582	-0.031
59.920	20.467	-0.046
59.940	23.072	-0.055
59.960	25.317	-0.075
59.980	27.218	-0.085
60.000	28.727	-0.094
60.020	29.866	-0.105
60.040	30.564	-0.110
60.060	30.860	-0.116
60.080	30.709	-0.122
60.100	30.140	-0.123
60.120	29.141	-0.125
60.140	27.728	-0.125
60.160	25.972	-0.121
60.180	23.823	-0.117
60.200	21.304	-0.114
60.220	18.538	-0.107
60.240	15.482	-0.099
60.260	12.227	-0.081
60.280	8.790	-0.071
60.300	5.261	-0.062
60.320	1.630	-0.050
60.340	-2.022	-0.037
60.360	-5.621	-0.017
60.380	-9.198	-0.003
60.400	-12.598	0.013
60.420	-15.831	0.029
60.440	-18.861	0.040
60.460	-21.621	0.054
60.480	-24.065	0.068
60.500	-26.171	0.078
60.520	-27.954	0.091
60.540	-29.297	0.099
60.560	-30.220	0.111
60.580	-30.715	0.116
60.600	-30.822	0.122
60.620	-30.516	0.121
60.640	-29.769	0.124
60.660	-28.593	0.124
60.680	-26.987	0.123
60.700	-25.032	0.118
60.720	-22.755	0.116
60.740	-20.112	0.107
60.760	-17.190	0.097
60.780	-14.053	0.091
60.800	-10.691	0.074
60.820	-7.200	0.062
60.840	-3.591	0.048
60.860	0.073	0.033
60.880	3.719	0.020
60.900	7.302	0.004
60.920	10.782	-0.007
60.940	14.134	-0.022
60.960	17.292	-0.042
60.980	20.177	-0.054
61.000	22.835	-0.067
61.020	25.107	-0.083
61.040	27.046	-0.087
61.060	28.598	-0.105
61.080	29.764	-0.112
61.100	30.516	-0.125
61.120	30.838	-0.122
61.140	30.736	-0.130
61.160	30.199	-0.130
61.180	29.254	-0.133
61.200	27.900	-0.134
61.220	26.155	-0.128
61.240	24.054	-0.127
61.260	21.568	-0.117
61.280	18.823	-0.116
61.300	15.810	-0.104
61.320	12.555	-0.099
61.340	9.150	-0.079
61.360	5.599	-0.070
61.380	1.990	-0.051
61.400	-1.662	-0.044
61.420	-5.266	-0.024
61.440	-8.844	-0.013
61.460	-12.297	0.004
61.480	-15.520	0.020
61.500	-18.571	0.034
61.520	-21.369	0.049
61.540	-23.834	0.059
61.560	-25.988	0.078
61.580	-27.787	0.087
61.600	-29.168	0.099
61.620	-30.156	0.106
61.640	-30.682	0.112
61.660	-30.849	0.118
61.680	-30.564	0.121
61.700	-29.855	0.120
61.720	-28.743	0.124
61.740	-27.170	0.122
61.760	-25.263	0.117
61.780	-22.980	0.112
61.800	-20.375	0.105
61.820	-17.491	0.101
61.840	-14.365	0.087
61.860	-11.035	0.081
61.880	-7.538	0.065
61.900	-3.950	0.050
61.920	-0.293	0.037
61.940	3.349	0.021
61.960	6.948	0.011
61.980	10.449	-0.004
62.000	13.823	-0.017
62.020	16.986	-0.034
62.040	19.908	-0.048
62.060	22.594	-0.063
62.080	24.887	-0.075
62.100	26.880	-0.089
62.120	28.459	-0.100
62.140	29.673	-0.108
62.160	30.468	-0.115
62.180	30.838	-0.121
62.200	30.758	-0.126
62.220	30.290	-0.129
62.240	29.366	-0.130
62.260	28.061	-0.126
62.280	26.353	-0.125
62.300	24.285	-0.121
62.320	21.842	-0.119
62.340	19.108	-0.109
62.360	16.105	-0.101
62.380	12.883	-0.090
62.400	9.488	-0.077
62.420	5.959	-0.065
62.440	2.350	-0.051
62.460	-1.297	-0.035
62.480	-4.917	-0.021
62.500	-8.510	-0.005
62.520	-11.948	0.008
62.540	-15.219	0.023
62.560	-18.297	0.041
62.580	-21.116	0.052
62.600	-23.625	0.070
62.620	-25.800	0.080
62.640	-27.642	0.092
62.660	-29.087	0.099
62.680	-30.102	0.114
62.700	-30.672	0.118
62.720	-30.865	0.123
62.740	-30.639	0.128
62.760	-29.984	0.124
62.780	-28.883	0.131
62.800	-27.363	0.127
62.820	-25.483	0.124
62.840	-23.254	0.120
62.860	-20.681	0.112
62.880	-17.808	0.107
62.900	-14.709	0.094
62.920	-11.389	0.084
62.940	-7.925	0.078
62.960	-4.326	0.060
62.980	-0.679	0.046
63.000	2.973	0.031
63.020	6.582	0.019
63.040	10.084	0.004
63.060	13.490	-0.009
63.080	16.669	-0.022
63.100	19.618	-0.040
63.120	22.325	-0.050
63.140	24.677	-0.065
63.160	26.686	-0.078
63.180	28.319	-0.089
63.200	29.581	-0.096
63.220	30.408	-0.107
63.240	30.822	-0.112
63.260	30.784	-0.120
63.280	30.360	-0.116
63.300	29.463	-0.121
63.320	28.196	-0.120
63.340	26.536	-0.115
63.360	24.511	-0.112
63.380	22.094	-0.106
63.400	19.387	-0.100
63.420	16.427	-0.096
63.440	13.216	-0.082
63.460	9.832	-0.067
63.480	6.330	-0.059
63.500	2.715	-0.042
63.520	-0.916	-0.033
63.540	-4.573	-0.013
63.560	-8.145	0.004
63.580	-11.626	0.017
63.600	-14.907	0.033
63.620	-17.996	0.044
63.640	-20.826	0.061
63.660	-23.372	0.074
63.680	-25.601	0.091
63.700	-27.470	0.096
63.720	-28.953	0.107
63.740	-30.027	0.117
63.760	-30.639	0.125
63.780	-30.854	0.131
63.800	-30.650	0.136
63.820	-30.043	0.133
63.840	-29.012	0.143
63.860	-27.530	0.132
63.880	-25.682	0.133
63.900	-23.485	0.128
63.920	-20.939	0.123
63.940	-18.098	0.112
63.960	-15.015	0.103
63.980	-11.717	0.090
64.000	-8.258	0.079
64.020	-4.681	0.063
64.040	-1.039	0.053
64.060	2.608	0.037
64.080	6.233	0.027
64.100	9.751	0.007
64.120	13.156	-0.005
64.140	16.358	-0.024
64.160	19.328	-0.035
64.180	22.089	-0.048
64.200	24.463	-0.063
64.220	26.498	-0.073
64.240	28.174	-0.086
64.260	29.469	-0.099
64.280	30.333	-0.101
64.300	30.790	-0.113
64.320	30.811	-0.116
64.340	30.419	-0.121
64.360	29.587	-0.120
64.380	28.346	-0.124
64.400	26.702	-0.117
64.420	24.731	-0.113
64.440	22.352	-0.109
64.460	19.677	-0.105
64.480	16.734	-0.100
64.500	13.554	-0.088
64.520	10.181	-0.074
64.540	6.679	-0.060
64.560	3.080	-0.054
64.580	-0.572	-0.033
64.600	-4.198	-0.025
64.620	-7.791	-0.001
64.640	-11.266	0.006
64.660	-14.569	0.030
64.680	-17.674	0.035
64.700	-20.558	0.054
64.720	-23.131	0.064
64.740	-25.376	0.080
64.760	-27.293	0.092
64.780	-28.802	0.103
64.800	-29.898	0.111
64.820	-30.602	0.120
64.840	-30.838	0.125
64.860	-30.693	0.128
64.880	-30.135	0.127
64.900	-29.103	0.133
64.920	-27.691	0.127
64.940	-25.859	0.127
64.960	-23.700	0.120
64.980	-21.197	0.114
65.000	-18.372	0.102
65.020	-15.321	0.097
65.040	-12.055	0.083
65.060	-8.607	0.081
65.080	-5.019	0.058
65.100	-1.394	0.049
65.120	2.264	0.027
65.140	5.884	0.020
65.160	9.407	-0.000
65.180	12.834	-0.013
65.200	16.068	-0.034
65.220	19.054	-0.039
65.240	21.825	-0.062
65.260	24.237	-0.071
65.280	26.326	-0.084
65.300	28.034	-0.093
65.320	29.361	-0.104
65.340	30.280	-0.114
65.360	30.763	-0.116
65.380	30.827	-0.125
65.400	30.468	-0.125
65.420	29.678	-0.133
65.440	28.480	-0.129
65.460	26.885	-0.128
65.480	24.935	-0.125
65.500	22.599	-0.125
65.520	19.956	-0.114
65.540	17.045	-0.108
65.560	13.871	-0.094
65.580	10.525	-0.087
65.600	7.039	-0.071
65.620	3.440	-0.059
65.640	-0.207	-0.044
65.660	-3.854	-0.029
65.680	-7.442	-0.015
65.700	-10.933	0.001
65.720	-14.263	0.016
65.740	-17.394	0.029
65.760	-20.289	0.045
65.780	-22.894	0.057
65.800	-25.177	0.072
65.820	-27.111	0.080
65.840	-28.684	0.095
65.860	-29.823	0.104
65.880	-30.553	0.112
65.900	-30.838	0.115
65.920	-30.731	0.121
65.940	-30.215	0.115
65.960	-29.243	0.126
65.980	-27.852	0.116
66.000	-26.085	0.123
66.020	-23.931	0.107
66.040	-21.471	0.112
66.060	-18.689	0.095
66.080	-15.643	0.094
66.100	-12.410	0.074
66.120	-8.967	0.070
66.140	-5.401	0.053
66.160	-1.764	0.042
66.180	1.893	0.023
66.200	5.513	0.012
66.220	9.053	-0.004
66.240	12.485	-0.017
66.260	15.735	-0.030
66.280	18.764	-0.044
66.300	21.552	-0.060
66.320	24.006	-0.075
66.340	26.117	-0.083
66.360	27.879	-0.099
66.380	29.238	-0.107
66.400	30.199	-0.115
66.420	30.736	-0.127
66.440	30.844	-0.126
66.460	30.527	-0.137
66.480	29.785	-0.130
66.500	28.620	-0.140
66.520	27.078	-0.129
66.540	25.150	-0.129
66.560	22.846	-0.123
66.580	20.236	-0.116
66.600	17.330	-0.106
66.620	14.193	-0.097
66.640	10.852	-0.089
66.660	7.377	-0.075
66.680	3.779	-0.063
66.700	0.153	-0.043
66.720	-3.499	-0.031
66.740	-7.098	-0.013
66.760	-10.605	-0.003
66.780	-13.962	0.017
66.800	-17.115	0.025
66.820	-20.031	0.045
66.840	-22.679	0.058
66.860	-24.989	0.077
66.880	-26.976	0.083
66.900	-28.582	0.096
66.920	-29.759	0.104
66.940	-30.548	0.116
66.960	-30.833	0.114
66.980	-30.790	0.125
67.000	-30.312	0.120
67.020	-29.399	0.127
67.040	-28.051	0.120
67.060	-26.310	0.124
67.080	-24.194	0.116
67.100	-21.761	0.116
67.120	-19.006	0.104
67.140	-15.998	0.099
67.160	-12.770	0.082
67.180	-9.322	0.075
67.200	-5.777	0.055
67.220	-2.162	0.049
67.240	1.507	0.028
67.260	5.137	0.020
67.280	8.704	0.001
67.300	12.147	-0.008
67.320	15.412	-0.021
67.340	18.458	-0.034
67.360	21.283	-0.057
67.380	23.781	-0.063
67.400	25.924	-0.079
67.420	27.712	-0.090
67.440	29.114	-0.098
67.460	30.124	-0.113
67.480	30.698	-0.112
67.500	30.860	-0.125
67.520	30.586	-0.121
67.540	29.877	-0.128
67.560	28.760	-0.125
67.580	27.218	-0.129
67.600	25.360	-0.121
67.620	23.088	-0.118
67.640	20.493	-0.110
67.660	17.636	-0.104
67.680	14.510	-0.090
67.700	11.185	-0.081
67.720	7.721	-0.067
67.740	4.144	-0.055
67.760	0.508	-0.038
67.780	-3.150	-0.021
67.800	-6.749	-0.009
67.820	-10.294	0.005
67.840	-13.645	0.017
67.860	-16.825	0.039
67.880	-19.779	0.050
67.900	-22.438	0.066
67.920	-24.796	0.083
67.940	-26.815	0.090
67.960	-28.469	0.103
67.980	-29.667	0.110
68.000	-30.484	0.124
68.020	-30.849	0.120
68.040	-30.833	0.136
68.060	-30.398	0.132
68.080	-29.528	0.140
68.100	-28.201	0.132
68.120	-26.493	0.140
68.140	-24.436	0.120
68.160	-22.019	0.125
68.180	-19.296	0.107
68.200	-16.315	0.109
68.220	-13.097	0.087
68.240	-9.671	0.083
68.260	-6.142	0.069
68.280	-2.506	0.056
68.300	1.152	0.038
68.320	4.799	0.032
68.340	8.349	0.014
68.360	11.814	0.000
68.380	15.095	-0.013
68.400	18.178	-0.030
68.420	21.014	-0.042
68.440	23.555	-0.055
68.460	25.736	-0.067
68.480	27.567	-0.083
68.500	28.996	-0.089
68.520	30.043	-0.100
68.540	30.661	-0.112
68.560	30.865	-0.111
68.580	30.623	-0.120
68.600	29.957	-0.117
68.620	28.888	-0.122
68.640	27.406	-0.114
68.660	25.564	-0.117
68.680	23.324	-0.105
68.700	20.778	-0.104
68.720	17.937	-0.100
68.740	14.848	-0.094
68.760	11.540	-0.075
68.780	8.081	-0.063
68.800	4.520	-0.053
68.820	0.894	-0.041
68.840	-2.763	-0.027
68.860	-6.378	-0.004
68.880	-9.907	0.003
68.900	-13.291	0.031
68.920	-16.481	0.034
68.940	-19.473	0.054
68.960	-22.153	0.062
68.980	-24.532	0.081
69.000	-26.579	0.091
69.020	-28.260	0.100
69.040	-29.549	0.112
69.060	-30.403	0.123
69.080	-30.801	0.122
69.100	-30.833	0.135
69.120	-30.414	0.132
69.140	-29.597	0.136
69.160	-28.314	0.131
69.180	-26.654	0.133
69.200	-24.618	0.122
69.220	-22.239	0.123
69.240	-19.559	0.116
69.260	-16.567	0.107
69.280	-13.404	0.090
69.300	-9.993	0.083
69.320	-6.480	0.070
69.340	-2.855	0.056
69.360	0.792	0.039
69.380	4.434	0.031
69.400	8.000	0.010
69.420	11.491	-0.000
69.440	14.800	-0.022
69.460	17.888	-0.035
69.480	20.746	-0.049
69.500	23.319	-0.057
69.520	25.521	-0.077
69.540	27.401	-0.083
69.560	28.872	-0.097
69.580	29.957	-0.106
69.600	30.618	-0.115
69.620	30.865	-0.120
69.640	30.672	-0.121
69.660	30.032	-0.125
69.680	29.007	-0.123
69.700	27.573	-0.124
69.720	25.757	-0.121
69.740	23.571	-0.116
69.760	21.041	-0.108
69.780	18.232	-0.104
69.800	15.165	-0.096
69.820	11.873	-0.087
69.840	8.441	-0.071
69.860	4.874	-0.060
69.880	1.260	-0.042
69.900	-2.398	-0.030
69.920	-6.008	-0.015
69.940	-9.558	-0.001
69.960	-12.952	0.015
69.980	-16.175	0.031
70.000	-19.161	0.044
70.020	-21.890	0.052
70.040	-24.312	0.070
70.060	-26.380	0.082
70.080	-28.115	0.092
70.100	-29.404	0.100
70.120	-30.317	0.112
70.140	-30.768	0.113
70.160	-30.833	0.124
70.180	-30.441	0.124
70.200	-29.662	0.127
70.220	-28.448	0.124
70.240	-26.826	0.126
70.260	-24.817	0.116
70.280	-22.502	0.112
70.300	-19.811	0.101
70.320	-16.873	0.098
70.340	-13.726	0.082
70.360	-10.342	0.074
70.380	-6.824	0.065
70.400	-3.215	0.049
70.420	0.438	0.031
70.440	4.095	0.017
70.460	7.667	0.001
70.480	11.158	-0.009
70.500	14.472	-0.025
70.520	17.598	-0.041
70.540	20.461	-0.055
70.560	23.088	-0.067
70.580	25.322	-0.081
70.600	27.218	-0.095
70.620	28.738	-0.101
70.640	29.877	-0.114
70.660	30.570	-0.121
70.680	30.854	-0.122
70.700	30.709	-0.134
70.720	30.135	-0.125
70.740	29.135	-0.138
70.760	27.723	-0.131
70.780	25.961	-0.133
70.800	23.818	-0.126
70.820	21.299	-0.123
70.840	18.528	-0.112
70.860	15.488	-0.105
70.880	12.206	-0.097
70.900	8.779	-0.082
70.920	5.245	-0.070
70.940	1.619	-0.053
70.960	-2.038	-0.037
70.980	-5.658	-0.025
71.000	-9.209	-0.013
71.020	-12.619	0.008
71.040	-15.842	0.020
71.060	-18.887	0.036
71.080	-21.637	0.048
71.100	-24.076	0.061
71.120	-26.181	0.074
71.140	-27.943	0.087
71.160	-29.297	0.095
71.180	-30.253	0.109
71.200	-30.731	0.111
71.220	-30.833	0.116
71.240	-30.516	0.122
71.260	-29.780	0.120
71.280	-28.598	0.122
71.300	-26.992	0.118
71.320	-25.043	0.116
71.340	-22.744	0.111
71.360	-20.107	0.106
71.380	-17.196	0.096
71.400	-14.053	0.083
71.420	-10.707	0.073
71.440	-7.184	0.062
71.460	-3.585	0.051
71.480	0.067	0.035
71.500	3.719	0.017
71.520	7.302	0.006
71.540	10.788	-0.006
71.560	14.156	-0.024
71.580	17.287	-0.038
71.600	20.193	-0.052
71.620	22.835	-0.062
71.640	25.107	-0.077
71.660	27.062	-0.087
71.680	28.615	-0.100
71.700	29.785	-0.104
71.720	30.516	-0.120
71.740	30.838	-0.124
71.760	30.731	-0.131
71.780	30.199	-0.130
71.800	29.248	-0.130
71.820	27.895	-0.133
71.840	26.144	-0.123
71.860	24.038	-0.124
71.880	21.562	-0.116
71.900	18.818	-0.114
71.920	15.799	-0.100
71.940	12.528	-0.087
71.960	9.128	-0.076
71.980	5.578	-0.070
72.000	1.963	-0.048
72.020	-1.684	-0.035
72.040	-5.309	-0.019
72.060	-8.881	-0.004
72.080	-12.324	0.005
72.100	-15.573	0.028
72.120	-18.608	0.041
72.140	-21.417	0.056
72.160	-23.883	0.067
72.180	-26.031	0.083
72.200	-27.830	0.091
72.220	-29.221	0.102
72.240	-30.215	0.112
72.260	-30.741	0.119
72.280	-30.881	0.120
72.300	-30.607	0.129
72.320	-29.914	0.125
72.340	-28.781	0.127
72.360	-27.234	0.122
72.380	-25.284	0.120
72.400	-23.034	0.116
72.420	-20.413	0.110
72.440	-17.529	0.099
72.460	-14.392	0.092
72.480	-11.073	0.082
72.500	-7.587	0.067
72.520	-3.972	0.055
72.540	-0.309	0.043
72.560	3.333	0.029
72.580	6.931	0.011
72.600	10.439	0.002
72.620	13.817	-0.013
72.640	16.970	-0.025
72.660	19.897	-0.042
72.680	22.583	-0.056
72.700	24.887	-0.067
72.720	26.874	-0.082
72.740	28.464	-0.086
72.760	29.673	-0.100
72.780	30.468	-0.108
72.800	30.833	-0.112
72.820	30.774	-0.118
72.840	30.269	-0.118
72.860	29.361	-0.119
72.880	28.034	-0.121
72.900	26.337	-0.116
72.920	24.275	-0.113
72.940	21.831	-0.108
72.960	19.092	-0.104
72.980	16.100	-0.094
73.000	12.872	-0.083
73.020	9.483	-0.069
73.040	5.938	-0.057
73.060	2.328	-0.042
73.080	-1.308	-0.029
73.100	-4.971	-0.013
73.120	-8.543	-0.000
73.140	-11.980	0.016
73.160	-15.246	0.031
73.180	-18.334	0.047
73.200	-21.143	0.062
73.220	-23.668	0.074
73.240	-25.838	0.091
73.260	-27.653	0.096
73.280	-29.103	0.108
73.300	-30.118	0.117
73.320	-30.698	0.124
73.340	-30.876	0.135
73.360	-30.650	0.138
73.380	-29.984	0.137
73.400	-28.883	0.137
73.420	-27.374	0.138
73.440	-25.478	0.131
73.460	-23.254	0.124
73.480	-20.665	0.120
73.500	-17.808	0.111
73.520	-14.703	0.102
73.540	-11.406	0.084
73.560	-7.904	0.078
73.580	-4.326	0.066
73.600	-0.663	0.049
73.620	2.984	0.033
73.640	6.598	0.023
73.660	10.116	0.005
73.680	13.495	-0.009
73.700	16.685	-0.026
73.720	19.623	-0.038
73.740	22.341	-0.050
73.760	24.672	-0.067
73.780	26.697	-0.079
73.800	28.324	-0.089
73.820	29.592	-0.096
73.840	30.403	-0.108
73.860	30.817	-0.112
73.880	30.801	-0.121
73.900	30.360	-0.120
73.920	29.458	-0.120
73.940	28.196	-0.120
73.960	26.520	-0.115
73.980	24.490	-0.116
74.000	22.094	-0.106
74.020	19.382	-0.104
74.040	16.417	-0.095
74.060	13.199	-0.085
74.080	9.821	-0.071
74.100	6.319	-0.061
74.120	2.715	-0.045
74.140	-0.932	-0.036
74.160	-4.584	-0.018
74.180	-8.167	0.001
74.200	-11.631	0.009
74.220	-14.907	0.032
74.240	-18.007	0.041
74.260	-20.853	0.055
74.280	-23.372	0.067
74.300	-25.601	0.083
74.320	-27.454	0.091
74.340	-28.953	0.101
74.360	-30.006	0.114
74.380	-30.645	0.120
74.400	-30.870	0.124
74.420	-30.666	0.132
74.440	-30.032	0.128
74.460	-28.996	0.133
74.480	-27.524	0.126
74.500	-25.660	0.126
74.520	-23.474	0.119
74.540	-20.934	0.112
74.560	-18.087	0.107
74.580	-15.004	0.098
74.600	-11.712	0.079
74.620	-8.247	0.074
74.640	-4.654	0.057
74.660	-1.018	0.049
74.680	2.629	0.028
74.700	6.244	0.020
74.720	9.751	-0.003
74.740	13.178	-0.017
74.760	16.374	-0.030
74.780	19.344	-0.042
74.800	22.078	-0.056
74.820	24.457	-0.071
74.840	26.514	-0.086
74.860	28.179	-0.093
74.880	29.479	-0.106
74.900	30.333	-0.114
74.920	30.790	-0.121
74.940	30.806	-0.121
74.960	30.419	-0.125
74.980	29.581	-0.127
75.000	28.341	-0.132
75.020	26.692	-0.126
75.040	24.720	-0.126
75.060	22.346	-0.121
75.080	19.666	-0.112
75.100	16.723	-0.102
75.120	13.527	-0.092
75.140	10.170	-0.084
75.160	6.668	-0.073
75.180	3.064	-0.058
75.200	-0.567	-0.043
75.220	-4.214	-0.029
75.240	-7.812	-0.012
75.260	-11.287	-0.000
75.280	-14.580	0.016
75.300	-17.706	0.033
75.320	-20.563	0.049
75.340	-23.152	0.058
75.360	-25.392	0.071
75.380	-27.288	0.082
75.400	-28.824	0.094
75.420	-29.898	0.101
75.440	-30.596	0.112
75.460	-30.844	0.115
75.480	-30.693	0.120
75.500	-30.118	0.116
75.520	-29.093	0.122
75.540	-27.707	0.116
75.560	-25.865	0.120
75.580	-23.705	0.110
75.600	-21.192	0.111
75.620	-18.366	0.092
75.640	-15.316	0.090
75.660	-12.061	0.074
75.680	-8.586	0.070
75.700	-5.009	0.048
