0.000	8.204	0.005
0.020	11.674	-0.008
0.040	14.977	-0.028
0.060	18.071	-0.037
0.080	20.907	-0.059
0.100	23.474	-0.074
0.120	25.655	-0.091
0.140	27.508	-0.099
0.160	28.958	-0.116
0.180	30.006	-0.120
0.200	30.639	-0.133
0.220	30.854	-0.134
0.240	30.634	-0.146
0.260	29.957	-0.144
0.280	28.905	-0.149
0.300	27.406	-0.145
0.320	25.574	-0.144
0.340	23.345	-0.138
0.360	20.783	-0.132
0.380	17.948	-0.125
0.400	14.854	-0.114
0.420	11.540	-0.106
0.440	8.097	-0.089
0.460	4.509	-0.080
0.480	0.873	-0.060
0.500	-2.785	-0.049
0.520	-6.394	-0.024
0.540	-9.934	-0.013
0.560	-13.328	0.006
0.580	-16.524	0.021
0.600	-19.494	0.038
0.620	-22.185	0.053
0.640	-24.581	0.069
0.660	-26.638	0.083
0.680	-28.308	0.093
0.700	-29.571	0.108
0.720	-30.430	0.120
0.740	-30.817	0.121
0.760	-30.833	0.131
0.780	-30.425	0.133
0.800	-29.571	0.138
0.820	-28.298	0.137
0.840	-26.611	0.134
0.860	-24.570	0.130
0.880	-22.185	0.127
0.900	-19.462	0.116
0.920	-16.481	0.111
0.940	-13.296	0.095
0.960	-9.885	0.088
0.980	-6.351	0.072
1.000	-2.710	0.060
1.020	0.948	0.042
1.040	4.595	0.032
1.060	8.172	0.009
1.080	11.658	-0.000
1.100	14.950	-0.022
1.120	18.033	-0.028
1.140	20.880	-0.053
1.160	23.442	-0.066
1.180	25.639	-0.083
1.200	27.492	-0.096
1.220	28.942	-0.105
1.240	30.006	-0.119
1.260	30.634	-0.123
1.280	30.860	-0.132
1.300	30.629	-0.139
1.320	29.957	-0.141
1.340	28.905	-0.143
1.360	27.411	-0.141
1.380	25.596	-0.134
1.400	23.362	-0.138
1.420	20.805	-0.121
1.440	17.953	-0.121
1.460	14.865	-0.107
1.480	11.556	-0.100
1.500	8.097	-0.082
1.520	4.514	-0.070
1.540	0.884	-0.054
1.560	-2.780	-0.037
1.580	-6.394	-0.018
1.600	-9.945	-0.004
1.620	-13.328	0.013
1.640	-16.524	0.029
1.660	-19.505	0.048
1.680	-22.201	0.062
1.700	-24.586	0.078
1.720	-26.643	0.089
1.740	-28.324	0.102
1.760	-29.603	0.113
1.780	-30.441	0.129
1.800	-30.811	0.132
1.820	-30.838	0.143
1.840	-30.451	0.144
1.860	-29.581	0.147
1.880	-28.314	0.145
1.900	-26.633	0.146
1.920	-24.608	0.139
1.940	-22.212	0.134
1.960	-19.494	0.125
1.980	-16.508	0.121
2.000	-13.312	0.106
2.020	-9.891	0.098
2.040	-6.357	0.079
2.060	-2.737	0.070
2.080	0.927	0.047
2.100	4.573	0.038
2.120	8.151	0.018
2.140	11.620	0.006
2.160	14.934	-0.013
2.180	18.023	-0.026
2.200	20.875	-0.046
2.220	23.437	-0.059
2.240	25.628	-0.074
2.260	27.470	-0.086
2.280	28.937	-0.100
2.300	30.000	-0.108
2.320	30.639	-0.122
2.340	30.844	-0.124
2.360	30.639	-0.129
2.380	29.968	-0.128
2.400	28.910	-0.133
2.420	27.449	-0.131
2.440	25.607	-0.132
2.460	23.383	-0.127
2.480	20.821	-0.119
2.500	17.980	-0.112
2.520	14.891	-0.105
2.540	11.577	-0.093
2.560	8.140	-0.077
2.580	4.547	-0.066
2.600	0.916	-0.050
2.620	-2.731	-0.039
2.640	-6.351	-0.016
2.660	-9.885	-0.004
2.680	-13.285	0.016
2.700	-16.497	0.032
2.720	-19.457	0.048
2.740	-22.164	0.061
2.760	-24.559	0.075
2.780	-26.606	0.092
2.800	-28.281	0.106
2.820	-29.538	0.114
2.840	-30.408	0.125
2.860	-30.806	0.131
2.880	-30.827	0.138
2.900	-30.408	0.139
2.920	-29.560	0.143
2.940	-28.308	0.139
2.960	-26.627	0.144
2.980	-24.581	0.134
3.000	-22.207	0.134
3.020	-19.489	0.119
3.040	-16.503	0.123
3.060	-13.323	0.102
3.080	-9.891	0.096
3.100	-6.367	0.078
3.120	-2.747	0.067
3.140	0.927	0.046
3.160	4.563	0.034
3.180	8.135	0.014
3.200	11.604	0.001
3.220	14.907	-0.018
3.240	18.007	-0.030
3.260	20.848	-0.051
3.280	23.421	-0.062
3.300	25.617	-0.080
3.320	27.460	-0.092
3.340	28.931	-0.103
3.360	30.000	-0.115
3.380	30.629	-0.123
3.400	30.844	-0.134
3.420	30.639	-0.132
3.440	29.984	-0.140
3.460	28.915	-0.139
3.480	27.465	-0.145
3.500	25.617	-0.133
3.520	23.399	-0.133
3.540	20.837	-0.123
3.560	18.017	-0.121
3.580	14.918	-0.113
3.600	11.615	-0.103
3.620	8.167	-0.087
3.640	4.590	-0.074
3.660	0.953	-0.059
3.680	-2.699	-0.045
3.700	-6.314	-0.028
3.720	-9.864	-0.008
3.740	-13.253	0.005
3.760	-16.449	0.022
3.780	-19.435	0.042
3.800	-22.126	0.051
3.820	-24.522	0.070
3.840	-26.552	0.083
3.860	-28.255	0.095
3.880	-29.528	0.103
3.900	-30.382	0.118
3.920	-30.784	0.119
3.940	-30.817	0.132
3.960	-30.398	0.132
3.980	-29.571	0.137
4.000	-28.292	0.133
4.020	-26.616	0.138
4.040	-24.581	0.125
4.060	-22.207	0.127
4.080	-19.500	0.110
4.100	-16.508	0.110
4.120	-13.334	0.092
4.140	-9.923	0.089
4.160	-6.400	0.067
4.180	-2.763	0.058
4.200	0.894	0.039
4.220	4.541	0.025
4.240	8.113	0.005
4.260	11.583	-0.007
4.280	14.902	-0.026
4.300	17.996	-0.041
4.320	20.837	-0.060
4.340	23.405	-0.071
4.360	25.601	-0.089
4.380	27.449	-0.099
4.400	28.915	-0.113
4.420	29.995	-0.121
4.440	30.629	-0.132
4.460	30.849	-0.133
4.480	30.639	-0.148
4.500	29.995	-0.145
4.520	28.937	-0.150
4.540	27.460	-0.147
4.560	25.634	-0.148
4.580	23.410	-0.141
4.600	20.864	-0.132
4.620	18.028	-0.127
4.640	14.950	-0.116
4.660	11.642	-0.107
4.680	8.177	-0.095
4.700	4.606	-0.080
4.720	0.975	-0.063
4.740	-2.672	-0.049
4.760	-6.292	-0.029
4.780	-9.843	-0.016
4.800	-13.232	-0.000
4.820	-16.433	0.020
4.840	-19.414	0.034
4.860	-22.110	0.051
4.880	-24.511	0.066
4.900	-26.568	0.083
4.920	-28.255	0.093
4.940	-29.528	0.104
4.960	-30.392	0.117
4.980	-30.779	0.121
5.000	-30.827	0.133
5.020	-30.403	0.134
5.040	-29.576	0.137
5.060	-28.314	0.135
5.080	-26.654	0.136
5.100	-24.608	0.126
5.120	-22.228	0.127
5.140	-19.537	0.113
5.160	-16.551	0.112
5.180	-13.361	0.094
5.200	-9.945	0.089
5.220	-6.432	0.071
5.240	-2.796	0.061
5.260	0.873	0.041
5.280	4.504	0.025
5.300	8.086	0.009
5.320	11.551	-0.004
5.340	14.875	-0.021
5.360	17.964	-0.033
5.380	20.810	-0.058
5.400	23.383	-0.070
5.420	25.585	-0.080
5.440	27.444	-0.095
5.460	28.905	-0.103
5.480	29.979	-0.121
5.500	30.618	-0.122
5.520	30.854	-0.136
5.540	30.639	-0.136
5.560	30.006	-0.144
5.580	28.937	-0.143
5.600	27.465	-0.143
5.620	25.644	-0.137
5.640	23.421	-0.136
5.660	20.880	-0.129
5.680	18.050	-0.119
5.700	14.956	-0.111
5.720	11.647	-0.099
5.740	8.199	-0.087
5.760	4.627	-0.073
5.780	0.980	-0.058
5.800	-2.677	-0.040
5.820	-6.298	-0.021
5.840	-9.837	-0.008
5.860	-13.237	0.005
5.880	-16.433	0.024
5.900	-19.446	0.043
5.920	-22.132	0.054
5.940	-24.543	0.077
5.960	-26.600	0.082
5.980	-28.281	0.103
6.000	-29.554	0.109
6.020	-30.425	0.124
6.040	-30.811	0.126
6.060	-30.833	0.140
6.080	-30.462	0.139
6.100	-29.630	0.146
6.120	-28.351	0.137
6.140	-26.702	0.148
6.160	-24.656	0.132
6.180	-22.282	0.137
6.200	-19.570	0.122
6.220	-16.599	0.118
6.240	-13.409	0.105
6.260	-9.998	0.096
6.280	-6.459	0.077
6.300	-2.844	0.070
6.320	0.824	0.050
6.340	4.471	0.036
6.360	8.054	0.016
6.380	11.529	0.005
6.400	14.832	-0.012
6.420	17.931	-0.024
6.440	20.805	-0.045
6.460	23.367	-0.059
6.480	25.569	-0.074
6.500	27.444	-0.085
6.520	28.905	-0.100
6.540	29.973	-0.109
6.560	30.618	-0.124
6.580	30.844	-0.121
6.600	30.639	-0.131
6.620	30.011	-0.124
6.640	28.948	-0.136
6.660	27.465	-0.135
6.680	25.660	-0.134
6.700	23.448	-0.127
6.720	20.896	-0.118
6.740	18.060	-0.109
6.760	14.972	-0.104
6.780	11.674	-0.093
6.800	8.220	-0.075
6.820	4.649	-0.065
6.840	1.023	-0.050
6.860	-2.656	-0.037
6.880	-6.271	-0.018
6.900	-9.821	-0.003
6.920	-13.210	0.017
6.940	-16.406	0.029
6.960	-19.403	0.050
6.980	-22.115	0.062
7.000	-24.495	0.080
7.020	-26.563	0.092
7.040	-28.244	0.105
7.060	-29.549	0.117
7.080	-30.408	0.130
7.100	-30.806	0.135
7.120	-30.844	0.146
7.140	-30.425	0.145
7.160	-29.619	0.149
7.180	-28.341	0.147
7.200	-26.676	0.147
7.220	-24.661	0.141
7.240	-22.277	0.134
7.260	-19.586	0.129
7.280	-16.599	0.123
7.300	-13.414	0.108
7.320	-10.009	0.097
7.340	-6.475	0.083
7.360	-2.844	0.069
7.380	0.819	0.048
7.400	4.466	0.034
7.420	8.032	0.019
7.440	11.518	0.004
7.460	14.827	-0.013
7.480	17.926	-0.031
7.500	20.778	-0.045
7.520	23.356	-0.056
7.540	25.558	-0.078
7.560	27.427	-0.091
7.580	28.899	-0.099
7.600	29.968	-0.113
7.620	30.623	-0.120
7.640	30.844	-0.124
7.660	30.645	-0.133
7.680	30.011	-0.134
7.700	28.953	-0.136
7.720	27.487	-0.136
7.740	25.677	-0.132
7.760	23.469	-0.131
7.780	20.918	-0.124
7.800	18.082	-0.116
7.820	15.010	-0.104
7.840	11.701	-0.098
7.860	8.242	-0.083
7.880	4.686	-0.072
7.900	1.045	-0.055
7.920	-2.602	-0.045
7.940	-6.222	-0.024
7.960	-9.762	-0.008
7.980	-13.173	0.013
8.000	-16.363	0.025
8.020	-19.360	0.043
8.040	-22.073	0.050
8.060	-24.473	0.076
8.080	-26.525	0.083
8.100	-28.222	0.100
8.120	-29.495	0.108
8.140	-30.382	0.123
8.160	-30.784	0.124
8.180	-30.822	0.138
8.200	-30.430	0.137
8.220	-29.597	0.142
8.240	-28.341	0.137
8.260	-26.681	0.142
8.280	-24.640	0.128
8.300	-22.271	0.130
8.320	-19.564	0.117
8.340	-16.621	0.115
8.360	-13.420	0.096
8.380	-10.009	0.088
8.400	-6.502	0.074
8.420	-2.860	0.058
8.440	0.792	0.042
8.460	4.450	0.030
8.480	8.022	0.005
8.500	11.491	-0.004
8.520	14.816	-0.026
8.540	17.910	-0.036
8.560	20.757	-0.057
8.580	23.340	-0.070
8.600	25.558	-0.087
8.620	27.395	-0.096
8.640	28.878	-0.113
8.660	29.957	-0.119
8.680	30.618	-0.133
8.700	30.844	-0.131
8.720	30.645	-0.146
8.740	30.011	-0.141
8.760	28.969	-0.153
8.780	27.519	-0.143
8.800	25.687	-0.147
8.820	23.474	-0.137
8.840	20.950	-0.134
8.860	18.114	-0.128
8.880	15.031	-0.117
8.900	11.722	-0.105
8.920	8.296	-0.094
8.940	4.708	-0.079
8.960	1.082	-0.062
8.980	-2.586	-0.049
9.000	-6.201	-0.033
9.020	-9.746	-0.020
9.040	-13.146	0.002
9.060	-16.336	0.015
9.080	-19.349	0.036
9.100	-22.067	0.050
9.120	-24.441	0.062
9.140	-26.514	0.076
9.160	-28.201	0.088
9.180	-29.490	0.104
9.200	-30.376	0.112
9.220	-30.784	0.117
9.240	-30.822	0.127
9.260	-30.425	0.129
9.280	-29.614	0.135
9.300	-28.335	0.133
9.320	-26.697	0.129
9.340	-24.661	0.126
9.360	-22.298	0.124
9.380	-19.591	0.114
9.400	-16.642	0.107
9.420	-13.436	0.098
9.440	-10.052	0.088
9.460	-6.507	0.071
9.480	-2.892	0.056
9.500	0.765	0.042
9.520	4.418	0.026
9.540	7.984	0.006
9.560	11.475	-0.005
9.580	14.779	-0.024
9.600	17.883	-0.038
9.620	20.751	-0.058
9.640	23.319	-0.067
9.660	25.531	-0.085
9.680	27.390	-0.097
9.700	28.872	-0.115
9.720	29.947	-0.120
9.740	30.618	-0.130
9.760	30.849	-0.136
9.780	30.650	-0.142
9.800	30.011	-0.144
9.820	28.969	-0.145
9.840	27.524	-0.146
9.860	25.703	-0.141
9.880	23.490	-0.139
9.900	20.961	-0.131
9.920	18.135	-0.127
9.940	15.042	-0.112
9.960	11.744	-0.107
9.980	8.301	-0.088
10.000	4.719	-0.083
10.020	1.082	-0.058
10.040	-2.575	-0.049
10.060	-6.206	-0.024
10.080	-9.740	-0.015
10.100	-13.124	0.005
10.120	-16.347	0.017
10.140	-19.339	0.040
10.160	-22.062	0.053
10.180	-24.468	0.071
10.200	-26.536	0.080
10.220	-28.233	0.095
10.240	-29.506	0.106
10.260	-30.403	0.119
10.280	-30.811	0.121
10.300	-30.844	0.129
10.320	-30.451	0.133
10.340	-29.640	0.138
10.360	-28.400	0.129
10.380	-26.745	0.138
10.400	-24.710	0.129
10.420	-22.346	0.130
10.440	-19.634	0.117
10.460	-16.685	0.116
10.480	-13.506	0.100
10.500	-10.100	0.092
10.520	-6.561	0.075
10.540	-2.941	0.062
10.560	0.717	0.044
10.580	4.364	0.033
10.600	7.941	0.010
10.620	11.422	-0.000
10.640	14.746	-0.016
10.660	17.862	-0.027
10.680	20.719	-0.048
10.700	23.302	-0.062
10.720	25.510	-0.079
10.740	27.390	-0.092
10.760	28.862	-0.103
10.780	29.947	-0.114
10.800	30.613	-0.121
10.820	30.844	-0.124
10.840	30.650	-0.134
10.860	30.011	-0.136
10.880	28.974	-0.139
10.900	27.524	-0.136
10.920	25.709	-0.137
10.940	23.512	-0.129
10.960	20.966	-0.124
10.980	18.135	-0.116
11.000	15.058	-0.104
11.020	11.749	-0.096
11.040	8.306	-0.082
11.060	4.745	-0.068
11.080	1.115	-0.054
11.100	-2.565	-0.037
11.120	-6.190	-0.018
11.140	-9.724	-0.005
11.160	-13.130	0.013
11.180	-16.336	0.028
11.200	-19.333	0.050
11.220	-22.062	0.060
11.240	-24.441	0.075
11.260	-26.525	0.091
11.280	-28.222	0.104
11.300	-29.517	0.118
11.320	-30.387	0.126
11.340	-30.811	0.132
11.360	-30.860	0.142
11.380	-30.457	0.145
11.400	-29.662	0.150
11.420	-28.427	0.146
11.440	-26.751	0.148
11.460	-24.726	0.144
11.480	-22.363	0.137
11.500	-19.656	0.129
11.520	-16.701	0.124
11.540	-13.516	0.109
11.560	-10.116	0.101
11.580	-6.572	0.085
11.600	-2.941	0.073
11.620	0.706	0.052
11.640	4.364	0.041
11.660	7.925	0.023
11.680	11.416	0.010
11.700	14.736	-0.013
11.720	17.835	-0.024
11.740	20.708	-0.044
11.760	23.286	-0.051
11.780	25.505	-0.072
11.800	27.379	-0.082
11.820	28.856	-0.098
11.840	29.941	-0.106
11.860	30.607	-0.120
11.880	30.844	-0.124
11.900	30.650	-0.124
11.920	30.016	-0.130
11.940	28.990	-0.131
11.960	27.535	-0.137
11.980	25.725	-0.128
12.000	23.528	-0.131
12.020	20.982	-0.121
12.040	18.162	-0.115
12.060	15.085	-0.104
12.080	11.798	-0.095
12.100	8.344	-0.078
12.120	4.783	-0.066
12.140	1.152	-0.052
12.160	-2.511	-0.038
12.180	-6.136	-0.020
12.200	-9.681	-0.004
12.220	-13.076	0.014
12.240	-16.288	0.029
12.260	-19.290	0.047
12.280	-22.013	0.063
12.300	-24.404	0.078
12.320	-26.471	0.093
12.340	-28.190	0.100
12.360	-29.469	0.116
12.380	-30.360	0.125
12.400	-30.790	0.129
12.420	-30.849	0.137
12.440	-30.430	0.141
12.460	-29.640	0.142
12.480	-28.389	0.141
12.500	-26.724	0.142
12.520	-24.720	0.135
12.540	-22.346	0.130
12.560	-19.661	0.122
12.580	-16.696	0.121
12.600	-13.506	0.103
12.620	-10.122	0.097
12.640	-6.593	0.079
12.660	-2.951	0.065
12.680	0.706	0.046
12.700	4.353	0.032
12.720	7.925	0.014
12.740	11.411	0.002
12.760	14.736	-0.016
12.780	17.824	-0.031
12.800	20.681	-0.049
12.820	23.270	-0.060
12.840	25.489	-0.078
12.860	27.363	-0.093
12.880	28.845	-0.107
12.900	29.947	-0.116
12.920	30.607	-0.124
12.940	30.838	-0.126
12.960	30.661	-0.139
12.980	30.022	-0.138
13.000	28.996	-0.147
13.020	27.535	-0.138
13.040	25.736	-0.140
13.060	23.544	-0.135
13.080	21.014	-0.131
13.100	18.195	-0.123
13.120	15.117	-0.113
13.140	11.814	-0.105
13.160	8.376	-0.090
13.180	4.804	-0.079
13.200	1.179	-0.058
13.220	-2.479	-0.049
13.240	-6.099	-0.028
13.260	-9.655	-0.017
13.280	-13.044	0.006
13.300	-16.261	0.018
13.320	-19.247	0.038
13.340	-21.987	0.050
13.360	-24.398	0.068
13.380	-26.466	0.083
13.400	-28.158	0.093
13.420	-29.452	0.104
13.440	-30.349	0.117
13.460	-30.779	0.124
13.480	-30.833	0.129
13.500	-30.446	0.132
13.520	-29.630	0.137
13.540	-28.384	0.133
13.560	-26.745	0.135
13.580	-24.726	0.129
13.600	-22.352	0.125
13.620	-19.672	0.114
13.640	-16.701	0.109
13.660	-13.532	0.093
13.680	-10.133	0.088
13.700	-6.609	0.067
13.720	-2.978	0.059
13.740	0.674	0.038
13.760	4.310	0.029
13.780	7.898	0.008
13.800	11.379	-0.004
13.820	14.698	-0.025
13.840	17.813	-0.040
13.860	20.665	-0.055
13.880	23.260	-0.071
13.900	25.472	-0.085
13.920	27.331	-0.100
13.940	28.840	-0.110
13.960	29.941	-0.124
13.980	30.607	-0.126
14.000	30.838	-0.140
14.020	30.661	-0.140
14.040	30.038	-0.146
14.060	29.007	-0.146
14.080	27.567	-0.150
14.100	25.757	-0.141
14.120	23.576	-0.141
14.140	21.025	-0.133
14.160	18.205	-0.124
14.180	15.138	-0.117
14.200	11.841	-0.104
14.220	8.398	-0.095
14.240	4.831	-0.078
14.260	1.206	-0.064
14.280	-2.452	-0.048
14.300	-6.077	-0.031
14.320	-9.628	-0.012
14.340	-13.022	0.001
14.360	-16.240	0.022
14.380	-19.237	0.035
14.400	-21.970	0.052
14.420	-24.387	0.067
14.440	-26.461	0.083
14.460	-28.179	0.097
14.480	-29.458	0.104
14.500	-30.365	0.122
14.520	-30.774	0.117
14.540	-30.849	0.133
14.560	-30.457	0.131
14.580	-29.651	0.141
14.600	-28.405	0.132
14.620	-26.756	0.139
14.640	-24.758	0.128
14.660	-22.411	0.133
14.680	-19.698	0.118
14.700	-16.744	0.116
14.720	-13.581	0.099
14.740	-10.197	0.092
14.760	-6.668	0.075
14.780	-3.016	0.062
14.800	0.642	0.047
14.820	4.283	0.032
14.840	7.861	0.011
14.860	11.346	-0.003
14.880	14.671	-0.017
14.900	17.776	-0.037
14.920	20.644	-0.049
14.940	23.227	-0.067
14.960	25.456	-0.078
14.980	27.331	-0.095
15.000	28.835	-0.104
15.020	29.936	-0.111
15.040	30.586	-0.127
15.060	30.849	-0.129
15.080	30.661	-0.145
15.100	30.059	-0.135
15.120	29.017	-0.148
15.140	27.578	-0.136
15.160	25.768	-0.142
15.180	23.576	-0.131
15.200	21.031	-0.129
15.220	18.216	-0.116
15.240	15.149	-0.109
15.260	11.851	-0.095
15.280	8.392	-0.085
15.300	4.831	-0.073
15.320	1.206	-0.058
15.340	-2.447	-0.041
15.360	-6.083	-0.019
15.380	-9.644	-0.008
15.400	-13.044	0.010
15.420	-16.256	0.021
15.440	-19.274	0.048
15.460	-21.992	0.058
15.480	-24.409	0.080
15.500	-26.488	0.088
15.520	-28.196	0.103
15.540	-29.506	0.114
15.560	-30.376	0.127
15.580	-30.806	0.131
15.600	-30.876	0.141
15.620	-30.505	0.145
15.640	-29.705	0.147
15.660	-28.448	0.146
15.680	-26.810	0.146
15.700	-24.796	0.141
15.720	-22.443	0.137
15.740	-19.752	0.127
15.760	-16.787	0.122
15.780	-13.602	0.110
15.800	-10.208	0.099
15.820	-6.700	0.083
15.840	-3.070	0.071
15.860	0.615	0.055
15.880	4.251	0.041
15.900	7.839	0.023
15.920	11.309	0.010
15.940	14.650	-0.012
15.960	17.754	-0.022
15.980	20.628	-0.041
16.000	23.222	-0.049
16.020	25.435	-0.074
16.040	27.331	-0.080
16.060	28.813	-0.096
16.080	29.914	-0.105
16.100	30.596	-0.120
16.120	30.844	-0.120
16.140	30.661	-0.124
16.160	30.054	-0.125
16.180	29.028	-0.128
16.200	27.583	-0.133
16.220	25.779	-0.129
16.240	23.587	-0.130
16.260	21.052	-0.116
16.280	18.238	-0.112
16.300	15.171	-0.103
16.320	11.867	-0.095
16.340	8.435	-0.078
16.360	4.874	-0.067
16.380	1.227	-0.050
16.400	-2.414	-0.040
16.420	-6.040	-0.016
16.440	-9.601	-0.003
16.460	-13.001	0.018
16.480	-16.218	0.030
16.500	-19.204	0.047
16.520	-21.954	0.063
16.540	-24.350	0.082
16.560	-26.455	0.091
16.580	-28.163	0.105
16.600	-29.469	0.118
16.620	-30.360	0.128
16.640	-30.795	0.129
16.660	-30.870	0.143
16.680	-30.478	0.146
16.700	-29.651	0.148
16.720	-28.443	0.146
16.740	-26.783	0.146
16.760	-24.790	0.137
16.780	-22.438	0.137
16.800	-19.741	0.126
16.820	-16.771	0.124
16.840	-13.608	0.108
16.860	-10.208	0.100
16.880	-6.684	0.082
16.900	-3.070	0.071
16.920	0.588	0.052
16.940	4.246	0.037
16.960	7.807	0.022
16.980	11.287	0.004
17.000	14.628	-0.014
17.020	17.754	-0.033
17.040	20.612	-0.043
17.060	23.211	-0.062
17.080	25.429	-0.074
17.100	27.325	-0.090
17.120	28.808	-0.098
17.140	29.920	-0.111
17.160	30.602	-0.120
17.180	30.849	-0.127
17.200	30.672	-0.133
17.220	30.065	-0.132
17.240	29.033	-0.142
17.260	27.589	-0.135
17.280	25.795	-0.136
17.300	23.603	-0.129
17.320	21.079	-0.128
17.340	18.270	-0.116
17.360	15.208	-0.110
17.380	11.916	-0.099
17.400	8.462	-0.085
17.420	4.901	-0.074
17.440	1.286	-0.057
17.460	-2.387	-0.046
17.480	-5.997	-0.024
17.500	-9.579	-0.008
17.520	-12.958	0.011
17.540	-16.164	0.022
17.560	-19.194	0.040
17.580	-21.911	0.054
17.600	-24.328	0.075
17.620	-26.418	0.083
17.640	-28.131	0.097
17.660	-29.447	0.107
17.680	-30.339	0.120
17.700	-30.774	0.123
17.720	-30.838	0.134
17.740	-30.451	0.133
17.760	-29.667	0.141
17.780	-28.427	0.138
17.800	-26.794	0.139
17.820	-24.774	0.129
17.840	-22.432	0.128
17.860	-19.758	0.119
17.880	-16.798	0.110
17.900	-13.629	0.098
17.920	-10.240	0.088
17.940	-6.711	0.076
17.960	-3.075	0.058
17.980	0.583	0.046
18.000	4.214	0.029
18.020	7.802	0.011
18.040	11.282	-0.001
18.060	14.612	-0.024
18.080	17.722	-0.038
18.100	20.595	-0.057
18.120	23.184	-0.066
18.140	25.419	-0.085
18.160	27.320	-0.095
18.180	28.808	-0.116
18.200	29.920	-0.119
18.220	30.591	-0.131
18.240	30.844	-0.133
18.260	30.672	-0.143
18.280	30.075	-0.146
18.300	29.044	-0.149
18.320	27.599	-0.149
18.340	25.811	-0.140
18.360	23.641	-0.145
18.380	21.095	-0.128
18.400	18.291	-0.130
18.420	15.214	-0.114
18.440	11.927	-0.110
18.460	8.489	-0.091
18.480	4.933	-0.082
18.500	1.292	-0.063
18.520	-2.361	-0.053
18.540	-5.981	-0.032
18.560	-9.542	-0.018
18.580	-12.947	0.001
18.600	-16.148	0.020
18.620	-19.161	0.034
18.640	-21.890	0.051
18.660	-24.323	0.065
18.680	-26.396	0.082
18.700	-28.110	0.092
18.720	-29.426	0.103
18.740	-30.328	0.113
18.760	-30.758	0.120
18.780	-30.844	0.129
18.800	-30.457	0.134
18.820	-29.667	0.137
18.840	-28.432	0.133
18.860	-26.799	0.135
18.880	-24.806	0.129
18.900	-22.438	0.128
18.920	-19.774	0.117
18.940	-16.820	0.111
18.960	-13.645	0.098
18.980	-10.256	0.092
19.000	-6.738	0.075
19.020	-3.107	0.063
19.040	0.540	0.042
19.060	4.198	0.031
19.080	7.775	0.013
19.100	11.266	-0.003
19.120	14.585	-0.022
19.140	17.695	-0.033
19.160	20.569	-0.053
19.180	23.174	-0.068
19.200	25.403	-0.079
19.220	27.299	-0.099
19.240	28.792	-0.104
19.260	29.904	-0.120
19.280	30.591	-0.125
19.300	30.849	-0.135
19.320	30.677	-0.141
19.340	30.075	-0.141
19.360	29.050	-0.145
19.380	27.615	-0.145
19.400	25.822	-0.145
19.420	23.652	-0.139
19.440	21.106	-0.129
19.460	18.297	-0.120
19.480	15.246	-0.107
19.500	11.943	-0.099
19.520	8.505	-0.087
19.540	4.933	-0.074
19.560	1.302	-0.061
19.580	-2.361	-0.043
19.600	-5.975	-0.023
19.620	-9.526	-0.010
19.640	-12.936	0.007
19.660	-16.154	0.017
19.680	-19.177	0.043
19.700	-21.917	0.054
19.720	-24.350	0.072
19.740	-26.418	0.083
19.760	-28.158	0.100
19.780	-29.458	0.108
19.800	-30.371	0.124
19.820	-30.806	0.122
19.840	-30.876	0.138
19.860	-30.505	0.133
19.880	-29.721	0.142
19.900	-28.491	0.137
19.920	-26.858	0.146
19.940	-24.844	0.135
19.960	-22.518	0.135
19.980	-19.817	0.124
20.000	-16.873	0.119
20.020	-13.699	0.105
20.040	-10.315	0.094
20.060	-6.792	0.081
20.080	-3.166	0.069
20.100	0.502	0.051
20.120	4.144	0.037
20.140	7.737	0.017
20.160	11.223	0.005
20.180	14.542	-0.009
20.200	17.674	-0.026
20.220	20.542	-0.043
20.240	23.147	-0.059
20.260	25.381	-0.072
20.280	27.282	-0.085
20.300	28.786	-0.101
20.320	29.898	-0.109
20.340	30.580	-0.121
20.360	30.849	-0.124
20.380	30.677	-0.132
20.400	30.075	-0.132
20.420	29.055	-0.133
20.440	27.642	-0.133
20.460	25.827	-0.130
20.480	23.657	-0.128
20.500	21.116	-0.120
20.520	18.318	-0.115
20.540	15.257	-0.104
20.560	11.959	-0.091
20.580	8.527	-0.080
20.600	4.949	-0.066
20.620	1.335	-0.050
20.640	-2.328	-0.037
20.660	-5.965	-0.018
20.680	-9.515	-0.002
20.700	-12.931	0.014
20.720	-16.132	0.031
20.740	-19.156	0.046
20.760	-21.890	0.065
20.780	-24.323	0.076
20.800	-26.407	0.093
20.820	-28.142	0.106
20.840	-29.447	0.117
20.860	-30.344	0.126
20.880	-30.779	0.132
20.900	-30.865	0.148
20.920	-30.494	0.145
20.940	-29.726	0.151
20.960	-28.496	0.148
20.980	-26.847	0.148
21.000	-24.855	0.141
21.020	-22.502	0.137
21.040	-19.838	0.128
21.060	-16.873	0.125
21.080	-13.710	0.112
21.100	-10.321	0.102
21.120	-6.797	0.086
21.140	-3.177	0.071
21.160	0.491	0.053
21.180	4.144	0.038
21.200	7.716	0.027
21.220	11.218	0.009
21.240	14.537	-0.008
21.260	17.657	-0.024
21.280	20.536	-0.041
21.300	23.141	-0.057
21.320	25.386	-0.071
21.340	27.266	-0.087
21.360	28.781	-0.095
21.380	29.893	-0.109
21.400	30.586	-0.118
21.420	30.849	-0.124
21.440	30.677	-0.129
21.460	30.075	-0.130
21.480	29.060	-0.136
21.500	27.642	-0.132
21.520	25.843	-0.131
21.540	23.668	-0.124
21.560	21.159	-0.126
21.580	18.334	-0.116
21.600	15.283	-0.106
21.620	11.996	-0.096
21.640	8.570	-0.084
21.660	4.998	-0.069
21.680	1.367	-0.054
21.700	-2.296	-0.041
21.720	-5.922	-0.022
21.740	-9.477	-0.005
21.760	-12.877	0.014
21.780	-16.105	0.025
21.800	-19.124	0.045
21.820	-21.863	0.058
21.840	-24.269	0.076
21.860	-26.369	0.085
21.880	-28.099	0.103
21.900	-29.409	0.111
21.920	-30.323	0.124
21.940	-30.774	0.123
21.960	-30.844	0.138
21.980	-30.489	0.138
22.000	-29.694	0.144
22.020	-28.464	0.140
22.040	-26.842	0.142
22.060	-24.839	0.136
22.080	-22.518	0.134
22.100	-19.827	0.123
22.120	-16.884	0.117
22.140	-13.715	0.103
22.160	-10.342	0.095
22.180	-6.808	0.083
22.200	-3.188	0.061
22.220	0.470	0.046
22.240	4.122	0.031
22.260	7.705	0.013
22.280	11.196	0.001
22.300	14.526	-0.016
22.320	17.647	-0.034
22.340	20.526	-0.051
22.360	23.136	-0.064
22.380	25.360	-0.083
22.400	27.266	-0.092
22.420	28.765	-0.108
22.440	29.882	-0.115
22.460	30.580	-0.130
22.480	30.849	-0.131
22.500	30.677	-0.144
22.520	30.075	-0.139
22.540	29.071	-0.146
22.560	27.648	-0.147
22.580	25.859	-0.141
22.600	23.689	-0.140
22.620	21.159	-0.129
22.640	18.366	-0.125
22.660	15.305	-0.117
22.680	12.018	-0.106
22.700	8.591	-0.092
22.720	5.025	-0.078
22.740	1.405	-0.062
22.760	-2.264	-0.048
22.780	-5.884	-0.033
22.800	-9.434	-0.016
22.820	-12.840	0.001
22.840	-16.057	0.017
22.860	-19.092	0.035
22.880	-21.831	0.050
22.900	-24.253	0.064
22.920	-26.348	0.080
22.940	-28.083	0.089
22.960	-29.399	0.102
22.980	-30.306	0.117
23.000	-30.758	0.118
23.020	-30.838	0.129
23.040	-30.468	0.132
23.060	-29.705	0.135
23.080	-28.480	0.137
23.100	-26.837	0.135
23.120	-24.860	0.128
23.140	-22.508	0.125
23.160	-19.838	0.117
23.180	-16.906	0.112
23.200	-13.726	0.096
23.220	-10.353	0.089
23.240	-6.829	0.075
23.260	-3.209	0.058
23.280	0.448	0.043
23.300	4.090	0.027
23.320	7.683	0.011
23.340	11.164	-0.008
23.360	14.505	-0.019
23.380	17.631	-0.037
23.400	20.499	-0.051
23.420	23.109	-0.069
23.440	25.354	-0.082
23.460	27.256	-0.095
23.480	28.765	-0.109
23.500	29.877	-0.119
23.520	30.580	-0.132
23.540	30.854	-0.134
23.560	30.688	-0.142
23.580	30.081	-0.139
23.600	29.082	-0.151
23.620	27.653	-0.145
23.640	25.881	-0.145
23.660	23.705	-0.137
23.680	21.186	-0.132
23.700	18.383	-0.122
23.720	15.332	-0.117
23.740	12.039	-0.103
23.760	8.613	-0.091
23.780	5.041	-0.081
23.800	1.415	-0.062
23.820	-2.248	-0.049
23.840	-5.863	-0.029
23.860	-9.424	-0.016
23.880	-12.829	0.005
23.900	-16.052	0.018
23.920	-19.075	0.038
23.940	-21.809	0.046
23.960	-24.242	0.071
23.980	-26.343	0.077
24.000	-28.094	0.098
24.020	-29.415	0.108
24.040	-30.323	0.118
24.060	-30.768	0.126
24.080	-30.849	0.135
24.100	-30.505	0.135
24.120	-29.732	0.142
24.140	-28.512	0.136
24.160	-26.901	0.141
24.180	-24.887	0.134
24.200	-22.567	0.134
24.220	-19.892	0.120
24.240	-16.948	0.112
24.260	-13.774	0.104
24.280	-10.396	0.090
24.300	-6.878	0.076
24.320	-3.247	0.067
24.340	0.411	0.047
24.360	4.052	0.034
24.380	7.640	0.013
24.400	11.132	0.004
24.420	14.478	-0.016
24.440	17.593	-0.026
24.460	20.477	-0.050
24.480	23.082	-0.061
24.500	25.338	-0.078
24.520	27.240	-0.091
24.540	28.743	-0.108
24.560	29.877	-0.108
24.580	30.575	-0.126
24.600	30.849	-0.125
24.620	30.682	-0.138
24.640	30.092	-0.136
24.660	29.087	-0.141
24.680	27.653	-0.136
24.700	25.891	-0.133
24.720	23.716	-0.133
24.740	21.208	-0.125
24.760	18.393	-0.120
24.780	15.343	-0.107
24.800	12.055	-0.100
24.820	8.618	-0.085
24.840	5.057	-0.069
24.860	1.415	-0.053
24.880	-2.237	-0.038
24.900	-5.868	-0.018
24.920	-9.424	-0.007
24.940	-12.818	0.007
24.960	-16.046	0.025
24.980	-19.092	0.046
25.000	-21.836	0.062
25.020	-24.248	0.079
25.040	-26.364	0.090
25.060	-28.088	0.104
25.080	-29.442	0.117
25.100	-30.360	0.125
25.120	-30.784	0.129
25.140	-30.860	0.139
25.160	-30.516	0.145
25.180	-29.753	0.148
25.200	-28.539	0.146
25.220	-26.923	0.148
25.240	-24.925	0.142
25.260	-22.583	0.140
25.280	-19.908	0.128
25.300	-16.959	0.125
25.320	-13.817	0.109
25.340	-10.423	0.099
25.360	-6.894	0.088
25.380	-3.274	0.075
25.400	0.373	0.054
25.420	4.031	0.038
25.440	7.614	0.026
25.460	11.110	0.009
25.480	14.451	-0.005
25.500	17.577	-0.028
25.520	20.461	-0.040
25.540	23.072	-0.055
25.560	25.327	-0.065
25.580	27.229	-0.088
25.600	28.738	-0.091
25.620	29.871	-0.109
25.640	30.564	-0.116
25.660	30.854	-0.124
25.680	30.682	-0.128
25.700	30.102	-0.129
25.720	29.098	-0.132
25.740	27.680	-0.129
25.760	25.902	-0.133
25.780	23.743	-0.125
25.800	21.219	-0.124
25.820	18.420	-0.112
25.840	15.369	-0.107
25.860	12.072	-0.088
25.880	8.656	-0.082
25.900	5.100	-0.067
25.920	1.453	-0.049
25.940	-2.194	-0.041
25.960	-5.820	-0.020
25.980	-9.381	-0.007
26.000	-12.781	0.015
26.020	-16.030	0.025
26.040	-19.032	0.050
26.060	-21.788	0.054
26.080	-24.226	0.082
26.100	-26.321	0.088
26.120	-28.051	0.104
26.140	-29.388	0.111
26.160	-30.317	0.129
26.180	-30.763	0.131
26.200	-30.870	0.141
26.220	-30.489	0.140
26.240	-29.705	0.148
26.260	-28.523	0.141
26.280	-26.906	0.149
26.300	-24.898	0.136
26.320	-22.577	0.137
26.340	-19.908	0.125
26.360	-16.981	0.123
26.380	-13.796	0.107
26.400	-10.439	0.094
26.420	-6.888	0.079
26.440	-3.290	0.067
26.460	0.373	0.050
26.480	4.020	0.035
26.500	7.608	0.017
26.520	11.094	0.005
26.540	14.435	-0.016
26.560	17.566	-0.028
26.580	20.450	-0.049
26.600	23.066	-0.058
26.620	25.306	-0.080
26.640	27.207	-0.085
26.660	28.733	-0.108
26.680	29.871	-0.111
26.700	30.564	-0.128
26.720	30.844	-0.124
26.740	30.693	-0.143
26.760	30.118	-0.132
26.780	29.103	-0.145
26.800	27.707	-0.140
26.820	25.918	-0.139
26.840	23.754	-0.135
26.860	21.235	-0.127
26.880	18.452	-0.124
26.900	15.391	-0.114
26.920	12.109	-0.102
26.940	8.682	-0.087
26.960	5.116	-0.078
26.980	1.501	-0.063
27.000	-2.151	-0.047
27.020	-5.793	-0.030
27.040	-9.354	-0.018
27.060	-12.759	-0.000
27.080	-15.982	0.020
27.100	-19.022	0.037
27.120	-21.766	0.052
27.140	-24.183	0.063
27.160	-26.294	0.081
27.180	-28.034	0.091
27.200	-29.372	0.106
27.220	-30.290	0.112
27.240	-30.763	0.123
27.260	-30.860	0.129
27.280	-30.484	0.134
27.300	-29.721	0.132
27.320	-28.523	0.137
27.340	-26.896	0.133
27.360	-24.925	0.129
27.380	-22.572	0.126
27.400	-19.924	0.117
27.420	-16.970	0.108
27.440	-13.823	0.096
27.460	-10.449	0.088
27.480	-6.937	0.071
27.500	-3.295	0.057
27.520	0.363	0.044
27.540	3.999	0.027
27.560	7.587	0.011
27.580	11.089	-0.006
27.600	14.429	-0.021
27.620	17.539	-0.040
27.640	20.424	-0.053
27.660	23.039	-0.074
27.680	25.290	-0.084
27.700	27.207	-0.102
27.720	28.722	-0.111
27.740	29.866	-0.123
27.760	30.564	-0.132
27.780	30.849	-0.139
27.800	30.688	-0.145
27.820	30.118	-0.149
27.840	29.119	-0.153
27.860	27.707	-0.149
27.880	25.918	-0.148
27.900	23.770	-0.141
27.920	21.267	-0.136
27.940	18.469	-0.127
27.960	15.418	-0.120
27.980	12.131	-0.107
28.000	8.704	-0.095
28.020	5.154	-0.085
28.040	1.507	-0.066
28.060	-2.130	-0.055
28.080	-5.760	-0.031
28.100	-9.327	-0.019
28.120	-12.738	-0.000
28.140	-15.966	0.011
28.160	-18.984	0.036
28.180	-21.745	0.045
28.200	-24.167	0.066
28.220	-26.267	0.073
28.240	-28.034	0.093
28.260	-29.361	0.099
28.280	-30.290	0.115
28.300	-30.752	0.117
28.320	-30.827	0.129
28.340	-30.500	0.131
28.360	-29.732	0.135
28.380	-28.534	0.136
28.400	-26.923	0.134
28.420	-24.941	0.126
28.440	-22.588	0.129
28.460	-19.951	0.116
28.480	-17.002	0.112
28.500	-13.849	0.099
28.520	-10.471	0.088
28.540	-6.953	0.073
28.560	-3.338	0.060
28.580	0.314	0.047
28.600	3.961	0.029
28.620	7.554	0.010
28.640	11.046	-0.001
28.660	14.397	-0.023
28.680	17.529	-0.029
28.700	20.413	-0.057
28.720	23.018	-0.066
28.740	25.274	-0.087
28.760	27.202	-0.091
28.780	28.706	-0.107
28.800	29.850	-0.110
28.820	30.559	-0.134
28.840	30.844	-0.127
28.860	30.698	-0.144
28.880	30.124	-0.137
28.900	29.125	-0.146
28.920	27.712	-0.142
28.940	25.934	-0.144
28.960	23.781	-0.141
28.980	21.283	-0.132
29.000	18.474	-0.126
29.020	15.428	-0.111
29.040	12.147	-0.103
29.060	8.725	-0.087
29.080	5.164	-0.078
29.100	1.533	-0.061
29.120	-2.140	-0.047
29.140	-5.755	-0.021
29.160	-9.332	-0.012
29.180	-12.759	0.005
29.200	-15.966	0.019
29.220	-19.016	0.034
29.240	-21.761	0.052
29.260	-24.221	0.069
29.280	-26.316	0.086
29.300	-28.077	0.094
29.320	-29.399	0.110
29.340	-30.333	0.116
29.360	-30.795	0.125
29.380	-30.865	0.131
29.400	-30.543	0.140
29.420	-29.791	0.141
29.440	-28.572	0.140
29.460	-26.971	0.138
29.480	-24.989	0.136
29.500	-22.669	0.133
29.520	-20.010	0.127
29.540	-17.061	0.117
29.560	-13.908	0.108
29.580	-10.525	0.096
29.600	-7.007	0.079
29.620	-3.392	0.068
29.640	0.277	0.051
29.660	3.924	0.038
29.680	7.517	0.017
29.700	11.024	0.005
29.720	14.370	-0.013
29.740	17.486	-0.026
29.760	20.381	-0.041
29.780	23.007	-0.055
29.800	25.263	-0.074
29.820	27.180	-0.088
29.840	28.695	-0.093
29.860	29.850	-0.111
29.880	30.548	-0.117
29.900	30.838	-0.126
29.920	30.698	-0.128
29.940	30.124	-0.132
29.960	29.130	-0.129
29.980	27.712	-0.138
30.000	25.956	-0.130
30.020	23.797	-0.132
30.040	21.283	-0.120
30.060	18.495	-0.116
30.080	15.455	-0.105
30.100	12.168	-0.096
30.120	8.731	-0.079
30.140	5.180	-0.069
30.160	1.560	-0.053
30.180	-2.097	-0.039
30.200	-5.734	-0.020
30.220	-9.300	-0.006
30.240	-12.711	0.013
30.260	-15.939	0.026
30.280	-18.984	0.045
30.300	-21.734	0.059
30.320	-24.167	0.079
30.340	-26.283	0.086
30.360	-28.029	0.104
30.380	-29.372	0.116
30.400	-30.323	0.129
30.420	-30.768	0.130
30.440	-30.870	0.142
30.460	-30.543	0.145
30.480	-29.775	0.147
30.500	-28.577	0.146
30.520	-26.960	0.145
30.540	-24.989	0.137
30.560	-22.653	0.140
30.580	-19.989	0.126
30.600	-17.061	0.125
30.620	-13.914	0.111
30.640	-10.535	0.099
30.660	-7.023	0.085
30.680	-3.392	0.071
30.700	0.255	0.054
30.720	3.918	0.038
30.740	7.511	0.024
30.760	11.013	0.007
30.780	14.338	-0.012
30.800	17.480	-0.029
30.820	20.375	-0.044
30.840	23.002	-0.055
30.860	25.252	-0.074
30.880	27.170	-0.085
30.900	28.706	-0.101
30.920	29.844	-0.107
30.940	30.548	-0.120
30.960	30.838	-0.123
30.980	30.704	-0.136
31.000	30.129	-0.132
31.020	29.146	-0.143
31.040	27.750	-0.132
31.060	25.967	-0.136
31.080	23.818	-0.128
31.100	21.304	-0.124
31.120	18.528	-0.123
31.140	15.482	-0.107
31.160	12.206	-0.099
31.180	8.774	-0.082
31.200	5.213	-0.075
31.220	1.598	-0.054
31.240	-2.060	-0.045
31.260	-5.685	-0.025
31.280	-9.262	-0.011
31.300	-12.678	0.008
31.320	-15.896	0.022
31.340	-18.941	0.041
31.360	-21.686	0.052
31.380	-24.130	0.067
31.400	-26.262	0.085
31.420	-28.002	0.095
31.440	-29.350	0.109
31.460	-30.253	0.117
31.480	-30.758	0.125
31.500	-30.876	0.132
31.520	-30.505	0.139
31.540	-29.742	0.140
31.560	-28.561	0.141
31.580	-26.944	0.136
31.600	-24.968	0.136
31.620	-22.647	0.129
31.640	-19.994	0.121
31.660	-17.061	0.109
31.680	-13.919	0.103
31.700	-10.546	0.091
31.720	-7.033	0.075
31.740	-3.419	0.062
31.760	0.260	0.045
31.780	3.902	0.030
31.800	7.485	0.010
31.820	10.976	0.000
31.840	14.333	-0.020
31.860	17.459	-0.035
31.880	20.354	-0.050
31.900	22.975	-0.064
31.920	25.241	-0.085
31.940	27.154	-0.095
31.960	28.679	-0.108
31.980	29.818	-0.117
32.000	30.543	-0.128
32.020	30.838	-0.136
32.040	30.704	-0.139
32.060	30.135	-0.147
32.080	29.141	-0.143
32.100	27.755	-0.149
32.120	25.977	-0.139
32.140	23.834	-0.145
32.160	21.347	-0.126
32.180	18.549	-0.133
32.200	15.498	-0.114
32.220	12.217	-0.111
32.240	8.806	-0.093
32.260	5.240	-0.084
32.280	1.619	-0.064
32.300	-2.028	-0.054
32.320	-5.664	-0.033
32.340	-9.230	-0.018
32.360	-12.646	-0.004
32.380	-15.874	0.015
32.400	-18.914	0.029
32.420	-21.675	0.049
32.440	-24.108	0.058
32.460	-26.246	0.077
32.480	-27.986	0.088
32.500	-29.323	0.100
32.520	-30.269	0.112
32.540	-30.731	0.114
32.560	-30.854	0.127
32.580	-30.516	0.126
32.600	-29.748	0.134
32.620	-28.561	0.132
32.640	-26.949	0.132
32.660	-24.989	0.125
32.680	-22.658	0.129
32.700	-20.015	0.112
32.720	-17.083	0.109
32.740	-13.925	0.093
32.760	-10.568	0.090
32.780	-7.060	0.069
32.800	-3.435	0.058
32.820	0.218	0.038
32.840	3.875	0.026
32.860	7.469	0.006
32.880	10.960	-0.004
32.900	14.306	-0.025
32.920	17.443	-0.037
32.940	20.327	-0.057
32.960	22.964	-0.070
32.980	25.220	-0.086
33.000	27.143	-0.096
33.020	28.679	-0.110
33.040	29.812	-0.118
33.060	30.543	-0.129
33.080	30.844	-0.133
33.100	30.704	-0.145
33.120	30.135	-0.146
33.140	29.157	-0.150
33.160	27.760	-0.144
33.180	25.999	-0.144
33.200	23.850	-0.140
33.220	21.358	-0.134
33.240	18.560	-0.127
33.260	15.525	-0.118
33.280	12.243	-0.109
33.300	8.817	-0.095
33.320	5.256	-0.080
33.340	1.635	-0.066
33.360	-2.022	-0.049
33.380	-5.642	-0.033
33.400	-9.225	-0.012
33.420	-12.630	-0.004
33.440	-15.874	0.013
33.460	-18.893	0.034
33.480	-21.680	0.052
33.500	-24.124	0.065
33.520	-26.246	0.081
33.540	-28.008	0.092
33.560	-29.350	0.104
33.580	-30.280	0.115
33.600	-30.779	0.125
33.620	-30.865	0.132
33.640	-30.548	0.131
33.660	-29.791	0.132
33.680	-28.609	0.135
33.700	-27.019	0.139
33.720	-25.037	0.131
33.740	-22.712	0.133
33.760	-20.069	0.122
33.780	-17.147	0.113
33.800	-13.989	0.102
33.820	-10.605	0.093
33.840	-7.103	0.076
33.860	-3.489	0.065
33.880	0.169	0.048
33.900	3.843	0.037
33.920	7.431	0.013
33.940	10.917	-0.000
33.960	14.274	-0.020
33.980	17.410	-0.027
34.000	20.305	-0.049
34.020	22.943	-0.062
34.040	25.198	-0.076
34.060	27.132	-0.087
34.080	28.674	-0.103
34.100	29.812	-0.113
34.120	30.543	-0.124
34.140	30.838	-0.128
34.160	30.704	-0.132
34.180	30.135	-0.143
34.200	29.168	-0.141
34.220	27.771	-0.145
34.240	26.004	-0.134
34.260	23.861	-0.136
34.280	21.364	-0.124
34.300	18.571	-0.119
34.320	15.536	-0.109
34.340	12.260	-0.099
34.360	8.833	-0.083
34.380	5.261	-0.070
34.400	1.652	-0.058
34.420	-2.022	-0.041
34.440	-5.648	-0.023
34.460	-9.219	-0.008
34.480	-12.641	0.009
34.500	-15.880	0.025
34.520	-18.909	0.042
34.540	-21.691	0.059
34.560	-24.124	0.072
34.580	-26.240	0.087
34.600	-28.008	0.102
34.620	-29.350	0.112
34.640	-30.285	0.124
34.660	-30.763	0.130
34.680	-30.897	0.140
34.700	-30.559	0.143
34.720	-29.802	0.146
34.740	-28.625	0.146
34.760	-27.019	0.146
34.780	-25.059	0.139
34.800	-22.744	0.139
34.820	-20.074	0.128
34.840	-17.158	0.125
34.860	-14.000	0.111
34.880	-10.643	0.100
34.900	-7.119	0.083
34.920	-3.499	0.071
34.940	0.153	0.054
34.960	3.811	0.039
34.980	7.415	0.024
35.000	10.901	0.009
35.020	14.247	-0.012
35.040	17.384	-0.026
35.060	20.279	-0.045
35.080	22.927	-0.052
35.100	25.193	-0.074
35.120	27.137	-0.082
35.140	28.657	-0.097
35.160	29.812	-0.107
35.180	30.543	-0.123
35.200	30.838	-0.122
35.220	30.704	-0.125
35.240	30.135	-0.128
35.260	29.178	-0.134
35.280	27.777	-0.134
35.300	26.020	-0.130
35.320	23.883	-0.127
35.340	21.374	-0.123
35.360	18.603	-0.121
35.380	15.557	-0.107
35.400	12.292	-0.095
35.420	8.860	-0.082
35.440	5.309	-0.071
35.460	1.684	-0.053
35.480	-1.979	-0.040
35.500	-5.589	-0.024
35.520	-9.177	-0.008
35.540	-12.587	0.010
35.560	-15.831	0.021
35.580	-18.866	0.042
35.600	-21.637	0.054
35.620	-24.076	0.076
35.640	-26.208	0.089
35.660	-27.965	0.102
35.680	-29.323	0.111
35.700	-30.263	0.125
35.720	-30.747	0.129
35.740	-30.870	0.135
35.760	-30.527	0.141
35.780	-29.791	0.144
35.800	-28.620	0.139
35.820	-27.009	0.142
35.840	-25.037	0.133
35.860	-22.728	0.133
35.880	-20.080	0.125
35.900	-17.158	0.119
35.920	-14.005	0.106
35.940	-10.637	0.096
35.960	-7.119	0.083
35.980	-3.510	0.070
36.000	0.148	0.050
36.020	3.800	0.033
36.040	7.399	0.016
36.060	10.895	0.003
36.080	14.241	-0.018
36.100	17.384	-0.033
36.120	20.273	-0.047
36.140	22.910	-0.059
36.160	25.177	-0.077
36.180	27.116	-0.091
36.200	28.652	-0.107
36.220	29.807	-0.112
36.240	30.537	-0.124
36.260	30.838	-0.130
36.280	30.709	-0.134
36.300	30.140	-0.141
36.320	29.189	-0.140
36.340	27.777	-0.145
36.360	26.026	-0.136
36.380	23.899	-0.140
36.400	21.406	-0.128
36.420	18.624	-0.125
36.440	15.579	-0.117
36.460	12.308	-0.104
36.480	8.892	-0.094
36.500	5.342	-0.078
36.520	1.716	-0.062
36.540	-1.936	-0.049
36.560	-5.556	-0.033
36.580	-9.128	-0.017
36.600	-12.555	0.002
36.620	-15.794	0.016
36.640	-18.844	0.032
36.660	-21.605	0.048
36.680	-24.054	0.062
36.700	-26.176	0.080
36.720	-27.948	0.090
36.740	-29.307	0.099
36.760	-30.258	0.112
36.780	-30.741	0.117
36.800	-30.865	0.128
36.820	-30.537	0.130
36.840	-29.780	0.133
36.860	-28.604	0.133
36.880	-26.998	0.132
36.900	-25.037	0.126
36.920	-22.728	0.121
36.940	-20.096	0.116
36.960	-17.185	0.110
36.980	-14.016	0.099
37.000	-10.659	0.088
37.020	-7.146	0.070
37.040	-3.537	0.054
37.060	0.132	0.043
37.080	3.768	0.025
37.100	7.366	0.011
37.120	10.874	-0.010
37.140	14.215	-0.021
37.160	17.362	-0.040
37.180	20.262	-0.053
37.200	22.900	-0.074
37.220	25.172	-0.085
37.240	27.084	-0.099
37.260	28.647	-0.110
37.280	29.807	-0.121
37.300	30.527	-0.128
37.320	30.833	-0.138
37.340	30.715	-0.145
37.360	30.161	-0.145
37.380	29.178	-0.152
37.400	27.814	-0.146
37.420	26.042	-0.149
37.440	23.920	-0.143
37.460	21.423	-0.141
37.480	18.646	-0.126
37.500	15.606	-0.123
37.520	12.329	-0.107
37.540	8.913	-0.096
37.560	5.368	-0.082
37.580	1.738	-0.069
37.600	-1.909	-0.054
37.620	-5.540	-0.034
37.640	-9.128	-0.021
37.660	-12.523	-0.003
37.680	-15.788	0.011
37.700	-18.818	0.032
37.720	-21.573	0.043
37.740	-24.044	0.064
37.760	-26.155	0.072
37.780	-27.932	0.091
37.800	-29.291	0.099
37.820	-30.247	0.115
37.840	-30.731	0.117
37.860	-30.838	0.129
37.880	-30.527	0.131
37.900	-29.802	0.132
37.920	-28.609	0.129
37.940	-27.019	0.132
37.960	-25.075	0.129
37.980	-22.765	0.124
38.000	-20.128	0.117
38.020	-17.196	0.108
38.040	-14.053	0.100
38.060	-10.691	0.085
38.080	-7.173	0.074
38.100	-3.569	0.060
38.120	0.083	0.041
38.140	3.746	0.026
38.160	7.345	0.010
38.180	10.831	-0.004
38.200	14.193	-0.022
38.220	17.330	-0.033
38.240	20.236	-0.055
38.260	22.889	-0.063
38.280	25.145	-0.085
38.300	27.078	-0.092
38.320	28.625	-0.111
38.340	29.802	-0.110
38.360	30.527	-0.132
38.380	30.849	-0.133
38.400	30.715	-0.144
38.420	30.172	-0.142
38.440	29.195	-0.146
38.460	27.825	-0.145
38.480	26.047	-0.141
38.500	23.926	-0.142
38.520	21.428	-0.131
38.540	18.646	-0.127
38.560	15.627	-0.113
38.580	12.345	-0.107
38.600	8.929	-0.092
38.620	5.374	-0.082
38.640	1.743	-0.063
38.660	-1.915	-0.051
38.680	-5.540	-0.026
38.700	-9.123	-0.012
38.720	-12.555	-0.000
38.740	-15.788	0.017
38.760	-18.834	0.031
38.780	-21.594	0.050
38.800	-24.060	0.064
38.820	-26.208	0.083
38.840	-27.970	0.093
38.860	-29.334	0.108
38.880	-30.306	0.116
38.900	-30.774	0.124
38.920	-30.881	0.133
38.940	-30.591	0.136
38.960	-29.839	0.136
38.980	-28.674	0.139
39.000	-27.084	0.137
39.020	-25.129	0.133
39.040	-22.814	0.132
39.060	-20.182	0.124
39.080	-17.249	0.120
39.100	-14.102	0.105
39.120	-10.745	0.099
39.140	-7.216	0.080
39.160	-3.623	0.067
39.180	0.051	0.055
39.200	3.709	0.037
39.220	7.302	0.018
39.240	10.799	0.003
39.260	14.156	-0.009
39.280	17.308	-0.027
39.300	20.209	-0.041
39.320	22.862	-0.058
39.340	25.139	-0.070
39.360	27.073	-0.087
39.380	28.615	-0.095
39.400	29.791	-0.112
39.420	30.521	-0.121
39.440	30.838	-0.125
39.460	30.715	-0.126
39.480	30.177	-0.130
39.500	29.200	-0.132
39.520	27.825	-0.134
39.540	26.063	-0.134
39.560	23.942	-0.131
39.580	21.433	-0.124
39.600	18.678	-0.115
39.620	15.649	-0.110
39.640	12.367	-0.096
39.660	8.956	-0.082
39.680	5.401	-0.070
39.700	1.770	-0.055
39.720	-1.888	-0.043
39.740	-5.513	-0.024
39.760	-9.091	-0.009
39.780	-12.507	0.013
39.800	-15.772	0.026
39.820	-18.812	0.043
39.840	-21.578	0.060
39.860	-24.033	0.075
39.880	-26.149	0.083
39.900	-27.954	0.102
39.920	-29.313	0.112
39.940	-30.263	0.126
39.960	-30.763	0.129
39.980	-30.865	0.139
40.000	-30.559	0.143
40.020	-29.828	0.145
40.040	-28.674	0.144
40.060	-27.062	0.145
40.080	-25.107	0.135
40.100	-22.798	0.135
40.120	-20.177	0.128
40.140	-17.265	0.121
40.160	-14.102	0.111
40.180	-10.750	0.096
40.200	-7.238	0.084
40.220	-3.623	0.071
40.240	0.040	0.054
40.260	3.703	0.037
40.280	7.297	0.024
40.300	10.772	0.005
40.320	14.150	-0.011
40.340	17.292	-0.028
40.360	20.198	-0.045
40.380	22.846	-0.057
40.400	25.118	-0.075
40.420	27.073	-0.088
40.440	28.615	-0.102
40.460	29.791	-0.109
40.480	30.516	-0.119
40.500	30.844	-0.128
40.520	30.720	-0.136
40.540	30.188	-0.133
40.560	29.211	-0.140
40.580	27.830	-0.137
40.600	26.085	-0.131
40.620	23.958	-0.131
40.640	21.482	-0.124
40.660	18.705	-0.122
40.680	15.681	-0.111
40.700	12.415	-0.102
40.720	8.978	-0.087
40.740	5.427	-0.076
40.760	1.807	-0.058
40.780	-1.845	-0.047
40.800	-5.487	-0.029
40.820	-9.058	-0.012
40.840	-12.469	0.009
40.860	-15.702	0.017
40.880	-18.764	0.038
40.900	-21.541	0.052
40.920	-23.985	0.069
40.940	-26.122	0.083
40.960	-27.900	0.093
40.980	-29.281	0.107
41.000	-30.247	0.118
41.020	-30.736	0.125
41.040	-30.865	0.132
41.060	-30.532	0.134
41.080	-29.823	0.140
41.100	-28.647	0.133
41.120	-27.057	0.135
41.140	-25.113	0.131
41.160	-22.803	0.132
41.180	-20.166	0.120
41.200	-17.249	0.117
41.220	-14.102	0.100
41.240	-10.766	0.092
41.260	-7.238	0.076
41.280	-3.634	0.064
41.300	0.024	0.046
41.320	3.677	0.029
41.340	7.270	0.016
41.360	10.772	-0.002
41.380	14.129	-0.019
41.400	17.281	-0.037
41.420	20.177	-0.051
41.440	22.830	-0.069
41.460	25.113	-0.082
41.480	27.062	-0.099
41.500	28.604	-0.109
41.520	29.780	-0.122
41.540	30.505	-0.129
41.560	30.838	-0.136
41.580	30.715	-0.140
41.600	30.188	-0.148
41.620	29.211	-0.149
41.640	27.841	-0.149
41.660	26.101	-0.146
41.680	23.995	-0.144
41.700	21.487	-0.134
41.720	18.726	-0.126
41.740	15.692	-0.120
41.760	12.431	-0.111
41.780	9.015	-0.098
41.800	5.465	-0.085
41.820	1.840	-0.066
41.840	-1.813	-0.055
41.860	-5.449	-0.037
41.880	-9.010	-0.020
41.900	-12.448	-0.004
41.920	-15.697	0.013
41.940	-18.748	0.028
41.960	-21.509	0.045
41.980	-23.985	0.061
42.000	-26.106	0.069
42.020	-27.889	0.087
42.040	-29.259	0.096
42.060	-30.220	0.111
42.080	-30.741	0.115
42.100	-30.849	0.125
42.120	-30.543	0.125
42.140	-29.818	0.132
42.160	-28.674	0.129
42.180	-27.068	0.132
42.200	-25.123	0.125
42.220	-22.819	0.126
42.240	-20.177	0.115
42.260	-17.271	0.109
42.280	-14.134	0.097
42.300	-10.766	0.086
42.320	-7.270	0.070
42.340	-3.655	0.056
42.360	0.003	0.042
42.380	3.644	0.022
42.400	7.254	0.009
42.420	10.745	-0.005
42.440	14.113	-0.027
42.460	17.255	-0.036
42.480	20.160	-0.058
42.500	22.819	-0.070
42.520	25.091	-0.088
42.540	27.052	-0.094
42.560	28.593	-0.111
42.580	29.769	-0.116
42.600	30.505	-0.133
42.620	30.827	-0.132
42.640	30.720	-0.149
42.660	30.188	-0.140
42.680	29.227	-0.153
42.700	27.857	-0.147
42.720	26.112	-0.145
42.740	23.995	-0.141
42.760	21.503	-0.133
42.780	18.742	-0.131
42.800	15.713	-0.118
42.820	12.442	-0.110
42.840	9.026	-0.094
42.860	5.481	-0.086
42.880	1.856	-0.066
42.900	-1.813	-0.052
42.920	-5.427	-0.034
42.940	-9.010	-0.019
42.960	-12.426	-0.004
42.980	-15.676	0.013
43.000	-18.732	0.030
43.020	-21.530	0.048
43.040	-23.974	0.063
43.060	-26.128	0.080
43.080	-27.900	0.088
43.100	-29.281	0.102
43.120	-30.242	0.113
43.140	-30.758	0.119
43.160	-30.876	0.125
43.180	-30.575	0.129
43.200	-29.844	0.133
43.220	-28.695	0.133
43.240	-27.111	0.135
43.260	-25.172	0.129
43.280	-22.867	0.129
43.300	-20.236	0.121
43.320	-17.314	0.111
43.340	-14.172	0.102
43.360	-10.836	0.089
43.380	-7.313	0.074
43.400	-3.714	0.063
43.420	-0.046	0.047
43.440	3.612	0.029
43.460	7.216	0.013
43.480	10.707	-0.004
43.500	14.075	-0.014
43.520	17.222	-0.032
43.540	20.134	-0.043
43.560	22.787	-0.068
43.580	25.080	-0.076
43.600	27.019	-0.095
43.620	28.588	-0.100
43.640	29.764	-0.118
43.660	30.500	-0.122
43.680	30.827	-0.132
43.700	30.720	-0.138
43.720	30.194	-0.141
43.740	29.232	-0.142
43.760	27.873	-0.141
43.780	26.117	-0.139
43.800	24.006	-0.134
43.820	21.519	-0.131
43.840	18.748	-0.117
43.860	15.729	-0.115
43.880	12.453	-0.100
43.900	9.031	-0.089
43.920	5.492	-0.075
43.940	1.861	-0.060
43.960	-1.791	-0.045
43.980	-5.427	-0.023
44.000	-9.015	-0.012
44.020	-12.431	0.009
44.040	-15.686	0.021
44.060	-18.732	0.042
44.080	-21.535	0.054
44.100	-23.990	0.074
44.120	-26.138	0.076
44.140	-27.906	0.102
44.160	-29.297	0.106
44.180	-30.280	0.122
44.200	-30.768	0.124
44.220	-30.870	0.138
44.240	-30.591	0.144
44.260	-29.871	0.145
44.280	-28.706	0.146
44.300	-27.148	0.145
44.320	-25.193	0.136
44.340	-22.889	0.134
44.360	-20.262	0.128
44.380	-17.346	0.122
44.400	-14.209	0.108
44.420	-10.858	0.100
44.440	-7.334	0.083
44.460	-3.725	0.071
44.480	-0.067	0.054
44.500	3.596	0.042
44.520	7.168	0.023
44.540	10.707	0.012
44.560	14.059	-0.012
44.580	17.212	-0.021
44.600	20.117	-0.047
44.620	22.776	-0.050
44.640	25.059	-0.077
44.660	27.009	-0.078
44.680	28.572	-0.105
44.700	29.748	-0.102
44.720	30.500	-0.122
44.740	30.833	-0.119
44.760	30.725	-0.130
44.780	30.194	-0.129
44.800	29.243	-0.135
44.820	27.873	-0.133
44.840	26.128	-0.130
44.860	24.017	-0.133
44.880	21.546	-0.120
44.900	18.780	-0.120
44.920	15.745	-0.109
44.940	12.490	-0.097
44.960	9.080	-0.082
44.980	5.546	-0.073
45.000	1.904	-0.060
45.020	-1.759	-0.043
45.040	-5.395	-0.027
45.060	-8.962	-0.010
45.080	-12.394	0.010
45.100	-15.638	0.025
45.120	-18.689	0.039
45.140	-21.466	0.060
45.160	-23.936	0.067
45.180	-26.101	0.088
45.200	-27.868	0.095
45.220	-29.264	0.112
45.240	-30.226	0.117
45.260	-30.768	0.128
45.280	-30.881	0.131
45.300	-30.559	0.142
45.320	-29.855	0.141
45.340	-28.700	0.142
45.360	-27.111	0.137
45.380	-25.177	0.137
45.400	-22.873	0.126
45.420	-20.252	0.126
45.440	-17.330	0.117
45.460	-14.215	0.106
45.480	-10.858	0.094
45.500	-7.340	0.083
45.520	-3.736	0.066
45.540	-0.073	0.052
45.560	3.574	0.036
45.580	7.173	0.022
45.600	10.686	0.000
45.620	14.048	-0.012
45.640	17.196	-0.034
45.660	20.107	-0.045
45.680	22.771	-0.064
45.700	25.053	-0.074
45.720	27.009	-0.096
45.740	28.566	-0.099
45.760	29.753	-0.114
45.780	30.500	-0.119
45.800	30.833	-0.133
45.820	30.725	-0.133
45.840	30.194	-0.141
45.860	29.254	-0.141
45.880	27.884	-0.145
45.900	26.144	-0.141
45.920	24.049	-0.139
45.940	21.557	-0.130
45.960	18.807	-0.124
45.980	15.772	-0.118
46.000	12.517	-0.104
46.020	9.101	-0.089
46.040	5.556	-0.082
46.060	1.936	-0.060
46.080	-1.705	-0.056
46.100	-5.347	-0.032
46.120	-8.929	-0.023
46.140	-12.345	0.005
46.160	-15.611	0.014
46.180	-18.651	0.034
46.200	-21.444	0.045
46.220	-23.904	0.066
46.240	-26.063	0.074
46.260	-27.846	0.089
46.280	-29.227	0.100
46.300	-30.204	0.115
46.320	-30.725	0.114
46.340	-30.870	0.127
46.360	-30.559	0.129
46.380	-29.828	0.134
46.400	-28.700	0.133
46.420	-27.116	0.129
46.440	-25.161	0.129
46.460	-22.884	0.122
46.480	-20.257	0.117
46.500	-17.367	0.107
46.520	-14.209	0.096
46.540	-10.874	0.089
46.560	-7.372	0.069
46.580	-3.746	0.059
46.600	-0.110	0.039
46.620	3.553	0.027
46.640	7.152	0.005
46.660	10.648	-0.004
46.680	14.016	-0.029
46.700	17.174	-0.034
46.720	20.091	-0.060
46.740	22.749	-0.065
46.760	25.048	-0.091
46.780	26.998	-0.095
46.800	28.566	-0.115
46.820	29.742	-0.118
46.840	30.500	-0.136
46.860	30.833	-0.136
46.880	30.731	-0.148
46.900	30.199	-0.149
46.920	29.270	-0.152
46.940	27.889	-0.155
46.960	26.165	-0.144
46.980	24.060	-0.149
47.000	21.568	-0.132
47.020	18.828	-0.137
47.040	15.804	-0.120
47.060	12.544	-0.114
47.080	9.123	-0.097
47.100	5.583	-0.091
47.120	1.963	-0.071
47.140	-1.684	-0.054
47.160	-5.325	-0.042
47.180	-8.908	-0.020
47.200	-12.329	-0.008
47.220	-15.568	0.016
47.240	-18.635	0.025
47.260	-21.423	0.049
47.280	-23.899	0.054
47.300	-26.052	0.075
47.320	-27.841	0.078
47.340	-29.221	0.103
47.360	-30.188	0.104
47.380	-30.741	0.120
47.400	-30.854	0.120
47.420	-30.559	0.129
47.440	-29.855	0.128
47.460	-28.695	0.131
47.480	-27.143	0.130
47.500	-25.198	0.127
47.520	-22.900	0.121
47.540	-20.279	0.118
47.560	-17.373	0.112
47.580	-14.258	0.097
47.600	-10.890	0.088
47.620	-7.399	0.071
47.640	-3.784	0.061
47.660	-0.137	0.040
47.680	3.526	0.029
47.700	7.125	0.010
47.720	10.632	-0.003
47.740	13.994	-0.019
47.760	17.142	-0.035
47.780	20.064	-0.047
47.800	22.728	-0.072
47.820	25.021	-0.078
47.840	26.982	-0.102
47.860	28.550	-0.103
47.880	29.737	-0.124
47.900	30.494	-0.126
47.920	30.838	-0.140
47.940	30.731	-0.135
47.960	30.199	-0.146
47.980	29.259	-0.144
48.000	27.900	-0.148
48.020	26.171	-0.142
48.040	24.071	-0.143
48.060	21.594	-0.135
48.080	18.828	-0.127
48.100	15.821	-0.119
48.120	12.555	-0.105
48.140	9.144	-0.091
48.160	5.605	-0.082
48.180	1.963	-0.065
48.200	-1.700	-0.053
48.220	-5.325	-0.029
48.240	-8.903	-0.015
48.260	-12.329	-0.002
48.280	-15.584	0.014
48.300	-18.651	0.034
48.320	-21.439	0.045
48.340	-23.920	0.066
48.360	-26.063	0.074
48.380	-27.879	0.092
48.400	-29.248	0.100
48.420	-30.242	0.113
48.440	-30.768	0.119
48.460	-30.886	0.128
48.480	-30.629	0.129
48.500	-29.909	0.137
48.520	-28.743	0.131
48.540	-27.191	0.137
48.560	-25.252	0.131
48.580	-22.980	0.130
48.600	-20.338	0.118
48.620	-17.437	0.115
48.640	-14.295	0.100
48.660	-10.954	0.097
48.680	-7.458	0.078
48.700	-3.832	0.067
48.720	-0.180	0.048
48.740	3.472	0.037
48.760	7.082	0.013
48.780	10.589	0.005
48.800	13.968	-0.017
48.820	17.120	-0.025
48.840	20.048	-0.045
48.860	22.712	-0.058
48.880	25.005	-0.078
48.900	26.955	-0.084
48.920	28.534	-0.101
48.940	29.732	-0.109
48.960	30.489	-0.122
48.980	30.833	-0.124
49.000	30.747	-0.130
49.020	30.210	-0.134
49.040	29.270	-0.138
49.060	27.922	-0.137
49.080	26.187	-0.131
49.100	24.081	-0.132
49.120	21.621	-0.124
49.140	18.855	-0.116
49.160	15.831	-0.110
49.180	12.566	-0.101
49.200	9.160	-0.087
49.220	5.615	-0.068
49.240	1.990	-0.059
49.260	-1.662	-0.040
49.280	-5.293	-0.029
49.300	-8.876	-0.008
49.320	-12.319	0.005
49.340	-15.579	0.028
49.360	-18.630	0.039
49.380	-21.417	0.062
49.400	-23.904	0.070
49.420	-26.052	0.085
49.440	-27.857	0.097
49.460	-29.232	0.112
49.480	-30.215	0.119
49.500	-30.752	0.131
49.520	-30.886	0.138
49.540	-30.596	0.141
49.560	-29.887	0.144
49.580	-28.733	0.146
49.600	-27.186	0.146
49.620	-25.247	0.140
49.640	-22.964	0.133
49.660	-20.348	0.128
49.680	-17.448	0.123
49.700	-14.306	0.112
49.720	-10.954	0.099
49.740	-7.447	0.083
49.760	-3.843	0.070
49.780	-0.175	0.052
49.800	3.483	0.040
49.820	7.076	0.024
49.840	10.568	0.005
49.860	13.946	-0.008
49.880	17.110	-0.034
49.900	20.031	-0.041
49.920	22.701	-0.060
49.940	24.989	-0.069
49.960	26.944	-0.091
49.980	28.534	-0.096
50.000	29.732	-0.109
50.020	30.494	-0.113
50.040	30.833	-0.128
50.060	30.725	-0.128
50.080	30.237	-0.136
50.100	29.275	-0.136
50.120	27.938	-0.141
50.140	26.203	-0.132
50.160	24.097	-0.131
50.180	21.632	-0.128
50.200	18.877	-0.122
50.220	15.869	-0.115
50.240	12.603	-0.097
50.260	9.203	-0.091
50.280	5.658	-0.074
50.300	2.022	-0.061
50.320	-1.625	-0.046
50.340	-5.261	-0.030
50.360	-8.838	-0.015
50.380	-12.265	0.005
50.400	-15.520	0.017
50.420	-18.587	0.037
50.440	-21.374	0.050
50.460	-23.861	0.067
50.480	-26.015	0.075
50.500	-27.803	0.096
50.520	-29.211	0.104
50.540	-30.183	0.121
50.560	-30.704	0.121
50.580	-30.892	0.132
50.600	-30.575	0.131
50.620	-29.871	0.141
50.640	-28.717	0.136
50.660	-27.170	0.136
50.680	-25.252	0.129
50.700	-22.953	0.127
50.720	-20.343	0.120
50.740	-17.443	0.115
50.760	-14.301	0.101
50.780	-10.965	0.094
50.800	-7.463	0.075
50.820	-3.854	0.061
50.840	-0.201	0.049
50.860	3.462	0.031
50.880	7.060	0.019
50.900	10.562	0.000
50.920	13.925	-0.017
50.940	17.088	-0.037
50.960	20.010	-0.049
50.980	22.679	-0.066
51.000	24.973	-0.082
51.020	26.944	-0.095
51.040	28.518	-0.107
51.060	29.726	-0.116
51.080	30.478	-0.128
51.100	30.822	-0.138
51.120	30.736	-0.142
51.140	30.242	-0.141
51.160	29.286	-0.150
51.180	27.943	-0.147
51.200	26.203	-0.146
51.220	24.119	-0.144
51.240	21.637	-0.137
51.260	18.893	-0.130
51.280	15.880	-0.121
51.300	12.625	-0.111
51.320	9.225	-0.097
51.340	5.696	-0.085
51.360	2.060	-0.070
51.380	-1.598	-0.055
51.400	-5.229	-0.039
51.420	-8.806	-0.022
51.440	-12.238	-0.004
51.460	-15.493	0.008
51.480	-18.560	0.029
51.500	-21.358	0.042
51.520	-23.829	0.056
51.540	-25.983	0.072
51.560	-27.787	0.083
51.580	-29.205	0.097
51.600	-30.161	0.108
51.620	-30.720	0.114
51.640	-30.865	0.122
51.660	-30.580	0.125
51.680	-29.882	0.130
51.700	-28.733	0.129
51.720	-27.175	0.132
51.740	-25.241	0.123
51.760	-22.964	0.122
51.780	-20.359	0.113
51.800	-17.448	0.104
51.820	-14.317	0.096
51.840	-10.976	0.083
51.860	-7.490	0.070
51.880	-3.881	0.054
51.900	-0.218	0.041
51.920	3.429	0.023
51.940	7.044	0.008
51.960	10.525	-0.008
51.980	13.903	-0.025
52.000	17.077	-0.041
52.020	19.994	-0.053
52.040	22.653	-0.070
52.060	24.957	-0.085
52.080	26.939	-0.100
52.100	28.502	-0.112
52.120	29.716	-0.120
52.140	30.484	-0.131
52.160	30.833	-0.136
52.180	30.736	-0.145
52.200	30.237	-0.150
52.220	29.297	-0.151
52.240	27.943	-0.151
52.260	26.230	-0.145
52.280	24.130	-0.143
52.300	21.675	-0.140
52.320	18.914	-0.130
52.340	15.912	-0.120
52.360	12.657	-0.109
52.380	9.246	-0.099
52.400	5.696	-0.086
52.420	2.076	-0.071
52.440	-1.566	-0.054
52.460	-5.202	-0.038
52.480	-8.790	-0.020
52.500	-12.233	-0.004
52.520	-15.477	0.010
52.540	-18.538	0.026
52.560	-21.347	0.042
52.580	-23.829	0.058
52.600	-26.004	0.071
52.620	-27.798	0.087
52.640	-29.205	0.097
52.660	-30.183	0.112
52.680	-30.725	0.114
52.700	-30.865	0.128
52.720	-30.602	0.127
52.740	-29.914	0.132
52.760	-28.765	0.133
52.780	-27.213	0.133
52.800	-25.284	0.130
52.820	-23.018	0.122
52.840	-20.391	0.120
52.860	-17.502	0.108
52.880	-14.376	0.102
52.900	-11.040	0.090
52.920	-7.533	0.075
52.940	-3.918	0.063
52.960	-0.255	0.046
52.980	3.381	0.030
53.000	6.990	0.011
53.020	10.509	-0.004
53.040	13.882	-0.018
53.060	17.045	-0.029
53.080	19.972	-0.048
53.100	22.642	-0.065
53.120	24.941	-0.078
53.140	26.928	-0.095
53.160	28.502	-0.103
53.180	29.716	-0.112
53.200	30.473	-0.129
53.220	30.833	-0.133
53.240	30.747	-0.139
53.260	30.242	-0.140
53.280	29.297	-0.150
53.300	27.954	-0.145
53.320	26.235	-0.144
53.340	24.135	-0.138
53.360	21.686	-0.133
53.380	18.925	-0.123
53.400	15.912	-0.113
53.420	12.673	-0.103
53.440	9.257	-0.091
53.460	5.707	-0.078
53.480	2.097	-0.065
53.500	-1.576	-0.051
53.520	-5.207	-0.029
53.540	-8.790	-0.016
53.560	-12.238	0.002
53.580	-15.488	0.021
53.600	-18.565	0.034
53.620	-21.358	0.050
53.640	-23.866	0.067
53.660	-26.015	0.081
53.680	-27.825	0.093
53.700	-29.248	0.108
53.720	-30.204	0.119
53.740	-30.752	0.128
53.760	-30.892	0.132
53.780	-30.639	0.137
53.800	-29.930	0.140
53.820	-28.792	0.141
53.840	-27.240	0.140
53.860	-25.306	0.138
53.880	-23.055	0.133
53.900	-20.440	0.128
53.920	-17.529	0.120
53.940	-14.403	0.108
53.960	-11.051	0.094
53.980	-7.560	0.085
54.000	-3.956	0.068
54.020	-0.303	0.054
54.040	3.360	0.039
54.060	6.964	0.024
54.080	10.476	0.007
54.100	13.849	-0.010
54.120	17.018	-0.026
54.140	19.946	-0.041
54.160	22.636	-0.054
54.180	24.930	-0.070
54.200	26.912	-0.082
54.220	28.491	-0.096
54.240	29.699	-0.109
54.260	30.462	-0.118
54.280	30.822	-0.124
54.300	30.752	-0.125
54.320	30.247	-0.130
54.340	29.307	-0.128
54.360	27.959	-0.139
54.380	26.257	-0.127
54.400	24.167	-0.134
54.420	21.691	-0.120
54.440	18.952	-0.118
54.460	15.955	-0.106
54.480	12.689	-0.101
54.500	9.273	-0.084
54.520	5.739	-0.070
54.540	2.130	-0.057
54.560	-1.533	-0.043
54.580	-5.164	-0.029
54.600	-8.741	-0.008
54.620	-12.184	0.007
54.640	-15.461	0.025
54.660	-18.506	0.042
54.680	-21.331	0.059
54.700	-23.813	0.073
54.720	-25.972	0.089
54.740	-27.782	0.100
54.760	-29.184	0.108
54.780	-30.183	0.123
54.800	-30.736	0.126
54.820	-30.886	0.137
54.840	-30.607	0.141
54.860	-29.914	0.145
54.880	-28.781	0.143
54.900	-27.223	0.145
54.920	-25.311	0.135
54.940	-23.039	0.131
54.960	-20.429	0.125
54.980	-17.529	0.120
55.000	-14.408	0.109
55.020	-11.051	0.098
55.040	-7.571	0.085
55.060	-3.956	0.069
55.080	-0.303	0.053
55.100	3.360	0.034
55.120	6.969	0.025
55.140	10.471	0.005
55.160	13.844	-0.011
55.180	17.008	-0.032
55.200	19.935	-0.043
55.220	22.604	-0.062
55.240	24.925	-0.074
55.260	26.880	-0.093
55.280	28.480	-0.102
55.300	29.694	-0.109
55.320	30.468	-0.120
55.340	30.827	-0.128
55.360	30.747	-0.138
55.380	30.253	-0.135
55.400	29.329	-0.142
55.420	27.986	-0.135
55.440	26.267	-0.141
55.460	24.178	-0.131
55.480	21.723	-0.130
55.500	18.990	-0.123
55.520	15.982	-0.116
55.540	12.716	-0.102
55.560	9.316	-0.093
55.580	5.771	-0.080
55.600	2.156	-0.066
55.620	-1.496	-0.050
55.640	-5.148	-0.033
55.660	-8.720	-0.017
55.680	-12.157	-0.001
55.700	-15.418	0.015
55.720	-18.490	0.035
55.740	-21.299	0.050
55.760	-23.764	0.068
55.780	-25.945	0.077
55.800	-27.755	0.089
55.820	-29.178	0.099
55.840	-30.151	0.113
55.860	-30.715	0.118
55.880	-30.865	0.129
55.900	-30.591	0.132
55.920	-29.887	0.133
55.940	-28.770	0.133
55.960	-27.218	0.133
55.980	-25.295	0.129
56.000	-23.039	0.127
56.020	-20.424	0.117
56.040	-17.529	0.112
56.060	-14.429	0.099
56.080	-11.083	0.091
56.100	-7.576	0.076
56.120	-3.967	0.058
56.140	-0.309	0.044
56.160	3.333	0.030
56.180	6.942	0.013
56.200	10.444	-0.003
56.220	13.812	-0.024
56.240	16.997	-0.037
56.260	19.908	-0.051
56.280	22.588	-0.069
56.300	24.914	-0.087
56.320	26.880	-0.098
56.340	28.475	-0.108
56.360	29.673	-0.124
56.380	30.473	-0.130
56.400	30.822	-0.137
56.420	30.747	-0.143
56.440	30.253	-0.145
56.460	29.323	-0.145
56.480	28.002	-0.153
56.500	26.273	-0.142
56.520	24.199	-0.147
56.540	21.750	-0.136
56.560	19.000	-0.132
56.580	15.992	-0.121
56.600	12.748	-0.111
56.620	9.348	-0.100
56.640	5.798	-0.089
56.660	2.178	-0.071
56.680	-1.474	-0.059
56.700	-5.111	-0.039
56.720	-8.682	-0.024
56.740	-12.136	-0.003
56.760	-15.391	0.010
56.780	-18.458	0.023
56.800	-21.272	0.044
56.820	-23.754	0.058
56.840	-25.918	0.071
56.860	-27.734	0.083
56.880	-29.168	0.096
56.900	-30.151	0.109
56.920	-30.704	0.111
56.940	-30.849	0.122
56.960	-30.586	0.125
56.980	-29.898	0.129
57.000	-28.786	0.131
57.020	-27.234	0.129
57.040	-25.317	0.125
57.060	-23.055	0.119
57.080	-20.456	0.117
57.100	-17.566	0.109
57.120	-14.435	0.100
57.140	-11.110	0.085
57.160	-7.603	0.073
57.180	-4.004	0.056
57.200	-0.346	0.046
57.220	3.306	0.023
57.240	6.921	0.013
57.260	10.428	-0.006
57.280	13.796	-0.019
57.300	16.965	-0.038
57.320	19.892	-0.049
57.340	22.577	-0.070
57.360	24.892	-0.082
57.380	26.874	-0.097
57.400	28.464	-0.108
57.420	29.683	-0.118
57.440	30.457	-0.130
57.460	30.827	-0.132
57.480	30.752	-0.145
57.500	30.253	-0.139
57.520	29.334	-0.149
57.540	28.008	-0.145
57.560	26.273	-0.146
57.580	24.210	-0.141
57.600	21.756	-0.139
57.620	19.000	-0.129
57.640	16.003	-0.119
57.660	12.754	-0.109
57.680	9.354	-0.095
57.700	5.825	-0.083
57.720	2.183	-0.066
57.740	-1.464	-0.053
57.760	-5.100	-0.034
57.780	-8.672	-0.019
57.800	-12.115	-0.005
57.820	-15.402	0.015
57.840	-18.485	0.030
57.860	-21.283	0.045
57.880	-23.781	0.063
57.900	-25.940	0.075
57.920	-27.760	0.088
57.940	-29.173	0.100
57.960	-30.167	0.113
57.980	-30.747	0.118
58.000	-30.897	0.124
58.020	-30.639	0.129
58.040	-29.947	0.131
58.060	-28.856	0.133
58.080	-27.288	0.133
58.100	-25.376	0.131
58.120	-23.098	0.126
58.140	-20.510	0.122
58.160	-17.625	0.112
58.180	-14.499	0.105
58.200	-11.142	0.088
58.220	-7.662	0.079
58.240	-4.058	0.063
58.260	-0.389	0.055
58.280	3.263	0.034
58.300	6.883	0.016
58.320	10.385	0.005
58.340	13.747	-0.015
58.360	16.938	-0.028
58.380	19.865	-0.041
58.400	22.556	-0.061
58.420	24.865	-0.074
58.440	26.864	-0.091
58.460	28.448	-0.099
58.480	29.667	-0.114
58.500	30.451	-0.120
58.520	30.822	-0.128
58.540	30.741	-0.132
58.560	30.258	-0.135
58.580	29.340	-0.135
58.600	28.008	-0.141
58.620	26.294	-0.134
58.640	24.221	-0.129
58.660	21.761	-0.127
58.680	19.016	-0.121
58.700	16.019	-0.112
58.720	12.770	-0.096
58.740	9.365	-0.090
58.760	5.825	-0.072
58.780	2.205	-0.060
58.800	-1.458	-0.042
58.820	-5.094	-0.026
58.840	-8.661	-0.012
58.860	-12.120	0.006
58.880	-15.385	0.021
58.900	-18.452	0.039
58.920	-21.278	0.058
58.940	-23.764	0.071
58.960	-25.945	0.083
58.980	-27.744	0.100
59.000	-29.189	0.108
59.020	-30.177	0.121
59.040	-30.731	0.125
59.060	-30.897	0.137
59.080	-30.618	0.141
59.100	-29.979	0.145
59.120	-28.835	0.145
59.140	-27.293	0.147
59.160	-25.392	0.139
59.180	-23.109	0.135
59.200	-20.515	0.129
59.220	-17.625	0.119
59.240	-14.505	0.114
59.260	-11.169	0.100
59.280	-7.673	0.092
59.300	-4.069	0.071
59.320	-0.400	0.058
59.340	3.258	0.038
59.360	6.867	0.026
59.380	10.364	0.006
59.400	13.747	-0.006
59.420	16.922	-0.023
59.440	19.860	-0.043
59.460	22.534	-0.052
59.480	24.855	-0.072
59.500	26.858	-0.078
59.520	28.448	-0.100
59.540	29.662	-0.102
59.560	30.457	-0.120
59.580	30.822	-0.115
59.600	30.747	-0.136
59.620	30.253	-0.129
59.640	29.350	-0.140
59.660	28.018	-0.130
59.680	26.316	-0.133
59.700	24.237	-0.124
59.720	21.788	-0.124
59.740	19.049	-0.120
59.760	16.057	-0.112
59.780	12.813	-0.100
59.800	9.407	-0.083
59.820	5.868	-0.077
59.840	2.248	-0.054
59.860	-1.410	-0.047
59.880	-5.035	-0.031
59.900	-8.623	-0.012
59.920	-12.061	0.005
59.940	-15.343	0.020
59.960	-18.404	0.041
59.980	-21.219	0.057
60.000	-23.732	0.070
60.020	-25.897	0.084
60.040	-27.712	0.095
60.060	-29.146	0.108
60.080	-30.151	0.117
60.100	-30.715	0.127
60.120	-30.881	0.132
60.140	-30.613	0.140
60.160	-29.936	0.139
60.180	-28.813	0.145
60.200	-27.277	0.138
60.220	-25.360	0.137
60.240	-23.115	0.129
60.260	-20.510	0.125
60.280	-17.641	0.114
60.300	-14.515	0.112
60.320	-11.164	0.093
60.340	-7.667	0.083
60.360	-4.069	0.064
60.380	-0.416	0.054
60.400	3.241	0.034
60.420	6.845	0.023
60.440	10.342	0.002
60.460	13.737	-0.012
60.480	16.900	-0.032
60.500	19.838	-0.045
60.520	22.524	-0.062
60.540	24.849	-0.079
60.560	26.826	-0.093
60.580	28.437	-0.102
60.600	29.662	-0.116
60.620	30.457	-0.122
60.640	30.827	-0.131
60.660	30.752	-0.137
60.680	30.269	-0.141
60.700	29.350	-0.143
60.720	28.029	-0.147
60.740	26.326	-0.141
60.760	24.264	-0.139
60.780	21.820	-0.130
60.800	19.081	-0.125
60.820	16.084	-0.119
60.840	12.829	-0.109
60.860	9.440	-0.094
60.880	5.900	-0.082
60.900	2.285	-0.066
60.920	-1.372	-0.053
60.940	-5.003	-0.034
60.960	-8.586	-0.027
60.980	-12.023	-0.001
61.000	-15.305	0.012
61.020	-18.377	0.029
61.040	-21.213	0.045
61.060	-23.695	0.059
61.080	-25.881	0.073
61.100	-27.685	0.085
61.120	-29.119	0.099
61.140	-30.124	0.108
61.160	-30.693	0.114
61.180	-30.865	0.125
61.200	-30.602	0.129
61.220	-29.930	0.130
61.240	-28.819	0.131
61.260	-27.293	0.128
61.280	-25.370	0.125
61.300	-23.125	0.125
61.320	-20.536	0.119
61.340	-17.641	0.108
61.360	-14.526	0.098
61.380	-11.196	0.087
61.400	-7.705	0.074
61.420	-4.101	0.059
61.440	-0.454	0.044
61.460	3.204	0.027
61.480	6.819	0.012
61.500	10.331	-0.004
61.520	13.704	-0.024
61.540	16.879	-0.040
61.560	19.827	-0.052
61.580	22.518	-0.066
61.600	24.833	-0.088
61.620	26.810	-0.095
61.640	28.432	-0.114
61.660	29.651	-0.120
61.680	30.451	-0.132
61.700	30.827	-0.134
61.720	30.747	-0.146
61.740	30.280	-0.149
61.760	29.361	-0.149
61.780	28.045	-0.149
61.800	26.337	-0.152
61.820	24.264	-0.148
61.840	21.825	-0.141
61.860	19.092	-0.133
61.880	16.100	-0.125
61.900	12.850	-0.110
61.920	9.461	-0.099
61.940	5.927	-0.091
61.960	2.312	-0.070
61.980	-1.356	-0.057
62.000	-4.987	-0.041
62.020	-8.570	-0.024
62.040	-12.002	-0.006
62.060	-15.283	0.011
62.080	-18.356	0.026
62.100	-21.170	0.045
62.120	-23.684	0.058
62.140	-25.848	0.071
62.160	-27.691	0.083
62.180	-29.114	0.098
62.200	-30.129	0.107
62.220	-30.698	0.117
62.240	-30.849	0.124
62.260	-30.607	0.129
62.280	-29.936	0.127
62.300	-28.835	0.131
62.320	-27.288	0.131
62.340	-25.403	0.129
62.360	-23.147	0.121
62.380	-20.558	0.119
62.400	-17.657	0.108
62.420	-14.558	0.107
62.440	-11.223	0.089
62.460	-7.726	0.080
62.480	-4.138	0.061
62.500	-0.475	0.049
62.520	3.182	0.028
62.540	6.792	0.013
62.560	10.304	-0.002
62.580	13.683	-0.019
62.600	16.857	-0.032
62.620	19.801	-0.049
62.640	22.491	-0.065
62.660	24.812	-0.081
62.680	26.804	-0.093
62.700	28.410	-0.107
62.720	29.640	-0.109
62.740	30.430	-0.131
62.760	30.822	-0.132
62.780	30.768	-0.142
62.800	30.290	-0.142
62.820	29.366	-0.145
62.840	28.056	-0.147
62.860	26.337	-0.144
62.880	24.296	-0.143
62.900	21.825	-0.135
62.920	19.097	-0.128
62.940	16.116	-0.116
62.960	12.872	-0.111
62.980	9.467	-0.092
63.000	5.922	-0.082
63.020	2.307	-0.066
63.040	-1.351	-0.052
63.060	-4.982	-0.031
63.080	-8.559	-0.016
63.100	-12.029	-0.005
63.120	-15.278	0.011
63.140	-18.366	0.030
63.160	-21.213	0.048
63.180	-23.705	0.064
63.200	-25.891	0.079
63.220	-27.707	0.091
63.240	-29.162	0.104
63.260	-30.156	0.113
63.280	-30.747	0.123
63.300	-30.892	0.129
63.320	-30.645	0.137
63.340	-30.006	0.137
63.360	-28.867	0.140
63.380	-27.352	0.138
63.400	-25.451	0.137
63.420	-23.190	0.131
63.440	-20.606	0.126
63.460	-17.706	0.118
63.480	-14.607	0.108
63.500	-11.282	0.093
63.520	-7.775	0.085
63.540	-4.171	0.069
63.560	-0.524	0.054
63.580	3.134	0.039
63.600	6.743	0.020
63.620	10.267	0.007
63.640	13.661	-0.010
63.660	16.836	-0.026
63.680	19.774	-0.037
63.700	22.465	-0.053
63.720	24.801	-0.073
63.740	26.804	-0.084
63.760	28.410	-0.099
63.780	29.640	-0.107
63.800	30.441	-0.120
63.820	30.822	-0.126
63.840	30.758	-0.127
63.860	30.296	-0.130
63.880	29.377	-0.131
63.900	28.067	-0.136
63.920	26.348	-0.133
63.940	24.302	-0.132
63.960	21.863	-0.128
63.980	19.129	-0.120
64.000	16.137	-0.109
64.020	12.888	-0.100
64.040	9.488	-0.084
64.060	5.959	-0.071
64.080	2.334	-0.057
64.100	-1.324	-0.045
64.120	-4.949	-0.024
64.140	-8.559	-0.011
64.160	-11.986	0.008
64.180	-15.273	0.021
64.200	-18.345	0.041
64.220	-21.170	0.059
64.240	-23.678	0.071
64.260	-25.865	0.083
64.280	-27.691	0.097
64.300	-29.119	0.109
64.320	-30.151	0.123
64.340	-30.720	0.132
64.360	-30.892	0.134
64.380	-30.634	0.144
64.400	-29.973	0.144
64.420	-28.878	0.148
64.440	-27.347	0.143
64.460	-25.440	0.143
64.480	-23.179	0.138
64.500	-20.585	0.132
64.520	-17.727	0.120
64.540	-14.585	0.114
64.560	-11.293	0.096
64.580	-7.802	0.092
64.600	-4.192	0.071
64.620	-0.524	0.059
64.640	3.134	0.039
64.660	6.749	0.029
64.680	10.251	0.009
64.700	13.645	-0.008
64.720	16.830	-0.023
64.740	19.758	-0.043
64.760	22.459	-0.053
64.780	24.790	-0.070
64.800	26.794	-0.083
64.820	28.394	-0.100
64.840	29.635	-0.104
64.860	30.435	-0.117
64.880	30.822	-0.121
64.900	30.768	-0.133
64.920	30.296	-0.133
64.940	29.388	-0.138
64.960	28.067	-0.137
64.980	26.380	-0.133
65.000	24.318	-0.134
65.020	21.885	-0.125
65.040	19.156	-0.123
65.060	16.154	-0.110
65.080	12.931	-0.104
65.100	9.520	-0.087
65.120	5.997	-0.075
65.140	2.377	-0.062
65.160	-1.270	-0.048
65.180	-4.923	-0.029
65.200	-8.510	-0.019
65.220	-11.943	0.002
65.240	-15.224	0.017
65.260	-18.313	0.033
65.280	-21.127	0.052
65.300	-23.646	0.060
65.320	-25.822	0.080
65.340	-27.648	0.092
65.360	-29.087	0.104
65.380	-30.097	0.117
65.400	-30.715	0.125
65.420	-30.886	0.129
65.440	-30.613	0.140
65.460	-29.957	0.137
65.480	-28.856	0.141
65.500	-27.352	0.134
65.520	-25.446	0.138
65.540	-23.200	0.126
65.560	-20.617	0.126
65.580	-17.706	0.114
65.600	-14.607	0.107
65.620	-11.282	0.096
65.640	-7.796	0.077
65.660	-4.198	0.063
65.680	-0.540	0.049
65.700	3.102	0.034
65.720	6.722	0.018
65.740	10.224	0.001
65.760	13.618	-0.017
65.780	16.798	-0.033
65.800	19.741	-0.047
65.820	22.443	-0.066
65.840	24.769	-0.078
65.860	26.767	-0.095
65.880	28.378	-0.106
65.900	29.614	-0.116
65.920	30.430	-0.124
65.940	30.801	-0.134
65.960	30.758	-0.137
65.980	30.290	-0.145
66.000	29.388	-0.144
66.020	28.072	-0.149
66.040	26.385	-0.143
66.060	24.334	-0.141
66.080	21.890	-0.136
66.100	19.167	-0.131
66.120	16.175	-0.123
66.140	12.931	-0.108
66.160	9.542	-0.099
66.180	6.018	-0.085
66.200	2.393	-0.071
66.220	-1.249	-0.055
66.240	-4.901	-0.039
66.260	-8.484	-0.024
66.280	-11.921	-0.007
66.300	-15.208	0.009
66.320	-18.286	0.025
66.340	-21.116	0.041
66.360	-23.630	0.058
66.380	-25.795	0.069
66.400	-27.658	0.086
66.420	-29.087	0.094
66.440	-30.086	0.109
66.460	-30.693	0.114
66.480	-30.865	0.126
66.500	-30.618	0.127
66.520	-29.963	0.130
66.540	-28.867	0.130
66.560	-27.342	0.130
66.580	-25.451	0.127
66.600	-23.200	0.123
66.620	-20.617	0.114
66.640	-17.743	0.108
66.660	-14.634	0.098
66.680	-11.309	0.088
66.700	-7.828	0.075
66.720	-4.224	0.059
66.740	-0.567	0.047
66.760	3.080	0.031
66.780	6.684	0.013
66.800	10.213	-0.001
66.820	13.592	-0.021
66.840	16.777	-0.034
66.860	19.720	-0.053
66.880	22.422	-0.065
66.900	24.747	-0.087
66.920	26.751	-0.095
66.940	28.373	-0.111
66.960	29.608	-0.114
66.980	30.408	-0.128
67.000	30.811	-0.133
67.020	30.752	-0.143
67.040	30.296	-0.141
67.060	29.404	-0.149
67.080	28.104	-0.145
67.100	26.402	-0.144
67.120	24.339	-0.144
67.140	21.901	-0.141
67.160	19.177	-0.132
67.180	16.202	-0.118
67.200	12.963	-0.110
67.220	9.563	-0.098
67.240	6.040	-0.085
67.260	2.430	-0.071
67.280	-1.227	-0.053
67.300	-4.869	-0.039
67.320	-8.457	-0.020
67.340	-11.905	-0.008
67.360	-15.187	0.012
67.380	-18.270	0.027
67.400	-21.084	0.045
67.420	-23.619	0.059
67.440	-25.800	0.079
67.460	-27.653	0.082
67.480	-29.093	0.104
67.500	-30.108	0.112
67.520	-30.693	0.121
67.540	-30.876	0.126
67.560	-30.639	0.133
67.580	-29.984	0.131
67.600	-28.899	0.134
67.620	-27.363	0.133
67.640	-25.489	0.133
67.660	-23.254	0.125
67.680	-20.660	0.121
67.700	-17.770	0.115
67.720	-14.671	0.106
67.740	-11.346	0.090
67.760	-7.861	0.080
67.780	-4.267	0.064
67.800	-0.599	0.052
67.820	3.043	0.035
67.840	6.663	0.018
67.860	10.181	0.001
67.880	13.565	-0.012
67.900	16.750	-0.029
67.920	19.704	-0.041
67.940	22.400	-0.062
67.960	24.731	-0.071
67.980	26.740	-0.091
68.000	28.362	-0.103
68.020	29.597	-0.111
68.040	30.408	-0.124
68.060	30.806	-0.132
68.080	30.758	-0.136
68.100	30.301	-0.140
68.120	29.404	-0.137
68.140	28.104	-0.145
68.160	26.407	-0.134
68.180	24.355	-0.139
68.200	21.927	-0.129
68.220	19.199	-0.123
68.240	16.218	-0.111
68.260	12.979	-0.103
68.280	9.585	-0.091
68.300	6.051	-0.078
68.320	2.441	-0.063
68.340	-1.217	-0.049
68.360	-4.853	-0.033
68.380	-8.430	-0.012
68.400	-11.905	0.001
68.420	-15.171	0.021
68.440	-18.254	0.038
68.460	-21.100	0.055
68.480	-23.619	0.066
68.500	-25.811	0.084
68.520	-27.653	0.097
68.540	-29.098	0.108
68.560	-30.108	0.121
68.580	-30.693	0.125
68.600	-30.886	0.136
68.620	-30.661	0.141
68.640	-29.995	0.145
68.660	-28.910	0.145
68.680	-27.385	0.142
68.700	-25.505	0.141
68.720	-23.270	0.139
68.740	-20.681	0.129
68.760	-17.797	0.123
68.780	-14.698	0.109
68.800	-11.384	0.104
68.820	-7.887	0.088
68.840	-4.294	0.076
68.860	-0.636	0.057
68.880	3.032	0.044
68.900	6.641	0.027
68.920	10.143	0.009
68.940	13.554	-0.004
68.960	16.723	-0.022
68.980	19.682	-0.038
69.000	22.389	-0.050
69.020	24.720	-0.066
69.040	26.735	-0.082
69.060	28.357	-0.091
69.080	29.597	-0.104
69.100	30.408	-0.115
69.120	30.806	-0.124
69.140	30.758	-0.124
69.160	30.306	-0.129
69.180	29.409	-0.130
69.200	28.110	-0.136
69.220	26.423	-0.131
69.240	24.371	-0.130
69.260	21.949	-0.121
69.280	19.210	-0.116
69.300	16.245	-0.106
69.320	13.006	-0.097
69.340	9.606	-0.085
69.360	6.083	-0.070
69.380	2.484	-0.060
69.400	-1.184	-0.040
69.420	-4.815	-0.029
69.440	-8.419	-0.006
69.460	-11.873	0.005
69.480	-15.138	0.024
69.500	-18.238	0.040
69.520	-21.063	0.057
69.540	-23.582	0.071
69.560	-25.779	0.088
69.580	-27.626	0.095
69.600	-29.076	0.111
69.620	-30.086	0.123
69.640	-30.677	0.128
69.660	-30.870	0.136
69.680	-30.639	0.141
69.700	-30.000	0.145
69.720	-28.905	0.145
69.740	-27.358	0.144
69.760	-25.489	0.144
69.780	-23.276	0.137
69.800	-20.708	0.128
69.820	-17.808	0.124
69.840	-14.703	0.112
69.860	-11.395	0.097
69.880	-7.898	0.087
69.900	-4.294	0.075
69.920	-0.653	0.058
69.940	3.010	0.038
69.960	6.620	0.026
69.980	10.122	0.007
70.000	13.516	-0.009
70.020	16.718	-0.030
70.040	19.672	-0.041
70.060	22.368	-0.059
70.080	24.715	-0.070
70.100	26.729	-0.085
70.120	28.346	-0.096
70.140	29.587	-0.114
70.160	30.398	-0.118
70.180	30.801	-0.128
70.200	30.758	-0.131
70.220	30.306	-0.135
70.240	29.415	-0.133
70.260	28.126	-0.141
70.280	26.428	-0.134
70.300	24.393	-0.133
70.320	21.954	-0.131
70.340	19.242	-0.124
70.360	16.266	-0.116
70.380	13.033	-0.102
70.400	9.644	-0.091
70.420	6.104	-0.076
70.440	2.500	-0.064
70.460	-1.147	-0.046
70.480	-4.799	-0.034
70.500	-8.382	-0.017
70.520	-11.841	-0.002
70.540	-15.101	0.020
70.560	-18.205	0.034
70.580	-21.025	0.048
70.600	-23.555	0.060
70.620	-25.752	0.081
70.640	-27.589	0.091
70.660	-29.050	0.099
70.680	-30.081	0.116
70.700	-30.661	0.119
70.720	-30.865	0.130
70.740	-30.634	0.133
70.760	-30.000	0.137
70.780	-28.894	0.135
70.800	-27.390	0.135
70.820	-25.494	0.130
70.840	-23.265	0.127
70.860	-20.703	0.122
70.880	-17.824	0.111
70.900	-14.725	0.102
70.920	-11.416	0.092
70.940	-7.920	0.079
70.960	-4.326	0.059
70.980	-0.669	0.049
71.000	2.989	0.030
71.020	6.593	0.021
71.040	10.122	-0.004
71.060	13.500	-0.016
71.080	16.696	-0.037
71.100	19.639	-0.047
71.120	22.341	-0.067
71.140	24.699	-0.079
71.160	26.719	-0.098
71.180	28.330	-0.108
71.200	29.587	-0.118
71.220	30.398	-0.129
71.240	30.806	-0.135
71.260	30.768	-0.141
71.280	30.306	-0.147
71.300	29.426	-0.153
71.320	28.126	-0.146
71.340	26.455	-0.146
71.360	24.404	-0.142
71.380	21.970	-0.141
71.400	19.269	-0.130
71.420	16.282	-0.126
71.440	13.065	-0.109
71.460	9.655	-0.103
71.480	6.142	-0.085
71.500	2.522	-0.074
71.520	-1.125	-0.060
71.540	-4.761	-0.041
71.560	-8.360	-0.024
71.580	-11.803	-0.007
71.600	-15.095	0.009
71.620	-18.184	0.025
71.640	-21.009	0.038
71.660	-23.533	0.057
71.680	-25.725	0.071
71.700	-27.594	0.088
71.720	-29.050	0.097
71.740	-30.059	0.109
71.760	-30.666	0.115
71.780	-30.870	0.125
71.800	-30.645	0.129
71.820	-29.995	0.133
71.840	-28.921	0.133
71.860	-27.390	0.129
71.880	-25.521	0.125
71.900	-23.286	0.125
71.920	-20.719	0.118
71.940	-17.851	0.110
71.960	-14.746	0.100
71.980	-11.422	0.088
72.000	-7.957	0.077
72.020	-4.353	0.061
72.040	-0.696	0.047
72.060	2.973	0.029
72.080	6.572	0.017
72.100	10.079	-0.000
72.120	13.484	-0.017
72.140	16.680	-0.036
72.160	19.618	-0.049
72.180	22.336	-0.064
72.200	24.683	-0.080
72.220	26.686	-0.094
72.240	28.324	-0.107
72.260	29.581	-0.115
72.280	30.398	-0.125
72.300	30.806	-0.132
72.320	30.768	-0.138
72.340	30.312	-0.144
72.360	29.436	-0.143
72.380	28.131	-0.148
72.400	26.461	-0.141
72.420	24.425	-0.142
72.440	22.003	-0.135
72.460	19.285	-0.131
72.480	16.293	-0.121
72.500	13.071	-0.108
72.520	9.687	-0.098
72.540	6.163	-0.083
72.560	2.532	-0.070
72.580	-1.115	-0.055
72.600	-4.756	-0.040
72.620	-8.344	-0.020
72.640	-11.798	-0.006
72.660	-15.079	0.015
72.680	-18.173	0.031
72.700	-21.009	0.046
72.720	-23.533	0.063
72.740	-25.736	0.078
72.760	-27.594	0.091
72.780	-29.055	0.101
72.800	-30.070	0.114
72.820	-30.688	0.124
72.840	-30.881	0.128
72.860	-30.656	0.130
72.880	-30.027	0.137
72.900	-28.937	0.134
72.920	-27.438	0.135
72.940	-25.548	0.135
72.960	-23.319	0.129
72.980	-20.773	0.125
73.000	-17.888	0.117
73.020	-14.779	0.102
73.040	-11.470	0.093
73.060	-7.979	0.082
73.080	-4.391	0.068
73.100	-0.728	0.054
73.120	2.935	0.038
73.140	6.539	0.023
73.160	10.052	0.000
73.180	13.468	-0.008
73.200	16.648	-0.029
73.220	19.607	-0.038
73.240	22.325	-0.060
73.260	24.661	-0.071
73.280	26.676	-0.087
73.300	28.314	-0.099
73.320	29.581	-0.108
73.340	30.398	-0.119
73.360	30.801	-0.123
73.380	30.763	-0.133
73.400	30.312	-0.130
73.420	29.436	-0.141
73.440	28.153	-0.136
73.460	26.466	-0.141
73.480	24.436	-0.128
73.500	22.013	-0.133
73.520	19.301	-0.118
73.540	16.325	-0.111
73.560	13.097	-0.099
73.580	9.708	-0.089
73.600	6.174	-0.074
73.620	2.559	-0.062
73.640	-1.093	-0.045
73.660	-4.735	-0.029
73.680	-8.323	-0.012
73.700	-11.776	0.005
73.720	-15.069	0.019
73.740	-18.157	0.042
73.760	-20.993	0.053
73.780	-23.517	0.070
73.800	-25.725	0.082
73.820	-27.578	0.098
73.840	-29.044	0.107
73.860	-30.070	0.121
73.880	-30.688	0.127
73.900	-30.881	0.137
73.920	-30.666	0.143
73.940	-30.016	0.143
73.960	-28.931	0.146
73.980	-27.449	0.141
74.000	-25.548	0.143
74.020	-23.335	0.139
74.040	-20.767	0.131
74.060	-17.894	0.126
74.080	-14.805	0.116
74.100	-11.470	0.098
