0.000	7.898	-0.269
0.020	4.246	-0.275
0.040	0.577	-0.282
0.060	-3.156	-0.283
0.080	-6.819	-0.277
0.100	-10.396	-0.273
0.120	-13.823	-0.256
0.140	-17.034	-0.247
0.160	-20.015	-0.222
0.180	-22.679	-0.209
0.200	-25.059	-0.173
0.220	-27.052	-0.155
0.240	-28.679	-0.118
0.260	-29.839	-0.090
0.280	-30.580	-0.055
0.300	-30.876	-0.022
0.320	-30.763	0.018
0.340	-30.220	0.045
0.360	-29.205	0.085
0.380	-27.787	0.110
0.400	-25.945	0.150
0.420	-23.727	0.173
0.440	-21.186	0.205
0.460	-18.302	0.228
0.480	-15.176	0.249
0.500	-11.851	0.268
0.520	-8.333	0.281
0.540	-4.676	0.289
0.560	-0.959	0.295
0.580	2.753	0.295
0.600	6.437	0.296
0.620	10.004	0.287
0.640	13.457	0.278
0.660	16.685	0.265
0.680	19.682	0.240
0.700	22.422	0.223
0.720	24.790	0.195
0.740	26.815	0.174
0.760	28.448	0.143
0.780	29.678	0.109
0.800	30.468	0.075
0.820	30.838	0.044
0.840	30.736	0.004
0.860	30.204	-0.024
0.880	29.254	-0.066
0.900	27.852	-0.096
0.920	26.090	-0.125
0.940	23.926	-0.153
0.960	21.390	-0.188
0.980	18.571	-0.204
1.000	15.488	-0.236
1.020	12.152	-0.246
1.040	8.672	-0.266
1.060	5.052	-0.270
1.080	1.367	-0.280
1.100	-2.350	-0.283
1.120	-6.013	-0.277
1.140	-9.638	-0.272
1.160	-13.071	-0.258
1.180	-16.336	-0.249
1.200	-19.376	-0.225
1.220	-22.115	-0.209
1.240	-24.565	-0.178
1.260	-26.633	-0.157
1.280	-28.330	-0.125
1.300	-29.614	-0.096
1.320	-30.446	-0.062
1.340	-30.822	-0.034
1.360	-30.827	0.008
1.380	-30.349	0.034
1.400	-29.442	0.074
1.420	-28.083	0.103
1.440	-26.326	0.140
1.460	-24.205	0.169
1.480	-21.734	0.198
1.500	-18.914	0.219
1.520	-15.842	0.243
1.540	-12.560	0.259
1.560	-9.064	0.272
1.580	-5.438	0.284
1.600	-1.743	0.289
1.620	1.979	0.293
1.640	5.664	0.289
1.660	9.257	0.286
1.680	12.748	0.277
1.700	16.030	0.262
1.720	19.075	0.238
1.740	21.885	0.226
1.760	24.328	0.195
1.780	26.434	0.174
1.800	28.136	0.140
1.820	29.452	0.114
1.840	30.339	0.074
1.860	30.790	0.049
1.880	30.801	0.007
1.900	30.365	-0.022
1.920	29.490	-0.067
1.940	28.196	-0.093
1.960	26.493	-0.127
1.980	24.420	-0.155
2.000	21.965	-0.191
2.020	19.204	-0.210
2.040	16.175	-0.234
2.060	12.888	-0.250
2.080	9.424	-0.266
2.100	5.830	-0.281
2.120	2.156	-0.283
2.140	-1.555	-0.291
2.160	-5.240	-0.283
2.180	-8.860	-0.279
2.200	-12.345	-0.270
2.220	-15.643	-0.257
2.240	-18.742	-0.237
2.260	-21.552	-0.221
2.280	-24.044	-0.195
2.300	-26.187	-0.171
2.320	-27.981	-0.142
2.340	-29.350	-0.110
2.360	-30.290	-0.080
2.380	-30.774	-0.045
2.400	-30.822	-0.013
2.420	-30.462	0.024
2.440	-29.667	0.054
2.460	-28.410	0.092
2.480	-26.729	0.121
2.500	-24.667	0.154
2.520	-22.271	0.179
2.540	-19.537	0.210
2.560	-16.508	0.227
2.580	-13.259	0.250
2.600	-9.810	0.260
2.620	-6.212	0.274
2.640	-2.532	0.277
2.660	1.190	0.285
2.680	4.896	0.279
2.700	8.505	0.277
2.720	12.007	0.265
2.740	15.353	0.256
2.760	18.442	0.236
2.780	21.310	0.220
2.800	23.829	0.194
2.820	26.010	0.169
2.840	27.814	0.138
2.860	29.205	0.113
2.880	30.188	0.074
2.900	30.731	0.043
2.920	30.833	0.008
2.940	30.505	-0.027
2.960	29.716	-0.059
2.980	28.512	-0.096
3.000	26.885	-0.129
3.020	24.903	-0.151
3.040	22.518	-0.195
3.060	19.811	-0.205
3.080	16.846	-0.254
3.100	13.602	-0.251
3.120	10.176	-0.292
3.140	6.609	-0.287
3.160	2.957	-0.307
3.180	-0.765	-0.305
3.200	-4.455	-0.303
3.220	-8.108	-0.309
3.240	-11.610	-0.286
3.260	-14.956	-0.295
3.280	-18.098	-0.254
3.300	-20.993	-0.249
3.320	-23.533	-0.217
3.340	-25.773	-0.196
3.360	-27.637	-0.170
3.380	-29.103	-0.134
3.400	-30.118	-0.107
3.420	-30.698	-0.067
3.440	-30.849	-0.041
3.460	-30.575	-0.002
3.480	-29.855	0.032
3.500	-28.706	0.068
3.520	-27.111	0.103
3.540	-25.134	0.141
3.560	-22.819	0.182
3.580	-20.139	0.198
3.600	-17.190	0.234
3.620	-13.968	0.243
3.640	-10.552	0.270
3.660	-6.996	0.270
3.680	-3.311	0.293
3.700	0.389	0.288
3.720	4.106	0.298
3.740	7.742	0.284
3.760	11.282	0.285
3.780	14.660	0.268
3.800	17.802	0.259
3.820	20.714	0.236
3.840	23.340	0.213
3.860	25.569	0.190
3.880	27.465	0.155
3.900	28.942	0.136
3.920	30.016	0.089
3.940	30.650	0.074
3.960	30.849	0.019
3.980	30.613	0.007
4.000	29.904	-0.048
4.020	28.797	-0.065
4.040	27.272	-0.117
4.060	25.360	-0.138
4.080	23.045	-0.183
4.100	20.407	-0.206
4.120	17.475	-0.226
4.140	14.295	-0.265
4.160	10.906	-0.254
4.180	7.372	-0.310
4.200	3.730	-0.265
4.220	0.030	-0.333
4.240	-3.693	-0.262
4.260	-7.340	-0.331
4.280	-10.901	-0.250
4.300	-14.284	-0.312
4.320	-17.480	-0.227
4.340	-20.418	-0.264
4.360	-23.050	-0.196
4.380	-25.354	-0.208
4.400	-27.309	-0.156
4.420	-28.862	-0.138
4.440	-29.963	-0.105
4.460	-30.656	-0.063
4.480	-30.876	-0.049
4.500	-30.715	0.011
4.520	-30.086	0.020
4.540	-29.017	0.081
4.560	-27.524	0.087
4.580	-25.644	0.143
4.600	-23.378	0.152
4.620	-20.762	0.202
4.640	-17.872	0.214
4.660	-14.698	0.264
4.680	-11.330	0.265
4.700	-7.785	0.289
4.720	-4.122	0.287
4.740	-0.416	0.303
4.760	3.301	0.298
4.780	6.964	0.299
4.800	10.514	0.289
4.820	13.941	0.280
4.840	17.153	0.269
4.860	20.117	0.247
4.880	22.792	0.231
4.900	25.118	0.198
4.920	27.084	0.179
4.940	28.657	0.140
4.960	29.818	0.120
4.980	30.553	0.075
5.000	30.838	0.057
5.020	30.688	0.005
5.040	30.092	-0.017
5.060	29.071	-0.054
5.080	27.605	-0.090
5.100	25.800	-0.117
5.120	23.555	-0.159
5.140	20.982	-0.171
5.160	18.125	-0.225
5.180	15.004	-0.226
5.200	11.620	-0.265
5.220	8.118	-0.258
5.240	4.493	-0.294
5.260	0.798	-0.274
5.280	-2.919	-0.304
5.300	-6.588	-0.274
5.320	-10.170	-0.291
5.340	-13.608	-0.251
5.360	-16.825	-0.266
5.380	-19.833	-0.219
5.400	-22.518	-0.224
5.420	-24.919	-0.178
5.440	-26.923	-0.165
5.460	-28.566	-0.134
5.480	-29.785	-0.098
5.500	-30.553	-0.071
5.520	-30.865	-0.030
5.540	-30.779	-0.005
5.560	-30.263	0.036
5.580	-29.297	0.065
5.600	-27.879	0.103
5.620	-26.069	0.132
5.640	-23.872	0.165
5.660	-21.347	0.192
5.680	-18.501	0.232
5.700	-15.391	0.258
5.720	-12.061	0.270
5.740	-8.543	0.289
5.760	-4.906	0.293
5.780	-1.200	0.309
5.800	2.522	0.303
5.820	6.196	0.309
5.840	9.773	0.295
5.860	13.232	0.294
5.880	16.492	0.272
5.900	19.500	0.264
5.920	22.266	0.228
5.940	24.656	0.216
5.960	26.719	0.185
5.980	28.362	0.160
6.000	29.608	0.123
6.020	30.435	0.098
6.040	30.827	0.058
6.060	30.758	0.027
6.080	30.263	-0.004
6.100	29.318	-0.050
6.120	27.965	-0.069
6.140	26.208	-0.119
6.160	24.087	-0.130
6.180	21.562	-0.194
6.200	18.759	-0.188
6.220	15.681	-0.242
6.240	12.356	-0.229
6.260	8.908	-0.274
6.280	5.293	-0.263
6.300	1.609	-0.287
6.320	-2.092	-0.273
6.340	-5.787	-0.281
6.360	-9.391	-0.271
6.380	-12.872	-0.262
6.400	-16.132	-0.254
6.420	-19.204	-0.225
6.440	-21.965	-0.219
6.460	-24.414	-0.179
6.480	-26.504	-0.172
6.500	-28.233	-0.127
6.520	-29.538	-0.111
6.540	-30.387	-0.063
6.560	-30.806	-0.043
6.580	-30.827	0.003
6.600	-30.387	0.030
6.620	-29.511	0.068
6.640	-28.179	0.100
6.660	-26.471	0.128
6.680	-24.344	0.165
6.700	-21.906	0.182
6.720	-19.108	0.220
6.740	-16.052	0.228
6.760	-12.775	0.260
6.780	-9.284	0.260
6.800	-5.669	0.288
6.820	-1.974	0.281
6.840	1.743	0.301
6.860	5.422	0.280
6.880	9.026	0.289
6.900	12.523	0.271
6.920	15.826	0.270
6.940	18.887	0.239
6.960	21.697	0.231
6.980	24.183	0.197
7.000	26.300	0.181
7.020	28.051	0.142
7.040	29.393	0.120
7.060	30.301	0.079
7.080	30.774	0.053
7.100	30.806	0.014
7.120	30.414	-0.021
7.140	29.554	-0.054
7.160	28.298	-0.091
7.180	26.611	-0.115
7.200	24.575	-0.153
7.220	22.137	-0.177
7.240	19.387	-0.207
7.260	16.374	-0.227
7.280	13.092	-0.248
7.300	9.660	-0.260
7.320	6.083	-0.275
7.340	2.398	-0.279
7.360	-1.302	-0.287
7.380	-5.009	-0.283
7.400	-8.623	-0.282
7.420	-12.131	-0.276
7.440	-15.455	-0.259
7.460	-18.549	-0.244
7.480	-21.374	-0.221
7.500	-23.909	-0.207
7.520	-26.085	-0.169
7.540	-27.884	-0.153
7.560	-29.275	-0.114
7.580	-30.231	-0.089
7.600	-30.747	-0.052
7.620	-30.849	-0.020
7.640	-30.489	0.014
7.660	-29.716	0.047
7.680	-28.502	0.082
7.700	-26.853	0.115
7.720	-24.823	0.143
7.740	-22.432	0.176
7.760	-19.704	0.198
7.780	-16.728	0.223
7.800	-13.490	0.243
7.820	-10.025	0.256
7.840	-6.448	0.268
7.860	-2.763	0.277
7.880	0.953	0.284
7.900	4.649	0.280
7.920	8.274	0.279
7.940	11.803	0.269
7.960	15.138	0.256
7.980	18.254	0.238
8.000	21.138	0.222
8.020	23.695	0.196
8.040	25.881	0.177
8.060	27.718	0.139
8.080	29.135	0.121
8.100	30.135	0.076
8.120	30.709	0.054
8.140	30.844	0.010
8.160	30.543	-0.017
8.180	29.780	-0.057
8.200	28.604	-0.083
8.220	27.009	-0.122
8.240	25.037	-0.150
8.260	22.669	-0.184
8.280	19.999	-0.205
8.300	17.029	-0.229
8.320	13.806	-0.253
8.340	10.390	-0.264
8.360	6.851	-0.283
8.380	3.198	-0.287
8.400	-0.508	-0.298
8.420	-4.214	-0.286
8.440	-7.866	-0.290
8.460	-11.400	-0.280
8.480	-14.746	-0.273
8.500	-17.905	-0.250
8.520	-20.816	-0.230
8.540	-23.383	-0.208
8.560	-25.644	-0.186
8.580	-27.530	-0.161
8.600	-29.023	-0.127
8.620	-30.054	-0.099
8.640	-30.656	-0.063
8.660	-30.854	-0.034
8.680	-30.602	0.008
8.700	-29.925	0.032
8.720	-28.797	0.078
8.740	-27.229	0.100
8.760	-25.279	0.141
8.780	-22.969	0.162
8.800	-20.316	0.197
8.820	-17.373	0.214
8.840	-14.188	0.242
8.860	-10.788	0.252
8.880	-7.221	0.271
8.900	-3.553	0.275
8.920	0.153	0.285
8.940	3.870	0.281
8.960	7.511	0.281
8.980	11.056	0.273
9.000	14.446	0.260
9.020	17.620	0.249
9.040	20.531	0.230
9.060	23.179	0.208
9.080	25.440	0.186
9.100	27.347	0.153
9.120	28.856	0.129
9.140	29.957	0.094
9.160	30.629	0.062
9.180	30.844	0.025
9.200	30.634	-0.006
9.220	29.957	-0.040
9.240	28.883	-0.076
9.260	27.352	-0.111
9.280	25.499	-0.136
9.300	23.217	-0.174
9.320	20.585	-0.193
9.340	17.679	-0.224
9.360	14.499	-0.237
9.380	11.132	-0.262
9.400	7.603	-0.266
9.420	3.956	-0.287
9.440	0.266	-0.283
9.460	-3.446	-0.295
9.480	-7.125	-0.275
9.500	-10.686	-0.279
9.520	-14.091	-0.262
9.540	-17.287	-0.257
9.560	-20.246	-0.228
9.580	-22.894	-0.215
9.600	-25.220	-0.183
9.620	-27.180	-0.159
9.640	-28.754	-0.129
9.660	-29.909	-0.101
9.680	-30.623	-0.066
9.700	-30.876	-0.039
9.720	-30.736	0.002
9.740	-30.145	0.032
9.760	-29.114	0.072
9.780	-27.626	0.101
9.800	-25.768	0.140
9.820	-23.533	0.162
9.840	-20.961	0.194
9.860	-18.055	0.217
9.880	-14.913	0.245
9.900	-11.556	0.255
9.920	-8.016	0.275
9.940	-4.364	0.278
9.960	-0.658	0.293
9.980	3.053	0.287
10.000	6.722	0.298
10.020	10.304	0.289
10.040	13.737	0.295
10.060	16.954	0.273
10.080	19.929	0.267
10.100	22.653	0.234
10.120	24.978	0.212
10.140	26.966	0.173
10.160	28.577	0.157
10.180	29.753	0.118
10.200	30.521	0.083
10.220	30.844	0.037
10.240	30.715	0.011
10.260	30.145	-0.018
10.280	29.152	-0.059
10.300	27.723	-0.097
10.320	25.907	-0.142
10.340	23.721	-0.158
10.360	21.159	-0.202
10.380	18.323	-0.217
10.400	15.208	-0.246
10.420	11.857	-0.261
10.440	8.349	-0.275
10.460	4.729	-0.298
10.480	1.039	-0.287
10.500	-2.667	-0.311
10.520	-6.341	-0.285
10.540	-9.955	-0.303
10.560	-13.393	-0.274
10.580	-16.621	-0.274
10.600	-19.639	-0.245
10.620	-22.363	-0.228
10.640	-24.758	-0.202
10.660	-26.821	-0.176
10.680	-28.469	-0.149
10.700	-29.699	-0.114
10.720	-30.521	-0.083
10.740	-30.860	-0.051
10.760	-30.801	-0.012
10.780	-30.301	0.020
10.800	-29.366	0.059
10.820	-27.997	0.090
10.840	-26.192	0.127
10.860	-24.038	0.162
10.880	-21.535	0.195
10.900	-18.683	0.219
10.920	-15.590	0.237
10.940	-12.292	0.262
10.960	-8.784	0.272
10.980	-5.143	0.290
11.000	-1.442	0.294
11.020	2.280	0.302
11.040	5.954	0.299
11.060	9.536	0.302
11.080	13.017	0.281
11.100	16.282	0.281
11.120	19.323	0.252
11.140	22.094	0.248
11.160	24.516	0.208
11.180	26.590	0.198
11.200	28.260	0.153
11.220	29.549	0.133
11.240	30.398	0.091
11.260	30.811	0.071
11.280	30.768	0.026
11.300	30.317	-0.001
11.320	29.399	-0.038
11.340	28.072	-0.080
11.360	26.337	-0.098
11.380	24.237	-0.144
11.400	21.750	-0.157
11.420	18.957	-0.207
11.440	15.896	-0.209
11.460	12.587	-0.262
11.480	9.123	-0.241
11.500	5.524	-0.294
11.520	1.840	-0.262
11.540	-1.877	-0.306
11.560	-5.535	-0.265
11.580	-9.182	-0.290
11.600	-12.641	-0.262
11.620	-15.928	-0.265
11.640	-19.006	-0.241
11.660	-21.782	-0.218
11.680	-24.253	-0.202
11.700	-26.369	-0.163
11.720	-28.136	-0.153
11.740	-29.442	-0.106
11.760	-30.349	-0.092
11.780	-30.790	-0.043
11.800	-30.827	-0.020
11.820	-30.425	0.022
11.840	-29.576	0.049
11.860	-28.281	0.088
11.880	-26.595	0.116
11.900	-24.490	0.152
11.920	-22.062	0.175
11.940	-19.290	0.198
11.960	-16.240	0.223
11.980	-12.985	0.248
12.000	-9.510	0.280
12.020	-5.911	0.285
12.040	-2.216	0.302
12.060	1.496	0.296
12.080	5.186	0.304
12.100	8.806	0.292
12.120	12.308	0.292
12.140	15.616	0.269
12.160	18.705	0.263
12.180	21.535	0.235
12.200	24.033	0.219
12.220	26.187	0.190
12.240	27.943	0.162
12.260	29.318	0.131
12.280	30.247	0.103
12.300	30.758	0.065
12.320	30.827	0.033
12.340	30.451	-0.003
12.360	29.630	-0.036
12.380	28.394	-0.071
12.400	26.740	-0.103
12.420	24.715	-0.133
12.440	22.287	-0.170
12.460	19.575	-0.195
12.480	16.578	-0.213
12.500	13.318	-0.240
12.520	9.880	-0.250
12.540	6.308	-0.270
12.560	2.635	-0.274
12.580	-1.066	-0.284
12.600	-4.772	-0.282
12.620	-8.403	-0.282
12.640	-11.910	-0.271
12.660	-15.230	-0.258
12.680	-18.345	-0.241
12.700	-21.208	-0.223
12.720	-23.754	-0.201
12.740	-25.945	-0.177
12.760	-27.766	-0.146
12.780	-29.195	-0.122
12.800	-30.188	-0.085
12.820	-30.704	-0.057
12.840	-30.849	-0.020
12.860	-30.543	0.011
12.880	-29.775	0.045
12.900	-28.598	0.078
12.920	-26.955	0.112
12.940	-24.951	0.143
12.960	-22.583	0.169
12.980	-19.886	0.198
13.000	-16.911	0.216
13.020	-13.704	0.241
13.040	-10.256	0.252
13.060	-6.674	0.271
13.080	-3.005	0.274
13.100	0.712	0.286
13.120	4.412	0.281
13.140	8.043	0.280
13.160	11.567	0.271
13.180	14.918	0.262
13.200	18.060	0.244
13.220	20.955	0.231
13.240	23.539	0.204
13.260	25.752	0.181
13.280	27.594	0.150
13.300	29.055	0.121
13.320	30.075	0.090
13.340	30.682	0.059
13.360	30.844	0.024
13.380	30.564	-0.014
13.400	29.828	-0.040
13.420	28.684	-0.078
13.440	27.105	-0.107
13.460	25.177	-0.144
13.480	22.851	-0.173
13.500	20.177	-0.200
13.520	17.233	-0.224
13.540	14.027	-0.241
13.560	10.637	-0.260
13.580	7.076	-0.270
13.600	3.435	-0.287
13.620	-0.277	-0.283
13.640	-3.983	-0.297
13.660	-7.635	-0.274
13.680	-11.153	-0.291
13.700	-14.537	-0.259
13.720	-17.711	-0.262
13.740	-20.633	-0.226
13.760	-23.233	-0.219
13.780	-25.505	-0.181
13.800	-27.422	-0.166
13.820	-28.926	-0.126
13.840	-30.016	-0.101
13.860	-30.645	-0.063
13.880	-30.849	-0.035
13.900	-30.634	0.003
13.920	-29.963	0.033
13.940	-28.894	0.069
13.960	-27.342	0.102
13.980	-25.419	0.136
14.000	-23.136	0.162
14.020	-20.493	0.190
14.040	-17.561	0.213
14.060	-14.397	0.236
14.080	-11.019	0.252
14.100	-7.447	0.269
14.120	-3.789	0.276
14.140	-0.078	0.285
14.160	3.634	0.285
14.180	7.275	0.282
14.200	10.831	0.277
14.220	14.236	0.268
14.240	17.421	0.253
14.260	20.348	0.236
14.280	23.029	0.212
14.300	25.306	0.192
14.320	27.234	0.161
14.340	28.770	0.139
14.360	29.893	0.096
14.380	30.596	0.076
14.400	30.838	0.030
14.420	30.666	0.005
14.440	30.022	-0.036
14.460	28.969	-0.062
14.480	27.476	-0.106
14.500	25.623	-0.125
14.520	23.367	-0.164
14.540	20.762	-0.187
14.560	17.872	-0.217
14.580	14.730	-0.228
14.600	11.363	-0.254
14.620	7.828	-0.263
14.640	4.198	-0.279
14.660	0.502	-0.278
14.680	-3.209	-0.285
14.700	-6.878	-0.278
14.720	-10.460	-0.273
14.740	-13.871	-0.261
14.760	-17.088	-0.250
14.780	-20.064	-0.233
14.800	-22.744	-0.210
14.820	-25.096	-0.186
14.840	-27.084	-0.160
14.860	-28.684	-0.130
14.880	-29.850	-0.099
14.900	-30.586	-0.066
14.920	-30.881	-0.039
14.940	-30.763	0.006
14.960	-30.188	0.027
14.980	-29.200	0.071
15.000	-27.739	0.095
15.020	-25.897	0.137
15.040	-23.700	0.157
15.060	-21.133	0.195
15.080	-18.243	0.212
15.100	-15.122	0.240
15.120	-11.781	0.254
15.140	-8.253	0.273
15.160	-4.600	0.280
15.180	-0.894	0.289
15.200	2.823	0.289
15.220	6.496	0.292
15.240	10.068	0.282
15.260	13.516	0.276
15.280	16.744	0.261
15.300	19.741	0.246
15.320	22.481	0.227
15.340	24.839	0.202
15.360	26.864	0.175
15.380	28.475	0.149
15.400	29.710	0.115
15.420	30.489	0.088
15.440	30.844	0.048
15.460	30.736	0.017
15.480	30.204	-0.015
15.500	29.221	-0.047
15.520	27.830	-0.085
15.540	26.042	-0.110
15.560	23.872	-0.151
15.580	21.347	-0.167
15.600	18.517	-0.206
15.620	15.412	-0.214
15.640	12.072	-0.245
15.660	8.591	-0.246
15.680	4.971	-0.271
15.700	1.281	-0.267
15.720	-2.441	-0.280
15.740	-6.115	-0.271
15.760	-9.714	-0.270
15.780	-13.178	-0.257
15.800	-16.417	-0.248
15.820	-19.462	-0.225
15.840	-22.196	-0.207
15.860	-24.618	-0.184
15.880	-26.702	-0.159
15.900	-28.378	-0.129
15.920	-29.635	-0.100
15.940	-30.473	-0.067
15.960	-30.822	-0.038
15.980	-30.806	0.001
16.000	-30.355	0.032
16.020	-29.442	0.066
16.040	-28.083	0.099
16.060	-26.321	0.135
16.080	-24.173	0.164
16.100	-21.691	0.193
16.120	-18.877	0.215
16.140	-15.799	0.239
16.160	-12.501	0.256
16.180	-9.005	0.276
16.200	-5.379	0.282
16.220	-1.673	0.297
16.240	2.033	0.297
16.260	5.734	0.295
16.280	9.332	0.290
16.300	12.802	0.279
16.320	16.089	0.271
16.340	19.135	0.255
16.360	21.944	0.231
16.380	24.377	0.210
16.400	26.466	0.188
16.420	28.169	0.152
16.440	29.485	0.128
16.460	30.360	0.090
16.480	30.795	0.060
16.500	30.795	0.028
16.520	30.365	-0.005
16.540	29.474	-0.043
16.560	28.163	-0.076
16.580	26.461	-0.109
16.600	24.387	-0.135
16.620	21.901	-0.171
16.640	19.140	-0.192
16.660	16.111	-0.218
16.680	12.813	-0.233
16.700	9.343	-0.253
16.720	5.766	-0.262
16.740	2.081	-0.276
16.760	-1.630	-0.273
16.780	-5.315	-0.278
16.800	-8.946	-0.269
16.820	-12.431	-0.266
16.840	-15.724	-0.248
16.860	-18.807	-0.235
16.880	-21.611	-0.212
16.900	-24.119	-0.192
16.920	-26.240	-0.166
16.940	-28.034	-0.139
16.960	-29.393	-0.111
16.980	-30.317	-0.075
17.000	-30.779	-0.046
17.020	-30.838	-0.010
17.040	-30.457	0.020
17.060	-29.651	0.059
17.080	-28.378	0.088
17.100	-26.713	0.119
17.120	-24.640	0.156
17.140	-22.212	0.180
17.160	-19.473	0.210
17.180	-16.449	0.228
17.200	-13.205	0.250
17.220	-9.735	0.261
17.240	-6.147	0.279
17.260	-2.447	0.281
17.280	1.260	0.291
17.300	4.955	0.287
17.320	8.580	0.287
17.340	12.077	0.278
17.360	15.412	0.269
17.380	18.506	0.244
17.400	21.358	0.232
17.420	23.888	0.203
17.440	26.047	0.189
17.460	27.836	0.149
17.480	29.232	0.129
17.500	30.199	0.092
17.520	30.741	0.061
17.540	30.827	0.023
17.560	30.478	-0.007
17.580	29.678	-0.042
17.600	28.486	-0.076
17.620	26.847	-0.111
17.640	24.860	-0.137
17.660	22.475	-0.172
17.680	19.758	-0.193
17.700	16.766	-0.225
17.720	13.538	-0.237
17.740	10.111	-0.254
17.760	6.534	-0.267
17.780	2.871	-0.281
17.800	-0.830	-0.281
17.820	-4.531	-0.287
17.840	-8.177	-0.277
17.860	-11.679	-0.277
17.880	-15.026	-0.259
17.900	-18.168	-0.249
17.920	-21.047	-0.224
17.940	-23.603	-0.207
17.960	-25.811	-0.178
17.980	-27.680	-0.154
18.000	-29.119	-0.124
18.020	-30.145	-0.096
18.040	-30.709	-0.059
18.060	-30.860	-0.030
18.080	-30.564	0.009
18.100	-29.844	0.039
18.120	-28.679	0.072
18.140	-27.073	0.104
18.160	-25.086	0.136
18.180	-22.755	0.164
18.200	-20.074	0.194
18.220	-17.120	0.214
18.240	-13.914	0.239
18.260	-10.476	0.251
18.280	-6.926	0.267
18.300	-3.236	0.272
18.320	0.470	0.281
18.340	4.181	0.282
18.360	7.823	0.280
18.380	11.346	0.269
18.400	14.725	0.260
18.420	17.872	0.243
18.440	20.778	0.233
18.460	23.388	0.202
18.480	25.617	0.184
18.500	27.492	0.150
18.520	28.974	0.129
18.540	30.027	0.090
18.560	30.661	0.061
18.580	30.849	0.021
18.600	30.607	-0.004
18.620	29.887	-0.040
18.640	28.776	-0.073
18.660	27.218	-0.111
18.680	25.311	-0.134
18.700	22.991	-0.170
18.720	20.354	-0.192
18.740	17.427	-0.221
18.760	14.236	-0.239
18.780	10.842	-0.257
18.800	7.307	-0.273
18.820	3.660	-0.283
18.840	-0.030	-0.288
18.860	-3.741	-0.291
18.880	-7.404	-0.286
18.900	-10.954	-0.281
18.920	-14.344	-0.270
18.940	-17.518	-0.256
18.960	-20.461	-0.230
18.980	-23.088	-0.215
19.000	-25.365	-0.187
19.020	-27.325	-0.166
19.040	-28.845	-0.130
19.060	-29.947	-0.103
19.080	-30.623	-0.070
19.100	-30.849	-0.041
19.120	-30.666	0.000
19.140	-30.043	0.025
19.160	-28.974	0.070
19.180	-27.454	0.095
19.200	-25.569	0.132
19.220	-23.286	0.159
19.240	-20.671	0.188
19.260	-17.765	0.211
19.280	-14.601	0.236
19.300	-11.228	0.251
19.320	-7.689	0.268
19.340	-4.020	0.274
19.360	-0.325	0.285
19.380	3.392	0.282
19.400	7.050	0.282
19.420	10.600	0.275
19.440	14.021	0.270
19.460	17.222	0.253
19.480	20.177	0.237
19.500	22.857	0.212
19.520	25.161	0.196
19.540	27.132	0.164
19.560	28.690	0.139
19.580	29.839	0.099
19.600	30.564	0.074
19.620	30.844	0.036
19.640	30.682	0.004
19.660	30.086	-0.029
19.680	29.050	-0.062
19.700	27.599	-0.097
19.720	25.762	-0.127
19.740	23.528	-0.162
19.760	20.950	-0.186
19.780	18.071	-0.210
19.800	14.940	-0.229
19.820	11.567	-0.250
19.840	8.065	-0.263
19.860	4.439	-0.275
19.880	0.739	-0.277
19.900	-2.984	-0.284
19.920	-6.641	-0.279
19.940	-10.235	-0.275
19.960	-13.667	-0.265
19.980	-16.889	-0.254
20.000	-19.865	-0.231
20.020	-22.572	-0.217
20.040	-24.946	-0.183
20.060	-26.966	-0.167
20.080	-28.604	-0.134
20.100	-29.796	-0.105
20.120	-30.559	-0.070
20.140	-30.865	-0.044
20.160	-30.774	-0.001
20.180	-30.242	0.028
20.200	-29.270	0.065
20.220	-27.841	0.089
20.240	-26.020	0.129
20.260	-23.850	0.157
20.280	-21.304	0.188
20.300	-18.442	0.208
20.320	-15.326	0.237
20.340	-12.012	0.253
20.360	-8.473	0.274
20.380	-4.837	0.277
20.400	-1.141	0.287
20.420	2.586	0.289
20.440	6.260	0.292
20.460	9.837	0.284
20.480	13.302	0.273
20.500	16.546	0.262
20.520	19.553	0.247
20.540	22.320	0.230
20.560	24.704	0.202
20.580	26.740	0.177
20.600	28.384	0.148
20.620	29.640	0.121
20.640	30.446	0.086
20.660	30.827	0.056
20.680	30.752	0.017
20.700	30.258	-0.010
20.720	29.291	-0.047
20.740	27.938	-0.077
20.760	26.176	-0.112
20.780	24.022	-0.143
20.800	21.498	-0.172
20.820	18.705	-0.196
20.840	15.606	-0.215
20.860	12.297	-0.235
20.880	8.817	-0.254
20.900	5.202	-0.265
20.920	1.523	-0.270
20.940	-2.210	-0.275
20.960	-5.868	-0.274
20.980	-9.504	-0.270
21.000	-12.942	-0.262
21.020	-16.234	-0.248
21.040	-19.269	-0.229
21.060	-22.024	-0.212
21.080	-24.479	-0.185
21.100	-26.568	-0.159
21.120	-28.292	-0.135
21.140	-29.587	-0.103
21.160	-30.435	-0.070
21.180	-30.822	-0.039
21.200	-30.827	-0.004
21.220	-30.398	0.028
21.240	-29.517	0.064
21.260	-28.185	0.094
21.280	-26.423	0.129
21.300	-24.328	0.157
21.320	-21.874	0.187
21.340	-19.059	0.213
21.360	-16.003	0.238
21.380	-12.700	0.255
21.400	-9.219	0.269
21.420	-5.621	0.285
21.440	-1.920	0.289
21.460	1.802	0.298
21.480	5.492	0.292
21.500	9.091	0.289
21.520	12.587	0.278
21.540	15.890	0.272
21.560	18.941	0.252
21.580	21.761	0.235
21.600	24.221	0.208
21.620	26.337	0.191
21.640	28.067	0.154
21.660	29.409	0.130
21.680	30.306	0.091
21.700	30.790	0.061
21.720	30.806	0.028
21.740	30.403	-0.005
21.760	29.538	-0.040
21.780	28.255	-0.073
21.800	26.573	-0.107
21.820	24.522	-0.134
21.840	22.083	-0.164
21.860	19.328	-0.192
21.880	16.309	-0.215
21.900	13.022	-0.236
21.920	9.585	-0.252
21.940	5.997	-0.262
21.960	2.318	-0.270
21.980	-1.388	-0.277
22.000	-5.084	-0.281
22.020	-8.725	-0.268
22.040	-12.200	-0.267
22.060	-15.514	-0.251
22.080	-18.619	-0.241
22.100	-21.449	-0.215
22.120	-23.958	-0.196
22.140	-26.117	-0.171
22.160	-27.922	-0.144
22.180	-29.307	-0.114
22.200	-30.253	-0.083
22.220	-30.747	-0.051
22.240	-30.844	-0.018
22.260	-30.494	0.017
22.280	-29.699	0.047
22.300	-28.480	0.083
22.320	-26.815	0.113
22.340	-24.774	0.152
22.360	-22.389	0.173
22.380	-19.661	0.206
22.400	-16.648	0.223
22.420	-13.441	0.246
22.440	-9.966	0.262
22.460	-6.378	0.276
22.480	-2.688	0.279
22.500	1.023	0.289
22.520	4.719	0.288
22.540	8.344	0.281
22.560	11.857	0.278
22.580	15.214	0.265
22.600	18.313	0.248
22.620	21.186	0.235
22.640	23.732	0.206
22.660	25.913	0.187
22.680	27.750	0.153
22.700	29.162	0.130
22.720	30.145	0.097
22.740	30.720	0.061
22.760	30.833	0.030
22.780	30.527	-0.007
22.800	29.748	-0.039
22.820	28.572	-0.072
22.840	26.955	-0.109
22.860	25.005	-0.134
22.880	22.610	-0.171
22.900	19.935	-0.188
22.920	16.975	-0.225
22.940	13.737	-0.233
22.960	10.326	-0.262
22.980	6.776	-0.258
23.000	3.118	-0.286
23.020	-0.594	-0.278
23.040	-4.289	-0.292
23.060	-7.941	-0.274
23.080	-11.465	-0.283
23.100	-14.827	-0.258
23.120	-17.969	-0.254
23.140	-20.869	-0.226
23.160	-23.431	-0.212
23.180	-25.660	-0.183
23.200	-27.567	-0.160
23.220	-29.033	-0.131
23.240	-30.086	-0.096
23.260	-30.677	-0.066
23.280	-30.860	-0.034
23.300	-30.596	0.005
23.320	-29.904	0.030
23.340	-28.770	0.071
23.360	-27.197	0.099
23.380	-25.231	0.131
23.400	-22.910	0.160
23.420	-20.268	0.188
23.440	-17.303	0.210
23.460	-14.123	0.238
23.480	-10.707	0.245
23.500	-7.135	0.266
23.520	-3.472	0.269
23.540	0.234	0.283
23.560	3.934	0.277
23.580	7.581	0.278
23.600	11.132	0.266
23.620	14.515	0.263
23.640	17.684	0.244
23.660	20.595	0.234
23.680	23.222	0.204
23.700	25.489	0.188
23.720	27.395	0.151
23.740	28.883	0.132
23.760	29.979	0.090
23.780	30.629	0.064
23.800	30.854	0.024
23.820	30.623	-0.003
23.840	29.952	-0.042
23.860	28.862	-0.071
23.880	27.347	-0.110
23.900	25.451	-0.135
23.920	23.168	-0.172
23.940	20.536	-0.194
23.960	17.620	-0.221
23.980	14.446	-0.241
24.000	11.051	-0.258
24.020	7.544	-0.270
24.040	3.897	-0.284
24.060	0.207	-0.291
24.080	-3.510	-0.290
24.100	-7.173	-0.287
24.120	-10.723	-0.283
24.140	-14.123	-0.270
24.160	-17.308	-0.258
24.180	-20.279	-0.237
24.200	-22.921	-0.217
24.220	-25.236	-0.192
24.240	-27.207	-0.170
24.260	-28.760	-0.135
24.280	-29.893	-0.109
24.300	-30.591	-0.067
24.320	-30.849	-0.044
24.340	-30.688	-0.002
24.360	-30.086	0.020
24.380	-29.050	0.066
24.400	-27.556	0.090
24.420	-25.687	0.127
24.440	-23.448	0.156
24.460	-20.848	0.188
24.480	-17.964	0.206
24.500	-14.811	0.232
24.520	-11.465	0.248
24.540	-7.930	0.267
24.560	-4.273	0.268
24.580	-0.572	0.284
24.600	3.161	0.285
24.620	6.813	0.282
24.640	10.369	0.275
24.660	13.812	0.265
24.680	17.029	0.251
24.700	19.999	0.239
24.720	22.712	0.213
24.740	25.021	0.194
24.760	27.019	0.164
24.780	28.598	0.137
24.800	29.796	0.103
24.820	30.537	0.078
24.840	30.838	0.039
24.860	30.709	0.009
24.880	30.140	-0.027
24.900	29.130	-0.060
24.920	27.696	-0.096
24.940	25.891	-0.121
24.960	23.668	-0.160
24.980	21.111	-0.183
25.000	18.264	-0.209
25.020	15.149	-0.229
25.040	11.803	-0.249
25.060	8.290	-0.264
25.080	4.659	-0.270
25.100	0.969	-0.287
25.120	-2.742	-0.283
25.140	-6.416	-0.283
25.160	-10.031	-0.273
25.180	-13.441	-0.269
25.200	-16.669	-0.251
25.220	-19.704	-0.237
25.240	-22.406	-0.216
25.260	-24.806	-0.188
25.280	-26.853	-0.168
25.300	-28.507	-0.138
25.320	-29.716	-0.108
25.340	-30.510	-0.071
25.360	-30.860	-0.043
25.380	-30.806	-0.009
25.400	-30.296	0.020
25.420	-29.350	0.061
25.440	-27.965	0.091
25.460	-26.165	0.128
25.480	-24.006	0.154
25.500	-21.482	0.184
25.520	-18.630	0.208
25.540	-15.536	0.235
25.560	-12.238	0.252
25.580	-8.715	0.272
25.600	-5.078	0.278
25.620	-1.356	0.286
25.640	2.355	0.285
25.660	6.034	0.289
25.680	9.601	0.283
25.700	13.087	0.274
25.720	16.352	0.264
25.740	19.371	0.251
25.760	22.158	0.228
25.780	24.554	0.202
25.800	26.611	0.182
25.820	28.292	0.153
25.840	29.576	0.122
25.860	30.414	0.086
25.880	30.817	0.058
25.900	30.779	0.020
25.920	30.301	-0.009
25.940	29.372	-0.046
25.960	28.034	-0.076
25.980	26.289	-0.113
26.000	24.178	-0.139
26.020	21.691	-0.170
26.040	18.882	-0.190
26.060	15.821	-0.221
26.080	12.517	-0.232
26.100	9.037	-0.255
26.120	5.444	-0.262
26.140	1.754	-0.274
26.160	-1.952	-0.273
26.180	-5.642	-0.277
26.200	-9.262	-0.266
26.220	-12.721	-0.262
26.240	-16.014	-0.251
26.260	-19.075	-0.230
26.280	-21.863	-0.213
26.300	-24.318	-0.188
26.320	-26.455	-0.164
26.340	-28.212	-0.134
26.360	-29.501	-0.108
26.380	-30.382	-0.072
26.400	-30.806	-0.040
26.420	-30.844	-0.009
26.440	-30.430	0.027
26.460	-29.587	0.059
26.480	-28.276	0.091
26.500	-26.557	0.124
26.520	-24.468	0.157
26.540	-22.035	0.181
26.560	-19.253	0.212
26.580	-16.202	0.233
26.600	-12.942	0.251
26.620	-9.440	0.265
26.640	-5.846	0.281
26.660	-2.156	0.286
26.680	1.571	0.294
26.700	5.266	0.290
26.720	8.865	0.290
26.740	12.362	0.278
26.760	15.676	0.273
26.780	18.753	0.252
26.800	21.584	0.236
26.820	24.081	0.210
26.840	26.214	0.193
26.860	27.970	0.155
26.880	29.350	0.132
26.900	30.258	0.095
26.920	30.763	0.065
26.940	30.811	0.032
26.960	30.435	0.000
26.980	29.597	-0.038
27.000	28.362	-0.069
27.020	26.686	-0.105
27.040	24.672	-0.129
27.060	22.223	-0.171
27.080	19.510	-0.188
27.100	16.503	-0.217
27.120	13.232	-0.228
27.140	9.789	-0.254
27.160	6.228	-0.258
27.180	2.559	-0.274
27.200	-1.152	-0.276
27.220	-4.847	-0.279
27.240	-8.484	-0.272
27.260	-11.975	-0.266
27.280	-15.300	-0.255
27.300	-18.420	-0.237
27.320	-21.283	-0.217
27.340	-23.797	-0.201
27.360	-25.983	-0.173
27.380	-27.830	-0.147
27.400	-29.221	-0.119
27.420	-30.210	-0.083
27.440	-30.736	-0.053
27.460	-30.849	-0.021
27.480	-30.537	0.016
27.500	-29.775	0.046
27.520	-28.572	0.081
27.540	-26.939	0.111
27.560	-24.914	0.144
27.580	-22.561	0.173
27.600	-19.838	0.203
27.620	-16.852	0.218
27.640	-13.640	0.247
27.660	-10.192	0.256
27.680	-6.609	0.277
27.700	-2.930	0.279
27.720	0.781	0.289
27.740	4.488	0.281
27.760	8.113	0.286
27.780	11.642	0.277
27.800	14.993	0.269
27.820	18.125	0.244
27.840	21.014	0.236
27.860	23.593	0.206
27.880	25.795	0.193
27.900	27.637	0.155
27.920	29.076	0.136
27.940	30.113	0.093
27.960	30.698	0.064
27.980	30.844	0.028
28.000	30.559	0.002
28.020	29.812	-0.037
28.040	28.663	-0.071
28.060	27.084	-0.105
28.080	25.134	-0.134
28.100	22.798	-0.168
28.120	20.117	-0.192
28.140	17.169	-0.220
28.160	13.951	-0.237
28.180	10.546	-0.254
28.200	6.996	-0.266
28.220	3.349	-0.279
28.240	-0.346	-0.285
28.260	-4.069	-0.288
28.280	-7.716	-0.280
28.300	-11.250	-0.279
28.320	-14.601	-0.265
28.340	-17.776	-0.254
28.360	-20.687	-0.231
28.380	-23.270	-0.211
28.400	-25.542	-0.183
28.420	-27.454	-0.165
28.440	-28.958	-0.132
28.460	-30.022	-0.106
28.480	-30.639	-0.065
28.500	-30.860	-0.039
28.520	-30.629	0.001
28.540	-29.963	0.028
28.560	-28.851	0.067
28.580	-27.320	0.094
28.600	-25.370	0.130
28.620	-23.082	0.156
28.640	-20.440	0.186
28.660	-17.512	0.206
28.680	-14.338	0.235
28.700	-10.933	0.247
28.720	-7.383	0.262
28.740	-3.719	0.266
28.760	0.003	0.279
28.780	3.703	0.280
28.800	7.350	0.280
28.820	10.895	0.268
28.840	14.301	0.261
28.860	17.480	0.246
28.880	20.418	0.232
28.900	23.072	0.206
28.920	25.349	0.189
28.940	27.277	0.154
28.960	28.808	0.133
28.980	29.925	0.097
29.000	30.602	0.069
29.020	30.854	0.030
29.040	30.656	-0.001
29.060	30.022	-0.038
29.080	28.942	-0.067
29.100	27.460	-0.106
29.120	25.580	-0.132
29.140	23.302	-0.166
29.160	20.714	-0.192
29.180	17.808	-0.217
29.200	14.666	-0.234
29.220	11.293	-0.256
29.240	7.769	-0.271
29.260	4.133	-0.284
29.280	0.443	-0.287
29.300	-3.268	-0.291
29.320	-6.942	-0.285
29.340	-10.509	-0.283
29.360	-13.908	-0.269
29.380	-17.110	-0.259
29.400	-20.085	-0.236
29.420	-22.749	-0.221
29.440	-25.096	-0.193
29.460	-27.089	-0.170
29.480	-28.674	-0.138
29.500	-29.834	-0.110
29.520	-30.559	-0.071
29.540	-30.849	-0.048
29.560	-30.725	-0.005
29.580	-30.145	0.020
29.600	-29.125	0.063
29.620	-27.675	0.088
29.640	-25.822	0.125
29.660	-23.609	0.152
29.680	-21.036	0.184
29.700	-18.152	0.205
29.720	-15.026	0.229
29.740	-11.685	0.246
29.760	-8.151	0.265
29.780	-4.509	0.269
29.800	-0.787	0.284
29.820	2.914	0.283
29.840	6.577	0.283
29.860	10.143	0.275
29.880	13.592	0.269
29.900	16.814	0.254
29.920	19.806	0.240
29.940	22.540	0.219
29.960	24.892	0.194
29.980	26.890	0.169
30.000	28.507	0.141
30.020	29.732	0.108
30.040	30.505	0.079
30.060	30.838	0.044
30.080	30.731	0.010
30.100	30.188	-0.021
30.120	29.200	-0.061
30.140	27.787	-0.092
30.160	26.004	-0.122
30.180	23.829	-0.153
30.200	21.288	-0.178
30.220	18.447	-0.207
30.240	15.353	-0.228
30.260	12.007	-0.249
30.280	8.521	-0.258
30.300	4.901	-0.273
30.320	1.222	-0.280
30.340	-2.511	-0.286
30.360	-6.179	-0.279
30.380	-9.789	-0.275
30.400	-13.242	-0.268
30.420	-16.476	-0.257
30.440	-19.521	-0.236
30.460	-22.250	-0.223
30.480	-24.677	-0.186
30.500	-26.724	-0.171
30.520	-28.410	-0.141
30.540	-29.656	-0.110
30.560	-30.489	-0.078
30.580	-30.838	-0.046
30.600	-30.822	-0.014
30.620	-30.349	0.019
30.640	-29.431	0.059
30.660	-28.040	0.091
30.680	-26.283	0.126
30.700	-24.151	0.152
30.720	-21.675	0.181
30.740	-18.834	0.210
30.760	-15.740	0.231
30.780	-12.458	0.249
30.800	-8.940	0.267
30.820	-5.315	0.277
30.840	-1.614	0.282
30.860	2.103	0.289
30.880	5.803	0.288
30.900	9.386	0.282
30.920	12.866	0.274
30.940	16.148	0.268
30.960	19.183	0.252
30.980	21.970	0.232
31.000	24.409	0.206
31.020	26.498	0.183
31.040	28.201	0.152
31.060	29.506	0.127
31.080	30.371	0.091
31.100	30.795	0.058
31.120	30.784	0.020
31.140	30.349	-0.007
31.160	29.442	-0.042
31.180	28.136	-0.071
31.200	26.407	-0.110
31.220	24.328	-0.134
31.240	21.847	-0.171
31.260	19.070	-0.193
31.280	16.025	-0.217
31.300	12.716	-0.229
31.320	9.268	-0.252
31.340	5.675	-0.260
31.360	1.990	-0.273
31.380	-1.711	-0.275
31.400	-5.401	-0.277
31.420	-9.037	-0.266
31.440	-12.517	-0.262
31.460	-15.804	-0.253
31.480	-18.893	-0.229
31.500	-21.691	-0.214
31.520	-24.173	-0.192
31.540	-26.316	-0.167
31.560	-28.088	-0.139
31.580	-29.436	-0.109
31.600	-30.355	-0.077
31.620	-30.795	-0.047
31.640	-30.860	-0.007
31.660	-30.478	0.021
31.680	-29.667	0.057
31.700	-28.357	0.093
31.720	-26.686	0.122
31.740	-24.613	0.157
31.760	-22.196	0.181
31.780	-19.446	0.212
31.800	-16.401	0.231
31.820	-13.162	0.252
31.840	-9.681	0.265
31.860	-6.083	0.284
31.880	-2.393	0.285
31.900	1.329	0.293
31.920	5.035	0.289
31.940	8.639	0.292
31.960	12.147	0.279
31.980	15.471	0.275
32.000	18.571	0.253
32.020	21.417	0.238
32.040	23.942	0.210
32.060	26.095	0.196
32.080	27.868	0.160
32.100	29.264	0.135
32.120	30.226	0.099
32.140	30.747	0.069
32.160	30.833	0.034
32.180	30.478	-0.001
32.200	29.667	-0.037
32.220	28.443	-0.067
32.240	26.815	-0.104
32.260	24.817	-0.127
32.280	22.416	-0.163
32.300	19.693	-0.186
32.320	16.712	-0.214
32.340	13.457	-0.229
32.360	10.014	-0.250
32.380	6.464	-0.258
32.400	2.796	-0.274
32.420	-0.916	-0.275
32.440	-4.616	-0.279
32.460	-8.258	-0.270
32.480	-11.744	-0.267
32.500	-15.090	-0.254
32.520	-18.238	-0.237
32.540	-21.116	-0.218
32.560	-23.657	-0.204
32.580	-25.865	-0.174
32.600	-27.712	-0.151
32.620	-29.162	-0.120
32.640	-30.167	-0.091
32.660	-30.720	-0.056
32.680	-30.860	-0.024
32.700	-30.570	0.015
32.720	-29.823	0.044
32.740	-28.657	0.082
32.760	-27.057	0.111
32.780	-25.064	0.144
32.800	-22.717	0.169
32.820	-20.026	0.197
32.840	-17.061	0.219
32.860	-13.839	0.245
32.880	-10.423	0.255
32.900	-6.835	0.271
32.920	-3.161	0.275
32.940	0.545	0.289
32.960	4.251	0.286
32.980	7.893	0.282
33.000	11.422	0.277
33.020	14.795	0.269
33.040	17.926	0.252
33.060	20.821	0.238
33.080	23.431	0.206
33.100	25.666	0.194
33.120	27.530	0.156
33.140	28.990	0.136
33.160	30.054	0.095
33.180	30.672	0.069
33.200	30.849	0.033
33.220	30.591	0.003
33.240	29.882	-0.034
33.260	28.743	-0.070
33.280	27.202	-0.104
33.300	25.274	-0.130
33.320	22.943	-0.167
33.340	20.289	-0.190
33.360	17.362	-0.220
33.380	14.161	-0.233
33.400	10.777	-0.257
33.420	7.238	-0.264
33.440	3.591	-0.283
33.460	-0.110	-0.284
33.480	-3.822	-0.288
33.500	-7.479	-0.275
33.520	-11.019	-0.281
33.540	-14.392	-0.262
33.560	-17.582	-0.255
33.580	-20.515	-0.229
33.600	-23.120	-0.213
33.620	-25.408	-0.189
33.640	-27.336	-0.163
33.660	-28.872	-0.135
33.680	-29.979	-0.105
33.700	-30.629	-0.069
33.720	-30.865	-0.040
33.740	-30.650	-0.001
33.760	-30.022	0.023
33.780	-28.937	0.065
33.800	-27.422	0.094
33.820	-25.505	0.128
33.840	-23.249	0.152
33.860	-20.612	0.185
33.880	-17.700	0.206
33.900	-14.537	0.235
33.920	-11.158	0.247
33.940	-7.603	0.260
33.960	-3.945	0.268
33.980	-0.239	0.279
34.000	3.467	0.275
34.020	7.130	0.276
34.040	10.670	0.272
34.060	14.107	0.262
34.080	17.292	0.249
34.100	20.225	0.236
34.120	22.916	0.209
34.140	25.204	0.189
34.160	27.154	0.159
34.180	28.717	0.135
34.200	29.871	0.099
34.220	30.575	0.070
34.240	30.844	0.034
34.260	30.682	0.001
34.280	30.075	-0.034
34.300	29.017	-0.065
34.320	27.540	-0.104
34.340	25.709	-0.128
34.360	23.474	-0.168
34.380	20.891	-0.186
34.400	18.007	-0.218
34.420	14.870	-0.233
34.440	11.491	-0.258
34.460	8.000	-0.262
34.480	4.369	-0.284
34.500	0.674	-0.286
34.520	-3.032	-0.290
34.540	-6.690	-0.286
34.560	-10.299	-0.287
34.580	-13.704	-0.270
34.600	-16.922	-0.259
34.620	-19.903	-0.237
34.640	-22.583	-0.222
34.660	-24.951	-0.197
34.680	-26.971	-0.174
34.700	-28.593	-0.142
34.720	-29.780	-0.115
34.740	-30.527	-0.077
34.760	-30.849	-0.049
34.780	-30.741	-0.010
34.800	-30.204	0.016
34.820	-29.200	0.061
34.840	-27.777	0.085
34.860	-25.945	0.123
34.880	-23.754	0.149
34.900	-21.208	0.180
34.920	-18.345	0.199
34.940	-15.224	0.227
34.960	-11.916	0.244
34.980	-8.392	0.264
35.000	-4.740	0.268
35.020	-1.039	0.283
35.040	2.683	0.281
35.060	6.351	0.282
35.080	9.928	0.276
35.100	13.387	0.269
35.120	16.621	0.256
35.140	19.634	0.242
35.160	22.363	0.219
35.180	24.742	0.201
35.200	26.783	0.167
35.220	28.410	0.141
35.240	29.662	0.111
35.260	30.462	0.083
35.280	30.833	0.045
35.300	30.747	0.013
35.320	30.247	-0.022
35.340	29.281	-0.055
35.360	27.906	-0.089
35.380	26.133	-0.120
35.400	23.985	-0.153
35.420	21.455	-0.179
35.440	18.646	-0.204
35.460	15.557	-0.225
35.480	12.238	-0.243
35.500	8.741	-0.262
35.520	5.127	-0.270
35.540	1.442	-0.280
35.560	-2.264	-0.283
35.580	-5.938	-0.279
35.600	-9.558	-0.275
35.620	-13.011	-0.271
35.640	-16.277	-0.255
35.660	-19.312	-0.238
35.680	-22.067	-0.222
35.700	-24.511	-0.192
35.720	-26.595	-0.175
35.740	-28.314	-0.142
35.760	-29.587	-0.115
35.780	-30.457	-0.079
35.800	-30.811	-0.047
35.820	-30.827	-0.013
35.840	-30.403	0.014
35.860	-29.501	0.056
35.880	-28.147	0.085
35.900	-26.407	0.122
35.920	-24.291	0.148
35.940	-21.836	0.181
35.960	-19.022	0.208
35.980	-15.955	0.228
36.000	-12.652	0.247
36.020	-9.171	0.265
36.040	-5.540	0.276
36.060	-1.840	0.286
36.080	1.866	0.286
36.100	5.556	0.287
36.120	9.150	0.283
36.140	12.646	0.273
36.160	15.949	0.267
36.180	18.990	0.251
36.200	21.815	0.234
36.220	24.280	0.207
36.240	26.380	0.183
36.260	28.104	0.155
36.280	29.431	0.128
36.300	30.323	0.092
36.320	30.774	0.063
36.340	30.795	0.022
36.360	30.371	-0.005
36.380	29.511	-0.041
36.400	28.233	-0.073
36.420	26.536	-0.109
36.440	24.473	-0.134
36.460	22.019	-0.171
36.480	19.258	-0.191
36.500	16.245	-0.217
36.520	12.942	-0.229
36.540	9.499	-0.254
36.560	5.895	-0.258
36.580	2.232	-0.278
36.600	-1.485	-0.275
36.620	-5.180	-0.278
36.640	-8.801	-0.263
36.660	-12.302	-0.265
36.680	-15.606	-0.252
36.700	-18.726	-0.235
36.720	-21.535	-0.216
36.740	-24.033	-0.192
36.760	-26.187	-0.172
36.780	-27.991	-0.138
36.800	-29.372	-0.112
36.820	-30.317	-0.077
36.840	-30.779	-0.049
36.860	-30.870	-0.012
36.880	-30.527	0.020
36.900	-29.705	0.056
36.920	-28.480	0.087
36.940	-26.810	0.119
36.960	-24.763	0.154
36.980	-22.379	0.178
37.000	-19.623	0.207
37.020	-16.615	0.224
37.040	-13.377	0.249
37.060	-9.912	0.261
37.080	-6.324	0.280
37.100	-2.640	0.285
37.120	1.082	0.294
37.140	4.783	0.290
37.160	8.414	0.290
37.180	11.927	0.280
37.200	15.262	0.272
37.220	18.372	0.256
37.240	21.219	0.239
37.260	23.781	0.210
37.280	25.945	0.194
37.300	27.766	0.158
37.320	29.173	0.138
37.340	30.167	0.097
37.360	30.720	0.072
37.380	30.838	0.036
37.400	30.510	0.003
37.420	29.737	-0.034
37.440	28.545	-0.063
37.460	26.923	-0.102
37.480	24.951	-0.129
37.500	22.556	-0.163
37.520	19.881	-0.185
37.540	16.895	-0.214
37.560	13.661	-0.225
37.580	10.251	-0.252
37.600	6.690	-0.257
37.620	3.027	-0.274
37.640	-0.679	-0.274
37.660	-4.380	-0.281
37.680	-8.038	-0.273
37.700	-11.529	-0.269
37.720	-14.897	-0.255
37.740	-18.039	-0.243
37.760	-20.934	-0.222
37.780	-23.507	-0.206
37.800	-25.730	-0.179
37.820	-27.605	-0.154
37.840	-29.093	-0.122
37.860	-30.135	-0.092
37.880	-30.693	-0.059
37.900	-30.876	-0.029
37.920	-30.602	0.011
37.940	-29.893	0.040
37.960	-28.765	0.078
37.980	-27.175	0.107
38.000	-25.209	0.140
38.020	-22.878	0.165
38.040	-20.214	0.198
38.060	-17.265	0.215
38.080	-14.053	0.244
38.100	-10.654	0.253
38.120	-7.071	0.272
38.140	-3.408	0.275
38.160	0.293	0.288
38.180	4.010	0.286
38.200	7.640	0.280
38.220	11.191	0.276
38.240	14.580	0.268
38.260	17.743	0.249
38.280	20.655	0.235
38.300	23.281	0.209
38.320	25.526	0.194
38.340	27.417	0.156
38.360	28.905	0.135
38.380	30.006	0.099
38.400	30.645	0.072
38.420	30.844	0.032
38.440	30.613	0.001
38.460	29.936	-0.033
38.480	28.835	-0.063
38.500	27.282	-0.104
38.520	25.403	-0.125
38.540	23.104	-0.167
38.560	20.472	-0.184
38.580	17.545	-0.217
38.600	14.370	-0.229
38.620	10.992	-0.253
38.640	7.469	-0.262
38.660	3.816	-0.283
38.680	0.121	-0.284
38.700	-3.591	-0.287
38.720	-7.254	-0.283
38.740	-10.804	-0.279
38.760	-14.188	-0.268
38.780	-17.373	-0.255
38.800	-20.338	-0.233
38.820	-22.975	-0.216
38.840	-25.279	-0.192
38.860	-27.240	-0.167
38.880	-28.797	-0.138
38.900	-29.914	-0.108
38.920	-30.629	-0.071
38.940	-30.860	-0.045
38.960	-30.698	-0.002
38.980	-30.086	0.022
39.000	-29.028	0.064
39.020	-27.540	0.089
39.040	-25.660	0.126
39.060	-23.421	0.148
39.080	-20.810	0.184
39.100	-17.905	0.202
39.120	-14.746	0.228
39.140	-11.406	0.242
39.160	-7.855	0.260
39.180	-4.181	0.263
39.200	-0.486	0.280
39.220	3.231	0.275
39.240	6.888	0.277
39.260	10.449	0.268
39.280	13.876	0.260
39.300	17.088	0.246
39.320	20.058	0.234
39.340	22.739	0.211
39.360	25.075	0.190
39.380	27.057	0.160
39.400	28.620	0.134
39.420	29.812	0.098
39.440	30.548	0.071
39.460	30.838	0.036
39.480	30.698	-0.001
39.500	30.108	-0.030
39.520	29.098	-0.067
39.540	27.658	-0.100
39.560	25.838	-0.126
39.580	23.630	-0.163
39.600	21.052	-0.185
39.620	18.200	-0.214
39.640	15.074	-0.233
39.660	11.728	-0.254
39.680	8.220	-0.268
39.700	4.590	-0.286
39.720	0.916	-0.289
39.740	-2.806	-0.294
39.760	-6.475	-0.286
39.780	-10.073	-0.286
39.800	-13.500	-0.272
39.820	-16.712	-0.262
39.840	-19.725	-0.238
39.860	-22.432	-0.227
39.880	-24.823	-0.197
39.900	-26.864	-0.176
39.920	-28.496	-0.144
39.940	-29.705	-0.119
39.960	-30.505	-0.081
39.980	-30.833	-0.053
40.000	-30.768	-0.014
40.020	-30.253	0.013
40.040	-29.281	0.055
40.060	-27.873	0.085
40.080	-26.079	0.119
40.100	-23.920	0.146
40.120	-21.396	0.174
40.140	-18.544	0.198
40.160	-15.434	0.223
40.180	-12.141	0.242
40.200	-8.607	0.257
40.220	-4.998	0.264
40.240	-1.281	0.277
40.260	2.430	0.281
40.280	6.115	0.281
40.300	9.681	0.275
40.320	13.151	0.265
40.340	16.417	0.255
40.360	19.430	0.239
40.380	22.212	0.220
40.400	24.597	0.197
40.420	26.659	0.170
40.440	28.314	0.143
40.460	29.597	0.111
40.480	30.419	0.079
40.500	30.811	0.048
40.520	30.763	0.012
40.540	30.263	-0.017
40.560	29.350	-0.055
40.580	28.002	-0.088
40.600	26.251	-0.121
40.620	24.124	-0.152
40.640	21.627	-0.184
40.660	18.823	-0.203
40.680	15.751	-0.229
40.700	12.437	-0.242
40.720	8.978	-0.260
40.740	5.352	-0.271
40.760	1.684	-0.281
40.780	-2.028	-0.282
40.800	-5.712	-0.283
40.820	-9.338	-0.277
40.840	-12.813	-0.273
40.860	-16.078	-0.258
40.880	-19.145	-0.240
40.900	-21.906	-0.225
40.920	-24.382	-0.196
40.940	-26.488	-0.179
40.960	-28.212	-0.146
40.980	-29.544	-0.119
41.000	-30.408	-0.084
41.020	-30.822	-0.055
41.040	-30.860	-0.018
41.060	-30.425	0.015
41.080	-29.571	0.049
41.100	-28.260	0.082
41.120	-26.541	0.114
41.140	-24.452	0.144
41.160	-22.008	0.175
41.180	-19.215	0.203
41.200	-16.159	0.223
41.220	-12.888	0.248
41.240	-9.402	0.260
41.260	-5.803	0.273
41.280	-2.092	0.279
41.300	1.625	0.287
41.320	5.309	0.285
41.340	8.929	0.282
41.360	12.431	0.273
41.380	15.740	0.267
41.400	18.807	0.249
41.420	21.627	0.234
41.440	24.119	0.204
41.460	26.246	0.186
41.480	28.002	0.153
41.500	29.350	0.128
41.520	30.285	0.093
41.540	30.758	0.065
41.560	30.806	0.021
41.580	30.425	-0.002
41.600	29.581	-0.042
41.620	28.314	-0.068
41.640	26.649	-0.109
41.660	24.618	-0.134
41.680	22.169	-0.168
41.700	19.446	-0.188
41.720	16.427	-0.216
41.740	13.162	-0.230
41.760	9.724	-0.250
41.780	6.147	-0.261
41.800	2.452	-0.273
41.820	-1.254	-0.277
41.840	-4.949	-0.278
41.860	-8.586	-0.273
41.880	-12.077	-0.265
41.900	-15.402	-0.251
41.920	-18.528	-0.237
41.940	-21.369	-0.218
41.960	-23.893	-0.200
41.980	-26.074	-0.169
42.000	-27.884	-0.146
42.020	-29.297	-0.114
42.040	-30.280	-0.088
42.060	-30.768	-0.050
42.080	-30.870	-0.020
42.100	-30.570	0.016
42.120	-29.807	0.046
42.140	-28.577	0.085
42.160	-26.917	0.112
42.180	-24.903	0.152
42.200	-22.529	0.175
42.220	-19.817	0.203
42.240	-16.830	0.223
42.260	-13.608	0.248
42.280	-10.138	0.257
42.300	-6.561	0.280
42.320	-2.876	0.281
42.340	0.857	0.292
42.360	4.541	0.289
42.380	8.172	0.290
42.400	11.690	0.277
42.420	15.047	0.271
42.440	18.184	0.256
42.460	21.068	0.239
42.480	23.625	0.213
42.500	25.827	0.196
42.520	27.653	0.161
42.540	29.103	0.138
42.560	30.118	0.100
42.580	30.704	0.074
42.600	30.838	0.036
42.620	30.548	0.007
42.640	29.807	-0.034
42.660	28.625	-0.063
42.680	27.035	-0.100
42.700	25.080	-0.125
42.720	22.733	-0.163
42.740	20.069	-0.180
42.760	17.094	-0.215
42.780	13.871	-0.225
42.800	10.466	-0.247
42.820	6.921	-0.254
42.840	3.258	-0.275
42.860	-0.454	-0.275
42.880	-4.149	-0.279
42.900	-7.802	-0.270
42.920	-11.330	-0.270
42.940	-14.698	-0.257
42.960	-17.845	-0.244
42.980	-20.762	-0.221
43.000	-23.362	-0.209
43.020	-25.607	-0.179
43.040	-27.497	-0.152
43.060	-29.007	-0.125
43.080	-30.065	-0.094
43.100	-30.682	-0.061
43.120	-30.870	-0.031
43.140	-30.639	0.009
43.160	-29.957	0.035
43.180	-28.845	0.078
43.200	-27.299	0.101
43.220	-25.338	0.138
43.240	-23.050	0.163
43.260	-20.397	0.194
43.280	-17.459	0.217
43.300	-14.284	0.240
43.320	-10.879	0.252
43.340	-7.323	0.270
43.360	-3.650	0.274
43.380	0.051	0.287
43.400	3.773	0.285
43.420	7.420	0.281
43.440	10.965	0.274
43.460	14.360	0.273
43.480	17.545	0.252
43.500	20.467	0.237
43.520	23.104	0.208
43.540	25.397	0.194
43.560	27.309	0.162
43.580	28.819	0.137
43.600	29.947	0.101
43.620	30.602	0.071
43.640	30.844	0.036
43.660	30.645	0.005
43.680	29.995	-0.032
43.700	28.910	-0.065
43.720	27.411	-0.099
43.740	25.537	-0.128
43.760	23.260	-0.161
43.780	20.655	-0.183
43.800	17.760	-0.211
43.820	14.596	-0.227
43.840	11.218	-0.253
43.860	7.689	-0.266
43.880	4.047	-0.279
43.900	0.363	-0.287
43.920	-3.360	-0.285
43.940	-7.023	-0.283
43.960	-10.594	-0.282
43.980	-13.984	-0.270
44.000	-17.201	-0.257
44.020	-20.160	-0.237
44.040	-22.830	-0.219
44.060	-25.150	-0.192
44.080	-27.121	-0.169
44.100	-28.711	-0.138
44.120	-29.855	-0.110
44.140	-30.580	-0.073
44.160	-30.860	-0.048
44.180	-30.709	-0.006
44.200	-30.129	0.019
44.220	-29.103	0.061
44.240	-27.648	0.085
44.260	-25.789	0.120
44.280	-23.571	0.148
44.300	-20.993	0.179
44.320	-18.098	0.202
44.340	-14.950	0.225
44.360	-11.620	0.242
44.380	-8.081	0.258
44.400	-4.428	0.261
44.420	-0.733	0.278
44.440	2.989	0.276
44.460	6.641	0.277
44.480	10.224	0.269
44.500	13.656	0.260
44.520	16.879	0.244
44.540	19.854	0.232
44.560	22.594	0.209
44.580	24.930	0.188
44.600	26.939	0.161
44.620	28.529	0.131
44.640	29.748	0.099
44.660	30.510	0.068
44.680	30.822	0.037
44.700	30.725	0.001
44.720	30.156	-0.031
44.740	29.173	-0.065
44.760	27.771	-0.100
44.780	25.967	-0.128
44.800	23.781	-0.159
44.820	21.229	-0.188
44.840	18.388	-0.214
44.860	15.283	-0.234
44.880	11.943	-0.254
44.900	8.462	-0.269
44.920	4.826	-0.282
44.940	1.152	-0.291
44.960	-2.565	-0.291
44.980	-6.239	-0.289
45.000	-9.843	-0.286
45.020	-13.269	-0.276
45.040	-16.530	-0.264
45.060	-19.532	-0.243
45.080	-22.266	-0.229
45.100	-24.688	-0.200
45.120	-26.740	-0.178
45.140	-28.400	-0.150
45.160	-29.646	-0.117
45.180	-30.473	-0.085
45.200	-30.817	-0.056
45.220	-30.795	-0.018
45.240	-30.296	0.011
45.260	-29.350	0.049
45.280	-27.986	0.078
45.300	-26.214	0.115
45.320	-24.060	0.140
45.340	-21.573	0.172
45.360	-18.742	0.196
45.380	-15.638	0.220
45.400	-12.351	0.238
45.420	-8.844	0.255
45.440	-5.218	0.266
45.460	-1.523	0.273
45.480	2.199	0.277
45.500	5.879	0.277
45.520	9.461	0.271
45.540	12.947	0.263
45.560	16.213	0.253
45.580	19.242	0.238
45.600	22.030	0.221
45.620	24.463	0.196
45.640	26.536	0.172
45.660	28.233	0.140
45.680	29.522	0.114
45.700	30.376	0.079
45.720	30.801	0.048
45.740	30.774	0.015
45.760	30.317	-0.018
45.780	29.420	-0.055
45.800	28.088	-0.086
45.820	26.380	-0.122
45.840	24.285	-0.147
45.860	21.799	-0.181
45.880	19.011	-0.201
45.900	15.966	-0.227
45.920	12.657	-0.244
45.940	9.193	-0.260
45.960	5.599	-0.273
45.980	1.920	-0.285
46.000	-1.802	-0.284
46.020	-5.470	-0.284
46.040	-9.112	-0.275
46.060	-12.582	-0.273
46.080	-15.869	-0.259
46.100	-18.947	-0.246
46.120	-21.761	-0.225
46.140	-24.221	-0.201
46.160	-26.348	-0.179
46.180	-28.120	-0.153
46.200	-29.458	-0.121
46.220	-30.376	-0.088
46.240	-30.801	-0.058
46.260	-30.854	-0.021
46.280	-30.473	0.010
46.300	-29.640	0.045
46.320	-28.367	0.076
46.340	-26.670	0.111
46.360	-24.586	0.140
46.380	-22.175	0.169
46.400	-19.392	0.198
46.420	-16.363	0.219
46.440	-13.097	0.242
46.460	-9.622	0.259
46.480	-6.024	0.272
46.500	-2.328	0.275
46.520	1.394	0.281
46.540	5.089	0.281
46.560	8.693	0.281
46.580	12.195	0.270
46.600	15.520	0.267
46.620	18.619	0.248
46.640	21.460	0.234
46.660	23.974	0.204
46.680	26.122	0.185
46.700	27.895	0.152
46.720	29.281	0.128
46.740	30.231	0.097
46.760	30.736	0.065
46.780	30.817	0.021
46.800	30.468	-0.005
46.820	29.646	-0.041
46.840	28.427	-0.068
46.860	26.756	-0.106
46.880	24.758	-0.134
46.900	22.352	-0.168
46.920	19.623	-0.188
46.940	16.626	-0.217
46.960	13.377	-0.233
46.980	9.923	-0.251
47.000	6.378	-0.266
47.020	2.694	-0.274
47.040	-1.018	-0.276
47.060	-4.713	-0.280
47.080	-8.365	-0.274
47.100	-11.857	-0.267
47.120	-15.208	-0.251
47.140	-18.329	-0.240
47.160	-21.186	-0.221
47.180	-23.748	-0.202
47.200	-25.950	-0.174
47.220	-27.798	-0.150
47.240	-29.221	-0.118
47.260	-30.231	-0.090
47.280	-30.752	-0.055
47.300	-30.886	-0.026
47.320	-30.586	0.015
47.340	-29.861	0.042
47.360	-28.668	0.078
47.380	-27.052	0.107
47.400	-25.053	0.147
47.420	-22.706	0.173
47.440	-20.010	0.201
47.460	-17.024	0.219
47.480	-13.812	0.248
47.500	-10.380	0.259
47.520	-6.797	0.277
47.540	-3.118	0.280
47.560	0.599	0.291
47.580	4.310	0.288
47.600	7.941	0.289
47.620	11.470	0.276
47.640	14.848	0.272
47.660	17.985	0.255
47.680	20.880	0.239
47.700	23.469	0.210
47.720	25.693	0.197
47.740	27.562	0.159
47.760	29.012	0.139
47.780	30.065	0.105
47.800	30.677	0.073
47.820	30.849	0.040
47.840	30.575	0.005
47.860	29.850	-0.030
47.880	28.717	-0.059
47.900	27.154	-0.097
47.920	25.225	-0.124
47.940	22.884	-0.159
47.960	20.225	-0.179
47.980	17.281	-0.212
48.000	14.096	-0.224
48.020	10.697	-0.243
48.040	7.146	-0.259
48.060	3.499	-0.269
48.080	-0.201	-0.275
48.100	-3.913	-0.277
48.120	-7.571	-0.270
48.140	-11.137	-0.272
48.160	-14.472	-0.253
48.180	-17.657	-0.247
48.200	-20.585	-0.219
48.220	-23.211	-0.206
48.240	-25.489	-0.176
48.260	-27.411	-0.156
48.280	-28.921	-0.125
48.300	-30.016	-0.095
48.320	-30.672	-0.064
48.340	-30.876	-0.034
48.360	-30.672	0.005
48.380	-30.016	0.031
48.400	-28.931	0.074
48.420	-27.401	0.099
48.440	-25.489	0.136
48.460	-23.217	0.161
48.480	-20.574	0.191
48.500	-17.668	0.213
48.520	-14.483	0.240
48.540	-11.110	0.248
48.560	-7.549	0.271
48.580	-3.891	0.274
48.600	-0.180	0.287
48.620	3.531	0.283
48.640	7.189	0.285
48.660	10.745	0.276
48.680	14.156	0.269
48.700	17.346	0.253
48.720	20.273	0.238
48.740	22.959	0.213
48.760	25.252	0.196
48.780	27.197	0.164
48.800	28.738	0.139
48.820	29.887	0.105
48.840	30.586	0.076
48.860	30.844	0.040
48.880	30.666	0.007
48.900	30.038	-0.028
48.920	28.990	-0.063
48.940	27.530	-0.096
48.960	25.677	-0.124
48.980	23.421	-0.162
49.000	20.832	-0.187
49.020	17.948	-0.210
49.040	14.800	-0.229
49.060	11.427	-0.251
49.080	7.914	-0.262
49.100	4.283	-0.280
49.120	0.594	-0.282
49.140	-3.118	-0.289
49.160	-6.786	-0.283
49.180	-10.369	-0.281
49.200	-13.785	-0.265
49.220	-16.991	-0.256
49.240	-19.978	-0.230
49.260	-22.663	-0.216
49.280	-25.000	-0.192
49.300	-27.009	-0.171
49.320	-28.609	-0.139
49.340	-29.802	-0.113
49.360	-30.548	-0.077
49.380	-30.860	-0.049
49.400	-30.758	-0.009
49.420	-30.183	0.017
49.440	-29.184	0.060
49.460	-27.739	0.084
49.480	-25.907	0.119
49.500	-23.721	0.148
49.520	-21.170	0.175
49.540	-18.291	0.202
49.560	-15.171	0.225
49.580	-11.846	0.240
49.600	-8.312	0.256
49.620	-4.665	0.264
49.640	-0.975	0.274
49.660	2.753	0.273
49.680	6.416	0.277
49.700	9.993	0.269
49.720	13.430	0.260
49.740	16.669	0.249
49.760	19.682	0.233
49.780	22.416	0.212
49.800	24.790	0.192
49.820	26.815	0.163
49.840	28.437	0.135
49.860	29.673	0.107
49.880	30.468	0.072
49.900	30.822	0.040
49.920	30.741	0.002
49.940	30.204	-0.027
49.960	29.248	-0.064
49.980	27.857	-0.094
50.000	26.101	-0.127
50.020	23.931	-0.156
50.040	21.412	-0.187
50.060	18.576	-0.212
50.080	15.488	-0.233
50.100	12.168	-0.251
50.120	8.682	-0.267
50.140	5.084	-0.283
50.160	1.388	-0.287
50.180	-2.334	-0.293
50.200	-6.002	-0.291
50.220	-9.622	-0.287
50.240	-13.060	-0.275
50.260	-16.320	-0.267
50.280	-19.355	-0.244
50.300	-22.094	-0.231
50.320	-24.543	-0.204
50.340	-26.638	-0.183
50.360	-28.308	-0.150
50.380	-29.587	-0.124
50.400	-30.435	-0.090
50.420	-30.811	-0.062
50.440	-30.795	-0.026
50.460	-30.349	0.007
50.480	-29.442	0.042
50.500	-28.099	0.077
50.520	-26.337	0.107
50.540	-24.210	0.138
50.560	-21.750	0.166
50.580	-18.925	0.196
50.600	-15.858	0.215
50.620	-12.566	0.237
50.640	-9.074	0.252
50.660	-5.449	0.262
50.680	-1.759	0.270
50.700	1.963	0.274
50.720	5.648	0.276
50.740	9.241	0.273
50.760	12.721	0.263
50.780	16.014	0.256
50.800	19.065	0.235
50.820	21.879	0.217
50.840	24.323	0.192
50.860	26.412	0.172
50.880	28.136	0.139
50.900	29.447	0.116
50.920	30.333	0.077
50.940	30.779	0.049
50.960	30.779	0.011
50.980	30.365	-0.016
51.000	29.490	-0.053
51.020	28.201	-0.088
51.040	26.493	-0.118
51.060	24.430	-0.145
51.080	21.960	-0.177
51.100	19.204	-0.207
51.120	16.175	-0.225
51.140	12.883	-0.249
51.160	9.429	-0.262
51.180	5.836	-0.280
51.200	2.162	-0.283
51.220	-1.555	-0.291
51.240	-5.234	-0.287
51.260	-8.881	-0.281
51.280	-12.362	-0.278
51.300	-15.676	-0.260
51.320	-18.753	-0.250
51.340	-21.562	-0.228
51.360	-24.060	-0.208
51.380	-26.219	-0.177
51.400	-28.018	-0.155
51.420	-29.388	-0.123
51.440	-30.312	-0.095
51.460	-30.784	-0.060
51.480	-30.870	-0.026
51.500	-30.489	0.006
51.520	-29.710	0.041
51.540	-28.448	0.075
51.560	-26.778	0.106
51.580	-24.726	0.138
51.600	-22.325	0.165
51.620	-19.580	0.195
51.640	-16.551	0.215
51.660	-13.318	0.235
51.680	-9.843	0.256
51.700	-6.255	0.269
51.720	-2.570	0.274
51.740	1.157	0.280
51.760	4.853	0.281
51.780	8.457	0.278
51.800	11.991	0.268
51.820	15.316	0.263
51.840	18.426	0.247
51.860	21.278	0.232
51.880	23.823	0.205
51.900	25.988	0.182
51.920	27.793	0.152
51.940	29.200	0.127
51.960	30.183	0.090
51.980	30.725	0.063
52.000	30.827	0.023
52.020	30.505	-0.002
52.040	29.710	-0.042
52.060	28.507	-0.071
52.080	26.885	-0.107
52.100	24.892	-0.135
52.120	22.513	-0.167
52.140	19.806	-0.190
52.160	16.830	-0.217
52.180	13.592	-0.234
52.200	10.176	-0.250
52.220	6.598	-0.264
52.240	2.935	-0.279
52.260	-0.776	-0.280
52.280	-4.493	-0.281
52.300	-8.129	-0.278
52.320	-11.642	-0.275
52.340	-14.993	-0.255
52.360	-18.146	-0.243
52.380	-21.025	-0.225
52.400	-23.598	-0.204
52.420	-25.827	-0.177
52.440	-27.685	-0.154
52.460	-29.162	-0.121
52.480	-30.177	-0.093
52.500	-30.752	-0.059
52.520	-30.903	-0.028
52.540	-30.639	0.011
52.560	-29.920	0.038
52.580	-28.781	0.078
52.600	-27.186	0.105
52.620	-25.198	0.140
52.640	-22.862	0.169
52.660	-20.203	0.199
52.680	-17.233	0.218
52.700	-14.032	0.243
52.720	-10.621	0.256
52.740	-7.033	0.273
52.760	-3.360	0.276
52.780	0.368	0.288
52.800	4.063	0.288
52.820	7.699	0.286
52.840	11.255	0.276
52.860	14.623	0.269
52.880	17.792	0.254
52.900	20.687	0.239
52.920	23.324	0.210
52.940	25.558	0.196
52.960	27.460	0.162
52.980	28.937	0.142
53.000	30.011	0.105
53.020	30.645	0.074
53.040	30.849	0.040
53.060	30.602	0.006
53.080	29.904	-0.026
53.100	28.797	-0.059
53.120	27.277	-0.095
53.140	25.360	-0.123
53.160	23.045	-0.154
53.180	20.413	-0.179
53.200	17.480	-0.211
53.220	14.295	-0.224
53.240	10.906	-0.244
53.260	7.372	-0.255
53.280	3.725	-0.273
53.300	0.035	-0.275
53.320	-3.687	-0.280
53.340	-7.345	-0.271
53.360	-10.890	-0.273
53.380	-14.274	-0.255
53.400	-17.475	-0.246
53.420	-20.418	-0.220
53.440	-23.055	-0.210
53.460	-25.349	-0.179
53.480	-27.304	-0.157
53.500	-28.851	-0.125
53.520	-29.973	-0.100
53.540	-30.650	-0.065
53.560	-30.876	-0.038
53.580	-30.709	0.006
53.600	-30.086	0.029
53.620	-29.028	0.071
53.640	-27.524	0.097
53.660	-25.617	0.132
53.680	-23.388	0.157
53.700	-20.778	0.193
53.720	-17.851	0.213
53.740	-14.703	0.241
53.760	-11.341	0.248
53.780	-7.791	0.269
53.800	-4.138	0.276
53.820	-0.422	0.284
53.840	3.284	0.284
53.860	6.953	0.283
53.880	10.514	0.278
53.900	13.925	0.273
53.920	17.142	0.256
53.940	20.101	0.241
53.960	22.792	0.219
53.980	25.118	0.198
54.000	27.084	0.169
54.020	28.652	0.141
54.040	29.818	0.111
54.060	30.553	0.078
54.080	30.838	0.045
54.100	30.688	0.011
54.120	30.086	-0.022
54.140	29.066	-0.058
54.160	27.615	-0.089
54.180	25.800	-0.123
54.200	23.576	-0.153
54.220	20.993	-0.178
54.240	18.135	-0.208
54.260	15.004	-0.224
54.280	11.653	-0.246
54.300	8.145	-0.258
54.320	4.525	-0.274
54.340	0.835	-0.279
54.360	-2.882	-0.283
54.380	-6.561	-0.281
54.400	-10.133	-0.279
54.420	-13.565	-0.266
54.440	-16.782	-0.254
54.460	-19.784	-0.233
54.480	-22.491	-0.218
54.500	-24.871	-0.188
54.520	-26.901	-0.170
54.540	-28.545	-0.140
54.560	-29.732	-0.111
54.580	-30.521	-0.077
54.600	-30.849	-0.051
54.620	-30.768	-0.009
54.640	-30.237	0.017
54.660	-29.259	0.060
54.680	-27.846	0.085
54.700	-26.063	0.119
54.720	-23.877	0.148
54.740	-21.331	0.177
54.760	-18.490	0.199
54.780	-15.380	0.223
54.800	-12.066	0.242
54.820	-8.543	0.255
54.840	-4.912	0.265
54.860	-1.211	0.273
54.880	2.511	0.273
54.900	6.185	0.277
54.920	9.751	0.273
54.940	13.221	0.261
54.960	16.481	0.251
54.980	19.500	0.235
55.000	22.260	0.214
55.020	24.651	0.194
55.040	26.686	0.169
55.060	28.346	0.138
55.080	29.608	0.108
55.100	30.425	0.077
55.120	30.811	0.045
55.140	30.752	0.007
55.160	30.263	-0.024
55.180	29.318	-0.060
55.200	27.965	-0.092
55.220	26.219	-0.124
55.240	24.092	-0.154
55.260	21.562	-0.183
55.280	18.769	-0.207
55.300	15.697	-0.231
55.320	12.388	-0.249
55.340	8.903	-0.265
55.360	5.293	-0.279
55.380	1.609	-0.291
55.400	-2.097	-0.291
55.420	-5.777	-0.291
55.440	-9.397	-0.285
55.460	-12.850	-0.280
55.480	-16.111	-0.264
55.500	-19.183	-0.249
55.520	-21.949	-0.228
55.540	-24.393	-0.205
55.560	-26.493	-0.182
55.580	-28.217	-0.157
55.600	-29.517	-0.126
55.620	-30.382	-0.092
55.640	-30.779	-0.063
55.660	-30.811	-0.026
55.680	-30.376	0.004
55.700	-29.511	0.040
55.720	-28.190	0.071
55.740	-26.471	0.104
55.760	-24.350	0.137
55.780	-21.911	0.164
55.800	-19.118	0.191
55.820	-16.057	0.209
55.840	-12.797	0.234
55.860	-9.305	0.250
55.880	-5.680	0.260
55.900	-2.001	0.269
55.920	1.721	0.273
55.940	5.422	0.273
55.960	9.010	0.271
55.980	12.507	0.263
56.000	15.804	0.252
56.020	18.871	0.235
56.040	21.691	0.219
56.060	24.178	0.192
56.080	26.294	0.171
56.100	28.029	0.140
56.120	29.377	0.116
56.140	30.290	0.078
56.160	30.763	0.053
56.180	30.806	0.012
56.200	30.414	-0.015
56.220	29.565	-0.055
56.240	28.298	-0.084
56.260	26.616	-0.120
56.280	24.575	-0.142
56.300	22.142	-0.179
56.320	19.392	-0.202
56.340	16.385	-0.230
56.360	13.103	-0.242
56.380	9.665	-0.266
56.400	6.083	-0.275
56.420	2.398	-0.289
56.440	-1.308	-0.287
56.460	-5.003	-0.295
56.480	-8.639	-0.281
56.500	-12.115	-0.281
56.520	-15.439	-0.265
56.540	-18.544	-0.253
56.560	-21.396	-0.231
56.580	-23.899	-0.210
56.600	-26.069	-0.183
56.620	-27.900	-0.158
56.640	-29.291	-0.129
56.660	-30.258	-0.097
56.680	-30.747	-0.066
56.700	-30.865	-0.029
56.720	-30.510	0.003
56.740	-29.748	0.033
56.760	-28.518	0.068
56.780	-26.880	0.098
56.800	-24.839	0.135
56.820	-22.470	0.164
56.840	-19.747	0.192
56.860	-16.739	0.213
56.880	-13.516	0.233
56.900	-10.057	0.250
56.920	-6.496	0.267
56.940	-2.801	0.269
56.960	0.916	0.279
56.980	4.616	0.277
57.000	8.242	0.281
57.020	11.771	0.267
57.040	15.117	0.261
57.060	18.243	0.244
57.080	21.116	0.234
57.100	23.678	0.202
57.120	25.875	0.183
57.140	27.701	0.149
57.160	29.135	0.128
57.180	30.135	0.093
57.200	30.709	0.064
57.220	30.844	0.026
57.240	30.537	0.000
57.260	29.775	-0.042
57.280	28.598	-0.068
57.300	27.009	-0.109
57.320	25.048	-0.135
57.340	22.669	-0.170
57.360	20.005	-0.188
57.380	17.040	-0.221
57.400	13.801	-0.231
57.420	10.390	-0.259
57.440	6.845	-0.265
57.460	3.188	-0.281
57.480	-0.524	-0.279
57.500	-4.235	-0.285
57.520	-7.893	-0.275
57.540	-11.416	-0.278
57.560	-14.773	-0.261
57.580	-17.937	-0.250
57.600	-20.843	-0.225
57.620	-23.431	-0.211
57.640	-25.693	-0.179
57.660	-27.578	-0.159
57.680	-29.071	-0.125
57.700	-30.129	-0.098
57.720	-30.709	-0.063
57.740	-30.876	-0.032
57.760	-30.656	0.003
57.780	-29.968	0.031
57.800	-28.856	0.071
57.820	-27.299	0.099
57.840	-25.338	0.137
57.860	-23.029	0.160
57.880	-20.375	0.194
57.900	-17.437	0.214
57.920	-14.236	0.242
57.940	-10.836	0.256
57.960	-7.270	0.271
57.980	-3.596	0.277
58.000	0.126	0.287
58.020	3.832	0.285
58.040	7.485	0.285
58.060	11.024	0.277
58.080	14.424	0.273
58.100	17.604	0.256
58.120	20.531	0.242
58.140	23.168	0.212
58.160	25.424	0.200
58.180	27.342	0.165
58.200	28.856	0.145
58.220	29.957	0.105
58.240	30.623	0.079
58.260	30.854	0.041
58.280	30.639	0.011
58.300	29.963	-0.026
58.320	28.883	-0.054
58.340	27.368	-0.092
58.360	25.499	-0.118
58.380	23.217	-0.153
58.400	20.595	-0.176
58.420	17.679	-0.209
58.440	14.515	-0.223
58.460	11.142	-0.242
58.480	7.608	-0.256
58.500	3.967	-0.272
58.520	0.266	-0.276
58.540	-3.451	-0.279
58.560	-7.103	-0.274
58.580	-10.675	-0.272
58.600	-14.070	-0.256
58.620	-17.271	-0.248
58.640	-20.230	-0.225
58.660	-22.889	-0.209
58.680	-25.198	-0.181
58.700	-27.186	-0.159
58.720	-28.770	-0.126
58.740	-29.898	-0.102
58.760	-30.607	-0.063
58.780	-30.886	-0.041
58.800	-30.720	0.003
58.820	-30.135	0.028
58.840	-29.109	0.070
58.860	-27.621	0.094
58.880	-25.768	0.132
58.900	-23.539	0.160
58.920	-20.950	0.190
58.940	-18.066	0.213
58.960	-14.913	0.238
58.980	-11.556	0.249
59.000	-8.032	0.269
59.020	-4.380	0.277
59.040	-0.658	0.288
59.060	3.053	0.285
59.080	6.722	0.288
59.100	10.283	0.280
59.120	13.726	0.273
59.140	16.943	0.259
59.160	19.924	0.240
59.180	22.636	0.218
59.200	24.978	0.201
59.220	26.971	0.174
59.240	28.572	0.147
59.260	29.764	0.113
59.280	30.521	0.080
59.300	30.838	0.049
59.320	30.720	0.015
59.340	30.145	-0.020
59.360	29.162	-0.056
59.380	27.723	-0.087
59.400	25.934	-0.117
59.420	23.732	-0.151
59.440	21.165	-0.176
59.460	18.334	-0.203
59.480	15.224	-0.227
59.500	11.873	-0.244
59.520	8.387	-0.258
59.540	4.761	-0.271
59.560	1.072	-0.278
59.580	-2.651	-0.282
59.600	-6.314	-0.282
59.620	-9.912	-0.279
59.640	-13.339	-0.263
59.660	-16.583	-0.254
59.680	-19.613	-0.232
59.700	-22.320	-0.220
59.720	-24.731	-0.195
59.740	-26.778	-0.170
59.760	-28.437	-0.142
59.780	-29.673	-0.113
59.800	-30.489	-0.076
59.820	-30.838	-0.053
59.840	-30.790	-0.010
59.860	-30.285	0.016
59.880	-29.340	0.053
59.900	-27.954	0.086
59.920	-26.176	0.116
59.940	-24.017	0.146
59.960	-21.498	0.176
59.980	-18.678	0.198
60.000	-15.573	0.224
60.020	-12.276	0.241
60.040	-8.779	0.259
60.060	-5.143	0.269
60.080	-1.442	0.275
60.100	2.269	0.279
60.120	5.948	0.279
60.140	9.542	0.274
60.160	13.011	0.265
60.180	16.288	0.252
60.200	19.317	0.234
60.220	22.089	0.220
60.240	24.522	0.195
60.260	26.595	0.173
60.280	28.255	0.141
60.300	29.554	0.110
60.320	30.398	0.074
60.340	30.817	0.048
60.360	30.784	0.008
60.380	30.317	-0.019
60.400	29.404	-0.059
60.420	28.077	-0.087
60.440	26.343	-0.119
60.460	24.242	-0.149
60.480	21.756	-0.182
60.500	18.963	-0.206
60.520	15.912	-0.231
60.540	12.603	-0.249
60.560	9.139	-0.262
60.580	5.546	-0.276
60.600	1.861	-0.288
60.620	-1.850	-0.288
60.640	-5.530	-0.288
60.660	-9.155	-0.283
60.680	-12.630	-0.275
60.700	-15.906	-0.266
60.720	-18.990	-0.248
60.740	-21.761	-0.230
60.760	-24.237	-0.207
60.780	-26.369	-0.183
60.800	-28.110	-0.155
60.820	-29.436	-0.127
60.840	-30.349	-0.094
60.860	-30.779	-0.061
60.880	-30.822	-0.030
60.900	-30.425	0.004
60.920	-29.581	0.040
60.940	-28.281	0.072
60.960	-26.590	0.103
60.980	-24.490	0.134
61.000	-22.078	0.163
61.020	-19.306	0.189
61.040	-16.250	0.210
61.060	-12.995	0.234
61.080	-9.526	0.244
61.100	-5.916	0.259
61.120	-2.226	0.268
61.140	1.490	0.270
61.160	5.175	0.271
61.180	8.795	0.270
61.200	12.297	0.260
61.220	15.611	0.252
61.240	18.689	0.232
61.260	21.541	0.217
61.280	24.028	0.190
61.300	26.176	0.173
61.320	27.943	0.140
61.340	29.307	0.116
61.360	30.247	0.078
61.380	30.752	0.052
61.400	30.822	0.014
61.420	30.457	-0.017
61.440	29.624	-0.051
61.460	28.384	-0.084
61.480	26.740	-0.119
61.500	24.720	-0.145
61.520	22.298	-0.180
61.540	19.580	-0.201
61.560	16.583	-0.227
61.580	13.328	-0.247
61.600	9.896	-0.266
61.620	6.330	-0.277
61.640	2.651	-0.291
61.660	-1.055	-0.291
61.680	-4.756	-0.293
61.700	-8.387	-0.286
61.720	-11.910	-0.286
61.740	-15.235	-0.266
61.760	-18.345	-0.256
61.780	-21.202	-0.233
61.800	-23.748	-0.217
61.820	-25.945	-0.188
61.840	-27.787	-0.164
61.860	-29.211	-0.132
61.880	-30.199	-0.103
61.900	-30.715	-0.070
61.920	-30.844	-0.038
61.940	-30.527	-0.001
61.960	-29.791	0.028
61.980	-28.609	0.063
62.000	-26.976	0.094
62.020	-24.968	0.131
62.040	-22.620	0.157
62.060	-19.924	0.184
62.080	-16.938	0.208
62.100	-13.715	0.231
62.120	-10.283	0.247
62.140	-6.695	0.264
62.160	-3.027	0.264
62.180	0.706	0.278
62.200	4.391	0.274
62.220	8.022	0.277
62.240	11.556	0.263
62.260	14.913	0.260
62.280	18.055	0.244
62.300	20.945	0.229
62.320	23.533	0.200
62.340	25.746	0.183
62.360	27.594	0.149
62.380	29.050	0.131
62.400	30.081	0.092
62.420	30.688	0.063
62.440	30.849	0.024
62.460	30.559	-0.005
62.480	29.834	-0.039
62.500	28.690	-0.069
62.520	27.116	-0.109
62.540	25.177	-0.135
62.560	22.851	-0.169
62.580	20.182	-0.192
62.600	17.239	-0.218
62.620	14.021	-0.235
62.640	10.611	-0.258
62.660	7.076	-0.268
62.680	3.419	-0.283
62.700	-0.282	-0.283
62.720	-3.999	-0.289
62.740	-7.651	-0.276
62.760	-11.201	-0.278
62.780	-14.564	-0.263
62.800	-17.733	-0.257
62.820	-20.655	-0.230
62.840	-23.281	-0.214
62.860	-25.526	-0.186
62.880	-27.460	-0.166
62.900	-28.969	-0.131
62.920	-30.059	-0.105
62.940	-30.709	-0.069
62.960	-30.892	-0.041
62.980	-30.677	-0.004
63.000	-30.038	0.026
63.020	-28.937	0.065
63.040	-27.406	0.093
63.060	-25.462	0.130
63.080	-23.195	0.156
63.100	-20.552	0.187
63.120	-17.631	0.208
63.140	-14.440	0.237
63.160	-11.062	0.252
63.180	-7.506	0.264
63.200	-3.827	0.274
63.220	-0.110	0.281
63.240	3.591	0.281
63.260	7.248	0.283
63.280	10.809	0.274
63.300	14.198	0.269
63.320	17.400	0.254
63.340	20.332	0.239
63.360	23.007	0.212
63.380	25.290	0.193
63.400	27.229	0.167
63.420	28.765	0.142
63.440	29.898	0.106
63.460	30.596	0.077
63.480	30.844	0.040
63.500	30.666	0.012
63.520	30.022	-0.025
63.540	28.974	-0.056
63.560	27.476	-0.096
63.580	25.634	-0.117
63.600	23.367	-0.154
63.620	20.767	-0.175
63.640	17.878	-0.210
63.660	14.730	-0.224
63.680	11.352	-0.245
63.700	7.844	-0.254
63.720	4.192	-0.275
63.740	0.508	-0.273
63.760	-3.215	-0.281
63.780	-6.883	-0.274
63.800	-10.466	-0.272
63.820	-13.865	-0.256
63.840	-17.083	-0.246
63.860	-20.080	-0.224
63.880	-22.733	-0.208
63.900	-25.080	-0.184
63.920	-27.084	-0.162
63.940	-28.690	-0.131
63.960	-29.850	-0.104
63.980	-30.596	-0.070
64.000	-30.886	-0.041
64.020	-30.768	-0.001
64.040	-30.204	0.024
64.060	-29.200	0.070
64.080	-27.728	0.095
64.100	-25.907	0.132
64.120	-23.695	0.158
64.140	-21.143	0.186
64.160	-18.248	0.209
64.180	-15.122	0.236
64.200	-11.798	0.250
64.220	-8.263	0.269
64.240	-4.600	0.273
64.260	-0.905	0.286
64.280	2.823	0.285
64.300	6.491	0.285
64.320	10.057	0.280
64.340	13.511	0.275
64.360	16.739	0.257
64.380	19.736	0.241
64.400	22.470	0.223
64.420	24.833	0.200
64.440	26.858	0.176
64.460	28.480	0.146
64.480	29.699	0.118
64.500	30.489	0.082
64.520	30.838	0.052
64.540	30.736	0.018
64.560	30.204	-0.016
64.580	29.227	-0.052
64.600	27.846	-0.086
64.620	26.052	-0.116
64.640	23.888	-0.146
64.660	21.353	-0.175
64.680	18.522	-0.200
64.700	15.428	-0.221
64.720	12.077	-0.241
64.740	8.607	-0.252
64.760	4.992	-0.269
64.780	1.308	-0.274
64.800	-2.398	-0.283
64.820	-6.083	-0.273
64.840	-9.703	-0.274
64.860	-13.140	-0.260
64.880	-16.390	-0.256
64.900	-19.425	-0.233
64.920	-22.164	-0.219
64.940	-24.608	-0.192
64.960	-26.665	-0.171
64.980	-28.346	-0.142
65.000	-29.614	-0.113
65.020	-30.462	-0.077
65.040	-30.838	-0.052
65.060	-30.806	-0.009
65.080	-30.344	0.016
65.100	-29.442	0.053
65.120	-28.061	0.084
65.140	-26.316	0.117
65.160	-24.173	0.145
65.180	-21.697	0.175
65.200	-18.882	0.200
65.220	-15.783	0.224
65.240	-12.507	0.243
65.260	-9.005	0.259
65.280	-5.390	0.269
65.300	-1.673	0.277
65.320	2.038	0.284
65.340	5.728	0.280
65.360	9.311	0.278
65.380	12.791	0.271
65.400	16.084	0.262
65.420	19.124	0.239
65.440	21.933	0.224
65.460	24.366	0.200
65.480	26.466	0.180
65.500	28.169	0.144
65.520	29.485	0.118
65.540	30.355	0.084
65.560	30.795	0.052
65.580	30.790	0.019
65.600	30.365	-0.016
65.620	29.469	-0.052
65.640	28.179	-0.086
65.660	26.471	-0.115
65.680	24.382	-0.142
65.700	21.906	-0.175
65.720	19.151	-0.201
65.740	16.116	-0.229
65.760	12.840	-0.241
65.780	9.370	-0.260
65.800	5.782	-0.268
65.820	2.108	-0.280
65.840	-1.603	-0.283
65.860	-5.282	-0.285
65.880	-8.935	-0.279
65.900	-12.415	-0.278
65.920	-15.708	-0.259
65.940	-18.796	-0.246
65.960	-21.594	-0.225
65.980	-24.103	-0.207
66.000	-26.235	-0.182
66.020	-28.018	-0.154
66.040	-29.372	-0.123
66.060	-30.301	-0.093
66.080	-30.779	-0.063
66.100	-30.849	-0.028
66.120	-30.462	0.000
66.140	-29.646	0.036
66.160	-28.384	0.070
66.180	-26.697	0.103
66.200	-24.645	0.132
66.220	-22.239	0.161
66.240	-19.489	0.187
66.260	-16.460	0.208
66.280	-13.226	0.233
66.300	-9.757	0.246
66.320	-6.153	0.264
66.340	-2.473	0.267
66.360	1.254	0.272
66.380	4.955	0.273
66.400	8.564	0.272
66.420	12.072	0.261
66.440	15.407	0.254
66.460	18.501	0.233
66.480	21.353	0.221
66.500	23.883	0.194
66.520	26.047	0.176
66.540	27.836	0.140
66.560	29.232	0.119
66.580	30.199	0.080
66.600	30.736	0.056
66.620	30.833	0.015
66.640	30.494	-0.016
66.660	29.683	-0.055
66.680	28.486	-0.079
66.700	26.858	-0.118
66.720	24.871	-0.144
66.740	22.475	-0.179
66.760	19.763	-0.201
66.780	16.787	-0.230
66.800	13.538	-0.243
66.820	10.116	-0.266
66.840	6.550	-0.275
66.860	2.882	-0.290
66.880	-0.819	-0.288
66.900	-4.520	-0.296
66.920	-8.161	-0.285
66.940	-11.663	-0.286
66.960	-15.015	-0.268
66.980	-18.168	-0.256
67.000	-21.036	-0.237
67.020	-23.587	-0.218
67.040	-25.822	-0.194
67.060	-27.675	-0.166
67.080	-29.114	-0.134
67.100	-30.135	-0.109
67.120	-30.725	-0.073
67.140	-30.844	-0.047
67.160	-30.580	-0.005
67.180	-29.855	0.024
67.200	-28.684	0.062
67.220	-27.089	0.092
67.240	-25.102	0.127
67.260	-22.765	0.154
67.280	-20.096	0.182
67.300	-17.120	0.202
67.320	-13.941	0.227
67.340	-10.503	0.244
67.360	-6.921	0.261
67.380	-3.252	0.266
67.400	0.448	0.277
67.420	4.160	0.273
67.440	7.796	0.275
67.460	11.341	0.263
67.480	14.719	0.260
67.500	17.862	0.243
67.520	20.762	0.229
67.540	23.383	0.198
67.560	25.617	0.181
67.580	27.487	0.146
67.600	28.964	0.125
67.620	30.027	0.090
67.640	30.661	0.065
67.660	30.854	0.022
67.680	30.607	-0.005
67.700	29.893	-0.041
67.720	28.781	-0.069
67.740	27.218	-0.110
67.760	25.322	-0.134
67.780	22.996	-0.175
67.800	20.359	-0.192
67.820	17.432	-0.225
67.840	14.247	-0.235
67.860	10.842	-0.258
67.880	7.313	-0.270
67.900	3.666	-0.284
67.920	-0.035	-0.284
67.940	-3.736	-0.291
67.960	-7.409	-0.281
67.980	-10.949	-0.282
68.000	-14.333	-0.266
68.020	-17.529	-0.255
68.040	-20.461	-0.237
68.060	-23.093	-0.220
68.080	-25.365	-0.191
68.100	-27.315	-0.173
68.120	-28.862	-0.139
68.140	-29.968	-0.109
68.160	-30.650	-0.076
68.180	-30.870	-0.047
68.200	-30.672	-0.007
68.220	-30.059	0.020
68.240	-29.001	0.060
68.260	-27.492	0.087
68.280	-25.569	0.126
68.300	-23.324	0.154
68.320	-20.714	0.184
68.340	-17.792	0.201
68.360	-14.634	0.230
68.380	-11.255	0.243
68.400	-7.726	0.264
68.420	-4.052	0.265
68.440	-0.341	0.281
68.460	3.365	0.277
68.480	7.017	0.281
68.500	10.594	0.269
68.520	14.000	0.265
68.540	17.201	0.251
68.560	20.155	0.238
68.580	22.857	0.210
68.600	25.150	0.190
68.620	27.137	0.158
68.640	28.684	0.136
68.660	29.850	0.102
68.680	30.559	0.075
68.700	30.838	0.039
68.720	30.688	0.006
68.740	30.086	-0.026
68.760	29.055	-0.059
68.780	27.594	-0.096
68.800	25.768	-0.122
68.820	23.539	-0.156
68.840	20.955	-0.179
68.860	18.082	-0.208
68.880	14.940	-0.225
68.900	11.577	-0.247
68.920	8.065	-0.259
68.940	4.450	-0.276
68.960	0.749	-0.279
68.980	-2.968	-0.281
69.000	-6.631	-0.278
69.020	-10.235	-0.275
69.040	-13.645	-0.262
69.060	-16.863	-0.251
69.080	-19.865	-0.229
69.100	-22.567	-0.213
69.120	-24.930	-0.185
69.140	-26.949	-0.168
69.160	-28.598	-0.134
69.180	-29.780	-0.110
69.200	-30.559	-0.071
69.220	-30.870	-0.043
69.240	-30.779	-0.009
69.260	-30.247	0.023
69.280	-29.248	0.064
69.300	-27.830	0.087
69.320	-26.036	0.127
69.340	-23.840	0.156
69.360	-21.310	0.186
69.380	-18.431	0.206
69.400	-15.332	0.234
69.420	-12.002	0.248
69.440	-8.484	0.267
69.460	-4.842	0.271
69.480	-1.136	0.285
69.500	2.575	0.285
69.520	6.260	0.287
69.540	9.832	0.279
69.560	13.296	0.273
69.580	16.546	0.261
69.600	19.553	0.242
69.620	22.303	0.227
69.640	24.704	0.203
69.660	26.735	0.177
69.680	28.378	0.148
69.700	29.640	0.119
69.720	30.446	0.085
69.740	30.827	0.055
69.760	30.752	0.019
69.780	30.258	-0.013
69.800	29.302	-0.051
69.820	27.938	-0.078
69.840	26.181	-0.115
69.860	24.038	-0.138
69.880	21.530	-0.171
69.900	18.726	-0.196
69.920	15.643	-0.221
69.940	12.313	-0.235
69.960	8.833	-0.252
69.980	5.213	-0.262
70.000	1.544	-0.272
70.020	-2.173	-0.279
70.040	-5.846	-0.277
70.060	-9.461	-0.269
70.080	-12.931	-0.263
70.100	-16.180	-0.250
70.120	-19.226	-0.232
70.140	-22.008	-0.217
70.160	-24.447	-0.192
70.180	-26.536	-0.170
70.200	-28.276	-0.142
70.220	-29.538	-0.113
70.240	-30.414	-0.080
70.260	-30.811	-0.048
70.280	-30.827	-0.013
70.300	-30.376	0.013
70.320	-29.495	0.052
70.340	-28.169	0.082
70.360	-26.428	0.115
70.380	-24.323	0.145
70.400	-21.868	0.175
70.420	-19.070	0.202
70.440	-15.998	0.224
70.460	-12.727	0.244
70.480	-9.219	0.256
70.500	-5.626	0.273
70.520	-1.931	0.277
70.540	1.802	0.285
70.560	5.487	0.281
70.580	9.085	0.282
70.600	12.571	0.273
70.620	15.885	0.264
70.640	18.941	0.241
70.660	21.756	0.231
70.680	24.221	0.203
70.700	26.332	0.181
70.720	28.072	0.147
70.740	29.399	0.123
70.760	30.301	0.086
70.780	30.779	0.063
70.800	30.811	0.016
70.820	30.408	-0.006
70.840	29.533	-0.050
70.860	28.265	-0.076
70.880	26.590	-0.110
70.900	24.527	-0.134
70.920	22.089	-0.174
70.940	19.333	-0.193
70.960	16.325	-0.219
70.980	13.033	-0.234
71.000	9.595	-0.254
71.020	6.008	-0.270
71.040	2.339	-0.278
71.060	-1.378	-0.283
71.080	-5.068	-0.283
71.100	-8.693	-0.280
71.120	-12.179	-0.270
71.140	-15.504	-0.262
71.160	-18.608	-0.245
71.180	-21.433	-0.225
71.200	-23.942	-0.203
71.220	-26.106	-0.180
71.240	-27.911	-0.157
71.260	-29.302	-0.120
71.280	-30.247	-0.093
71.300	-30.747	-0.063
71.320	-30.844	-0.030
71.340	-30.489	0.005
71.360	-29.716	0.036
71.380	-28.486	0.070
71.400	-26.821	0.101
71.420	-24.785	0.135
71.440	-22.406	0.161
71.460	-19.672	0.192
71.480	-16.658	0.212
71.500	-13.436	0.237
71.520	-9.977	0.247
71.540	-6.389	0.263
71.560	-2.710	0.269
71.580	1.012	0.274
71.600	4.713	0.272
71.620	8.333	0.276
71.640	11.846	0.264
71.660	15.187	0.256
71.680	18.307	0.238
71.700	21.165	0.225
71.720	23.732	0.198
71.740	25.918	0.180
71.760	27.734	0.145
71.780	29.162	0.123
71.800	30.145	0.085
71.820	30.715	0.059
71.840	30.844	0.019
71.860	30.527	-0.008
71.880	29.748	-0.047
71.900	28.577	-0.079
71.920	26.960	-0.113
71.940	25.005	-0.140
71.960	22.636	-0.173
71.980	19.946	-0.193
72.000	16.991	-0.225
72.020	13.747	-0.242
72.040	10.342	-0.261
72.060	6.792	-0.276
72.080	3.129	-0.287
72.100	-0.577	-0.290
72.120	-4.283	-0.291
72.140	-7.930	-0.283
72.160	-11.465	-0.285
72.180	-14.811	-0.266
72.200	-17.964	-0.258
72.220	-20.859	-0.232
72.240	-23.437	-0.219
72.260	-25.671	-0.191
72.280	-27.551	-0.166
72.300	-29.033	-0.135
72.320	-30.081	-0.108
72.340	-30.682	-0.074
72.360	-30.844	-0.047
72.380	-30.586	-0.008
72.400	-29.904	0.022
72.420	-28.786	0.061
72.440	-27.207	0.090
72.460	-25.258	0.125
72.480	-22.937	0.149
72.500	-20.279	0.181
72.520	-17.319	0.202
72.540	-14.145	0.228
72.560	-10.723	0.242
72.580	-7.157	0.259
72.600	-3.478	0.264
72.620	0.223	0.273
72.640	3.929	0.273
