0.000	-1.413	0.287
0.020	2.299	0.284
0.040	5.983	0.279
0.060	9.544	0.267
0.080	13.014	0.255
0.100	16.269	0.237
0.120	19.304	0.219
0.140	22.086	0.191
0.160	24.492	0.167
0.180	26.571	0.139
0.200	28.241	0.107
0.220	29.536	0.073
0.240	30.379	0.037
0.260	30.803	0.007
0.280	30.776	-0.032
0.300	30.314	-0.066
0.320	29.428	-0.099
0.340	28.102	-0.133
0.360	26.383	-0.161
0.380	24.293	-0.192
0.400	21.817	-0.221
0.420	19.035	-0.236
0.440	15.995	-0.260
0.460	12.703	-0.272
0.480	9.249	-0.287
0.500	5.656	-0.296
0.520	1.977	-0.299
0.540	-1.713	-0.296
0.560	-5.393	-0.291
0.580	-9.002	-0.284
0.600	-12.499	-0.266
0.620	-15.770	-0.250
0.640	-18.847	-0.229
0.660	-21.640	-0.207
0.680	-24.122	-0.180
0.700	-26.259	-0.153
0.720	-28.037	-0.122
0.740	-29.364	-0.088
0.760	-30.277	-0.051
0.780	-30.744	-0.024
0.800	-30.803	0.017
0.820	-30.422	0.048
0.840	-29.611	0.083
0.860	-28.333	0.116
0.880	-26.662	0.148
0.900	-24.605	0.177
0.920	-22.209	0.203
0.940	-19.454	0.227
0.960	-16.419	0.247
0.980	-13.191	0.260
1.000	-9.716	0.274
1.020	-6.134	0.285
1.040	-2.460	0.285
1.060	1.257	0.287
1.080	4.941	0.277
1.100	8.556	0.273
1.120	12.063	0.261
1.140	15.388	0.245
1.160	18.471	0.223
1.180	21.329	0.207
1.200	23.853	0.175
1.220	26.018	0.148
1.240	27.817	0.115
1.260	29.208	0.088
1.280	30.191	0.046
1.300	30.723	0.019
1.320	30.835	-0.021
1.340	30.502	-0.051
1.360	29.718	-0.089
1.380	28.521	-0.120
1.400	26.888	-0.154
1.420	24.917	-0.176
1.440	22.537	-0.210
1.460	19.846	-0.227
1.480	16.876	-0.253
1.500	13.626	-0.264
1.520	10.227	-0.278
1.540	6.671	-0.286
1.560	3.019	-0.290
1.580	-0.682	-0.294
1.600	-4.388	-0.286
1.620	-8.024	-0.277
1.640	-11.548	-0.266
1.660	-14.883	-0.251
1.680	-18.025	-0.232
1.700	-20.920	-0.207
1.720	-23.472	-0.186
1.740	-25.722	-0.153
1.760	-27.575	-0.131
1.780	-29.068	-0.089
1.800	-30.110	-0.060
1.820	-30.674	-0.024
1.840	-30.835	0.006
1.860	-30.583	0.048
1.880	-29.901	0.079
1.900	-28.762	0.117
1.920	-27.178	0.141
1.940	-25.244	0.177
1.960	-22.908	0.200
1.980	-20.276	0.229
2.000	-17.316	0.242
2.020	-14.126	0.266
2.040	-10.731	0.274
2.060	-7.176	0.287
2.080	-3.513	0.291
2.100	0.204	0.292
2.120	3.910	0.287
2.140	7.546	0.284
2.160	11.086	0.267
2.180	14.470	0.258
2.200	17.628	0.234
2.220	20.539	0.218
2.240	23.182	0.190
2.260	25.437	0.167
2.280	27.344	0.131
2.300	28.854	0.104
2.320	29.955	0.065
2.340	30.621	0.038
2.360	30.852	-0.002
2.380	30.631	-0.032
2.400	29.971	-0.072
2.420	28.886	-0.100
2.440	27.382	-0.140
2.460	25.513	-0.161
2.480	23.230	-0.192
2.500	20.625	-0.213
2.520	17.730	-0.240
2.540	14.572	-0.251
2.560	11.193	-0.269
2.580	7.681	-0.275
2.600	4.050	-0.285
2.620	0.360	-0.284
2.640	-3.357	-0.281
2.660	-7.004	-0.272
2.680	-10.581	-0.264
2.700	-13.959	-0.248
2.720	-17.171	-0.228
2.740	-20.142	-0.207
2.760	-22.790	-0.186
2.780	-25.126	-0.151
2.800	-27.097	-0.129
2.820	-28.698	-0.091
2.840	-29.847	-0.063
2.860	-30.551	-0.024
2.880	-30.830	0.003
2.900	-30.690	0.046
2.920	-30.148	0.075
2.940	-29.127	0.116
2.960	-27.672	0.143
2.980	-25.819	0.176
3.000	-23.601	0.201
3.020	-21.039	0.232
3.040	-18.170	0.244
3.060	-15.034	0.270
3.080	-11.704	0.279
3.100	-8.164	0.292
3.120	-4.533	0.293
3.140	-0.827	0.299
3.160	2.863	0.297
3.180	6.537	0.291
3.200	10.108	0.274
3.220	13.546	0.266
3.240	16.763	0.246
3.260	19.760	0.228
3.280	22.483	0.201
3.300	24.841	0.176
3.320	26.861	0.146
3.340	28.472	0.112
3.360	29.713	0.075
3.380	30.481	0.044
3.400	30.835	0.011
3.420	30.733	-0.025
3.440	30.202	-0.058
3.460	29.246	-0.091
3.480	27.849	-0.124
3.500	26.077	-0.157
3.520	23.923	-0.182
3.540	21.398	-0.211
3.560	18.579	-0.231
3.580	15.485	-0.253
3.600	12.171	-0.263
3.620	8.680	-0.274
3.640	5.086	-0.286
3.660	1.402	-0.284
3.680	-2.310	-0.286
3.700	-5.978	-0.277
3.720	-9.582	-0.266
3.740	-13.014	-0.254
3.760	-16.285	-0.240
3.780	-19.309	-0.215
3.800	-22.075	-0.197
3.820	-24.471	-0.159
3.840	-26.571	-0.139
3.860	-28.273	-0.105
3.880	-29.541	-0.074
3.900	-30.406	-0.037
3.920	-30.787	-0.008
3.940	-30.798	0.029
3.960	-30.336	0.063
3.980	-29.444	0.097
4.000	-28.102	0.130
4.020	-26.356	0.161
4.040	-24.240	0.188
4.060	-21.780	0.216
4.080	-18.976	0.238
4.100	-15.920	0.257
4.120	-12.665	0.273
4.140	-9.163	0.282
4.160	-5.564	0.290
4.180	-1.864	0.293
4.200	1.837	0.291
4.220	5.538	0.284
4.240	9.125	0.278
4.260	12.601	0.263
4.280	15.898	0.246
4.300	18.938	0.228
4.320	21.753	0.205
4.340	24.224	0.179
4.360	26.329	0.150
4.380	28.064	0.116
4.400	29.401	0.088
4.420	30.304	0.044
4.440	30.776	0.019
4.460	30.809	-0.027
4.480	30.406	-0.049
4.500	29.552	-0.099
4.520	28.290	-0.113
4.540	26.608	-0.165
4.560	24.578	-0.168
4.580	22.140	-0.228
4.600	19.400	-0.220
4.620	16.382	-0.268
4.640	13.100	-0.259
4.660	9.679	-0.290
4.680	6.107	-0.286
4.700	2.444	-0.294
4.720	-1.262	-0.298
4.740	-4.947	-0.284
4.760	-8.583	-0.283
4.780	-12.063	-0.266
4.800	-15.372	-0.253
4.820	-18.482	-0.228
4.840	-21.329	-0.211
4.860	-23.842	-0.179
4.880	-26.023	-0.156
4.900	-27.838	-0.124
4.920	-29.219	-0.092
4.940	-30.202	-0.053
4.960	-30.696	-0.030
4.980	-30.819	0.013
5.000	-30.492	0.041
5.020	-29.729	0.079
5.040	-28.515	0.112
5.060	-26.888	0.142
5.080	-24.879	0.173
5.100	-22.516	0.196
5.120	-19.787	0.225
5.140	-16.812	0.240
5.160	-13.583	0.263
5.180	-10.151	0.266
5.200	-6.585	0.287
5.220	-2.900	0.278
5.240	0.811	0.290
5.260	4.506	0.276
5.280	8.116	0.278
5.300	11.645	0.252
5.320	14.985	0.253
5.340	18.122	0.218
5.360	20.996	0.212
5.380	23.574	0.170
5.400	25.771	0.156
5.420	27.634	0.112
5.440	29.063	0.095
5.460	30.078	0.047
5.480	30.680	0.022
5.500	30.841	-0.020
5.520	30.556	-0.048
5.540	29.820	-0.084
5.560	28.682	-0.123
5.580	27.108	-0.141
5.600	25.180	-0.186
5.620	22.854	-0.195
5.640	20.185	-0.243
5.660	17.252	-0.238
5.680	14.045	-0.283
5.700	10.646	-0.265
5.720	7.111	-0.304
5.740	3.459	-0.280
5.760	-0.220	-0.305
5.780	-3.921	-0.281
5.800	-7.573	-0.290
5.820	-11.107	-0.270
5.840	-14.464	-0.257
5.860	-17.644	-0.240
5.880	-20.566	-0.208
5.900	-23.160	-0.199
5.920	-25.443	-0.150
5.940	-27.350	-0.141
5.960	-28.886	-0.091
5.980	-29.981	-0.073
6.000	-30.621	-0.027
6.020	-30.835	-0.002
6.040	-30.626	0.044
6.060	-29.998	0.068
6.080	-28.913	0.107
6.100	-27.376	0.136
6.120	-25.486	0.168
6.140	-23.214	0.194
6.160	-20.609	0.220
6.180	-17.671	0.244
6.200	-14.507	0.257
6.220	-11.140	0.274
6.240	-7.605	0.279
6.260	-3.953	0.291
6.280	-0.247	0.288
6.300	3.464	0.291
6.320	7.106	0.275
6.340	10.667	0.271
6.360	14.062	0.255
6.380	17.263	0.239
6.400	20.211	0.210
6.420	22.902	0.193
6.440	25.190	0.160
6.460	27.146	0.135
6.480	28.698	0.101
6.500	29.853	0.067
6.520	30.567	0.033
6.540	30.852	-0.004
6.560	30.685	-0.032
6.580	30.083	-0.072
6.600	29.047	-0.100
6.620	27.591	-0.139
6.640	25.760	-0.165
6.660	23.536	-0.193
6.680	20.953	-0.221
6.700	18.095	-0.238
6.720	14.975	-0.258
6.740	11.618	-0.267
6.760	8.110	-0.279
6.780	4.490	-0.287
6.800	0.811	-0.288
6.820	-2.917	-0.288
6.840	-6.569	-0.277
6.860	-10.157	-0.269
6.880	-13.573	-0.251
6.900	-16.801	-0.238
6.920	-19.798	-0.211
6.940	-22.483	-0.191
6.960	-24.852	-0.161
6.980	-26.882	-0.131
7.000	-28.542	-0.103
7.020	-29.734	-0.069
7.040	-30.513	-0.033
7.060	-30.814	-0.004
7.080	-30.755	0.036
7.100	-30.250	0.068
7.120	-29.283	0.108
7.140	-27.871	0.133
7.160	-26.055	0.170
7.180	-23.896	0.191
7.200	-21.388	0.227
7.220	-18.520	0.241
7.240	-15.431	0.265
7.260	-12.133	0.273
7.280	-8.604	0.289
7.300	-4.979	0.295
7.320	-1.294	0.300
7.340	2.422	0.295
7.360	6.096	0.291
7.380	9.673	0.280
7.400	13.127	0.269
7.420	16.393	0.249
7.440	19.406	0.226
7.460	22.161	0.207
7.480	24.578	0.181
7.500	26.630	0.151
7.520	28.295	0.114
7.540	29.579	0.088
7.560	30.406	0.046
7.580	30.814	0.020
7.600	30.776	-0.024
7.620	30.309	-0.049
7.640	29.375	-0.089
7.660	28.048	-0.115
7.680	26.318	-0.152
7.700	24.202	-0.175
7.720	21.721	-0.203
7.740	18.928	-0.227
7.760	15.872	-0.244
7.780	12.579	-0.264
7.800	9.115	-0.264
7.820	5.527	-0.287
7.840	1.842	-0.273
7.860	-1.869	-0.287
7.880	-5.527	-0.269
7.900	-9.158	-0.271
7.920	-12.627	-0.248
7.940	-15.893	-0.244
7.960	-18.949	-0.214
7.980	-21.764	-0.196
8.000	-24.218	-0.163
8.020	-26.345	-0.140
8.040	-28.085	-0.106
8.060	-29.423	-0.078
8.080	-30.325	-0.041
8.100	-30.766	-0.008
8.120	-30.814	0.027
8.140	-30.395	0.063
8.160	-29.568	0.095
8.180	-28.295	0.131
8.200	-26.614	0.158
8.220	-24.530	0.191
8.240	-22.118	0.212
8.260	-19.347	0.239
8.280	-16.317	0.251
8.300	-13.068	0.275
8.320	-9.604	0.283
8.340	-5.994	0.293
8.360	-2.315	0.291
8.380	1.391	0.296
8.400	5.076	0.286
8.420	8.690	0.282
8.440	12.192	0.267
8.460	15.512	0.253
8.480	18.589	0.230
8.500	21.431	0.208
8.520	23.950	0.183
8.540	26.098	0.154
8.560	27.881	0.118
8.580	29.262	0.094
8.600	30.218	0.054
8.620	30.750	0.021
8.640	30.825	-0.016
8.660	30.486	-0.046
8.680	29.670	-0.082
8.700	28.461	-0.116
8.720	26.818	-0.147
8.740	24.841	-0.177
8.760	22.446	-0.201
8.780	19.744	-0.228
8.800	16.763	-0.245
8.820	13.519	-0.266
8.840	10.103	-0.273
8.860	6.542	-0.287
8.880	2.884	-0.286
8.900	-0.806	-0.289
8.920	-4.517	-0.284
8.940	-8.153	-0.273
8.960	-11.661	-0.269
8.980	-14.991	-0.244
9.000	-18.122	-0.232
9.020	-21.012	-0.202
9.040	-23.558	-0.184
9.060	-25.776	-0.152
9.080	-27.629	-0.126
9.100	-29.090	-0.091
9.120	-30.116	-0.059
9.140	-30.680	-0.024
9.160	-30.841	0.009
9.180	-30.556	0.046
9.200	-29.836	0.078
9.220	-28.687	0.112
9.240	-27.108	0.145
9.260	-25.137	0.175
9.280	-22.816	0.198
9.300	-20.147	0.224
9.320	-17.187	0.243
9.340	-14.002	0.264
9.360	-10.581	0.270
9.380	-7.031	0.282
9.400	-3.352	0.286
9.420	0.349	0.287
9.440	4.055	0.279
9.460	7.681	0.278
9.480	11.226	0.261
9.500	14.604	0.250
9.520	17.751	0.228
9.540	20.657	0.209
9.560	23.278	0.181
9.580	25.523	0.155
9.600	27.409	0.121
9.620	28.907	0.094
9.640	29.992	0.055
9.660	30.631	0.025
9.680	30.852	-0.012
9.700	30.621	-0.046
9.720	29.949	-0.077
9.740	28.848	-0.116
9.760	27.339	-0.145
9.780	25.437	-0.177
9.800	23.149	-0.203
9.820	20.528	-0.231
9.840	17.623	-0.249
9.860	14.459	-0.267
9.880	11.075	-0.277
9.900	7.541	-0.292
9.920	3.910	-0.296
9.940	0.215	-0.295
9.960	-3.497	-0.298
9.980	-7.149	-0.281
10.000	-10.710	-0.277
10.020	-14.088	-0.256
10.040	-17.273	-0.248
10.060	-20.238	-0.215
10.080	-22.870	-0.199
10.100	-25.207	-0.162
10.120	-27.156	-0.143
10.140	-28.735	-0.103
10.160	-29.869	-0.077
10.180	-30.588	-0.036
10.200	-30.852	-0.006
10.220	-30.707	0.038
10.240	-30.094	0.063
10.260	-29.090	0.104
10.280	-27.613	0.132
10.300	-25.744	0.163
10.320	-23.525	0.190
10.340	-20.953	0.215
10.360	-18.074	0.237
10.380	-14.921	0.259
10.400	-11.569	0.270
10.420	-8.051	0.277
10.440	-4.399	0.286
10.460	-0.698	0.286
10.480	2.997	0.284
10.500	6.671	0.278
10.520	10.232	0.267
10.540	13.659	0.257
10.560	16.881	0.239
10.580	19.862	0.216
10.600	22.585	0.191
10.620	24.922	0.164
10.640	26.936	0.134
10.660	28.526	0.104
10.680	29.740	0.071
10.700	30.508	0.035
10.720	30.841	-0.000
10.740	30.723	-0.036
10.760	30.186	-0.065
10.780	29.197	-0.100
10.800	27.785	-0.136
10.820	26.007	-0.163
10.840	23.832	-0.191
10.860	21.280	-0.219
10.880	18.450	-0.238
10.900	15.356	-0.259
10.920	12.004	-0.267
10.940	8.545	-0.281
10.960	4.920	-0.286
10.980	1.241	-0.296
11.000	-2.471	-0.289
11.020	-6.139	-0.278
11.040	-9.743	-0.270
11.060	-13.181	-0.259
11.080	-16.436	-0.245
11.100	-19.465	-0.218
11.120	-22.199	-0.195
11.140	-24.632	-0.166
11.160	-26.689	-0.141
11.180	-28.392	-0.107
11.200	-29.643	-0.079
11.220	-30.481	-0.037
11.240	-30.819	-0.012
11.260	-30.819	0.032
11.280	-30.368	0.061
11.300	-29.466	0.100
11.320	-28.085	0.126
11.340	-26.345	0.162
11.360	-24.224	0.187
11.380	-21.742	0.218
11.400	-18.928	0.238
11.420	-15.850	0.262
11.440	-12.563	0.273
11.460	-9.072	0.283
11.480	-5.462	0.288
11.500	-1.767	0.293
11.520	1.944	0.289
11.540	5.634	0.288
11.560	9.222	0.277
11.580	12.713	0.270
11.600	15.990	0.251
11.620	19.041	0.228
11.640	21.839	0.207
11.660	24.293	0.178
11.680	26.399	0.154
11.700	28.118	0.117
11.720	29.439	0.089
11.740	30.325	0.049
11.760	30.782	0.022
11.780	30.798	-0.020
11.800	30.374	-0.045
11.820	29.509	-0.090
11.840	28.225	-0.111
11.860	26.539	-0.152
11.880	24.476	-0.168
11.900	22.027	-0.207
11.920	19.271	-0.219
11.940	16.253	-0.248
11.960	12.971	-0.256
11.980	9.523	-0.269
12.000	5.946	-0.279
12.020	2.272	-0.281
12.040	-1.429	-0.282
12.060	-5.108	-0.272
12.080	-8.744	-0.268
12.100	-12.214	-0.252
12.120	-15.528	-0.240
12.140	-18.638	-0.214
12.160	-21.468	-0.200
12.180	-23.960	-0.165
12.200	-26.109	-0.145
12.220	-27.957	-0.109
12.240	-29.305	-0.078
12.260	-30.266	-0.044
12.280	-30.766	-0.006
12.300	-30.852	0.025
12.320	-30.519	0.065
12.340	-29.729	0.091
12.360	-28.499	0.130
12.380	-26.845	0.158
12.400	-24.814	0.193
12.420	-22.451	0.212
12.440	-19.717	0.243
12.460	-16.726	0.255
12.480	-13.492	0.279
12.500	-10.044	0.280
12.520	-6.461	0.298
12.540	-2.788	0.298
12.560	0.935	0.296
12.580	4.635	0.291
12.600	8.234	0.288
12.620	11.763	0.270
12.640	15.104	0.262
12.660	18.219	0.234
12.680	21.087	0.218
12.700	23.649	0.190
12.720	25.851	0.164
12.740	27.672	0.128
12.760	29.111	0.102
12.780	30.121	0.061
12.800	30.707	0.033
12.820	30.852	-0.007
12.840	30.551	-0.041
12.860	29.804	-0.075
12.880	28.639	-0.111
12.900	27.033	-0.137
12.920	25.115	-0.167
12.940	22.747	-0.197
12.960	20.077	-0.218
12.980	17.128	-0.241
13.000	13.922	-0.256
13.020	10.517	-0.275
13.040	6.972	-0.277
13.060	3.325	-0.285
13.080	-0.365	-0.281
13.100	-4.071	-0.286
13.120	-7.724	-0.268
13.140	-11.242	-0.267
13.160	-14.604	-0.241
13.180	-17.762	-0.232
13.200	-20.673	-0.203
13.220	-23.262	-0.187
13.240	-25.507	-0.148
13.260	-27.441	-0.126
13.280	-28.939	-0.088
13.300	-30.019	-0.059
13.320	-30.642	-0.024
13.340	-30.868	0.008
13.360	-30.615	0.046
13.380	-29.955	0.076
13.400	-28.875	0.114
13.420	-27.333	0.146
13.440	-25.389	0.173
13.460	-23.112	0.202
13.480	-20.485	0.226
13.500	-17.574	0.245
13.520	-14.389	0.265
13.540	-11.016	0.276
13.560	-7.466	0.290
13.580	-3.797	0.288
13.600	-0.107	0.292
13.620	3.599	0.285
13.640	7.240	0.282
13.660	10.791	0.267
13.680	14.201	0.256
13.700	17.381	0.237
13.720	20.319	0.215
13.740	22.978	0.187
13.760	25.276	0.162
13.780	27.210	0.129
13.800	28.751	0.102
13.820	29.885	0.061
13.840	30.583	0.034
13.860	30.852	-0.004
13.880	30.680	-0.039
13.900	30.062	-0.072
13.920	29.009	-0.107
13.940	27.532	-0.142
13.960	25.690	-0.170
13.980	23.445	-0.196
14.000	20.861	-0.221
14.020	17.993	-0.245
14.040	14.862	-0.262
14.060	11.489	-0.276
14.080	7.987	-0.287
14.100	4.372	-0.289
14.120	0.682	-0.297
14.140	-3.035	-0.293
14.160	-6.698	-0.283
14.180	-10.259	-0.276
14.200	-13.691	-0.257
14.220	-16.887	-0.243
14.240	-19.878	-0.220
14.260	-22.575	-0.199
14.280	-24.922	-0.168
14.300	-26.931	-0.143
14.320	-28.558	-0.105
14.340	-29.745	-0.078
14.360	-30.519	-0.041
14.380	-30.819	-0.011
14.400	-30.733	0.029
14.420	-30.186	0.054
14.440	-29.197	0.098
14.460	-27.779	0.125
14.480	-25.980	0.159
14.500	-23.794	0.183
14.520	-21.237	0.215
14.540	-18.407	0.234
14.560	-15.292	0.255
14.580	-11.988	0.266
14.600	-8.481	0.278
14.620	-4.834	0.279
14.640	-1.139	0.287
14.660	2.573	0.282
14.680	6.236	0.278
14.700	9.797	0.268
14.720	13.267	0.252
14.740	16.505	0.238
14.760	19.519	0.214
14.780	22.274	0.192
14.800	24.659	0.166
14.820	26.705	0.134
14.840	28.343	0.104
14.860	29.605	0.070
14.880	30.427	0.038
14.900	30.825	0.004
14.920	30.760	-0.034
14.940	30.261	-0.066
14.960	29.342	-0.099
14.980	27.978	-0.133
15.000	26.249	-0.161
15.020	24.116	-0.194
15.040	21.619	-0.218
15.060	18.820	-0.244
15.080	15.748	-0.257
15.100	12.450	-0.274
15.120	8.986	-0.286
15.140	5.376	-0.294
15.160	1.713	-0.297
15.180	-1.993	-0.297
15.200	-5.667	-0.287
15.220	-9.292	-0.282
15.240	-12.746	-0.266
15.260	-16.017	-0.245
15.280	-19.078	-0.223
15.300	-21.850	-0.205
15.320	-24.315	-0.177
15.340	-26.431	-0.146
15.360	-28.150	-0.117
15.380	-29.466	-0.082
15.400	-30.368	-0.050
15.420	-30.776	-0.019
15.440	-30.825	0.020
15.460	-30.395	0.052
15.480	-29.546	0.089
15.500	-28.252	0.121
15.520	-26.555	0.155
15.540	-24.465	0.182
15.560	-22.021	0.212
15.580	-19.250	0.233
15.600	-16.205	0.253
15.620	-12.955	0.269
15.640	-9.485	0.277
15.660	-5.887	0.287
15.680	-2.197	0.287
15.700	1.520	0.287
15.720	5.210	0.285
15.740	8.798	0.275
15.760	12.305	0.262
15.780	15.603	0.251
15.800	18.686	0.228
15.820	21.527	0.206
15.840	24.020	0.173
15.860	26.163	0.154
15.880	27.935	0.117
15.900	29.294	0.090
15.920	30.245	0.049
15.940	30.750	0.021
15.960	30.819	-0.017
15.980	30.459	-0.047
16.000	29.643	-0.090
16.020	28.418	-0.115
16.040	26.748	-0.155
16.060	24.750	-0.177
16.080	22.349	-0.205
16.100	19.626	-0.222
16.120	16.629	-0.252
16.140	13.390	-0.261
16.160	9.958	-0.277
16.180	6.386	-0.281
16.200	2.723	-0.294
16.220	-0.983	-0.287
16.240	-4.667	-0.286
16.260	-8.320	-0.273
16.280	-11.833	-0.265
16.300	-15.163	-0.246
16.320	-18.289	-0.232
16.340	-21.157	-0.204
16.360	-23.687	-0.178
16.380	-25.894	-0.147
16.400	-27.752	-0.122
16.420	-29.187	-0.087
16.440	-30.196	-0.058
16.460	-30.739	-0.020
16.480	-30.852	0.013
16.500	-30.583	0.050
16.520	-29.869	0.083
16.540	-28.687	0.118
16.560	-27.081	0.150
16.580	-25.104	0.182
16.600	-22.768	0.203
16.620	-20.077	0.233
16.640	-17.102	0.245
16.660	-13.917	0.272
16.680	-10.490	0.277
16.700	-6.918	0.293
16.720	-3.250	0.294
16.740	0.467	0.301
16.760	4.179	0.287
16.780	7.804	0.290
16.800	11.344	0.272
16.820	14.695	0.260
16.840	17.854	0.235
16.860	20.749	0.222
16.880	23.359	0.192
16.900	25.599	0.168
16.920	27.468	0.133
16.940	28.950	0.104
16.960	30.024	0.066
16.980	30.653	0.035
17.000	30.846	0.000
17.020	30.604	-0.034
17.040	29.896	-0.070
17.060	28.800	-0.103
17.080	27.269	-0.135
17.100	25.362	-0.161
17.120	23.053	-0.192
17.140	20.426	-0.215
17.160	17.499	-0.236
17.180	14.330	-0.250
17.200	10.941	-0.269
17.220	7.407	-0.270
17.240	3.765	-0.286
17.260	0.064	-0.280
17.280	-3.631	-0.287
17.300	-7.283	-0.266
17.320	-10.833	-0.269
17.340	-14.223	-0.237
17.360	-17.402	-0.231
17.380	-20.346	-0.206
17.400	-22.983	-0.186
17.420	-25.282	-0.149
17.440	-27.231	-0.129
17.460	-28.805	-0.091
17.480	-29.912	-0.062
17.500	-30.621	-0.024
17.520	-30.852	0.003
17.540	-30.690	0.048
17.560	-30.078	0.075
17.580	-29.042	0.114
17.600	-27.554	0.141
17.620	-25.658	0.172
17.640	-23.429	0.199
17.660	-20.851	0.229
17.680	-17.950	0.243
17.700	-14.803	0.264
17.720	-11.435	0.276
17.740	-7.896	0.288
17.760	-4.270	0.292
17.780	-0.553	0.295
17.800	3.153	0.293
17.820	6.805	0.287
17.840	10.366	0.272
17.860	13.793	0.264
17.880	16.994	0.241
17.900	19.970	0.223
17.920	22.671	0.194
17.940	25.002	0.173
17.960	27.006	0.141
17.980	28.574	0.110
18.000	29.761	0.071
18.020	30.513	0.042
18.040	30.835	0.004
18.060	30.717	-0.030
18.080	30.148	-0.066
18.100	29.160	-0.099
18.120	27.726	-0.133
18.140	25.937	-0.158
18.160	23.735	-0.189
18.180	21.189	-0.215
18.200	18.348	-0.236
18.220	15.249	-0.258
18.240	11.913	-0.268
18.260	8.422	-0.277
18.280	4.802	-0.286
18.300	1.123	-0.288
18.320	-2.589	-0.287
18.340	-6.247	-0.277
18.360	-9.845	-0.273
18.380	-13.267	-0.256
18.400	-16.511	-0.240
18.420	-19.545	-0.216
18.440	-22.258	-0.197
18.460	-24.659	-0.167
18.480	-26.710	-0.144
18.500	-28.386	-0.107
18.520	-29.627	-0.076
18.540	-30.443	-0.041
18.560	-30.803	-0.012
18.580	-30.755	0.029
18.600	-30.271	0.055
18.620	-29.364	0.096
18.640	-27.983	0.123
18.660	-26.206	0.159
18.680	-24.079	0.183
18.700	-21.586	0.211
18.720	-18.767	0.233
18.740	-15.689	0.252
18.760	-12.402	0.264
18.780	-8.900	0.279
18.800	-5.285	0.282
18.820	-1.601	0.288
18.840	2.122	0.282
18.860	5.806	0.278
18.880	9.383	0.269
18.900	12.858	0.257
18.920	16.135	0.239
18.940	19.159	0.216
18.960	21.957	0.197
18.980	24.379	0.168
19.000	26.474	0.141
19.020	28.171	0.108
19.040	29.487	0.078
19.060	30.352	0.038
19.080	30.792	0.010
19.100	30.792	-0.034
19.120	30.357	-0.058
19.140	29.477	-0.099
19.160	28.171	-0.129
19.180	26.474	-0.163
19.200	24.401	-0.190
19.220	21.941	-0.219
19.240	19.169	-0.236
19.260	16.151	-0.261
19.280	12.858	-0.273
19.300	9.416	-0.289
19.320	5.828	-0.294
19.340	2.165	-0.299
19.360	-1.552	-0.294
19.380	-5.215	-0.293
19.400	-8.857	-0.286
19.420	-12.316	-0.266
19.440	-15.614	-0.248
19.460	-18.708	-0.232
19.480	-21.517	-0.210
19.500	-24.014	-0.184
19.520	-26.179	-0.153
19.540	-27.957	-0.124
19.560	-29.321	-0.092
19.580	-30.261	-0.057
19.600	-30.733	-0.026
19.620	-30.835	0.014
19.640	-30.449	0.047
19.660	-29.659	0.081
19.680	-28.408	0.117
19.700	-26.759	0.148
19.720	-24.723	0.175
19.740	-22.322	0.202
19.760	-19.588	0.226
19.780	-16.575	0.243
19.800	-13.358	0.262
19.820	-9.894	0.271
19.840	-6.322	0.279
19.860	-2.621	0.284
19.880	1.074	0.284
19.900	4.780	0.279
19.920	8.374	0.275
19.940	11.892	0.263
19.960	15.227	0.247
19.980	18.342	0.227
20.000	21.210	0.206
20.020	23.746	0.173
20.040	25.932	0.153
20.060	27.731	0.117
20.080	29.160	0.092
20.100	30.148	0.050
20.120	30.712	0.021
20.140	30.846	-0.021
20.160	30.524	-0.049
20.180	29.756	-0.085
20.200	28.585	-0.114
20.220	26.990	-0.151
20.240	25.019	-0.176
20.260	22.661	-0.207
20.280	19.975	-0.227
20.300	17.010	-0.250
20.320	13.788	-0.262
20.340	10.377	-0.280
20.360	6.827	-0.284
20.380	3.185	-0.292
20.400	-0.516	-0.289
20.420	-4.216	-0.290
20.440	-7.863	-0.274
20.460	-11.397	-0.266
20.480	-14.744	-0.248
20.500	-17.896	-0.234
20.520	-20.792	-0.208
20.540	-23.386	-0.189
20.560	-25.636	-0.152
20.580	-27.538	-0.130
20.600	-29.020	-0.091
20.620	-30.073	-0.065
20.640	-30.690	-0.024
20.660	-30.846	0.009
20.680	-30.642	0.047
20.700	-29.965	0.075
20.720	-28.843	0.113
20.740	-27.301	0.139
20.760	-25.357	0.172
20.780	-23.063	0.198
20.800	-20.421	0.228
20.820	-17.467	0.244
20.840	-14.309	0.266
20.860	-10.914	0.275
20.880	-7.364	0.283
20.900	-3.701	0.286
20.920	0.011	0.293
20.940	3.717	0.290
20.960	7.358	0.282
20.980	10.903	0.270
21.000	14.287	0.261
21.020	17.478	0.242
21.040	20.416	0.224
21.060	23.063	0.190
21.080	25.341	0.168
21.100	27.269	0.134
21.120	28.789	0.107
21.140	29.917	0.071
21.160	30.599	0.039
21.180	30.852	-0.002
21.200	30.664	-0.033
21.220	30.019	-0.065
21.240	28.956	-0.099
21.260	27.473	-0.136
21.280	25.609	-0.160
21.300	23.354	-0.186
21.320	20.759	-0.215
21.340	17.864	-0.233
21.360	14.733	-0.252
21.380	11.354	-0.263
21.400	7.836	-0.274
21.420	4.200	-0.283
21.440	0.521	-0.281
21.460	-3.190	-0.283
21.480	-6.848	-0.271
21.500	-10.431	-0.268
21.520	-13.820	-0.243
21.540	-17.048	-0.233
21.560	-20.013	-0.207
21.580	-22.693	-0.186
21.600	-25.035	-0.156
21.620	-27.043	-0.131
21.640	-28.660	-0.095
21.660	-29.820	-0.069
21.680	-30.551	-0.025
21.700	-30.835	0.000
21.720	-30.755	0.046
21.740	-30.196	0.071
21.760	-29.203	0.107
21.780	-27.752	0.138
21.800	-25.921	0.175
21.820	-23.746	0.195
21.840	-21.205	0.228
21.860	-18.310	0.243
21.880	-15.216	0.266
21.900	-11.886	0.274
21.920	-8.368	0.294
21.940	-4.721	0.297
21.960	-1.026	0.298
21.980	2.702	0.295
22.000	6.365	0.289
22.020	9.931	0.278
22.040	13.379	0.265
22.060	16.618	0.250
22.080	19.626	0.226
22.100	22.354	0.203
22.120	24.739	0.181
22.140	26.775	0.148
22.160	28.402	0.115
22.180	29.659	0.083
22.200	30.459	0.046
22.220	30.830	0.018
22.240	30.750	-0.024
22.260	30.245	-0.053
22.280	29.289	-0.093
22.300	27.919	-0.121
22.320	26.179	-0.153
22.340	24.030	-0.177
22.360	21.511	-0.209
22.380	18.702	-0.228
22.400	15.635	-0.248
22.420	12.327	-0.263
22.440	8.846	-0.273
22.460	5.248	-0.283
22.480	1.574	-0.281
22.500	-2.132	-0.288
22.520	-5.801	-0.271
22.540	-9.405	-0.275
22.560	-12.858	-0.248
22.580	-16.135	-0.243
22.600	-19.175	-0.214
22.620	-21.952	-0.199
22.640	-24.379	-0.163
22.660	-26.496	-0.139
22.680	-28.209	-0.111
22.700	-29.503	-0.079
22.720	-30.390	-0.041
22.740	-30.787	-0.013
22.760	-30.814	0.030
22.780	-30.363	0.060
22.800	-29.498	0.094
22.820	-28.193	0.128
22.840	-26.458	0.160
22.860	-24.353	0.186
22.880	-21.914	0.212
22.900	-19.137	0.235
22.920	-16.081	0.254
22.940	-12.815	0.270
22.960	-9.335	0.280
22.980	-5.736	0.289
23.000	-2.046	0.291
23.020	1.660	0.290
23.040	5.355	0.281
23.060	8.954	0.274
23.080	12.445	0.263
23.100	15.737	0.252
23.120	18.810	0.226
23.140	21.624	0.207
23.160	24.111	0.173
23.180	26.238	0.148
23.200	28.000	0.112
23.220	29.348	0.086
23.240	30.271	0.047
23.260	30.766	0.021
23.280	30.819	-0.026
23.300	30.422	-0.051
23.320	29.600	-0.094
23.340	28.359	-0.120
23.360	26.684	-0.157
23.380	24.675	-0.181
23.400	22.252	-0.211
23.420	19.529	-0.233
23.440	16.532	-0.253
23.460	13.272	-0.269
23.480	9.856	-0.279
23.500	6.263	-0.294
23.520	2.610	-0.294
23.540	-1.090	-0.294
23.560	-4.780	-0.286
23.580	-8.417	-0.281
23.600	-11.918	-0.267
23.620	-15.232	-0.252
23.640	-18.348	-0.231
23.660	-21.216	-0.212
23.680	-23.724	-0.182
23.700	-25.926	-0.155
23.720	-27.731	-0.126
23.740	-29.192	-0.092
23.760	-30.153	-0.061
23.780	-30.712	-0.028
23.800	-30.852	0.005
23.820	-30.508	0.043
23.840	-29.783	0.071
23.860	-28.596	0.110
23.880	-26.995	0.140
23.900	-24.992	0.175
23.920	-22.612	0.195
23.940	-19.932	0.224
23.960	-16.951	0.237
23.980	-13.755	0.257
24.000	-10.329	0.271
24.020	-6.746	0.280
24.040	-3.078	0.282
24.060	0.639	0.284
24.080	4.334	0.280
24.100	7.949	0.272
24.120	11.483	0.260
24.140	14.835	0.251
24.160	17.977	0.227
24.180	20.867	0.206
24.200	23.456	0.178
24.220	25.685	0.154
24.240	27.532	0.119
24.260	29.009	0.092
24.280	30.057	0.052
24.300	30.680	0.022
24.320	30.852	-0.016
24.340	30.594	-0.047
24.360	29.874	-0.084
24.380	28.751	-0.116
24.400	27.205	-0.149
24.420	25.287	-0.174
24.440	22.972	-0.205
24.460	20.330	-0.229
24.480	17.397	-0.247
24.500	14.207	-0.267
24.520	10.812	-0.278
24.540	7.289	-0.289
24.560	3.642	-0.296
24.580	-0.048	-0.290
24.600	-3.754	-0.294
24.620	-7.401	-0.280
24.640	-10.962	-0.272
24.660	-14.319	-0.256
24.680	-17.499	-0.241
24.700	-20.437	-0.214
24.720	-23.058	-0.194
24.740	-25.352	-0.162
24.760	-27.291	-0.141
24.780	-28.832	-0.100
24.800	-29.938	-0.072
24.820	-30.610	-0.033
24.840	-30.841	-0.007
24.860	-30.669	0.037
24.880	-30.041	0.067
24.900	-28.993	0.108
24.920	-27.500	0.133
24.940	-25.593	0.169
24.960	-23.343	0.191
24.980	-20.749	0.220
25.000	-17.837	0.237
25.020	-14.701	0.264
25.040	-11.333	0.272
25.060	-7.783	0.286
25.080	-4.130	0.287
25.100	-0.440	0.293
25.120	3.276	0.284
25.140	6.934	0.282
25.160	10.484	0.269
25.180	13.906	0.258
25.200	17.112	0.241
25.220	20.066	0.218
25.240	22.773	0.191
25.260	25.083	0.166
25.280	27.065	0.136
25.300	28.628	0.108
25.320	29.810	0.071
25.340	30.545	0.038
25.360	30.841	0.001
25.380	30.707	-0.031
25.400	30.121	-0.066
25.420	29.111	-0.102
25.440	27.661	-0.134
25.460	25.851	-0.164
25.480	23.654	-0.192
25.500	21.087	-0.213
25.520	18.235	-0.238
25.540	15.114	-0.252
25.560	11.752	-0.269
25.580	8.277	-0.271
25.600	4.657	-0.297
25.620	0.956	-0.278
25.640	-2.745	-0.292
25.660	-6.429	-0.271
25.680	-10.001	-0.276
25.700	-13.422	-0.248
25.720	-16.667	-0.242
25.740	-19.669	-0.213
25.760	-22.403	-0.191
25.780	-24.788	-0.161
25.800	-26.823	-0.139
25.820	-28.483	-0.104
25.840	-29.708	-0.073
25.860	-30.529	-0.035
25.880	-30.835	-0.005
25.900	-30.787	0.036
25.920	-30.304	0.064
25.940	-29.364	0.104
25.960	-27.973	0.133
25.980	-26.184	0.170
26.000	-24.030	0.191
26.020	-21.533	0.223
26.040	-18.697	0.240
26.060	-15.603	0.264
26.080	-12.305	0.273
26.100	-8.809	0.289
26.120	-5.178	0.297
26.140	-1.477	0.296
26.160	2.234	0.295
26.180	5.919	0.291
26.200	9.491	0.282
26.220	12.966	0.272
26.240	16.242	0.254
26.260	19.261	0.230
26.280	22.038	0.210
26.300	24.476	0.181
26.320	26.533	0.155
26.340	28.230	0.118
26.360	29.520	0.095
26.380	30.379	0.044
26.400	30.803	0.025
26.420	30.776	-0.020
26.440	30.325	-0.045
26.460	29.434	-0.087
26.480	28.118	-0.118
26.500	26.404	-0.145
26.520	24.304	-0.174
26.540	21.828	-0.199
26.560	19.067	-0.225
26.580	16.027	-0.236
26.600	12.729	-0.267
26.620	9.265	-0.261
26.640	5.683	-0.289
26.660	1.998	-0.270
26.680	-1.692	-0.290
26.700	-5.382	-0.265
26.720	-8.997	-0.274
26.740	-12.466	-0.245
26.760	-15.759	-0.240
26.780	-18.831	-0.215
26.800	-21.646	-0.198
26.820	-24.111	-0.169
26.840	-26.270	-0.139
26.860	-28.042	-0.108
26.880	-29.375	-0.078
26.900	-30.304	-0.045
26.920	-30.755	-0.012
26.940	-30.857	0.024
26.960	-30.454	0.062
26.980	-29.627	0.091
27.000	-28.381	0.128
27.020	-26.684	0.159
27.040	-24.643	0.187
27.060	-22.236	0.215
27.080	-19.492	0.237
27.100	-16.473	0.253
27.120	-13.229	0.270
27.140	-9.765	0.282
27.160	-6.187	0.293
27.180	-2.498	0.294
27.200	1.214	0.295
27.220	4.904	0.288
27.240	8.513	0.282
27.260	12.026	0.268
27.280	15.345	0.257
27.300	18.460	0.229
27.320	21.302	0.211
27.340	23.837	0.185
27.360	26.001	0.156
27.380	27.801	0.122
27.400	29.203	0.093
27.420	30.186	0.057
27.440	30.728	0.024
27.460	30.835	-0.009
27.480	30.508	-0.046
27.500	29.718	-0.080
27.520	28.531	-0.115
27.540	26.920	-0.144
27.560	24.954	-0.172
27.580	22.548	-0.199
27.600	19.868	-0.221
27.620	16.897	-0.246
27.640	13.664	-0.257
27.660	10.259	-0.278
27.680	6.714	-0.279
27.700	3.051	-0.294
27.720	-0.639	-0.281
27.740	-4.334	-0.290
27.760	-7.981	-0.267
27.780	-11.483	-0.272
27.800	-14.840	-0.239
27.820	-17.993	-0.235
27.840	-20.894	-0.201
27.860	-23.439	-0.186
27.880	-25.679	-0.151
27.900	-27.559	-0.129
27.920	-29.031	-0.093
27.940	-30.083	-0.059
27.960	-30.647	-0.028
27.980	-30.857	0.008
28.000	-30.572	0.040
28.020	-29.896	0.075
28.040	-28.768	0.108
28.060	-27.199	0.138
28.080	-25.239	0.170
28.100	-22.929	0.197
28.120	-20.276	0.225
28.140	-17.343	0.239
28.160	-14.153	0.262
28.180	-10.758	0.268
28.200	-7.203	0.282
28.220	-3.534	0.284
28.240	0.177	0.287
28.260	3.883	0.280
28.280	7.514	0.276
28.300	11.048	0.264
28.320	14.443	0.253
28.340	17.606	0.231
28.360	20.534	0.212
28.380	23.160	0.183
28.400	25.421	0.161
28.420	27.339	0.122
28.440	28.848	0.095
28.460	29.955	0.057
28.480	30.615	0.029
28.500	30.846	-0.011
28.520	30.637	-0.041
28.540	29.981	-0.077
28.560	28.913	-0.113
28.580	27.409	-0.143
28.600	25.540	-0.171
28.620	23.262	-0.202
28.640	20.663	-0.224
28.660	17.762	-0.252
28.680	14.604	-0.259
28.700	11.231	-0.281
28.720	7.734	-0.281
28.740	4.098	-0.302
28.760	0.403	-0.289
28.780	-3.319	-0.297
28.800	-6.956	-0.278
28.820	-10.522	-0.280
28.840	-13.911	-0.257
28.860	-17.123	-0.244
28.880	-20.093	-0.216
28.900	-22.747	-0.196
28.920	-25.088	-0.165
28.940	-27.060	-0.145
28.960	-28.666	-0.107
28.980	-29.815	-0.079
29.000	-30.551	-0.041
29.020	-30.825	-0.008
29.040	-30.690	0.032
29.060	-30.137	0.059
29.080	-29.127	0.099
29.100	-27.672	0.126
29.120	-25.824	0.162
29.140	-23.617	0.185
29.160	-21.055	0.216
29.180	-18.181	0.233
29.200	-15.055	0.253
29.220	-11.730	0.265
29.240	-8.207	0.279
29.260	-4.571	0.282
29.280	-0.870	0.285
29.300	2.841	0.284
29.320	6.510	0.282
29.340	10.065	0.267
29.360	13.514	0.258
29.380	16.742	0.240
29.400	19.728	0.216
29.420	22.473	0.191
29.440	24.820	0.168
29.460	26.829	0.137
29.480	28.461	0.104
29.500	29.686	0.070
29.520	30.465	0.042
29.540	30.835	-0.000
29.560	30.744	-0.028
29.580	30.202	-0.066
29.600	29.256	-0.096
29.620	27.849	-0.137
29.640	26.104	-0.157
29.660	23.944	-0.194
29.680	21.420	-0.212
29.700	18.589	-0.242
29.720	15.512	-0.252
29.740	12.182	-0.274
29.760	8.712	-0.277
29.780	5.108	-0.295
29.800	1.423	-0.287
29.820	-2.283	-0.293
29.840	-5.962	-0.279
29.860	-9.561	-0.273
29.880	-13.020	-0.261
29.900	-16.258	-0.241
29.920	-19.325	-0.223
29.940	-22.075	-0.194
29.960	-24.503	-0.170
29.980	-26.582	-0.144
30.000	-28.279	-0.111
30.020	-29.562	-0.078
30.040	-30.443	-0.041
30.060	-30.819	-0.012
30.080	-30.819	0.028
30.100	-30.384	0.058
30.120	-29.477	0.098
30.140	-28.171	0.126
30.160	-26.431	0.163
30.180	-24.310	0.181
30.200	-21.855	0.216
30.220	-19.051	0.229
30.240	-16.000	0.263
30.260	-12.729	0.271
30.280	-9.233	0.281
30.300	-5.624	0.290
30.320	-1.934	0.292
30.340	1.778	0.291
30.360	5.468	0.288
30.380	9.061	0.279
30.400	12.558	0.268
30.420	15.850	0.252
30.440	18.901	0.233
30.460	21.726	0.210
30.480	24.186	0.181
30.500	26.308	0.158
30.520	28.048	0.119
30.540	29.391	0.093
30.560	30.298	0.052
30.580	30.782	0.024
30.600	30.809	-0.017
30.620	30.411	-0.044
30.640	29.557	-0.083
30.660	28.306	-0.114
30.680	26.614	-0.144
30.700	24.583	-0.174
30.720	22.156	-0.199
30.740	19.406	-0.222
30.760	16.409	-0.244
30.780	13.127	-0.257
30.800	9.684	-0.266
30.820	6.112	-0.280
30.840	2.455	-0.283
30.860	-1.251	-0.283
30.880	-4.952	-0.277
30.900	-8.583	-0.269
30.920	-12.058	-0.255
30.940	-15.388	-0.237
30.960	-18.493	-0.219
30.980	-21.350	-0.195
31.000	-23.869	-0.171
31.020	-26.034	-0.141
31.040	-27.854	-0.114
31.060	-29.256	-0.082
31.080	-30.229	-0.045
31.100	-30.739	-0.014
31.120	-30.868	0.021
31.140	-30.540	0.060
31.160	-29.777	0.089
31.180	-28.574	0.126
31.200	-26.931	0.154
31.220	-24.933	0.185
31.240	-22.553	0.213
31.260	-19.852	0.239
31.280	-16.854	0.257
31.300	-13.653	0.275
31.320	-10.221	0.282
31.340	-6.644	0.296
31.360	-2.965	0.295
31.380	0.752	0.299
31.400	4.447	0.292
31.420	8.073	0.289
31.440	11.580	0.271
31.460	14.942	0.262
31.480	18.084	0.237
31.500	20.969	0.223
31.520	23.536	0.190
31.540	25.754	0.167
31.560	27.591	0.132
31.580	29.052	0.105
31.600	30.078	0.067
31.620	30.685	0.035
31.640	30.846	-0.004
31.660	30.562	-0.040
31.680	29.831	-0.074
31.700	28.698	-0.106
31.720	27.140	-0.135
31.740	25.207	-0.164
31.760	22.859	-0.195
31.780	20.217	-0.214
31.800	17.279	-0.242
31.820	14.083	-0.249
31.840	10.694	-0.278
31.860	7.127	-0.269
31.880	3.507	-0.290
31.900	-0.204	-0.276
31.920	-3.894	-0.288
31.940	-7.546	-0.261
31.960	-11.091	-0.271
31.980	-14.454	-0.237
32.000	-17.633	-0.232
32.020	-20.544	-0.202
32.040	-23.149	-0.186
32.060	-25.437	-0.149
32.080	-27.344	-0.125
32.100	-28.875	-0.091
32.120	-29.971	-0.058
32.140	-30.615	-0.025
32.160	-30.862	0.007
32.180	-30.647	0.045
32.200	-30.008	0.075
32.220	-28.923	0.113
32.240	-27.414	0.141
32.260	-25.523	0.175
32.280	-23.251	0.199
32.300	-20.636	0.224
32.320	-17.714	0.243
32.340	-14.550	0.264
32.360	-11.167	0.273
32.380	-7.638	0.287
32.400	-3.985	0.288
32.420	-0.274	0.295
32.440	3.427	0.286
32.460	7.079	0.284
32.480	10.629	0.266
32.500	14.035	0.257
32.520	17.236	0.238
32.540	20.190	0.218
32.560	22.854	0.191
32.580	25.158	0.169
32.600	27.135	0.133
32.620	28.676	0.106
32.640	29.842	0.067
32.660	30.556	0.038
32.680	30.841	-0.004
32.700	30.685	-0.037
32.720	30.083	-0.071
32.740	29.058	-0.106
32.760	27.597	-0.138
32.780	25.781	-0.165
32.800	23.552	-0.196
32.820	20.985	-0.218
32.840	18.127	-0.247
32.860	15.001	-0.255
32.880	11.677	-0.280
32.900	8.169	-0.279
32.920	4.544	-0.298
32.940	0.849	-0.286
32.960	-2.857	-0.298
32.980	-6.521	-0.277
33.000	-10.114	-0.280
33.020	-13.530	-0.254
33.040	-16.736	-0.250
33.060	-19.750	-0.216
33.080	-22.446	-0.201
33.100	-24.820	-0.166
33.120	-26.845	-0.148
33.140	-28.499	-0.110
33.160	-29.702	-0.080
33.180	-30.481	-0.042
33.200	-30.814	-0.012
33.220	-30.739	0.029
33.240	-30.234	0.055
33.260	-29.262	0.100
33.280	-27.860	0.122
33.300	-26.061	0.159
33.320	-23.891	0.182
33.340	-21.398	0.215
33.360	-18.541	0.233
33.380	-15.453	0.251
33.400	-12.149	0.263
33.420	-8.637	0.276
33.440	-5.011	0.281
33.460	-1.327	0.286
33.480	2.396	0.283
33.500	6.069	0.278
33.520	9.636	0.266
33.540	13.095	0.257
33.560	16.350	0.237
33.580	19.374	0.217
33.600	22.156	0.191
33.620	24.551	0.168
33.640	26.614	0.138
33.660	28.290	0.108
33.680	29.562	0.075
33.700	30.395	0.041
33.720	30.814	0.005
33.740	30.766	-0.029
33.760	30.309	-0.065
33.780	29.385	-0.098
33.800	28.059	-0.134
33.820	26.334	-0.159
33.840	24.224	-0.190
33.860	21.748	-0.211
33.880	18.949	-0.242
33.900	15.909	-0.253
33.920	12.601	-0.277
33.940	9.147	-0.280
33.960	5.564	-0.296
33.980	1.875	-0.290
34.000	-1.821	-0.301
34.020	-5.511	-0.284
34.040	-9.115	-0.278
34.060	-12.579	-0.262
34.080	-15.872	-0.246
34.100	-18.928	-0.225
34.120	-21.726	-0.203
34.140	-24.191	-0.175
34.160	-26.324	-0.150
34.180	-28.085	-0.119
34.200	-29.423	-0.085
34.220	-30.320	-0.050
34.240	-30.771	-0.020
34.260	-30.809	0.020
34.280	-30.422	0.053
34.300	-29.605	0.088
34.320	-28.322	0.119
34.340	-26.625	0.154
34.360	-24.562	0.175
34.380	-22.150	0.208
34.400	-19.384	0.228
34.420	-16.360	0.249
34.440	-13.127	0.265
34.460	-9.641	0.278
34.480	-6.053	0.285
34.500	-2.369	0.290
34.520	1.332	0.290
34.540	5.022	0.285
34.560	8.637	0.277
34.580	12.139	0.265
34.600	15.463	0.249
34.620	18.557	0.230
34.640	21.398	0.207
34.660	23.917	0.178
34.680	26.061	0.156
34.700	27.854	0.117
34.720	29.240	0.093
34.740	30.207	0.052
34.760	30.739	0.022
34.780	30.830	-0.020
34.800	30.486	-0.047
34.820	29.681	-0.082
34.840	28.472	-0.116
34.860	26.839	-0.149
34.880	24.857	-0.174
34.900	22.478	-0.205
34.920	19.760	-0.228
34.940	16.785	-0.249
34.960	13.535	-0.261
34.980	10.125	-0.277
35.000	6.563	-0.282
35.020	2.900	-0.290
35.040	-0.800	-0.285
35.060	-4.506	-0.287
35.080	-8.148	-0.272
35.100	-11.650	-0.265
35.120	-15.007	-0.243
35.140	-18.138	-0.228
35.160	-21.017	-0.200
35.180	-23.579	-0.178
35.200	-25.803	-0.151
35.220	-27.667	-0.124
35.240	-29.117	-0.087
35.260	-30.148	-0.056
35.280	-30.723	-0.016
35.300	-30.878	0.012
35.320	-30.615	0.053
35.340	-29.906	0.081
35.360	-28.751	0.122
35.380	-27.172	0.150
35.400	-25.201	0.180
35.420	-22.881	0.206
35.440	-20.211	0.232
35.460	-17.252	0.253
35.480	-14.067	0.271
35.500	-10.656	0.278
35.520	-7.090	0.291
35.540	-3.416	0.293
35.560	0.290	0.297
35.580	3.991	0.289
35.600	7.632	0.288
35.620	11.172	0.274
35.640	14.545	0.263
35.660	17.708	0.244
35.680	20.614	0.222
35.700	23.251	0.195
35.720	25.497	0.171
35.740	27.398	0.132
35.760	28.896	0.108
35.780	29.981	0.070
35.800	30.631	0.038
35.820	30.852	-0.002
35.840	30.626	-0.033
35.860	29.949	-0.066
35.880	28.859	-0.099
35.900	27.344	-0.135
35.920	25.448	-0.155
35.940	23.171	-0.192
35.960	20.555	-0.210
35.980	17.655	-0.238
36.000	14.480	-0.248
36.020	11.097	-0.269
36.040	7.579	-0.271
36.060	3.932	-0.286
36.080	0.247	-0.273
36.100	-3.454	-0.283
36.120	-7.111	-0.267
36.140	-10.672	-0.268
36.160	-14.062	-0.239
36.180	-17.247	-0.231
36.200	-20.206	-0.201
36.220	-22.870	-0.183
36.240	-25.190	-0.149
36.260	-27.183	-0.129
36.280	-28.730	-0.091
36.300	-29.858	-0.061
36.320	-30.594	-0.026
36.340	-30.852	0.005
36.360	-30.707	0.047
36.380	-30.126	0.071
36.400	-29.090	0.114
36.420	-27.613	0.141
36.440	-25.771	0.176
36.460	-23.558	0.199
36.480	-20.963	0.228
36.500	-18.079	0.248
36.520	-14.953	0.266
36.540	-11.623	0.273
36.560	-8.083	0.293
36.580	-4.431	0.293
36.600	-0.730	0.299
36.620	2.976	0.292
36.640	6.628	0.291
36.660	10.194	0.278
36.680	13.632	0.266
36.700	16.854	0.248
36.720	19.835	0.224
36.740	22.542	0.199
36.760	24.900	0.177
36.780	26.920	0.141
36.800	28.510	0.114
36.820	29.729	0.076
36.840	30.502	0.044
36.860	30.830	0.007
36.880	30.723	-0.025
36.900	30.196	-0.062
36.920	29.208	-0.095
36.940	27.795	-0.126
36.960	26.028	-0.154
36.980	23.853	-0.190
37.000	21.312	-0.206
37.020	18.482	-0.239
37.040	15.399	-0.247
37.060	12.069	-0.270
37.080	8.583	-0.276
37.100	4.979	-0.286
37.120	1.300	-0.284
37.140	-2.401	-0.287
37.160	-6.080	-0.275
37.180	-9.673	-0.270
37.200	-13.116	-0.253
37.220	-16.371	-0.238
37.240	-19.400	-0.215
37.260	-22.134	-0.195
37.280	-24.562	-0.167
37.300	-26.625	-0.138
37.320	-28.300	-0.109
37.340	-29.589	-0.078
37.360	-30.406	-0.041
37.380	-30.792	-0.012
37.400	-30.782	0.030
37.420	-30.314	0.055
37.440	-29.407	0.098
37.460	-28.064	0.125
37.480	-26.308	0.161
37.500	-24.186	0.181
37.520	-21.715	0.212
37.540	-18.906	0.235
37.560	-15.839	0.257
37.580	-12.558	0.268
37.600	-9.077	0.279
37.620	-5.462	0.285
37.640	-1.767	0.288
37.660	1.939	0.285
37.680	5.618	0.281
37.700	9.206	0.272
37.720	12.697	0.260
37.740	15.968	0.245
37.760	19.024	0.217
37.780	21.823	0.199
37.800	24.272	0.169
37.820	26.383	0.145
37.840	28.107	0.109
37.860	29.434	0.079
37.880	30.325	0.042
37.900	30.782	0.010
37.920	30.792	-0.024
37.940	30.395	-0.058
37.960	29.525	-0.096
37.980	28.247	-0.128
38.000	26.549	-0.159
38.020	24.508	-0.185
38.040	22.059	-0.215
38.060	19.309	-0.235
38.080	16.291	-0.257
38.100	13.025	-0.266
38.120	9.593	-0.284
38.140	6.000	-0.289
38.160	2.336	-0.296
38.180	-1.375	-0.294
38.200	-5.043	-0.292
38.220	-8.680	-0.278
38.240	-12.171	-0.267
38.260	-15.474	-0.249
38.280	-18.568	-0.232
38.300	-21.398	-0.211
38.320	-23.891	-0.180
38.340	-26.077	-0.155
38.360	-27.887	-0.124
38.380	-29.267	-0.091
38.400	-30.234	-0.056
38.420	-30.723	-0.023
38.440	-30.819	0.013
38.460	-30.481	0.047
38.480	-29.708	0.080
38.500	-28.483	0.116
38.520	-26.839	0.147
38.540	-24.804	0.176
38.560	-22.451	0.205
38.580	-19.728	0.227
38.600	-16.726	0.244
38.620	-13.508	0.263
38.640	-10.060	0.274
38.660	-6.488	0.286
38.680	-2.814	0.285
38.700	0.902	0.288
38.720	4.592	0.281
38.740	8.223	0.277
38.760	11.741	0.264
38.780	15.082	0.247
38.800	18.203	0.225
38.820	21.071	0.208
38.840	23.633	0.178
38.860	25.830	0.155
38.880	27.650	0.121
38.900	29.090	0.095
38.920	30.126	0.053
38.940	30.701	0.024
38.960	30.841	-0.016
38.980	30.551	-0.042
39.000	29.804	-0.085
39.020	28.649	-0.111
39.040	27.076	-0.151
39.060	25.121	-0.169
39.080	22.784	-0.207
39.100	20.099	-0.221
39.120	17.161	-0.254
39.140	13.949	-0.261
39.160	10.554	-0.282
39.180	6.999	-0.286
39.200	3.357	-0.295
39.220	-0.338	-0.287
39.240	-4.044	-0.287
39.260	-7.686	-0.275
39.280	-11.220	-0.268
39.300	-14.577	-0.248
39.320	-17.746	-0.233
39.340	-20.663	-0.208
39.360	-23.278	-0.186
39.380	-25.534	-0.156
39.400	-27.436	-0.130
39.420	-28.961	-0.094
39.440	-30.041	-0.066
39.460	-30.664	-0.024
39.480	-30.852	0.005
39.500	-30.658	0.045
39.520	-30.003	0.069
39.540	-28.913	0.115
39.560	-27.376	0.139
39.580	-25.459	0.173
39.600	-23.182	0.196
39.620	-20.539	0.228
39.640	-17.628	0.241
39.660	-14.459	0.268
39.680	-11.081	0.275
39.700	-7.525	0.287
39.720	-3.883	0.287
39.740	-0.167	0.294
39.760	3.540	0.288
39.780	7.187	0.282
39.800	10.748	0.273
39.820	14.147	0.260
39.840	17.343	0.243
39.860	20.271	0.222
39.880	22.961	0.191
39.900	25.233	0.170
39.920	27.188	0.136
39.940	28.719	0.110
39.960	29.879	0.071
39.980	30.583	0.042
40.000	30.846	0.003
40.020	30.674	-0.025
40.040	30.067	-0.067
40.060	29.009	-0.091
40.080	27.532	-0.136
40.100	25.701	-0.153
40.120	23.466	-0.193
40.140	20.872	-0.203
40.160	18.004	-0.241
40.180	14.873	-0.246
40.200	11.516	-0.270
40.220	8.003	-0.272
40.240	4.372	-0.286
40.260	0.693	-0.278
40.280	-3.019	-0.283
40.300	-6.692	-0.269
40.320	-10.253	-0.265
40.340	-13.675	-0.244
40.360	-16.897	-0.229
40.380	-19.889	-0.208
40.400	-22.580	-0.183
40.420	-24.927	-0.155
40.440	-26.947	-0.131
40.460	-28.590	-0.099
40.480	-29.761	-0.066
40.500	-30.540	-0.027
40.520	-30.846	-0.002
40.540	-30.760	0.045
40.560	-30.223	0.068
40.580	-29.251	0.112
40.600	-27.844	0.137
40.620	-26.018	0.175
40.640	-23.853	0.194
40.660	-21.318	0.229
40.680	-18.471	0.243
40.700	-15.351	0.268
40.720	-12.042	0.272
40.740	-8.540	0.295
40.760	-4.893	0.297
40.780	-1.187	0.305
40.800	2.508	0.292
40.820	6.187	0.293
40.840	9.749	0.281
40.860	13.213	0.267
40.880	16.473	0.253
40.900	19.476	0.229
40.920	22.242	0.203
40.940	24.637	0.183
40.960	26.673	0.151
40.980	28.333	0.117
41.000	29.600	0.086
41.020	30.417	0.054
41.040	30.819	0.017
41.060	30.755	-0.020
41.080	30.266	-0.053
41.100	29.342	-0.087
41.120	28.005	-0.121
41.140	26.254	-0.149
41.160	24.143	-0.178
41.180	21.629	-0.203
41.200	18.853	-0.229
41.220	15.791	-0.246
41.240	12.472	-0.262
41.260	9.007	-0.271
41.280	5.414	-0.281
41.300	1.740	-0.281
41.320	-1.960	-0.285
41.340	-5.645	-0.276
41.360	-9.260	-0.268
41.380	-12.713	-0.255
41.400	-15.990	-0.235
41.420	-19.046	-0.217
41.440	-21.823	-0.195
41.460	-24.293	-0.165
41.480	-26.399	-0.140
41.500	-28.134	-0.108
41.520	-29.450	-0.078
41.540	-30.347	-0.040
41.560	-30.787	-0.011
41.580	-30.819	0.026
41.600	-30.400	0.063
41.620	-29.546	0.095
41.640	-28.252	0.127
41.660	-26.560	0.163
41.680	-24.481	0.186
41.700	-22.038	0.215
41.720	-19.261	0.235
41.740	-16.221	0.253
41.760	-12.966	0.272
41.780	-9.507	0.282
41.800	-5.908	0.290
41.820	-2.218	0.291
41.840	1.488	0.291
41.860	5.172	0.286
41.880	8.782	0.277
41.900	12.273	0.262
41.920	15.582	0.250
41.940	18.665	0.228
41.960	21.495	0.207
41.980	24.003	0.179
42.000	26.136	0.150
42.020	27.924	0.116
42.040	29.283	0.090
42.060	30.234	0.055
42.080	30.744	0.023
42.100	30.830	-0.016
42.120	30.465	-0.047
42.140	29.654	-0.089
42.160	28.424	-0.116
42.180	26.791	-0.151
42.200	24.782	-0.176
42.220	22.354	-0.208
42.240	19.658	-0.223
42.260	16.672	-0.257
42.280	13.417	-0.261
42.300	9.996	-0.283
42.320	6.445	-0.281
42.340	2.782	-0.298
42.360	-0.913	-0.286
42.380	-4.603	-0.294
42.400	-8.261	-0.269
42.420	-11.752	-0.273
42.440	-15.071	-0.248
42.460	-18.203	-0.232
42.480	-21.065	-0.208
42.500	-23.617	-0.185
42.520	-25.835	-0.155
42.540	-27.672	-0.127
42.560	-29.122	-0.097
42.580	-30.132	-0.061
42.600	-30.685	-0.029
42.620	-30.846	0.009
42.640	-30.562	0.043
42.660	-29.826	0.076
42.680	-28.649	0.108
42.700	-27.054	0.141
42.720	-25.083	0.172
42.740	-22.752	0.195
42.760	-20.072	0.224
42.780	-17.091	0.236
42.800	-13.917	0.259
42.820	-10.484	0.269
42.840	-6.929	0.284
42.860	-3.260	0.282
42.880	0.462	0.288
42.900	4.146	0.278
42.920	7.788	0.274
42.940	11.301	0.260
42.960	14.674	0.250
42.980	17.832	0.224
43.000	20.727	0.210
43.020	23.343	0.177
43.040	25.577	0.158
43.060	27.462	0.118
43.080	28.939	0.095
43.100	30.008	0.053
43.120	30.647	0.028
43.140	30.846	-0.015
43.160	30.615	-0.043
43.180	29.922	-0.083
43.200	28.816	-0.111
43.220	27.280	-0.149
43.240	25.395	-0.173
43.260	23.090	-0.204
43.280	20.458	-0.227
43.300	17.537	-0.251
43.320	14.357	-0.264
43.340	10.973	-0.279
43.360	7.450	-0.289
43.380	3.803	-0.297
43.400	0.113	-0.293
43.420	-3.583	-0.293
43.440	-7.235	-0.283
43.460	-10.780	-0.274
43.480	-14.174	-0.257
43.500	-17.359	-0.241
43.520	-20.297	-0.214
43.540	-22.945	-0.195
43.560	-25.239	-0.163
43.580	-27.205	-0.142
43.600	-28.762	-0.100
43.620	-29.885	-0.074
43.640	-30.588	-0.033
43.660	-30.814	-0.005
43.680	-30.685	0.036
43.700	-30.083	0.063
43.720	-29.042	0.103
43.740	-27.543	0.130
43.760	-25.679	0.165
43.780	-23.450	0.190
43.800	-20.877	0.220
43.820	-17.966	0.239
43.840	-14.824	0.260
43.860	-11.473	0.270
43.880	-7.944	0.283
43.900	-4.308	0.287
43.920	-0.607	0.293
43.940	3.099	0.287
43.960	6.762	0.280
43.980	10.312	0.271
44.000	13.745	0.258
44.020	16.973	0.241
44.040	19.943	0.218
44.060	22.650	0.190
44.080	24.976	0.166
44.100	26.958	0.137
44.120	28.569	0.107
44.140	29.750	0.069
44.160	30.519	0.039
44.180	30.835	0.000
44.200	30.717	-0.029
44.220	30.148	-0.064
44.240	29.165	-0.098
44.260	27.742	-0.136
44.280	25.948	-0.157
44.300	23.762	-0.190
44.320	21.210	-0.211
44.340	18.375	-0.235
44.360	15.270	-0.257
44.380	11.935	-0.266
44.400	8.443	-0.287
44.420	4.834	-0.287
44.440	1.144	-0.294
44.460	-2.562	-0.288
44.480	-6.247	-0.285
44.500	-9.829	-0.268
44.520	-13.283	-0.258
44.540	-16.511	-0.234
44.560	-19.551	-0.215
44.580	-22.274	-0.193
44.600	-24.669	-0.164
44.620	-26.737	-0.141
44.640	-28.413	-0.105
44.660	-29.654	-0.074
44.680	-30.492	-0.037
44.700	-30.814	-0.008
44.720	-30.798	0.034
44.740	-30.336	0.063
44.760	-29.428	0.103
44.780	-28.053	0.129
44.800	-26.275	0.166
44.820	-24.143	0.189
44.840	-21.635	0.219
44.860	-18.836	0.237
44.880	-15.759	0.263
44.900	-12.461	0.274
44.920	-8.964	0.287
44.940	-5.350	0.291
44.960	-1.665	0.299
44.980	2.062	0.293
45.000	5.742	0.291
45.020	9.330	0.281
45.040	12.815	0.269
45.060	16.081	0.255
45.080	19.121	0.233
45.100	21.914	0.211
45.120	24.358	0.184
45.140	26.458	0.155
45.160	28.166	0.122
45.180	29.471	0.092
45.200	30.336	0.053
45.220	30.792	0.024
45.240	30.787	-0.016
45.260	30.368	-0.044
45.280	29.487	-0.085
45.300	28.193	-0.116
45.320	26.479	-0.148
45.340	24.412	-0.171
45.360	21.957	-0.203
45.380	19.196	-0.219
45.400	16.162	-0.244
45.420	12.875	-0.253
45.440	9.448	-0.274
45.460	5.849	-0.273
45.480	2.181	-0.285
45.500	-1.531	-0.278
45.520	-5.221	-0.279
45.540	-8.835	-0.267
45.560	-12.311	-0.252
45.580	-15.598	-0.236
45.600	-18.708	-0.216
45.620	-21.522	-0.197
45.640	-24.009	-0.169
45.660	-26.179	-0.141
45.680	-27.957	-0.109
45.700	-29.337	-0.079
45.720	-30.277	-0.039
45.740	-30.755	-0.019
45.760	-30.846	0.031
45.780	-30.470	0.058
45.800	-29.702	0.096
45.820	-28.451	0.129
45.840	-26.791	0.155
45.860	-24.761	0.188
45.880	-22.354	0.211
45.900	-19.631	0.241
45.920	-16.640	0.251
45.940	-13.401	0.275
45.960	-9.942	0.280
45.980	-6.354	0.298
46.000	-2.669	0.291
46.020	1.042	0.303
46.040	4.737	0.288
46.060	8.341	0.289
46.080	11.849	0.266
46.100	15.200	0.263
46.120	18.315	0.232
46.140	21.162	0.220
46.160	23.719	0.183
46.180	25.905	0.163
46.200	27.715	0.125
46.220	29.144	0.100
46.240	30.137	0.063
46.260	30.712	0.028
46.280	30.846	-0.005
46.300	30.529	-0.045
46.320	29.772	-0.069
46.340	28.596	-0.117
46.360	27.006	-0.129
46.380	25.051	-0.182
46.400	22.671	-0.189
46.420	20.002	-0.230
46.440	17.048	-0.234
46.460	13.841	-0.266
46.480	10.425	-0.265
46.500	6.875	-0.284
46.520	3.233	-0.286
46.540	-0.473	-0.281
46.560	-4.168	-0.286
46.580	-7.804	-0.265
46.600	-11.349	-0.271
46.620	-14.695	-0.240
46.640	-17.854	-0.238
46.660	-20.749	-0.199
46.680	-23.332	-0.190
46.700	-25.577	-0.145
46.720	-27.473	-0.133
46.740	-28.977	-0.087
46.760	-30.030	-0.066
46.780	-30.664	-0.025
46.800	-30.862	0.008
46.820	-30.610	0.044
46.840	-29.933	0.079
46.860	-28.816	0.109
46.880	-27.280	0.147
46.900	-25.335	0.169
46.920	-23.053	0.200
46.940	-20.426	0.220
46.960	-17.467	0.244
46.980	-14.309	0.257
47.000	-10.914	0.275
47.020	-7.364	0.282
47.040	-3.706	0.289
47.060	0.011	0.287
47.080	3.701	0.289
47.100	7.348	0.274
47.120	10.898	0.271
47.140	14.287	0.249
47.160	17.461	0.235
47.180	20.394	0.210
47.200	23.042	0.186
47.220	25.325	0.159
47.240	27.264	0.129
47.260	28.778	0.098
47.280	29.901	0.062
47.300	30.594	0.029
47.320	30.841	-0.008
47.340	30.658	-0.039
47.360	30.019	-0.078
47.380	28.972	-0.108
47.400	27.473	-0.145
47.420	25.636	-0.166
47.440	23.370	-0.202
47.460	20.792	-0.222
47.480	17.907	-0.249
47.500	14.754	-0.262
47.520	11.414	-0.277
47.540	7.885	-0.283
47.560	4.254	-0.298
47.580	0.575	-0.292
47.600	-3.126	-0.299
47.620	-6.800	-0.282
47.640	-10.372	-0.278
47.660	-13.771	-0.258
47.680	-16.978	-0.242
47.700	-19.948	-0.222
47.720	-22.634	-0.194
47.740	-24.981	-0.173
47.760	-26.990	-0.142
47.780	-28.590	-0.111
47.800	-29.756	-0.077
47.820	-30.529	-0.042
47.840	-30.819	-0.014
47.860	-30.712	0.028
47.880	-30.169	0.054
47.900	-29.165	0.100
47.920	-27.742	0.123
47.940	-25.910	0.160
47.960	-23.729	0.183
47.980	-21.205	0.217
48.000	-18.326	0.230
48.020	-15.222	0.257
48.040	-11.897	0.262
48.060	-8.384	0.281
48.080	-4.737	0.281
48.100	-1.047	0.286
48.120	2.669	0.281
48.140	6.338	0.281
48.160	9.894	0.268
48.180	13.353	0.256
48.200	16.591	0.240
48.220	19.594	0.215
48.240	22.349	0.191
48.260	24.723	0.166
48.280	26.748	0.139
48.300	28.392	0.107
48.320	29.638	0.075
48.340	30.449	0.036
48.360	30.830	0.007
48.380	30.750	-0.033
48.400	30.255	-0.064
48.420	29.299	-0.099
48.440	27.940	-0.135
48.460	26.189	-0.157
48.480	24.057	-0.196
48.500	21.549	-0.208
48.520	18.734	-0.245
48.540	15.673	-0.251
48.560	12.348	-0.280
48.580	8.878	-0.274
48.600	5.274	-0.301
48.620	1.611	-0.280
48.640	-2.100	-0.304
48.660	-5.769	-0.274
48.680	-9.378	-0.286
48.700	-12.853	-0.257
48.720	-16.113	-0.251
48.740	-19.175	-0.219
48.760	-21.936	-0.204
48.780	-24.385	-0.174
48.800	-26.485	-0.148
48.820	-28.214	-0.115
48.840	-29.509	-0.083
48.860	-30.374	-0.045
48.880	-30.787	-0.013
48.900	-30.825	0.022
48.920	-30.406	0.054
48.940	-29.541	0.088
48.960	-28.241	0.124
48.980	-26.512	0.158
49.000	-24.406	0.185
49.020	-21.973	0.208
49.040	-19.196	0.232
49.060	-16.140	0.253
49.080	-12.869	0.267
49.100	-9.394	0.282
49.120	-5.790	0.287
49.140	-2.111	0.292
49.160	1.606	0.291
49.180	5.301	0.287
49.200	8.895	0.278
49.220	12.391	0.269
49.240	15.705	0.249
49.260	18.772	0.232
49.280	21.597	0.204
49.300	24.084	0.181
49.320	26.216	0.150
49.340	27.962	0.123
49.360	29.337	0.089
49.380	30.261	0.055
49.400	30.760	0.017
49.420	30.814	-0.017
49.440	30.449	-0.047
49.460	29.600	-0.082
49.480	28.365	-0.116
49.500	26.700	-0.149
49.520	24.691	-0.174
49.540	22.279	-0.207
49.560	19.545	-0.219
49.580	16.543	-0.250
49.600	13.277	-0.253
49.620	9.861	-0.278
49.640	6.284	-0.273
49.660	2.626	-0.290
49.680	-1.085	-0.281
49.700	-4.780	-0.282
49.720	-8.411	-0.270
49.740	-11.918	-0.261
49.760	-15.232	-0.239
49.780	-18.364	-0.224
49.800	-21.210	-0.198
49.820	-23.740	-0.176
49.840	-25.953	-0.149
49.860	-27.769	-0.115
49.880	-29.213	-0.085
49.900	-30.212	-0.045
49.920	-30.717	-0.017
49.940	-30.846	0.024
49.960	-30.578	0.053
49.980	-29.836	0.088
50.000	-28.649	0.124
50.020	-27.027	0.153
50.040	-25.035	0.185
50.060	-22.698	0.206
50.080	-20.002	0.237
50.100	-17.021	0.253
50.120	-13.825	0.275
50.140	-10.377	0.279
50.160	-6.811	0.297
50.180	-3.147	0.294
50.200	0.575	0.304
50.220	4.281	0.290
50.240	7.896	0.291
50.260	11.424	0.270
50.280	14.792	0.265
50.300	17.934	0.236
50.320	20.824	0.221
50.340	23.429	0.191
50.360	25.647	0.170
50.380	27.521	0.133
50.400	28.988	0.106
50.420	30.046	0.068
50.440	30.664	0.038
50.460	30.852	-0.002
50.480	30.594	-0.036
50.500	29.879	-0.066
50.520	28.757	-0.103
50.540	27.210	-0.130
50.560	25.303	-0.163
50.580	22.983	-0.189
50.600	20.346	-0.216
50.620	17.418	-0.235
50.640	14.244	-0.252
50.660	10.844	-0.267
50.680	7.321	-0.272
50.700	3.668	-0.283
50.720	-0.032	-0.278
50.740	-3.733	-0.285
50.760	-7.380	-0.265
50.780	-10.919	-0.266
50.800	-14.298	-0.237
50.820	-17.494	-0.233
50.840	-20.416	-0.201
50.860	-23.053	-0.190
50.880	-25.330	-0.149
50.900	-27.280	-0.129
50.920	-28.821	-0.090
50.940	-29.928	-0.062
50.960	-30.621	-0.024
50.980	-30.862	0.003
51.000	-30.664	0.045
51.020	-30.057	0.074
51.040	-28.993	0.112
51.060	-27.484	0.145
51.080	-25.593	0.176
51.100	-23.364	0.197
51.120	-20.749	0.226
51.140	-17.843	0.243
51.160	-14.711	0.263
51.180	-11.349	0.276
51.200	-7.804	0.286
51.220	-4.152	0.292
51.240	-0.457	0.295
51.260	3.255	0.290
51.280	6.902	0.287
51.300	10.463	0.272
51.320	13.884	0.262
51.340	17.080	0.241
51.360	20.040	0.220
51.380	22.736	0.194
51.400	25.062	0.171
51.420	27.038	0.135
51.440	28.617	0.108
51.460	29.804	0.075
51.480	30.540	0.039
51.500	30.835	-0.001
51.520	30.696	-0.032
51.540	30.121	-0.068
51.560	29.111	-0.098
51.580	27.667	-0.136
51.600	25.873	-0.158
51.620	23.670	-0.190
51.640	21.098	-0.213
51.660	18.262	-0.239
51.680	15.152	-0.257
51.700	11.806	-0.270
51.720	8.320	-0.279
51.740	4.716	-0.290
51.760	1.015	-0.287
51.780	-2.680	-0.291
51.800	-6.343	-0.281
51.820	-9.942	-0.276
51.840	-13.369	-0.257
51.860	-16.607	-0.241
51.880	-19.610	-0.218
51.900	-22.344	-0.200
51.920	-24.718	-0.167
51.940	-26.770	-0.145
51.960	-28.429	-0.107
51.980	-29.648	-0.081
52.000	-30.459	-0.041
52.020	-30.825	-0.017
52.040	-30.771	0.029
52.060	-30.255	0.054
52.080	-29.321	0.096
52.100	-27.935	0.122
52.120	-26.163	0.160
52.140	-24.020	0.179
52.160	-21.517	0.211
52.180	-18.675	0.229
52.200	-15.608	0.252
52.220	-12.305	0.262
52.240	-8.814	0.278
52.260	-5.183	0.284
52.280	-1.493	0.287
52.300	2.213	0.286
52.320	5.892	0.278
52.340	9.464	0.266
52.360	12.939	0.260
52.380	16.210	0.240
52.400	19.229	0.218
52.420	22.021	0.196
52.440	24.444	0.167
52.460	26.528	0.143
52.480	28.209	0.108
52.500	29.503	0.075
52.520	30.363	0.038
52.540	30.792	0.008
52.560	30.782	-0.034
52.580	30.314	-0.062
52.600	29.439	-0.099
52.620	28.134	-0.132
52.640	26.415	-0.161
52.660	24.336	-0.189
52.680	21.866	-0.216
52.700	19.083	-0.238
52.720	16.049	-0.259
52.740	12.762	-0.271
52.760	9.313	-0.286
52.780	5.726	-0.294
52.800	2.046	-0.295
52.820	-1.638	-0.295
52.840	-5.333	-0.286
52.860	-8.937	-0.281
52.880	-12.429	-0.266
52.900	-15.705	-0.247
52.920	-18.788	-0.227
52.940	-21.613	-0.205
52.960	-24.079	-0.179
52.980	-26.238	-0.153
53.000	-28.005	-0.119
53.020	-29.369	-0.090
53.040	-30.271	-0.055
53.060	-30.744	-0.022
53.080	-30.830	0.016
53.100	-30.459	0.050
53.120	-29.643	0.081
53.140	-28.381	0.120
53.160	-26.700	0.146
53.180	-24.659	0.176
53.200	-22.269	0.202
53.220	-19.513	0.228
53.240	-16.511	0.242
53.260	-13.261	0.263
53.280	-9.808	0.274
53.300	-6.230	0.283
53.320	-2.546	0.285
53.340	1.166	0.288
53.360	4.872	0.279
53.380	8.470	0.275
53.400	11.983	0.264
53.420	15.308	0.249
53.440	18.412	0.226
53.460	21.275	0.206
53.480	23.799	0.177
53.500	25.969	0.155
53.520	27.769	0.118
53.540	29.181	0.092
53.560	30.169	0.054
53.580	30.712	0.022
53.600	30.830	-0.018
53.620	30.508	-0.045
53.640	29.729	-0.083
53.660	28.531	-0.115
53.680	26.931	-0.150
53.700	24.959	-0.170
53.720	22.591	-0.204
53.740	19.884	-0.222
53.760	16.919	-0.252
53.780	13.696	-0.258
53.800	10.296	-0.281
53.820	6.725	-0.282
53.840	3.072	-0.293
53.860	-0.623	-0.288
53.880	-4.324	-0.286
53.900	-7.971	-0.274
53.920	-11.494	-0.265
53.940	-14.846	-0.250
53.960	-17.993	-0.229
53.980	-20.888	-0.205
54.000	-23.450	-0.181
54.020	-25.711	-0.153
54.040	-27.575	-0.128
54.060	-29.079	-0.095
54.080	-30.116	-0.062
54.100	-30.707	-0.025
54.120	-30.862	0.011
54.140	-30.642	0.046
54.160	-29.965	0.076
54.180	-28.837	0.118
54.200	-27.248	0.144
54.220	-25.309	0.179
54.240	-23.004	0.199
54.260	-20.351	0.228
54.280	-17.402	0.248
54.300	-14.217	0.267
54.320	-10.823	0.281
54.340	-7.262	0.290
54.360	-3.604	0.293
54.380	0.118	0.295
54.400	3.813	0.290
54.420	7.450	0.289
54.440	10.995	0.273
54.460	14.389	0.265
54.480	17.558	0.244
54.500	20.480	0.224
54.520	23.144	0.194
54.540	25.400	0.173
54.560	27.317	0.134
54.580	28.827	0.109
54.600	29.938	0.069
54.620	30.610	0.042
54.640	30.846	-0.002
54.660	30.642	-0.028
54.680	29.998	-0.064
54.700	28.913	-0.095
54.720	27.409	-0.136
54.740	25.550	-0.154
54.760	23.284	-0.188
54.780	20.679	-0.212
54.800	17.778	-0.235
54.820	14.625	-0.248
54.840	11.269	-0.265
54.860	7.740	-0.270
54.880	4.114	-0.286
54.900	0.408	-0.279
54.920	-3.303	-0.280
54.940	-6.956	-0.269
54.960	-10.500	-0.260
54.980	-13.927	-0.243
55.000	-17.123	-0.227
55.020	-20.104	-0.200
55.040	-22.768	-0.184
55.060	-25.078	-0.153
55.080	-27.076	-0.128
55.100	-28.676	-0.093
55.120	-29.847	-0.063
55.140	-30.583	-0.027
55.160	-30.857	0.000
55.180	-30.739	0.046
55.200	-30.186	0.075
55.220	-29.154	0.112
55.240	-27.720	0.138
55.260	-25.867	0.175
55.280	-23.665	0.195
55.300	-21.125	0.228
55.320	-18.240	0.245
55.340	-15.120	0.266
55.360	-11.773	0.274
55.380	-8.261	0.295
55.400	-4.614	0.294
55.420	-0.908	0.299
55.440	2.788	0.293
55.460	6.451	0.288
55.480	10.022	0.278
55.500	13.465	0.266
55.520	16.699	0.249
55.540	19.690	0.226
55.560	22.430	0.202
55.580	24.788	0.180
55.600	26.807	0.147
55.620	28.440	0.116
55.640	29.670	0.081
55.660	30.465	0.049
55.680	30.825	0.014
55.700	30.728	-0.021
55.720	30.212	-0.058
55.740	29.262	-0.088
55.760	27.892	-0.126
55.780	26.114	-0.153
55.800	23.960	-0.186
55.820	21.431	-0.205
55.840	18.622	-0.229
55.860	15.549	-0.248
55.880	12.214	-0.266
55.900	8.739	-0.275
55.920	5.156	-0.286
55.940	1.472	-0.281
55.960	-2.256	-0.283
55.980	-5.919	-0.277
56.000	-9.528	-0.265
56.020	-12.966	-0.253
56.040	-16.226	-0.237
56.060	-19.261	-0.216
56.080	-22.021	-0.199
56.100	-24.460	-0.163
56.120	-26.533	-0.141
56.140	-28.263	-0.107
56.160	-29.520	-0.077
56.180	-30.406	-0.038
56.200	-30.809	-0.015
56.220	-30.809	0.027
56.240	-30.341	0.059
56.260	-29.466	0.095
56.280	-28.145	0.125
56.300	-26.404	0.160
56.320	-24.304	0.183
56.340	-21.844	0.213
56.360	-19.051	0.232
56.380	-16.000	0.254
56.400	-12.729	0.268
56.420	-9.238	0.282
56.440	-5.634	0.289
56.460	-1.960	0.288
56.480	1.756	0.287
56.500	5.446	0.283
56.520	9.040	0.274
56.540	12.525	0.265
56.560	15.829	0.244
56.580	18.879	0.221
56.600	21.694	0.202
56.620	24.165	0.175
56.640	26.292	0.149
56.660	28.021	0.113
56.680	29.380	0.088
56.700	30.288	0.045
56.720	30.766	0.017
56.740	30.792	-0.024
56.760	30.417	-0.055
56.780	29.568	-0.094
56.800	28.311	-0.125
56.820	26.630	-0.156
56.840	24.605	-0.182
56.860	22.172	-0.216
56.880	19.443	-0.229
56.900	16.436	-0.257
56.920	13.165	-0.265
56.940	9.738	-0.284
56.960	6.171	-0.291
56.980	2.503	-0.296
57.000	-1.192	-0.294
57.020	-4.893	-0.288
57.040	-8.529	-0.281
57.060	-12.021	-0.270
57.080	-15.324	-0.251
57.100	-18.434	-0.233
57.120	-21.275	-0.209
57.140	-23.799	-0.183
57.160	-25.985	-0.159
57.180	-27.812	-0.128
57.200	-29.219	-0.093
57.220	-30.196	-0.059
57.240	-30.712	-0.026
57.260	-30.841	0.011
57.280	-30.502	0.045
57.300	-29.756	0.078
57.320	-28.547	0.112
57.340	-26.931	0.141
57.360	-24.933	0.176
57.380	-22.569	0.199
57.400	-19.862	0.223
57.420	-16.876	0.243
57.440	-13.669	0.260
57.460	-10.237	0.268
57.480	-6.655	0.283
57.500	-2.981	0.280
57.520	0.730	0.285
57.540	4.420	0.280
57.560	8.035	0.273
57.580	11.553	0.263
57.600	14.921	0.250
57.620	18.047	0.227
57.640	20.937	0.209
57.660	23.515	0.177
57.680	25.733	0.154
57.700	27.581	0.121
57.720	29.031	0.092
57.740	30.073	0.052
57.760	30.674	0.025
57.780	30.841	-0.017
57.800	30.572	-0.047
57.820	29.853	-0.085
57.840	28.708	-0.116
57.860	27.146	-0.149
57.880	25.223	-0.174
57.900	22.902	-0.206
57.920	20.249	-0.228
57.940	17.316	-0.253
57.960	14.104	-0.263
57.980	10.710	-0.282
58.000	7.181	-0.286
58.020	3.518	-0.296
58.040	-0.161	-0.291
58.060	-3.862	-0.293
58.080	-7.520	-0.277
58.100	-11.064	-0.273
58.120	-14.427	-0.251
58.140	-17.601	-0.238
58.160	-20.534	-0.212
58.180	-23.144	-0.194
58.200	-25.421	-0.157
58.220	-27.344	-0.138
58.240	-28.880	-0.096
58.260	-29.976	-0.070
58.280	-30.626	-0.031
58.300	-30.841	-0.002
58.320	-30.664	0.043
58.340	-30.041	0.069
58.360	-28.950	0.113
58.380	-27.441	0.133
58.400	-25.545	0.173
58.420	-23.289	0.195
58.440	-20.684	0.223
58.460	-17.751	0.239
58.480	-14.609	0.259
58.500	-11.242	0.266
58.520	-7.691	0.284
58.540	-4.050	0.284
58.560	-0.349	0.291
58.580	3.368	0.285
58.600	7.020	0.283
58.620	10.592	0.270
58.640	13.992	0.259
58.660	17.187	0.241
58.680	20.142	0.219
58.700	22.838	0.194
58.720	25.137	0.166
58.740	27.081	0.136
58.760	28.655	0.108
58.780	29.820	0.072
58.800	30.551	0.040
58.820	30.841	0.000
58.840	30.685	-0.032
58.860	30.083	-0.066
58.880	29.068	-0.101
58.900	27.613	-0.132
58.920	25.792	-0.161
58.940	23.584	-0.191
58.960	21.001	-0.211
58.980	18.138	-0.237
59.000	15.028	-0.251
59.020	11.682	-0.268
59.040	8.164	-0.273
59.060	4.549	-0.286
59.080	0.854	-0.283
59.100	-2.857	-0.288
59.120	-6.531	-0.273
59.140	-10.108	-0.271
59.160	-13.535	-0.252
59.180	-16.758	-0.238
59.200	-19.760	-0.209
59.220	-22.462	-0.194
59.240	-24.847	-0.159
59.260	-26.893	-0.136
59.280	-28.521	-0.099
59.300	-29.740	-0.069
59.320	-30.540	-0.033
59.340	-30.846	-0.002
59.360	-30.792	0.038
59.380	-30.282	0.066
59.400	-29.332	0.105
59.420	-27.946	0.134
59.440	-26.141	0.170
59.460	-23.966	0.193
59.480	-21.447	0.223
59.500	-18.627	0.242
59.520	-15.522	0.265
59.540	-12.230	0.274
59.560	-8.701	0.290
59.580	-5.076	0.294
59.600	-1.386	0.298
59.620	2.336	0.297
59.640	6.010	0.291
59.660	9.593	0.279
59.680	13.057	0.270
59.700	16.312	0.254
59.720	19.347	0.232
59.740	22.102	0.209
59.760	24.524	0.182
59.780	26.587	0.157
59.800	28.268	0.121
59.820	29.541	0.089
59.840	30.379	0.055
59.860	30.803	0.021
59.880	30.766	-0.016
59.900	30.304	-0.049
59.920	29.396	-0.087
59.940	28.069	-0.119
59.960	26.340	-0.146
59.980	24.250	-0.174
60.000	21.753	-0.207
60.020	18.981	-0.222
60.040	15.925	-0.243
60.060	12.627	-0.257
60.080	9.174	-0.273
60.100	5.570	-0.277
60.120	1.901	-0.279
60.140	-1.799	-0.281
60.160	-5.484	-0.273
60.180	-9.115	-0.268
60.200	-12.563	-0.249
60.220	-15.855	-0.235
60.240	-18.922	-0.215
60.260	-21.721	-0.197
60.280	-24.186	-0.167
60.300	-26.329	-0.140
60.320	-28.091	-0.107
60.340	-29.407	-0.076
60.360	-30.336	-0.039
60.380	-30.776	-0.011
60.400	-30.841	0.029
60.420	-30.438	0.062
60.440	-29.616	0.093
60.460	-28.333	0.129
60.480	-26.662	0.157
60.500	-24.600	0.187
60.520	-22.167	0.217
60.540	-19.422	0.237
60.560	-16.387	0.257
60.580	-13.154	0.273
60.600	-9.668	0.282
60.620	-6.085	0.295
60.640	-2.401	0.291
60.660	1.300	0.294
60.680	4.995	0.287
60.700	8.599	0.279
60.720	12.112	0.266
60.740	15.431	0.253
60.760	18.525	0.231
60.780	21.366	0.214
60.800	23.885	0.184
60.820	26.044	0.159
60.840	27.833	0.121
60.860	29.219	0.098
60.880	30.191	0.054
60.900	30.723	0.029
60.920	30.830	-0.015
60.940	30.486	-0.045
60.960	29.686	-0.082
60.980	28.483	-0.112
61.000	26.872	-0.146
61.020	24.879	-0.171
61.040	22.478	-0.203
61.060	19.787	-0.225
61.080	16.817	-0.247
61.100	13.589	-0.260
61.120	10.162	-0.276
61.140	6.612	-0.281
61.160	2.954	-0.287
61.180	-0.757	-0.288
61.200	-4.431	-0.281
61.220	-8.094	-0.275
61.240	-11.591	-0.265
61.260	-14.948	-0.244
61.280	-18.079	-0.227
61.300	-20.958	-0.206
61.320	-23.509	-0.182
61.340	-25.733	-0.151
61.360	-27.597	-0.127
61.380	-29.074	-0.095
61.400	-30.094	-0.058
61.420	-30.690	-0.023
61.440	-30.852	0.005
61.460	-30.572	0.046
61.480	-29.863	0.073
61.500	-28.725	0.112
61.520	-27.151	0.142
61.540	-25.190	0.172
61.560	-22.875	0.196
61.580	-20.201	0.225
61.600	-17.252	0.239
61.620	-14.062	0.262
61.640	-10.662	0.266
61.660	-7.101	0.283
61.680	-3.432	0.282
61.700	0.263	0.285
61.720	3.980	0.280
61.740	7.611	0.274
61.760	11.145	0.262
61.780	14.523	0.252
61.800	17.671	0.229
61.820	20.587	0.212
61.840	23.214	0.181
61.860	25.475	0.158
61.880	27.382	0.123
61.900	28.880	0.097
61.920	29.971	0.057
61.940	30.626	0.026
61.960	30.852	-0.010
61.980	30.621	-0.044
62.000	29.955	-0.082
62.020	28.875	-0.113
62.040	27.344	-0.148
62.060	25.470	-0.171
62.080	23.192	-0.206
62.100	20.577	-0.225
62.120	17.671	-0.251
62.140	14.523	-0.264
62.160	11.145	-0.279
62.180	7.616	-0.285
62.200	3.980	-0.298
62.220	0.295	-0.294
62.240	-3.416	-0.297
62.260	-7.074	-0.283
62.280	-10.640	-0.280
62.300	-14.024	-0.257
62.320	-17.214	-0.244
62.340	-20.174	-0.215
62.360	-22.827	-0.199
62.380	-25.147	-0.165
62.400	-27.129	-0.142
62.420	-28.687	-0.104
62.440	-29.847	-0.076
62.460	-30.562	-0.039
62.480	-30.830	-0.008
62.500	-30.701	0.032
62.520	-30.110	0.059
62.540	-29.084	0.100
62.560	-27.634	0.128
62.580	-25.771	0.166
62.600	-23.558	0.187
62.620	-20.996	0.218
62.640	-18.106	0.235
62.660	-14.985	0.256
62.680	-11.655	0.263
62.700	-8.116	0.280
62.720	-4.463	0.285
62.740	-0.779	0.287
62.760	2.938	0.283
62.780	6.590	0.278
62.800	10.157	0.267
62.820	13.600	0.257
62.840	16.812	0.237
62.860	19.803	0.216
62.880	22.526	0.191
62.900	24.874	0.166
62.920	26.877	0.137
62.940	28.483	0.108
62.960	29.713	0.075
62.980	30.481	0.040
63.000	30.825	0.004
63.020	30.728	-0.033
63.040	30.196	-0.066
63.060	29.219	-0.103
63.080	27.822	-0.132
63.100	26.034	-0.162
63.120	23.864	-0.189
63.140	21.339	-0.215
63.160	18.514	-0.236
63.180	15.420	-0.258
63.200	12.096	-0.272
63.220	8.610	-0.279
63.240	5.000	-0.294
63.260	1.327	-0.289
63.280	-2.379	-0.290
63.300	-6.069	-0.280
63.320	-9.663	-0.277
63.340	-13.111	-0.257
63.360	-16.366	-0.246
63.380	-19.400	-0.217
63.400	-22.134	-0.201
63.420	-24.562	-0.168
63.440	-26.646	-0.145
63.460	-28.327	-0.110
63.480	-29.595	-0.078
63.500	-30.443	-0.045
63.520	-30.809	-0.012
63.540	-30.809	0.029
63.560	-30.352	0.058
63.580	-29.466	0.096
63.600	-28.118	0.125
63.620	-26.377	0.161
63.640	-24.250	0.187
63.660	-21.780	0.213
63.680	-18.981	0.233
63.700	-15.904	0.252
63.720	-12.627	0.264
63.740	-9.147	0.280
63.760	-5.527	0.286
63.780	-1.848	0.289
63.800	1.875	0.291
63.820	5.554	0.286
63.840	9.147	0.278
63.860	12.638	0.265
63.880	15.936	0.253
63.900	18.981	0.228
63.920	21.801	0.206
63.940	24.250	0.177
63.960	26.356	0.157
63.980	28.069	0.119
64.000	29.412	0.091
64.020	30.304	0.050
64.040	30.776	0.019
64.060	30.787	-0.016
64.080	30.406	-0.047
64.100	29.530	-0.082
64.120	28.263	-0.116
64.140	26.555	-0.145
64.160	24.514	-0.173
64.180	22.086	-0.200
64.200	19.325	-0.225
64.220	16.317	-0.240
64.240	13.036	-0.261
64.260	9.598	-0.266
64.280	6.010	-0.281
64.300	2.353	-0.286
64.320	-1.370	-0.282
64.340	-5.043	-0.277
64.360	-8.685	-0.268
64.380	-12.160	-0.253
64.400	-15.469	-0.234
64.420	-18.562	-0.215
64.440	-21.420	-0.199
64.460	-23.917	-0.171
64.480	-26.087	-0.144
64.500	-27.897	-0.112
64.520	-29.289	-0.077
64.540	-30.250	-0.045
64.560	-30.744	-0.010
64.580	-30.857	0.021
64.600	-30.529	0.058
64.620	-29.767	0.091
64.640	-28.531	0.127
64.660	-26.877	0.159
64.680	-24.879	0.187
64.700	-22.510	0.214
64.720	-19.776	0.238
64.740	-16.795	0.254
64.760	-13.562	0.275
64.780	-10.119	0.286
64.800	-6.553	0.295
64.820	-2.852	0.298
64.840	0.843	0.301
64.860	4.533	0.296
64.880	8.159	0.287
64.900	11.682	0.274
64.920	15.034	0.260
64.940	18.160	0.236
64.960	21.022	0.221
64.980	23.611	0.186
65.000	25.808	0.170
65.020	27.645	0.130
65.040	29.084	0.102
65.060	30.105	0.065
65.080	30.680	0.037
65.100	30.830	-0.004
65.120	30.551	-0.034
65.140	29.815	-0.076
65.160	28.655	-0.103
65.180	27.081	-0.139
65.200	25.137	-0.158
65.220	22.795	-0.196
65.240	20.131	-0.215
65.260	17.187	-0.239
65.280	13.981	-0.254
65.300	10.576	-0.269
65.320	7.047	-0.277
65.340	3.389	-0.284
65.360	-0.301	-0.281
65.380	-3.996	-0.281
65.400	-7.638	-0.272
65.420	-11.167	-0.261
65.440	-14.550	-0.242
65.460	-17.703	-0.225
65.480	-20.625	-0.207
65.500	-23.230	-0.178
65.520	-25.502	-0.155
65.540	-27.414	-0.124
65.560	-28.923	-0.090
65.580	-29.992	-0.060
65.600	-30.647	-0.023
65.620	-30.862	0.008
65.640	-30.621	0.050
65.660	-29.992	0.075
65.680	-28.902	0.112
65.700	-27.355	0.144
65.720	-25.454	0.178
65.740	-23.171	0.199
65.760	-20.550	0.228
65.780	-17.649	0.243
65.800	-14.470	0.268
65.820	-11.086	0.274
65.840	-7.552	0.291
65.860	-3.889	0.288
65.880	-0.183	0.294
65.900	3.523	0.288
65.920	7.170	0.283
65.940	10.721	0.266
65.960	14.126	0.259
65.980	17.306	0.237
66.000	20.249	0.220
66.020	22.918	0.189
66.040	25.212	0.166
66.060	27.156	0.133
66.080	28.714	0.106
66.100	29.869	0.066
66.120	30.567	0.037
66.140	30.841	-0.003
66.160	30.674	-0.037
66.180	30.073	-0.071
66.200	29.020	-0.103
66.220	27.543	-0.140
66.240	25.722	-0.162
66.260	23.488	-0.197
66.280	20.920	-0.214
66.300	18.042	-0.241
66.320	14.910	-0.257
66.340	11.553	-0.277
66.360	8.062	-0.281
66.380	4.431	-0.297
66.400	0.752	-0.290
66.420	-2.965	-0.294
66.440	-6.633	-0.277
66.460	-10.210	-0.278
66.480	-13.610	-0.252
66.500	-16.828	-0.245
66.520	-19.819	-0.215
66.540	-22.505	-0.199
66.560	-24.879	-0.165
66.580	-26.909	-0.145
66.600	-28.537	-0.105
66.620	-29.729	-0.080
66.640	-30.513	-0.040
66.660	-30.819	-0.014
66.680	-30.739	0.031
66.700	-30.202	0.056
66.720	-29.235	0.098
66.740	-27.838	0.124
66.760	-26.007	0.158
66.780	-23.837	0.185
66.800	-21.302	0.212
66.820	-18.477	0.230
66.840	-15.372	0.253
66.860	-12.063	0.260
66.880	-8.551	0.275
66.900	-4.904	0.281
66.920	-1.230	0.284
66.940	2.503	0.282
66.960	6.166	0.279
66.980	9.727	0.266
67.000	13.197	0.256
67.020	16.436	0.237
67.040	19.454	0.218
67.060	22.215	0.193
67.080	24.610	0.164
67.100	26.667	0.137
67.120	28.311	0.106
67.140	29.589	0.071
67.160	30.411	0.039
67.180	30.798	0.004
67.200	30.760	-0.035
67.220	30.271	-0.061
67.240	29.353	-0.101
67.260	28.010	-0.134
67.280	26.270	-0.162
67.300	24.154	-0.190
67.320	21.672	-0.215
67.340	18.869	-0.240
67.360	15.823	-0.255
67.380	12.509	-0.273
67.400	9.056	-0.284
67.420	5.446	-0.294
67.440	1.783	-0.294
67.460	-1.923	-0.293
67.480	-5.607	-0.285
67.500	-9.211	-0.280
67.520	-12.676	-0.264
67.540	-15.947	-0.252
67.560	-19.019	-0.226
67.580	-21.807	-0.206
67.600	-24.267	-0.175
67.620	-26.383	-0.151
67.640	-28.123	-0.120
67.660	-29.444	-0.087
67.680	-30.336	-0.050
67.700	-30.766	-0.020
67.720	-30.814	0.018
67.740	-30.395	0.053
67.760	-29.568	0.088
67.780	-28.273	0.117
67.800	-26.576	0.153
67.820	-24.498	0.179
67.840	-22.081	0.206
67.860	-19.288	0.227
67.880	-16.269	0.245
67.900	-13.020	0.266
67.920	-9.555	0.276
67.940	-5.957	0.284
67.960	-2.256	0.287
67.980	1.445	0.285
68.000	5.124	0.282
68.020	8.723	0.274
68.040	12.230	0.262
68.060	15.544	0.249
68.080	18.638	0.226
68.100	21.468	0.207
68.120	23.971	0.176
68.140	26.125	0.154
68.160	27.892	0.116
68.180	29.272	0.091
68.200	30.223	0.050
68.220	30.739	0.017
68.240	30.819	-0.018
68.260	30.465	-0.048
68.280	29.654	-0.086
68.300	28.435	-0.119
68.320	26.802	-0.149
68.340	24.793	-0.177
68.360	22.397	-0.204
68.380	19.680	-0.228
68.400	16.683	-0.246
68.420	13.438	-0.265
68.440	10.028	-0.272
68.460	6.461	-0.286
68.480	2.793	-0.291
68.500	-0.908	-0.289
68.520	-4.598	-0.285
68.540	-8.245	-0.272
68.560	-11.773	-0.263
68.580	-15.077	-0.247
68.600	-18.208	-0.227
68.620	-21.087	-0.202
68.640	-23.638	-0.180
68.660	-25.846	-0.149
68.680	-27.715	-0.124
68.700	-29.165	-0.085
68.720	-30.169	-0.057
68.740	-30.717	-0.020
68.760	-30.857	0.015
68.780	-30.610	0.051
68.800	-29.906	0.081
68.820	-28.714	0.117
68.840	-27.135	0.150
68.860	-25.137	0.180
68.880	-22.811	0.201
68.900	-20.136	0.232
68.920	-17.187	0.249
68.940	-13.976	0.268
68.960	-10.565	0.275
68.980	-6.993	0.293
69.000	-3.335	0.291
69.020	0.381	0.295
69.040	4.093	0.293
69.060	7.718	0.286
69.080	11.258	0.273
69.100	14.642	0.260
69.120	17.784	0.238
69.140	20.695	0.225
69.160	23.316	0.190
69.180	25.550	0.170
69.200	27.441	0.133
69.220	28.923	0.109
69.240	30.003	0.068
69.260	30.637	0.039
69.280	30.852	-0.003
69.300	30.615	-0.031
69.320	29.933	-0.070
69.340	28.816	-0.096
69.360	27.280	-0.136
69.380	25.405	-0.156
69.400	23.106	-0.191
69.420	20.469	-0.213
69.440	17.553	-0.236
69.460	14.384	-0.252
69.480	11.011	-0.261
69.500	7.477	-0.275
69.520	3.830	-0.280
69.540	0.129	-0.283
69.560	-3.566	-0.281
69.580	-7.219	-0.268
69.600	-10.758	-0.261
69.620	-14.164	-0.240
69.640	-17.359	-0.226
69.660	-20.297	-0.202
69.680	-22.940	-0.186
69.700	-25.244	-0.151
69.720	-27.215	-0.125
69.740	-28.789	-0.090
69.760	-29.912	-0.060
69.780	-30.599	-0.022
69.800	-30.862	0.006
69.820	-30.690	0.049
69.840	-30.110	0.076
69.860	-29.074	0.116
69.880	-27.581	0.145
69.900	-25.701	0.176
69.920	-23.493	0.197
69.940	-20.888	0.228
69.960	-18.004	0.245
69.980	-14.873	0.270
70.000	-11.516	0.277
70.020	-8.003	0.294
70.040	-4.340	0.299
70.060	-0.639	0.299
70.080	3.056	0.291
70.100	6.725	0.287
70.120	10.280	0.278
70.140	13.718	0.262
70.160	16.935	0.245
70.180	19.905	0.226
70.200	22.618	0.199
70.220	24.959	0.175
70.240	26.947	0.142
70.260	28.542	0.111
70.280	29.745	0.078
70.300	30.508	0.044
70.320	30.819	0.011
70.340	30.717	-0.025
70.360	30.148	-0.060
70.380	29.170	-0.095
70.400	27.769	-0.125
70.420	25.975	-0.155
70.440	23.789	-0.189
70.460	21.232	-0.206
70.480	18.407	-0.235
70.500	15.302	-0.248
70.520	11.961	-0.268
70.540	8.486	-0.273
70.560	4.877	-0.286
70.580	1.192	-0.279
70.600	-2.508	-0.289
70.620	-6.182	-0.272
70.640	-9.775	-0.271
70.660	-13.213	-0.250
70.680	-16.452	-0.240
70.700	-19.486	-0.213
70.720	-22.215	-0.200
70.740	-24.600	-0.162
70.760	-26.678	-0.139
70.780	-28.359	-0.108
70.800	-29.616	-0.077
70.820	-30.438	-0.037
70.840	-30.809	-0.010
70.860	-30.782	0.031
70.880	-30.304	0.062
70.900	-29.375	0.094
70.920	-28.032	0.125
70.940	-26.249	0.164
70.960	-24.138	0.188
70.980	-21.651	0.218
71.000	-18.826	0.237
71.020	-15.753	0.256
71.040	-12.477	0.266
71.060	-8.986	0.278
71.080	-5.366	0.283
71.100	-1.681	0.291
71.120	2.030	0.286
71.140	5.726	0.283
71.160	9.297	0.272
71.180	12.772	0.259
71.200	16.054	0.243
71.220	19.094	0.223
71.240	21.893	0.198
71.260	24.347	0.172
71.280	26.442	0.143
71.300	28.134	0.112
71.320	29.450	0.079
71.340	30.336	0.041
71.360	30.787	0.011
71.380	30.787	-0.027
71.400	30.368	-0.058
71.420	29.493	-0.098
71.440	28.198	-0.128
71.460	26.490	-0.161
71.480	24.438	-0.183
71.500	21.973	-0.215
71.520	19.229	-0.235
71.540	16.210	-0.257
71.560	12.912	-0.269
71.580	9.480	-0.284
71.600	5.892	-0.293
71.620	2.234	-0.298
71.640	-1.472	-0.296
71.660	-5.162	-0.288
71.680	-8.776	-0.286
71.700	-12.251	-0.265
71.720	-15.560	-0.250
71.740	-18.654	-0.228
71.760	-21.468	-0.210
71.780	-23.960	-0.183
71.800	-26.125	-0.156
71.820	-27.919	-0.123
71.840	-29.315	-0.092
71.860	-30.239	-0.056
71.880	-30.733	-0.026
71.900	-30.819	0.011
71.920	-30.465	0.042
71.940	-29.697	0.079
71.960	-28.451	0.112
71.980	-26.791	0.142
72.000	-24.766	0.176
72.020	-22.376	0.199
72.040	-19.664	0.226
72.060	-16.645	0.241
72.080	-13.422	0.260
72.100	-9.969	0.270
72.120	-6.392	0.281
72.140	-2.712	0.286
72.160	1.004	0.284
72.180	4.684	0.277
72.200	8.293	0.276
72.220	11.811	0.257
72.240	15.163	0.250
72.260	18.278	0.222
72.280	21.141	0.208
72.300	23.692	0.175
72.320	25.883	0.153
72.340	27.704	0.117
72.360	29.122	0.090
72.380	30.132	0.050
72.400	30.701	0.022
72.420	30.835	-0.018
72.440	30.524	-0.049
72.460	29.783	-0.085
72.480	28.606	-0.116
72.500	27.017	-0.151
72.520	25.067	-0.177
72.540	22.704	-0.207
72.560	20.023	-0.224
72.580	17.075	-0.251
72.600	13.857	-0.261
72.620	10.452	-0.280
72.640	6.907	-0.286
72.660	3.266	-0.297
72.680	-0.430	-0.290
72.700	-4.141	-0.290
72.720	-7.772	-0.278
72.740	-11.333	-0.269
72.760	-14.658	-0.251
72.780	-17.827	-0.236
72.800	-20.738	-0.211
72.820	-23.337	-0.188
72.840	-25.583	-0.157
72.860	-27.473	-0.129
72.880	-28.977	-0.093
72.900	-30.030	-0.065
72.920	-30.674	-0.029
72.940	-30.852	0.005
72.960	-30.631	0.040
72.980	-29.981	0.071
73.000	-28.854	0.109
73.020	-27.328	0.140
73.040	-25.395	0.175
73.060	-23.123	0.197
73.080	-20.464	0.223
73.100	-17.537	0.240
73.120	-14.362	0.263
73.140	-10.989	0.270
73.160	-7.439	0.284
73.180	-3.771	0.284
73.200	-0.059	0.291
73.220	3.636	0.287
73.240	7.294	0.281
73.260	10.839	0.270
73.280	14.228	0.257
73.300	17.418	0.236
73.320	20.346	0.221
73.340	23.015	0.186
73.360	25.287	0.166
73.380	27.215	0.132
73.400	28.757	0.104
73.420	29.896	0.068
73.440	30.588	0.038
73.460	30.846	-0.002
73.480	30.658	-0.029
73.500	30.019	-0.069
73.520	28.972	-0.098
73.540	27.473	-0.136
73.560	25.642	-0.157
73.580	23.396	-0.188
73.600	20.808	-0.212
73.620	17.923	-0.235
73.640	14.776	-0.252
73.660	11.419	-0.263
73.680	7.906	-0.277
73.700	4.275	-0.283
73.720	0.585	-0.286
73.740	-3.126	-0.282
73.760	-6.789	-0.272
73.780	-10.361	-0.263
73.800	-13.771	-0.249
73.820	-16.994	-0.232
73.840	-19.980	-0.207
73.860	-22.666	-0.188
73.880	-25.013	-0.153
73.900	-27.011	-0.132
73.920	-28.633	-0.095
73.940	-29.815	-0.070
73.960	-30.578	-0.030
73.980	-30.835	-0.000
74.000	-30.766	0.042
74.020	-30.245	0.067
74.040	-29.229	0.111
74.060	-27.822	0.139
74.080	-25.969	0.174
74.100	-23.799	0.200
74.120	-21.259	0.224
74.140	-18.396	0.245
74.160	-15.281	0.268
74.180	-11.951	0.276
74.200	-8.449	0.287
74.220	-4.802	0.294
74.240	-1.096	0.299
74.260	2.605	0.295
74.280	6.273	0.290
74.300	9.845	0.281
74.320	13.304	0.269
74.340	16.554	0.249
74.360	19.556	0.233
74.380	22.295	0.207
74.400	24.680	0.183
74.420	26.732	0.150
74.440	28.370	0.116
74.460	29.622	0.087
74.480	30.433	0.049
74.500	30.814	0.020
74.520	30.750	-0.016
74.540	30.255	-0.053
74.560	29.310	-0.086
74.580	27.957	-0.122
74.600	26.200	-0.144
74.620	24.068	-0.178
74.640	21.565	-0.204
74.660	18.750	-0.225
74.680	15.689	-0.243
74.700	12.375	-0.257
74.720	8.916	-0.271
74.740	5.312	-0.279
74.760	1.638	-0.281
74.780	-2.068	-0.280
74.800	-5.736	-0.271
74.820	-9.356	-0.266
74.840	-12.826	-0.252
74.860	-16.081	-0.231
74.880	-19.126	-0.212
74.900	-21.914	-0.194
74.920	-24.353	-0.162
74.940	-26.479	-0.137
74.960	-28.193	-0.107
74.980	-29.487	-0.074
75.000	-30.390	-0.036
75.020	-30.782	-0.014
75.040	-30.819	0.029
75.060	-30.374	0.063
75.080	-29.530	0.097
75.100	-28.230	0.129
75.120	-26.512	0.161
75.140	-24.412	0.189
75.160	-21.962	0.216
75.180	-19.191	0.235
75.200	-16.151	0.257
75.220	-12.901	0.270
75.240	-9.410	0.285
75.260	-5.812	0.293
75.280	-2.132	0.295
75.300	1.579	0.292
75.320	5.274	0.287
75.340	8.868	0.281
75.360	12.364	0.266
75.380	15.673	0.252
75.400	18.745	0.233
75.420	21.560	0.209
75.440	24.052	0.181
75.460	26.200	0.154
75.480	27.951	0.122
75.500	29.321	0.094
75.520	30.250	0.053
75.540	30.744	0.023
75.560	30.814	-0.016
75.580	30.443	-0.045
75.600	29.611	-0.088
75.620	28.375	-0.117
75.640	26.727	-0.149
75.660	24.712	-0.174
75.680	22.285	-0.205
