0.000	-0.905	-0.285
0.020	-4.606	-0.284
0.040	-8.242	-0.272
0.060	-11.744	-0.264
0.080	-15.085	-0.247
0.100	-18.216	-0.231
0.120	-21.095	-0.210
0.140	-23.619	-0.185
0.160	-25.843	-0.159
0.180	-27.701	-0.131
0.200	-29.146	-0.102
0.220	-30.140	-0.066
0.240	-30.693	-0.032
0.260	-30.865	0.003
0.280	-30.553	0.040
0.300	-29.834	0.068
0.320	-28.674	0.105
0.340	-27.057	0.135
0.360	-25.080	0.168
0.380	-22.760	0.192
0.400	-20.053	0.219
0.420	-17.077	0.237
0.440	-13.898	0.259
0.460	-10.466	0.267
0.480	-6.910	0.287
0.500	-3.236	0.286
0.520	0.481	0.292
0.540	4.176	0.285
0.560	7.802	0.285
0.580	11.346	0.266
0.600	14.730	0.254
0.620	17.872	0.238
0.640	20.773	0.221
0.660	23.378	0.192
0.680	25.612	0.171
0.700	27.487	0.132
0.720	28.974	0.113
0.740	30.027	0.069
0.760	30.661	0.043
0.780	30.865	0.001
0.800	30.602	-0.025
0.820	29.898	-0.069
0.840	28.797	-0.098
0.860	27.261	-0.133
0.880	25.349	-0.160
0.900	23.050	-0.194
0.920	20.413	-0.212
0.940	17.491	-0.242
0.960	14.306	-0.253
0.980	10.917	-0.276
1.000	7.393	-0.281
1.020	3.741	-0.293
1.040	0.051	-0.289
1.060	-3.655	-0.292
1.080	-7.307	-0.282
1.100	-10.874	-0.276
1.120	-14.236	-0.260
1.140	-17.427	-0.245
1.160	-20.370	-0.223
1.180	-22.986	-0.206
1.200	-25.295	-0.169
1.220	-27.245	-0.149
1.240	-28.797	-0.111
1.260	-29.904	-0.082
1.280	-30.575	-0.047
1.300	-30.844	-0.015
1.320	-30.656	0.023
1.340	-30.049	0.048
1.360	-29.001	0.092
1.380	-27.476	0.113
1.400	-25.596	0.153
1.420	-23.362	0.175
1.440	-20.773	0.205
1.460	-17.862	0.225
1.480	-14.709	0.248
1.500	-11.352	0.258
1.520	-7.823	0.275
1.540	-4.160	0.275
1.560	-0.454	0.280
1.580	3.241	0.277
1.600	6.910	0.276
1.620	10.460	0.263
1.640	13.882	0.256
1.660	17.088	0.233
1.680	20.048	0.217
1.700	22.739	0.190
1.720	25.070	0.168
1.740	27.046	0.136
1.760	28.620	0.107
1.780	29.818	0.070
1.800	30.543	0.043
1.820	30.849	0.002
1.840	30.709	-0.029
1.860	30.145	-0.064
1.880	29.114	-0.097
1.900	27.680	-0.136
1.920	25.881	-0.156
1.940	23.668	-0.195
1.960	21.111	-0.214
1.980	18.264	-0.243
2.000	15.138	-0.259
2.020	11.808	-0.279
2.040	8.312	-0.284
2.060	4.681	-0.299
2.080	0.996	-0.298
2.100	-2.710	-0.300
2.120	-6.367	-0.291
2.140	-9.961	-0.287
2.160	-13.382	-0.270
2.180	-16.621	-0.255
2.200	-19.645	-0.237
2.220	-22.341	-0.214
2.240	-24.731	-0.186
2.260	-26.767	-0.164
2.280	-28.437	-0.128
2.300	-29.662	-0.105
2.320	-30.462	-0.065
2.340	-30.801	-0.034
2.360	-30.731	0.006
2.380	-30.242	0.034
2.400	-29.291	0.077
2.420	-27.911	0.104
2.440	-26.122	0.141
2.460	-23.974	0.165
2.480	-21.460	0.196
2.500	-18.630	0.214
2.520	-15.531	0.238
2.540	-12.238	0.250
2.560	-8.731	0.266
2.580	-5.094	0.274
2.600	-1.405	0.279
2.620	2.302	0.276
2.640	5.986	0.275
2.660	9.563	0.267
2.680	13.033	0.260
2.700	16.293	0.243
2.720	19.323	0.221
2.740	22.094	0.197
2.760	24.516	0.175
2.780	26.590	0.147
2.800	28.255	0.115
2.820	29.544	0.084
2.840	30.392	0.051
2.860	30.817	0.017
2.880	30.790	-0.020
2.900	30.323	-0.053
2.920	29.420	-0.086
2.940	28.094	-0.120
2.960	26.359	-0.150
2.980	24.275	-0.181
3.000	21.788	-0.208
3.020	19.022	-0.232
3.040	15.955	-0.256
3.060	12.662	-0.268
3.080	9.203	-0.281
3.100	5.605	-0.293
3.120	1.931	-0.297
3.140	-1.786	-0.296
3.160	-5.460	-0.292
3.180	-9.085	-0.283
3.200	-12.555	-0.275
3.220	-15.831	-0.256
3.240	-18.920	-0.239
3.260	-21.707	-0.214
3.280	-24.199	-0.190
3.300	-26.316	-0.160
3.320	-28.099	-0.130
3.340	-29.426	-0.102
3.360	-30.323	-0.066
3.380	-30.784	-0.034
3.400	-30.822	0.001
3.420	-30.446	0.039
3.440	-29.608	0.072
3.460	-28.351	0.105
3.480	-26.649	0.136
3.500	-24.570	0.165
3.520	-22.180	0.193
3.540	-19.392	0.218
3.560	-16.374	0.238
3.580	-13.130	0.260
3.600	-9.665	0.271
3.620	-6.067	0.279
3.640	-2.387	0.280
3.660	1.335	0.288
3.680	5.019	0.280
3.700	8.639	0.280
3.720	12.147	0.267
3.740	15.466	0.255
3.760	18.565	0.238
3.780	21.406	0.218
3.800	23.936	0.186
3.820	26.085	0.167
3.840	27.873	0.126
3.860	29.254	0.105
3.880	30.237	0.064
3.900	30.747	0.038
3.920	30.838	-0.005
3.940	30.489	-0.034
3.960	29.683	-0.067
3.980	28.480	-0.103
4.000	26.826	-0.136
4.020	24.839	-0.162
4.040	22.438	-0.194
4.060	19.736	-0.214
4.080	16.755	-0.239
4.100	13.516	-0.252
4.120	10.095	-0.272
4.140	6.523	-0.276
4.160	2.865	-0.286
4.180	-0.835	-0.285
4.200	-4.541	-0.284
4.220	-8.177	-0.273
4.240	-11.685	-0.271
4.260	-15.031	-0.253
4.280	-18.168	-0.235
4.300	-21.047	-0.209
4.320	-23.598	-0.189
4.340	-25.811	-0.162
4.360	-27.685	-0.136
4.380	-29.119	-0.098
4.400	-30.151	-0.070
4.420	-30.709	-0.036
4.440	-30.870	-0.001
4.460	-30.591	0.038
4.480	-29.893	0.067
4.500	-28.717	0.107
4.520	-27.127	0.135
4.540	-25.145	0.168
4.560	-22.814	0.192
4.580	-20.134	0.221
4.600	-17.169	0.240
4.620	-13.973	0.261
4.640	-10.568	0.269
4.660	-6.990	0.287
4.680	-3.301	0.290
4.700	0.406	0.296
4.720	4.101	0.288
4.740	7.721	0.285
4.760	11.282	0.272
4.780	14.639	0.261
4.800	17.808	0.243
4.820	20.703	0.225
4.840	23.324	0.196
4.860	25.574	0.177
4.880	27.465	0.142
4.900	28.942	0.113
4.920	30.016	0.073
4.940	30.650	0.047
4.960	30.860	0.007
4.980	30.618	-0.020
5.000	29.941	-0.063
5.020	28.824	-0.092
5.040	27.288	-0.132
5.060	25.397	-0.152
5.080	23.098	-0.190
5.100	20.472	-0.206
5.120	17.545	-0.239
5.140	14.365	-0.246
5.160	10.981	-0.269
5.180	7.458	-0.276
5.200	3.816	-0.288
5.220	0.121	-0.283
5.240	-3.585	-0.290
5.260	-7.238	-0.280
5.280	-10.793	-0.272
5.300	-14.166	-0.257
5.320	-17.367	-0.242
5.340	-20.311	-0.219
5.360	-22.948	-0.202
5.380	-25.241	-0.169
5.400	-27.207	-0.146
5.420	-28.786	-0.111
5.440	-29.898	-0.080
5.460	-30.570	-0.044
5.480	-30.844	-0.017
5.500	-30.677	0.029
5.520	-30.075	0.053
5.540	-29.012	0.095
5.560	-27.540	0.115
5.580	-25.666	0.159
5.600	-23.415	0.177
5.620	-20.810	0.211
5.640	-17.921	0.226
5.660	-14.773	0.251
5.680	-11.427	0.260
5.700	-7.887	0.280
5.720	-4.240	0.278
5.740	-0.534	0.287
5.760	3.177	0.279
5.780	6.829	0.283
5.800	10.390	0.268
5.820	13.828	0.257
5.840	17.029	0.242
5.860	19.994	0.221
5.880	22.706	0.196
5.900	25.027	0.175
5.920	27.019	0.139
5.940	28.598	0.113
5.960	29.785	0.081
5.980	30.537	0.049
6.000	30.849	0.013
6.020	30.720	-0.021
6.040	30.151	-0.057
6.060	29.141	-0.093
6.080	27.728	-0.127
6.100	25.918	-0.154
6.120	23.727	-0.189
6.140	21.159	-0.208
6.160	18.329	-0.239
6.180	15.219	-0.253
6.200	11.873	-0.273
6.220	8.371	-0.281
6.240	4.756	-0.294
6.260	1.072	-0.298
6.280	-2.635	-0.297
6.300	-6.292	-0.290
6.320	-9.891	-0.284
6.340	-13.318	-0.270
6.360	-16.551	-0.255
6.380	-19.580	-0.229
6.400	-22.287	-0.214
6.420	-24.699	-0.182
6.440	-26.740	-0.161
6.460	-28.400	-0.127
6.480	-29.640	-0.098
6.500	-30.451	-0.060
6.520	-30.795	-0.032
6.540	-30.736	0.006
6.560	-30.258	0.038
6.580	-29.318	0.076
6.600	-27.938	0.105
6.620	-26.160	0.139
6.640	-24.017	0.163
6.660	-21.535	0.195
6.680	-18.689	0.213
6.700	-15.600	0.239
6.720	-12.297	0.249
6.740	-8.795	0.266
6.760	-5.170	0.272
6.780	-1.480	0.278
6.800	2.226	0.276
6.820	5.906	0.275
6.840	9.493	0.267
6.860	12.969	0.256
6.880	16.229	0.242
6.900	19.253	0.219
6.920	22.035	0.197
6.940	24.468	0.173
6.960	26.541	0.150
6.980	28.228	0.114
7.000	29.522	0.084
7.020	30.382	0.048
7.040	30.811	0.017
7.060	30.784	-0.019
7.080	30.339	-0.049
7.100	29.442	-0.089
7.120	28.136	-0.121
7.140	26.407	-0.154
7.160	24.323	-0.180
7.180	21.836	-0.212
7.200	19.070	-0.231
7.220	16.019	-0.256
7.240	12.732	-0.269
7.260	9.279	-0.285
7.280	5.701	-0.293
7.300	2.022	-0.299
7.320	-1.689	-0.299
7.340	-5.374	-0.296
7.360	-8.999	-0.287
7.380	-12.464	-0.277
7.400	-15.745	-0.258
7.420	-18.828	-0.240
7.440	-21.637	-0.218
7.460	-24.097	-0.194
7.480	-26.267	-0.170
7.500	-28.024	-0.139
7.520	-29.361	-0.106
7.540	-30.290	-0.071
7.560	-30.736	-0.039
7.580	-30.806	-0.001
7.600	-30.435	0.033
7.620	-29.614	0.068
7.640	-28.335	0.101
7.660	-26.670	0.134
7.680	-24.608	0.162
7.700	-22.201	0.193
7.720	-19.451	0.215
7.740	-16.411	0.233
7.760	-13.173	0.253
7.780	-9.708	0.269
7.800	-6.126	0.277
7.820	-2.441	0.277
7.840	1.265	0.283
7.860	4.966	0.279
7.880	8.580	0.275
7.900	12.098	0.263
7.920	15.412	0.253
7.940	18.506	0.232
7.960	21.364	0.214
7.980	23.883	0.183
8.000	26.052	0.163
8.020	27.836	0.124
8.040	29.227	0.101
8.060	30.204	0.062
8.080	30.736	0.034
8.100	30.844	-0.007
8.120	30.500	-0.034
8.140	29.705	-0.074
8.160	28.507	-0.107
8.180	26.880	-0.140
8.200	24.887	-0.163
8.220	22.486	-0.198
8.240	19.806	-0.215
8.260	16.820	-0.243
8.280	13.581	-0.260
8.300	10.159	-0.273
8.320	6.604	-0.285
8.340	2.941	-0.293
8.360	-0.771	-0.293
8.380	-4.461	-0.293
8.400	-8.113	-0.282
8.420	-11.604	-0.274
8.440	-14.972	-0.257
8.460	-18.119	-0.241
8.480	-20.993	-0.218
8.500	-23.555	-0.194
8.520	-25.779	-0.165
8.540	-27.642	-0.138
8.560	-29.114	-0.103
8.580	-30.140	-0.075
8.600	-30.709	-0.033
8.620	-30.838	-0.007
8.640	-30.602	0.033
8.660	-29.898	0.063
8.680	-28.770	0.104
8.700	-27.164	0.130
8.720	-25.188	0.165
8.740	-22.867	0.189
8.760	-20.193	0.219
8.780	-17.239	0.235
8.800	-14.048	0.257
8.820	-10.632	0.268
8.840	-7.060	0.279
8.860	-3.397	0.286
8.880	0.314	0.291
8.900	4.020	0.287
8.920	7.656	0.284
8.940	11.201	0.272
8.960	14.569	0.263
8.980	17.738	0.245
9.000	20.649	0.229
9.020	23.286	0.198
9.040	25.521	0.178
9.060	27.417	0.142
9.080	28.899	0.117
9.100	30.011	0.079
9.120	30.645	0.051
9.140	30.854	0.008
9.160	30.629	-0.019
9.180	29.947	-0.057
9.200	28.851	-0.091
9.220	27.331	-0.125
9.240	25.440	-0.149
9.260	23.131	-0.183
9.280	20.520	-0.205
9.300	17.609	-0.232
9.320	14.429	-0.245
9.340	11.046	-0.265
9.360	7.528	-0.274
9.380	3.881	-0.284
9.400	0.191	-0.285
9.420	-3.531	-0.286
9.440	-7.173	-0.276
9.460	-10.740	-0.273
9.480	-14.118	-0.253
9.500	-17.314	-0.241
9.520	-20.262	-0.218
9.540	-22.905	-0.196
9.560	-25.225	-0.165
9.580	-27.191	-0.144
9.600	-28.765	-0.107
9.620	-29.893	-0.079
9.640	-30.591	-0.040
9.660	-30.849	-0.012
9.680	-30.693	0.030
9.700	-30.097	0.055
9.720	-29.044	0.097
9.740	-27.573	0.126
9.760	-25.709	0.159
9.780	-23.485	0.180
9.800	-20.907	0.214
9.820	-17.990	0.233
9.840	-14.865	0.255
9.860	-11.513	0.267
9.880	-7.973	0.285
9.900	-4.316	0.287
9.920	-0.610	0.294
9.940	3.096	0.286
9.960	6.749	0.288
9.980	10.310	0.274
10.000	13.747	0.264
10.020	16.959	0.248
10.040	19.935	0.228
10.060	22.658	0.199
10.080	24.984	0.183
10.100	26.966	0.148
10.120	28.577	0.119
10.140	29.759	0.087
10.160	30.521	0.053
10.180	30.838	0.018
10.200	30.725	-0.018
10.220	30.156	-0.051
10.240	29.173	-0.086
10.260	27.739	-0.119
10.280	25.956	-0.148
10.300	23.775	-0.179
10.320	21.224	-0.206
10.340	18.383	-0.231
10.360	15.289	-0.247
10.380	11.948	-0.264
10.400	8.435	-0.276
10.420	4.837	-0.285
10.440	1.157	-0.287
10.460	-2.559	-0.293
10.480	-6.217	-0.285
10.500	-9.832	-0.281
10.520	-13.259	-0.264
10.540	-16.492	-0.255
10.560	-19.521	-0.227
10.580	-22.250	-0.213
10.600	-24.651	-0.174
10.620	-26.713	-0.157
10.640	-28.378	-0.122
10.660	-29.624	-0.097
10.680	-30.441	-0.057
10.700	-30.795	-0.028
10.720	-30.768	0.012
10.740	-30.269	0.041
10.760	-29.334	0.077
10.780	-27.965	0.104
10.800	-26.203	0.142
10.820	-24.065	0.169
10.840	-21.562	0.200
10.860	-18.748	0.219
10.880	-15.659	0.242
10.900	-12.378	0.254
10.920	-8.865	0.267
10.940	-5.250	0.275
10.960	-1.560	0.279
10.980	2.162	0.280
11.000	5.836	0.279
11.020	9.418	0.270
11.040	12.893	0.258
11.060	16.164	0.244
11.080	19.199	0.225
11.100	21.970	0.203
11.120	24.414	0.174
11.140	26.504	0.147
11.160	28.201	0.116
11.180	29.506	0.087
11.200	30.365	0.053
11.220	30.811	0.018
11.240	30.784	-0.019
11.260	30.360	-0.048
11.280	29.458	-0.090
11.300	28.153	-0.120
11.320	26.445	-0.153
11.340	24.377	-0.177
11.360	21.901	-0.210
11.380	19.135	-0.232
11.400	16.094	-0.256
11.420	12.802	-0.268
11.440	9.354	-0.285
11.460	5.760	-0.290
11.480	2.097	-0.301
11.500	-1.619	-0.297
11.520	-5.293	-0.295
11.540	-8.929	-0.287
11.560	-12.405	-0.279
11.580	-15.692	-0.262
11.600	-18.785	-0.242
11.620	-21.584	-0.224
11.640	-24.054	-0.194
11.660	-26.208	-0.169
11.680	-27.981	-0.138
11.700	-29.350	-0.107
11.720	-30.263	-0.073
11.740	-30.725	-0.044
11.760	-30.795	-0.007
11.780	-30.441	0.028
11.800	-29.630	0.063
11.820	-28.357	0.097
11.840	-26.686	0.130
11.860	-24.640	0.157
11.880	-22.244	0.185
11.900	-19.494	0.209
11.920	-16.470	0.228
11.940	-13.232	0.249
11.960	-9.773	0.260
11.980	-6.190	0.274
12.000	-2.511	0.277
12.020	1.217	0.281
12.040	4.901	0.277
12.060	8.505	0.273
12.080	12.007	0.260
12.100	15.359	0.250
12.120	18.458	0.227
12.140	21.299	0.213
12.160	23.829	0.181
12.180	26.004	0.158
12.200	27.809	0.121
12.220	29.211	0.098
12.240	30.194	0.057
12.260	30.736	0.032
12.280	30.844	-0.009
12.300	30.516	-0.039
12.320	29.732	-0.076
12.340	28.534	-0.109
12.360	26.896	-0.143
12.380	24.935	-0.169
12.400	22.551	-0.201
12.420	19.854	-0.222
12.440	16.889	-0.245
12.460	13.656	-0.261
12.480	10.235	-0.277
12.500	6.668	-0.286
12.520	3.027	-0.298
12.540	-0.685	-0.294
12.560	-4.369	-0.296
12.580	-8.027	-0.283
12.600	-11.534	-0.281
12.620	-14.891	-0.259
12.640	-18.044	-0.245
12.660	-20.918	-0.223
12.680	-23.474	-0.202
12.700	-25.719	-0.171
12.720	-27.594	-0.147
12.740	-29.076	-0.108
12.760	-30.102	-0.080
12.780	-30.688	-0.041
12.800	-30.838	-0.014
12.820	-30.602	0.030
12.840	-29.904	0.055
12.860	-28.776	0.096
12.880	-27.207	0.124
12.900	-25.220	0.162
12.920	-22.910	0.185
12.940	-20.252	0.212
12.960	-17.314	0.226
12.980	-14.118	0.253
13.000	-10.697	0.264
13.020	-7.152	0.282
13.040	-3.472	0.283
13.060	0.228	0.289
13.080	3.934	0.282
13.100	7.581	0.279
13.120	11.126	0.269
13.140	14.510	0.259
13.160	17.679	0.243
13.180	20.595	0.226
13.200	23.222	0.192
13.220	25.472	0.172
13.240	27.390	0.138
13.260	28.883	0.114
13.280	29.979	0.078
13.300	30.634	0.046
13.320	30.849	0.006
13.340	30.634	-0.021
13.360	29.957	-0.058
13.380	28.878	-0.088
13.400	27.352	-0.129
13.420	25.483	-0.152
13.440	23.179	-0.186
13.460	20.569	-0.205
13.480	17.663	-0.233
13.500	14.499	-0.250
13.520	11.105	-0.268
13.540	7.587	-0.275
13.560	3.950	-0.285
13.580	0.260	-0.283
13.600	-3.446	-0.289
13.620	-7.114	-0.274
13.640	-10.675	-0.272
13.660	-14.064	-0.251
13.680	-17.271	-0.242
13.700	-20.236	-0.216
13.720	-22.889	-0.197
13.740	-25.193	-0.165
13.760	-27.180	-0.144
13.780	-28.754	-0.112
13.800	-29.887	-0.081
13.820	-30.607	-0.042
13.840	-30.854	-0.013
13.860	-30.715	0.029
13.880	-30.129	0.055
13.900	-29.087	0.098
13.920	-27.626	0.123
13.940	-25.752	0.159
13.960	-23.544	0.181
13.980	-20.955	0.215
14.000	-18.066	0.231
14.020	-14.950	0.257
14.040	-11.599	0.264
14.060	-8.054	0.283
14.080	-4.407	0.283
14.100	-0.701	0.296
14.120	3.016	0.290
14.140	6.668	0.288
14.160	10.251	0.277
14.180	13.672	0.267
14.200	16.889	0.253
14.220	19.865	0.229
14.240	22.599	0.206
14.260	24.935	0.182
14.280	26.949	0.154
14.300	28.534	0.125
14.320	29.753	0.090
14.340	30.510	0.059
14.360	30.838	0.025
14.380	30.736	-0.013
14.400	30.188	-0.043
14.420	29.200	-0.084
14.440	27.793	-0.114
14.460	25.999	-0.140
14.480	23.807	-0.173
14.500	21.272	-0.202
14.520	18.442	-0.227
14.540	15.343	-0.243
14.560	12.002	-0.260
14.580	8.510	-0.273
14.600	4.901	-0.285
14.620	1.217	-0.284
14.640	-2.484	-0.290
14.660	-6.174	-0.277
14.680	-9.773	-0.278
14.700	-13.199	-0.259
14.720	-16.438	-0.248
14.740	-19.478	-0.223
14.760	-22.196	-0.207
14.780	-24.602	-0.173
14.800	-26.676	-0.152
14.820	-28.357	-0.121
14.840	-29.597	-0.089
14.860	-30.430	-0.056
14.880	-30.806	-0.027
14.900	-30.774	0.018
14.920	-30.290	0.046
14.940	-29.366	0.087
14.960	-28.018	0.111
14.980	-26.262	0.149
15.000	-24.119	0.175
15.020	-21.621	0.203
15.040	-18.796	0.225
15.060	-15.724	0.247
15.080	-12.448	0.257
15.100	-8.951	0.271
15.120	-5.325	0.282
15.140	-1.635	0.287
15.160	2.076	0.284
15.180	5.750	0.283
15.200	9.348	0.274
15.220	12.829	0.262
15.240	16.094	0.251
15.260	19.145	0.229
15.280	21.938	0.209
15.300	24.382	0.181
15.320	26.471	0.158
15.340	28.169	0.121
15.360	29.485	0.094
15.380	30.349	0.059
15.400	30.801	0.029
15.420	30.801	-0.015
15.440	30.371	-0.040
15.460	29.490	-0.079
15.480	28.190	-0.111
15.500	26.477	-0.146
15.520	24.414	-0.175
15.540	21.965	-0.205
15.560	19.194	-0.224
15.580	16.164	-0.247
15.600	12.866	-0.262
15.620	9.424	-0.280
15.640	5.830	-0.287
15.660	2.167	-0.293
15.680	-1.539	-0.295
15.700	-5.218	-0.293
15.720	-8.854	-0.288
15.740	-12.319	-0.273
15.760	-15.611	-0.259
15.780	-18.716	-0.239
15.800	-21.519	-0.218
15.820	-24.028	-0.194
15.840	-26.171	-0.167
15.860	-27.954	-0.138
15.880	-29.318	-0.109
15.900	-30.258	-0.073
15.920	-30.720	-0.041
15.940	-30.833	-0.003
15.960	-30.441	0.027
15.980	-29.630	0.063
16.000	-28.389	0.095
16.020	-26.735	0.130
16.040	-24.672	0.158
16.060	-22.282	0.183
16.080	-19.548	0.213
16.100	-16.530	0.229
16.120	-13.307	0.250
16.140	-9.848	0.259
16.160	-6.260	0.270
16.180	-2.570	0.276
16.200	1.152	0.279
16.220	4.837	0.275
16.240	8.446	0.268
16.260	11.948	0.259
16.280	15.289	0.249
16.300	18.388	0.222
16.320	21.245	0.211
16.340	23.786	0.180
16.360	25.961	0.159
16.380	27.771	0.124
16.400	29.178	0.095
16.420	30.177	0.059
16.440	30.725	0.030
16.460	30.844	-0.011
16.480	30.521	-0.041
16.500	29.748	-0.077
16.520	28.550	-0.109
16.540	26.949	-0.144
16.560	24.973	-0.171
16.580	22.610	-0.205
16.600	19.913	-0.224
16.620	16.965	-0.248
16.640	13.726	-0.262
16.660	10.321	-0.282
16.680	6.760	-0.288
16.700	3.107	-0.302
16.720	-0.594	-0.295
16.740	-4.283	-0.297
16.760	-7.936	-0.286
16.780	-11.454	-0.285
16.800	-14.805	-0.267
16.820	-17.958	-0.250
16.840	-20.821	-0.226
16.860	-23.421	-0.203
16.880	-25.655	-0.176
16.900	-27.535	-0.148
16.920	-29.028	-0.114
16.940	-30.059	-0.083
16.960	-30.650	-0.048
16.980	-30.827	-0.017
17.000	-30.596	0.025
17.020	-29.904	0.051
17.040	-28.754	0.092
17.060	-27.202	0.121
17.080	-25.241	0.154
17.100	-22.943	0.180
17.120	-20.300	0.209
17.140	-17.335	0.225
17.160	-14.161	0.250
17.180	-10.756	0.258
17.200	-7.205	0.273
17.220	-3.537	0.277
17.240	0.180	0.287
17.260	3.881	0.280
17.280	7.522	0.275
17.300	11.062	0.265
17.320	14.456	0.258
17.340	17.609	0.236
17.360	20.536	0.221
17.380	23.168	0.188
17.400	25.429	0.171
17.420	27.352	0.134
17.440	28.862	0.112
17.460	29.963	0.073
17.480	30.634	0.046
17.500	30.865	0.007
17.520	30.639	-0.025
17.540	29.973	-0.062
17.560	28.899	-0.094
17.580	27.406	-0.134
17.600	25.521	-0.156
17.620	23.243	-0.192
17.640	20.633	-0.208
17.660	17.727	-0.239
17.680	14.564	-0.252
17.700	11.180	-0.269
17.720	7.651	-0.278
17.740	4.026	-0.294
17.760	0.330	-0.287
17.780	-3.370	-0.294
17.800	-7.028	-0.283
17.820	-10.605	-0.280
17.840	-13.994	-0.261
17.860	-17.206	-0.252
17.880	-20.155	-0.226
17.900	-22.819	-0.206
17.920	-25.161	-0.176
17.940	-27.132	-0.152
17.960	-28.733	-0.116
17.980	-29.871	-0.089
18.000	-30.607	-0.050
18.020	-30.827	-0.016
18.040	-30.731	0.021
18.060	-30.161	0.049
18.080	-29.135	0.089
18.100	-27.675	0.117
18.120	-25.816	0.154
18.140	-23.598	0.177
18.160	-21.036	0.209
18.180	-18.135	0.228
18.200	-15.026	0.253
18.220	-11.663	0.262
18.240	-8.145	0.280
18.260	-4.493	0.282
18.280	-0.781	0.289
18.300	2.925	0.284
18.320	6.604	0.286
18.340	10.165	0.276
18.360	13.608	0.267
18.380	16.830	0.251
18.400	19.811	0.234
18.420	22.540	0.206
18.440	24.882	0.184
18.460	26.890	0.155
18.480	28.512	0.125
18.500	29.737	0.090
18.520	30.505	0.061
18.540	30.838	0.021
18.560	30.741	-0.013
18.580	30.199	-0.043
18.600	29.216	-0.078
18.620	27.809	-0.113
18.640	26.036	-0.141
18.660	23.861	-0.174
18.680	21.310	-0.199
18.700	18.490	-0.224
18.720	15.402	-0.243
18.740	12.066	-0.260
18.760	8.580	-0.268
18.780	4.960	-0.282
18.800	1.292	-0.281
18.820	-2.430	-0.289
18.840	-6.115	-0.280
18.860	-9.708	-0.277
18.880	-13.146	-0.258
18.900	-16.390	-0.248
18.920	-19.430	-0.225
18.940	-22.180	-0.206
18.960	-24.575	-0.180
18.980	-26.654	-0.156
19.000	-28.330	-0.122
19.020	-29.597	-0.095
19.040	-30.462	-0.058
19.060	-30.806	-0.030
19.080	-30.801	0.013
19.100	-30.323	0.042
19.120	-29.426	0.080
19.140	-28.056	0.110
19.160	-26.300	0.147
19.180	-24.167	0.173
19.200	-21.697	0.200
19.220	-18.882	0.225
19.240	-15.810	0.248
19.260	-12.523	0.259
19.280	-9.042	0.275
19.300	-5.411	0.280
19.320	-1.711	0.286
19.340	1.990	0.286
19.360	5.669	0.283
19.380	9.262	0.276
19.400	12.754	0.262
19.420	16.030	0.254
19.440	19.075	0.231
19.460	21.885	0.216
19.480	24.328	0.184
19.500	26.423	0.161
19.520	28.131	0.126
19.540	29.458	0.098
19.560	30.344	0.061
19.580	30.795	0.030
19.600	30.811	-0.010
19.620	30.376	-0.038
19.640	29.517	-0.082
19.660	28.217	-0.111
19.680	26.531	-0.141
19.700	24.452	-0.170
19.720	22.003	-0.200
19.740	19.242	-0.221
19.760	16.223	-0.247
19.780	12.942	-0.256
19.800	9.483	-0.278
19.820	5.932	-0.283
19.840	2.248	-0.293
19.860	-1.458	-0.295
19.880	-5.143	-0.291
19.900	-8.784	-0.282
19.920	-12.254	-0.273
19.940	-15.557	-0.258
19.960	-18.651	-0.239
19.980	-21.498	-0.221
20.000	-23.969	-0.192
20.020	-26.138	-0.162
20.040	-27.922	-0.139
20.060	-29.275	-0.102
20.080	-30.237	-0.072
20.100	-30.741	-0.039
20.120	-30.849	-0.003
20.140	-30.468	0.030
20.160	-29.656	0.069
20.180	-28.421	0.096
20.200	-26.783	0.130
20.220	-24.726	0.161
20.240	-22.325	0.188
20.260	-19.607	0.211
20.280	-16.594	0.229
20.300	-13.377	0.249
20.320	-9.928	0.262
20.340	-6.335	0.273
20.360	-2.651	0.278
20.380	1.061	0.282
20.400	4.751	0.277
20.420	8.371	0.275
20.440	11.878	0.258
20.460	15.224	0.250
20.480	18.340	0.228
20.500	21.186	0.211
20.520	23.743	0.182
20.540	25.934	0.159
20.560	27.739	0.122
20.580	29.157	0.099
20.600	30.156	0.059
20.620	30.720	0.032
20.640	30.844	-0.011
20.660	30.527	-0.038
20.680	29.759	-0.082
20.700	28.588	-0.110
20.720	26.976	-0.145
20.740	25.016	-0.168
20.760	22.669	-0.202
20.780	19.972	-0.225
20.800	17.024	-0.252
20.820	13.796	-0.262
20.840	10.385	-0.281
20.860	6.845	-0.293
20.880	3.193	-0.301
20.900	-0.513	-0.301
20.920	-4.208	-0.301
20.940	-7.855	-0.292
20.960	-11.384	-0.285
20.980	-14.730	-0.271
21.000	-17.878	-0.253
21.020	-20.789	-0.229
21.040	-23.383	-0.206
21.060	-25.612	-0.176
21.080	-27.508	-0.153
21.100	-28.990	-0.117
21.120	-30.038	-0.090
21.140	-30.629	-0.052
21.160	-30.844	-0.024
21.180	-30.596	0.018
21.200	-29.909	0.047
21.220	-28.776	0.086
21.240	-27.218	0.114
21.260	-25.284	0.148
21.280	-22.980	0.171
21.300	-20.338	0.203
21.320	-17.384	0.218
21.340	-14.193	0.244
21.360	-10.804	0.252
21.380	-7.259	0.269
21.400	-3.596	0.270
21.420	0.121	0.278
21.440	3.827	0.275
21.460	7.469	0.272
21.480	11.003	0.260
21.500	14.386	0.252
21.520	17.566	0.233
21.540	20.488	0.216
21.560	23.131	0.183
21.580	25.408	0.166
21.600	27.331	0.131
21.620	28.829	0.105
21.640	29.957	0.068
21.660	30.613	0.040
21.680	30.860	0.001
21.700	30.661	-0.029
21.720	30.011	-0.070
21.740	28.921	-0.097
21.760	27.417	-0.139
21.780	25.558	-0.159
21.800	23.302	-0.198
21.820	20.692	-0.215
21.840	17.802	-0.243
21.860	14.644	-0.258
21.880	11.282	-0.277
21.900	7.748	-0.285
21.920	4.122	-0.298
21.940	0.427	-0.298
21.960	-3.290	-0.298
21.980	-6.948	-0.292
22.000	-10.492	-0.286
22.020	-13.908	-0.272
22.040	-17.120	-0.255
22.060	-20.085	-0.231
22.080	-22.771	-0.211
22.100	-25.075	-0.181
22.120	-27.073	-0.157
22.140	-28.674	-0.120
22.160	-29.834	-0.095
22.180	-30.570	-0.053
22.200	-30.827	-0.028
22.220	-30.720	0.015
22.240	-30.161	0.043
22.260	-29.141	0.082
22.280	-27.696	0.112
22.300	-25.843	0.146
22.320	-23.635	0.167
22.340	-21.063	0.200
22.360	-18.200	0.220
22.380	-15.069	0.246
22.400	-11.728	0.257
22.420	-8.204	0.275
22.440	-4.573	0.275
22.460	-0.857	0.285
22.480	2.844	0.279
22.500	6.523	0.277
22.520	10.090	0.271
22.540	13.543	0.260
22.560	16.782	0.246
22.580	19.741	0.227
22.600	22.486	0.198
22.620	24.849	0.172
22.640	26.874	0.146
22.660	28.475	0.117
22.680	29.710	0.084
22.700	30.500	0.053
22.720	30.849	0.016
22.740	30.741	-0.015
22.760	30.204	-0.050
22.780	29.248	-0.082
22.800	27.852	-0.122
22.820	26.063	-0.150
22.840	23.909	-0.177
22.860	21.369	-0.207
22.880	18.549	-0.227
22.900	15.450	-0.249
22.920	12.136	-0.264
22.940	8.650	-0.276
22.960	5.035	-0.286
22.980	1.351	-0.289
23.000	-2.355	-0.291
23.020	-6.040	-0.283
23.040	-9.633	-0.284
23.060	-13.076	-0.265
23.080	-16.342	-0.252
23.100	-19.392	-0.229
23.120	-22.137	-0.208
23.140	-24.549	-0.181
23.160	-26.627	-0.155
23.180	-28.324	-0.122
23.200	-29.597	-0.094
23.220	-30.451	-0.058
23.240	-30.790	-0.028
23.260	-30.801	0.013
23.280	-30.365	0.044
23.300	-29.463	0.082
23.320	-28.110	0.112
23.340	-26.359	0.141
23.360	-24.232	0.174
23.380	-21.766	0.202
23.400	-18.963	0.221
23.420	-15.885	0.246
23.440	-12.609	0.260
23.460	-9.117	0.274
23.480	-5.487	0.283
23.500	-1.797	0.289
23.520	1.915	0.289
23.540	5.610	0.287
23.560	9.193	0.283
23.580	12.684	0.266
23.600	15.971	0.256
23.620	19.011	0.233
23.640	21.825	0.215
23.660	24.269	0.187
23.680	26.391	0.167
23.700	28.104	0.130
23.720	29.442	0.105
23.740	30.333	0.063
23.760	30.779	0.039
23.780	30.806	-0.006
23.800	30.392	-0.034
23.820	29.528	-0.074
23.840	28.255	-0.105
23.860	26.557	-0.134
23.880	24.511	-0.166
23.900	22.051	-0.196
23.920	19.301	-0.218
23.940	16.277	-0.242
23.960	13.001	-0.251
23.980	9.552	-0.275
24.000	5.975	-0.280
24.020	2.302	-0.285
24.040	-1.405	-0.288
24.060	-5.094	-0.289
24.080	-8.715	-0.277
24.100	-12.195	-0.268
24.120	-15.498	-0.253
24.140	-18.608	-0.234
24.160	-21.433	-0.213
24.180	-23.942	-0.189
24.200	-26.101	-0.157
24.220	-27.889	-0.135
24.240	-29.297	-0.098
24.260	-30.242	-0.065
24.280	-30.736	-0.034
24.300	-30.849	0.001
24.320	-30.478	0.036
24.340	-29.710	0.069
24.360	-28.469	0.100
24.380	-26.804	0.135
24.400	-24.785	0.164
24.420	-22.395	0.191
24.440	-19.672	0.219
24.460	-16.648	0.235
24.480	-13.447	0.256
24.500	-9.998	0.265
24.520	-6.410	0.277
24.540	-2.731	0.281
24.560	0.980	0.284
24.580	4.676	0.282
24.600	8.290	0.279
24.620	11.814	0.263
24.640	15.160	0.254
24.660	18.281	0.234
24.680	21.143	0.217
24.700	23.700	0.186
24.720	25.891	0.165
24.740	27.718	0.130
24.760	29.135	0.105
24.780	30.145	0.066
24.800	30.720	0.039
24.820	30.849	-0.003
24.840	30.548	-0.032
24.860	29.791	-0.074
24.880	28.620	-0.100
24.900	27.019	-0.138
24.920	25.075	-0.160
24.940	22.717	-0.198
24.960	20.037	-0.215
24.980	17.077	-0.245
25.000	13.865	-0.256
25.020	10.455	-0.278
25.040	6.910	-0.285
25.060	3.258	-0.294
25.080	-0.448	-0.291
25.100	-4.138	-0.297
25.120	-7.796	-0.283
25.140	-11.325	-0.281
25.160	-14.671	-0.264
25.180	-17.829	-0.246
25.200	-20.730	-0.223
25.220	-23.313	-0.202
25.240	-25.580	-0.173
25.260	-27.460	-0.152
25.280	-28.958	-0.115
25.300	-30.016	-0.086
25.320	-30.650	-0.048
25.340	-30.854	-0.018
25.360	-30.602	0.022
25.380	-29.925	0.051
25.400	-28.802	0.090
25.420	-27.256	0.116
25.440	-25.322	0.149
25.460	-23.034	0.172
25.480	-20.386	0.204
25.500	-17.453	0.221
25.520	-14.279	0.243
25.540	-10.885	0.255
25.560	-7.329	0.271
25.580	-3.666	0.272
25.600	0.040	0.280
25.620	3.741	0.275
25.640	7.388	0.273
25.660	10.933	0.260
25.680	14.322	0.253
25.700	17.502	0.233
25.720	20.429	0.217
25.740	23.082	0.186
25.760	25.360	0.167
25.780	27.282	0.131
25.800	28.819	0.106
25.820	29.930	0.068
25.840	30.607	0.038
25.860	30.854	-0.003
25.880	30.661	-0.033
25.900	30.027	-0.069
25.920	28.958	-0.101
25.940	27.476	-0.136
25.960	25.612	-0.161
25.980	23.351	-0.197
26.000	20.751	-0.218
26.020	17.862	-0.243
26.040	14.709	-0.264
26.060	11.352	-0.277
26.080	7.828	-0.288
26.100	4.192	-0.302
26.120	0.513	-0.297
26.140	-3.193	-0.302
26.160	-6.856	-0.290
26.180	-10.439	-0.289
26.200	-13.828	-0.272
26.220	-17.051	-0.258
26.240	-20.005	-0.234
26.260	-22.679	-0.216
26.280	-25.037	-0.182
26.300	-27.003	-0.165
26.320	-28.631	-0.124
26.340	-29.785	-0.097
26.360	-30.527	-0.057
26.380	-30.822	-0.028
26.400	-30.698	0.012
26.420	-30.145	0.042
26.440	-29.125	0.080
26.460	-27.701	0.107
26.480	-25.854	0.143
26.500	-23.652	0.167
26.520	-21.106	0.199
26.540	-18.211	0.215
26.560	-15.095	0.244
26.580	-11.781	0.249
26.600	-8.253	0.270
26.620	-4.616	0.274
26.640	-0.905	0.280
26.660	2.801	0.279
26.680	6.459	0.276
26.700	10.036	0.271
26.720	13.468	0.254
26.740	16.718	0.241
26.760	19.704	0.222
26.780	22.432	0.199
26.800	24.812	0.175
26.820	26.831	0.146
26.840	28.453	0.116
26.860	29.689	0.083
26.880	30.473	0.049
26.900	30.838	0.014
26.920	30.747	-0.019
26.940	30.231	-0.056
26.960	29.270	-0.089
26.980	27.884	-0.124
27.000	26.112	-0.147
27.020	23.963	-0.183
27.040	21.439	-0.206
27.060	18.619	-0.229
27.080	15.536	-0.254
27.100	12.195	-0.266
27.120	8.731	-0.278
27.140	5.111	-0.291
27.160	1.426	-0.293
27.180	-2.280	-0.293
27.200	-5.948	-0.286
27.220	-9.558	-0.282
27.240	-13.011	-0.272
27.260	-16.277	-0.254
27.280	-19.306	-0.235
27.300	-22.062	-0.213
27.320	-24.495	-0.184
27.340	-26.595	-0.160
27.360	-28.298	-0.132
27.380	-29.571	-0.098
27.400	-30.441	-0.065
27.420	-30.779	-0.038
27.440	-30.811	0.005
27.460	-30.376	0.034
27.480	-29.469	0.075
27.500	-28.153	0.109
27.520	-26.391	0.140
27.540	-24.285	0.169
27.560	-21.825	0.196
27.580	-19.022	0.218
27.600	-15.955	0.242
27.620	-12.673	0.259
27.640	-9.187	0.273
27.660	-5.578	0.279
27.680	-1.888	0.283
27.700	1.834	0.286
27.720	5.519	0.283
27.740	9.112	0.282
27.760	12.614	0.267
27.780	15.906	0.258
27.800	18.952	0.238
27.820	21.766	0.215
27.840	24.242	0.185
27.860	26.348	0.163
27.880	28.072	0.132
27.900	29.409	0.104
27.920	30.317	0.064
27.940	30.795	0.038
27.960	30.817	-0.004
27.980	30.408	-0.034
28.000	29.538	-0.066
28.020	28.271	-0.102
28.040	26.606	-0.134
28.060	24.549	-0.164
28.080	22.099	-0.195
28.100	19.355	-0.215
28.120	16.342	-0.238
28.140	13.060	-0.253
28.160	9.628	-0.271
28.180	6.045	-0.277
28.200	2.371	-0.286
28.220	-1.335	-0.285
28.240	-5.025	-0.286
28.260	-8.656	-0.272
28.280	-12.157	-0.265
28.300	-15.445	-0.250
28.320	-18.565	-0.236
28.340	-21.401	-0.209
28.360	-23.899	-0.186
28.380	-26.090	-0.158
28.400	-27.889	-0.131
28.420	-29.286	-0.100
28.440	-30.253	-0.062
28.460	-30.736	-0.036
28.480	-30.849	0.007
28.500	-30.505	0.039
28.520	-29.737	0.074
28.540	-28.529	0.105
28.560	-26.869	0.138
28.580	-24.844	0.168
28.600	-22.465	0.196
28.620	-19.758	0.220
28.640	-16.739	0.242
28.660	-13.522	0.259
28.680	-10.090	0.269
28.700	-6.491	0.286
28.720	-2.817	0.287
28.740	0.905	0.291
28.760	4.606	0.287
28.780	8.215	0.284
28.800	11.749	0.271
28.820	15.090	0.261
28.840	18.200	0.239
28.860	21.084	0.221
28.880	23.652	0.192
28.900	25.843	0.172
28.920	27.669	0.139
28.940	29.114	0.111
28.960	30.129	0.070
28.980	30.709	0.044
29.000	30.849	0.005
29.020	30.559	-0.025
29.040	29.812	-0.067
29.060	28.647	-0.095
29.080	27.062	-0.129
29.100	25.118	-0.156
29.120	22.755	-0.190
29.140	20.091	-0.212
29.160	17.147	-0.242
29.180	13.925	-0.252
29.200	10.530	-0.274
29.220	6.985	-0.278
29.240	3.333	-0.288
29.260	-0.368	-0.285
29.280	-4.074	-0.293
29.300	-7.721	-0.278
29.320	-11.260	-0.276
29.340	-14.596	-0.256
29.360	-17.770	-0.242
29.380	-20.681	-0.222
29.400	-23.270	-0.198
29.420	-25.542	-0.169
29.440	-27.433	-0.145
29.460	-28.948	-0.110
29.480	-30.006	-0.081
29.500	-30.639	-0.043
29.520	-30.854	-0.014
29.540	-30.613	0.026
29.560	-29.947	0.055
29.580	-28.835	0.092
29.600	-27.309	0.121
29.620	-25.365	0.155
29.640	-23.077	0.180
29.660	-20.461	0.209
29.680	-17.512	0.225
29.700	-14.349	0.251
29.720	-10.960	0.259
29.740	-7.409	0.275
29.760	-3.741	0.278
29.780	-0.035	0.285
29.800	3.660	0.284
29.820	7.318	0.279
29.840	10.868	0.267
29.860	14.263	0.258
29.880	17.437	0.234
29.900	20.370	0.222
29.920	23.045	0.190
29.940	25.317	0.171
29.960	27.240	0.134
29.980	28.786	0.113
30.000	29.904	0.071
30.020	30.602	0.043
30.040	30.854	0.005
30.060	30.666	-0.027
30.080	30.027	-0.067
30.100	28.980	-0.097
30.120	27.481	-0.128
30.140	25.650	-0.160
30.160	23.405	-0.190
30.180	20.805	-0.211
30.200	17.926	-0.242
30.220	14.773	-0.256
30.240	11.422	-0.278
30.260	7.914	-0.282
30.280	4.273	-0.300
30.300	0.577	-0.292
30.320	-3.123	-0.304
30.340	-6.776	-0.285
30.360	-10.369	-0.288
30.380	-13.758	-0.268
30.400	-16.981	-0.258
30.420	-19.956	-0.231
30.440	-22.636	-0.215
30.460	-24.989	-0.184
30.480	-26.982	-0.163
30.500	-28.588	-0.123
30.520	-29.759	-0.099
30.540	-30.521	-0.062
30.560	-30.822	-0.034
30.580	-30.715	0.007
30.600	-30.145	0.032
30.620	-29.157	0.076
30.640	-27.728	0.104
30.660	-25.897	0.140
30.680	-23.700	0.164
30.700	-21.143	0.196
30.720	-18.281	0.213
30.740	-15.171	0.239
30.760	-11.857	0.247
30.780	-8.328	0.265
30.800	-4.676	0.269
30.820	-0.980	0.280
30.840	2.731	0.275
30.860	6.405	0.273
30.880	9.961	0.264
30.900	13.409	0.258
30.920	16.653	0.237
30.940	19.650	0.221
30.960	22.400	0.194
30.980	24.763	0.174
31.000	26.799	0.141
31.020	28.421	0.115
31.040	29.667	0.081
31.060	30.468	0.048
31.080	30.833	0.013
31.100	30.758	-0.019
31.120	30.247	-0.058
31.140	29.291	-0.090
31.160	27.916	-0.127
31.180	26.155	-0.152
31.200	24.006	-0.184
31.220	21.498	-0.208
31.240	18.678	-0.235
31.260	15.600	-0.257
31.280	12.265	-0.272
31.300	8.817	-0.283
31.320	5.213	-0.295
31.340	1.528	-0.298
31.360	-2.183	-0.298
31.380	-5.863	-0.293
31.400	-9.472	-0.289
31.420	-12.926	-0.274
31.440	-16.191	-0.260
31.460	-19.226	-0.238
31.480	-21.981	-0.216
31.500	-24.425	-0.190
31.520	-26.509	-0.167
31.540	-28.255	-0.134
31.560	-29.511	-0.104
31.580	-30.387	-0.065
31.600	-30.774	-0.036
31.620	-30.795	0.006
31.640	-30.349	0.033
31.660	-29.469	0.072
31.680	-28.131	0.102
31.700	-26.402	0.138
31.720	-24.312	0.163
31.740	-21.868	0.194
31.760	-19.059	0.213
31.780	-16.003	0.238
31.800	-12.743	0.253
31.820	-9.268	0.266
31.840	-5.637	0.279
31.860	-1.947	0.280
31.880	1.775	0.283
31.900	5.460	0.281
31.920	9.053	0.275
31.940	12.533	0.265
31.960	15.837	0.248
31.980	18.893	0.233
32.000	21.713	0.213
32.020	24.178	0.183
32.040	26.310	0.157
32.060	28.045	0.124
32.080	29.388	0.099
32.100	30.301	0.059
32.120	30.779	0.027
32.140	30.817	-0.007
32.160	30.419	-0.039
32.180	29.571	-0.073
32.200	28.308	-0.111
32.220	26.622	-0.142
32.240	24.592	-0.166
32.260	22.158	-0.200
32.280	19.425	-0.221
32.300	16.406	-0.244
32.320	13.135	-0.256
32.340	9.692	-0.273
32.360	6.104	-0.285
32.380	2.436	-0.293
32.400	-1.265	-0.290
32.420	-4.955	-0.285
32.440	-8.586	-0.279
32.460	-12.098	-0.269
32.480	-15.407	-0.255
32.500	-18.506	-0.240
32.520	-21.347	-0.214
32.540	-23.856	-0.189
32.560	-26.058	-0.163
32.580	-27.868	-0.136
32.600	-29.264	-0.102
32.620	-30.247	-0.068
32.640	-30.731	-0.032
32.660	-30.860	-0.002
32.680	-30.543	0.039
32.700	-29.775	0.068
32.720	-28.555	0.104
32.740	-26.928	0.137
32.760	-24.898	0.167
32.780	-22.529	0.192
32.800	-19.827	0.220
32.820	-16.825	0.238
32.840	-13.592	0.258
32.860	-10.159	0.269
32.880	-6.588	0.281
32.900	-2.908	0.284
32.920	0.808	0.293
32.940	4.520	0.286
32.960	8.140	0.287
32.980	11.669	0.271
33.000	15.010	0.260
33.020	18.146	0.242
33.040	21.020	0.225
33.060	23.593	0.196
33.080	25.805	0.175
33.100	27.648	0.142
33.120	29.082	0.113
33.140	30.108	0.075
33.160	30.693	0.047
33.180	30.849	0.009
33.200	30.559	-0.021
33.220	29.818	-0.057
33.240	28.663	-0.093
33.260	27.089	-0.126
33.280	25.145	-0.155
33.300	22.803	-0.182
33.320	20.144	-0.206
33.340	17.201	-0.233
33.360	13.989	-0.247
33.380	10.578	-0.266
33.400	7.039	-0.271
33.420	3.392	-0.283
33.440	-0.309	-0.281
33.460	-4.004	-0.285
33.480	-7.656	-0.275
33.500	-11.207	-0.272
33.520	-14.558	-0.253
33.540	-17.738	-0.239
33.560	-20.638	-0.218
33.580	-23.222	-0.198
33.600	-25.510	-0.165
33.620	-27.427	-0.143
33.640	-28.948	-0.106
33.660	-30.011	-0.076
33.680	-30.645	-0.039
33.700	-30.854	-0.011
33.720	-30.634	0.028
33.740	-29.990	0.061
33.760	-28.894	0.097
33.780	-27.331	0.127
33.800	-25.429	0.160
33.820	-23.152	0.180
33.840	-20.520	0.213
33.860	-17.593	0.232
33.880	-14.429	0.253
33.900	-11.040	0.265
33.920	-7.485	0.277
33.940	-3.832	0.281
33.960	-0.121	0.287
33.980	3.580	0.287
34.000	7.227	0.285
34.020	10.777	0.273
34.040	14.177	0.262
34.060	17.373	0.244
34.080	20.305	0.225
34.100	22.980	0.200
34.120	25.263	0.178
34.140	27.218	0.146
34.160	28.749	0.119
34.180	29.893	0.080
34.200	30.591	0.053
34.220	30.854	0.012
34.240	30.672	-0.019
34.260	30.043	-0.055
34.280	28.990	-0.090
34.300	27.535	-0.123
34.320	25.682	-0.151
34.340	23.431	-0.184
34.360	20.843	-0.208
34.380	17.969	-0.233
34.400	14.832	-0.247
34.420	11.486	-0.266
34.440	7.963	-0.279
34.460	4.337	-0.287
34.480	0.647	-0.289
34.500	-3.059	-0.293
34.520	-6.711	-0.285
34.540	-10.304	-0.278
34.560	-13.699	-0.262
34.580	-16.922	-0.252
34.600	-19.908	-0.226
34.620	-22.599	-0.210
34.640	-24.935	-0.175
34.660	-26.944	-0.155
34.680	-28.572	-0.119
34.700	-29.753	-0.092
34.720	-30.510	-0.053
34.740	-30.827	-0.028
34.760	-30.720	0.018
34.780	-30.183	0.046
34.800	-29.189	0.082
34.820	-27.760	0.109
34.840	-25.950	0.146
34.860	-23.743	0.167
34.880	-21.219	0.199
34.900	-18.345	0.218
34.920	-15.235	0.242
34.940	-11.921	0.252
34.960	-8.398	0.270
34.980	-4.767	0.276
35.000	-1.061	0.282
35.020	2.645	0.279
35.040	6.303	0.275
35.060	9.885	0.269
35.080	13.344	0.256
35.100	16.583	0.242
35.120	19.586	0.221
35.140	22.336	0.197
35.160	24.715	0.175
35.180	26.751	0.146
35.200	28.384	0.113
35.220	29.651	0.086
35.240	30.451	0.048
35.260	30.822	0.015
35.280	30.752	-0.019
35.300	30.258	-0.053
35.320	29.313	-0.087
35.340	27.948	-0.124
35.360	26.192	-0.155
35.380	24.054	-0.183
35.400	21.546	-0.210
35.420	18.732	-0.234
35.440	15.659	-0.255
35.460	12.329	-0.273
35.480	8.870	-0.283
35.500	5.288	-0.300
35.520	1.598	-0.297
35.540	-2.108	-0.303
35.560	-5.787	-0.294
35.580	-9.386	-0.292
35.600	-12.845	-0.273
35.620	-16.121	-0.264
35.640	-19.167	-0.240
35.660	-21.944	-0.220
35.680	-24.377	-0.193
35.700	-26.461	-0.169
35.720	-28.185	-0.134
35.740	-29.479	-0.107
35.760	-30.376	-0.069
35.780	-30.774	-0.041
35.800	-30.795	-0.001
35.820	-30.344	0.030
35.840	-29.479	0.066
35.860	-28.169	0.101
35.880	-26.434	0.133
35.900	-24.344	0.160
35.920	-21.901	0.188
35.940	-19.102	0.210
35.960	-16.068	0.237
35.980	-12.791	0.247
36.000	-9.305	0.266
36.020	-5.696	0.273
36.040	-2.006	0.279
36.060	1.705	0.283
36.080	5.385	0.278
36.100	8.989	0.268
36.120	12.480	0.260
36.140	15.783	0.247
36.160	18.839	0.229
36.180	21.664	0.207
36.200	24.140	0.180
36.220	26.262	0.155
36.240	28.008	0.122
36.260	29.377	0.096
36.280	30.285	0.056
36.300	30.763	0.026
36.320	30.811	-0.013
36.340	30.425	-0.042
36.360	29.587	-0.077
36.380	28.330	-0.110
36.400	26.670	-0.144
36.420	24.640	-0.172
36.440	22.223	-0.202
36.460	19.478	-0.223
36.480	16.481	-0.247
36.500	13.210	-0.260
36.520	9.762	-0.277
36.540	6.185	-0.290
36.560	2.522	-0.294
36.580	-1.179	-0.292
36.600	-4.869	-0.289
36.620	-8.510	-0.286
36.640	-11.986	-0.272
36.660	-15.321	-0.260
36.680	-18.436	-0.243
36.700	-21.294	-0.220
36.720	-23.791	-0.194
36.740	-26.004	-0.167
36.760	-27.820	-0.141
36.780	-29.221	-0.110
36.800	-30.210	-0.073
36.820	-30.731	-0.037
36.840	-30.854	-0.006
36.860	-30.543	0.031
36.880	-29.802	0.063
36.900	-28.582	0.103
36.920	-26.955	0.127
36.940	-24.946	0.160
36.960	-22.583	0.188
36.980	-19.881	0.213
37.000	-16.879	0.231
37.020	-13.672	0.255
37.040	-10.240	0.267
37.060	-6.657	0.280
37.080	-2.984	0.280
37.100	0.728	0.287
37.120	4.434	0.277
37.140	8.049	0.284
37.160	11.594	0.267
37.180	14.940	0.258
37.200	18.076	0.242
37.220	20.961	0.221
37.240	23.533	0.191
37.260	25.746	0.171
37.280	27.599	0.136
37.300	29.055	0.113
37.320	30.086	0.075
37.340	30.682	0.044
37.360	30.854	0.001
37.380	30.570	-0.023
37.400	29.823	-0.061
37.420	28.690	-0.098
37.440	27.132	-0.129
37.460	25.198	-0.153
37.480	22.857	-0.187
37.500	20.182	-0.207
37.520	17.249	-0.235
37.540	14.048	-0.247
37.560	10.654	-0.268
37.580	7.114	-0.273
37.600	3.456	-0.286
37.620	-0.234	-0.286
37.640	-3.945	-0.288
37.660	-7.592	-0.278
37.680	-11.137	-0.274
37.700	-14.505	-0.252
37.720	-17.679	-0.240
37.740	-20.612	-0.215
37.760	-23.200	-0.195
37.780	-25.489	-0.164
37.800	-27.395	-0.143
37.820	-28.931	-0.105
37.840	-30.011	-0.078
37.860	-30.645	-0.039
37.880	-30.860	-0.011
37.900	-30.656	0.032
37.920	-30.038	0.057
37.940	-28.937	0.098
37.960	-27.417	0.124
37.980	-25.499	0.161
38.000	-23.200	0.183
38.020	-20.606	0.216
38.040	-17.657	0.235
38.060	-14.510	0.255
38.080	-11.126	0.267
38.100	-7.576	0.282
38.120	-3.929	0.288
38.140	-0.201	0.296
38.160	3.494	0.291
38.180	7.157	0.288
38.200	10.702	0.275
38.220	14.113	0.267
38.240	17.308	0.250
38.260	20.257	0.229
38.280	22.921	0.204
38.300	25.225	0.182
38.320	27.170	0.151
38.340	28.717	0.124
38.360	29.877	0.084
38.380	30.575	0.057
38.400	30.844	0.018
38.420	30.688	-0.011
38.440	30.059	-0.049
38.460	29.028	-0.083
38.480	27.546	-0.121
38.500	25.719	-0.142
38.520	23.485	-0.177
38.540	20.907	-0.199
38.560	18.028	-0.230
38.580	14.891	-0.241
38.600	11.551	-0.268
38.620	8.038	-0.268
38.640	4.412	-0.286
38.660	0.712	-0.280
38.680	-2.984	-0.290
38.700	-6.652	-0.275
38.720	-10.235	-0.276
38.740	-13.651	-0.260
38.760	-16.863	-0.246
38.780	-19.865	-0.223
38.800	-22.540	-0.208
38.820	-24.914	-0.173
38.840	-26.928	-0.152
38.860	-28.545	-0.117
38.880	-29.737	-0.089
38.900	-30.516	-0.051
38.920	-30.833	-0.021
38.940	-30.736	0.018
38.960	-30.199	0.045
38.980	-29.238	0.088
39.000	-27.809	0.113
39.020	-25.983	0.151
39.040	-23.797	0.174
39.060	-21.288	0.204
39.080	-18.426	0.223
39.100	-15.316	0.249
39.120	-11.996	0.257
39.140	-8.484	0.276
39.160	-4.842	0.279
39.180	-1.147	0.287
39.200	2.554	0.286
39.220	6.239	0.284
39.240	9.810	0.272
39.260	13.275	0.262
39.280	16.519	0.246
39.300	19.527	0.228
39.320	22.282	0.203
39.340	24.672	0.178
39.360	26.708	0.154
39.380	28.362	0.118
39.400	29.614	0.089
39.420	30.435	0.057
39.440	30.817	0.023
39.460	30.763	-0.015
39.480	30.269	-0.048
39.500	29.340	-0.084
39.520	27.970	-0.118
39.540	26.235	-0.144
39.560	24.097	-0.174
39.580	21.594	-0.205
39.600	18.807	-0.228
39.620	15.729	-0.249
39.640	12.415	-0.267
39.660	8.946	-0.281
39.680	5.342	-0.289
39.700	1.662	-0.291
39.720	-2.038	-0.294
39.740	-5.718	-0.290
39.760	-9.322	-0.284
39.780	-12.775	-0.273
39.800	-16.052	-0.257
39.820	-19.113	-0.235
39.840	-21.874	-0.219
39.860	-24.318	-0.188
39.880	-26.428	-0.166
39.900	-28.163	-0.132
39.920	-29.463	-0.106
39.940	-30.339	-0.071
39.960	-30.768	-0.040
39.980	-30.801	-0.004
40.000	-30.355	0.029
40.020	-29.495	0.068
40.040	-28.201	0.097
40.060	-26.477	0.133
40.080	-24.393	0.158
40.100	-21.944	0.188
40.120	-19.161	0.209
40.140	-16.127	0.229
40.160	-12.856	0.248
40.180	-9.370	0.262
40.200	-5.771	0.275
40.220	-2.081	0.276
40.240	1.630	0.277
40.260	5.320	0.271
40.280	8.919	0.270
40.300	12.405	0.257
40.320	15.713	0.245
40.340	18.785	0.223
40.360	21.616	0.205
40.380	24.097	0.176
40.400	26.230	0.154
40.420	27.981	0.120
40.440	29.345	0.095
40.460	30.263	0.056
40.480	30.768	0.026
40.500	30.811	-0.015
40.520	30.430	-0.044
40.540	29.608	-0.082
40.560	28.367	-0.115
40.580	26.697	-0.147
40.600	24.688	-0.176
40.620	22.266	-0.209
40.640	19.543	-0.224
40.660	16.535	-0.252
40.680	13.280	-0.264
40.700	9.848	-0.284
40.720	6.281	-0.288
40.740	2.618	-0.303
40.760	-1.077	-0.299
40.780	-4.778	-0.301
40.800	-8.430	-0.285
40.820	-11.910	-0.284
40.840	-15.240	-0.263
40.860	-18.350	-0.251
40.880	-21.213	-0.223
40.900	-23.743	-0.202
40.920	-25.929	-0.172
40.940	-27.755	-0.147
40.960	-29.168	-0.113
40.980	-30.177	-0.080
41.000	-30.693	-0.044
41.020	-30.817	-0.013
41.040	-30.510	0.024
41.060	-29.769	0.058
41.080	-28.588	0.092
41.100	-26.955	0.123
41.120	-24.962	0.151
41.140	-22.626	0.182
41.160	-19.913	0.207
41.180	-16.927	0.227
41.200	-13.720	0.246
41.220	-10.294	0.262
41.240	-6.722	0.275
41.260	-3.043	0.279
41.280	0.674	0.283
41.300	4.375	0.280
41.320	7.995	0.279
41.340	11.534	0.262
41.360	14.881	0.253
41.380	18.028	0.235
41.400	20.902	0.216
41.420	23.496	0.190
41.440	25.719	0.166
41.460	27.578	0.130
41.480	29.033	0.105
41.500	30.075	0.069
41.520	30.682	0.043
41.540	30.838	-0.000
41.560	30.591	-0.028
41.580	29.861	-0.069
41.600	28.722	-0.097
41.620	27.154	-0.136
41.640	25.241	-0.157
41.660	22.910	-0.196
41.680	20.246	-0.210
41.700	17.324	-0.243
41.720	14.118	-0.252
41.740	10.718	-0.274
41.760	7.195	-0.280
41.780	3.531	-0.291
41.800	-0.158	-0.290
41.820	-3.865	-0.291
41.840	-7.528	-0.285
41.860	-11.078	-0.276
41.880	-14.440	-0.260
41.900	-17.615	-0.244
41.920	-20.536	-0.220
41.940	-23.163	-0.201
41.960	-25.440	-0.177
41.980	-27.385	-0.150
42.000	-28.921	-0.115
42.020	-30.006	-0.082
42.040	-30.645	-0.042
42.060	-30.854	-0.016
42.080	-30.682	0.026
42.100	-30.054	0.050
42.120	-28.958	0.094
42.140	-27.438	0.119
42.160	-25.526	0.160
42.180	-23.286	0.179
42.200	-20.649	0.210
42.220	-17.743	0.228
42.240	-14.580	0.258
42.260	-11.212	0.267
42.280	-7.662	0.281
42.300	-4.004	0.283
42.320	-0.293	0.291
42.340	3.424	0.282
42.360	7.066	0.288
42.380	10.627	0.274
42.400	14.037	0.267
42.420	17.228	0.246
42.440	20.187	0.231
42.460	22.862	0.203
42.480	25.172	0.181
42.500	27.137	0.147
42.520	28.690	0.121
42.540	29.850	0.086
42.560	30.564	0.056
42.580	30.838	0.017
42.600	30.688	-0.012
42.620	30.092	-0.051
42.640	29.050	-0.078
42.660	27.599	-0.116
42.680	25.768	-0.144
42.700	23.539	-0.178
42.720	20.961	-0.198
42.740	18.093	-0.228
42.760	14.967	-0.238
42.780	11.599	-0.263
42.800	8.097	-0.269
42.820	4.477	-0.283
42.840	0.781	-0.281
42.860	-2.925	-0.285
42.880	-6.598	-0.279
42.900	-10.176	-0.275
42.920	-13.597	-0.254
42.940	-16.820	-0.244
42.960	-19.822	-0.220
42.980	-22.508	-0.202
43.000	-24.892	-0.172
43.020	-26.912	-0.148
43.040	-28.539	-0.115
43.060	-29.732	-0.087
43.080	-30.516	-0.048
43.100	-30.827	-0.021
43.120	-30.758	0.025
43.140	-30.247	0.051
43.160	-29.275	0.091
43.180	-27.841	0.115
43.200	-26.031	0.155
43.220	-23.861	0.175
43.240	-21.353	0.210
43.260	-18.495	0.228
43.280	-15.380	0.251
43.300	-12.066	0.262
43.320	-8.553	0.280
43.340	-4.923	0.286
43.360	-1.222	0.291
43.380	2.484	0.290
43.400	6.153	0.288
43.420	9.740	0.280
43.440	13.199	0.272
43.460	16.444	0.252
43.480	19.462	0.233
43.500	22.228	0.209
43.520	24.624	0.185
43.540	26.681	0.159
43.560	28.335	0.126
43.580	29.597	0.099
43.600	30.430	0.060
43.620	30.817	0.029
43.640	30.763	-0.011
43.660	30.274	-0.040
43.680	29.350	-0.079
43.700	28.013	-0.107
43.720	26.273	-0.138
43.740	24.146	-0.171
43.760	21.632	-0.199
43.780	18.861	-0.221
43.800	15.799	-0.241
43.820	12.480	-0.260
43.840	9.015	-0.275
43.860	5.422	-0.285
43.880	1.738	-0.288
43.900	-1.974	-0.290
43.920	-5.653	-0.285
43.940	-9.268	-0.278
43.960	-12.705	-0.266
43.980	-15.992	-0.252
44.000	-19.054	-0.231
44.020	-21.831	-0.215
44.040	-24.285	-0.183
44.060	-26.402	-0.159
44.080	-28.147	-0.127
44.100	-29.452	-0.096
44.120	-30.344	-0.061
44.140	-30.774	-0.032
44.160	-30.806	0.004
44.180	-30.387	0.038
44.200	-29.538	0.074
44.220	-28.222	0.101
44.240	-26.531	0.138
44.260	-24.430	0.167
44.280	-21.997	0.195
44.300	-19.226	0.217
44.320	-16.175	0.236
44.340	-12.936	0.253
44.360	-9.450	0.267
44.380	-5.852	0.279
44.400	-2.151	0.283
44.420	1.550	0.286
44.440	5.245	0.283
44.460	8.838	0.276
44.480	12.335	0.261
44.500	15.654	0.253
44.520	18.716	0.228
44.540	21.568	0.213
44.560	24.049	0.183
44.580	26.181	0.159
44.600	27.948	0.124
44.620	29.318	0.098
44.640	30.247	0.059
44.660	30.763	0.029
44.680	30.817	-0.011
44.700	30.451	-0.041
44.720	29.630	-0.081
44.740	28.384	-0.112
44.760	26.745	-0.144
44.780	24.726	-0.169
44.800	22.303	-0.204
44.820	19.591	-0.222
44.840	16.599	-0.252
44.860	13.350	-0.263
44.880	9.923	-0.279
44.900	6.346	-0.287
44.920	2.688	-0.297
44.940	-1.023	-0.297
44.960	-4.713	-0.299
44.980	-8.349	-0.287
45.000	-11.846	-0.284
45.020	-15.165	-0.260
45.040	-18.302	-0.247
45.060	-21.143	-0.226
45.080	-23.711	-0.203
45.100	-25.886	-0.173
45.120	-27.734	-0.146
45.140	-29.157	-0.114
45.160	-30.151	-0.080
45.180	-30.698	-0.048
45.200	-30.827	-0.012
45.220	-30.510	0.022
45.240	-29.780	0.056
45.260	-28.593	0.089
45.280	-26.992	0.121
45.300	-24.989	0.151
45.320	-22.653	0.178
45.340	-19.951	0.208
45.360	-16.986	0.226
45.380	-13.763	0.247
45.400	-10.353	0.258
45.420	-6.776	0.269
45.440	-3.107	0.274
45.460	0.615	0.278
45.480	4.305	0.274
45.500	7.925	0.273
45.520	11.454	0.260
45.540	14.827	0.254
45.560	17.964	0.229
45.580	20.848	0.216
45.600	23.458	0.181
45.620	25.682	0.166
45.640	27.535	0.128
45.660	29.007	0.107
45.680	30.065	0.063
45.700	30.677	0.040
45.720	30.838	-0.005
45.740	30.596	-0.032
45.760	29.882	-0.069
45.780	28.749	-0.102
45.800	27.197	-0.138
45.820	25.279	-0.164
45.840	22.969	-0.199
45.860	20.316	-0.214
45.880	17.389	-0.247
45.900	14.193	-0.256
45.920	10.793	-0.274
45.940	7.270	-0.289
45.960	3.628	-0.293
45.980	-0.062	-0.298
46.000	-3.768	-0.296
46.020	-7.426	-0.287
46.040	-10.960	-0.284
46.060	-14.354	-0.267
46.080	-17.518	-0.252
46.100	-20.461	-0.227
46.120	-23.088	-0.209
46.140	-25.365	-0.175
46.160	-27.304	-0.153
46.180	-28.835	-0.116
46.200	-29.941	-0.089
46.220	-30.607	-0.048
46.240	-30.833	-0.023
46.260	-30.656	0.019
46.280	-30.022	0.047
46.300	-28.948	0.089
46.320	-27.454	0.117
46.340	-25.564	0.153
46.360	-23.308	0.176
46.380	-20.698	0.206
46.400	-17.765	0.223
46.420	-14.623	0.246
46.440	-11.260	0.258
46.460	-7.721	0.277
46.480	-4.063	0.278
46.500	-0.352	0.286
46.520	3.360	0.281
46.540	7.007	0.281
46.560	10.568	0.269
46.580	13.984	0.256
46.600	17.185	0.242
46.620	20.134	0.223
46.640	22.819	0.199
46.660	25.129	0.175
46.680	27.089	0.142
46.700	28.657	0.116
46.720	29.828	0.084
46.740	30.559	0.051
46.760	30.838	0.015
46.780	30.693	-0.019
46.800	30.092	-0.057
46.820	29.076	-0.087
46.840	27.621	-0.126
46.860	25.811	-0.152
46.880	23.598	-0.182
46.900	21.009	-0.204
46.920	18.157	-0.233
46.940	15.020	-0.247
46.960	11.669	-0.266
46.980	8.172	-0.276
47.000	4.552	-0.286
47.020	0.873	-0.289
47.040	-2.844	-0.291
47.060	-6.507	-0.284
47.080	-10.106	-0.278
47.100	-13.516	-0.260
47.120	-16.750	-0.248
47.140	-19.752	-0.224
47.160	-22.438	-0.207
47.180	-24.844	-0.174
47.200	-26.869	-0.152
47.220	-28.502	-0.120
47.240	-29.716	-0.092
47.260	-30.510	-0.052
47.280	-30.827	-0.027
47.300	-30.758	0.016
47.320	-30.242	0.044
47.340	-29.281	0.086
47.360	-27.884	0.113
47.380	-26.090	0.151
47.400	-23.931	0.175
47.420	-21.406	0.207
47.440	-18.549	0.225
47.460	-15.450	0.250
47.480	-12.147	0.263
47.500	-8.629	0.278
47.520	-5.009	0.283
47.540	-1.297	0.292
47.560	2.414	0.289
47.580	6.083	0.289
47.600	9.665	0.280
47.620	13.135	0.271
47.640	16.395	0.253
47.660	19.392	0.237
47.680	22.164	0.213
47.700	24.581	0.187
47.720	26.643	0.162
47.740	28.303	0.133
47.760	29.581	0.098
47.780	30.408	0.067
47.800	30.811	0.033
47.820	30.774	-0.006
47.840	30.301	-0.036
47.860	29.372	-0.075
47.880	28.034	-0.107
47.900	26.310	-0.138
47.920	24.194	-0.164
47.940	21.697	-0.197
47.960	18.909	-0.218
47.980	15.858	-0.238
48.000	12.555	-0.255
48.020	9.096	-0.271
48.040	5.492	-0.278
48.060	1.807	-0.285
48.080	-1.899	-0.285
48.100	-5.578	-0.282
48.120	-9.193	-0.272
48.140	-12.657	-0.263
48.160	-15.928	-0.247
48.180	-19.000	-0.229
48.200	-21.777	-0.208
48.220	-24.242	-0.178
48.240	-26.353	-0.155
48.260	-28.110	-0.126
48.280	-29.431	-0.099
48.300	-30.328	-0.059
48.320	-30.768	-0.029
48.340	-30.811	0.010
48.360	-30.398	0.039
48.380	-29.571	0.079
48.400	-28.271	0.109
48.420	-26.568	0.142
48.440	-24.479	0.168
48.460	-22.051	0.197
48.480	-19.296	0.221
48.500	-16.250	0.242
48.520	-13.001	0.259
48.540	-9.547	0.272
48.560	-5.932	0.283
48.580	-2.237	0.285
48.600	1.464	0.289
48.620	5.159	0.288
48.640	8.763	0.280
48.660	12.270	0.267
48.680	15.590	0.254
48.700	18.662	0.234
48.720	21.498	0.217
48.740	24.001	0.190
48.760	26.138	0.167
48.780	27.911	0.131
48.800	29.291	0.105
48.820	30.247	0.066
48.840	30.752	0.038
48.860	30.822	-0.003
48.880	30.468	-0.032
48.900	29.651	-0.071
48.920	28.427	-0.102
48.940	26.772	-0.136
48.960	24.774	-0.160
48.980	22.357	-0.196
49.000	19.650	-0.214
49.020	16.664	-0.242
49.040	13.409	-0.255
49.060	9.993	-0.270
49.080	6.416	-0.282
49.100	2.763	-0.289
49.120	-0.943	-0.289
49.140	-4.633	-0.290
49.160	-8.280	-0.279
49.180	-11.781	-0.276
49.200	-15.101	-0.259
49.220	-18.232	-0.242
49.240	-21.100	-0.221
49.260	-23.646	-0.197
49.280	-25.848	-0.163
49.300	-27.701	-0.141
49.320	-29.130	-0.107
49.340	-30.135	-0.077
49.360	-30.688	-0.044
49.380	-30.817	-0.010
49.400	-30.527	0.029
49.420	-29.802	0.059
49.440	-28.636	0.096
49.460	-27.019	0.122
49.480	-25.043	0.156
49.500	-22.696	0.180
49.520	-20.015	0.209
49.540	-17.040	0.224
49.560	-13.844	0.249
49.580	-10.423	0.258
49.600	-6.845	0.276
49.620	-3.172	0.275
49.640	0.534	0.280
49.660	4.224	0.278
49.680	7.855	0.274
49.700	11.389	0.261
49.720	14.752	0.251
49.740	17.899	0.231
49.760	20.789	0.217
49.780	23.410	0.187
49.800	25.628	0.167
49.820	27.513	0.128
49.840	28.985	0.105
49.860	30.027	0.066
49.880	30.672	0.040
49.900	30.854	-0.002
49.920	30.596	-0.033
49.940	29.887	-0.069
49.960	28.770	-0.102
49.980	27.223	-0.136
50.000	25.322	-0.164
50.020	22.996	-0.196
50.040	20.359	-0.217
50.060	17.448	-0.246
50.080	14.263	-0.260
50.100	10.879	-0.277
50.120	7.361	-0.286
50.140	3.693	-0.298
50.160	0.013	-0.295
50.180	-3.703	-0.300
50.200	-7.345	-0.285
50.220	-10.895	-0.289
50.240	-14.274	-0.265
50.260	-17.459	-0.258
50.280	-20.397	-0.226
50.300	-23.018	-0.212
50.320	-25.317	-0.177
50.340	-27.256	-0.159
50.360	-28.786	-0.121
50.380	-29.914	-0.094
50.400	-30.591	-0.057
50.420	-30.827	-0.026
50.440	-30.645	0.014
50.460	-30.032	0.039
50.480	-28.974	0.084
50.500	-27.460	0.111
50.520	-25.580	0.147
50.540	-23.324	0.169
50.560	-20.724	0.201
50.580	-17.829	0.219
50.600	-14.671	0.245
50.620	-11.320	0.253
50.640	-7.780	0.271
50.660	-4.122	0.272
50.680	-0.411	0.283
50.700	3.284	0.275
50.720	6.942	0.276
50.740	10.498	0.264
50.760	13.919	0.257
50.780	17.120	0.238
50.800	20.080	0.220
50.820	22.792	0.195
50.840	25.091	0.175
50.860	27.078	0.141
50.880	28.636	0.115
50.900	29.812	0.079
50.920	30.548	0.048
50.940	30.833	0.011
50.960	30.698	-0.023
50.980	30.118	-0.057
51.000	29.103	-0.090
51.020	27.664	-0.122
51.040	25.848	-0.155
51.060	23.646	-0.185
51.080	21.073	-0.210
51.100	18.216	-0.235
51.120	15.106	-0.252
51.140	11.755	-0.269
51.160	8.258	-0.282
51.180	4.638	-0.289
51.200	0.953	-0.292
51.220	-2.769	-0.295
51.240	-6.443	-0.285
51.260	-10.020	-0.285
51.280	-13.436	-0.267
51.300	-16.675	-0.259
51.320	-19.672	-0.229
51.340	-22.400	-0.214
51.360	-24.774	-0.183
51.380	-26.821	-0.161
51.400	-28.469	-0.123
51.420	-29.683	-0.097
51.440	-30.478	-0.061
51.460	-30.817	-0.028
51.480	-30.768	0.009
51.500	-30.242	0.040
51.520	-29.307	0.078
51.540	-27.895	0.108
51.560	-26.117	0.144
51.580	-23.963	0.167
51.600	-21.444	0.196
51.620	-18.608	0.221
51.640	-15.509	0.245
51.660	-12.222	0.254
51.680	-8.693	0.273
51.700	-5.084	0.277
51.720	-1.378	0.285
51.740	2.328	0.282
51.760	6.018	0.286
51.780	9.585	0.275
51.800	13.065	0.263
51.820	16.325	0.250
51.840	19.344	0.232
51.860	22.115	0.211
51.880	24.532	0.182
51.900	26.600	0.157
51.920	28.271	0.127
51.940	29.544	0.097
51.960	30.408	0.059
51.980	30.811	0.027
52.000	30.779	-0.012
52.020	30.323	-0.039
52.040	29.404	-0.075
52.060	28.083	-0.104
52.080	26.348	-0.144
52.100	24.237	-0.163
52.120	21.761	-0.201
52.140	18.968	-0.218
52.160	15.928	-0.243
52.180	12.609	-0.252
52.200	9.155	-0.272
52.220	5.567	-0.276
52.240	1.888	-0.289
52.260	-1.823	-0.284
52.280	-5.503	-0.282
52.300	-9.123	-0.276
52.320	-12.603	-0.265
52.340	-15.874	-0.252
52.360	-18.947	-0.230
52.380	-21.729	-0.210
52.400	-24.216	-0.179
52.420	-26.332	-0.157
52.440	-28.077	-0.124
52.460	-29.415	-0.095
52.480	-30.328	-0.060
52.500	-30.758	-0.031
52.520	-30.811	0.010
52.540	-30.408	0.041
52.560	-29.592	0.076
52.580	-28.298	0.112
52.600	-26.606	0.144
52.620	-24.527	0.171
52.640	-22.126	0.197
52.660	-19.365	0.223
52.680	-16.315	0.242
52.700	-13.087	0.264
52.720	-9.595	0.273
52.740	-6.018	0.291
52.760	-2.323	0.288
52.780	1.415	0.291
52.800	5.089	0.287
52.820	8.688	0.288
52.840	12.190	0.273
52.860	15.509	0.262
52.880	18.603	0.238
52.900	21.439	0.225
52.920	23.947	0.192
52.940	26.112	0.175
52.960	27.884	0.136
52.980	29.270	0.107
53.000	30.226	0.070
53.020	30.747	0.043
53.040	30.827	0.001
53.060	30.473	-0.025
53.080	29.667	-0.067
53.100	28.448	-0.097
53.120	26.821	-0.131
53.140	24.817	-0.153
53.160	22.422	-0.190
53.180	19.715	-0.211
53.200	16.728	-0.235
53.220	13.484	-0.249
53.240	10.057	-0.270
53.260	6.502	-0.276
53.280	2.833	-0.287
53.300	-0.867	-0.285
53.320	-4.568	-0.286
53.340	-8.220	-0.277
53.360	-11.712	-0.272
53.380	-15.036	-0.250
53.400	-18.184	-0.235
53.420	-21.041	-0.215
53.440	-23.593	-0.192
53.460	-25.805	-0.161
53.480	-27.669	-0.137
53.500	-29.114	-0.102
53.520	-30.124	-0.071
53.540	-30.693	-0.037
53.560	-30.838	-0.006
53.580	-30.559	0.033
53.600	-29.834	0.059
53.620	-28.657	0.101
53.640	-27.062	0.130
53.660	-25.075	0.161
53.680	-22.765	0.187
53.700	-20.080	0.217
53.720	-17.110	0.232
53.740	-13.908	0.256
53.760	-10.492	0.262
53.780	-6.931	0.279
53.800	-3.252	0.281
53.820	0.454	0.289
53.840	4.165	0.285
53.860	7.791	0.281
53.880	11.314	0.268
53.900	14.687	0.260
53.920	17.851	0.238
53.940	20.740	0.224
53.960	23.351	0.191
53.980	25.585	0.175
54.000	27.470	0.137
54.020	28.953	0.113
54.040	30.022	0.071
54.060	30.661	0.048
54.080	30.849	0.005
54.100	30.607	-0.024
54.120	29.904	-0.066
54.140	28.802	-0.094
54.160	27.277	-0.128
54.180	25.370	-0.157
54.200	23.061	-0.191
54.220	20.429	-0.211
54.240	17.512	-0.237
54.260	14.327	-0.256
54.280	10.949	-0.270
54.300	7.415	-0.283
54.320	3.773	-0.293
54.340	0.083	-0.293
54.360	-3.623	-0.293
54.380	-7.281	-0.284
54.400	-10.820	-0.281
54.420	-14.204	-0.262
54.440	-17.394	-0.252
54.460	-20.338	-0.226
54.480	-22.975	-0.209
54.500	-25.258	-0.173
54.520	-27.213	-0.152
54.540	-28.781	-0.119
54.560	-29.898	-0.094
54.580	-30.575	-0.050
54.600	-30.817	-0.026
54.620	-30.661	0.018
54.640	-30.038	0.041
54.660	-28.985	0.083
54.680	-27.487	0.109
54.700	-25.612	0.147
54.720	-23.378	0.170
54.740	-20.789	0.199
54.760	-17.894	0.218
54.780	-14.746	0.243
54.800	-11.384	0.251
54.820	-7.839	0.265
54.840	-4.187	0.275
54.860	-0.491	0.279
54.880	3.209	0.277
54.900	6.872	0.273
54.920	10.428	0.266
54.940	13.860	0.256
54.960	17.051	0.239
54.980	20.021	0.219
55.000	22.733	0.195
55.020	25.059	0.171
55.040	27.025	0.142
55.060	28.604	0.109
55.080	29.791	0.078
55.100	30.532	0.046
55.120	30.844	0.009
55.140	30.709	-0.026
55.160	30.145	-0.059
55.180	29.125	-0.093
55.200	27.675	-0.131
55.220	25.886	-0.155
55.240	23.684	-0.190
55.260	21.122	-0.209
55.280	18.286	-0.240
55.300	15.176	-0.255
55.320	11.819	-0.275
55.340	8.328	-0.280
55.360	4.724	-0.296
55.380	1.034	-0.294
55.400	-2.677	-0.299
55.420	-6.351	-0.287
55.440	-9.934	-0.290
55.460	-13.355	-0.270
55.480	-16.589	-0.260
55.500	-19.607	-0.234
55.520	-22.330	-0.218
55.540	-24.710	-0.188
55.560	-26.751	-0.164
55.580	-28.410	-0.131
55.600	-29.662	-0.099
55.620	-30.462	-0.066
55.640	-30.806	-0.036
55.660	-30.747	0.005
55.680	-30.226	0.036
55.700	-29.307	0.076
55.720	-27.932	0.105
55.740	-26.144	0.136
55.760	-23.985	0.166
55.780	-21.476	0.194
55.800	-18.651	0.216
55.820	-15.563	0.237
55.840	-12.265	0.254
55.860	-8.763	0.269
55.880	-5.127	0.276
55.900	-1.448	0.283
55.920	2.264	0.285
55.940	5.943	0.278
55.960	9.526	0.275
55.980	13.001	0.262
56.000	16.266	0.250
56.020	19.285	0.225
56.040	22.067	0.206
56.060	24.484	0.180
56.080	26.557	0.154
56.100	28.239	0.123
56.120	29.528	0.094
56.140	30.382	0.055
56.160	30.811	0.026
56.180	30.779	-0.015
56.200	30.323	-0.042
56.220	29.426	-0.081
56.240	28.099	-0.114
56.260	26.369	-0.147
56.280	24.280	-0.174
56.300	21.820	-0.202
56.320	19.027	-0.223
56.340	15.982	-0.246
56.360	12.678	-0.265
56.380	9.230	-0.276
56.400	5.632	-0.285
56.420	1.969	-0.289
56.440	-1.743	-0.293
56.460	-5.427	-0.288
56.480	-9.037	-0.282
56.500	-12.523	-0.269
56.520	-15.799	-0.258
56.540	-18.893	-0.232
56.560	-21.680	-0.218
56.580	-24.178	-0.188
56.600	-26.305	-0.163
56.620	-28.051	-0.138
56.640	-29.399	-0.103
56.660	-30.312	-0.069
56.680	-30.752	-0.039
56.700	-30.811	0.002
56.720	-30.419	0.034
56.740	-29.624	0.066
56.760	-28.335	0.104
56.780	-26.654	0.134
56.800	-24.592	0.167
56.820	-22.175	0.191
56.840	-19.414	0.217
56.860	-16.390	0.239
56.880	-13.156	0.255
56.900	-9.687	0.269
56.920	-6.077	0.278
56.940	-2.398	0.287
56.960	1.329	0.288
56.980	5.014	0.285
57.000	8.613	0.283
57.020	12.131	0.269
57.040	15.434	0.262
57.060	18.538	0.241
57.080	21.374	0.221
57.100	23.899	0.192
57.120	26.063	0.168
57.140	27.841	0.134
57.160	29.243	0.111
57.180	30.204	0.074
57.200	30.736	0.043
57.220	30.827	0.005
57.240	30.489	-0.026
57.260	29.694	-0.065
57.280	28.480	-0.096
57.300	26.837	-0.127
57.320	24.865	-0.157
57.340	22.475	-0.190
57.360	19.768	-0.210
57.380	16.787	-0.231
57.400	13.538	-0.246
57.420	10.133	-0.268
57.440	6.572	-0.270
57.460	2.908	-0.290
57.480	-0.803	-0.281
57.500	-4.488	-0.285
57.520	-8.129	-0.275
57.540	-11.653	-0.271
57.560	-14.972	-0.247
57.580	-18.125	-0.236
57.600	-20.988	-0.214
57.620	-23.555	-0.191
57.640	-25.784	-0.159
57.660	-27.642	-0.136
57.680	-29.093	-0.105
57.700	-30.113	-0.070
57.720	-30.688	-0.038
57.740	-30.838	-0.004
57.760	-30.575	0.034
57.780	-29.855	0.067
57.800	-28.695	0.101
57.820	-27.105	0.136
57.840	-25.129	0.164
57.860	-22.803	0.190
57.880	-20.144	0.216
57.900	-17.179	0.238
57.920	-13.989	0.259
57.940	-10.584	0.273
57.960	-7.007	0.284
57.980	-3.338	0.289
58.000	0.368	0.291
58.020	4.069	0.287
58.040	7.710	0.289
58.060	11.239	0.275
58.080	14.628	0.267
58.100	17.792	0.246
58.120	20.676	0.229
58.140	23.302	0.198
58.160	25.558	0.178
58.180	27.438	0.144
58.200	28.921	0.120
58.220	30.011	0.078
58.240	30.645	0.050
58.260	30.849	0.013
58.280	30.623	-0.020
58.300	29.941	-0.057
58.320	28.829	-0.089
58.340	27.288	-0.126
58.360	25.408	-0.149
58.380	23.109	-0.185
58.400	20.493	-0.208
58.420	17.582	-0.233
58.440	14.408	-0.247
58.460	11.024	-0.269
58.480	7.485	-0.272
58.500	3.854	-0.289
58.520	0.164	-0.280
58.540	-3.553	-0.289
58.560	-7.205	-0.279
58.580	-10.750	-0.277
58.600	-14.139	-0.258
58.620	-17.335	-0.241
58.640	-20.279	-0.222
58.660	-22.910	-0.201
58.680	-25.220	-0.175
58.700	-27.186	-0.149
58.720	-28.754	-0.113
58.740	-29.866	-0.089
58.760	-30.559	-0.049
58.780	-30.806	-0.025
58.800	-30.656	0.022
58.820	-30.065	0.048
58.840	-29.012	0.089
58.860	-27.524	0.118
58.880	-25.655	0.152
58.900	-23.421	0.177
58.920	-20.853	0.206
58.940	-17.948	0.225
58.960	-14.822	0.249
58.980	-11.448	0.259
59.000	-7.925	0.277
59.020	-4.257	0.279
59.040	-0.567	0.283
59.060	3.134	0.286
59.080	6.808	0.283
59.100	10.358	0.271
59.120	13.785	0.257
59.140	16.991	0.241
59.160	19.967	0.226
59.180	22.669	0.196
59.200	25.005	0.176
59.220	27.003	0.145
59.240	28.582	0.115
59.260	29.764	0.080
59.280	30.521	0.049
59.300	30.833	0.016
59.320	30.715	-0.021
59.340	30.151	-0.058
59.360	29.152	-0.087
59.380	27.734	-0.127
59.400	25.929	-0.150
59.420	23.732	-0.189
59.440	21.176	-0.207
59.460	18.340	-0.239
59.480	15.235	-0.256
59.500	11.884	-0.273
59.520	8.398	-0.278
59.540	4.788	-0.294
59.560	1.104	-0.294
59.580	-2.602	-0.296
59.600	-6.276	-0.290
59.620	-9.864	-0.288
59.640	-13.291	-0.272
59.660	-16.546	-0.259
59.680	-19.553	-0.235
59.700	-22.271	-0.216
59.720	-24.677	-0.189
59.740	-26.735	-0.164
59.760	-28.394	-0.130
59.780	-29.630	-0.102
59.800	-30.451	-0.061
59.820	-30.790	-0.039
59.840	-30.758	0.009
59.860	-30.253	0.031
59.880	-29.345	0.072
59.900	-27.959	0.100
59.920	-26.181	0.137
59.940	-24.038	0.160
59.960	-21.552	0.196
59.980	-18.705	0.212
60.000	-15.649	0.239
60.020	-12.345	0.249
60.040	-8.833	0.267
60.060	-5.207	0.272
60.080	-1.528	0.279
60.100	2.194	0.278
60.120	5.868	0.275
60.140	9.450	0.269
60.160	12.931	0.260
60.180	16.202	0.246
60.200	19.220	0.226
60.220	22.024	0.204
60.240	24.447	0.176
60.260	26.520	0.152
60.280	28.217	0.121
60.300	29.511	0.090
60.320	30.376	0.053
60.340	30.801	0.021
60.360	30.790	-0.017
60.380	30.339	-0.046
60.400	29.442	-0.084
60.420	28.136	-0.118
60.440	26.412	-0.148
60.460	24.339	-0.177
60.480	21.852	-0.204
60.500	19.086	-0.229
60.520	16.046	-0.252
60.540	12.754	-0.268
60.560	9.289	-0.281
60.580	5.707	-0.287
60.600	2.033	-0.298
60.620	-1.673	-0.295
60.640	-5.347	-0.290
60.660	-8.983	-0.286
60.680	-12.458	-0.275
60.700	-15.735	-0.263
60.720	-18.834	-0.243
60.740	-21.648	-0.222
60.760	-24.124	-0.196
60.780	-26.273	-0.168
60.800	-28.029	-0.139
60.820	-29.383	-0.105
60.840	-30.317	-0.073
60.860	-30.763	-0.044
60.880	-30.827	-0.003
60.900	-30.457	0.030
60.920	-29.651	0.063
60.940	-28.373	0.097
60.960	-26.713	0.132
60.980	-24.661	0.162
61.000	-22.234	0.187
61.020	-19.484	0.212
61.040	-16.470	0.234
61.060	-13.226	0.253
61.080	-9.778	0.267
61.100	-6.174	0.278
61.120	-2.495	0.282
61.140	1.222	0.286
61.160	4.928	0.282
61.180	8.532	0.280
61.200	12.050	0.266
61.220	15.380	0.254
61.240	18.479	0.233
61.260	21.321	0.218
61.280	23.856	0.189
61.300	26.020	0.165
61.320	27.825	0.131
61.340	29.221	0.105
61.360	30.199	0.065
61.380	30.736	0.039
61.400	30.833	-0.006
61.420	30.505	-0.028
61.440	29.710	-0.069
61.460	28.518	-0.098
61.480	26.885	-0.137
61.500	24.903	-0.163
61.520	22.513	-0.199
61.540	19.811	-0.213
61.560	16.841	-0.243
61.580	13.608	-0.257
61.600	10.181	-0.272
61.620	6.615	-0.278
61.640	2.957	-0.293
61.660	-0.733	-0.285
61.680	-4.434	-0.291
61.700	-8.097	-0.281
61.720	-11.604	-0.276
61.740	-14.945	-0.255
61.760	-18.087	-0.240
61.780	-20.971	-0.215
61.800	-23.550	-0.192
61.820	-25.779	-0.163
61.840	-27.648	-0.140
61.860	-29.114	-0.106
61.880	-30.140	-0.077
61.900	-30.720	-0.044
61.920	-30.870	-0.006
61.940	-30.613	0.034
61.960	-29.914	0.060
61.980	-28.765	0.099
62.000	-27.180	0.131
62.020	-25.198	0.163
62.040	-22.894	0.186
62.060	-20.230	0.221
62.080	-17.271	0.232
62.100	-14.080	0.259
62.120	-10.654	0.267
62.140	-7.098	0.286
62.160	-3.429	0.285
62.180	0.282	0.293
62.200	3.988	0.289
62.220	7.624	0.287
62.240	11.169	0.275
62.260	14.553	0.268
62.280	17.700	0.247
62.300	20.617	0.229
62.320	23.260	0.201
62.340	25.494	0.179
62.360	27.411	0.147
62.380	28.894	0.120
62.400	29.979	0.081
62.420	30.639	0.055
62.440	30.854	0.010
62.460	30.629	-0.015
62.480	29.957	-0.057
62.500	28.856	-0.082
62.520	27.352	-0.122
62.540	25.446	-0.146
62.560	23.168	-0.181
62.580	20.531	-0.200
62.600	17.620	-0.227
62.620	14.462	-0.239
62.640	11.067	-0.262
62.660	7.554	-0.268
62.680	3.913	-0.282
62.700	0.223	-0.282
62.720	-3.489	-0.285
62.740	-7.162	-0.279
62.760	-10.702	-0.270
62.780	-14.096	-0.257
62.800	-17.287	-0.240
62.820	-20.241	-0.218
62.840	-22.889	-0.201
62.860	-25.220	-0.169
62.880	-27.186	-0.146
62.900	-28.738	-0.110
62.920	-29.877	-0.081
62.940	-30.580	-0.041
62.960	-30.860	-0.015
62.980	-30.709	0.025
63.000	-30.113	0.054
63.020	-29.071	0.094
63.040	-27.589	0.121
63.060	-25.703	0.159
63.080	-23.501	0.183
63.100	-20.912	0.213
63.120	-18.017	0.231
63.140	-14.891	0.255
63.160	-11.529	0.262
63.180	-7.995	0.280
63.200	-4.359	0.285
63.220	-0.647	0.289
63.240	3.064	0.288
63.260	6.722	0.287
63.280	10.272	0.278
63.300	13.715	0.266
63.320	16.932	0.246
63.340	19.913	0.232
63.360	22.615	0.204
63.380	24.973	0.181
63.400	26.955	0.150
63.420	28.545	0.123
63.440	29.753	0.087
63.460	30.521	0.058
63.480	30.844	0.021
63.500	30.720	-0.015
63.520	30.151	-0.052
63.540	29.184	-0.082
63.560	27.771	-0.120
63.580	25.972	-0.144
63.600	23.791	-0.179
63.620	21.240	-0.202
63.640	18.388	-0.227
63.660	15.294	-0.245
63.680	11.948	-0.263
63.700	8.473	-0.275
63.720	4.858	-0.289
63.740	1.168	-0.288
63.760	-2.532	-0.289
63.780	-6.196	-0.284
63.800	-9.789	-0.281
63.820	-13.242	-0.267
63.840	-16.481	-0.250
63.860	-19.505	-0.227
63.880	-22.228	-0.210
63.900	-24.624	-0.183
63.920	-26.702	-0.156
63.940	-28.367	-0.124
63.960	-29.592	-0.096
63.980	-30.435	-0.055
64.000	-30.779	-0.032
64.020	-30.774	0.012
64.040	-30.285	0.034
64.060	-29.366	0.079
64.080	-28.002	0.106
64.100	-26.214	0.142
64.120	-24.076	0.166
64.140	-21.600	0.197
64.160	-18.780	0.217
64.180	-15.697	0.244
64.200	-12.421	0.256
64.220	-8.881	0.272
64.240	-5.282	0.277
64.260	-1.587	0.280
64.280	2.119	0.283
64.300	5.809	0.279
64.320	9.381	0.272
64.340	12.861	0.259
64.360	16.132	0.244
64.380	19.172	0.226
64.400	21.965	0.203
64.420	24.393	0.179
64.440	26.488	0.154
64.460	28.179	0.117
64.480	29.495	0.091
64.500	30.355	0.052
64.520	30.795	0.025
64.540	30.795	-0.018
64.560	30.355	-0.043
64.580	29.458	-0.086
64.600	28.158	-0.119
64.620	26.466	-0.147
64.640	24.382	-0.175
64.660	21.901	-0.206
64.680	19.151	-0.228
64.700	16.127	-0.255
64.720	12.818	-0.264
64.740	9.381	-0.280
64.760	5.803	-0.292
64.780	2.119	-0.297
64.800	-1.587	-0.301
64.820	-5.277	-0.294
64.840	-8.903	-0.290
64.860	-12.367	-0.277
64.880	-15.659	-0.263
64.900	-18.748	-0.241
64.920	-21.568	-0.222
64.940	-24.044	-0.196
64.960	-26.198	-0.168
64.980	-27.965	-0.143
65.000	-29.329	-0.107
65.020	-30.274	-0.075
65.040	-30.736	-0.045
65.060	-30.811	-0.009
65.080	-30.430	0.028
65.100	-29.635	0.059
65.120	-28.378	0.096
65.140	-26.708	0.127
65.160	-24.667	0.156
65.180	-22.260	0.184
65.200	-19.527	0.213
65.220	-16.497	0.232
65.240	-13.259	0.248
65.260	-9.816	0.262
65.280	-6.228	0.272
65.300	-2.538	0.277
65.320	1.168	0.281
65.340	4.869	0.277
65.360	8.468	0.278
65.380	11.986	0.260
65.400	15.316	0.254
65.420	18.420	0.231
65.440	21.278	0.213
65.460	23.807	0.186
65.480	25.988	0.164
65.500	27.782	0.128
65.520	29.195	0.102
65.540	30.188	0.063
65.560	30.731	0.034
65.580	30.838	-0.006
65.600	30.510	-0.033
65.620	29.732	-0.074
65.640	28.539	-0.103
65.660	26.917	-0.140
65.680	24.957	-0.165
65.700	22.556	-0.198
65.720	19.881	-0.218
65.740	16.911	-0.243
65.760	13.677	-0.259
65.780	10.256	-0.276
65.800	6.711	-0.285
65.820	3.059	-0.294
65.840	-0.658	-0.293
65.860	-4.359	-0.293
65.880	-7.995	-0.285
65.900	-11.513	-0.278
65.920	-14.859	-0.256
65.940	-18.017	-0.243
65.960	-20.891	-0.224
65.980	-23.480	-0.201
66.000	-25.725	-0.171
66.020	-27.589	-0.146
66.040	-29.071	-0.108
66.060	-30.092	-0.082
66.080	-30.709	-0.050
66.100	-30.870	-0.017
66.120	-30.602	0.024
66.140	-29.909	0.055
66.160	-28.770	0.095
66.180	-27.207	0.123
66.200	-25.252	0.160
66.220	-22.932	0.180
66.240	-20.279	0.213
66.260	-17.330	0.227
66.280	-14.139	0.257
66.300	-10.745	0.267
66.320	-7.178	0.280
66.340	-3.499	0.282
66.360	0.212	0.288
66.380	3.907	0.286
66.400	7.554	0.284
66.420	11.099	0.270
66.440	14.483	0.259
66.460	17.657	0.245
66.480	20.563	0.225
66.500	23.200	0.197
66.520	25.456	0.175
66.540	27.352	0.142
66.560	28.878	0.116
66.580	29.963	0.082
66.600	30.634	0.050
66.620	30.849	0.009
66.640	30.629	-0.019
66.660	29.963	-0.057
66.680	28.888	-0.088
66.700	27.352	-0.123
66.720	25.494	-0.154
66.740	23.206	-0.184
66.760	20.590	-0.206
66.780	17.679	-0.227
66.800	14.510	-0.248
66.820	11.153	-0.264
66.840	7.603	-0.270
66.860	3.977	-0.285
66.880	0.282	-0.282
66.900	-3.429	-0.287
66.920	-7.087	-0.276
66.940	-10.648	-0.274
66.960	-14.048	-0.252
66.980	-17.249	-0.242
67.000	-20.198	-0.218
67.020	-22.867	-0.201
67.040	-25.177	-0.167
67.060	-27.159	-0.145
67.080	-28.727	-0.111
67.100	-29.893	-0.082
67.120	-30.596	-0.042
67.140	-30.844	-0.015
67.160	-30.704	0.025
67.180	-30.151	0.056
67.200	-29.114	0.092
67.220	-27.653	0.125
67.240	-25.779	0.157
67.260	-23.566	0.181
67.280	-20.982	0.214
67.300	-18.087	0.233
67.320	-14.961	0.258
67.340	-11.631	0.267
67.360	-8.086	0.282
67.380	-4.455	0.288
67.400	-0.733	0.296
67.420	2.968	0.294
67.440	6.625	0.292
67.460	10.208	0.282
67.480	13.635	0.273
67.500	16.857	0.253
67.520	19.854	0.234
67.540	22.577	0.211
67.560	24.919	0.185
67.580	26.923	0.157
67.600	28.518	0.130
67.620	29.742	0.095
67.640	30.505	0.060
67.660	30.827	0.029
67.680	30.731	-0.011
67.700	30.199	-0.044
67.720	29.200	-0.082
67.740	27.793	-0.111
67.760	25.999	-0.139
67.780	23.840	-0.171
67.800	21.294	-0.198
67.820	18.458	-0.218
67.840	15.359	-0.239
67.860	12.023	-0.254
67.880	8.543	-0.271
67.900	4.923	-0.283
67.920	1.243	-0.281
67.940	-2.473	-0.286
67.960	-6.136	-0.279
67.980	-9.735	-0.276
68.000	-13.178	-0.260
68.020	-16.427	-0.245
68.040	-19.451	-0.223
68.060	-22.201	-0.208
68.080	-24.586	-0.176
68.100	-26.676	-0.152
68.120	-28.367	-0.122
68.140	-29.592	-0.093
68.160	-30.419	-0.050
68.180	-30.811	-0.027
68.200	-30.779	0.014
68.220	-30.296	0.043
68.240	-29.388	0.081
68.260	-28.024	0.111
68.280	-26.273	0.145
68.300	-24.130	0.174
68.320	-21.654	0.203
68.340	-18.834	0.221
68.360	-15.756	0.247
68.380	-12.474	0.259
68.400	-8.983	0.273
68.420	-5.358	0.283
68.440	-1.662	0.288
68.460	2.044	0.291
68.480	5.728	0.286
68.500	9.305	0.283
68.520	12.797	0.264
68.540	16.073	0.254
68.560	19.108	0.230
68.580	21.906	0.211
68.600	24.355	0.184
68.620	26.455	0.159
68.640	28.153	0.127
68.660	29.469	0.097
68.680	30.344	0.060
68.700	30.790	0.031
68.720	30.795	-0.010
68.740	30.371	-0.040
68.760	29.485	-0.079
68.780	28.196	-0.113
68.800	26.488	-0.140
68.820	24.441	-0.174
68.840	21.970	-0.200
68.860	19.215	-0.221
68.880	16.175	-0.245
68.900	12.893	-0.260
68.920	9.445	-0.276
68.940	5.863	-0.285
68.960	2.199	-0.293
68.980	-1.501	-0.295
69.000	-5.191	-0.291
69.020	-8.806	-0.282
69.040	-12.302	-0.272
69.060	-15.606	-0.258
69.080	-18.699	-0.242
69.100	-21.503	-0.218
69.120	-23.990	-0.195
69.140	-26.155	-0.165
69.160	-27.943	-0.138
69.180	-29.307	-0.109
69.200	-30.253	-0.073
69.220	-30.720	-0.040
69.240	-30.827	-0.007
69.260	-30.441	0.025
69.280	-29.656	0.061
69.300	-28.427	0.097
69.320	-26.745	0.127
69.340	-24.699	0.157
69.360	-22.314	0.184
69.380	-19.570	0.210
69.400	-16.578	0.233
69.420	-13.318	0.247
69.440	-9.875	0.262
69.460	-6.292	0.276
69.480	-2.602	0.280
69.500	1.098	0.279
69.520	4.794	0.277
69.540	8.408	0.276
69.560	11.932	0.262
69.580	15.251	0.252
69.600	18.361	0.229
69.620	21.229	0.212
69.640	23.770	0.184
69.660	25.950	0.162
69.680	27.766	0.126
69.700	29.178	0.101
69.720	30.161	0.061
69.740	30.720	0.034
69.760	30.833	-0.008
69.780	30.516	-0.036
69.800	29.753	-0.076
69.820	28.566	-0.107
69.840	26.960	-0.142
69.860	25.005	-0.168
69.880	22.610	-0.199
69.900	19.946	-0.222
69.920	16.986	-0.243
69.940	13.753	-0.260
69.960	10.342	-0.279
69.980	6.792	-0.286
70.000	3.129	-0.297
70.020	-0.561	-0.297
70.040	-4.262	-0.297
70.060	-7.904	-0.289
70.080	-11.422	-0.284
70.100	-14.762	-0.264
70.120	-17.931	-0.250
70.140	-20.821	-0.225
70.160	-23.394	-0.206
70.180	-25.650	-0.174
70.200	-27.519	-0.153
70.220	-29.017	-0.117
70.240	-30.070	-0.089
70.260	-30.650	-0.053
70.280	-30.838	-0.021
70.300	-30.580	0.021
70.320	-29.909	0.047
70.340	-28.776	0.090
70.360	-27.197	0.119
70.380	-25.252	0.152
70.400	-22.953	0.178
70.420	-20.305	0.209
70.440	-17.351	0.225
70.460	-14.188	0.250
70.480	-10.782	0.256
70.500	-7.232	0.271
70.520	-3.558	0.281
70.540	0.142	0.285
70.560	3.843	0.279
70.580	7.495	0.279
70.600	11.040	0.265
70.620	14.435	0.258
70.640	17.593	0.239
70.660	20.510	0.221
70.680	23.157	0.194
70.700	25.419	0.166
70.720	27.336	0.138
70.740	28.840	0.110
70.760	29.957	0.076
70.780	30.618	0.047
70.800	30.844	0.006
70.820	30.650	-0.025
70.840	29.984	-0.060
70.860	28.910	-0.097
70.880	27.417	-0.126
70.900	25.542	-0.157
70.920	23.249	-0.189
70.940	20.638	-0.210
70.960	17.743	-0.239
70.980	14.585	-0.249
71.000	11.212	-0.272
71.020	7.699	-0.277
71.040	4.058	-0.291
71.060	0.357	-0.285
71.080	-3.344	-0.294
71.100	-6.996	-0.283
71.120	-10.562	-0.281
71.140	-13.968	-0.260
71.160	-17.179	-0.252
71.180	-20.150	-0.224
71.200	-22.814	-0.208
71.220	-25.134	-0.176
71.240	-27.121	-0.155
71.260	-28.700	-0.115
71.280	-29.861	-0.091
71.300	-30.596	-0.053
71.320	-30.854	-0.024
71.340	-30.736	0.017
71.360	-30.167	0.048
71.380	-29.152	0.088
71.400	-27.691	0.116
71.420	-25.843	0.153
71.440	-23.614	0.175
71.460	-21.073	0.206
71.480	-18.162	0.225
71.500	-15.052	0.252
71.520	-11.706	0.262
71.540	-8.167	0.277
71.560	-4.531	0.283
71.580	-0.814	0.289
71.600	2.882	0.286
71.620	6.550	0.287
71.640	10.116	0.273
71.660	13.570	0.269
71.680	16.798	0.250
71.700	19.784	0.235
71.720	22.513	0.210
71.740	24.865	0.184
71.760	26.880	0.155
71.780	28.496	0.126
71.800	29.716	0.092
71.820	30.489	0.061
71.840	30.822	0.025
71.860	30.736	-0.011
71.880	30.204	-0.045
71.900	29.227	-0.077
71.920	27.820	-0.110
71.940	26.042	-0.143
71.960	23.861	-0.173
71.980	21.342	-0.199
72.000	18.517	-0.223
72.020	15.418	-0.240
72.040	12.072	-0.258
72.060	8.607	-0.268
72.080	4.998	-0.282
72.100	1.308	-0.285
72.120	-2.393	-0.284
72.140	-6.077	-0.276
72.160	-9.687	-0.275
72.180	-13.114	-0.257
72.200	-16.368	-0.243
72.220	-19.408	-0.224
72.240	-22.148	-0.207
72.260	-24.570	-0.177
72.280	-26.643	-0.152
72.300	-28.341	-0.118
72.320	-29.597	-0.093
72.340	-30.441	-0.052
72.360	-30.811	-0.026
72.380	-30.806	0.016
72.400	-30.333	0.046
72.420	-29.426	0.081
72.440	-28.067	0.115
72.460	-26.321	0.149
72.480	-24.205	0.176
72.500	-21.723	0.204
72.520	-18.914	0.227
72.540	-15.842	0.247
72.560	-12.560	0.261
72.580	-9.074	0.275
72.600	-5.449	0.287
72.620	-1.754	0.292
72.640	1.952	0.292
72.660	5.637	0.291
72.680	9.236	0.283
72.700	12.716	0.271
72.720	16.003	0.260
72.740	19.049	0.236
72.760	21.847	0.217
72.780	24.302	0.190
72.800	26.407	0.170
72.820	28.120	0.132
72.840	29.442	0.102
72.860	30.339	0.066
72.880	30.790	0.035
72.900	30.795	-0.005
72.920	30.376	-0.036
72.940	29.506	-0.070
72.960	28.228	-0.103
72.980	26.536	-0.134
73.000	24.484	-0.165
73.020	22.030	-0.195
73.040	19.269	-0.217
73.060	16.250	-0.239
73.080	12.963	-0.254
73.100	9.515	-0.270
73.120	5.927	-0.279
73.140	2.269	-0.284
73.160	-1.442	-0.289
73.180	-5.121	-0.282
73.200	-8.763	-0.279
73.220	-12.233	-0.270
73.240	-15.552	-0.251
73.260	-18.640	-0.232
73.280	-21.471	-0.214
73.300	-23.958	-0.189
73.320	-26.138	-0.160
73.340	-27.916	-0.132
73.360	-29.302	-0.102
73.380	-30.237	-0.063
73.400	-30.752	-0.036
73.420	-30.844	0.001
73.440	-30.468	0.034
73.460	-29.662	0.068
73.480	-28.437	0.103
73.500	-26.778	0.134
73.520	-24.753	0.167
73.540	-22.368	0.191
73.560	-19.634	0.216
73.580	-16.642	0.237
73.600	-13.409	0.254
73.620	-9.945	0.269
73.640	-6.373	0.278
73.660	-2.683	0.281
73.680	1.018	0.289
73.700	4.724	0.280
73.720	8.344	0.280
73.740	11.846	0.265
73.760	15.192	0.257
73.780	18.302	0.237
73.800	21.159	0.217
73.820	23.721	0.188
73.840	25.918	0.168
73.860	27.723	0.128
73.880	29.146	0.103
73.900	30.140	0.063
73.920	30.715	0.039
73.940	30.838	-0.001
73.960	30.532	-0.033
73.980	29.759	-0.071
74.000	28.604	-0.104
74.020	27.003	-0.135
74.040	25.048	-0.163
74.060	22.674	-0.195
74.080	19.994	-0.217
74.100	17.040	-0.243
74.120	13.823	-0.259
74.140	10.423	-0.280
74.160	6.872	-0.284
74.180	3.215	-0.296
74.200	-0.486	-0.297
74.220	-4.181	-0.296
74.240	-7.828	-0.287
74.260	-11.363	-0.281
74.280	-14.698	-0.264
74.300	-17.878	-0.252
74.320	-20.773	-0.225
74.340	-23.345	-0.207
74.360	-25.596	-0.175
74.380	-27.481	-0.152
74.400	-28.985	-0.115
74.420	-30.022	-0.087
74.440	-30.645	-0.053
74.460	-30.844	-0.021
74.480	-30.596	0.016
74.500	-29.920	0.045
74.520	-28.808	0.089
74.540	-27.223	0.116
74.560	-25.301	0.152
74.580	-22.996	0.175
74.600	-20.375	0.206
74.620	-17.427	0.224
74.640	-14.236	0.246
74.660	-10.842	0.256
74.680	-7.291	0.272
74.700	-3.639	0.275
74.720	0.073	0.281
74.740	3.773	0.278
74.760	7.420	0.276
74.780	10.970	0.262
74.800	14.354	0.259
74.820	17.529	0.236
74.840	20.456	0.218
74.860	23.104	0.188
74.880	25.381	0.170
74.900	27.299	0.135
74.920	28.819	0.110
74.940	29.936	0.072
74.960	30.607	0.042
74.980	30.844	0.001
75.000	30.650	-0.026
75.020	30.011	-0.063
75.040	28.937	-0.098
75.060	27.422	-0.129
75.080	25.580	-0.162
75.100	23.302	-0.189
75.120	20.703	-0.214
75.140	17.824	-0.239
75.160	14.655	-0.256
75.180	11.303	-0.274
75.200	7.775	-0.281
75.220	4.138	-0.300
75.240	0.454	-0.292
75.260	-3.252	-0.297
75.280	-6.910	-0.286
75.300	-10.482	-0.287
75.320	-13.882	-0.267
75.340	-17.088	-0.255
75.360	-20.042	-0.226
75.380	-22.722	-0.213
75.400	-25.053	-0.180
75.420	-27.035	-0.159
75.440	-28.652	-0.122
75.460	-29.802	-0.092
75.480	-30.548	-0.054
75.500	-30.833	-0.026
75.520	-30.709	0.014
75.540	-30.145	0.043
75.560	-29.125	0.084
75.580	-27.696	0.111
75.600	-25.838	0.151
75.620	-23.641	0.172
75.640	-21.090	0.203
75.660	-18.211	0.225
75.680	-15.090	0.246
75.700	-11.744	0.262
75.720	-8.226	0.271
75.740	-4.584	0.282
75.760	-0.889	0.284
75.780	2.817	0.283
75.800	6.486	0.283
75.820	10.068	0.274
75.840	13.511	0.261
75.860	16.744	0.247
75.880	19.725	0.228
75.900	22.465	0.206
75.920	24.828	0.175
75.940	26.847	0.151
75.960	28.464	0.121
75.980	29.683	0.089
76.000	30.478	0.053
76.020	30.827	0.021
76.040	30.747	-0.015
76.060	30.210	-0.048
76.080	29.248	-0.081
76.100	27.857	-0.119
76.120	26.079	-0.146
76.140	23.926	-0.175
76.160	21.385	-0.202
76.180	18.571	-0.224
76.200	15.482	-0.248
76.220	12.147	-0.266
76.240	8.672	-0.275
76.260	5.052	-0.289
76.280	1.388	-0.287
76.300	-2.334	-0.293
76.320	-6.008	-0.281
76.340	-9.617	-0.280
76.360	-13.071	-0.264
76.380	-16.331	-0.253
76.400	-19.365	-0.231
76.420	-22.110	-0.210
76.440	-24.538	-0.180
76.460	-26.616	-0.155
76.480	-28.319	-0.125
76.500	-29.597	-0.095
76.520	-30.457	-0.061
76.540	-30.806	-0.032
76.560	-30.790	0.012
76.580	-30.371	0.041
76.600	-29.463	0.078
76.620	-28.147	0.112
76.640	-26.385	0.146
76.660	-24.259	0.171
76.680	-21.799	0.203
76.700	-18.984	0.225
76.720	-15.917	0.246
76.740	-12.652	0.261
76.760	-9.150	0.275
76.780	-5.530	0.286
76.800	-1.845	0.290
76.820	1.861	0.292
76.840	5.562	0.287
76.860	9.150	0.286
76.880	12.646	0.274
76.900	15.933	0.258
76.920	18.984	0.242
76.940	21.799	0.218
76.960	24.259	0.193
76.980	26.369	0.169
77.000	28.094	0.134
77.020	29.431	0.105
77.040	30.323	0.068
77.060	30.790	0.038
77.080	30.801	0.001
77.100	30.387	-0.035
77.120	29.528	-0.065
77.140	28.255	-0.099
77.160	26.563	-0.132
77.180	24.516	-0.158
77.200	22.078	-0.193
77.220	19.323	-0.211
77.240	16.299	-0.235
77.260	13.022	-0.251
77.280	9.590	-0.264
77.300	5.991	-0.276
77.320	2.323	-0.280
77.340	-1.372	-0.284
77.360	-5.073	-0.281
77.380	-8.698	-0.276
77.400	-12.184	-0.264
77.420	-15.493	-0.242
77.440	-18.597	-0.232
77.460	-21.423	-0.209
77.480	-23.920	-0.185
77.500	-26.101	-0.160
77.520	-27.911	-0.130
77.540	-29.275	-0.096
77.560	-30.258	-0.064
77.580	-30.741	-0.035
77.600	-30.854	0.003
77.620	-30.516	0.038
77.640	-29.726	0.071
77.660	-28.475	0.107
77.680	-26.842	0.138
