0.000	-22.140	0.241
0.020	-19.395	0.243
0.040	-16.393	0.250
0.060	-13.165	0.241
0.080	-9.711	0.239
0.100	-6.145	0.224
0.120	-2.471	0.216
0.140	1.208	0.196
0.160	4.893	0.179
0.180	8.481	0.152
0.200	11.994	0.134
0.220	15.308	0.103
0.240	18.391	0.077
0.260	21.232	0.045
0.280	23.772	0.014
0.300	25.942	-0.009
0.320	27.742	-0.042
0.340	29.165	-0.072
0.360	30.159	-0.106
0.380	30.733	-0.128
0.400	30.878	-0.157
0.420	30.572	-0.177
0.440	29.831	-0.201
0.460	28.666	-0.219
0.480	27.103	-0.237
0.500	25.158	-0.245
0.520	22.822	-0.265
0.540	20.168	-0.261
0.560	17.241	-0.269
0.580	14.062	-0.264
0.600	10.672	-0.257
0.620	7.160	-0.251
0.640	3.523	-0.240
0.660	-0.150	-0.220
0.680	-3.840	-0.199
0.700	-7.466	-0.178
0.720	-10.995	-0.156
0.740	-14.357	-0.133
0.760	-17.515	-0.103
0.780	-20.448	-0.075
0.800	-23.047	-0.046
0.820	-25.319	-0.015
0.840	-27.258	0.013
0.860	-28.794	0.046
0.880	-29.896	0.078
0.900	-30.599	0.106
0.920	-30.819	0.127
0.940	-30.664	0.156
0.960	-30.057	0.171
0.980	-29.025	0.201
1.000	-27.538	0.212
1.020	-25.679	0.233
1.040	-23.472	0.237
1.060	-20.877	0.250
1.080	-18.020	0.249
1.100	-14.889	0.255
1.120	-11.564	0.241
1.140	-8.051	0.242
1.160	-4.404	0.220
1.180	-0.725	0.216
1.200	2.970	0.187
1.220	6.596	0.173
1.240	10.146	0.147
1.260	13.567	0.128
1.280	16.779	0.095
1.300	19.771	0.071
1.320	22.489	0.031
1.340	24.836	0.012
1.360	26.839	-0.026
1.380	28.467	-0.050
1.400	29.691	-0.083
1.420	30.492	-0.109
1.440	30.852	-0.137
1.460	30.782	-0.162
1.480	30.277	-0.186
1.500	29.321	-0.203
1.520	27.967	-0.222
1.540	26.222	-0.234
1.560	24.095	-0.249
1.580	21.586	-0.258
1.600	18.810	-0.260
1.620	15.748	-0.259
1.640	12.456	-0.257
1.660	9.007	-0.245
1.680	5.419	-0.242
1.700	1.762	-0.218
1.720	-1.944	-0.207
1.740	-5.597	-0.180
1.760	-9.217	-0.168
1.780	-12.654	-0.137
1.800	-15.915	-0.113
1.820	-18.987	-0.080
1.840	-21.753	-0.058
1.860	-24.202	-0.020
1.880	-26.345	0.003
1.900	-28.069	0.034
1.920	-29.417	0.064
1.940	-30.331	0.096
1.960	-30.771	0.117
1.980	-30.825	0.150
2.000	-30.470	0.171
2.020	-29.659	0.195
2.040	-28.392	0.211
2.060	-26.753	0.233
2.080	-24.707	0.241
2.100	-22.295	0.254
2.120	-19.583	0.257
2.140	-16.570	0.258
2.160	-13.358	0.256
2.180	-9.931	0.251
2.200	-6.343	0.240
2.220	-2.696	0.227
2.240	1.015	0.210
2.260	4.689	0.192
2.280	8.288	0.168
2.300	11.800	0.146
2.320	15.125	0.120
2.340	18.235	0.091
2.360	21.103	0.061
2.380	23.649	0.032
2.400	25.835	0.002
2.420	27.667	-0.030
2.440	29.095	-0.056
2.460	30.116	-0.086
2.480	30.717	-0.111
2.500	30.873	-0.140
2.520	30.594	-0.164
2.540	29.858	-0.186
2.560	28.741	-0.203
2.580	27.172	-0.221
2.600	25.250	-0.231
2.620	22.940	-0.246
2.640	20.308	-0.247
2.660	17.375	-0.256
2.680	14.201	-0.248
2.700	10.828	-0.248
2.720	7.305	-0.231
2.740	3.679	-0.227
2.760	0.005	-0.205
2.780	-3.674	-0.190
2.800	-7.326	-0.162
2.820	-10.860	-0.145
2.840	-14.217	-0.121
2.860	-17.397	-0.093
2.880	-20.324	-0.058
2.900	-22.951	-0.037
2.920	-25.250	-0.002
2.940	-27.188	0.023
2.960	-28.762	0.060
2.980	-29.885	0.087
3.000	-30.588	0.114
3.020	-30.846	0.140
3.040	-30.701	0.167
3.060	-30.126	0.183
3.080	-29.079	0.212
3.100	-27.661	0.222
3.120	-25.797	0.241
3.140	-23.590	0.244
3.160	-21.039	0.261
3.180	-18.165	0.256
3.200	-15.050	0.265
3.220	-11.714	0.250
3.240	-8.234	0.252
3.260	-4.619	0.229
3.280	-0.908	0.222
3.300	2.782	0.200
3.320	6.435	0.187
3.340	9.985	0.152
3.360	13.412	0.137
3.380	16.640	0.102
3.400	19.621	0.077
3.420	22.371	0.047
3.440	24.739	0.021
3.460	26.770	-0.016
3.480	28.392	-0.040
3.500	29.643	-0.074
3.520	30.449	-0.102
3.540	30.852	-0.132
3.560	30.787	-0.156
3.580	30.293	-0.176
3.600	29.385	-0.196
3.620	28.042	-0.219
3.640	26.302	-0.231
3.660	24.208	-0.244
3.680	21.721	-0.251
3.700	18.960	-0.256
3.720	15.915	-0.252
3.740	12.627	-0.252
3.760	9.190	-0.240
3.780	5.607	-0.239
3.800	1.950	-0.219
3.820	-1.735	-0.205
3.840	-5.403	-0.179
3.860	-9.013	-0.163
3.880	-12.456	-0.133
3.900	-15.732	-0.115
3.920	-18.783	-0.081
3.940	-21.586	-0.057
3.960	-24.052	-0.021
3.980	-26.189	0.002
4.000	-27.967	0.038
4.020	-29.321	0.064
4.040	-30.261	0.098
4.060	-30.739	0.116
4.080	-30.830	0.154
4.100	-30.454	0.171
4.120	-29.665	0.190
4.140	-28.440	0.208
4.160	-26.775	0.228
4.180	-24.766	0.235
4.200	-22.392	0.245
4.220	-19.674	0.250
4.240	-16.699	0.254
4.260	-13.487	0.251
4.280	-10.071	0.243
4.300	-6.510	0.232
4.320	-2.847	0.218
4.340	0.854	0.206
4.360	4.544	0.186
4.380	8.132	0.164
4.400	11.645	0.138
4.420	14.985	0.111
4.440	18.101	0.086
4.460	20.969	0.053
4.480	23.542	0.021
4.500	25.738	-0.004
4.520	27.597	-0.035
4.540	29.042	-0.066
4.560	30.083	-0.095
4.580	30.707	-0.119
4.600	30.873	-0.153
4.620	30.621	-0.173
4.640	29.912	-0.198
4.660	28.794	-0.214
4.680	27.242	-0.232
4.700	25.368	-0.241
4.720	23.069	-0.260
4.740	20.448	-0.255
4.760	17.547	-0.269
4.780	14.384	-0.261
4.800	11.011	-0.261
4.820	7.503	-0.244
4.840	3.883	-0.240
4.860	0.204	-0.221
4.880	-3.480	-0.202
4.900	-7.111	-0.179
4.920	-10.656	-0.161
4.940	-14.029	-0.133
4.960	-17.225	-0.107
4.980	-20.168	-0.073
5.000	-22.779	-0.050
5.020	-25.115	-0.013
5.040	-27.081	0.009
5.060	-28.671	0.043
5.080	-29.810	0.072
5.100	-30.535	0.100
5.120	-30.809	0.122
5.140	-30.690	0.156
5.160	-30.143	0.171
5.180	-29.138	0.200
5.200	-27.699	0.204
5.220	-25.873	0.229
5.240	-23.676	0.230
5.260	-21.146	0.250
5.280	-18.294	0.242
5.300	-15.195	0.249
5.320	-11.892	0.239
5.340	-8.384	0.237
5.360	-4.759	0.218
5.380	-1.074	0.212
5.400	2.610	0.183
5.420	6.268	0.175
5.440	9.813	0.142
5.460	13.256	0.129
5.480	16.495	0.091
5.500	19.486	0.069
5.520	22.247	0.034
5.540	24.616	0.009
5.560	26.673	-0.026
5.580	28.322	-0.051
5.600	29.595	-0.086
5.620	30.433	-0.109
5.640	30.841	-0.140
5.660	30.798	-0.162
5.680	30.341	-0.193
5.700	29.439	-0.205
5.720	28.112	-0.227
5.740	26.415	-0.237
5.760	24.326	-0.252
5.780	21.866	-0.262
5.800	19.100	-0.265
5.820	16.076	-0.268
5.840	12.794	-0.259
5.860	9.367	-0.256
5.880	5.790	-0.241
5.900	2.138	-0.230
5.920	-1.552	-0.215
5.940	-5.215	-0.194
5.960	-8.825	-0.172
5.980	-12.278	-0.144
6.000	-15.565	-0.124
6.020	-18.638	-0.086
6.040	-21.452	-0.065
6.060	-23.944	-0.029
6.080	-26.082	-0.004
6.100	-27.881	0.028
6.120	-29.267	0.054
6.140	-30.223	0.088
6.160	-30.723	0.114
6.180	-30.825	0.142
6.200	-30.481	0.167
6.220	-29.724	0.185
6.240	-28.521	0.204
6.260	-26.893	0.221
6.280	-24.890	0.236
6.300	-22.526	0.246
6.320	-19.846	0.250
6.340	-16.871	0.254
6.360	-13.669	0.251
6.380	-10.259	0.246
6.400	-6.687	0.236
6.420	-3.035	0.218
6.440	0.639	0.208
6.460	4.340	0.186
6.480	7.949	0.166
6.500	11.451	0.142
6.520	14.808	0.113
6.540	17.939	0.091
6.560	20.824	0.058
6.580	23.418	0.027
6.600	25.636	0.001
6.620	27.495	-0.032
6.640	28.972	-0.058
6.660	30.041	-0.091
6.680	30.674	-0.121
6.700	30.873	-0.149
6.720	30.642	-0.167
6.740	29.960	-0.192
6.760	28.864	-0.207
6.780	27.339	-0.227
6.800	25.464	-0.236
6.820	23.182	-0.255
6.840	20.577	-0.249
6.860	17.676	-0.264
6.880	14.518	-0.252
6.900	11.172	-0.256
6.920	7.654	-0.237
6.940	4.050	-0.238
6.960	0.365	-0.211
6.980	-3.314	-0.202
7.000	-6.977	-0.169
7.020	-10.538	-0.157
7.040	-13.911	-0.123
7.060	-17.112	-0.102
7.080	-20.061	-0.068
7.100	-22.714	-0.040
7.120	-25.062	-0.012
7.140	-27.033	0.015
7.160	-28.644	0.051
7.180	-29.826	0.079
7.200	-30.562	0.109
7.220	-30.830	0.134
7.240	-30.755	0.163
7.260	-30.212	0.179
7.280	-29.251	0.207
7.300	-27.828	0.216
7.320	-26.007	0.238
7.340	-23.848	0.246
7.360	-21.323	0.261
7.380	-18.477	0.257
7.400	-15.388	0.265
7.420	-12.096	0.251
7.440	-8.594	0.254
7.460	-4.984	0.230
7.480	-1.289	0.228
7.500	2.396	0.198
7.520	6.053	0.187
7.540	9.625	0.159
7.560	13.073	0.141
7.580	16.323	0.108
7.600	19.336	0.085
7.620	22.113	0.047
7.640	24.498	0.025
7.660	26.571	-0.011
7.680	28.252	-0.037
7.700	29.536	-0.069
7.720	30.390	-0.096
7.740	30.825	-0.124
7.760	30.798	-0.150
7.780	30.374	-0.172
7.800	29.482	-0.192
7.820	28.177	-0.208
7.840	26.496	-0.223
7.860	24.438	-0.236
7.880	21.989	-0.246
7.900	19.229	-0.253
7.920	16.215	-0.251
7.940	12.950	-0.246
7.960	9.518	-0.240
7.980	5.962	-0.230
8.000	2.315	-0.217
8.020	-1.380	-0.202
8.040	-5.060	-0.176
8.060	-8.674	-0.158
8.080	-12.144	-0.132
8.100	-15.437	-0.110
8.120	-18.530	-0.076
8.140	-21.345	-0.053
8.160	-23.858	-0.016
8.180	-26.039	0.006
8.200	-27.838	0.037
8.220	-29.229	0.067
8.240	-30.207	0.102
8.260	-30.728	0.124
8.280	-30.852	0.150
8.300	-30.529	0.171
8.320	-29.793	0.196
8.340	-28.590	0.212
8.360	-27.006	0.228
8.380	-25.008	0.241
8.400	-22.655	0.253
8.420	-19.975	0.262
8.440	-17.016	0.262
8.460	-13.841	0.260
8.480	-10.420	0.247
8.500	-6.864	0.244
8.520	-3.217	0.225
8.540	0.483	0.216
8.560	4.163	0.195
8.580	7.772	0.174
8.600	11.306	0.146
8.620	14.658	0.124
8.640	17.794	0.092
8.660	20.695	0.070
8.680	23.294	0.036
8.700	25.540	0.007
8.720	27.425	-0.031
8.740	28.913	-0.054
8.760	29.987	-0.086
8.780	30.658	-0.111
8.800	30.868	-0.143
8.820	30.653	-0.161
8.840	29.987	-0.183
8.860	28.923	-0.202
8.880	27.430	-0.227
8.900	25.572	-0.233
8.920	23.316	-0.248
8.940	20.711	-0.251
8.960	17.832	-0.259
8.980	14.706	-0.251
9.000	11.328	-0.252
9.020	7.842	-0.236
9.040	4.232	-0.233
9.060	0.575	-0.217
9.080	-3.104	-0.200
9.100	-6.773	-0.173
9.120	-10.345	-0.155
9.140	-13.718	-0.124
9.160	-16.919	-0.104
9.180	-19.878	-0.070
9.200	-22.553	-0.045
9.220	-24.895	-0.008
9.240	-26.915	0.013
9.260	-28.521	0.050
9.280	-29.718	0.072
9.300	-30.502	0.107
9.320	-30.819	0.128
9.340	-30.739	0.162
9.360	-30.207	0.175
9.380	-29.251	0.202
9.400	-27.871	0.215
9.420	-26.071	0.231
9.440	-23.923	0.237
9.460	-21.425	0.251
9.480	-18.589	0.246
9.500	-15.512	0.258
9.520	-12.219	0.244
9.540	-8.739	0.245
9.560	-5.129	0.226
9.580	-1.445	0.217
9.600	2.229	0.195
9.620	5.892	0.180
9.640	9.464	0.149
9.660	12.912	0.133
9.680	16.178	0.100
9.700	19.191	0.075
9.720	21.984	0.042
9.740	24.390	0.016
9.760	26.485	-0.018
9.780	28.182	-0.046
9.800	29.482	-0.078
9.820	30.363	-0.107
9.840	30.814	-0.136
9.860	30.825	-0.162
9.880	30.395	-0.185
9.900	29.541	-0.201
9.920	28.268	-0.227
9.940	26.582	-0.236
9.960	24.546	-0.250
9.980	22.118	-0.257
10.000	19.390	-0.265
10.020	16.376	-0.267
10.040	13.122	-0.261
10.060	9.706	-0.256
10.080	6.139	-0.248
10.100	2.498	-0.233
10.120	-1.176	-0.215
10.140	-4.855	-0.194
10.160	-8.470	-0.177
10.180	-11.961	-0.150
10.200	-15.259	-0.124
10.220	-18.342	-0.096
10.240	-21.200	-0.069
10.260	-23.703	-0.037
10.280	-25.905	-0.010
10.300	-27.720	0.021
10.320	-29.138	0.050
10.340	-30.137	0.084
10.360	-30.674	0.108
10.380	-30.825	0.139
10.400	-30.535	0.160
10.420	-29.804	0.179
10.440	-28.644	0.198
10.460	-27.060	0.216
10.480	-25.094	0.228
10.500	-22.768	0.240
10.520	-20.109	0.245
10.540	-17.155	0.245
10.560	-13.970	0.245
10.580	-10.592	0.239
10.600	-7.031	0.230
10.620	-3.395	0.216
10.640	0.312	0.206
10.660	3.991	0.180
10.680	7.611	0.163
10.700	11.129	0.136
10.720	14.497	0.114
10.740	17.639	0.082
10.760	20.544	0.056
10.780	23.182	0.023
10.800	25.427	-0.000
10.820	27.333	-0.035
10.840	28.848	-0.062
10.860	29.955	-0.099
10.880	30.626	-0.120
10.900	30.878	-0.153
10.920	30.674	-0.173
10.940	30.046	-0.197
10.960	28.988	-0.217
10.980	27.500	-0.232
11.000	25.663	-0.244
11.020	23.434	-0.256
11.040	20.851	-0.261
11.060	17.982	-0.273
11.080	14.862	-0.260
11.100	11.516	-0.263
11.120	8.024	-0.248
11.140	4.415	-0.244
11.160	0.747	-0.219
11.180	-2.949	-0.210
11.200	-6.580	-0.180
11.220	-10.157	-0.165
11.240	-13.557	-0.136
11.260	-16.763	-0.111
11.280	-19.750	-0.078
11.300	-22.435	-0.054
11.320	-24.804	-0.016
11.340	-26.829	0.003
11.360	-28.478	0.043
11.380	-29.681	0.064
11.400	-30.465	0.101
11.420	-30.803	0.120
11.440	-30.766	0.157
11.460	-30.261	0.169
11.480	-29.326	0.197
11.500	-27.951	0.203
11.520	-26.173	0.229
11.540	-24.036	0.234
11.560	-21.565	0.251
11.580	-18.761	0.249
11.600	-15.689	0.254
11.620	-12.413	0.246
11.640	-8.932	0.245
11.660	-5.339	0.227
11.680	-1.660	0.217
11.700	2.046	0.191
11.720	5.715	0.181
11.740	9.281	0.152
11.760	12.751	0.134
11.780	16.022	0.102
11.800	19.051	0.079
11.820	21.839	0.044
11.840	24.288	0.017
11.860	26.372	-0.016
11.880	28.096	-0.045
11.900	29.428	-0.073
11.920	30.325	-0.104
11.940	30.798	-0.131
11.960	30.825	-0.153
11.980	30.438	-0.179
12.000	29.589	-0.197
12.020	28.338	-0.219
12.040	26.662	-0.229
12.060	24.648	-0.244
12.080	22.247	-0.253
12.100	19.513	-0.261
12.120	16.521	-0.258
12.140	13.272	-0.261
12.160	9.867	-0.245
12.180	6.300	-0.242
12.200	2.659	-0.223
12.220	-1.031	-0.208
12.240	-4.710	-0.187
12.260	-8.341	-0.165
12.280	-11.822	-0.142
12.300	-15.141	-0.116
12.320	-18.256	-0.088
12.340	-21.103	-0.061
12.360	-23.633	-0.028
12.380	-25.840	-0.001
12.400	-27.677	0.030
12.420	-29.133	0.059
12.440	-30.164	0.092
12.460	-30.707	0.117
12.480	-30.862	0.142
12.500	-30.610	0.170
12.520	-29.906	0.189
12.540	-28.757	0.208
12.560	-27.183	0.225
12.580	-25.244	0.239
12.600	-22.929	0.252
12.620	-20.292	0.260
12.640	-17.349	0.260
12.660	-14.180	0.261
12.680	-10.780	0.249
12.700	-7.240	0.245
12.720	-3.593	0.229
12.740	0.091	0.222
12.760	3.781	0.196
12.780	7.407	0.179
12.800	10.930	0.150
12.820	14.319	0.128
12.840	17.494	0.097
12.860	20.399	0.073
12.880	23.053	0.038
12.900	25.319	0.013
12.920	27.242	-0.024
12.940	28.784	-0.046
12.960	29.912	-0.082
12.980	30.610	-0.108
13.000	30.873	-0.135
13.020	30.707	-0.156
13.040	30.094	-0.182
13.060	29.047	-0.202
13.080	27.586	-0.217
13.100	25.771	-0.229
13.120	23.552	-0.241
13.140	20.979	-0.244
13.160	18.117	-0.253
13.180	15.012	-0.250
13.200	11.693	-0.247
13.220	8.196	-0.232
13.240	4.592	-0.229
13.260	0.924	-0.204
13.280	-2.777	-0.197
13.300	-6.424	-0.168
13.320	-10.001	-0.153
13.340	-13.401	-0.118
13.360	-16.634	-0.099
13.380	-19.626	-0.063
13.400	-22.328	-0.043
13.420	-24.712	-0.007
13.440	-26.759	0.017
13.460	-28.413	0.051
13.480	-29.643	0.076
13.500	-30.454	0.111
13.520	-30.809	0.130
13.540	-30.782	0.166
13.560	-30.293	0.183
13.580	-29.401	0.207
13.600	-28.048	0.216
13.620	-26.281	0.239
13.640	-24.165	0.243
13.660	-21.688	0.262
13.680	-18.896	0.261
13.700	-15.845	0.263
13.720	-12.568	0.252
13.740	-9.093	0.251
13.760	-5.505	0.233
13.780	-1.832	0.225
13.800	1.864	0.204
13.820	5.532	0.189
13.840	9.115	0.162
13.860	12.595	0.142
13.880	15.872	0.116
13.900	18.912	0.084
13.920	21.715	0.057
13.940	24.181	0.029
13.960	26.292	-0.005
13.980	28.026	-0.037
14.000	29.375	-0.068
14.020	30.298	-0.099
14.040	30.787	-0.117
14.060	30.835	-0.152
14.080	30.465	-0.169
14.100	29.632	-0.195
14.120	28.408	-0.213
14.140	26.775	-0.225
14.160	24.777	-0.239
14.180	22.376	-0.248
14.200	19.653	-0.256
14.220	16.683	-0.252
14.240	13.455	-0.255
14.260	10.044	-0.243
14.280	6.499	-0.239
14.300	2.852	-0.221
14.320	-0.827	-0.210
14.340	-4.501	-0.186
14.360	-8.121	-0.169
14.380	-11.634	-0.140
14.400	-14.942	-0.119
14.420	-18.068	-0.086
14.440	-20.937	-0.059
14.460	-23.482	-0.031
14.480	-25.706	-0.002
14.500	-27.559	0.026
14.520	-29.042	0.059
14.540	-30.057	0.088
14.560	-30.653	0.115
14.580	-30.846	0.139
14.600	-30.567	0.166
14.620	-29.906	0.184
14.640	-28.789	0.207
14.660	-27.231	0.218
14.680	-25.303	0.237
14.700	-23.010	0.241
14.720	-20.383	0.255
14.740	-17.451	0.253
14.760	-14.303	0.256
14.780	-10.936	0.242
14.800	-7.391	0.237
14.820	-3.749	0.223
14.840	-0.059	0.213
14.860	3.620	0.186
14.880	7.246	0.171
14.900	10.796	0.139
14.920	14.169	0.125
14.940	17.349	0.091
14.960	20.281	0.068
14.980	22.935	0.030
15.000	25.223	0.005
15.020	27.172	-0.033
15.040	28.708	-0.054
15.060	29.847	-0.093
15.080	30.583	-0.114
15.100	30.862	-0.150
15.120	30.712	-0.165
15.140	30.121	-0.194
15.160	29.106	-0.207
15.180	27.683	-0.233
15.200	25.873	-0.241
15.220	23.665	-0.253
15.240	21.125	-0.264
15.260	18.278	-0.264
15.280	15.179	-0.265
15.300	11.838	-0.257
15.320	8.384	-0.252
15.340	4.780	-0.242
15.360	1.112	-0.225
15.380	-2.573	-0.207
15.400	-6.230	-0.189
15.420	-9.813	-0.164
15.440	-13.224	-0.141
15.460	-16.441	-0.113
15.480	-19.454	-0.078
15.500	-22.183	-0.057
15.520	-24.573	-0.021
15.540	-26.630	-0.003
15.560	-28.306	0.038
15.580	-29.562	0.059
15.600	-30.406	0.098
15.620	-30.776	0.116
15.640	-30.771	0.152
15.660	-30.314	0.164
15.680	-29.417	0.193
15.700	-28.096	0.204
15.720	-26.361	0.225
15.740	-24.250	0.231
15.760	-21.812	0.244
15.780	-19.024	0.245
15.800	-15.984	0.249
15.820	-12.724	0.243
15.840	-9.271	0.239
15.860	-5.661	0.226
15.880	-1.993	0.209
15.900	1.692	0.198
15.920	5.360	0.171
15.940	8.943	0.154
15.960	12.413	0.128
15.980	15.710	0.101
16.000	18.767	0.074
16.020	21.586	0.046
16.040	24.062	0.011
16.060	26.200	-0.012
16.080	27.962	-0.049
16.100	29.310	-0.077
16.120	30.266	-0.103
16.140	30.771	-0.138
16.160	30.852	-0.148
16.180	30.492	-0.195
16.200	29.697	-0.188
16.220	28.483	-0.241
16.240	26.845	-0.219
16.260	24.879	-0.268
16.280	22.500	-0.242
16.300	19.803	-0.281
16.320	16.844	-0.252
16.340	13.616	-0.274
16.360	10.216	-0.251
16.380	6.687	-0.251
16.400	3.051	-0.235
16.420	-0.639	-0.215
16.440	-4.324	-0.203
16.460	-7.944	-0.171
16.480	-11.457	-0.159
16.500	-14.787	-0.121
16.520	-17.918	-0.104
16.540	-20.797	-0.065
16.560	-23.359	-0.045
16.580	-25.620	-0.010
16.600	-27.500	0.017
16.620	-28.977	0.052
16.640	-30.035	0.080
16.660	-30.647	0.106
16.680	-30.841	0.131
16.700	-30.621	0.161
16.720	-29.965	0.178
16.740	-28.880	0.200
16.760	-27.333	0.216
16.780	-25.421	0.233
16.800	-23.155	0.245
16.820	-20.544	0.253
16.840	-17.633	0.252
16.860	-14.475	0.251
16.880	-11.124	0.246
16.900	-7.595	0.241
16.920	-3.948	0.226
16.940	-0.252	0.211
16.960	3.432	0.187
16.980	7.058	0.171
17.000	10.603	0.149
17.020	14.002	0.121
17.040	17.187	0.097
17.060	20.120	0.066
17.080	22.811	0.034
17.100	25.104	0.006
17.120	27.081	-0.020
17.140	28.639	-0.055
17.160	29.831	-0.078
17.180	30.556	-0.118
17.200	30.862	-0.132
17.220	30.739	-0.171
17.240	30.164	-0.178
17.260	29.165	-0.215
17.280	27.747	-0.214
17.300	25.953	-0.244
17.320	23.778	-0.248
17.340	21.243	-0.256
17.360	18.412	-0.261
17.380	15.324	-0.252
17.400	12.004	-0.261
17.420	8.529	-0.234
17.440	4.941	-0.244
17.460	1.278	-0.210
17.480	-2.428	-0.211
17.500	-6.075	-0.169
17.520	-9.673	-0.164
17.540	-13.095	-0.128
17.560	-16.328	-0.111
17.580	-19.363	-0.075
17.600	-22.086	-0.050
17.620	-24.508	-0.017
17.640	-26.598	0.008
17.660	-28.284	0.040
17.680	-29.568	0.070
17.700	-30.422	0.104
17.720	-30.798	0.129
17.740	-30.814	0.155
17.760	-30.400	0.178
17.780	-29.530	0.198
17.800	-28.214	0.217
17.820	-26.490	0.233
17.840	-24.401	0.244
17.860	-21.984	0.257
17.880	-19.196	0.258
17.900	-16.172	0.262
17.920	-12.917	0.258
17.940	-9.458	0.252
17.960	-5.876	0.241
17.980	-2.213	0.226
18.000	1.504	0.208
18.020	5.178	0.191
18.040	8.755	0.163
18.060	12.251	0.146
18.080	15.539	0.121
18.100	18.616	0.087
18.120	21.441	0.059
18.140	23.950	0.028
18.160	26.098	0.003
18.180	27.860	-0.030
18.200	29.251	-0.057
18.220	30.223	-0.093
18.240	30.755	-0.115
18.260	30.852	-0.149
18.280	30.524	-0.161
18.300	29.740	-0.190
18.320	28.553	-0.202
18.340	26.936	-0.223
18.360	24.981	-0.231
18.380	22.623	-0.246
18.400	19.927	-0.250
18.420	16.994	-0.249
18.440	13.766	-0.248
18.460	10.382	-0.242
18.480	6.854	-0.234
18.500	3.217	-0.222
18.520	-0.483	-0.205
18.540	-4.157	-0.186
18.560	-7.788	-0.161
18.580	-11.290	-0.142
18.600	-14.636	-0.115
18.620	-17.784	-0.087
18.640	-20.673	-0.057
18.660	-23.257	-0.031
18.680	-25.523	0.005
18.700	-27.425	0.028
18.720	-28.923	0.066
18.740	-29.998	0.089
18.760	-30.631	0.119
18.780	-30.841	0.140
18.800	-30.647	0.170
18.820	-30.008	0.188
18.840	-28.918	0.213
18.860	-27.414	0.222
18.880	-25.513	0.237
18.900	-23.268	0.248
18.920	-20.689	0.258
18.940	-17.773	0.258
18.960	-14.631	0.262
18.980	-11.285	0.248
19.000	-7.756	0.245
19.020	-4.120	0.229
19.040	-0.435	0.220
19.060	3.266	0.198
19.080	6.902	0.182
19.100	10.436	0.152
19.120	13.841	0.130
19.140	17.042	0.100
19.160	19.997	0.073
19.180	22.693	0.042
19.200	25.013	0.014
19.220	26.990	-0.019
19.240	28.574	-0.044
19.260	29.772	-0.080
19.280	30.535	-0.107
19.300	30.862	-0.132
19.320	30.750	-0.160
19.340	30.212	-0.178
19.360	29.229	-0.201
19.380	27.822	-0.221
19.400	26.061	-0.231
19.420	23.907	-0.242
19.440	21.388	-0.251
19.460	18.573	-0.253
19.480	15.501	-0.256
19.500	12.187	-0.253
19.520	8.728	-0.240
19.540	5.129	-0.238
19.560	1.477	-0.215
19.580	-2.208	-0.206
19.600	-5.876	-0.178
19.620	-9.453	-0.164
19.640	-12.907	-0.129
19.660	-16.146	-0.111
19.680	-19.180	-0.075
19.700	-21.925	-0.054
19.720	-24.358	-0.020
19.740	-26.474	0.010
19.760	-28.171	0.038
19.780	-29.471	0.070
19.800	-30.363	0.103
19.820	-30.766	0.117
19.840	-30.792	0.153
19.860	-30.368	0.169
19.880	-29.530	0.196
19.900	-28.252	0.208
19.920	-26.544	0.230
19.940	-24.476	0.236
19.960	-22.054	0.247
19.980	-19.320	0.248
20.000	-16.301	0.254
20.020	-13.057	0.245
20.040	-9.604	0.242
20.060	-6.021	0.231
20.080	-2.379	0.216
20.100	1.321	0.200
20.120	5.006	0.180
20.140	8.599	0.158
20.160	12.090	0.134
20.180	15.388	0.109
20.200	18.487	0.077
20.220	21.318	0.051
20.240	23.837	0.017
20.260	26.001	-0.008
20.280	27.795	-0.042
20.300	29.197	-0.069
20.320	30.191	-0.104
20.340	30.733	-0.122
20.360	30.868	-0.160
20.380	30.551	-0.174
20.400	29.788	-0.205
20.420	28.617	-0.217
20.440	27.038	-0.240
20.460	25.099	-0.242
20.480	22.747	-0.258
20.500	20.083	-0.260
20.520	17.150	-0.267
20.540	13.938	-0.260
20.560	10.549	-0.256
20.580	7.025	-0.249
20.600	3.416	-0.236
20.620	-0.274	-0.224
20.640	-3.958	-0.198
20.660	-7.584	-0.182
20.680	-11.118	-0.156
20.700	-14.459	-0.132
20.720	-17.623	-0.103
20.740	-20.534	-0.070
20.760	-23.112	-0.045
20.780	-25.384	-0.012
20.800	-27.301	0.012
20.820	-28.832	0.048
20.840	-29.933	0.074
20.860	-30.588	0.106
20.880	-30.846	0.126
20.900	-30.637	0.154
20.920	-30.035	0.174
20.940	-28.966	0.199
20.960	-27.473	0.205
20.980	-25.593	0.229
21.000	-23.375	0.233
21.020	-20.781	0.247
21.040	-17.913	0.245
21.060	-14.776	0.247
21.080	-11.446	0.241
21.100	-7.922	0.239
21.120	-4.286	0.217
21.140	-0.607	0.208
21.160	3.083	0.187
21.180	6.708	0.171
21.200	10.275	0.139
21.220	13.686	0.125
21.240	16.892	0.088
21.260	19.857	0.068
21.280	22.564	0.029
21.300	24.906	0.007
21.320	26.904	-0.032
21.340	28.504	-0.053
21.360	29.729	-0.090
21.380	30.502	-0.111
21.400	30.852	-0.149
21.420	30.760	-0.162
21.440	30.229	-0.194
21.460	29.283	-0.204
21.480	27.919	-0.233
21.500	26.152	-0.237
21.520	24.025	-0.255
21.540	21.517	-0.262
21.560	18.713	-0.270
21.580	15.662	-0.273
21.600	12.348	-0.266
21.620	8.900	-0.265
21.640	5.323	-0.248
21.660	1.660	-0.236
21.680	-2.036	-0.219
21.700	-5.693	-0.196
21.720	-9.292	-0.174
21.740	-12.729	-0.149
21.760	-16.000	-0.127
21.780	-19.046	-0.091
21.800	-21.817	-0.070
21.820	-24.256	-0.031
21.840	-26.367	-0.007
21.860	-28.102	0.027
21.880	-29.407	0.052
21.900	-30.341	0.089
21.920	-30.760	0.108
21.940	-30.809	0.140
21.960	-30.427	0.167
21.980	-29.595	0.186
22.000	-28.354	0.208
22.020	-26.662	0.225
22.040	-24.610	0.239
22.060	-22.204	0.251
22.080	-19.486	0.255
22.100	-16.473	0.256
22.120	-13.245	0.258
22.140	-9.792	0.249
22.160	-6.230	0.242
22.180	-2.562	0.225
22.200	1.117	0.212
22.220	4.812	0.188
22.240	8.400	0.170
22.260	11.902	0.149
22.280	15.227	0.121
22.300	18.326	0.096
22.320	21.184	0.061
22.340	23.724	0.033
22.360	25.905	-0.002
22.380	27.720	-0.026
22.400	29.133	-0.059
22.420	30.153	-0.085
22.440	30.728	-0.123
22.460	30.862	-0.138
22.480	30.578	-0.169
22.500	29.836	-0.186
22.520	28.682	-0.227
22.540	27.113	-0.236
22.560	25.196	-0.249
22.580	22.870	-0.269
22.600	20.211	-0.259
22.620	17.290	-0.277
22.640	14.104	-0.252
22.660	10.721	-0.269
22.680	7.203	-0.236
22.700	3.556	-0.248
22.720	-0.124	-0.210
22.740	-3.803	-0.211
22.760	-7.444	-0.170
22.780	-10.973	-0.162
22.800	-14.330	-0.126
22.820	-17.499	-0.108
22.840	-20.442	-0.072
22.860	-23.037	-0.043
22.880	-25.346	-0.016
22.900	-27.285	0.014
22.920	-28.794	0.042
22.940	-29.944	0.080
22.960	-30.610	0.100
22.980	-30.857	0.132
23.000	-30.696	0.156
23.020	-30.110	0.192
23.040	-29.084	0.212
23.060	-27.591	0.229
23.080	-25.760	0.241
23.100	-23.536	0.254
23.120	-20.969	0.261
23.140	-18.090	0.266
23.160	-14.953	0.266
23.180	-11.628	0.258
23.200	-8.121	0.252
23.220	-4.501	0.241
23.240	-0.811	0.227
23.260	2.874	0.204
23.280	6.526	0.191
23.300	10.082	0.161
23.320	13.508	0.143
23.340	16.731	0.111
23.360	19.712	0.085
23.380	22.435	0.048
23.400	24.788	0.027
23.420	26.818	-0.012
23.440	28.429	-0.032
23.460	29.681	-0.070
23.480	30.481	-0.091
23.500	30.846	-0.122
23.520	30.771	-0.148
23.540	30.282	-0.170
23.560	29.332	-0.189
23.580	27.989	-0.212
23.600	26.243	-0.223
23.620	24.132	-0.236
23.640	21.651	-0.243
23.660	18.858	-0.253
23.680	15.812	-0.259
23.700	12.515	-0.249
23.720	9.066	-0.250
23.740	5.484	-0.230
23.760	1.826	-0.229
23.780	-1.864	-0.197
23.800	-5.516	-0.188
23.820	-9.125	-0.157
23.840	-12.568	-0.140
23.860	-15.850	-0.109
23.880	-18.901	-0.082
23.900	-21.688	-0.057
23.920	-24.154	-0.022
23.940	-26.281	0.005
23.960	-28.037	0.036
23.980	-29.391	0.062
24.000	-30.314	0.099
24.020	-30.760	0.117
24.040	-30.835	0.149
24.060	-30.459	0.168
24.080	-29.665	0.201
24.100	-28.392	0.218
24.120	-26.753	0.236
24.140	-24.707	0.247
24.160	-22.333	0.258
24.180	-19.610	0.265
24.200	-16.607	0.263
24.220	-13.406	0.262
24.240	-9.958	0.252
24.260	-6.402	0.244
24.280	-2.734	0.228
24.300	0.967	0.219
24.320	4.630	0.196
24.340	8.234	0.177
24.360	11.763	0.146
24.380	15.071	0.125
24.400	18.176	0.096
24.420	21.049	0.066
24.440	23.606	0.036
24.460	25.803	0.008
24.480	27.629	-0.022
24.500	29.079	-0.059
24.520	30.100	-0.080
24.540	30.701	-0.119
24.560	30.873	-0.128
24.580	30.599	-0.172
24.600	29.890	-0.176
24.620	28.757	-0.214
24.640	27.199	-0.213
24.660	25.303	-0.237
24.680	23.004	-0.241
24.700	20.356	-0.252
24.720	17.440	-0.253
24.740	14.276	-0.248
24.760	10.914	-0.252
24.780	7.385	-0.233
24.800	3.776	-0.232
24.820	0.075	-0.201
24.840	-3.609	-0.200
24.860	-7.224	-0.161
24.880	-10.769	-0.158
24.900	-14.137	-0.116
24.920	-17.311	-0.101
24.940	-20.249	-0.062
24.960	-22.875	-0.045
24.980	-25.174	-0.007
25.000	-27.151	0.020
25.020	-28.703	0.053
25.040	-29.836	0.085
25.060	-30.545	0.108
25.080	-30.825	0.134
25.100	-30.690	0.162
25.120	-30.116	0.183
25.140	-29.090	0.198
25.160	-27.634	0.217
25.180	-25.792	0.230
25.200	-23.611	0.242
25.220	-21.065	0.247
25.240	-18.197	0.253
25.260	-15.098	0.248
25.280	-11.773	0.245
25.300	-8.271	0.240
25.320	-4.651	0.229
25.340	-0.972	0.208
25.360	2.734	0.198
25.380	6.370	0.172
25.400	9.915	0.147
25.420	13.353	0.129
25.440	16.581	0.100
25.460	19.583	0.073
25.480	22.312	0.042
25.500	24.686	0.013
25.520	26.716	-0.020
25.540	28.365	-0.045
25.560	29.632	-0.084
25.580	30.443	-0.106
25.600	30.830	-0.141
25.620	30.787	-0.157
25.640	30.320	-0.185
25.660	29.396	-0.197
25.680	28.064	-0.230
25.700	26.351	-0.231
25.720	24.256	-0.256
25.740	21.780	-0.252
25.760	18.998	-0.265
25.780	15.968	-0.257
25.800	12.692	-0.263
25.820	9.249	-0.248
25.840	5.677	-0.241
25.860	2.030	-0.227
25.880	-1.654	-0.213
25.900	-5.317	-0.189
25.920	-8.943	-0.170
25.940	-12.396	-0.149
25.960	-15.667	-0.116
25.980	-18.745	-0.089
26.000	-21.538	-0.062
26.020	-24.003	-0.032
26.040	-26.157	-0.002
26.060	-27.930	0.030
26.080	-29.305	0.057
26.100	-30.239	0.090
26.120	-30.717	0.110
26.140	-30.809	0.146
26.160	-30.449	0.159
26.180	-29.675	0.187
26.200	-28.478	0.200
26.220	-26.802	0.224
26.240	-24.809	0.229
26.260	-22.435	0.245
26.280	-19.744	0.242
26.300	-16.752	0.254
26.320	-13.546	0.245
26.340	-10.125	0.245
26.360	-6.553	0.229
26.380	-2.917	0.222
26.400	0.784	0.201
26.420	4.469	0.182
26.440	8.073	0.160
26.460	11.580	0.135
26.480	14.910	0.113
26.500	18.042	0.083
26.520	20.910	0.059
26.540	23.488	0.020
26.560	25.701	-0.000
26.580	27.548	-0.038
26.600	29.020	-0.060
26.620	30.073	-0.099
26.640	30.690	-0.120
26.660	30.878	-0.152
26.680	30.615	-0.169
26.700	29.912	-0.194
26.720	28.811	-0.215
26.740	27.301	-0.227
26.760	25.400	-0.244
26.780	23.117	-0.249
26.800	20.496	-0.263
26.820	17.590	-0.257
26.840	14.432	-0.263
26.860	11.064	-0.252
26.880	7.562	-0.247
26.900	3.948	-0.231
26.920	0.263	-0.218
26.940	-3.421	-0.198
26.960	-7.058	-0.177
26.980	-10.608	-0.155
27.000	-13.970	-0.128
27.020	-17.161	-0.104
27.040	-20.136	-0.068
27.060	-22.757	-0.049
27.080	-25.072	-0.007
27.100	-27.070	0.011
27.120	-28.671	0.048
27.140	-29.820	0.071
27.160	-30.556	0.108
27.180	-30.835	0.127
27.200	-30.712	0.159
27.220	-30.164	0.176
27.240	-29.192	0.201
27.260	-27.752	0.209
27.280	-25.932	0.237
27.300	-23.751	0.240
27.320	-21.210	0.254
27.340	-18.375	0.252
27.360	-15.275	0.255
27.380	-11.972	0.249
27.400	-8.465	0.248
27.420	-4.850	0.228
27.440	-1.176	0.217
27.460	2.519	0.200
27.480	6.187	0.181
27.500	9.738	0.156
27.520	13.181	0.136
27.540	16.425	0.104
27.560	19.417	0.079
27.580	22.177	0.046
27.600	24.562	0.016
27.620	26.635	-0.012
27.640	28.290	-0.042
27.660	29.573	-0.070
27.680	30.411	-0.101
27.700	30.825	-0.130
27.720	30.798	-0.153
27.740	30.347	-0.181
27.760	29.455	-0.196
27.780	28.134	-0.215
27.800	26.431	-0.227
27.820	24.358	-0.242
27.840	21.903	-0.248
27.860	19.132	-0.253
27.880	16.113	-0.252
27.900	12.842	-0.252
27.920	9.405	-0.239
27.940	5.844	-0.233
27.960	2.175	-0.214
27.980	-1.515	-0.207
28.000	-5.183	-0.182
28.020	-8.803	-0.162
28.040	-12.273	-0.135
28.060	-15.539	-0.107
28.080	-18.643	-0.078
28.100	-21.452	-0.053
28.120	-23.950	-0.020
28.140	-26.109	0.003
28.160	-27.897	0.038
28.180	-29.289	0.068
28.200	-30.266	0.098
28.220	-30.739	0.124
28.240	-30.852	0.154
28.260	-30.540	0.175
28.280	-29.767	0.197
28.300	-28.569	0.216
28.320	-26.947	0.231
28.340	-24.943	0.245
28.360	-22.607	0.258
28.380	-19.905	0.261
28.400	-16.951	0.266
28.420	-13.750	0.260
28.440	-10.334	0.255
28.460	-6.784	0.243
28.480	-3.110	0.233
28.500	0.575	0.216
28.520	4.270	0.197
28.540	7.874	0.174
28.560	11.397	0.153
28.580	14.754	0.126
28.600	17.880	0.100
28.620	20.770	0.069
28.640	23.370	0.037
28.660	25.583	0.013
28.680	27.489	-0.023
28.700	28.939	-0.048
28.720	30.024	-0.080
28.740	30.664	-0.105
28.760	30.873	-0.139
28.780	30.653	-0.156
28.800	29.971	-0.182
28.820	28.886	-0.196
28.840	27.371	-0.222
28.860	25.507	-0.223
28.880	23.219	-0.247
28.900	20.630	-0.240
28.920	17.735	-0.254
28.940	14.593	-0.240
28.960	11.242	-0.244
28.980	7.734	-0.229
29.000	4.104	-0.228
29.020	0.446	-0.201
29.040	-3.250	-0.189
29.060	-6.891	-0.164
29.080	-10.447	-0.144
29.100	-13.820	-0.118
29.120	-17.032	-0.095
29.140	-19.986	-0.062
29.160	-22.650	-0.037
29.180	-24.981	-0.004
29.200	-26.984	0.025
29.220	-28.590	0.058
29.240	-29.767	0.083
29.260	-30.529	0.114
29.280	-30.835	0.137
29.300	-30.750	0.170
29.320	-30.207	0.183
29.340	-29.235	0.212
29.360	-27.812	0.221
29.380	-26.039	0.237
29.400	-23.853	0.242
29.420	-21.318	0.262
29.440	-18.503	0.256
29.460	-15.420	0.266
29.480	-12.149	0.253
29.500	-8.637	0.252
29.520	-5.027	0.232
29.540	-1.348	0.226
29.560	2.342	0.204
29.580	6.010	0.192
29.600	9.566	0.159
29.620	13.030	0.140
29.640	16.280	0.108
29.660	19.288	0.083
29.680	22.048	0.055
29.700	24.471	0.026
29.720	26.544	-0.011
29.740	28.214	-0.034
29.760	29.525	-0.072
29.780	30.379	-0.098
29.800	30.809	-0.125
29.820	30.803	-0.149
29.840	30.384	-0.176
29.860	29.509	-0.193
29.880	28.220	-0.213
29.900	26.528	-0.225
29.920	24.476	-0.243
29.940	22.048	-0.243
29.960	19.288	-0.257
29.980	16.296	-0.249
30.000	13.025	-0.253
30.020	9.598	-0.241
30.040	6.026	-0.240
30.060	2.390	-0.219
30.080	-1.300	-0.203
30.100	-4.963	-0.182
30.120	-8.583	-0.164
30.140	-12.063	-0.139
30.160	-15.345	-0.117
30.180	-18.455	-0.082
30.200	-21.275	-0.059
30.220	-23.794	-0.023
30.240	-25.980	0.003
30.260	-27.779	0.034
30.280	-29.192	0.061
30.300	-30.175	0.094
30.320	-30.696	0.117
30.340	-30.835	0.150
30.360	-30.524	0.166
30.380	-29.793	0.188
30.400	-28.590	0.206
30.420	-26.995	0.223
30.440	-25.024	0.236
30.460	-22.682	0.245
30.480	-20.007	0.248
30.500	-17.048	0.254
30.520	-13.884	0.251
30.540	-10.479	0.243
30.560	-6.923	0.237
30.580	-3.271	0.224
30.600	0.424	0.206
30.620	4.098	0.185
30.640	7.718	0.164
30.660	11.242	0.142
30.680	14.593	0.118
30.700	17.746	0.088
30.720	20.636	0.060
30.740	23.251	0.028
30.760	25.497	0.001
30.780	27.387	-0.032
30.800	28.886	-0.061
30.820	29.981	-0.092
30.840	30.642	-0.121
30.860	30.862	-0.148
30.880	30.658	-0.173
30.900	30.019	-0.189
30.920	28.945	-0.219
30.940	27.436	-0.229
30.960	25.599	-0.242
30.980	23.359	-0.255
31.000	20.770	-0.259
31.020	17.880	-0.264
31.040	14.760	-0.261
31.060	11.397	-0.257
31.080	7.928	-0.244
31.100	4.308	-0.241
31.120	0.628	-0.219
31.140	-3.056	-0.207
31.160	-6.714	-0.179
31.180	-10.259	-0.163
31.200	-13.653	-0.133
31.220	-16.849	-0.112
31.240	-19.830	-0.080
31.260	-22.500	-0.052
31.280	-24.863	-0.020
31.300	-26.888	0.007
31.320	-28.494	0.038
31.340	-29.697	0.070
31.360	-30.470	0.098
31.380	-30.776	0.122
31.400	-30.733	0.152
31.420	-30.218	0.171
31.440	-29.262	0.194
31.460	-27.876	0.207
31.480	-26.087	0.225
31.500	-23.960	0.235
31.520	-21.468	0.250
31.540	-18.643	0.244
31.560	-15.565	0.252
31.580	-12.278	0.242
31.600	-8.798	0.242
31.620	-5.199	0.225
31.640	-1.525	0.214
31.660	2.175	0.194
31.680	5.833	0.177
31.700	9.394	0.150
31.720	12.853	0.130
31.740	16.119	0.101
31.760	19.148	0.075
31.780	21.925	0.044
31.800	24.369	0.016
31.820	26.437	-0.016
31.840	28.145	-0.045
31.860	29.466	-0.075
31.880	30.347	-0.107
31.900	30.809	-0.131
31.920	30.819	-0.157
31.940	30.411	-0.182
31.960	29.557	-0.202
31.980	28.290	-0.223
32.000	26.625	-0.232
32.020	24.589	-0.248
32.040	22.172	-0.256
32.060	19.438	-0.261
32.080	16.441	-0.259
32.100	13.186	-0.261
32.120	9.765	-0.248
32.140	6.198	-0.243
32.160	2.557	-0.226
32.180	-1.128	-0.213
32.200	-4.791	-0.186
32.220	-8.422	-0.170
32.240	-11.897	-0.145
32.260	-15.206	-0.121
32.280	-18.299	-0.092
32.300	-21.173	-0.062
32.320	-23.676	-0.033
32.340	-25.878	-0.004
32.360	-27.726	0.024
32.380	-29.138	0.058
32.400	-30.159	0.090
32.420	-30.696	0.114
32.440	-30.841	0.142
32.460	-30.562	0.166
32.480	-29.858	0.184
32.500	-28.692	0.206
32.520	-27.113	0.221
32.540	-25.147	0.237
32.560	-22.833	0.245
32.580	-20.179	0.254
32.600	-17.236	0.254
32.620	-14.067	0.255
32.640	-10.672	0.249
32.660	-7.122	0.243
32.680	-3.475	0.226
32.700	0.220	0.214
32.720	3.910	0.188
32.740	7.530	0.171
32.760	11.054	0.146
32.780	14.427	0.125
32.800	17.580	0.096
32.820	20.501	0.070
32.840	23.128	0.030
32.860	25.400	0.009
32.880	27.307	-0.026
32.900	28.827	-0.050
32.920	29.928	-0.088
32.940	30.621	-0.115
32.960	30.868	-0.143
32.980	30.690	-0.160
33.000	30.046	-0.185
33.020	28.999	-0.207
33.040	27.554	-0.219
33.060	25.706	-0.236
33.080	23.450	-0.246
33.100	20.894	-0.248
33.120	18.036	-0.255
33.140	14.905	-0.249
33.160	11.575	-0.248
33.180	8.073	-0.232
33.200	4.469	-0.233
33.220	0.795	-0.208
33.240	-2.906	-0.197
33.260	-6.547	-0.169
33.280	-10.098	-0.157
33.300	-13.519	-0.122
33.320	-16.736	-0.100
33.340	-19.733	-0.066
33.360	-22.419	-0.041
33.380	-24.782	-0.008
33.400	-26.818	0.017
33.420	-28.478	0.051
33.440	-29.702	0.079
33.460	-30.502	0.110
33.480	-30.825	0.129
33.500	-30.771	0.162
33.520	-30.293	0.179
33.540	-29.380	0.208
33.560	-28.005	0.219
33.580	-26.232	0.241
33.600	-24.111	0.244
33.620	-21.640	0.263
33.640	-18.831	0.259
33.660	-15.753	0.268
33.680	-12.493	0.258
33.700	-9.002	0.254
33.720	-5.409	0.237
33.740	-1.729	0.230
33.760	1.966	0.208
33.780	5.640	0.195
33.800	9.222	0.163
33.820	12.687	0.146
33.840	15.947	0.113
33.860	18.998	0.088
33.880	21.785	0.059
33.900	24.245	0.030
33.920	26.351	-0.003
33.940	28.075	-0.030
33.960	29.407	-0.058
33.980	30.320	-0.091
34.000	30.787	-0.113
34.020	30.825	-0.149
34.040	30.443	-0.165
34.060	29.611	-0.189
34.080	28.365	-0.206
34.100	26.710	-0.225
34.120	24.696	-0.232
34.140	22.301	-0.244
34.160	19.572	-0.248
34.180	16.581	-0.247
34.200	13.353	-0.245
34.220	9.931	-0.238
34.240	6.375	-0.231
34.260	2.739	-0.215
34.280	-0.956	-0.202
34.300	-4.630	-0.181
34.320	-8.250	-0.160
34.340	-11.730	-0.135
34.360	-15.055	-0.111
34.380	-18.165	-0.080
34.400	-21.033	-0.054
34.420	-23.579	-0.022
34.440	-25.776	0.009
34.460	-27.629	0.034
34.480	-29.095	0.067
34.500	-30.116	0.095
34.520	-30.685	0.123
34.540	-30.852	0.150
34.560	-30.562	0.174
34.580	-29.879	0.192
34.600	-28.757	0.213
34.620	-27.178	0.229
34.640	-25.250	0.238
34.660	-22.945	0.249
34.680	-20.297	0.262
34.700	-17.375	0.260
34.720	-14.212	0.262
34.740	-10.839	0.252
34.760	-7.299	0.245
34.780	-3.647	0.229
34.800	0.054	0.217
34.820	3.733	0.199
34.840	7.358	0.176
34.860	10.903	0.152
34.880	14.271	0.129
34.900	17.435	0.101
34.920	20.362	0.070
34.940	23.004	0.039
34.960	25.282	0.014
34.980	27.231	-0.024
35.000	28.757	-0.045
35.020	29.906	-0.085
35.040	30.599	-0.103
35.060	30.868	-0.140
35.080	30.701	-0.152
35.100	30.105	-0.186
35.120	29.074	-0.196
35.140	27.618	-0.228
35.160	25.792	-0.228
35.180	23.601	-0.251
35.200	21.028	-0.245
35.220	18.181	-0.258
35.240	15.082	-0.248
35.260	11.752	-0.252
35.280	8.266	-0.240
35.300	4.673	-0.236
35.320	0.994	-0.214
35.340	-2.691	-0.197
35.360	-6.354	-0.175
35.380	-9.910	-0.154
35.400	-13.326	-0.129
35.420	-16.548	-0.107
35.440	-19.551	-0.071
35.460	-22.252	-0.049
35.480	-24.643	-0.014
35.500	-26.700	0.011
35.520	-28.359	0.043
35.540	-29.595	0.074
35.560	-30.427	0.106
35.580	-30.798	0.122
35.600	-30.766	0.155
35.620	-30.293	0.168
35.640	-29.396	0.200
35.660	-28.032	0.208
35.680	-26.302	0.230
35.700	-24.175	0.235
35.720	-21.731	0.254
35.740	-18.928	0.246
35.760	-15.877	0.259
35.780	-12.627	0.243
35.800	-9.147	0.244
35.820	-5.548	0.225
35.840	-1.891	0.223
35.860	1.805	0.195
35.880	5.473	0.185
35.900	9.050	0.154
35.920	12.525	0.133
35.940	15.818	0.102
35.960	18.853	0.079
35.980	21.662	0.047
36.000	24.143	0.018
36.020	26.254	-0.013
36.040	28.000	-0.043
36.060	29.358	-0.071
36.080	30.277	-0.103
36.100	30.782	-0.127
36.120	30.835	-0.157
36.140	30.486	-0.178
36.160	29.670	-0.199
36.180	28.440	-0.222
36.200	26.796	-0.232
36.220	24.809	-0.251
36.240	22.414	-0.256
36.260	19.707	-0.261
36.280	16.742	-0.259
36.300	13.524	-0.263
36.320	10.103	-0.252
36.340	6.574	-0.246
36.360	2.933	-0.229
36.380	-0.752	-0.219
36.400	-4.426	-0.194
36.420	-8.051	-0.175
36.440	-11.564	-0.146
36.460	-14.867	-0.128
36.480	-18.004	-0.095
36.500	-20.872	-0.067
36.520	-23.434	-0.038
36.540	-25.658	-0.008
36.560	-27.521	0.020
36.580	-28.993	0.050
36.600	-30.046	0.084
36.620	-30.637	0.108
36.640	-30.830	0.133
36.660	-30.572	0.158
36.680	-29.912	0.181
36.700	-28.800	0.202
36.720	-27.258	0.216
36.740	-25.330	0.233
36.760	-23.047	0.241
36.780	-20.421	0.248
36.800	-17.499	0.249
36.820	-14.346	0.249
36.840	-10.984	0.242
36.860	-7.450	0.236
36.880	-3.830	0.223
36.900	-0.124	0.208
36.920	3.561	0.187
36.940	7.197	0.170
36.960	10.721	0.143
36.980	14.121	0.123
37.000	17.295	0.088
37.020	20.228	0.064
37.040	22.875	0.032
37.060	25.190	0.005
37.080	27.135	-0.030
37.100	28.687	-0.057
37.120	29.842	-0.086
37.140	30.578	-0.114
37.160	30.862	-0.143
37.180	30.712	-0.165
37.200	30.148	-0.188
37.220	29.133	-0.208
37.240	27.688	-0.227
37.260	25.899	-0.239
37.280	23.708	-0.252
37.300	21.173	-0.254
37.320	18.337	-0.264
37.340	15.238	-0.257
37.360	11.902	-0.258
37.380	8.438	-0.246
37.400	4.850	-0.239
37.420	1.176	-0.219
37.440	-2.508	-0.207
37.460	-6.171	-0.176
37.480	-9.749	-0.165
37.500	-13.170	-0.133
37.520	-16.393	-0.111
37.540	-19.406	-0.078
37.560	-22.134	-0.053
37.580	-24.551	-0.016
37.600	-26.608	0.004
37.620	-28.300	0.041
37.640	-29.562	0.066
37.660	-30.422	0.103
37.680	-30.792	0.123
37.700	-30.771	0.150
37.720	-30.341	0.171
37.740	-29.455	0.196
37.760	-28.118	0.209
37.780	-26.404	0.231
37.800	-24.304	0.239
37.820	-21.866	0.254
37.840	-19.094	0.253
37.860	-16.049	0.257
37.880	-12.799	0.250
37.900	-9.346	0.249
37.920	-5.758	0.236
37.940	-2.068	0.224
37.960	1.617	0.205
37.980	5.296	0.184
38.000	8.862	0.162
38.020	12.348	0.140
38.040	15.646	0.109
38.060	18.718	0.086
38.080	21.522	0.052
38.100	24.020	0.025
38.120	26.146	-0.008
38.140	27.914	-0.037
38.160	29.299	-0.067
38.180	30.255	-0.095
38.200	30.755	-0.122
38.220	30.846	-0.149
38.240	30.502	-0.170
38.260	29.702	-0.194
38.280	28.504	-0.213
38.300	26.893	-0.227
38.320	24.906	-0.237
38.340	22.542	-0.248
38.360	19.852	-0.249
38.380	16.897	-0.257
38.400	13.675	-0.248
38.420	10.280	-0.251
38.440	6.735	-0.234
38.460	3.094	-0.223
38.480	-0.580	-0.202
38.500	-4.259	-0.189
38.520	-7.890	-0.164
38.540	-11.403	-0.144
38.560	-14.728	-0.113
38.580	-17.870	-0.089
38.600	-20.765	-0.057
38.620	-23.332	-0.032
38.640	-25.583	0.002
38.660	-27.484	0.032
38.680	-28.966	0.061
38.700	-30.019	0.094
38.720	-30.637	0.115
38.740	-30.841	0.144
38.760	-30.637	0.168
38.780	-29.992	0.190
38.800	-28.891	0.216
38.820	-27.366	0.228
38.840	-25.459	0.245
38.860	-23.192	0.254
38.880	-20.593	0.262
38.900	-17.692	0.262
38.920	-14.523	0.264
38.940	-11.177	0.256
38.960	-7.638	0.250
38.980	-4.001	0.237
39.000	-0.322	0.225
39.020	3.368	0.199
39.040	7.004	0.186
39.060	10.549	0.154
39.080	13.938	0.137
39.100	17.139	0.104
39.120	20.083	0.079
39.140	22.763	0.041
39.160	25.078	0.024
39.180	27.043	-0.018
39.200	28.623	-0.040
39.220	29.799	-0.076
39.240	30.545	-0.097
39.260	30.857	-0.132
39.280	30.739	-0.152
39.300	30.169	-0.175
39.320	29.187	-0.193
39.340	27.795	-0.219
39.360	26.001	-0.226
39.380	23.826	-0.240
39.400	21.302	-0.241
39.420	18.482	-0.251
39.440	15.410	-0.246
39.460	12.090	-0.244
39.480	8.615	-0.234
39.500	5.022	-0.230
39.520	1.354	-0.211
39.540	-2.336	-0.198
39.560	-5.983	-0.170
39.580	-9.577	-0.150
39.600	-12.998	-0.124
39.620	-16.253	-0.103
39.640	-19.266	-0.067
39.660	-22.016	-0.048
39.680	-24.444	-0.008
39.700	-26.506	0.015
39.720	-28.230	0.052
39.740	-29.503	0.074
39.760	-30.368	0.112
39.780	-30.776	0.126
39.800	-30.798	0.162
39.820	-30.363	0.178
39.840	-29.503	0.202
39.860	-28.193	0.216
39.880	-26.490	0.241
39.900	-24.412	0.241
39.920	-21.979	0.260
39.940	-19.218	0.258
39.960	-16.199	0.266
39.980	-12.950	0.249
40.000	-9.512	0.250
40.020	-5.924	0.239
40.040	-2.240	0.227
40.060	1.456	0.207
40.080	5.108	0.193
40.100	8.712	0.166
40.120	12.203	0.144
40.140	15.496	0.116
40.160	18.568	0.090
40.180	21.404	0.061
40.200	23.901	0.029
40.220	26.061	0.001
40.240	27.849	-0.032
40.260	29.246	-0.063
40.280	30.207	-0.091
40.300	30.755	-0.119
40.320	30.852	-0.148
40.340	30.535	-0.168
40.360	29.761	-0.187
40.380	28.569	-0.209
40.400	26.974	-0.226
40.420	25.024	-0.239
40.440	22.677	-0.246
40.460	19.991	-0.253
40.480	17.048	-0.254
40.500	13.841	-0.254
40.520	10.463	-0.247
40.540	6.929	-0.239
40.560	3.292	-0.224
40.580	-0.392	-0.209
40.600	-4.066	-0.191
40.620	-7.708	-0.171
40.640	-11.204	-0.149
40.660	-14.561	-0.118
40.680	-17.714	-0.092
40.700	-20.598	-0.064
40.720	-23.192	-0.037
40.740	-25.448	-0.002
40.760	-27.371	0.024
40.780	-28.880	0.057
40.800	-29.965	0.085
40.820	-30.615	0.110
40.840	-30.830	0.137
40.860	-30.642	0.165
40.880	-29.992	0.179
40.900	-28.929	0.202
40.920	-27.436	0.217
40.940	-25.534	0.231
40.960	-23.294	0.243
40.980	-20.695	0.248
41.000	-17.805	0.247
41.020	-14.674	0.255
41.040	-11.328	0.244
41.060	-7.810	0.239
41.080	-4.184	0.225
41.100	-0.494	0.213
41.120	3.190	0.188
41.140	6.837	0.171
41.160	10.382	0.144
41.180	13.782	0.125
41.200	16.994	0.092
41.220	19.943	0.067
41.240	22.634	0.035
41.260	24.976	0.007
41.280	26.963	-0.028
41.300	28.547	-0.053
41.320	29.756	-0.086
41.340	30.524	-0.111
41.360	30.857	-0.142
41.380	30.755	-0.166
41.400	30.218	-0.190
41.420	29.251	-0.204
41.440	27.865	-0.231
41.460	26.093	-0.237
41.480	23.944	-0.256
41.500	21.436	-0.256
41.520	18.627	-0.265
41.540	15.549	-0.261
41.560	12.251	-0.259
41.580	8.798	-0.248
41.600	5.199	-0.242
41.620	1.552	-0.224
41.640	-2.143	-0.210
41.660	-5.801	-0.185
41.680	-9.383	-0.167
41.700	-12.821	-0.139
41.720	-16.076	-0.120
41.740	-19.132	-0.082
41.760	-21.882	-0.060
41.780	-24.315	-0.027
41.800	-26.415	-0.000
41.820	-28.118	0.034
41.840	-29.444	0.059
41.860	-30.336	0.093
41.880	-30.739	0.115
41.900	-30.787	0.148
41.920	-30.374	0.163
41.940	-29.546	0.191
41.960	-28.273	0.204
41.980	-26.576	0.227
42.000	-24.514	0.231
42.020	-22.107	0.246
42.040	-19.352	0.245
42.060	-16.344	0.253
42.080	-13.116	0.245
42.100	-9.679	0.244
42.120	-6.091	0.228
42.140	-2.422	0.222
42.160	1.262	0.200
42.180	4.941	0.183
42.200	8.529	0.158
42.220	12.031	0.134
42.240	15.329	0.110
42.260	18.423	0.084
42.280	21.264	0.056
42.300	23.799	0.022
42.320	25.964	-0.007
42.340	27.774	-0.039
42.360	29.176	-0.066
42.380	30.164	-0.099
42.400	30.733	-0.124
42.420	30.868	-0.154
42.440	30.556	-0.170
42.460	29.810	-0.198
42.480	28.633	-0.216
42.500	27.049	-0.232
42.520	25.126	-0.244
42.540	22.795	-0.256
42.560	20.136	-0.260
42.580	17.198	-0.261
42.600	14.013	-0.257
42.620	10.624	-0.256
42.640	7.095	-0.243
42.660	3.470	-0.231
42.680	-0.204	-0.214
42.700	-3.889	-0.196
42.720	-7.525	-0.173
42.740	-11.059	-0.154
42.760	-14.395	-0.123
42.780	-17.569	-0.099
42.800	-20.485	-0.068
42.820	-23.096	-0.039
42.840	-25.362	-0.008
42.860	-27.274	0.017
42.880	-28.843	0.056
42.900	-29.917	0.080
42.920	-30.604	0.109
42.940	-30.830	0.133
42.960	-30.674	0.161
42.980	-30.046	0.177
43.000	-28.993	0.205
43.020	-27.538	0.217
43.040	-25.647	0.238
43.060	-23.429	0.241
43.080	-20.867	0.255
43.100	-17.961	0.253
43.120	-14.862	0.258
43.140	-11.516	0.248
43.160	-8.008	0.245
43.180	-4.367	0.229
43.200	-0.687	0.218
43.220	3.008	0.193
43.240	6.644	0.178
43.260	10.194	0.153
43.280	13.616	0.133
43.300	16.838	0.104
43.320	19.803	0.078
43.340	22.505	0.042
43.360	24.868	0.012
43.380	26.872	-0.022
43.400	28.488	-0.048
43.420	29.697	-0.073
43.440	30.492	-0.104
43.460	30.846	-0.130
43.480	30.766	-0.157
43.500	30.250	-0.182
43.520	29.305	-0.198
43.540	27.935	-0.222
43.560	26.184	-0.226
43.580	24.057	-0.247
43.600	21.565	-0.244
43.620	18.761	-0.257
43.640	15.710	-0.248
43.660	12.413	-0.255
43.680	8.954	-0.236
43.700	5.376	-0.236
43.720	1.713	-0.211
43.740	-1.966	-0.204
43.760	-5.645	-0.174
43.780	-9.233	-0.159
43.800	-12.687	-0.131
43.820	-15.941	-0.107
43.840	-18.987	-0.074
43.860	-21.769	-0.049
43.880	-24.229	-0.016
43.900	-26.340	0.009
43.920	-28.085	0.043
43.940	-29.401	0.071
43.960	-30.325	0.105
43.980	-30.744	0.124
44.000	-30.803	0.159
44.020	-30.438	0.179
44.040	-29.611	0.200
44.060	-28.365	0.217
44.080	-26.689	0.236
44.100	-24.637	0.243
44.120	-22.263	0.259
44.140	-19.508	0.259
44.160	-16.521	0.267
44.180	-13.293	0.261
44.200	-9.856	0.258
44.220	-6.273	0.242
44.240	-2.621	0.233
44.260	1.080	0.214
44.280	4.753	0.196
44.300	8.347	0.171
44.320	11.849	0.152
44.340	15.173	0.121
44.360	18.272	0.096
44.380	21.130	0.064
44.400	23.665	0.036
44.420	25.873	0.006
44.440	27.677	-0.028
44.460	29.122	-0.051
44.480	30.132	-0.085
44.500	30.712	-0.107
44.520	30.868	-0.141
44.540	30.583	-0.161
44.560	29.842	-0.188
44.580	28.703	-0.201
44.600	27.151	-0.223
44.620	25.233	-0.228
44.640	22.902	-0.243
44.660	20.260	-0.241
44.680	17.354	-0.256
44.700	14.174	-0.242
44.720	10.801	-0.245
44.740	7.272	-0.231
44.760	3.642	-0.224
44.780	-0.032	-0.201
44.800	-3.722	-0.188
44.820	-7.348	-0.163
44.840	-10.876	-0.144
44.860	-14.233	-0.116
44.880	-17.413	-0.091
44.900	-20.335	-0.057
44.920	-22.951	-0.031
44.940	-25.271	0.002
44.960	-27.199	0.029
44.980	-28.757	0.060
45.000	-29.879	0.088
45.020	-30.567	0.116
45.040	-30.841	0.142
45.060	-30.669	0.170
45.080	-30.094	0.184
45.100	-29.058	0.212
45.120	-27.597	0.222
45.140	-25.749	0.244
45.160	-23.536	0.248
45.180	-20.979	0.262
45.200	-18.106	0.259
45.220	-14.996	0.266
45.240	-11.650	0.250
45.260	-8.164	0.249
45.280	-4.533	0.232
45.300	-0.854	0.225
45.320	2.836	0.200
45.340	6.488	0.183
45.360	10.022	0.154
45.380	13.455	0.137
45.400	16.683	0.104
45.420	19.664	0.077
45.440	22.381	0.045
45.460	24.755	0.021
45.480	26.775	-0.016
45.500	28.408	-0.042
45.520	29.659	-0.077
45.540	30.459	-0.100
45.560	30.841	-0.129
45.580	30.782	-0.157
45.600	30.293	-0.178
45.620	29.358	-0.198
45.640	28.010	-0.221
45.660	26.286	-0.229
45.680	24.186	-0.247
45.700	21.705	-0.244
45.720	18.917	-0.259
45.740	15.877	-0.253
45.760	12.584	-0.260
45.780	9.142	-0.244
45.800	5.570	-0.239
45.820	1.891	-0.218
45.840	-1.778	-0.207
45.860	-5.441	-0.180
45.880	-9.050	-0.165
45.900	-12.504	-0.134
45.920	-15.764	-0.115
45.940	-18.842	-0.077
45.960	-21.603	-0.056
45.980	-24.068	-0.019
46.000	-26.222	0.005
46.020	-27.978	0.037
46.040	-29.337	0.064
46.060	-30.261	0.096
46.080	-30.723	0.117
46.100	-30.809	0.147
46.120	-30.449	0.171
46.140	-29.643	0.193
46.160	-28.392	0.207
46.180	-26.753	0.225
46.200	-24.729	0.236
46.220	-22.354	0.249
46.240	-19.658	0.249
46.260	-16.650	0.251
46.280	-13.444	0.246
46.300	-10.006	0.243
46.320	-6.445	0.233
46.340	-2.793	0.224
46.360	0.902	0.202
46.380	4.582	0.186
46.400	8.191	0.160
46.420	11.698	0.139
46.440	15.018	0.111
46.460	18.127	0.083
46.480	20.985	0.054
46.500	23.563	0.024
46.520	25.765	-0.006
46.540	27.613	-0.039
46.560	29.052	-0.068
46.580	30.089	-0.098
46.600	30.701	-0.123
46.620	30.884	-0.151
46.640	30.615	-0.174
46.660	29.906	-0.196
46.680	28.778	-0.219
46.700	27.242	-0.231
46.720	25.335	-0.244
46.740	23.047	-0.256
46.760	20.410	-0.262
46.780	17.510	-0.264
46.800	14.346	-0.264
46.820	10.989	-0.259
46.840	7.460	-0.243
46.860	3.840	-0.241
46.880	0.172	-0.219
46.900	-3.523	-0.210
46.920	-7.154	-0.175
46.940	-10.683	-0.163
46.960	-14.072	-0.128
46.980	-17.252	-0.108
47.000	-20.190	-0.074
47.020	-22.822	-0.047
47.040	-25.121	-0.016
47.060	-27.097	0.013
47.080	-28.660	0.046
47.100	-29.820	0.075
47.120	-30.524	0.104
47.140	-30.798	0.127
47.160	-30.680	0.158
47.180	-30.100	0.174
47.200	-29.117	0.197
47.220	-27.650	0.212
47.240	-25.819	0.230
47.260	-23.644	0.237
47.280	-21.098	0.246
47.300	-18.246	0.246
47.320	-15.152	0.251
47.340	-11.827	0.242
47.360	-8.331	0.242
47.380	-4.705	0.222
47.400	-1.026	0.215
47.420	2.659	0.190
47.440	6.311	0.174
47.460	9.872	0.149
47.480	13.299	0.130
47.500	16.532	0.095
47.520	19.524	0.074
47.540	22.279	0.038
47.560	24.653	0.012
47.580	26.700	-0.024
47.600	28.349	-0.047
47.620	29.611	-0.080
47.640	30.438	-0.108
47.660	30.846	-0.131
47.680	30.792	-0.165
47.700	30.336	-0.179
47.720	29.417	-0.208
47.740	28.102	-0.223
47.760	26.372	-0.240
47.780	24.299	-0.244
47.800	21.828	-0.254
47.820	19.057	-0.257
47.840	16.043	-0.261
47.860	12.746	-0.258
47.880	9.319	-0.249
47.900	5.747	-0.240
47.920	2.100	-0.223
47.940	-1.590	-0.213
47.960	-5.258	-0.188
47.980	-8.878	-0.169
48.000	-12.332	-0.137
48.020	-15.608	-0.120
48.040	-18.691	-0.083
48.060	-21.500	-0.061
48.080	-23.971	-0.027
48.100	-26.125	-0.003
48.120	-27.908	0.030
48.140	-29.278	0.062
48.160	-30.229	0.091
48.180	-30.701	0.113
48.200	-30.809	0.149
48.220	-30.476	0.166
48.240	-29.713	0.194
48.260	-28.488	0.207
48.280	-26.845	0.225
48.300	-24.852	0.237
48.320	-22.483	0.248
48.340	-19.792	0.253
48.360	-16.801	0.253
48.380	-13.594	0.254
48.400	-10.205	0.247
48.420	-6.628	0.238
48.440	-2.976	0.225
48.460	0.720	0.208
48.480	4.404	0.186
48.500	8.019	0.169
48.520	11.516	0.142
48.540	14.862	0.119
48.560	17.977	0.088
48.580	20.861	0.061
48.600	23.456	0.026
48.620	25.668	0.005
48.640	27.543	-0.032
48.660	28.999	-0.057
48.680	30.046	-0.091
48.700	30.696	-0.113
48.720	30.878	-0.147
48.740	30.637	-0.162
48.760	29.949	-0.189
48.780	28.843	-0.202
48.800	27.307	-0.226
48.820	25.437	-0.237
48.840	23.155	-0.250
48.860	20.555	-0.254
48.880	17.660	-0.257
48.900	14.497	-0.252
48.920	11.134	-0.247
48.940	7.627	-0.236
48.960	4.018	-0.231
48.980	0.333	-0.210
49.000	-3.352	-0.194
49.020	-6.993	-0.168
49.040	-10.565	-0.152
49.060	-13.906	-0.123
49.080	-17.112	-0.096
49.100	-20.072	-0.062
49.120	-22.720	-0.038
49.140	-25.051	-0.006
49.160	-27.027	0.021
49.180	-28.633	0.056
49.200	-29.777	0.081
49.220	-30.529	0.113
49.240	-30.809	0.133
49.260	-30.701	0.167
49.280	-30.175	0.181
49.300	-29.192	0.208
49.320	-27.790	0.225
49.340	-25.958	0.245
49.360	-23.772	0.245
49.380	-21.253	0.262
49.400	-18.401	0.262
49.420	-15.324	0.267
49.440	-12.015	0.254
49.460	-8.513	0.249
49.480	-4.898	0.237
49.500	-1.214	0.226
49.520	2.465	0.200
49.540	6.134	0.191
49.560	9.679	0.158
49.580	13.132	0.143
49.600	16.387	0.112
49.620	19.384	0.084
49.640	22.140	0.053
49.660	24.546	0.026
49.680	26.614	-0.007
49.700	28.273	-0.035
49.720	29.557	-0.067
49.740	30.411	-0.099
49.760	30.835	-0.122
49.780	30.809	-0.151
49.800	30.379	-0.169
49.820	29.466	-0.190
49.840	28.171	-0.213
49.860	26.485	-0.223
49.880	24.406	-0.240
49.900	21.957	-0.243
49.920	19.196	-0.253
49.940	16.188	-0.248
49.960	12.912	-0.250
49.980	9.485	-0.239
50.000	5.930	-0.233
50.020	2.283	-0.215
50.040	-1.413	-0.200
50.060	-5.086	-0.178
50.080	-8.707	-0.162
50.100	-12.155	-0.133
50.120	-15.447	-0.111
50.140	-18.536	-0.078
50.160	-21.372	-0.052
50.180	-23.858	-0.020
50.200	-26.028	0.007
50.220	-27.817	0.039
50.240	-29.213	0.067
50.260	-30.191	0.098
50.280	-30.701	0.121
50.300	-30.814	0.150
50.320	-30.492	0.171
50.340	-29.734	0.193
50.360	-28.553	0.212
50.380	-26.936	0.229
50.400	-24.949	0.241
50.420	-22.602	0.254
50.440	-19.916	0.258
50.460	-16.951	0.260
50.480	-13.761	0.257
50.500	-10.350	0.249
50.520	-6.800	0.243
50.540	-3.137	0.227
50.560	0.542	0.215
50.580	4.216	0.190
50.600	7.831	0.172
50.620	11.349	0.147
50.640	14.711	0.125
50.660	17.848	0.092
50.680	20.732	0.065
50.700	23.343	0.034
50.720	25.572	0.006
50.740	27.446	-0.028
50.760	28.929	-0.054
50.780	30.008	-0.089
50.800	30.664	-0.111
50.820	30.884	-0.143
50.840	30.658	-0.166
50.860	29.987	-0.187
50.880	28.918	-0.211
50.900	27.419	-0.224
50.920	25.545	-0.237
50.940	23.278	-0.248
50.960	20.689	-0.252
50.980	17.805	-0.259
51.000	14.663	-0.254
51.020	11.322	-0.255
51.040	7.810	-0.239
51.060	4.200	-0.236
51.080	0.548	-0.213
51.100	-3.158	-0.198
51.120	-6.794	-0.172
51.140	-10.350	-0.158
51.160	-13.745	-0.124
51.180	-16.946	-0.103
51.200	-19.911	-0.067
51.220	-22.559	-0.050
51.240	-24.922	-0.009
51.260	-26.925	0.013
51.280	-28.542	0.045
51.300	-29.713	0.075
51.320	-30.486	0.104
51.340	-30.798	0.127
51.360	-30.707	0.158
51.380	-30.186	0.170
51.400	-29.219	0.201
51.420	-27.812	0.207
51.440	-26.039	0.230
51.460	-23.869	0.237
51.480	-21.366	0.247
51.500	-18.541	0.248
51.520	-15.447	0.254
51.540	-12.176	0.243
51.560	-8.685	0.241
51.580	-5.065	0.224
51.600	-1.386	0.219
51.620	2.299	0.191
51.640	5.951	0.178
51.660	9.518	0.150
51.680	12.971	0.129
51.700	16.226	0.097
51.720	19.239	0.075
51.740	22.016	0.041
51.760	24.422	0.011
51.780	26.506	-0.018
51.800	28.204	-0.049
51.820	29.498	-0.078
51.840	30.379	-0.107
51.860	30.819	-0.132
51.880	30.819	-0.160
51.900	30.395	-0.183
51.920	29.530	-0.205
51.940	28.252	-0.224
51.960	26.565	-0.236
51.980	24.530	-0.250
52.000	22.091	-0.257
52.020	19.352	-0.266
52.040	16.350	-0.265
52.060	13.089	-0.263
52.080	9.663	-0.252
52.100	6.107	-0.246
52.120	2.465	-0.231
52.140	-1.225	-0.215
52.160	-4.898	-0.194
52.180	-8.519	-0.174
52.200	-11.994	-0.149
52.220	-15.292	-0.123
52.240	-18.396	-0.094
52.260	-21.216	-0.067
52.280	-23.746	-0.034
52.300	-25.937	-0.005
52.320	-27.758	0.026
52.340	-29.170	0.055
52.360	-30.148	0.086
52.380	-30.690	0.108
52.400	-30.825	0.137
52.420	-30.535	0.158
52.440	-29.804	0.182
52.460	-28.628	0.200
52.480	-27.043	0.220
52.500	-25.051	0.231
52.520	-22.757	0.245
52.540	-20.083	0.249
52.560	-17.123	0.253
52.580	-13.922	0.251
52.600	-10.549	0.245
52.620	-7.004	0.236
52.640	-3.341	0.223
52.660	0.360	0.205
52.680	4.034	0.186
52.700	7.643	0.166
52.720	11.188	0.142
52.740	14.540	0.117
52.760	17.687	0.087
52.780	20.582	0.062
52.800	23.214	0.024
52.820	25.454	0.003
52.840	27.366	-0.034
52.860	28.864	-0.057
52.880	29.976	-0.093
52.900	30.637	-0.118
52.920	30.873	-0.148
52.940	30.680	-0.167
52.960	30.041	-0.195
52.980	28.972	-0.211
53.000	27.495	-0.227
53.020	25.647	-0.238
53.040	23.391	-0.252
53.060	20.818	-0.255
53.080	17.950	-0.262
53.100	14.808	-0.257
53.120	11.462	-0.256
53.140	7.971	-0.245
53.160	4.361	-0.237
53.180	0.687	-0.216
53.200	-2.997	-0.203
53.220	-6.644	-0.178
53.240	-10.221	-0.158
53.260	-13.616	-0.130
53.280	-16.828	-0.105
53.300	-19.803	-0.076
53.320	-22.478	-0.048
53.340	-24.863	-0.016
53.360	-26.882	0.009
53.380	-28.515	0.047
53.400	-29.713	0.070
53.420	-30.508	0.104
53.440	-30.819	0.125
53.460	-30.766	0.160
53.480	-30.288	0.175
53.500	-29.342	0.201
53.520	-27.951	0.212
53.540	-26.173	0.236
53.560	-24.041	0.243
53.580	-21.554	0.256
53.600	-18.734	0.253
53.620	-15.662	0.261
53.640	-12.370	0.251
53.660	-8.900	0.251
53.680	-5.291	0.233
53.700	-1.611	0.221
53.720	2.095	0.199
53.740	5.758	0.185
53.760	9.330	0.158
53.780	12.789	0.133
53.800	16.060	0.107
53.820	19.094	0.080
53.840	21.871	0.050
53.860	24.315	0.017
53.880	26.420	-0.009
53.900	28.128	-0.040
53.920	29.455	-0.065
53.940	30.341	-0.101
53.960	30.809	-0.122
53.980	30.830	-0.154
54.000	30.433	-0.170
54.020	29.579	-0.198
54.040	28.322	-0.215
54.060	26.646	-0.227
54.080	24.626	-0.240
54.100	22.204	-0.248
54.120	19.481	-0.256
54.140	16.489	-0.254
54.160	13.234	-0.251
54.180	9.818	-0.240
54.200	6.263	-0.240
54.220	2.610	-0.218
54.240	-1.069	-0.207
54.260	-4.748	-0.182
54.280	-8.363	-0.166
54.300	-11.865	-0.135
54.320	-15.163	-0.113
54.340	-18.278	-0.081
54.360	-21.141	-0.055
54.380	-23.660	-0.024
54.400	-25.856	0.004
54.420	-27.699	0.034
54.440	-29.149	0.067
54.460	-30.164	0.097
54.480	-30.696	0.122
54.500	-30.841	0.147
54.520	-30.578	0.174
54.540	-29.869	0.191
54.560	-28.741	0.216
54.580	-27.151	0.229
54.600	-25.212	0.246
54.620	-22.886	0.252
54.640	-20.238	0.264
54.660	-17.284	0.262
54.680	-14.126	0.265
54.700	-10.721	0.254
54.720	-7.181	0.247
54.740	-3.545	0.233
54.760	0.150	0.221
54.780	3.851	0.200
54.800	7.466	0.181
54.820	11.000	0.153
54.840	14.378	0.132
54.860	17.537	0.100
54.880	20.448	0.075
54.900	23.090	0.042
54.920	25.362	0.016
54.940	27.274	-0.019
54.960	28.800	-0.042
54.980	29.922	-0.082
55.000	30.615	-0.105
55.020	30.884	-0.134
55.040	30.707	-0.155
55.060	30.073	-0.182
55.080	29.031	-0.197
55.100	27.564	-0.219
55.120	25.749	-0.228
55.140	23.515	-0.241
55.160	20.953	-0.248
55.180	18.090	-0.252
55.200	14.985	-0.250
55.220	11.645	-0.246
55.240	8.159	-0.236
55.260	4.555	-0.229
55.280	0.881	-0.204
55.300	-2.809	-0.196
55.320	-6.461	-0.169
55.340	-10.044	-0.151
55.360	-13.422	-0.123
55.380	-16.661	-0.099
55.400	-19.642	-0.062
55.420	-22.354	-0.049
55.440	-24.729	-0.003
55.460	-26.737	0.017
55.480	-28.413	0.055
55.500	-29.632	0.076
55.520	-30.449	0.112
55.540	-30.819	0.130
55.560	-30.771	0.162
55.580	-30.266	0.180
55.600	-29.353	0.209
55.620	-28.005	0.216
55.640	-26.232	0.236
55.660	-24.105	0.242
55.680	-21.635	0.257
55.700	-18.842	0.258
55.720	-15.791	0.263
55.740	-12.520	0.251
55.760	-9.040	0.249
55.780	-5.446	0.235
55.800	-1.772	0.225
55.820	1.934	0.204
55.840	5.602	0.188
55.860	9.174	0.160
55.880	12.638	0.140
55.900	15.920	0.111
55.920	18.955	0.084
55.940	21.769	0.051
55.960	24.202	0.024
55.980	26.324	-0.007
56.000	28.053	-0.038
56.020	29.396	-0.066
56.040	30.309	-0.100
56.060	30.787	-0.124
56.080	30.841	-0.148
56.100	30.459	-0.173
56.120	29.627	-0.194
56.140	28.402	-0.215
56.160	26.748	-0.231
56.180	24.734	-0.244
56.200	22.344	-0.250
56.220	19.626	-0.252
56.240	16.656	-0.259
56.260	13.422	-0.257
56.280	10.017	-0.248
56.300	6.467	-0.238
56.320	2.825	-0.230
56.340	-0.865	-0.209
56.360	-4.544	-0.190
56.380	-8.164	-0.166
56.400	-11.639	-0.144
56.420	-14.975	-0.119
56.440	-18.090	-0.091
56.460	-20.958	-0.059
56.480	-23.504	-0.035
56.500	-25.711	-0.002
56.520	-27.564	0.028
56.540	-29.042	0.055
56.560	-30.067	0.087
56.580	-30.653	0.113
56.600	-30.830	0.142
56.620	-30.556	0.162
56.640	-29.874	0.183
56.660	-28.741	0.204
56.680	-27.205	0.221
56.700	-25.260	0.233
56.720	-22.972	0.245
56.740	-20.330	0.248
56.760	-17.413	0.250
56.780	-14.244	0.249
56.800	-10.871	0.241
56.820	-7.337	0.237
56.840	-3.690	0.223
56.860	-0.005	0.210
56.880	3.674	0.187
56.900	7.305	0.168
56.920	10.833	0.142
56.940	14.223	0.117
56.960	17.397	0.087
56.980	20.324	0.063
57.000	22.978	0.027
57.020	25.260	0.005
57.040	27.199	-0.032
57.060	28.741	-0.054
57.080	29.885	-0.095
57.100	30.588	-0.114
57.120	30.873	-0.147
57.140	30.712	-0.167
57.160	30.110	-0.194
57.180	29.106	-0.213
57.200	27.650	-0.232
57.220	25.851	-0.240
57.240	23.644	-0.256
57.260	21.098	-0.257
57.280	18.246	-0.268
57.300	15.146	-0.263
57.320	11.827	-0.261
57.340	8.336	-0.248
57.360	4.737	-0.244
57.380	1.080	-0.223
57.400	-2.637	-0.209
57.420	-6.263	-0.183
57.440	-9.851	-0.169
57.460	-13.256	-0.138
57.480	-16.479	-0.112
57.500	-19.497	-0.081
57.520	-22.193	-0.057
57.540	-24.600	-0.022
57.560	-26.662	0.002
57.580	-28.322	0.036
57.600	-29.568	0.064
57.620	-30.400	0.099
57.640	-30.771	0.117
57.660	-30.766	0.153
57.680	-30.277	0.167
57.700	-29.407	0.194
57.720	-28.059	0.201
57.740	-26.340	0.229
57.760	-24.224	0.233
57.780	-21.764	0.249
57.800	-18.987	0.244
57.820	-15.925	0.253
57.840	-12.681	0.247
57.860	-9.211	0.245
57.880	-5.618	0.229
57.900	-1.939	0.219
57.920	1.751	0.195
57.940	5.414	0.183
57.960	8.991	0.155
57.980	12.472	0.134
58.000	15.759	0.103
58.020	18.810	0.079
58.040	21.635	0.048
58.060	24.100	0.018
58.080	26.222	-0.013
58.100	27.973	-0.042
58.120	29.342	-0.070
58.140	30.271	-0.099
58.160	30.787	-0.129
58.180	30.846	-0.155
58.200	30.492	-0.177
58.220	29.686	-0.200
58.240	28.461	-0.219
58.260	26.839	-0.231
58.280	24.847	-0.247
58.300	22.457	-0.251
58.320	19.766	-0.256
58.340	16.806	-0.257
58.360	13.578	-0.259
58.380	10.178	-0.250
58.400	6.633	-0.242
58.420	2.992	-0.230
58.440	-0.693	-0.213
58.460	-4.367	-0.193
58.480	-8.003	-0.171
58.500	-11.505	-0.150
58.520	-14.824	-0.120
58.540	-17.972	-0.091
58.560	-20.851	-0.065
58.580	-23.418	-0.032
58.600	-25.658	-0.008
58.620	-27.505	0.022
58.640	-29.009	0.057
58.660	-30.062	0.083
58.680	-30.669	0.117
58.700	-30.835	0.137
58.720	-30.626	0.167
58.740	-29.971	0.184
58.760	-28.848	0.205
58.780	-27.333	0.220
58.800	-25.384	0.237
58.820	-23.133	0.248
58.840	-20.507	0.256
58.860	-17.574	0.258
58.880	-14.448	0.257
58.900	-11.064	0.250
58.920	-7.541	0.247
58.940	-3.899	0.227
58.960	-0.209	0.216
58.980	3.475	0.194
59.000	7.117	0.177
59.020	10.656	0.149
59.040	14.045	0.124
59.060	17.236	0.098
59.080	20.174	0.075
59.100	22.849	0.032
59.120	25.142	0.011
59.140	27.103	-0.025
59.160	28.660	-0.047
59.180	29.842	-0.082
59.200	30.572	-0.106
59.220	30.873	-0.136
59.240	30.739	-0.156
59.260	30.164	-0.186
59.280	29.160	-0.197
59.300	27.736	-0.225
59.320	25.948	-0.224
59.340	23.751	-0.248
59.360	21.210	-0.245
59.380	18.380	-0.260
59.400	15.297	-0.249
59.420	11.967	-0.252
59.440	8.486	-0.234
59.460	4.898	-0.232
59.480	1.230	-0.208
59.500	-2.455	-0.198
59.520	-6.128	-0.173
59.540	-9.695	-0.154
59.560	-13.116	-0.128
59.580	-16.355	-0.103
59.600	-19.395	-0.069
59.620	-22.113	-0.045
59.640	-24.535	-0.012
59.660	-26.603	0.010
59.680	-28.311	0.050
59.700	-29.552	0.076
59.720	-30.411	0.112
59.740	-30.776	0.128
59.760	-30.803	0.162
59.780	-30.384	0.179
59.800	-29.498	0.204
59.820	-28.171	0.215
59.840	-26.447	0.239
59.860	-24.358	0.246
59.880	-21.930	0.261
59.900	-19.164	0.258
59.920	-16.129	0.268
59.940	-12.885	0.255
59.960	-9.416	0.258
59.980	-5.812	0.237
60.000	-2.148	0.232
60.020	1.552	0.208
60.040	5.226	0.191
60.060	8.809	0.167
60.080	12.289	0.150
60.100	15.587	0.117
60.120	18.648	0.086
60.140	21.490	0.060
60.160	23.977	0.033
60.180	26.136	-0.000
60.200	27.897	-0.032
60.220	29.289	-0.054
60.240	30.234	-0.091
60.260	30.760	-0.113
60.280	30.852	-0.145
60.300	30.524	-0.165
60.320	29.734	-0.188
60.340	28.542	-0.207
60.360	26.915	-0.222
60.380	24.954	-0.231
60.400	22.575	-0.245
60.420	19.905	-0.244
60.440	16.951	-0.256
60.460	13.750	-0.247
60.480	10.350	-0.248
60.500	6.821	-0.229
60.520	3.169	-0.229
60.540	-0.500	-0.197
60.560	-4.195	-0.189
60.580	-7.820	-0.161
60.600	-11.344	-0.141
60.620	-14.668	-0.112
60.640	-17.811	-0.088
60.660	-20.711	-0.058
60.680	-23.273	-0.032
60.700	-25.523	0.003
60.720	-27.430	0.028
60.740	-28.923	0.063
60.760	-30.003	0.091
60.780	-30.621	0.119
60.800	-30.846	0.140
60.820	-30.615	0.170
60.840	-29.987	0.182
60.860	-28.896	0.215
60.880	-27.393	0.221
60.900	-25.475	0.241
60.920	-23.230	0.241
60.940	-20.630	0.265
60.960	-17.725	0.252
60.980	-14.577	0.267
61.000	-11.226	0.245
61.020	-7.702	0.249
61.040	-4.071	0.228
61.060	-0.376	0.222
61.080	3.325	0.195
61.100	6.945	0.179
61.120	10.500	0.152
61.140	13.884	0.129
61.160	17.102	0.102
61.180	20.034	0.068
61.200	22.730	0.046
61.220	25.045	0.006
61.240	27.027	-0.012
61.260	28.601	-0.055
61.280	29.788	-0.076
61.300	30.535	-0.112
61.320	30.862	-0.124
61.340	30.744	-0.166
61.360	30.196	-0.178
61.380	29.224	-0.210
61.400	27.806	-0.219
61.420	26.044	-0.236
61.440	23.880	-0.249
61.460	21.361	-0.248
61.480	18.536	-0.264
61.500	15.458	-0.248
61.520	12.144	-0.264
61.540	8.685	-0.232
61.560	5.103	-0.248
61.580	1.439	-0.207
61.600	-2.256	-0.215
61.620	-5.908	-0.170
61.640	-9.496	-0.169
61.660	-12.923	-0.126
61.680	-16.183	-0.115
61.700	-19.212	-0.077
61.720	-21.962	-0.055
61.740	-24.374	-0.019
61.760	-26.458	0.009
61.780	-28.182	0.038
61.800	-29.477	0.071
61.820	-30.341	0.095
61.840	-30.771	0.126
61.860	-30.782	0.146
61.880	-30.374	0.175
61.900	-29.520	0.186
61.920	-28.225	0.217
61.940	-26.506	0.223
61.960	-24.438	0.236
61.980	-22.016	0.245
62.000	-19.271	0.249
62.020	-16.258	0.249
62.040	-13.020	0.246
62.060	-9.566	0.240
62.080	-5.978	0.231
62.100	-2.299	0.216
62.120	1.380	0.200
62.140	5.065	0.181
62.160	8.647	0.154
62.180	12.144	0.136
62.200	15.442	0.103
62.220	18.520	0.081
62.240	21.355	0.046
62.260	23.880	0.021
62.280	26.028	-0.014
62.300	27.828	-0.038
62.320	29.224	-0.076
62.340	30.207	-0.099
62.360	30.744	-0.130
62.380	30.868	-0.157
62.400	30.540	-0.181
62.420	29.772	-0.199
62.440	28.606	-0.221
62.460	27.000	-0.237
62.480	25.067	-0.242
62.500	22.698	-0.262
62.520	20.045	-0.262
62.540	17.112	-0.270
62.560	13.906	-0.261
62.580	10.533	-0.265
62.600	6.988	-0.241
62.620	3.368	-0.241
62.640	-0.317	-0.216
62.660	-4.007	-0.207
62.680	-7.643	-0.172
62.700	-11.129	-0.157
62.720	-14.480	-0.128
62.740	-17.639	-0.102
62.760	-20.561	-0.073
62.780	-23.139	-0.041
62.800	-25.421	-0.013
62.820	-27.312	0.017
62.840	-28.848	0.046
62.860	-29.944	0.079
62.880	-30.599	0.100
62.900	-30.814	0.132
62.920	-30.626	0.158
62.940	-30.008	0.178
62.960	-28.939	0.200
62.980	-27.452	0.213
63.000	-25.577	0.230
63.020	-23.348	0.237
63.040	-20.743	0.245
63.060	-17.864	0.247
63.080	-14.733	0.252
63.100	-11.387	0.245
63.120	-7.869	0.243
63.140	-4.243	0.228
63.160	-0.559	0.220
63.180	3.131	0.194
63.200	6.778	0.176
63.220	10.323	0.150
63.240	13.734	0.132
63.260	16.940	0.096
63.280	19.900	0.076
63.300	22.612	0.038
63.320	24.943	0.014
63.340	26.936	-0.021
63.360	28.531	-0.048
63.380	29.750	-0.076
63.400	30.524	-0.107
63.420	30.862	-0.131
63.440	30.771	-0.161
63.460	30.234	-0.181
63.480	29.278	-0.202
63.500	27.876	-0.219
63.520	26.136	-0.233
63.540	23.987	-0.244
63.560	21.479	-0.251
63.580	18.686	-0.260
63.600	15.619	-0.272
63.620	12.300	-0.269
63.640	8.857	-0.261
63.660	5.264	-0.251
63.680	1.617	-0.239
63.700	-2.079	-0.216
63.720	-5.752	-0.195
63.740	-9.346	-0.176
63.760	-12.772	-0.148
63.780	-16.017	-0.125
63.800	-19.100	-0.089
63.820	-21.860	-0.070
63.840	-24.304	-0.032
63.860	-26.410	-0.010
63.880	-28.128	0.026
63.900	-29.450	0.051
63.920	-30.336	0.088
63.940	-30.766	0.105
63.960	-30.798	0.147
63.980	-30.433	0.169
64.000	-29.589	0.196
64.020	-28.327	0.210
64.040	-26.651	0.233
64.060	-24.589	0.240
64.080	-22.177	0.251
64.100	-19.433	0.255
64.120	-16.425	0.256
64.140	-13.208	0.254
64.160	-9.754	0.249
64.180	-6.187	0.243
64.200	-2.524	0.219
64.220	1.176	0.207
64.240	4.850	0.187
64.260	8.454	0.168
64.280	11.945	0.137
64.300	15.275	0.114
64.320	18.375	0.088
64.340	21.210	0.059
64.360	23.751	0.023
64.380	25.926	-0.003
64.400	27.736	-0.032
64.420	29.160	-0.061
64.440	30.159	-0.087
64.460	30.733	-0.124
64.480	30.873	-0.143
64.500	30.578	-0.177
64.520	29.831	-0.186
64.540	28.676	-0.217
64.560	27.097	-0.218
64.580	25.164	-0.256
64.600	22.816	-0.248
64.620	20.174	-0.268
64.640	17.257	-0.254
64.660	14.067	-0.268
64.680	10.667	-0.250
64.700	7.160	-0.244
64.720	3.518	-0.234
64.740	-0.156	-0.215
64.760	-3.851	-0.200
64.780	-7.482	-0.170
64.800	-11.005	-0.157
64.820	-14.368	-0.124
64.840	-17.537	-0.104
64.860	-20.448	-0.068
64.880	-23.074	-0.044
64.900	-25.346	-0.011
64.920	-27.280	0.018
64.940	-28.837	0.047
64.960	-29.928	0.079
64.980	-30.610	0.105
65.000	-30.830	0.137
65.020	-30.674	0.157
65.040	-30.116	0.184
65.060	-29.068	0.205
65.080	-27.575	0.237
65.100	-25.717	0.244
65.120	-23.488	0.258
65.140	-20.937	0.264
65.160	-18.047	0.269
65.180	-14.916	0.269
65.200	-11.591	0.263
65.220	-8.073	0.252
65.240	-4.442	0.245
65.260	-0.763	0.227
65.280	2.938	0.212
65.300	6.590	0.189
65.320	10.135	0.163
65.340	13.562	0.143
65.360	16.774	0.114
65.380	19.744	0.088
65.400	22.478	0.054
65.420	24.825	0.026
65.440	26.839	-0.004
65.460	28.456	-0.035
65.480	29.691	-0.065
65.500	30.486	-0.095
65.520	30.857	-0.117
65.540	30.776	-0.148
65.560	30.282	-0.165
65.580	29.332	-0.192
65.600	27.978	-0.207
65.620	26.227	-0.228
65.640	24.116	-0.241
65.660	21.608	-0.253
65.680	18.820	-0.254
65.700	15.775	-0.258
65.720	12.477	-0.248
65.740	9.023	-0.245
65.760	5.446	-0.231
65.780	1.783	-0.220
65.800	-1.901	-0.204
65.820	-5.570	-0.179
65.840	-9.158	-0.157
65.860	-12.627	-0.135
65.880	-15.882	-0.111
65.900	-18.949	-0.078
65.920	-21.721	-0.053
65.940	-24.170	-0.022
65.960	-26.302	0.006
65.980	-28.059	0.038
66.000	-29.375	0.063
66.020	-30.288	0.100
66.040	-30.744	0.117
66.060	-30.830	0.153
66.080	-30.427	0.167
66.100	-29.616	0.194
66.120	-28.370	0.209
66.140	-26.710	0.229
66.160	-24.680	0.239
66.180	-22.274	0.250
66.200	-19.556	0.253
66.220	-16.554	0.258
66.240	-13.347	0.252
66.260	-9.904	0.245
66.280	-6.333	0.236
66.300	-2.680	0.224
66.320	1.026	0.209
66.340	4.700	0.188
66.360	8.304	0.167
66.380	11.800	0.139
66.400	15.125	0.117
66.420	18.229	0.084
66.440	21.092	0.061
66.460	23.649	0.030
66.480	25.846	0.003
66.500	27.667	-0.032
66.520	29.101	-0.063
66.540	30.121	-0.091
66.560	30.712	-0.118
66.580	30.873	-0.144
66.600	30.604	-0.173
66.620	29.874	-0.189
66.640	28.741	-0.219
66.660	27.178	-0.221
66.680	25.282	-0.244
66.700	22.951	-0.246
66.720	20.319	-0.260
66.740	17.402	-0.255
66.760	14.244	-0.262
66.780	10.866	-0.252
66.800	7.348	-0.245
66.820	3.717	-0.233
66.840	0.048	-0.215
66.860	-3.642	-0.198
66.880	-7.278	-0.171
66.900	-10.817	-0.156
66.920	-14.169	-0.123
66.940	-17.349	-0.103
66.960	-20.271	-0.065
66.980	-22.913	-0.049
67.000	-25.212	-0.010
67.020	-27.156	0.014
67.040	-28.735	0.046
67.060	-29.853	0.075
67.080	-30.556	0.105
67.100	-30.814	0.129
67.120	-30.674	0.158
67.140	-30.100	0.174
67.160	-29.079	0.197
67.180	-27.618	0.213
67.200	-25.771	0.227
67.220	-23.568	0.233
67.240	-21.033	0.244
67.260	-18.149	0.249
67.280	-15.044	0.248
67.300	-11.709	0.241
67.320	-8.218	0.236
67.340	-4.598	0.225
67.360	-0.918	0.208
67.380	2.777	0.189
67.400	6.424	0.169
67.420	9.979	0.145
67.440	13.412	0.123
67.460	16.640	0.093
67.480	19.621	0.065
67.500	22.365	0.036
67.520	24.723	0.009
67.540	26.753	-0.028
67.560	28.386	-0.052
67.580	29.643	-0.086
67.600	30.449	-0.113
67.620	30.846	-0.142
67.640	30.792	-0.163
67.660	30.304	-0.187
67.680	29.385	-0.212
67.700	28.048	-0.223
67.720	26.318	-0.242
67.740	24.229	-0.249
67.760	21.748	-0.267
67.780	18.971	-0.263
67.800	15.947	-0.269
67.820	12.654	-0.257
67.840	9.206	-0.261
67.860	5.645	-0.245
67.880	1.977	-0.232
67.900	-1.713	-0.213
67.920	-5.376	-0.194
67.940	-8.975	-0.169
67.960	-12.423	-0.148
67.980	-15.700	-0.121
68.000	-18.772	-0.091
68.020	-21.565	-0.064
68.040	-24.030	-0.032
68.060	-26.179	-0.009
68.080	-27.940	0.027
68.100	-29.326	0.055
68.120	-30.229	0.091
68.140	-30.717	0.110
68.160	-30.803	0.140
68.180	-30.454	0.164
68.200	-29.670	0.186
68.220	-28.435	0.198
68.240	-26.780	0.220
68.260	-24.766	0.229
68.280	-22.397	0.243
68.300	-19.707	0.245
68.320	-16.715	0.246
68.340	-13.498	0.248
68.360	-10.065	0.241
68.380	-6.526	0.232
68.400	-2.847	0.217
68.420	0.838	0.202
68.440	4.517	0.183
68.460	8.116	0.161
68.480	11.634	0.133
68.500	14.964	0.113
68.520	18.079	0.079
68.540	20.942	0.057
68.560	23.531	0.018
68.580	25.722	-0.003
68.600	27.591	-0.041
68.620	29.036	-0.062
68.640	30.083	-0.098
68.660	30.696	-0.120
68.680	30.884	-0.154
68.700	30.621	-0.173
68.720	29.912	-0.197
68.740	28.805	-0.215
68.760	27.264	-0.232
68.780	25.384	-0.242
68.800	23.074	-0.256
68.820	20.458	-0.258
68.840	17.558	-0.265
68.860	14.400	-0.261
68.880	11.021	-0.254
68.900	7.514	-0.247
68.920	3.889	-0.236
68.940	0.220	-0.218
68.960	-3.475	-0.202
68.980	-7.122	-0.181
69.000	-10.662	-0.158
69.020	-14.029	-0.124
69.040	-17.220	-0.107
69.060	-20.163	-0.074
69.080	-22.806	-0.045
69.100	-25.104	-0.012
69.120	-27.092	0.008
69.140	-28.682	0.049
69.160	-29.831	0.074
69.180	-30.567	0.106
69.200	-30.830	0.127
69.220	-30.744	0.162
69.240	-30.153	0.171
69.260	-29.176	0.203
69.280	-27.742	0.210
69.300	-25.905	0.232
69.320	-23.724	0.237
69.340	-21.184	0.253
69.360	-18.348	0.252
69.380	-15.238	0.255
69.400	-11.924	0.248
69.420	-8.438	0.246
69.440	-4.807	0.229
69.460	-1.139	0.217
69.480	2.573	0.193
69.500	6.220	0.178
69.520	9.786	0.151
69.540	13.234	0.129
69.560	16.468	0.099
69.580	19.465	0.075
69.600	22.226	0.039
69.620	24.610	0.014
69.640	26.657	-0.017
69.660	28.316	-0.044
69.680	29.595	-0.074
69.700	30.422	-0.103
69.720	30.835	-0.132
69.740	30.803	-0.154
69.760	30.341	-0.178
69.780	29.444	-0.199
69.800	28.123	-0.216
69.820	26.420	-0.229
69.840	24.331	-0.244
69.860	21.860	-0.250
69.880	19.110	-0.252
69.900	16.076	-0.255
69.920	12.794	-0.251
69.940	9.367	-0.246
69.960	5.795	-0.237
69.980	2.138	-0.223
70.000	-1.547	-0.207
70.020	-5.215	-0.181
70.040	-8.835	-0.165
70.060	-12.294	-0.137
70.080	-15.582	-0.112
70.100	-18.670	-0.079
70.120	-21.479	-0.055
70.140	-23.971	-0.023
70.160	-26.120	0.003
70.180	-27.919	0.037
70.200	-29.294	0.069
70.220	-30.250	0.100
70.240	-30.739	0.121
70.260	-30.835	0.152
70.280	-30.513	0.175
70.300	-29.756	0.194
70.320	-28.547	0.212
70.340	-26.920	0.229
70.360	-24.917	0.246
70.380	-22.553	0.253
70.400	-19.862	0.258
70.420	-16.887	0.258
70.440	-13.702	0.258
70.460	-10.280	0.253
70.480	-6.714	0.241
70.500	-3.062	0.233
70.520	0.639	0.212
70.540	4.318	0.195
70.560	7.928	0.170
70.580	11.440	0.149
70.600	14.792	0.125
70.620	17.929	0.092
70.640	20.808	0.068
70.660	23.402	0.036
70.680	25.636	0.008
70.700	27.495	-0.028
70.720	28.972	-0.051
70.740	30.041	-0.086
70.760	30.674	-0.107
70.780	30.878	-0.140
70.800	30.647	-0.157
70.820	29.971	-0.190
70.840	28.870	-0.198
70.860	27.371	-0.223
70.880	25.480	-0.229
70.900	23.192	-0.248
70.920	20.593	-0.244
70.940	17.708	-0.257
70.960	14.561	-0.248
70.980	11.193	-0.250
71.000	7.681	-0.235
71.020	4.077	-0.230
71.040	0.414	-0.207
71.060	-3.282	-0.197
71.080	-6.939	-0.169
71.100	-10.484	-0.150
71.120	-13.863	-0.124
71.140	-17.048	-0.097
71.160	-20.018	-0.062
71.180	-22.677	-0.043
71.200	-25.008	-0.005
71.220	-27.006	0.019
71.240	-28.590	0.055
71.260	-29.761	0.078
71.280	-30.513	0.111
71.300	-30.835	0.133
71.320	-30.733	0.167
71.340	-30.175	0.178
71.360	-29.208	0.207
71.380	-27.795	0.218
71.400	-25.991	0.237
71.420	-23.821	0.237
71.440	-21.307	0.255
71.460	-18.460	0.252
71.480	-15.383	0.264
71.500	-12.085	0.244
71.520	-8.583	0.247
71.540	-4.968	0.229
71.560	-1.284	0.221
71.580	2.412	0.199
71.600	6.069	0.188
71.620	9.625	0.154
71.640	13.089	0.138
71.660	16.323	0.100
71.680	19.320	0.078
71.700	22.107	0.045
71.720	24.503	0.019
71.740	26.565	-0.017
71.760	28.247	-0.043
71.780	29.536	-0.076
71.800	30.390	-0.103
71.820	30.830	-0.128
71.840	30.814	-0.156
