0.000	-5.017	-0.211
0.020	-8.631	-0.191
0.040	-12.117	-0.167
0.060	-15.399	-0.140
0.080	-18.498	-0.111
0.100	-21.323	-0.085
0.120	-23.832	-0.052
0.140	-26.007	-0.021
0.160	-27.817	0.012
0.180	-29.203	0.038
0.200	-30.186	0.079
0.220	-30.707	0.101
0.240	-30.841	0.131
0.260	-30.508	0.153
0.280	-29.756	0.180
0.300	-28.558	0.204
0.320	-26.952	0.222
0.340	-24.970	0.238
0.360	-22.623	0.250
0.380	-19.937	0.259
0.400	-16.967	0.260
0.420	-13.766	0.263
0.440	-10.372	0.256
0.460	-6.811	0.251
0.480	-3.164	0.240
0.500	0.537	0.225
0.520	4.216	0.204
0.540	7.842	0.189
0.560	11.354	0.163
0.580	14.711	0.138
0.600	17.854	0.109
0.620	20.732	0.078
0.640	23.359	0.051
0.660	25.572	0.019
0.680	27.452	-0.017
0.700	28.939	-0.043
0.720	30.024	-0.078
0.740	30.658	-0.105
0.760	30.862	-0.139
0.780	30.647	-0.165
0.800	29.976	-0.189
0.820	28.886	-0.214
0.840	27.371	-0.231
0.860	25.513	-0.246
0.880	23.241	-0.259
0.900	20.636	-0.268
0.920	17.751	-0.276
0.940	14.599	-0.275
0.960	11.252	-0.277
0.980	7.734	-0.266
1.000	4.120	-0.263
1.020	0.457	-0.238
1.040	-3.250	-0.233
1.060	-6.886	-0.204
1.080	-10.458	-0.188
1.100	-13.841	-0.159
1.120	-17.010	-0.139
1.140	-19.997	-0.103
1.160	-22.645	-0.076
1.180	-24.992	-0.042
1.200	-26.995	-0.016
1.220	-28.569	0.019
1.240	-29.761	0.052
1.260	-30.502	0.084
1.280	-30.814	0.106
1.300	-30.707	0.139
1.320	-30.169	0.156
1.340	-29.208	0.186
1.360	-27.774	0.202
1.380	-25.958	0.226
1.400	-23.799	0.235
1.420	-21.280	0.251
1.440	-18.439	0.251
1.460	-15.329	0.259
1.480	-12.042	0.254
1.500	-8.540	0.255
1.520	-4.925	0.242
1.540	-1.262	0.232
1.560	2.455	0.209
1.580	6.096	0.197
1.600	9.673	0.169
1.620	13.100	0.148
1.640	16.371	0.118
1.660	19.374	0.094
1.680	22.129	0.060
1.700	24.530	0.030
1.720	26.598	-0.002
1.740	28.263	-0.034
1.760	29.546	-0.061
1.780	30.406	-0.096
1.800	30.825	-0.122
1.820	30.798	-0.152
1.840	30.347	-0.176
1.860	29.460	-0.201
1.880	28.161	-0.224
1.900	26.463	-0.239
1.920	24.385	-0.253
1.940	21.919	-0.265
1.960	19.180	-0.274
1.980	16.151	-0.274
2.000	12.875	-0.277
2.020	9.448	-0.265
2.040	5.865	-0.263
2.060	2.208	-0.246
2.080	-1.472	-0.237
2.100	-5.140	-0.210
2.120	-8.760	-0.195
2.140	-12.219	-0.170
2.160	-15.512	-0.147
2.180	-18.600	-0.114
2.200	-21.415	-0.089
2.220	-23.917	-0.054
2.240	-26.061	-0.026
2.260	-27.881	0.005
2.280	-29.272	0.041
2.300	-30.239	0.070
2.320	-30.733	0.098
2.340	-30.825	0.131
2.360	-30.513	0.153
2.380	-29.740	0.181
2.400	-28.531	0.199
2.420	-26.909	0.222
2.440	-24.917	0.236
2.460	-22.553	0.251
2.480	-19.868	0.255
2.500	-16.881	0.259
2.520	-13.691	0.261
2.540	-10.270	0.253
2.560	-6.703	0.254
2.580	-3.051	0.243
2.600	0.645	0.228
2.620	4.334	0.209
2.640	7.949	0.187
2.660	11.451	0.167
2.680	14.813	0.143
2.700	17.950	0.110
2.720	20.829	0.086
2.740	23.429	0.048
2.760	25.642	0.022
2.780	27.511	-0.015
2.800	28.982	-0.041
2.820	30.041	-0.073
2.840	30.674	-0.099
2.860	30.873	-0.135
2.880	30.631	-0.157
2.900	29.944	-0.184
2.920	28.848	-0.205
2.940	27.307	-0.220
2.960	25.437	-0.238
2.980	23.139	-0.253
3.000	20.523	-0.263
3.020	17.623	-0.265
3.040	14.480	-0.267
3.060	11.124	-0.262
3.080	7.595	-0.260
3.100	3.964	-0.250
3.120	0.295	-0.233
3.140	-3.400	-0.218
3.160	-7.047	-0.192
3.180	-10.597	-0.176
3.200	-13.965	-0.146
3.220	-17.155	-0.126
3.240	-20.125	-0.089
3.260	-22.768	-0.061
3.280	-25.094	-0.030
3.300	-27.092	-0.004
3.320	-28.682	0.032
3.340	-29.836	0.060
3.360	-30.583	0.097
3.380	-30.814	0.119
3.400	-30.744	0.156
3.420	-30.191	0.171
3.440	-29.197	0.202
3.460	-27.779	0.214
3.480	-25.937	0.243
3.500	-23.767	0.251
3.520	-21.210	0.264
3.540	-18.369	0.268
3.560	-15.281	0.273
3.580	-11.961	0.268
3.600	-8.459	0.268
3.620	-4.829	0.253
3.640	-1.149	0.244
3.660	2.551	0.223
3.680	6.220	0.208
3.700	9.775	0.185
3.720	13.229	0.160
3.740	16.462	0.131
3.760	19.470	0.106
3.780	22.220	0.072
3.800	24.610	0.044
3.820	26.646	0.015
3.840	28.322	-0.018
3.860	29.600	-0.050
3.880	30.422	-0.084
3.900	30.841	-0.110
3.920	30.798	-0.138
3.940	30.336	-0.164
3.960	29.434	-0.187
3.980	28.107	-0.209
4.000	26.377	-0.228
4.020	24.310	-0.242
4.040	21.839	-0.251
4.060	19.067	-0.260
4.080	16.043	-0.264
4.100	12.762	-0.261
4.120	9.308	-0.258
4.140	5.742	-0.251
4.160	2.084	-0.236
4.180	-1.606	-0.231
4.200	-5.274	-0.201
4.220	-8.884	-0.186
4.240	-12.359	-0.158
4.260	-15.635	-0.134
4.280	-18.718	-0.101
4.300	-21.506	-0.076
4.320	-24.009	-0.045
4.340	-26.141	-0.015
4.360	-27.924	0.015
4.380	-29.299	0.048
4.400	-30.239	0.082
4.420	-30.750	0.106
4.440	-30.835	0.139
4.460	-30.470	0.165
4.480	-29.708	0.187
4.500	-28.483	0.210
4.520	-26.850	0.228
4.540	-24.831	0.243
4.560	-22.451	0.257
4.580	-19.750	0.264
4.600	-16.758	0.268
4.620	-13.573	0.268
4.640	-10.135	0.259
4.660	-6.569	0.256
4.680	-2.906	0.243
4.700	0.784	0.229
4.720	4.463	0.213
4.740	8.062	0.194
4.760	11.580	0.165
4.780	14.921	0.140
4.800	18.047	0.113
4.820	20.915	0.088
4.840	23.504	0.054
4.860	25.717	0.027
4.880	27.554	-0.012
4.900	29.025	-0.036
4.920	30.078	-0.078
4.940	30.696	-0.099
4.960	30.884	-0.135
4.980	30.615	-0.155
5.000	29.912	-0.186
5.020	28.800	-0.205
5.040	27.242	-0.227
5.060	25.368	-0.236
5.080	23.074	-0.255
5.100	20.448	-0.264
5.120	17.542	-0.271
5.140	14.373	-0.267
5.160	11.000	-0.265
5.180	7.482	-0.262
5.200	3.873	-0.255
5.220	0.204	-0.241
5.240	-3.491	-0.224
5.260	-7.133	-0.196
5.280	-10.683	-0.181
5.300	-14.045	-0.153
5.320	-17.252	-0.129
5.340	-20.179	-0.094
5.360	-22.827	-0.072
5.380	-25.137	-0.035
5.400	-27.092	-0.010
5.420	-28.676	0.027
5.440	-29.820	0.054
5.460	-30.545	0.093
5.480	-30.830	0.109
5.500	-30.690	0.147
5.520	-30.121	0.163
5.540	-29.117	0.192
5.560	-27.672	0.206
5.580	-25.819	0.230
5.600	-23.627	0.235
5.620	-21.103	0.255
5.640	-18.224	0.254
5.660	-15.141	0.261
5.680	-11.816	0.252
5.700	-8.314	0.255
5.720	-4.684	0.239
5.740	-0.988	0.235
5.760	2.696	0.210
5.780	6.349	0.196
5.800	9.899	0.167
5.820	13.347	0.147
5.840	16.570	0.117
5.860	19.567	0.090
5.880	22.312	0.056
5.900	24.691	0.031
5.920	26.716	-0.006
5.940	28.365	-0.031
5.960	29.627	-0.069
5.980	30.443	-0.094
6.000	30.841	-0.127
6.020	30.787	-0.153
6.040	30.309	-0.182
6.060	29.396	-0.203
6.080	28.053	-0.227
6.100	26.329	-0.239
6.120	24.234	-0.256
6.140	21.748	-0.268
6.160	18.976	-0.275
6.180	15.941	-0.280
6.200	12.644	-0.276
6.220	9.217	-0.272
6.240	5.634	-0.265
6.260	1.971	-0.252
6.280	-1.703	-0.236
6.300	-5.398	-0.214
6.320	-8.991	-0.197
6.340	-12.450	-0.172
6.360	-15.716	-0.148
6.380	-18.788	-0.118
6.400	-21.586	-0.090
6.420	-24.062	-0.054
6.440	-26.200	-0.029
6.460	-27.967	0.008
6.480	-29.315	0.036
6.500	-30.255	0.073
6.520	-30.723	0.095
6.540	-30.798	0.129
6.560	-30.449	0.149
6.580	-29.654	0.177
6.600	-28.429	0.196
6.620	-26.759	0.218
6.640	-24.745	0.230
6.660	-22.371	0.246
6.680	-19.653	0.253
6.700	-16.656	0.259
6.720	-13.428	0.259
6.740	-10.028	0.255
6.760	-6.451	0.246
6.780	-2.777	0.236
6.800	0.924	0.224
6.820	4.603	0.204
6.840	8.196	0.186
6.860	11.704	0.157
6.880	15.039	0.135
6.900	18.154	0.103
6.920	21.022	0.079
6.940	23.584	0.046
6.960	25.787	0.018
6.980	27.613	-0.018
7.000	29.068	-0.045
7.020	30.100	-0.081
7.040	30.701	-0.107
7.060	30.873	-0.140
7.080	30.610	-0.162
7.100	29.890	-0.190
7.120	28.746	-0.213
7.140	27.199	-0.229
7.160	25.298	-0.245
7.180	22.988	-0.261
7.200	20.351	-0.267
7.220	17.435	-0.275
7.240	14.260	-0.271
7.260	10.882	-0.269
7.280	7.358	-0.262
7.300	3.728	-0.257
7.320	0.059	-0.236
7.340	-3.642	-0.225
7.360	-7.272	-0.201
7.380	-10.812	-0.184
7.400	-14.185	-0.151
7.420	-17.354	-0.126
7.440	-20.308	-0.094
7.460	-22.935	-0.068
7.480	-25.244	-0.034
7.500	-27.205	-0.008
7.520	-28.757	0.029
7.540	-29.879	0.060
7.560	-30.599	0.094
7.580	-30.857	0.117
7.600	-30.712	0.147
7.620	-30.126	0.167
7.640	-29.106	0.200
7.660	-27.650	0.210
7.680	-25.803	0.240
7.700	-23.601	0.246
7.720	-21.033	0.259
7.740	-18.170	0.257
7.760	-15.039	0.268
7.780	-11.720	0.255
7.800	-8.218	0.264
7.820	-4.598	0.247
7.840	-0.897	0.243
7.860	2.798	0.216
7.880	6.456	0.206
7.900	10.006	0.173
7.920	13.438	0.155
7.940	16.672	0.123
7.960	19.653	0.101
7.980	22.381	0.066
8.000	24.750	0.037
8.020	26.775	0.002
8.040	28.408	-0.024
8.060	29.665	-0.057
8.080	30.476	-0.086
8.100	30.835	-0.117
8.120	30.787	-0.143
8.140	30.288	-0.169
8.160	29.353	-0.193
8.180	27.994	-0.214
8.200	26.265	-0.228
8.220	24.154	-0.246
8.240	21.656	-0.252
8.260	18.874	-0.264
8.280	15.823	-0.263
8.300	12.531	-0.269
8.320	9.072	-0.252
8.340	5.484	-0.258
8.360	1.826	-0.235
8.380	-1.864	-0.226
8.400	-5.527	-0.200
8.420	-9.158	-0.188
8.440	-12.601	-0.154
8.460	-15.872	-0.135
8.480	-18.922	-0.097
8.500	-21.705	-0.076
8.520	-24.175	-0.039
8.540	-26.308	-0.014
8.560	-28.069	0.021
8.580	-29.401	0.049
8.600	-30.325	0.085
8.620	-30.760	0.107
8.640	-30.825	0.147
8.660	-30.465	0.168
8.680	-29.659	0.193
8.700	-28.392	0.214
8.720	-26.727	0.232
8.740	-24.691	0.244
8.760	-22.306	0.263
8.780	-19.578	0.268
8.800	-16.559	0.272
8.820	-13.369	0.270
8.840	-9.915	0.268
8.860	-6.327	0.260
8.880	-2.686	0.245
8.900	1.026	0.229
8.920	4.705	0.218
8.940	8.298	0.193
8.960	11.822	0.171
8.980	15.141	0.143
9.000	18.256	0.118
9.020	21.108	0.088
9.040	23.665	0.055
9.060	25.851	0.029
9.080	27.677	-0.007
9.100	29.106	-0.037
9.120	30.126	-0.074
9.140	30.712	-0.097
9.160	30.862	-0.125
9.180	30.583	-0.151
9.200	29.842	-0.184
9.220	28.708	-0.197
9.240	27.146	-0.225
9.260	25.228	-0.233
9.280	22.886	-0.252
9.300	20.249	-0.255
9.320	17.333	-0.269
9.340	14.147	-0.263
9.360	10.774	-0.264
9.380	7.256	-0.254
9.400	3.609	-0.249
9.420	-0.070	-0.230
9.440	-3.754	-0.217
9.460	-7.380	-0.193
9.480	-10.925	-0.172
9.500	-14.287	-0.144
9.520	-17.456	-0.120
9.540	-20.373	-0.089
9.560	-22.978	-0.062
9.580	-25.282	-0.029
9.600	-27.221	0.001
9.620	-28.784	0.036
9.640	-29.896	0.065
9.660	-30.599	0.097
9.680	-30.830	0.118
9.700	-30.680	0.156
9.720	-30.067	0.173
9.740	-29.036	0.202
9.760	-27.575	0.215
9.780	-25.695	0.236
9.800	-23.477	0.248
9.820	-20.915	0.262
9.840	-18.025	0.262
9.860	-14.926	0.271
9.880	-11.575	0.258
9.900	-8.067	0.260
9.920	-4.437	0.243
9.940	-0.747	0.238
9.960	2.943	0.212
9.980	6.596	0.201
10.000	10.141	0.175
10.020	13.567	0.152
10.040	16.779	0.119
10.060	19.755	0.098
10.080	22.494	0.060
10.100	24.836	0.036
10.120	26.839	-0.004
10.140	28.467	-0.027
10.160	29.691	-0.064
10.180	30.486	-0.091
10.200	30.857	-0.120
10.220	30.771	-0.151
10.240	30.271	-0.176
10.260	29.310	-0.197
10.280	27.951	-0.223
10.300	26.200	-0.235
10.320	24.079	-0.254
10.340	21.581	-0.261
10.360	18.783	-0.272
10.380	15.721	-0.272
10.400	12.418	-0.274
10.420	8.975	-0.265
10.440	5.393	-0.261
10.460	1.719	-0.247
10.480	-1.966	-0.235
10.500	-5.645	-0.213
10.520	-9.222	-0.194
10.540	-12.676	-0.166
10.560	-15.931	-0.145
10.580	-18.998	-0.112
10.600	-21.774	-0.087
10.620	-24.202	-0.051
10.640	-26.329	-0.024
10.660	-28.064	0.011
10.680	-29.401	0.039
10.700	-30.298	0.076
10.720	-30.728	0.095
10.740	-30.803	0.130
10.760	-30.406	0.152
10.780	-29.595	0.180
10.800	-28.311	0.198
10.820	-26.630	0.218
10.840	-24.594	0.231
10.860	-22.183	0.245
10.880	-19.454	0.252
10.900	-16.436	0.258
10.920	-13.218	0.254
10.940	-9.770	0.255
10.960	-6.204	0.241
10.980	-2.530	0.233
11.000	1.176	0.217
11.020	4.834	0.199
11.040	8.449	0.181
11.060	11.951	0.150
11.080	15.259	0.133
11.100	18.358	0.098
11.120	21.200	0.073
11.140	23.740	0.036
11.160	25.921	0.013
11.180	27.736	-0.023
11.200	29.160	-0.051
11.220	30.153	-0.086
11.240	30.723	-0.112
11.260	30.862	-0.147
11.280	30.572	-0.167
11.300	29.826	-0.197
11.320	28.660	-0.217
11.340	27.097	-0.238
11.360	25.164	-0.249
11.380	22.816	-0.270
11.400	20.163	-0.271
11.420	17.230	-0.281
11.440	14.040	-0.275
11.460	10.667	-0.278
11.480	7.144	-0.267
11.500	3.502	-0.259
11.520	-0.177	-0.237
11.540	-3.873	-0.228
11.560	-7.493	-0.201
11.580	-11.027	-0.186
11.600	-14.378	-0.154
11.620	-17.553	-0.129
11.640	-20.464	-0.097
11.660	-23.063	-0.072
11.680	-25.352	-0.038
11.700	-27.274	-0.010
11.720	-28.811	0.027
11.740	-29.917	0.056
11.760	-30.572	0.089
11.780	-30.814	0.114
11.800	-30.647	0.145
11.820	-30.046	0.165
11.840	-28.977	0.195
11.860	-27.516	0.208
11.880	-25.631	0.233
11.900	-23.402	0.243
11.920	-20.824	0.254
11.940	-17.929	0.253
11.960	-14.803	0.263
11.980	-11.478	0.255
12.000	-7.944	0.251
12.020	-4.308	0.242
12.040	-0.634	0.234
12.060	3.067	0.211
12.080	6.703	0.197
12.100	10.253	0.168
12.120	13.680	0.148
12.140	16.881	0.117
12.160	19.857	0.093
12.180	22.564	0.056
12.200	24.900	0.030
12.220	26.904	-0.006
12.240	28.504	-0.031
12.260	29.729	-0.064
12.280	30.502	-0.095
12.300	30.846	-0.126
12.320	30.766	-0.147
12.340	30.229	-0.176
12.360	29.278	-0.197
12.380	27.892	-0.221
12.400	26.130	-0.238
12.420	23.982	-0.251
12.440	21.468	-0.263
12.460	18.675	-0.267
12.480	15.598	-0.271
12.500	12.284	-0.268
12.520	8.835	-0.265
12.540	5.253	-0.255
12.560	1.579	-0.241
12.580	-2.116	-0.226
12.600	-5.785	-0.205
12.620	-9.378	-0.188
12.640	-12.821	-0.162
12.660	-16.070	-0.142
12.680	-19.126	-0.107
12.700	-21.898	-0.078
12.720	-24.336	-0.040
12.740	-26.420	-0.020
12.760	-28.161	0.019
12.780	-29.471	0.045
12.800	-30.374	0.085
12.820	-30.782	0.106
12.840	-30.830	0.138
12.860	-30.433	0.161
12.880	-29.605	0.191
12.900	-28.316	0.210
12.920	-26.630	0.231
12.940	-24.551	0.242
12.960	-22.150	0.259
12.980	-19.390	0.260
13.000	-16.387	0.268
13.020	-13.138	0.264
13.040	-9.700	0.266
13.060	-6.118	0.257
13.080	-2.433	0.248
13.100	1.262	0.228
13.120	4.947	0.212
13.140	8.529	0.189
13.160	12.031	0.164
13.180	15.351	0.141
13.200	18.444	0.114
13.220	21.291	0.085
13.240	23.832	0.048
13.260	25.991	0.023
13.280	27.779	-0.010
13.300	29.197	-0.039
13.320	30.175	-0.072
13.340	30.733	-0.101
13.360	30.857	-0.130
13.380	30.551	-0.157
13.400	29.783	-0.180
13.420	28.617	-0.200
13.440	27.038	-0.222
13.460	25.078	-0.232
13.480	22.736	-0.254
13.500	20.066	-0.255
13.520	17.118	-0.268
13.540	13.922	-0.263
13.560	10.527	-0.260
13.580	7.004	-0.253
13.600	3.373	-0.242
13.620	-0.322	-0.231
13.640	-3.996	-0.212
13.660	-7.648	-0.188
13.680	-11.177	-0.169
13.700	-14.523	-0.138
13.720	-17.676	-0.114
13.740	-20.577	-0.082
13.760	-23.176	-0.058
13.780	-25.454	-0.022
13.800	-27.366	0.007
13.820	-28.880	0.042
13.840	-29.965	0.071
13.860	-30.615	0.102
13.880	-30.868	0.125
13.900	-30.653	0.162
13.920	-30.035	0.178
13.940	-28.961	0.208
13.960	-27.441	0.221
13.980	-25.566	0.243
14.000	-23.327	0.250
14.020	-20.743	0.259
14.040	-17.843	0.267
14.060	-14.701	0.272
14.080	-11.371	0.268
14.100	-7.831	0.264
14.120	-4.189	0.248
14.140	-0.510	0.242
14.160	3.190	0.219
14.180	6.832	0.201
14.200	10.388	0.178
14.220	13.788	0.156
14.240	17.000	0.123
14.260	19.959	0.099
14.280	22.650	0.065
14.300	24.986	0.043
14.320	26.968	0.001
14.340	28.563	-0.025
14.360	29.767	-0.063
14.380	30.524	-0.086
14.400	30.862	-0.119
14.420	30.755	-0.143
14.440	30.212	-0.173
14.460	29.235	-0.192
14.480	27.854	-0.218
14.500	26.066	-0.230
14.520	23.917	-0.248
14.540	21.393	-0.255
14.560	18.573	-0.267
14.580	15.506	-0.266
14.600	12.208	-0.266
14.620	8.739	-0.255
14.640	5.140	-0.256
14.660	1.488	-0.238
14.680	-2.218	-0.229
14.700	-5.876	-0.201
14.720	-9.485	-0.184
14.740	-12.917	-0.158
14.760	-16.146	-0.133
14.780	-19.202	-0.101
14.800	-21.936	-0.078
14.820	-24.385	-0.042
14.840	-26.469	-0.017
14.860	-28.177	0.020
14.880	-29.466	0.048
14.900	-30.347	0.087
14.920	-30.760	0.104
14.940	-30.803	0.140
14.960	-30.379	0.160
14.980	-29.530	0.190
15.000	-28.204	0.205
15.020	-26.517	0.230
15.040	-24.438	0.239
15.060	-22.027	0.257
15.080	-19.255	0.257
15.100	-16.237	0.267
15.120	-12.993	0.263
15.140	-9.544	0.262
15.160	-5.962	0.246
15.180	-2.293	0.238
15.200	1.418	0.218
15.220	5.086	0.206
15.240	8.674	0.181
15.260	12.166	0.159
15.280	15.469	0.134
15.300	18.552	0.102
15.320	21.388	0.074
15.340	23.901	0.042
15.360	26.061	0.013
15.380	27.844	-0.020
15.400	29.224	-0.052
15.420	30.212	-0.085
15.440	30.750	-0.111
15.460	30.857	-0.146
15.480	30.535	-0.166
15.500	29.756	-0.198
15.520	28.569	-0.215
15.540	26.968	-0.238
15.560	25.013	-0.246
15.580	22.634	-0.265
15.600	19.975	-0.269
15.620	17.042	-0.277
15.640	13.820	-0.276
15.660	10.420	-0.271
15.680	6.891	-0.265
15.700	3.244	-0.256
15.720	-0.424	-0.239
15.740	-4.104	-0.223
15.760	-7.745	-0.201
15.780	-11.252	-0.180
15.800	-14.604	-0.156
15.820	-17.762	-0.128
15.840	-20.646	-0.098
15.860	-23.225	-0.068
15.880	-25.486	-0.037
15.900	-27.387	-0.005
15.920	-28.902	0.029
15.940	-29.960	0.059
15.960	-30.615	0.090
15.980	-30.814	0.115
16.000	-30.615	0.148
16.020	-29.981	0.164
16.040	-28.891	0.197
16.060	-27.382	0.208
16.080	-25.486	0.230
16.100	-23.241	0.237
16.120	-20.614	0.255
16.140	-17.719	0.253
16.160	-14.583	0.264
16.180	-11.220	0.248
16.200	-7.708	0.251
16.220	-4.055	0.239
16.240	-0.381	0.229
16.260	3.314	0.202
16.280	6.950	0.191
16.300	10.506	0.162
16.320	13.906	0.143
16.340	17.107	0.112
16.360	20.040	0.085
16.380	22.747	0.053
16.400	25.051	0.027
16.420	27.033	-0.012
16.440	28.612	-0.035
16.460	29.788	-0.070
16.480	30.545	-0.097
16.500	30.841	-0.134
16.520	30.733	-0.156
16.540	30.169	-0.184
16.560	29.192	-0.203
16.580	27.795	-0.230
16.600	26.001	-0.237
16.620	23.837	-0.263
16.640	21.312	-0.263
16.660	18.477	-0.280
16.680	15.404	-0.272
16.700	12.085	-0.280
16.720	8.615	-0.267
16.740	5.011	-0.261
16.760	1.354	-0.243
16.780	-2.347	-0.234
16.800	-6.005	-0.206
16.820	-9.593	-0.192
16.840	-13.036	-0.164
16.860	-16.269	-0.140
16.880	-19.304	-0.109
16.900	-22.043	-0.084
16.920	-24.455	-0.045
16.940	-26.539	-0.020
16.960	-28.230	0.015
16.980	-29.530	0.044
17.000	-30.395	0.081
17.020	-30.766	0.103
17.040	-30.782	0.140
17.060	-30.363	0.159
17.080	-29.503	0.188
17.100	-28.187	0.201
17.120	-26.463	0.228
17.140	-24.379	0.236
17.160	-21.941	0.255
17.180	-19.186	0.258
17.200	-16.151	0.265
17.220	-12.896	0.255
17.240	-9.448	0.260
17.260	-5.844	0.247
17.280	-2.175	0.246
17.300	1.509	0.218
17.320	5.194	0.208
17.340	8.792	0.180
17.360	12.284	0.159
17.380	15.576	0.131
17.400	18.648	0.105
17.420	21.474	0.074
17.440	23.966	0.046
17.460	26.120	0.011
17.480	27.897	-0.017
17.500	29.278	-0.047
17.520	30.229	-0.080
17.540	30.755	-0.110
17.560	30.852	-0.140
17.580	30.513	-0.166
17.600	29.724	-0.192
17.620	28.526	-0.212
17.640	26.904	-0.229
17.660	24.938	-0.244
17.680	22.564	-0.258
17.700	19.878	-0.263
17.720	16.908	-0.268
17.740	13.696	-0.267
17.760	10.291	-0.267
17.780	6.751	-0.255
17.800	3.115	-0.247
17.820	-0.585	-0.231
17.840	-4.265	-0.215
17.860	-7.896	-0.190
17.880	-11.387	-0.172
17.900	-14.744	-0.144
17.920	-17.913	-0.118
17.940	-20.781	-0.086
17.960	-23.364	-0.056
17.980	-25.609	-0.023
18.000	-27.489	0.002
18.020	-28.993	0.037
18.040	-30.051	0.069
18.060	-30.669	0.103
18.080	-30.857	0.127
18.100	-30.637	0.158
18.120	-29.992	0.179
18.140	-28.896	0.206
18.160	-27.366	0.221
18.180	-25.464	0.244
18.200	-23.176	0.254
18.220	-20.571	0.264
18.240	-17.644	0.264
18.260	-14.507	0.271
18.280	-11.150	0.266
18.300	-7.611	0.265
18.320	-3.953	0.253
18.340	-0.269	0.241
18.360	3.427	0.220
18.380	7.058	0.202
18.400	10.603	0.181
18.420	14.002	0.156
18.440	17.182	0.122
18.460	20.125	0.101
18.480	22.816	0.065
18.500	25.126	0.041
18.520	27.097	0.001
18.540	28.649	-0.026
18.560	29.836	-0.057
18.580	30.562	-0.085
18.600	30.846	-0.122
18.620	30.728	-0.144
18.640	30.164	-0.172
18.660	29.160	-0.188
18.680	27.742	-0.215
18.700	25.942	-0.226
18.720	23.751	-0.247
18.740	21.200	-0.251
18.760	18.375	-0.263
18.780	15.292	-0.259
18.800	11.961	-0.266
18.820	8.481	-0.252
18.840	4.882	-0.253
18.860	1.225	-0.233
18.880	-2.476	-0.223
18.900	-6.150	-0.197
18.920	-9.722	-0.178
18.940	-13.148	-0.151
18.960	-16.382	-0.128
18.980	-19.390	-0.093
19.000	-22.134	-0.068
19.020	-24.541	-0.035
19.040	-26.619	-0.007
19.060	-28.284	0.027
19.080	-29.541	0.055
19.100	-30.411	0.091
19.120	-30.792	0.113
19.140	-30.792	0.150
19.160	-30.331	0.166
19.180	-29.460	0.195
19.200	-28.134	0.213
19.220	-26.399	0.232
19.240	-24.293	0.244
19.260	-21.855	0.262
19.280	-19.067	0.265
19.300	-16.033	0.270
19.320	-12.783	0.267
19.340	-9.308	0.266
19.360	-5.720	0.254
19.380	-2.030	0.245
19.400	1.665	0.227
19.420	5.328	0.211
19.440	8.921	0.188
19.460	12.396	0.161
19.480	15.689	0.136
19.500	18.745	0.109
19.520	21.570	0.077
19.540	24.057	0.048
19.560	26.189	0.018
19.580	27.957	-0.016
19.600	29.321	-0.046
19.620	30.261	-0.079
19.640	30.771	-0.104
19.660	30.846	-0.138
19.680	30.492	-0.163
19.700	29.697	-0.188
19.720	28.478	-0.212
19.740	26.845	-0.230
19.760	24.863	-0.242
19.780	22.483	-0.259
19.800	19.782	-0.260
19.820	16.817	-0.272
19.840	13.589	-0.267
19.860	10.194	-0.267
19.880	6.644	-0.256
19.900	3.002	-0.249
19.920	-0.687	-0.235
19.940	-4.367	-0.216
19.960	-8.003	-0.193
19.980	-11.516	-0.173
20.000	-14.819	-0.144
20.020	-17.966	-0.118
20.040	-20.845	-0.087
20.060	-23.391	-0.056
20.080	-25.636	-0.025
20.100	-27.511	0.002
20.120	-28.993	0.036
20.140	-30.030	0.068
20.160	-30.621	0.096
20.180	-30.841	0.124
20.200	-30.583	0.154
20.220	-29.922	0.172
20.240	-28.800	0.200
20.260	-27.274	0.213
20.280	-25.346	0.236
20.300	-23.063	0.244
20.320	-20.442	0.254
20.340	-17.526	0.257
20.360	-14.362	0.266
20.380	-10.995	0.257
20.400	-7.460	0.254
20.420	-3.813	0.237
20.440	-0.129	0.229
20.460	3.566	0.205
20.480	7.187	0.193
20.500	10.737	0.161
20.520	14.121	0.145
20.540	17.311	0.110
20.560	20.238	0.083
20.580	22.913	0.052
20.600	25.201	0.027
20.620	27.151	-0.015
20.640	28.703	-0.036
20.660	29.853	-0.074
20.680	30.578	-0.101
20.700	30.862	-0.134
20.720	30.712	-0.161
20.740	30.110	-0.186
20.760	29.117	-0.205
20.780	27.683	-0.233
20.800	25.867	-0.242
20.820	23.681	-0.263
20.840	21.119	-0.263
20.860	18.283	-0.281
20.880	15.184	-0.270
20.900	11.838	-0.280
20.920	8.363	-0.266
20.940	4.780	-0.265
20.960	1.112	-0.247
20.980	-2.578	-0.235
21.000	-6.241	-0.209
21.020	-9.824	-0.194
21.040	-13.240	-0.162
21.060	-16.468	-0.143
21.080	-19.486	-0.110
21.100	-22.183	-0.085
21.120	-24.600	-0.046
21.140	-26.646	-0.022
21.160	-28.338	0.015
21.180	-29.573	0.043
21.200	-30.406	0.079
21.220	-30.776	0.101
21.240	-30.739	0.138
21.260	-30.293	0.156
21.280	-29.407	0.187
21.300	-28.048	0.199
21.320	-26.313	0.229
21.340	-24.213	0.232
21.360	-21.748	0.255
21.380	-18.965	0.252
21.400	-15.904	0.262
21.420	-12.654	0.255
21.440	-9.179	0.256
21.460	-5.591	0.244
21.480	-1.912	0.235
21.500	1.783	0.214
21.520	5.457	0.201
21.540	9.040	0.175
21.560	12.515	0.155
21.580	15.791	0.126
21.600	18.853	0.099
21.620	21.656	0.065
21.640	24.138	0.038
21.660	26.265	0.009
21.680	28.000	-0.025
21.700	29.358	-0.056
21.720	30.282	-0.085
21.740	30.787	-0.114
21.760	30.857	-0.146
21.780	30.486	-0.169
21.800	29.659	-0.195
21.820	28.429	-0.215
21.840	26.780	-0.233
21.860	24.788	-0.250
21.880	22.387	-0.260
21.900	19.701	-0.269
21.920	16.715	-0.271
21.940	13.487	-0.276
21.960	10.082	-0.267
21.980	6.521	-0.261
22.000	2.884	-0.249
22.020	-0.811	-0.237
22.040	-4.496	-0.217
22.060	-8.132	-0.196
22.080	-11.612	-0.172
22.100	-14.953	-0.147
22.120	-18.074	-0.117
22.140	-20.942	-0.090
22.160	-23.504	-0.058
22.180	-25.711	-0.030
22.200	-27.607	0.000
22.220	-29.074	0.034
22.240	-30.083	0.069
22.260	-30.669	0.094
22.280	-30.841	0.126
22.300	-30.610	0.154
22.320	-29.912	0.175
22.340	-28.805	0.197
22.360	-27.237	0.219
22.380	-25.298	0.238
22.400	-23.015	0.251
22.420	-20.378	0.259
22.440	-17.435	0.260
22.460	-14.282	0.266
22.480	-10.898	0.261
22.500	-7.364	0.258
22.520	-3.711	0.245
22.540	-0.016	0.235
22.560	3.674	0.214
22.580	7.315	0.195
22.600	10.850	0.169
22.620	14.228	0.147
22.640	17.402	0.117
22.660	20.324	0.094
22.680	22.988	0.059
22.700	25.271	0.032
22.720	27.215	-0.006
22.740	28.746	-0.031
22.760	29.901	-0.063
22.780	30.604	-0.093
22.800	30.873	-0.128
22.820	30.712	-0.149
22.840	30.110	-0.176
22.860	29.084	-0.197
22.880	27.624	-0.220
22.900	25.808	-0.233
22.920	23.601	-0.250
22.940	21.028	-0.255
22.960	18.176	-0.267
22.980	15.066	-0.264
23.000	11.720	-0.261
23.020	8.250	-0.255
23.040	4.635	-0.250
23.060	0.967	-0.234
23.080	-2.729	-0.220
23.100	-6.392	-0.197
23.120	-9.958	-0.179
23.140	-13.385	-0.151
23.160	-16.602	-0.127
23.180	-19.621	-0.093
23.200	-22.312	-0.068
23.220	-24.696	-0.031
23.240	-26.753	-0.005
23.260	-28.408	0.029
23.280	-29.648	0.056
23.300	-30.465	0.095
23.320	-30.814	0.114
23.340	-30.792	0.155
23.360	-30.298	0.170
23.380	-29.407	0.201
23.400	-28.048	0.214
23.420	-26.286	0.238
23.440	-24.154	0.248
23.460	-21.688	0.264
23.480	-18.890	0.265
23.500	-15.829	0.274
23.520	-12.542	0.270
23.540	-9.061	0.270
23.560	-5.462	0.257
23.580	-1.799	0.248
23.600	1.912	0.228
23.620	5.581	0.212
23.640	9.158	0.189
23.660	12.622	0.165
23.680	15.898	0.139
23.700	18.960	0.114
23.720	21.758	0.078
23.740	24.213	0.052
23.760	26.324	0.018
23.780	28.059	-0.013
23.800	29.401	-0.043
23.820	30.314	-0.078
23.840	30.798	-0.102
23.860	30.841	-0.132
23.880	30.449	-0.163
23.900	29.622	-0.184
23.920	28.386	-0.207
23.940	26.727	-0.226
23.960	24.718	-0.241
23.980	22.312	-0.251
24.000	19.594	-0.257
24.020	16.602	-0.267
24.040	13.363	-0.263
24.060	9.947	-0.261
24.080	6.408	-0.250
24.100	2.761	-0.241
24.120	-0.929	-0.228
24.140	-4.619	-0.207
24.160	-8.250	-0.188
24.180	-11.747	-0.161
24.200	-15.034	-0.140
24.220	-18.160	-0.109
24.240	-21.033	-0.084
24.260	-23.552	-0.055
24.280	-25.765	-0.021
24.300	-27.629	0.010
24.320	-29.084	0.044
24.340	-30.089	0.075
24.360	-30.658	0.102
24.380	-30.835	0.131
24.400	-30.567	0.158
24.420	-29.853	0.182
24.440	-28.725	0.207
24.460	-27.172	0.222
24.480	-25.207	0.238
24.500	-22.892	0.251
24.520	-20.254	0.265
24.540	-17.306	0.267
24.560	-14.158	0.268
24.580	-10.774	0.264
24.600	-7.208	0.258
24.620	-3.561	0.245
24.640	0.134	0.234
24.660	3.813	0.217
24.680	7.439	0.194
24.700	10.979	0.172
24.720	14.357	0.147
24.740	17.521	0.118
24.760	20.437	0.089
24.780	23.080	0.058
24.800	25.346	0.030
24.820	27.280	-0.008
24.840	28.794	-0.032
24.860	29.922	-0.068
24.880	30.621	-0.097
24.900	30.878	-0.130
24.920	30.707	-0.154
24.940	30.073	-0.180
24.960	29.036	-0.203
24.980	27.564	-0.224
25.000	25.744	-0.238
25.020	23.515	-0.255
25.040	20.947	-0.262
25.060	18.090	-0.272
25.080	14.969	-0.266
25.100	11.623	-0.273
25.120	8.132	-0.260
25.140	4.533	-0.259
25.160	0.859	-0.238
25.180	-2.814	-0.230
25.200	-6.488	-0.203
25.220	-10.071	-0.188
25.240	-13.455	-0.159
25.260	-16.677	-0.134
25.280	-19.669	-0.104
25.300	-22.360	-0.077
25.320	-24.734	-0.039
25.340	-26.764	-0.014
25.360	-28.408	0.019
25.380	-29.627	0.048
25.400	-30.459	0.082
25.420	-30.792	0.105
25.440	-30.744	0.140
25.460	-30.234	0.158
25.480	-29.315	0.187
25.500	-27.946	0.205
25.520	-26.189	0.227
25.540	-24.041	0.235
25.560	-21.570	0.251
25.580	-18.756	0.250
25.600	-15.694	0.264
25.620	-12.413	0.255
25.640	-8.932	0.257
25.660	-5.317	0.240
25.680	-1.654	0.235
25.700	2.041	0.214
25.720	5.709	0.199
25.740	9.276	0.172
25.760	12.746	0.152
25.780	16.011	0.123
25.800	19.051	0.099
25.820	21.850	0.064
25.840	24.293	0.038
25.860	26.394	0.002
25.880	28.107	-0.027
25.900	29.439	-0.057
25.920	30.331	-0.094
25.940	30.809	-0.120
25.960	30.835	-0.150
25.980	30.433	-0.174
26.000	29.584	-0.198
26.020	28.338	-0.220
26.040	26.667	-0.239
26.060	24.643	-0.254
26.080	22.226	-0.267
26.100	19.497	-0.271
26.120	16.516	-0.282
26.140	13.256	-0.276
26.160	9.834	-0.275
26.180	6.284	-0.263
26.200	2.643	-0.253
26.220	-1.037	-0.241
26.240	-4.727	-0.219
26.260	-8.357	-0.197
26.280	-11.838	-0.176
26.300	-15.152	-0.152
26.320	-18.240	-0.120
26.340	-21.092	-0.092
26.360	-23.633	-0.059
26.380	-25.824	-0.031
26.400	-27.688	0.001
26.420	-29.106	0.033
26.440	-30.116	0.069
26.460	-30.664	0.091
26.480	-30.825	0.123
26.500	-30.535	0.152
26.520	-29.815	0.172
26.540	-28.666	0.200
26.560	-27.081	0.215
26.580	-25.121	0.231
26.600	-22.811	0.245
26.620	-20.158	0.255
26.640	-17.204	0.259
26.660	-14.024	0.262
26.680	-10.656	0.257
26.700	-7.090	0.255
26.720	-3.443	0.239
26.740	0.252	0.227
26.760	3.942	0.207
26.780	7.546	0.192
26.800	11.097	0.166
26.820	14.459	0.142
26.840	17.623	0.112
26.860	20.528	0.084
26.880	23.160	0.052
26.900	25.421	0.024
26.920	27.323	-0.010
26.940	28.843	-0.039
26.960	29.955	-0.072
26.980	30.631	-0.097
27.000	30.878	-0.135
27.020	30.685	-0.156
27.040	30.046	-0.182
27.060	28.999	-0.207
27.080	27.505	-0.227
27.100	25.668	-0.238
27.120	23.434	-0.258
27.140	20.845	-0.259
27.160	17.982	-0.280
27.180	14.846	-0.267
27.200	11.505	-0.276
27.220	8.008	-0.255
27.240	4.383	-0.256
27.260	0.720	-0.234
27.280	-2.970	-0.223
27.300	-6.623	-0.201
27.320	-10.210	-0.184
27.340	-13.594	-0.152
27.360	-16.817	-0.134
27.380	-19.798	-0.095
27.400	-22.478	-0.073
27.420	-24.863	-0.037
27.440	-26.872	-0.008
27.460	-28.510	0.023
27.480	-29.713	0.052
27.500	-30.497	0.088
27.520	-30.814	0.111
27.540	-30.760	0.145
27.560	-30.271	0.162
27.580	-29.332	0.197
27.600	-27.930	0.208
27.620	-26.157	0.240
27.640	-24.003	0.249
27.660	-21.527	0.262
27.680	-18.702	0.260
27.700	-15.625	0.270
27.720	-12.332	0.268
27.740	-8.862	0.266
27.760	-5.237	0.253
27.780	-1.563	0.247
27.800	2.138	0.226
27.820	5.817	0.213
27.840	9.383	0.185
27.860	12.842	0.160
27.880	16.119	0.134
27.900	19.137	0.110
27.920	21.919	0.076
27.940	24.369	0.048
27.960	26.447	0.013
27.980	28.161	-0.015
28.000	29.471	-0.047
28.020	30.352	-0.076
28.040	30.819	-0.110
28.060	30.825	-0.133
28.080	30.417	-0.163
28.100	29.552	-0.188
28.120	28.279	-0.209
28.140	26.603	-0.221
28.160	24.562	-0.241
28.180	22.124	-0.250
28.200	19.400	-0.264
28.220	16.393	-0.261
28.240	13.138	-0.267
28.260	9.706	-0.255
28.280	6.155	-0.252
28.300	2.492	-0.239
28.320	-1.208	-0.230
28.340	-4.866	-0.206
28.360	-8.513	-0.186
28.380	-11.967	-0.159
28.400	-15.292	-0.130
28.420	-18.391	-0.105
28.440	-21.227	-0.075
28.460	-23.751	-0.048
28.480	-25.926	-0.013
28.500	-27.769	0.016
28.520	-29.165	0.051
28.540	-30.164	0.082
28.560	-30.690	0.106
28.580	-30.835	0.141
28.600	-30.545	0.168
28.620	-29.810	0.188
28.640	-28.644	0.209
28.660	-27.054	0.231
28.680	-25.083	0.243
28.700	-22.747	0.262
28.720	-20.072	0.270
28.740	-17.107	0.272
28.760	-13.938	0.272
28.780	-10.527	0.269
28.800	-6.988	0.264
28.820	-3.335	0.251
28.840	0.360	0.236
28.860	4.050	0.217
28.880	7.681	0.198
28.900	11.188	0.177
28.920	14.566	0.150
28.940	17.719	0.123
28.960	20.620	0.096
28.980	23.241	0.062
29.000	25.491	0.038
29.020	27.382	-0.006
29.040	28.886	-0.031
29.060	29.981	-0.066
29.080	30.647	-0.092
29.100	30.878	-0.124
29.120	30.674	-0.152
29.140	30.030	-0.176
29.160	28.945	-0.197
29.180	27.452	-0.221
29.200	25.604	-0.234
29.220	23.359	-0.247
29.240	20.765	-0.257
29.260	17.886	-0.265
29.280	14.744	-0.265
29.300	11.392	-0.265
29.320	7.890	-0.258
29.340	4.281	-0.250
29.360	0.607	-0.234
29.380	-3.094	-0.222
29.400	-6.719	-0.193
29.420	-10.296	-0.178
29.440	-13.686	-0.148
29.460	-16.892	-0.125
29.480	-19.868	-0.092
29.500	-22.537	-0.069
29.520	-24.884	-0.032
29.540	-26.904	-0.007
29.560	-28.526	0.029
29.580	-29.713	0.057
29.600	-30.492	0.092
29.620	-30.809	0.111
29.640	-30.728	0.148
29.660	-30.191	0.168
29.680	-29.251	0.197
29.700	-27.849	0.210
29.720	-26.061	0.236
29.740	-23.885	0.243
29.760	-21.388	0.260
29.780	-18.562	0.264
29.800	-15.479	0.270
29.820	-12.182	0.262
29.840	-8.712	0.261
29.860	-5.081	0.247
29.880	-1.413	0.241
29.900	2.283	0.218
29.920	5.951	0.204
29.940	9.507	0.178
29.960	12.982	0.160
29.980	16.226	0.127
30.000	19.255	0.101
30.020	22.038	0.065
30.040	24.449	0.042
30.060	26.517	0.002
30.080	28.209	-0.023
30.100	29.509	-0.058
30.120	30.374	-0.089
30.140	30.814	-0.115
30.160	30.819	-0.147
30.180	30.395	-0.172
30.200	29.503	-0.195
30.220	28.230	-0.221
30.240	26.549	-0.234
30.260	24.492	-0.252
30.280	22.054	-0.259
30.300	19.314	-0.271
30.320	16.307	-0.275
30.340	13.036	-0.273
30.360	9.614	-0.267
30.380	6.048	-0.260
30.400	2.390	-0.251
30.420	-1.294	-0.238
30.440	-4.974	-0.213
30.460	-8.588	-0.195
30.480	-12.053	-0.173
30.500	-15.356	-0.148
30.520	-18.471	-0.115
30.540	-21.291	-0.091
30.560	-23.789	-0.056
30.580	-25.958	-0.027
30.600	-27.779	0.006
30.620	-29.181	0.031
30.640	-30.164	0.069
30.660	-30.696	0.094
30.680	-30.809	0.126
30.700	-30.486	0.151
30.720	-29.761	0.176
30.740	-28.574	0.198
30.760	-26.963	0.214
30.780	-24.959	0.234
30.800	-22.639	0.245
30.820	-19.959	0.253
30.840	-16.989	0.259
30.860	-13.798	0.258
30.880	-10.404	0.254
30.900	-6.837	0.249
30.920	-3.180	0.239
30.940	0.510	0.224
30.960	4.189	0.201
30.980	7.804	0.187
31.000	11.322	0.160
31.020	14.679	0.136
31.040	17.821	0.108
31.060	20.722	0.081
31.080	23.316	0.049
31.100	25.556	0.017
31.120	27.446	-0.015
31.140	28.934	-0.041
31.160	30.014	-0.081
31.180	30.658	-0.108
31.200	30.873	-0.139
31.220	30.658	-0.162
31.240	29.981	-0.191
31.260	28.907	-0.210
31.280	27.403	-0.234
31.300	25.545	-0.246
31.320	23.257	-0.266
31.340	20.668	-0.267
31.360	17.789	-0.279
31.380	14.636	-0.273
31.400	11.279	-0.278
31.420	7.777	-0.262
31.440	4.157	-0.261
31.460	0.478	-0.242
31.480	-3.207	-0.230
31.500	-6.854	-0.205
31.520	-10.415	-0.184
31.540	-13.788	-0.158
31.560	-17.000	-0.133
31.580	-19.948	-0.101
31.600	-22.639	-0.077
31.620	-24.965	-0.038
31.640	-26.952	-0.013
31.660	-28.580	0.025
31.680	-29.745	0.052
31.700	-30.513	0.089
31.720	-30.814	0.112
31.740	-30.728	0.150
31.760	-30.191	0.164
31.780	-29.203	0.194
31.800	-27.790	0.208
31.820	-26.007	0.235
31.840	-23.821	0.242
31.860	-21.307	0.256
31.880	-18.477	0.252
31.900	-15.383	0.268
31.920	-12.080	0.254
31.940	-8.583	0.258
31.960	-4.974	0.247
31.980	-1.300	0.237
32.000	2.401	0.214
32.020	6.059	0.202
32.040	9.630	0.173
32.060	13.084	0.159
32.080	16.328	0.122
32.100	19.347	0.102
32.120	22.113	0.066
32.140	24.514	0.039
32.160	26.576	0.002
32.180	28.257	-0.025
32.200	29.541	-0.056
32.220	30.400	-0.086
32.240	30.835	-0.121
32.260	30.803	-0.143
32.280	30.374	-0.173
32.300	29.477	-0.192
32.320	28.177	-0.217
32.340	26.485	-0.230
32.360	24.412	-0.251
32.380	21.957	-0.259
32.400	19.196	-0.267
32.420	16.178	-0.271
32.440	12.917	-0.271
32.460	9.469	-0.266
32.480	5.908	-0.256
32.500	2.250	-0.244
32.520	-1.439	-0.230
32.540	-5.119	-0.206
32.560	-8.750	-0.191
32.580	-12.214	-0.166
32.600	-15.496	-0.139
32.620	-18.579	-0.106
32.640	-21.409	-0.080
32.660	-23.907	-0.045
32.680	-26.077	-0.024
32.700	-27.887	0.013
32.720	-29.262	0.044
32.740	-30.250	0.080
32.760	-30.750	0.102
32.780	-30.835	0.139
32.800	-30.529	0.161
32.820	-29.756	0.187
32.840	-28.569	0.209
32.860	-26.952	0.231
32.880	-24.954	0.247
32.900	-22.596	0.258
32.920	-19.900	0.266
32.940	-16.924	0.268
32.960	-13.723	0.270
32.980	-10.318	0.268
33.000	-6.757	0.261
33.020	-3.088	0.251
33.040	0.607	0.239
33.060	4.302	0.216
33.080	7.912	0.199
33.100	11.435	0.172
33.120	14.776	0.150
33.140	17.918	0.119
33.160	20.808	0.093
33.180	23.407	0.058
33.200	25.631	0.035
33.220	27.489	-0.005
33.240	28.972	-0.029
33.260	30.041	-0.068
33.280	30.685	-0.093
33.300	30.878	-0.121
33.320	30.642	-0.151
33.340	29.971	-0.176
33.360	28.859	-0.194
33.380	27.350	-0.218
33.400	25.475	-0.231
33.420	23.192	-0.250
33.440	20.571	-0.251
33.460	17.671	-0.267
33.480	14.513	-0.258
33.500	11.167	-0.265
33.520	7.659	-0.248
33.540	4.018	-0.246
33.560	0.344	-0.232
33.580	-3.346	-0.217
33.600	-6.988	-0.192
33.620	-10.549	-0.174
33.640	-13.933	-0.142
33.660	-17.128	-0.121
33.680	-20.077	-0.085
33.700	-22.725	-0.060
33.720	-25.056	-0.026
33.740	-27.033	0.001
33.760	-28.649	0.036
33.780	-29.799	0.064
33.800	-30.540	0.098
33.820	-30.830	0.118
33.840	-30.723	0.158
33.860	-30.169	0.174
33.880	-29.181	0.206
33.900	-27.752	0.217
33.920	-25.932	0.243
33.940	-23.762	0.250
33.960	-21.227	0.268
33.980	-18.369	0.269
34.000	-15.270	0.274
34.020	-11.961	0.265
34.040	-8.470	0.270
34.060	-4.850	0.254
34.080	-1.171	0.243
34.100	2.541	0.222
34.120	6.182	0.211
34.140	9.754	0.183
34.160	13.202	0.162
34.180	16.441	0.131
34.200	19.443	0.108
34.220	22.183	0.070
34.240	24.600	0.048
34.260	26.641	0.008
34.280	28.311	-0.015
34.300	29.584	-0.056
34.320	30.422	-0.084
34.340	30.841	-0.114
34.360	30.814	-0.139
34.380	30.347	-0.171
34.400	29.444	-0.186
34.420	28.134	-0.219
34.440	26.415	-0.228
34.460	24.342	-0.246
34.480	21.855	-0.251
34.500	19.100	-0.267
34.520	16.086	-0.265
34.540	12.805	-0.267
34.560	9.373	-0.259
34.580	5.801	-0.259
34.600	2.143	-0.242
34.620	-1.552	-0.230
34.640	-5.215	-0.207
34.660	-8.846	-0.188
34.680	-12.294	-0.164
34.700	-15.587	-0.137
34.720	-18.665	-0.109
34.740	-21.452	-0.082
34.760	-23.955	-0.048
34.780	-26.093	-0.021
34.800	-27.892	0.015
34.820	-29.272	0.041
34.840	-30.207	0.080
34.860	-30.723	0.100
34.880	-30.809	0.136
34.900	-30.465	0.159
34.920	-29.691	0.188
34.940	-28.467	0.205
34.960	-26.839	0.228
34.980	-24.831	0.235
35.000	-22.478	0.256
35.020	-19.771	0.256
35.040	-16.790	0.266
35.060	-13.594	0.261
35.080	-10.167	0.260
35.100	-6.596	0.249
35.120	-2.938	0.240
35.140	0.752	0.224
35.160	4.442	0.206
35.180	8.051	0.185
35.200	11.575	0.164
35.220	14.899	0.137
35.240	18.015	0.110
35.260	20.910	0.077
35.280	23.488	0.047
35.300	25.706	0.017
35.320	27.548	-0.014
35.340	29.015	-0.043
35.360	30.073	-0.081
35.380	30.690	-0.107
35.400	30.873	-0.141
35.420	30.621	-0.163
35.440	29.922	-0.188
35.460	28.821	-0.208
35.480	27.301	-0.234
35.500	25.400	-0.245
35.520	23.106	-0.263
35.540	20.480	-0.270
35.560	17.569	-0.275
35.580	14.416	-0.275
35.600	11.059	-0.275
35.620	7.541	-0.266
35.640	3.916	-0.263
35.660	0.231	-0.240
35.680	-3.454	-0.231
35.700	-7.079	-0.202
35.720	-10.640	-0.185
35.740	-14.029	-0.156
35.760	-17.187	-0.131
35.780	-20.147	-0.104
35.800	-22.779	-0.072
35.820	-25.088	-0.042
35.840	-27.076	-0.010
35.860	-28.655	0.023
35.880	-29.793	0.052
35.900	-30.524	0.087
35.920	-30.792	0.110
35.940	-30.685	0.144
35.960	-30.126	0.162
35.980	-29.117	0.193
36.000	-27.688	0.205
36.020	-25.846	0.229
36.040	-23.644	0.241
36.060	-21.098	0.256
36.080	-18.256	0.254
36.100	-15.152	0.264
36.120	-11.838	0.252
36.140	-8.331	0.258
36.160	-4.705	0.238
36.180	-1.031	0.236
36.200	2.659	0.213
36.220	6.322	0.197
36.240	9.883	0.169
36.260	13.326	0.150
36.280	16.554	0.118
36.300	19.540	0.099
36.320	22.295	0.060
36.340	24.659	0.033
36.360	26.710	-0.005
36.380	28.359	-0.030
36.400	29.616	-0.062
36.420	30.443	-0.094
36.440	30.841	-0.124
36.460	30.798	-0.151
36.480	30.331	-0.175
36.500	29.412	-0.205
36.520	28.085	-0.226
36.540	26.356	-0.238
36.560	24.261	-0.255
36.580	21.785	-0.261
36.600	19.014	-0.274
36.620	15.979	-0.274
36.640	12.687	-0.278
36.660	9.249	-0.265
36.680	5.661	-0.261
36.700	2.014	-0.247
36.720	-1.681	-0.235
36.740	-5.339	-0.209
36.760	-8.964	-0.194
36.780	-12.413	-0.166
36.800	-15.689	-0.144
36.820	-18.767	-0.110
36.840	-21.570	-0.087
36.860	-24.046	-0.050
36.880	-26.168	-0.023
36.900	-27.962	0.011
36.920	-29.326	0.042
36.940	-30.277	0.078
36.960	-30.739	0.101
36.980	-30.814	0.133
37.000	-30.459	0.158
37.020	-29.675	0.183
37.040	-28.456	0.202
37.060	-26.807	0.228
37.080	-24.788	0.240
37.100	-22.392	0.255
37.120	-19.701	0.261
37.140	-16.715	0.263
37.160	-13.498	0.264
37.180	-10.060	0.261
37.200	-6.499	0.253
37.220	-2.836	0.247
37.240	0.870	0.226
37.260	4.528	0.212
37.280	8.143	0.189
37.300	11.645	0.166
37.320	15.007	0.139
37.340	18.122	0.110
37.360	20.979	0.085
37.380	23.552	0.051
37.400	25.765	0.018
37.420	27.618	-0.014
37.440	29.068	-0.040
37.460	30.105	-0.072
37.480	30.707	-0.100
37.500	30.873	-0.134
37.520	30.615	-0.155
37.540	29.901	-0.186
37.560	28.773	-0.204
37.580	27.237	-0.224
37.600	25.319	-0.235
37.620	23.004	-0.258
37.640	20.373	-0.259
37.660	17.467	-0.269
37.680	14.298	-0.263
37.700	10.919	-0.267
37.720	7.391	-0.254
37.740	3.776	-0.247
37.760	0.075	-0.233
37.780	-3.593	-0.218
37.800	-7.256	-0.192
37.820	-10.796	-0.173
37.840	-14.158	-0.144
37.860	-17.338	-0.120
37.880	-20.271	-0.089
37.900	-22.929	-0.059
37.920	-25.217	-0.026
37.940	-27.172	0.001
37.960	-28.746	0.038
37.980	-29.863	0.068
38.000	-30.594	0.099
38.020	-30.835	0.123
38.040	-30.707	0.158
38.060	-30.137	0.177
38.080	-29.117	0.203
38.100	-27.672	0.219
38.120	-25.824	0.246
38.140	-23.611	0.252
38.160	-21.065	0.270
38.180	-18.181	0.268
38.200	-15.066	0.275
38.220	-11.763	0.268
38.240	-8.250	0.269
38.260	-4.603	0.256
38.280	-0.929	0.246
38.300	2.771	0.224
38.320	6.429	0.211
38.340	9.990	0.184
38.360	13.406	0.161
38.380	16.645	0.130
38.400	19.637	0.110
38.420	22.376	0.070
38.440	24.739	0.044
38.460	26.770	0.013
38.480	28.408	-0.018
38.500	29.654	-0.052
38.520	30.465	-0.081
38.540	30.852	-0.114
38.560	30.787	-0.139
38.580	30.288	-0.166
38.600	29.369	-0.186
38.620	28.032	-0.213
38.640	26.286	-0.228
38.660	24.181	-0.240
38.680	21.699	-0.250
38.700	18.912	-0.260
38.720	15.872	-0.265
38.740	12.568	-0.260
38.760	9.131	-0.255
38.780	5.554	-0.247
38.800	1.885	-0.238
38.820	-1.799	-0.224
38.840	-5.473	-0.200
38.860	-9.083	-0.184
38.880	-12.536	-0.157
38.900	-15.812	-0.128
38.920	-18.853	-0.100
38.940	-21.662	-0.075
38.960	-24.122	-0.043
38.980	-26.238	-0.014
39.000	-28.005	0.024
39.020	-29.348	0.049
39.040	-30.288	0.089
39.060	-30.744	0.110
39.080	-30.819	0.147
39.100	-30.433	0.167
39.120	-29.627	0.189
39.140	-28.392	0.214
39.160	-26.727	0.232
39.180	-24.696	0.243
39.200	-22.306	0.261
39.220	-19.572	0.267
39.240	-16.575	0.272
39.260	-13.369	0.271
39.280	-9.920	0.266
39.300	-6.359	0.258
39.320	-2.691	0.247
39.340	1.010	0.229
39.360	4.694	0.215
39.380	8.277	0.193
39.400	11.806	0.167
39.420	15.120	0.143
39.440	18.229	0.115
39.460	21.092	0.085
39.480	23.654	0.052
39.500	25.835	0.027
39.520	27.672	-0.010
39.540	29.101	-0.037
39.560	30.137	-0.075
39.580	30.717	-0.101
39.600	30.889	-0.130
39.620	30.594	-0.160
39.640	29.858	-0.183
39.660	28.735	-0.209
39.680	27.178	-0.228
39.700	25.255	-0.238
39.720	22.940	-0.256
39.740	20.303	-0.263
39.760	17.370	-0.271
39.780	14.196	-0.264
39.800	10.807	-0.270
39.820	7.294	-0.259
39.840	3.658	-0.251
39.860	0.000	-0.234
39.880	-3.706	-0.221
39.900	-7.321	-0.194
39.920	-10.871	-0.177
39.940	-14.239	-0.147
39.960	-17.413	-0.127
39.980	-20.340	-0.091
40.000	-22.945	-0.069
40.020	-25.255	-0.034
40.040	-27.199	-0.004
40.060	-28.735	0.031
40.080	-29.853	0.062
40.100	-30.556	0.092
40.120	-30.835	0.116
40.140	-30.674	0.150
40.160	-30.073	0.169
40.180	-29.025	0.195
40.200	-27.554	0.210
40.220	-25.717	0.231
40.240	-23.493	0.239
40.260	-20.915	0.257
40.280	-18.052	0.256
40.300	-14.942	0.262
40.320	-11.623	0.259
40.340	-8.089	0.256
40.360	-4.458	0.239
40.380	-0.768	0.233
40.400	2.911	0.207
40.420	6.563	0.197
40.440	10.119	0.168
40.460	13.541	0.150
40.480	16.758	0.118
40.500	19.744	0.094
40.520	22.457	0.057
40.540	24.820	0.036
40.560	26.839	-0.003
40.580	28.456	-0.031
40.600	29.691	-0.070
40.620	30.492	-0.093
40.640	30.857	-0.128
40.660	30.782	-0.156
40.680	30.282	-0.180
40.700	29.332	-0.205
40.720	27.978	-0.226
40.740	26.227	-0.239
40.760	24.100	-0.255
40.780	21.592	-0.270
40.800	18.820	-0.275
40.820	15.759	-0.276
40.840	12.472	-0.276
40.860	9.018	-0.271
40.880	5.430	-0.263
40.900	1.772	-0.248
40.920	-1.923	-0.235
40.940	-5.575	-0.213
40.960	-9.179	-0.195
40.980	-12.644	-0.167
41.000	-15.882	-0.144
41.020	-18.971	-0.113
41.040	-21.721	-0.085
41.060	-24.175	-0.052
41.080	-26.297	-0.027
41.100	-28.042	0.011
41.120	-29.369	0.037
41.140	-30.282	0.077
41.160	-30.733	0.098
41.180	-30.787	0.133
41.200	-30.417	0.152
41.220	-29.584	0.181
41.240	-28.316	0.198
41.260	-26.657	0.224
41.280	-24.594	0.233
41.300	-22.220	0.250
41.320	-19.476	0.254
41.340	-16.468	0.262
41.360	-13.234	0.261
41.380	-9.802	0.257
41.400	-6.230	0.251
41.420	-2.567	0.240
41.440	1.133	0.222
41.460	4.812	0.204
41.480	8.406	0.182
41.500	11.902	0.160
41.520	15.232	0.135
41.540	18.337	0.104
41.560	21.178	0.077
41.580	23.724	0.044
41.600	25.905	0.017
41.620	27.726	-0.020
41.640	29.138	-0.045
41.660	30.159	-0.081
41.680	30.733	-0.109
41.700	30.873	-0.140
41.720	30.578	-0.164
41.740	29.836	-0.191
41.760	28.676	-0.209
41.780	27.113	-0.234
41.800	25.190	-0.241
41.820	22.859	-0.264
41.840	20.201	-0.264
41.860	17.263	-0.276
41.880	14.083	-0.271
41.900	10.688	-0.273
41.920	7.165	-0.260
41.940	3.529	-0.255
41.960	-0.145	-0.234
41.980	-3.830	-0.222
42.000	-7.482	-0.197
42.020	-10.995	-0.180
42.040	-14.362	-0.150
42.060	-17.526	-0.126
42.080	-20.432	-0.091
42.100	-23.042	-0.064
42.120	-25.330	-0.031
42.140	-27.274	-0.002
42.160	-28.827	0.033
42.180	-29.901	0.061
42.200	-30.594	0.094
42.220	-30.819	0.118
42.240	-30.674	0.152
42.260	-30.057	0.172
42.280	-29.009	0.201
42.300	-27.521	0.216
42.320	-25.647	0.239
42.340	-23.434	0.247
42.360	-20.867	0.264
42.380	-17.977	0.264
42.400	-14.851	0.268
42.420	-11.521	0.261
42.440	-7.987	0.264
42.460	-4.356	0.249
42.480	-0.666	0.240
42.500	3.024	0.216
42.520	6.692	0.202
42.540	10.221	0.175
42.560	13.653	0.156
42.580	16.871	0.125
42.600	19.825	0.102
42.620	22.548	0.066
42.640	24.890	0.038
42.660	26.898	0.002
42.680	28.499	-0.023
42.700	29.724	-0.059
42.720	30.502	-0.085
42.740	30.862	-0.117
42.760	30.760	-0.142
42.780	30.229	-0.174
42.800	29.294	-0.192
42.820	27.924	-0.219
42.840	26.157	-0.228
42.860	24.020	-0.250
42.880	21.517	-0.252
42.900	18.713	-0.266
42.920	15.651	-0.261
42.940	12.348	-0.264
42.960	8.889	-0.251
42.980	5.296	-0.250
43.000	1.638	-0.234
43.020	-2.062	-0.224
43.040	-5.720	-0.197
43.060	-9.319	-0.182
43.080	-12.767	-0.153
43.100	-16.017	-0.130
43.120	-19.078	-0.097
43.140	-21.850	-0.069
43.160	-24.272	-0.039
43.180	-26.383	-0.011
43.200	-28.112	0.023
43.220	-29.434	0.054
43.240	-30.336	0.091
43.260	-30.755	0.111
43.280	-30.792	0.150
43.300	-30.406	0.172
43.320	-29.573	0.199
43.340	-28.290	0.212
43.360	-26.592	0.239
43.380	-24.551	0.249
43.400	-22.145	0.264
43.420	-19.400	0.268
43.440	-16.376	0.275
43.460	-13.159	0.270
43.480	-9.695	0.270
43.500	-6.118	0.261
43.520	-2.438	0.252
43.540	1.257	0.235
43.560	4.931	0.220
43.580	8.519	0.193
43.600	12.026	0.175
43.620	15.345	0.144
43.640	18.434	0.120
43.660	21.275	0.089
43.680	23.794	0.053
43.700	25.975	0.030
43.720	27.779	-0.008
43.740	29.192	-0.037
43.760	30.175	-0.072
43.780	30.739	-0.098
43.800	30.868	-0.128
43.820	30.567	-0.154
43.840	29.799	-0.182
43.860	28.639	-0.201
43.880	27.043	-0.221
43.900	25.110	-0.233
43.920	22.757	-0.251
43.940	20.115	-0.259
43.960	17.166	-0.264
43.980	13.970	-0.261
44.000	10.581	-0.262
44.020	7.063	-0.250
44.040	3.416	-0.244
44.060	-0.263	-0.227
44.080	-3.948	-0.211
44.100	-7.573	-0.190
44.120	-11.113	-0.169
44.140	-14.459	-0.143
44.160	-17.612	-0.114
44.180	-20.534	-0.085
44.200	-23.123	-0.056
44.220	-25.395	-0.027
44.240	-27.307	0.006
44.260	-28.854	0.041
44.280	-29.922	0.070
44.300	-30.610	0.099
44.320	-30.841	0.127
44.340	-30.631	0.158
44.360	-29.992	0.177
44.380	-28.961	0.206
44.400	-27.457	0.219
44.420	-25.566	0.243
44.440	-23.343	0.251
44.460	-20.738	0.266
44.480	-17.843	0.265
44.500	-14.728	0.270
44.520	-11.381	0.264
44.540	-7.853	0.260
44.560	-4.211	0.247
44.580	-0.526	0.240
44.600	3.158	0.218
44.620	6.811	0.205
44.640	10.345	0.173
44.660	13.771	0.154
44.680	16.978	0.121
44.700	19.932	0.095
44.720	22.628	0.063
44.740	24.954	0.040
44.760	26.963	-0.002
44.780	28.558	-0.027
44.800	29.756	-0.067
44.820	30.535	-0.090
44.840	30.862	-0.125
44.860	30.755	-0.148
44.880	30.223	-0.176
44.900	29.246	-0.192
44.920	27.865	-0.222
44.940	26.087	-0.236
44.960	23.939	-0.255
44.980	21.425	-0.261
45.000	18.616	-0.271
45.020	15.549	-0.269
45.040	12.241	-0.275
45.060	8.771	-0.263
45.080	5.188	-0.261
45.100	1.531	-0.242
45.120	-2.170	-0.232
45.140	-5.817	-0.205
45.160	-9.432	-0.189
45.180	-12.853	-0.164
45.200	-16.113	-0.139
45.220	-19.159	-0.103
45.240	-21.903	-0.080
45.260	-24.331	-0.046
45.280	-26.415	-0.020
45.300	-28.155	0.015
45.320	-29.455	0.044
45.340	-30.336	0.080
45.360	-30.760	0.102
45.380	-30.776	0.138
45.400	-30.368	0.157
45.420	-29.509	0.181
45.440	-28.230	0.200
45.460	-26.528	0.224
45.480	-24.449	0.235
45.500	-22.038	0.251
45.520	-19.266	0.254
45.540	-16.253	0.263
45.560	-13.025	0.259
45.580	-9.566	0.258
45.600	-5.989	0.245
45.620	-2.320	0.236
45.640	1.386	0.218
45.660	5.054	0.201
45.680	8.642	0.180
45.700	12.144	0.156
45.720	15.447	0.132
45.740	18.525	0.104
45.760	21.377	0.074
45.780	23.891	0.040
45.800	26.044	0.010
45.820	27.833	-0.022
45.840	29.229	-0.051
45.860	30.202	-0.085
45.880	30.755	-0.116
45.900	30.868	-0.143
45.920	30.535	-0.170
45.940	29.772	-0.192
45.960	28.596	-0.220
45.980	26.979	-0.230
46.000	25.040	-0.251
46.020	22.687	-0.261
46.040	20.007	-0.271
46.060	17.069	-0.277
46.080	13.857	-0.277
46.100	10.479	-0.275
46.120	6.939	-0.264
46.140	3.298	-0.256
46.160	-0.387	-0.240
46.180	-4.066	-0.226
46.200	-7.697	-0.198
46.220	-11.226	-0.180
46.240	-14.556	-0.153
46.260	-17.703	-0.128
46.280	-20.609	-0.097
46.300	-23.203	-0.064
46.320	-25.459	-0.036
46.340	-27.366	-0.005
46.360	-28.875	0.028
46.380	-29.965	0.060
46.400	-30.588	0.089
46.420	-30.825	0.118
46.440	-30.615	0.152
46.460	-29.987	0.167
46.480	-28.886	0.194
46.500	-27.387	0.211
46.520	-25.497	0.234
46.540	-23.251	0.243
46.560	-20.641	0.258
46.580	-17.746	0.258
46.600	-14.609	0.264
46.620	-11.269	0.255
46.640	-7.745	0.255
46.660	-4.087	0.245
46.680	-0.419	0.234
46.700	3.282	0.212
46.720	6.918	0.195
46.740	10.474	0.170
46.760	13.874	0.151
46.780	17.075	0.119
46.800	20.034	0.091
46.820	22.704	0.056
46.840	25.040	0.030
46.860	27.027	-0.004
46.880	28.601	-0.034
46.900	29.777	-0.064
46.920	30.535	-0.093
46.940	30.868	-0.126
46.960	30.755	-0.154
46.980	30.186	-0.177
47.000	29.219	-0.206
47.020	27.812	-0.221
47.040	26.028	-0.239
47.060	23.864	-0.251
47.080	21.329	-0.259
47.100	18.520	-0.274
47.120	15.437	-0.268
47.140	12.123	-0.272
47.160	8.647	-0.258
47.180	5.060	-0.263
47.200	1.386	-0.238
47.220	-2.310	-0.230
47.240	-5.957	-0.202
47.260	-9.550	-0.191
47.280	-12.998	-0.155
47.300	-16.237	-0.139
47.320	-19.261	-0.100
47.340	-22.011	-0.079
47.360	-24.422	-0.040
47.380	-26.528	-0.015
47.400	-28.225	0.019
47.420	-29.503	0.046
47.440	-30.374	0.084
47.460	-30.766	0.109
47.480	-30.792	0.142
47.500	-30.374	0.160
47.520	-29.503	0.190
47.540	-28.187	0.210
47.560	-26.479	0.235
47.580	-24.396	0.243
47.600	-21.968	0.259
47.620	-19.202	0.264
47.640	-16.156	0.268
47.660	-12.939	0.265
47.680	-9.453	0.264
47.700	-5.887	0.258
47.720	-2.213	0.249
47.740	1.504	0.226
47.760	5.178	0.212
47.780	8.760	0.189
47.800	12.251	0.166
47.820	15.555	0.140
47.840	18.616	0.112
47.860	21.452	0.085
47.880	23.960	0.051
47.900	26.109	0.024
47.920	27.897	-0.009
47.940	29.267	-0.040
47.960	30.229	-0.075
47.980	30.755	-0.103
48.000	30.857	-0.133
48.020	30.529	-0.157
48.040	29.740	-0.184
48.060	28.553	-0.202
48.080	26.915	-0.223
48.100	24.959	-0.235
48.120	22.596	-0.250
48.140	19.911	-0.259
48.160	16.962	-0.262
48.180	13.745	-0.264
48.200	10.334	-0.256
48.220	6.816	-0.252
48.240	3.147	-0.240
48.260	-0.516	-0.226
48.280	-4.195	-0.209
48.300	-7.842	-0.188
48.320	-11.344	-0.165
48.340	-14.685	-0.139
48.360	-17.837	-0.110
48.380	-20.722	-0.081
48.400	-23.289	-0.051
48.420	-25.545	-0.020
48.440	-27.446	0.010
48.460	-28.939	0.046
48.480	-30.003	0.074
48.500	-30.626	0.104
48.520	-30.819	0.132
48.540	-30.621	0.166
48.560	-29.960	0.182
48.580	-28.870	0.210
48.600	-27.328	0.223
48.620	-25.421	0.246
48.640	-23.176	0.255
48.660	-20.561	0.268
48.680	-17.666	0.268
48.700	-14.507	0.275
48.720	-11.145	0.268
48.740	-7.611	0.266
48.760	-3.985	0.252
48.780	-0.285	0.243
48.800	3.405	0.220
48.820	7.042	0.206
48.840	10.586	0.181
48.860	13.981	0.155
48.880	17.182	0.127
48.900	20.120	0.102
48.920	22.811	0.067
48.940	25.110	0.041
48.960	27.076	0.003
48.980	28.649	-0.025
49.000	29.831	-0.060
49.020	30.556	-0.087
49.040	30.857	-0.119
49.060	30.733	-0.148
49.080	30.164	-0.172
49.100	29.176	-0.192
49.120	27.752	-0.218
49.140	25.958	-0.231
49.160	23.772	-0.249
49.180	21.248	-0.255
49.200	18.407	-0.266
49.220	15.329	-0.267
49.240	11.999	-0.263
49.260	8.519	-0.259
49.280	4.941	-0.250
49.300	1.273	-0.237
49.320	-2.417	-0.225
49.340	-6.075	-0.198
49.360	-9.663	-0.186
49.380	-13.084	-0.152
49.400	-16.317	-0.131
49.420	-19.347	-0.099
49.440	-22.070	-0.075
49.460	-24.476	-0.035
49.480	-26.549	-0.012
49.500	-28.257	0.026
49.520	-29.530	0.049
49.540	-30.384	0.089
49.560	-30.766	0.110
49.580	-30.782	0.146
49.600	-30.309	0.166
49.620	-29.450	0.195
49.640	-28.128	0.210
49.660	-26.383	0.235
49.680	-24.304	0.241
49.700	-21.860	0.259
49.720	-19.078	0.261
49.740	-16.054	0.270
49.760	-12.789	0.261
49.780	-9.324	0.261
49.800	-5.731	0.249
49.820	-2.062	0.242
49.840	1.627	0.222
49.860	5.301	0.206
49.880	8.895	0.185
49.900	12.370	0.160
49.920	15.667	0.135
49.940	18.734	0.106
49.960	21.554	0.074
49.980	24.036	0.044
50.000	26.173	0.013
50.020	27.930	-0.021
50.040	29.310	-0.050
50.060	30.250	-0.085
50.080	30.771	-0.110
50.100	30.852	-0.145
50.120	30.502	-0.167
50.140	29.697	-0.192
50.160	28.494	-0.216
50.180	26.855	-0.233
50.200	24.895	-0.246
50.220	22.505	-0.260
50.240	19.819	-0.267
50.260	16.854	-0.272
50.280	13.626	-0.271
50.300	10.237	-0.272
50.320	6.692	-0.262
50.340	3.056	-0.255
50.360	-0.639	-0.236
50.380	-4.324	-0.222
50.400	-7.944	-0.198
50.420	-11.446	-0.177
50.440	-14.771	-0.152
50.460	-17.929	-0.124
50.480	-20.792	-0.096
50.500	-23.364	-0.065
50.520	-25.593	-0.032
50.540	-27.462	-0.004
50.560	-28.972	0.029
50.580	-30.014	0.062
50.600	-30.621	0.090
50.620	-30.825	0.118
50.640	-30.578	0.147
50.660	-29.917	0.172
50.680	-28.816	0.195
50.700	-27.269	0.211
50.720	-25.341	0.230
50.740	-23.069	0.239
50.760	-20.458	0.254
50.780	-17.542	0.255
50.800	-14.395	0.261
50.820	-11.027	0.253
50.840	-7.482	0.253
50.860	-3.851	0.240
50.880	-0.156	0.229
50.900	3.534	0.207
50.920	7.160	0.191
50.940	10.710	0.163
50.960	14.088	0.146
50.980	17.284	0.110
51.000	20.217	0.087
51.020	22.886	0.053
51.040	25.190	0.027
51.060	27.140	-0.013
51.080	28.698	-0.038
51.100	29.847	-0.075
51.120	30.578	-0.102
51.140	30.873	-0.136
51.160	30.728	-0.160
51.180	30.143	-0.184
51.200	29.133	-0.208
51.220	27.693	-0.232
51.240	25.910	-0.245
51.260	23.697	-0.257
51.280	21.157	-0.270
51.300	18.326	-0.274
51.320	15.227	-0.274
51.340	11.886	-0.278
51.360	8.422	-0.268
51.380	4.823	-0.263
51.400	1.149	-0.241
51.420	-2.535	-0.236
51.440	-6.209	-0.207
51.460	-9.775	-0.194
51.480	-13.197	-0.163
51.500	-16.430	-0.139
51.520	-19.433	-0.107
51.540	-22.183	-0.081
51.560	-24.567	-0.044
51.580	-26.625	-0.021
51.600	-28.311	0.019
51.620	-29.546	0.046
51.640	-30.395	0.080
51.660	-30.782	0.106
51.680	-30.755	0.141
51.700	-30.304	0.158
51.720	-29.385	0.189
51.740	-28.075	0.206
51.760	-26.324	0.230
51.780	-24.224	0.239
51.800	-21.774	0.252
51.820	-18.987	0.256
51.840	-15.952	0.263
51.860	-12.692	0.259
51.880	-9.222	0.259
51.900	-5.629	0.248
51.920	-1.939	0.241
51.940	1.740	0.223
51.960	5.419	0.206
51.980	8.997	0.181
52.000	12.482	0.162
52.020	15.759	0.132
52.040	18.820	0.102
52.060	21.646	0.076
52.080	24.116	0.040
52.100	26.232	0.014
52.120	27.989	-0.021
52.140	29.342	-0.049
52.160	30.271	-0.083
52.180	30.782	-0.110
52.200	30.857	-0.141
52.220	30.492	-0.165
52.240	29.675	-0.191
52.260	28.451	-0.213
52.280	26.796	-0.227
52.300	24.809	-0.245
52.320	22.435	-0.262
52.340	19.723	-0.263
52.360	16.752	-0.273
52.380	13.519	-0.267
52.400	10.103	-0.268
52.420	6.569	-0.263
52.440	2.922	-0.248
52.460	-0.768	-0.234
52.480	-4.469	-0.212
52.500	-8.078	-0.193
52.520	-11.580	-0.170
52.540	-14.910	-0.145
52.560	-18.025	-0.117
52.580	-20.910	-0.085
52.600	-23.456	-0.052
52.620	-25.701	-0.025
52.640	-27.564	0.006
52.660	-29.009	0.039
52.680	-30.067	0.074
52.700	-30.647	0.102
52.720	-30.830	0.127
52.740	-30.588	0.160
52.760	-29.906	0.181
52.780	-28.789	0.207
52.800	-27.231	0.226
52.820	-25.303	0.244
52.840	-23.015	0.255
52.860	-20.378	0.265
52.880	-17.451	0.268
52.900	-14.292	0.272
52.920	-10.919	0.267
52.940	-7.380	0.264
52.960	-3.738	0.251
52.980	-0.027	0.242
53.000	3.652	0.218
53.020	7.289	0.206
53.040	10.807	0.178
53.060	14.207	0.155
53.080	17.386	0.124
53.100	20.303	0.098
53.120	22.967	0.066
53.140	25.244	0.038
53.160	27.188	0.000
53.180	28.741	-0.026
53.200	29.890	-0.063
53.220	30.604	-0.086
53.240	30.873	-0.118
53.260	30.712	-0.143
53.280	30.110	-0.171
53.300	29.090	-0.191
53.320	27.634	-0.220
53.340	25.835	-0.225
53.360	23.617	-0.247
53.380	21.060	-0.251
53.400	18.219	-0.266
53.420	15.114	-0.259
53.440	11.768	-0.264
53.460	8.293	-0.252
53.480	4.684	-0.249
53.500	1.015	-0.232
53.520	-2.669	-0.217
53.540	-6.322	-0.194
53.560	-9.904	-0.177
53.580	-13.315	-0.148
53.600	-16.538	-0.124
53.620	-19.551	-0.091
53.640	-22.252	-0.068
53.660	-24.648	-0.030
53.680	-26.705	-0.004
53.700	-28.359	0.031
53.720	-29.584	0.060
53.740	-30.417	0.093
53.760	-30.782	0.118
53.780	-30.760	0.153
53.800	-30.293	0.171
53.820	-29.375	0.201
53.840	-28.021	0.218
53.860	-26.265	0.239
53.880	-24.148	0.249
53.900	-21.705	0.267
53.920	-18.890	0.268
53.940	-15.834	0.276
53.960	-12.563	0.268
53.980	-9.093	0.270
54.000	-5.500	0.258
54.020	-1.826	0.248
54.040	1.891	0.226
54.060	5.570	0.212
54.080	9.120	0.189
54.100	12.595	0.165
54.120	15.877	0.136
54.140	18.933	0.110
54.160	21.737	0.080
54.180	24.202	0.052
54.200	26.302	0.022
54.220	28.042	-0.014
54.240	29.385	-0.043
54.260	30.309	-0.077
54.280	30.792	-0.106
54.300	30.841	-0.134
54.320	30.470	-0.162
54.340	29.627	-0.184
54.360	28.397	-0.211
54.380	26.759	-0.224
54.400	24.745	-0.242
54.420	22.322	-0.251
54.440	19.626	-0.263
54.460	16.645	-0.267
54.480	13.412	-0.265
54.500	10.001	-0.262
54.520	6.435	-0.254
54.540	2.798	-0.246
54.560	-0.892	-0.226
54.580	-4.565	-0.213
54.600	-8.196	-0.186
54.620	-11.682	-0.169
54.640	-15.001	-0.142
54.660	-18.138	-0.112
54.680	-20.985	-0.085
54.700	-23.520	-0.052
54.720	-25.738	-0.025
54.740	-27.607	0.008
54.760	-29.058	0.042
54.780	-30.067	0.072
54.800	-30.647	0.101
54.820	-30.819	0.131
54.840	-30.551	0.163
54.860	-29.863	0.182
54.880	-28.719	0.206
54.900	-27.146	0.223
54.920	-25.201	0.237
54.940	-22.908	0.251
54.960	-20.287	0.264
54.980	-17.333	0.262
55.000	-14.164	0.269
55.020	-10.796	0.257
55.040	-7.251	0.257
55.060	-3.593	0.245
55.080	0.091	0.235
55.100	3.787	0.211
55.120	7.412	0.196
55.140	10.930	0.170
55.160	14.314	0.145
55.180	17.483	0.117
55.200	20.405	0.087
55.220	23.058	0.055
55.240	25.319	0.031
55.260	27.248	-0.011
55.280	28.789	-0.039
55.300	29.917	-0.071
55.320	30.615	-0.104
55.340	30.884	-0.131
55.360	30.701	-0.163
55.380	30.100	-0.183
55.400	29.042	-0.212
55.420	27.591	-0.229
55.440	25.765	-0.244
55.460	23.547	-0.255
55.480	20.974	-0.266
55.500	18.111	-0.276
55.520	15.001	-0.276
55.540	11.650	-0.276
55.560	8.180	-0.264
55.580	4.576	-0.263
55.600	0.908	-0.239
55.620	-2.793	-0.235
55.640	-6.445	-0.208
55.660	-10.022	-0.197
55.680	-13.428	-0.159
55.700	-16.640	-0.140
55.720	-19.631	-0.102
55.740	-22.344	-0.081
55.760	-24.712	-0.046
55.780	-26.759	-0.019
55.800	-28.397	0.019
55.820	-29.632	0.048
55.840	-30.449	0.081
55.860	-30.782	0.106
55.880	-30.733	0.140
55.900	-30.261	0.156
55.920	-29.342	0.189
55.940	-27.989	0.206
55.960	-26.195	0.225
55.980	-24.089	0.237
56.000	-21.592	0.253
56.020	-18.793	0.255
56.040	-15.732	0.258
56.060	-12.445	0.254
56.080	-8.970	0.256
56.100	-5.376	0.245
56.120	-1.697	0.237
56.140	1.993	0.218
56.160	5.661	0.198
56.180	9.244	0.176
56.200	12.713	0.153
56.220	15.984	0.127
56.240	19.019	0.098
56.260	21.812	0.067
56.280	24.261	0.033
56.300	26.367	0.007
56.320	28.085	-0.024
56.340	29.423	-0.057
56.360	30.331	-0.093
56.380	30.792	-0.116
56.400	30.841	-0.151
56.420	30.443	-0.172
56.440	29.600	-0.199
56.460	28.343	-0.219
56.480	26.694	-0.234
56.500	24.669	-0.251
56.520	22.247	-0.263
56.540	19.519	-0.271
56.560	16.532	-0.275
56.580	13.288	-0.272
56.600	9.872	-0.269
56.620	6.300	-0.264
56.640	2.675	-0.252
56.660	-1.026	-0.237
56.680	-4.710	-0.217
56.700	-8.331	-0.197
56.720	-11.822	-0.175
56.740	-15.136	-0.148
56.760	-18.246	-0.120
56.780	-21.114	-0.090
56.800	-23.633	-0.056
56.820	-25.824	-0.028
56.840	-27.672	0.002
56.860	-29.122	0.036
56.880	-30.137	0.069
56.900	-30.680	0.098
56.920	-30.862	0.127
56.940	-30.572	0.154
56.960	-29.869	0.178
56.980	-28.719	0.200
57.000	-27.135	0.219
57.020	-25.180	0.235
57.040	-22.870	0.250
57.060	-20.211	0.263
57.080	-17.263	0.264
57.100	-14.099	0.265
57.120	-10.715	0.259
57.140	-7.144	0.257
57.160	-3.491	0.244
57.180	0.204	0.233
57.200	3.878	0.211
57.220	7.514	0.194
57.240	11.043	0.167
57.260	14.416	0.145
57.280	17.569	0.116
57.300	20.496	0.091
57.320	23.128	0.057
57.340	25.400	0.027
57.360	27.307	-0.006
57.380	28.832	-0.035
57.400	29.944	-0.068
57.420	30.621	-0.099
57.440	30.878	-0.130
57.460	30.690	-0.157
57.480	30.046	-0.179
57.500	29.009	-0.205
57.520	27.527	-0.218
57.540	25.695	-0.240
57.560	23.450	-0.252
57.580	20.867	-0.259
57.600	18.009	-0.265
57.620	14.878	-0.267
57.640	11.521	-0.265
57.660	8.041	-0.258
57.680	4.426	-0.253
57.700	0.741	-0.234
57.720	-2.959	-0.221
57.740	-6.606	-0.195
57.760	-10.178	-0.180
57.780	-13.583	-0.151
57.800	-16.795	-0.131
57.820	-19.776	-0.093
57.840	-22.478	-0.065
57.860	-24.847	-0.030
57.880	-26.866	-0.006
57.900	-28.504	0.028
57.920	-29.702	0.058
57.940	-30.519	0.093
57.960	-30.825	0.116
57.980	-30.782	0.153
58.000	-30.271	0.169
58.020	-29.326	0.201
58.040	-27.957	0.216
58.060	-26.189	0.241
58.080	-24.030	0.250
58.100	-21.543	0.265
58.120	-18.724	0.264
58.140	-15.673	0.272
58.160	-12.380	0.267
58.180	-8.873	0.267
58.200	-5.269	0.259
58.220	-1.584	0.249
58.240	2.105	0.230
58.260	5.779	0.211
58.280	9.356	0.191
58.300	12.826	0.164
58.320	16.081	0.138
58.340	19.116	0.110
58.360	21.909	0.081
58.380	24.347	0.048
58.400	26.431	0.019
58.420	28.139	-0.017
58.440	29.471	-0.041
58.460	30.352	-0.079
58.480	30.809	-0.102
58.500	30.825	-0.136
58.520	30.422	-0.160
58.540	29.562	-0.187
58.560	28.290	-0.204
58.580	26.625	-0.223
58.600	24.594	-0.237
58.620	22.172	-0.251
58.640	19.433	-0.259
58.660	16.430	-0.259
58.680	13.165	-0.264
58.700	9.749	-0.255
58.720	6.193	-0.252
58.740	2.541	-0.238
58.760	-1.144	-0.231
58.780	-4.829	-0.203
58.800	-8.459	-0.185
58.820	-11.918	-0.162
58.840	-15.216	-0.134
58.860	-18.326	-0.109
58.880	-21.189	-0.075
58.900	-23.719	-0.048
58.920	-25.899	-0.016
58.940	-27.736	0.015
58.960	-29.144	0.048
58.980	-30.153	0.079
59.000	-30.685	0.106
59.020	-30.846	0.135
59.040	-30.551	0.169
59.060	-29.810	0.185
59.080	-28.649	0.209
59.100	-27.054	0.226
59.120	-25.078	0.246
59.140	-22.757	0.257
59.160	-20.088	0.265
59.180	-17.139	0.268
59.200	-13.954	0.272
59.220	-10.576	0.265
59.240	-7.009	0.263
59.260	-3.357	0.246
59.280	0.338	0.235
59.300	4.023	0.214
59.320	7.648	0.200
59.340	11.183	0.172
59.360	14.534	0.148
59.380	17.692	0.120
59.400	20.593	0.093
59.420	23.225	0.056
59.440	25.470	0.033
59.460	27.366	-0.007
59.480	28.875	-0.031
59.500	29.976	-0.069
59.520	30.642	-0.097
59.540	30.878	-0.127
59.560	30.674	-0.151
59.580	30.035	-0.180
59.600	28.972	-0.200
59.620	27.489	-0.222
59.640	25.631	-0.239
59.660	23.375	-0.253
59.680	20.786	-0.258
59.700	17.913	-0.271
59.720	14.781	-0.267
59.740	11.440	-0.270
59.760	7.933	-0.256
59.780	4.318	-0.255
59.800	0.661	-0.237
59.820	-3.040	-0.225
59.840	-6.682	-0.195
59.860	-10.259	-0.183
59.880	-13.648	-0.151
59.900	-16.865	-0.133
59.920	-19.835	-0.093
59.940	-22.505	-0.072
59.960	-24.868	-0.034
59.980	-26.888	-0.007
60.000	-28.504	0.027
60.020	-29.681	0.055
60.040	-30.470	0.089
60.060	-30.798	0.110
60.080	-30.728	0.147
60.100	-30.202	0.162
60.120	-29.240	0.197
60.140	-27.854	0.206
60.160	-26.066	0.231
60.180	-23.923	0.238
60.200	-21.425	0.255
60.220	-18.584	0.255
60.240	-15.501	0.266
60.260	-12.219	0.259
60.280	-8.728	0.259
60.300	-5.119	0.244
60.320	-1.439	0.237
60.340	2.261	0.214
60.360	5.914	0.201
60.380	9.485	0.172
60.400	12.939	0.152
60.420	16.194	0.127
60.440	19.218	0.098
60.460	21.989	0.066
60.480	24.417	0.031
60.500	26.496	0.004
60.520	28.193	-0.027
60.540	29.498	-0.059
60.560	30.374	-0.092
60.580	30.819	-0.118
60.600	30.819	-0.155
60.620	30.395	-0.173
60.640	29.530	-0.205
60.660	28.247	-0.219
60.680	26.571	-0.243
60.700	24.519	-0.250
60.720	22.064	-0.271
60.740	19.331	-0.271
60.760	16.323	-0.275
60.780	13.062	-0.277
60.800	9.646	-0.271
60.820	6.075	-0.265
60.840	2.428	-0.253
60.860	-1.268	-0.237
60.880	-4.925	-0.219
60.900	-8.551	-0.199
60.920	-12.031	-0.172
60.940	-15.318	-0.151
60.960	-18.423	-0.120
60.980	-21.248	-0.092
61.000	-23.767	-0.056
61.020	-25.948	-0.029
61.040	-27.769	0.002
61.060	-29.176	0.035
61.080	-30.159	0.066
61.100	-30.690	0.096
61.120	-30.809	0.127
61.140	-30.497	0.152
61.160	-29.777	0.177
61.180	-28.580	0.197
61.200	-26.968	0.218
61.220	-24.997	0.235
61.240	-22.655	0.247
61.260	-19.986	0.258
61.280	-17.021	0.256
61.300	-13.841	0.264
61.320	-10.436	0.251
61.340	-6.875	0.254
61.360	-3.228	0.238
61.380	0.478	0.225
61.400	4.152	0.204
61.420	7.777	0.188
61.440	11.301	0.163
61.460	14.652	0.141
61.480	17.794	0.109
61.500	20.689	0.081
61.520	23.300	0.048
61.540	25.540	0.025
61.560	27.430	-0.017
61.580	28.918	-0.039
61.600	29.998	-0.081
61.620	30.664	-0.105
61.640	30.878	-0.138
61.660	30.664	-0.160
61.680	29.992	-0.189
61.700	28.918	-0.207
61.720	27.436	-0.230
61.740	25.545	-0.242
61.760	23.300	-0.259
61.780	20.700	-0.266
61.800	17.811	-0.276
61.820	14.674	-0.271
61.840	11.317	-0.275
61.860	7.810	-0.263
61.880	4.195	-0.257
61.900	0.516	-0.240
61.920	-3.174	-0.231
61.940	-6.816	-0.201
61.960	-10.388	-0.187
61.980	-13.777	-0.154
62.000	-16.973	-0.133
62.020	-19.954	-0.096
62.040	-22.612	-0.075
62.060	-24.949	-0.038
62.080	-26.963	-0.010
62.100	-28.569	0.028
62.120	-29.761	0.052
62.140	-30.519	0.089
62.160	-30.809	0.114
62.180	-30.733	0.148
62.200	-30.207	0.167
62.220	-29.246	0.197
62.240	-27.828	0.210
62.260	-26.012	0.234
62.280	-23.858	0.247
62.300	-21.350	0.259
62.320	-18.520	0.259
62.340	-15.431	0.269
62.360	-12.128	0.259
62.380	-8.647	0.263
62.400	-5.027	0.250
62.420	-1.337	0.246
62.440	2.363	0.220
62.460	6.032	0.206
62.480	9.598	0.176
62.500	13.036	0.153
62.520	16.296	0.131
62.540	19.298	0.103
62.560	22.070	0.070
62.580	24.498	0.037
62.600	26.565	0.009
62.620	28.252	-0.018
62.640	29.546	-0.051
62.660	30.395	-0.086
62.680	30.830	-0.114
62.700	30.819	-0.142
62.720	30.384	-0.166
62.740	29.487	-0.189
62.760	28.214	-0.215
62.780	26.496	-0.226
62.800	24.433	-0.249
62.820	21.984	-0.251
62.840	19.234	-0.265
62.860	16.215	-0.264
62.880	12.939	-0.268
62.900	9.512	-0.258
62.920	5.940	-0.251
62.940	2.277	-0.238
62.960	-1.413	-0.228
62.980	-5.097	-0.203
63.000	-8.696	-0.186
63.020	-12.176	-0.162
63.040	-15.458	-0.139
63.060	-18.568	-0.105
63.080	-21.382	-0.074
63.100	-23.896	-0.046
63.120	-26.044	-0.016
63.140	-27.871	0.015
63.160	-29.256	0.052
63.180	-30.234	0.085
63.200	-30.712	0.105
63.220	-30.830	0.140
63.240	-30.551	0.165
63.260	-29.788	0.190
63.280	-28.574	0.211
63.300	-26.952	0.234
63.320	-24.954	0.249
63.340	-22.623	0.259
63.360	-19.932	0.269
63.380	-16.957	0.270
63.400	-13.761	0.272
63.420	-10.339	0.268
63.440	-6.789	0.263
63.460	-3.115	0.252
63.480	0.580	0.238
63.500	4.259	0.222
63.520	7.885	0.200
63.540	11.392	0.176
63.560	14.749	0.150
63.580	17.891	0.118
63.600	20.781	0.097
63.620	23.375	0.060
63.640	25.609	0.038
63.660	27.484	-0.002
63.680	28.961	-0.030
63.700	30.035	-0.065
63.720	30.669	-0.088
63.740	30.878	-0.125
63.760	30.647	-0.149
63.780	29.976	-0.173
63.800	28.880	-0.196
63.820	27.371	-0.216
63.840	25.486	-0.236
63.860	23.198	-0.240
63.880	20.604	-0.260
63.900	17.714	-0.258
63.920	14.556	-0.267
63.940	11.193	-0.256
63.960	7.686	-0.255
63.980	4.061	-0.246
64.000	0.403	-0.232
64.020	-3.309	-0.217
64.040	-6.945	-0.196
64.060	-10.484	-0.173
64.080	-13.890	-0.145
64.100	-17.091	-0.122
64.120	-20.034	-0.086
64.140	-22.693	-0.064
64.160	-25.029	-0.027
64.180	-27.006	-0.002
64.200	-28.617	0.035
64.220	-29.783	0.061
64.240	-30.535	0.098
64.260	-30.819	0.117
64.280	-30.728	0.154
64.300	-30.159	0.173
64.320	-29.176	0.201
64.340	-27.752	0.219
64.360	-25.948	0.239
64.380	-23.762	0.247
64.400	-21.243	0.265
64.420	-18.396	0.269
64.440	-15.308	0.271
64.460	-12.004	0.267
64.480	-8.497	0.264
64.500	-4.882	0.256
64.520	-1.187	0.239
64.540	2.492	0.226
64.560	6.150	0.205
64.580	9.722	0.184
64.600	13.170	0.159
64.620	16.419	0.134
64.640	19.417	0.103
64.660	22.177	0.071
64.680	24.562	0.040
64.700	26.630	0.010
64.720	28.306	-0.024
64.740	29.573	-0.052
64.760	30.417	-0.087
64.780	30.846	-0.114
64.800	30.809	-0.144
64.820	30.347	-0.168
64.840	29.460	-0.192
64.860	28.155	-0.213
64.880	26.431	-0.234
64.900	24.363	-0.247
64.920	21.914	-0.259
64.940	19.143	-0.267
64.960	16.124	-0.268
64.980	12.853	-0.273
65.000	9.405	-0.263
65.020	5.838	-0.259
65.040	2.186	-0.239
65.060	-1.509	-0.234
65.080	-5.188	-0.209
65.100	-8.787	-0.192
65.120	-12.257	-0.167
65.140	-15.544	-0.141
65.160	-18.627	-0.113
65.180	-21.436	-0.081
65.200	-23.934	-0.055
65.220	-26.082	-0.021
65.240	-27.876	0.009
65.260	-29.240	0.041
65.280	-30.207	0.074
65.300	-30.701	0.102
65.320	-30.825	0.131
65.340	-30.470	0.158
65.360	-29.691	0.178
65.380	-28.488	0.201
65.400	-26.861	0.222
65.420	-24.847	0.235
65.440	-22.489	0.248
65.460	-19.782	0.255
65.480	-16.817	0.262
65.500	-13.616	0.261
65.520	-10.205	0.258
65.540	-6.639	0.250
65.560	-2.976	0.238
65.580	0.725	0.226
65.600	4.410	0.202
65.620	8.008	0.187
65.640	11.516	0.160
65.660	14.878	0.135
65.680	18.009	0.105
65.700	20.872	0.081
65.720	23.466	0.043
65.740	25.674	0.019
65.760	27.548	-0.020
65.780	28.999	-0.043
65.800	30.051	-0.083
65.820	30.685	-0.105
65.840	30.878	-0.143
65.860	30.637	-0.163
65.880	29.949	-0.190
65.900	28.837	-0.215
65.920	27.307	-0.233
65.940	25.421	-0.246
65.960	23.128	-0.262
65.980	20.496	-0.270
66.000	17.606	-0.278
66.020	14.443	-0.273
66.040	11.075	-0.274
66.060	7.573	-0.269
66.080	3.958	-0.259
66.100	0.274	-0.242
66.120	-3.416	-0.229
66.140	-7.052	-0.202
66.160	-10.603	-0.188
66.180	-13.986	-0.158
66.200	-17.155	-0.135
66.220	-20.120	-0.101
66.240	-22.747	-0.074
66.260	-25.083	-0.039
66.280	-27.060	-0.010
66.300	-28.649	0.022
66.320	-29.804	0.053
66.340	-30.513	0.087
66.360	-30.798	0.110
66.380	-30.685	0.145
66.400	-30.121	0.160
66.420	-29.127	0.193
66.440	-27.693	0.206
66.460	-25.867	0.230
66.480	-23.676	0.240
66.500	-21.146	0.253
66.520	-18.289	0.258
66.540	-15.184	0.264
66.560	-11.892	0.255
66.580	-8.379	0.256
66.600	-4.748	0.243
66.620	-1.069	0.236
66.640	2.626	0.213
66.660	6.273	0.197
66.680	9.834	0.175
66.700	13.277	0.152
66.720	16.516	0.123
66.740	19.524	0.095
66.760	22.258	0.066
66.780	24.648	0.032
66.800	26.700	0.002
66.820	28.338	-0.030
66.840	29.616	-0.059
66.860	30.438	-0.093
66.880	30.841	-0.121
66.900	30.792	-0.151
66.920	30.331	-0.174
66.940	29.417	-0.204
66.960	28.096	-0.217
66.980	26.367	-0.238
67.000	24.277	-0.249
67.020	21.796	-0.264
67.040	19.041	-0.271
67.060	16.011	-0.274
67.080	12.719	-0.275
67.100	9.281	-0.263
67.120	5.704	-0.260
67.140	2.052	-0.245
67.160	-1.649	-0.233
67.180	-5.317	-0.209
67.200	-8.932	-0.192
67.220	-12.380	-0.162
67.240	-15.673	-0.143
67.260	-18.750	-0.110
67.280	-21.549	-0.083
67.300	-24.036	-0.048
67.320	-26.195	-0.020
67.340	-27.962	0.011
67.360	-29.337	0.043
67.380	-30.266	0.077
67.400	-30.750	0.105
67.420	-30.814	0.135
67.440	-30.486	0.163
67.460	-29.702	0.183
67.480	-28.494	0.209
67.500	-26.834	0.228
67.520	-24.814	0.244
67.540	-22.446	0.255
67.560	-19.733	0.263
67.580	-16.736	0.264
67.600	-13.546	0.267
67.620	-10.103	0.264
67.640	-6.547	0.257
67.660	-2.884	0.248
67.680	0.822	0.235
67.700	4.506	0.211
67.720	8.121	0.190
67.740	11.634	0.168
67.760	14.975	0.145
67.780	18.090	0.114
67.800	20.969	0.089
67.820	23.542	0.055
67.840	25.744	0.023
67.860	27.607	-0.008
67.880	29.042	-0.036
67.900	30.094	-0.071
67.920	30.707	-0.096
67.940	30.878	-0.130
67.960	30.621	-0.151
67.980	29.906	-0.184
68.000	28.784	-0.199
68.020	27.242	-0.226
68.040	25.341	-0.230
68.060	23.042	-0.253
68.080	20.399	-0.251
68.100	17.504	-0.267
68.120	14.330	-0.258
68.140	10.946	-0.265
68.160	7.444	-0.249
68.180	3.803	-0.249
68.200	0.134	-0.226
68.220	-3.577	-0.217
68.240	-7.203	-0.188
68.260	-10.742	-0.171
68.280	-14.115	-0.142
68.300	-17.311	-0.119
68.320	-20.244	-0.085
68.340	-22.875	-0.056
68.360	-25.185	-0.024
68.380	-27.162	0.002
68.400	-28.719	0.036
68.420	-29.858	0.069
68.440	-30.588	0.100
68.460	-30.830	0.127
68.480	-30.712	0.161
68.500	-30.148	0.176
68.520	-29.138	0.206
68.540	-27.677	0.222
68.560	-25.835	0.245
68.580	-23.617	0.251
68.600	-21.082	0.269
68.620	-18.213	0.267
68.640	-15.098	0.274
68.660	-11.773	0.268
68.680	-8.271	0.270
68.700	-4.635	0.255
68.720	-0.956	0.247
68.740	2.750	0.224
68.760	6.392	0.211
68.780	9.942	0.186
68.800	13.379	0.164
68.820	16.618	0.131
68.840	19.610	0.111
68.860	22.349	0.070
68.880	24.718	0.046
68.900	26.764	0.009
68.920	28.392	-0.017
68.940	29.648	-0.053
68.960	30.449	-0.082
68.980	30.841	-0.109
69.000	30.792	-0.140
69.020	30.304	-0.168
69.040	29.380	-0.188
69.060	28.048	-0.210
69.080	26.302	-0.228
69.100	24.208	-0.245
69.120	21.715	-0.251
69.140	18.933	-0.262
69.160	15.898	-0.262
69.180	12.611	-0.265
69.200	9.168	-0.255
69.220	5.591	-0.254
69.240	1.934	-0.236
69.260	-1.767	-0.230
69.280	-5.446	-0.201
69.300	-9.040	-0.182
69.320	-12.482	-0.157
69.340	-15.764	-0.132
69.360	-18.826	-0.102
69.380	-21.640	-0.076
69.400	-24.095	-0.042
69.420	-26.232	-0.015
69.440	-27.967	0.021
69.460	-29.342	0.048
69.480	-30.255	0.086
69.500	-30.733	0.103
69.520	-30.819	0.142
69.540	-30.433	0.167
69.560	-29.638	0.189
69.580	-28.392	0.210
69.600	-26.753	0.230
69.620	-24.707	0.242
69.640	-22.322	0.259
69.660	-19.599	0.267
69.680	-16.618	0.269
69.700	-13.396	0.268
69.720	-9.969	0.264
69.740	-6.392	0.261
69.760	-2.745	0.245
69.780	0.967	0.230
69.800	4.635	0.211
69.820	8.250	0.192
69.840	11.768	0.168
69.860	15.098	0.143
69.880	18.203	0.114
69.900	21.055	0.085
69.920	23.622	0.052
69.940	25.813	0.027
69.960	27.656	-0.012
69.980	29.090	-0.039
70.000	30.116	-0.076
70.020	30.712	-0.101
70.040	30.884	-0.134
70.060	30.604	-0.161
70.080	29.885	-0.184
70.100	28.746	-0.205
70.120	27.178	-0.226
70.140	25.282	-0.243
70.160	22.951	-0.258
70.180	20.319	-0.267
70.200	17.402	-0.271
70.220	14.228	-0.269
70.240	10.866	-0.271
70.260	7.342	-0.263
70.280	3.701	-0.256
70.300	0.027	-0.235
70.320	-3.663	-0.225
70.340	-7.299	-0.200
70.360	-10.850	-0.183
70.380	-14.196	-0.150
70.400	-17.381	-0.129
70.420	-20.303	-0.095
70.440	-22.913	-0.069
70.460	-25.228	-0.035
70.480	-27.167	-0.008
70.500	-28.741	0.028
70.520	-29.853	0.057
70.540	-30.556	0.090
70.560	-30.825	0.112
70.580	-30.664	0.146
70.600	-30.073	0.168
70.620	-29.052	0.193
70.640	-27.586	0.211
70.660	-25.728	0.231
70.680	-23.520	0.239
70.700	-20.937	0.255
70.720	-18.079	0.259
70.740	-14.969	0.263
70.760	-11.639	0.257
70.780	-8.132	0.254
70.800	-4.496	0.243
70.820	-0.816	0.232
70.840	2.874	0.213
70.860	6.515	0.196
70.880	10.082	0.172
70.900	13.503	0.147
70.920	16.726	0.118
70.940	19.701	0.094
70.960	22.435	0.058
70.980	24.804	0.030
71.000	26.823	-0.006
71.020	28.435	-0.033
71.040	29.681	-0.067
71.060	30.470	-0.097
71.080	30.862	-0.126
71.100	30.776	-0.155
71.120	30.282	-0.180
71.140	29.342	-0.205
71.160	27.989	-0.224
71.180	26.243	-0.238
71.200	24.122	-0.259
71.220	21.640	-0.269
71.240	18.847	-0.274
71.260	15.791	-0.277
71.280	12.482	-0.277
71.300	9.045	-0.271
71.320	5.468	-0.263
71.340	1.805	-0.249
71.360	-1.880	-0.236
71.380	-5.543	-0.213
71.400	-9.163	-0.192
71.420	-12.595	-0.171
71.440	-15.861	-0.143
71.460	-18.912	-0.111
71.480	-21.710	-0.083
71.500	-24.165	-0.052
71.520	-26.281	-0.026
71.540	-28.032	0.010
71.560	-29.358	0.039
71.580	-30.277	0.075
71.600	-30.733	0.098
71.620	-30.792	0.132
71.640	-30.417	0.156
71.660	-29.589	0.184
71.680	-28.338	0.200
71.700	-26.662	0.226
71.720	-24.626	0.235
71.740	-22.252	0.251
71.760	-19.502	0.255
71.780	-16.500	0.262
71.800	-13.288	0.262
71.820	-9.851	0.257
71.840	-6.268	0.251
71.860	-2.605	0.243
71.880	1.090	0.226
71.900	4.770	0.204
71.920	8.368	0.186
71.940	11.886	0.164
71.960	15.195	0.136
71.980	18.299	0.110
72.000	21.162	0.079
72.020	23.713	0.044
72.040	25.889	0.019
72.060	27.704	-0.018
72.080	29.133	-0.045
72.100	30.148	-0.081
72.120	30.728	-0.105
72.140	30.878	-0.139
72.160	30.588	-0.163
72.180	29.842	-0.189
72.200	28.698	-0.213
72.220	27.113	-0.229
72.240	25.201	-0.242
72.260	22.875	-0.260
72.280	20.222	-0.262
72.300	17.295	-0.280
72.320	14.104	-0.267
72.340	10.731	-0.274
72.360	7.192	-0.256
72.380	3.566	-0.253
72.400	-0.118	-0.233
72.420	-3.813	-0.217
72.440	-7.444	-0.194
72.460	-11.000	-0.177
72.480	-14.346	-0.148
72.500	-17.499	-0.124
72.520	-20.437	-0.093
72.540	-23.058	-0.065
72.560	-25.335	-0.028
72.580	-27.274	-0.007
72.600	-28.811	0.032
72.620	-29.928	0.058
72.640	-30.615	0.092
72.660	-30.830	0.119
72.680	-30.696	0.153
72.700	-30.083	0.172
72.720	-29.047	0.202
72.740	-27.554	0.216
72.760	-25.706	0.239
72.780	-23.482	0.252
72.800	-20.904	0.262
72.820	-18.031	0.264
72.840	-14.883	0.268
72.860	-11.575	0.268
72.880	-8.051	0.265
72.900	-4.410	0.251
72.920	-0.714	0.245
72.940	2.981	0.222
72.960	6.639	0.207
72.980	10.178	0.181
73.000	13.610	0.158
73.020	16.822	0.130
73.040	19.792	0.103
73.060	22.510	0.070
73.080	24.863	0.038
73.100	26.877	0.005
73.120	28.483	-0.024
73.140	29.702	-0.054
73.160	30.492	-0.082
73.180	30.857	-0.117
73.200	30.771	-0.143
73.220	30.255	-0.170
73.240	29.305	-0.191
73.260	27.935	-0.215
73.280	26.173	-0.224
73.300	24.046	-0.254
73.320	21.533	-0.250
73.340	18.750	-0.265
73.360	15.684	-0.261
73.380	12.375	-0.265
73.400	8.916	-0.253
73.420	5.317	-0.253
73.440	1.660	-0.234
73.460	-2.041	-0.224
73.480	-5.688	-0.198
73.500	-9.297	-0.180
73.520	-12.740	-0.154
73.540	-15.995	-0.130
73.560	-19.046	-0.097
73.580	-21.812	-0.068
73.600	-24.277	-0.035
73.620	-26.383	-0.012
73.640	-28.112	0.023
73.660	-29.434	0.055
73.680	-30.336	0.086
73.700	-30.755	0.110
73.720	-30.814	0.150
73.740	-30.417	0.165
73.760	-29.579	0.197
73.780	-28.311	0.212
73.800	-26.641	0.239
73.820	-24.589	0.247
73.840	-22.161	0.264
73.860	-19.422	0.268
73.880	-16.419	0.274
73.900	-13.186	0.269
73.920	-9.732	0.269
73.940	-6.166	0.261
73.960	-2.492	0.254
73.980	1.208	0.230
74.000	4.877	0.219
74.020	8.486	0.193
74.040	11.978	0.172
74.060	15.308	0.144
74.080	18.396	0.114
74.100	21.248	0.085
74.120	23.772	0.053
74.140	25.958	0.029
74.160	27.769	-0.010
74.180	29.165	-0.037
74.200	30.164	-0.076
74.220	30.739	-0.099
74.240	30.873	-0.132
74.260	30.578	-0.155
74.280	29.815	-0.185
74.300	28.644	-0.202
74.320	27.049	-0.228
74.340	25.131	-0.234
74.360	22.790	-0.254
74.380	20.125	-0.257
74.400	17.193	-0.267
74.420	14.002	-0.266
74.440	10.608	-0.264
74.460	7.084	-0.255
74.480	3.454	-0.248
74.500	-0.231	-0.231
74.520	-3.910	-0.214
74.540	-7.546	-0.191
74.560	-11.086	-0.172
74.580	-14.432	-0.146
74.600	-17.601	-0.116
74.620	-20.512	-0.089
74.640	-23.101	-0.059
74.660	-25.362	-0.027
74.680	-27.312	0.003
74.700	-28.827	0.037
74.720	-29.912	0.069
74.740	-30.583	0.098
74.760	-30.830	0.123
74.780	-30.631	0.158
74.800	-30.008	0.175
74.820	-28.961	0.202
74.840	-27.462	0.220
74.860	-25.593	0.240
74.880	-23.359	0.247
74.900	-20.781	0.264
74.920	-17.880	0.262
74.940	-14.765	0.268
74.960	-11.414	0.262
74.980	-7.901	0.259
75.000	-4.249	0.246
75.020	-0.569	0.239
75.040	3.115	0.215
75.060	6.768	0.200
75.080	10.312	0.173
75.100	13.734	0.153
75.120	16.935	0.120
75.140	19.905	0.094
75.160	22.618	0.061
75.180	24.949	0.037
75.200	26.941	-0.005
75.220	28.537	-0.028
75.240	29.756	-0.068
75.260	30.513	-0.092
75.280	30.868	-0.124
75.300	30.760	-0.151
75.320	30.229	-0.178
75.340	29.267	-0.197
75.360	27.871	-0.225
75.380	26.114	-0.233
75.400	23.971	-0.259
75.420	21.458	-0.258
75.440	18.648	-0.273
75.460	15.582	-0.272
75.480	12.273	-0.274
75.500	8.819	-0.266
75.520	5.226	-0.263
75.540	1.558	-0.244
75.560	-2.143	-0.232
75.580	-5.806	-0.207
75.600	-9.378	-0.192
75.620	-12.826	-0.163
75.640	-16.086	-0.141
75.660	-19.116	-0.111
75.680	-21.898	-0.085
75.700	-24.310	-0.050
75.720	-26.420	-0.020
75.740	-28.134	0.015
75.760	-29.450	0.040
75.780	-30.331	0.081
75.800	-30.744	0.099
75.820	-30.787	0.134
75.840	-30.357	0.154
75.860	-29.530	0.185
75.880	-28.247	0.201
75.900	-26.549	0.225
75.920	-24.476	0.232
75.940	-22.054	0.252
75.960	-19.304	0.252
75.980	-16.291	0.262
76.000	-13.052	0.256
76.020	-9.604	0.257
76.040	-6.010	0.246
76.060	-2.363	0.240
76.080	1.337	0.219
76.100	5.022	0.202
76.120	8.610	0.181
76.140	12.101	0.159
76.160	15.426	0.131
76.180	18.503	0.103
76.200	21.329	0.073
76.220	23.853	0.040
76.240	26.018	0.010
76.260	27.812	-0.020
76.280	29.224	-0.052
76.300	30.196	-0.087
76.320	30.750	-0.112
76.340	30.868	-0.146
76.360	30.545	-0.169
76.380	29.777	-0.194
76.400	28.606	-0.217
76.420	27.022	-0.235
76.440	25.062	-0.249
76.460	22.698	-0.266
76.480	20.040	-0.271
76.500	17.096	-0.278
76.520	13.884	-0.274
76.540	10.495	-0.277
76.560	6.956	-0.262
76.580	3.335	-0.259
76.600	-0.344	-0.237
76.620	-4.034	-0.229
76.640	-7.670	-0.201
76.660	-11.183	-0.180
76.680	-14.529	-0.154
76.700	-17.687	-0.126
76.720	-20.598	-0.094
76.740	-23.182	-0.067
76.760	-25.443	-0.034
76.780	-27.339	-0.006
76.800	-28.870	0.029
76.820	-29.955	0.061
76.840	-30.599	0.092
76.860	-30.819	0.115
76.880	-30.621	0.149
76.900	-30.008	0.173
76.920	-28.934	0.197
