0.000	-5.462	0.237
0.020	-1.794	0.236
0.040	1.907	0.209
0.060	5.591	0.196
0.080	9.163	0.170
0.100	12.622	0.154
0.120	15.915	0.122
0.140	18.955	0.096
0.160	21.769	0.065
0.180	24.208	0.036
0.200	26.334	0.004
0.220	28.059	-0.027
0.240	29.396	-0.057
0.260	30.320	-0.087
0.280	30.792	-0.114
0.300	30.841	-0.147
0.320	30.454	-0.165
0.340	29.622	-0.191
0.360	28.386	-0.211
0.380	26.727	-0.223
0.400	24.718	-0.236
0.420	22.306	-0.254
0.440	19.588	-0.248
0.460	16.624	-0.261
0.480	13.369	-0.254
0.500	9.958	-0.256
0.520	6.408	-0.240
0.540	2.755	-0.231
0.560	-0.929	-0.215
0.580	-4.614	-0.196
0.600	-8.250	-0.177
0.620	-11.730	-0.149
0.640	-15.028	-0.128
0.660	-18.160	-0.096
0.680	-21.033	-0.073
0.700	-23.552	-0.038
0.720	-25.776	-0.009
0.740	-27.618	0.018
0.760	-29.084	0.050
0.780	-30.100	0.081
0.800	-30.685	0.109
0.820	-30.841	0.137
0.840	-30.572	0.158
0.860	-29.890	0.182
0.880	-28.757	0.204
0.900	-27.172	0.219
0.920	-25.217	0.234
0.940	-22.935	0.245
0.960	-20.297	0.255
0.980	-17.349	0.259
1.000	-14.180	0.262
1.020	-10.823	0.252
1.040	-7.262	0.246
1.060	-3.620	0.230
1.080	0.075	0.220
1.100	3.754	0.200
1.120	7.396	0.183
1.140	10.930	0.156
1.160	14.314	0.133
1.180	17.472	0.101
1.200	20.394	0.077
1.220	23.042	0.044
1.240	25.319	0.018
1.260	27.242	-0.020
1.280	28.778	-0.042
1.300	29.912	-0.080
1.320	30.615	-0.105
1.340	30.878	-0.139
1.360	30.707	-0.155
1.380	30.100	-0.187
1.400	29.063	-0.198
1.420	27.618	-0.230
1.440	25.776	-0.231
1.460	23.558	-0.257
1.480	20.990	-0.252
1.500	18.127	-0.275
1.520	15.018	-0.257
1.540	11.698	-0.269
1.560	8.207	-0.248
1.580	4.598	-0.252
1.600	0.913	-0.223
1.620	-2.766	-0.215
1.640	-6.402	-0.190
1.660	-9.979	-0.175
1.680	-13.396	-0.144
1.700	-16.613	-0.124
1.720	-19.604	-0.091
1.740	-22.312	-0.062
1.760	-24.702	-0.029
1.780	-26.743	-0.004
1.800	-28.408	0.029
1.820	-29.611	0.057
1.840	-30.449	0.090
1.860	-30.809	0.110
1.880	-30.755	0.146
1.900	-30.266	0.159
1.920	-29.358	0.187
1.940	-28.005	0.199
1.960	-26.243	0.223
1.980	-24.116	0.231
2.000	-21.640	0.248
2.020	-18.842	0.243
2.040	-15.796	0.253
2.060	-12.520	0.243
2.080	-9.045	0.244
2.100	-5.446	0.228
2.120	-1.762	0.223
2.140	1.934	0.198
2.160	5.602	0.184
2.180	9.163	0.154
2.200	12.649	0.141
2.220	15.925	0.107
2.240	18.960	0.084
2.260	21.774	0.049
2.280	24.224	0.026
2.300	26.334	-0.015
2.320	28.059	-0.038
2.340	29.396	-0.071
2.360	30.320	-0.102
2.380	30.792	-0.131
2.400	30.835	-0.158
2.420	30.454	-0.181
2.440	29.622	-0.202
2.460	28.386	-0.227
2.480	26.721	-0.237
2.500	24.723	-0.255
2.520	22.312	-0.262
2.540	19.594	-0.270
2.560	16.618	-0.273
2.580	13.379	-0.271
2.600	9.969	-0.265
2.620	6.413	-0.261
2.640	2.771	-0.244
2.660	-0.908	-0.229
2.680	-4.603	-0.210
2.700	-8.223	-0.190
2.720	-11.704	-0.169
2.740	-15.028	-0.142
2.760	-18.149	-0.114
2.780	-21.006	-0.085
2.800	-23.552	-0.052
2.820	-25.760	-0.025
2.840	-27.602	0.006
2.860	-29.058	0.034
2.880	-30.083	0.068
2.900	-30.658	0.095
2.920	-30.825	0.125
2.940	-30.562	0.147
2.960	-29.869	0.171
2.980	-28.751	0.191
3.000	-27.162	0.209
3.020	-25.223	0.225
3.040	-22.935	0.238
3.060	-20.271	0.245
3.080	-17.343	0.245
3.100	-14.174	0.248
3.120	-10.807	0.242
3.140	-7.262	0.237
3.160	-3.604	0.223
3.180	0.081	0.212
3.200	3.776	0.189
3.220	7.391	0.173
3.240	10.930	0.147
3.260	14.314	0.128
3.280	17.467	0.094
3.300	20.399	0.071
3.320	23.037	0.035
3.340	25.309	0.009
3.360	27.242	-0.028
3.380	28.778	-0.047
3.400	29.912	-0.086
3.420	30.610	-0.110
3.440	30.873	-0.144
3.460	30.712	-0.166
3.480	30.105	-0.192
3.500	29.058	-0.207
3.520	27.602	-0.230
3.540	25.781	-0.242
3.560	23.552	-0.258
3.580	20.990	-0.261
3.600	18.138	-0.273
3.620	15.028	-0.265
3.640	11.687	-0.269
3.660	8.202	-0.256
3.680	4.603	-0.253
3.700	0.935	-0.236
3.720	-2.777	-0.219
3.740	-6.413	-0.194
3.760	-10.012	-0.177
3.780	-13.412	-0.150
3.800	-16.624	-0.126
3.820	-19.647	-0.094
3.840	-22.322	-0.066
3.860	-24.734	-0.031
3.880	-26.775	-0.011
3.900	-28.418	0.026
3.920	-29.643	0.055
3.940	-30.476	0.092
3.960	-30.814	0.108
3.980	-30.776	0.143
4.000	-30.298	0.162
4.020	-29.380	0.191
4.040	-28.026	0.204
4.060	-26.270	0.226
4.080	-24.165	0.233
4.100	-21.683	0.252
4.120	-18.879	0.252
4.140	-15.812	0.254
4.160	-12.552	0.251
4.180	-9.066	0.249
4.200	-5.473	0.235
4.220	-1.783	0.228
4.240	1.901	0.205
4.260	5.581	0.188
4.280	9.163	0.163
4.300	12.627	0.145
4.320	15.909	0.111
4.340	18.949	0.088
4.360	21.774	0.056
4.380	24.213	0.026
4.400	26.329	-0.005
4.420	28.053	-0.028
4.440	29.396	-0.065
4.460	30.320	-0.088
4.480	30.792	-0.124
4.500	30.835	-0.144
4.520	30.454	-0.173
4.540	29.622	-0.190
4.560	28.386	-0.216
4.580	26.710	-0.224
4.600	24.712	-0.245
4.620	22.312	-0.252
4.640	19.599	-0.261
4.660	16.613	-0.261
4.680	13.363	-0.261
4.700	9.942	-0.256
4.720	6.402	-0.244
4.740	2.745	-0.238
4.760	-0.935	-0.216
4.780	-4.625	-0.202
4.800	-8.255	-0.175
4.820	-11.752	-0.156
4.840	-15.066	-0.127
4.860	-18.192	-0.102
4.880	-21.044	-0.074
4.900	-23.601	-0.041
4.920	-25.819	-0.014
4.940	-27.661	0.018
4.960	-29.101	0.050
4.980	-30.137	0.079
5.000	-30.696	0.107
5.020	-30.852	0.138
5.040	-30.621	0.159
5.060	-29.928	0.187
5.080	-28.773	0.207
5.100	-27.188	0.225
5.120	-25.250	0.237
5.140	-22.967	0.255
5.160	-20.319	0.258
5.180	-17.386	0.266
5.200	-14.212	0.262
5.220	-10.839	0.258
5.240	-7.283	0.247
5.260	-3.625	0.238
5.280	0.064	0.221
5.300	3.765	0.204
5.320	7.385	0.187
5.340	10.925	0.159
5.360	14.292	0.140
5.380	17.472	0.108
5.400	20.383	0.080
5.420	23.037	0.047
5.440	25.314	0.022
5.460	27.242	-0.013
5.480	28.778	-0.037
5.500	29.912	-0.074
5.520	30.610	-0.096
5.540	30.873	-0.128
5.560	30.707	-0.153
5.580	30.105	-0.182
5.600	29.063	-0.194
5.620	27.613	-0.218
5.640	25.781	-0.229
5.660	23.558	-0.248
5.680	20.985	-0.246
5.700	18.133	-0.261
5.720	15.023	-0.256
5.740	11.693	-0.258
5.760	8.202	-0.245
5.780	4.582	-0.240
5.800	0.918	-0.219
5.820	-2.782	-0.211
5.840	-6.424	-0.184
5.860	-9.990	-0.168
5.880	-13.428	-0.136
5.900	-16.634	-0.117
5.920	-19.631	-0.081
5.940	-22.322	-0.057
5.960	-24.707	-0.023
5.980	-26.753	0.001
6.000	-28.402	0.036
6.020	-29.643	0.061
6.040	-30.465	0.100
6.060	-30.809	0.118
6.080	-30.771	0.154
6.100	-30.293	0.167
6.120	-29.364	0.196
6.140	-28.010	0.211
6.160	-26.254	0.235
6.180	-24.132	0.237
6.200	-21.662	0.260
6.220	-18.847	0.254
6.240	-15.807	0.263
6.260	-12.531	0.251
6.280	-9.045	0.254
6.300	-5.462	0.236
6.320	-1.767	0.230
6.340	1.928	0.208
6.360	5.597	0.199
6.380	9.168	0.167
6.400	12.638	0.146
6.420	15.915	0.115
6.440	18.965	0.092
6.460	21.774	0.058
6.480	24.218	0.032
6.500	26.334	-0.000
6.520	28.059	-0.028
6.540	29.396	-0.062
6.560	30.314	-0.090
6.580	30.787	-0.116
6.600	30.835	-0.149
6.620	30.449	-0.171
6.640	29.622	-0.193
6.660	28.392	-0.219
6.680	26.716	-0.230
6.700	24.729	-0.245
6.720	22.312	-0.252
6.740	19.599	-0.258
6.760	16.629	-0.262
6.780	13.374	-0.262
6.800	9.974	-0.258
6.820	6.424	-0.250
6.840	2.761	-0.237
6.860	-0.908	-0.224
6.880	-4.608	-0.200
6.900	-8.218	-0.183
6.920	-11.704	-0.157
6.940	-15.028	-0.135
6.960	-18.154	-0.103
6.980	-21.006	-0.076
7.000	-23.552	-0.044
7.020	-25.765	-0.017
7.040	-27.602	0.012
7.060	-29.074	0.043
7.080	-30.083	0.075
7.100	-30.658	0.101
7.120	-30.841	0.129
7.140	-30.562	0.154
7.160	-29.869	0.175
7.180	-28.735	0.196
7.200	-27.162	0.210
7.220	-25.212	0.231
7.240	-22.929	0.237
7.260	-20.260	0.248
7.280	-17.343	0.249
7.300	-14.180	0.253
7.320	-10.801	0.243
7.340	-7.251	0.236
7.360	-3.604	0.225
7.380	0.081	0.212
7.400	3.781	0.192
7.420	7.396	0.173
7.440	10.930	0.148
7.460	14.309	0.125
7.480	17.472	0.096
7.500	20.399	0.069
7.520	23.047	0.035
7.540	25.314	0.006
7.560	27.242	-0.024
7.580	28.773	-0.052
7.600	29.912	-0.086
7.620	30.610	-0.110
7.640	30.868	-0.143
7.660	30.707	-0.165
7.680	30.100	-0.194
7.700	29.063	-0.210
7.720	27.613	-0.236
7.740	25.776	-0.243
7.760	23.558	-0.261
7.780	20.990	-0.261
7.800	18.144	-0.273
7.820	15.018	-0.267
7.840	11.687	-0.275
7.860	8.207	-0.261
7.880	4.608	-0.261
7.900	0.929	-0.240
7.920	-2.761	-0.222
7.940	-6.408	-0.201
7.960	-9.974	-0.182
7.980	-13.379	-0.153
8.000	-16.607	-0.130
8.020	-19.626	-0.098
8.040	-22.317	-0.072
8.060	-24.696	-0.037
8.080	-26.737	-0.012
8.100	-28.402	0.026
8.120	-29.616	0.049
8.140	-30.443	0.086
8.160	-30.787	0.106
8.180	-30.750	0.141
8.200	-30.282	0.157
8.220	-29.353	0.185
8.240	-28.005	0.197
8.260	-26.254	0.222
8.280	-24.116	0.233
8.300	-21.646	0.245
8.320	-18.847	0.246
8.340	-15.796	0.250
8.360	-12.531	0.244
8.380	-9.040	0.241
8.400	-5.441	0.229
8.420	-1.767	0.220
8.440	1.928	0.199
8.460	5.602	0.187
8.480	9.163	0.159
8.500	12.638	0.138
8.520	15.931	0.109
8.540	18.960	0.085
8.560	21.774	0.052
8.580	24.218	0.023
8.600	26.329	-0.010
8.620	28.053	-0.037
8.640	29.396	-0.070
8.660	30.314	-0.095
8.680	30.792	-0.132
8.700	30.835	-0.148
8.720	30.449	-0.181
8.740	29.616	-0.196
8.760	28.386	-0.223
8.780	26.716	-0.232
8.800	24.718	-0.254
8.820	22.312	-0.260
8.840	19.594	-0.266
8.860	16.618	-0.271
8.880	13.363	-0.270
8.900	9.963	-0.262
8.920	6.408	-0.258
8.940	2.761	-0.243
8.960	-0.924	-0.225
8.980	-4.619	-0.211
9.000	-8.229	-0.186
9.020	-11.714	-0.165
9.040	-15.055	-0.137
9.060	-18.154	-0.110
9.080	-21.022	-0.080
9.100	-23.563	-0.048
9.120	-25.787	-0.021
9.140	-27.629	0.011
9.160	-29.079	0.038
9.180	-30.105	0.074
9.200	-30.701	0.097
9.220	-30.841	0.131
9.240	-30.588	0.149
9.260	-29.912	0.179
9.280	-28.762	0.196
9.300	-27.188	0.217
9.320	-25.244	0.229
9.340	-22.951	0.247
9.360	-20.324	0.252
9.380	-17.386	0.255
9.400	-14.212	0.253
9.420	-10.823	0.251
9.440	-7.289	0.242
9.460	-3.631	0.235
9.480	0.059	0.216
9.500	3.754	0.198
9.520	7.375	0.178
9.540	10.903	0.154
9.560	14.292	0.129
9.580	17.461	0.104
9.600	20.389	0.074
9.620	23.037	0.035
9.640	25.309	0.012
9.660	27.242	-0.021
9.680	28.778	-0.044
9.700	29.912	-0.079
9.720	30.610	-0.103
9.740	30.884	-0.135
9.760	30.712	-0.158
9.780	30.105	-0.184
9.800	29.052	-0.199
9.820	27.602	-0.225
9.840	25.771	-0.230
9.860	23.558	-0.253
9.880	20.985	-0.250
9.900	18.133	-0.271
9.920	15.018	-0.256
9.940	11.687	-0.265
9.960	8.175	-0.247
9.980	4.576	-0.246
10.000	0.918	-0.223
10.020	-2.793	-0.210
10.040	-6.435	-0.187
10.060	-10.012	-0.170
10.080	-13.433	-0.142
10.100	-16.640	-0.117
10.120	-19.631	-0.083
10.140	-22.360	-0.060
10.160	-24.739	-0.024
10.180	-26.780	0.001
10.200	-28.440	0.034
10.220	-29.648	0.062
10.240	-30.470	0.098
10.260	-30.809	0.116
10.280	-30.782	0.154
10.300	-30.304	0.168
10.320	-29.401	0.197
10.340	-28.026	0.208
10.360	-26.281	0.238
10.380	-24.165	0.241
10.400	-21.678	0.258
10.420	-18.869	0.257
10.440	-15.818	0.266
10.460	-12.542	0.258
10.480	-9.056	0.258
10.500	-5.479	0.240
10.520	-1.789	0.235
10.540	1.912	0.212
10.560	5.581	0.198
10.580	9.158	0.169
10.600	12.633	0.154
10.620	15.904	0.121
10.640	18.955	0.096
10.660	21.769	0.067
10.680	24.224	0.036
10.700	26.324	0.005
10.720	28.053	-0.028
10.740	29.396	-0.053
10.760	30.314	-0.086
10.780	30.792	-0.111
10.800	30.841	-0.142
10.820	30.449	-0.161
10.840	29.622	-0.186
10.860	28.386	-0.210
10.880	26.716	-0.223
10.900	24.712	-0.239
10.920	22.312	-0.248
10.940	19.599	-0.259
10.960	16.613	-0.254
10.980	13.369	-0.261
11.000	9.953	-0.250
11.020	6.408	-0.248
11.040	2.755	-0.229
11.060	-0.924	-0.220
11.080	-4.603	-0.194
11.100	-8.250	-0.179
11.120	-11.725	-0.149
11.140	-15.034	-0.132
11.160	-18.176	-0.099
11.180	-21.022	-0.068
11.200	-23.558	-0.042
11.220	-25.787	-0.009
11.240	-27.629	0.018
11.260	-29.074	0.050
11.280	-30.094	0.082
11.300	-30.690	0.108
11.320	-30.852	0.134
11.340	-30.594	0.162
11.360	-29.890	0.182
11.380	-28.730	0.207
11.400	-27.183	0.220
11.420	-25.228	0.235
11.440	-22.929	0.247
11.460	-20.297	0.258
11.480	-17.354	0.262
11.500	-14.185	0.262
11.520	-10.807	0.254
11.540	-7.278	0.245
11.560	-3.620	0.233
11.580	0.075	0.220
11.600	3.765	0.204
11.620	7.401	0.182
11.640	10.930	0.156
11.660	14.314	0.137
11.680	17.478	0.102
11.700	20.399	0.076
11.720	23.047	0.043
11.740	25.314	0.019
11.760	27.242	-0.017
11.780	28.778	-0.042
11.800	29.912	-0.080
11.820	30.610	-0.104
11.840	30.878	-0.134
11.860	30.701	-0.160
11.880	30.100	-0.183
11.900	29.058	-0.202
11.920	27.618	-0.224
11.940	25.776	-0.236
11.960	23.558	-0.253
11.980	20.985	-0.259
12.000	18.144	-0.264
12.020	15.023	-0.261
12.040	11.687	-0.265
12.060	8.202	-0.254
12.080	4.598	-0.248
12.100	0.929	-0.228
12.120	-2.761	-0.217
12.140	-6.408	-0.190
12.160	-9.990	-0.176
12.180	-13.401	-0.141
12.200	-16.607	-0.124
12.220	-19.604	-0.089
12.240	-22.317	-0.062
12.260	-24.691	-0.032
12.280	-26.737	-0.006
12.300	-28.408	0.028
12.320	-29.616	0.055
12.340	-30.449	0.089
12.360	-30.782	0.110
12.380	-30.755	0.147
12.400	-30.288	0.162
12.420	-29.358	0.187
12.440	-28.000	0.201
12.460	-26.232	0.223
12.480	-24.138	0.231
12.500	-21.629	0.248
12.520	-18.842	0.245
12.540	-15.786	0.255
12.560	-12.525	0.245
12.580	-9.045	0.245
12.600	-5.441	0.229
12.620	-1.767	0.224
12.640	1.923	0.201
12.660	5.591	0.183
12.680	9.168	0.159
12.700	12.649	0.140
12.720	15.915	0.110
12.740	18.965	0.082
12.760	21.769	0.052
12.780	24.218	0.023
12.800	26.324	-0.008
12.820	28.053	-0.041
12.840	29.407	-0.066
12.860	30.314	-0.103
12.880	30.792	-0.127
12.900	30.841	-0.159
12.920	30.449	-0.177
12.940	29.622	-0.201
12.960	28.392	-0.225
12.980	26.716	-0.237
13.000	24.723	-0.252
13.020	22.312	-0.264
13.040	19.604	-0.271
13.060	16.634	-0.276
13.080	13.379	-0.274
13.100	9.963	-0.263
13.120	6.413	-0.260
13.140	2.766	-0.247
13.160	-0.918	-0.232
13.180	-4.603	-0.211
13.200	-8.218	-0.193
13.220	-11.709	-0.167
13.240	-15.018	-0.144
13.260	-18.149	-0.115
13.280	-20.996	-0.086
13.300	-23.547	-0.056
13.320	-25.754	-0.023
13.340	-27.597	0.001
13.360	-29.074	0.036
13.380	-30.089	0.068
13.400	-30.653	0.096
13.420	-30.830	0.123
13.440	-30.556	0.150
13.460	-29.869	0.170
13.480	-28.746	0.195
13.500	-27.162	0.208
13.520	-25.223	0.229
13.540	-22.918	0.234
13.560	-20.281	0.250
13.580	-17.338	0.249
13.600	-14.180	0.253
13.620	-10.796	0.242
13.640	-7.256	0.234
13.660	-3.604	0.225
13.680	0.081	0.213
13.700	3.771	0.192
13.720	7.401	0.172
13.740	10.936	0.149
13.760	14.309	0.128
13.780	17.478	0.095
13.800	20.389	0.070
13.820	23.042	0.037
13.840	25.314	0.006
13.860	27.248	-0.024
13.880	28.778	-0.048
13.900	29.912	-0.085
13.920	30.615	-0.108
13.940	30.873	-0.142
13.960	30.701	-0.164
13.980	30.105	-0.192
14.000	29.058	-0.207
14.020	27.618	-0.230
14.040	25.781	-0.241
14.060	23.552	-0.259
14.080	20.990	-0.263
14.100	18.133	-0.273
14.120	15.012	-0.267
14.140	11.693	-0.272
14.160	8.196	-0.259
14.180	4.603	-0.254
14.200	0.924	-0.229
14.220	-2.766	-0.223
14.240	-6.408	-0.198
14.260	-9.985	-0.178
14.280	-13.406	-0.149
14.300	-16.624	-0.126
14.320	-19.621	-0.091
14.340	-22.317	-0.070
14.360	-24.707	-0.032
14.380	-26.743	-0.009
14.400	-28.408	0.026
14.420	-29.638	0.056
14.440	-30.454	0.087
14.460	-30.809	0.108
14.480	-30.766	0.144
14.500	-30.288	0.163
14.520	-29.369	0.188
14.540	-28.010	0.199
14.560	-26.259	0.228
14.580	-24.127	0.236
14.600	-21.656	0.252
14.620	-18.869	0.251
14.640	-15.812	0.257
14.660	-12.542	0.252
14.680	-9.050	0.249
14.700	-5.452	0.233
14.720	-1.767	0.229
14.740	1.917	0.205
14.760	5.597	0.192
14.780	9.158	0.166
14.800	12.644	0.146
14.820	15.925	0.113
14.840	18.955	0.092
14.860	21.769	0.058
14.880	24.213	0.026
14.900	26.334	-0.004
14.920	28.059	-0.032
14.940	29.396	-0.060
14.960	30.309	-0.091
14.980	30.792	-0.115
15.000	30.835	-0.152
15.020	30.454	-0.169
15.040	29.616	-0.194
15.060	28.386	-0.215
15.080	26.716	-0.232
15.100	24.718	-0.241
15.120	22.312	-0.256
15.140	19.594	-0.260
15.160	16.613	-0.267
15.180	13.374	-0.261
15.200	9.958	-0.256
15.220	6.413	-0.245
15.240	2.761	-0.236
15.260	-0.935	-0.220
15.280	-4.614	-0.202
15.300	-8.245	-0.181
15.320	-11.730	-0.157
15.340	-15.050	-0.130
15.360	-18.160	-0.099
15.380	-21.028	-0.073
15.400	-23.568	-0.045
15.420	-25.776	-0.016
15.440	-27.640	0.018
15.460	-29.084	0.046
15.480	-30.121	0.079
15.500	-30.696	0.108
15.520	-30.852	0.136
15.540	-30.572	0.163
15.560	-29.896	0.180
15.580	-28.757	0.206
15.600	-27.183	0.220
15.620	-25.250	0.238
15.640	-22.924	0.250
15.660	-20.292	0.260
15.680	-17.365	0.262
15.700	-14.185	0.265
15.720	-10.823	0.254
15.740	-7.267	0.250
15.760	-3.615	0.237
15.780	0.070	0.224
15.800	3.771	0.203
15.820	7.391	0.187
15.840	10.930	0.158
15.860	14.309	0.140
15.880	17.472	0.112
15.900	20.389	0.081
15.920	23.037	0.048
15.940	25.309	0.026
15.960	27.242	-0.014
15.980	28.773	-0.035
16.000	29.917	-0.072
16.020	30.610	-0.097
16.040	30.873	-0.131
16.060	30.707	-0.153
16.080	30.105	-0.178
16.100	29.058	-0.197
16.120	27.607	-0.218
16.140	25.771	-0.226
16.160	23.558	-0.248
16.180	20.985	-0.248
16.200	18.144	-0.261
16.220	15.023	-0.256
16.240	11.693	-0.258
16.260	8.202	-0.245
16.280	4.603	-0.240
16.300	0.929	-0.220
16.320	-2.782	-0.212
16.340	-6.408	-0.183
16.360	-9.985	-0.171
16.380	-13.396	-0.137
16.400	-16.624	-0.118
16.420	-19.615	-0.080
16.440	-22.328	-0.061
16.460	-24.707	-0.022
16.480	-26.748	0.002
16.500	-28.386	0.038
16.520	-29.638	0.066
16.540	-30.454	0.099
16.560	-30.798	0.117
16.580	-30.766	0.154
16.600	-30.266	0.170
16.620	-29.375	0.198
16.640	-28.005	0.211
16.660	-26.259	0.231
16.680	-24.132	0.239
16.700	-21.656	0.254
16.720	-18.836	0.255
16.740	-15.786	0.262
16.760	-12.531	0.255
16.780	-9.040	0.255
16.800	-5.452	0.241
16.820	-1.772	0.230
16.840	1.934	0.210
16.860	5.597	0.195
16.880	9.163	0.170
16.900	12.649	0.149
16.920	15.915	0.119
16.940	18.965	0.093
16.960	21.774	0.060
16.980	24.224	0.034
17.000	26.329	0.001
17.020	28.059	-0.030
17.040	29.407	-0.060
17.060	30.309	-0.091
17.080	30.792	-0.118
17.100	30.835	-0.146
17.120	30.454	-0.169
17.140	29.622	-0.194
17.160	28.386	-0.212
17.180	26.716	-0.232
17.200	24.718	-0.242
17.220	22.312	-0.259
17.240	19.599	-0.261
17.260	16.629	-0.265
17.280	13.379	-0.263
17.300	9.963	-0.262
17.320	6.413	-0.248
17.340	2.777	-0.242
17.360	-0.913	-0.223
17.380	-4.592	-0.205
17.400	-8.229	-0.185
17.420	-11.704	-0.158
17.440	-15.023	-0.136
17.460	-18.149	-0.107
17.480	-20.996	-0.078
17.500	-23.547	-0.046
17.520	-25.771	-0.018
17.540	-27.624	0.013
17.560	-29.058	0.043
17.580	-30.089	0.075
17.600	-30.653	0.100
17.620	-30.835	0.129
17.640	-30.567	0.154
17.660	-29.869	0.175
17.680	-28.725	0.196
17.700	-27.162	0.212
17.720	-25.223	0.229
17.740	-22.918	0.240
17.760	-20.292	0.248
17.780	-17.338	0.252
17.800	-14.180	0.253
17.820	-10.796	0.243
17.840	-7.256	0.241
17.860	-3.609	0.226
17.880	0.081	0.216
17.900	3.776	0.192
17.920	7.401	0.175
17.940	10.930	0.148
17.960	14.309	0.127
17.980	17.483	0.096
18.000	20.389	0.072
18.020	23.047	0.034
18.040	25.314	0.012
18.060	27.242	-0.024
18.080	28.773	-0.052
18.100	29.917	-0.086
18.120	30.615	-0.112
18.140	30.878	-0.141
18.160	30.701	-0.166
18.180	30.100	-0.194
18.200	29.052	-0.211
18.220	27.618	-0.232
18.240	25.771	-0.242
18.260	23.552	-0.261
18.280	20.990	-0.265
18.300	18.138	-0.276
18.320	15.028	-0.269
18.340	11.704	-0.273
18.360	8.207	-0.259
18.380	4.603	-0.256
18.400	0.935	-0.235
18.420	-2.755	-0.226
18.440	-6.408	-0.199
18.460	-9.974	-0.182
18.480	-13.396	-0.151
18.500	-16.607	-0.131
18.520	-19.610	-0.096
18.540	-22.317	-0.072
18.560	-24.696	-0.036
18.580	-26.743	-0.014
18.600	-28.402	0.025
18.620	-29.611	0.050
18.640	-30.433	0.088
18.660	-30.787	0.107
18.680	-30.755	0.140
18.700	-30.266	0.158
18.720	-29.337	0.186
18.740	-27.994	0.197
18.760	-26.238	0.221
18.780	-24.116	0.231
18.800	-21.640	0.248
18.820	-18.842	0.246
18.840	-15.780	0.253
18.860	-12.515	0.245
18.880	-9.045	0.245
18.900	-5.430	0.230
18.920	-1.762	0.222
18.940	1.934	0.200
18.960	5.597	0.185
18.980	9.174	0.160
19.000	12.654	0.138
19.020	15.925	0.109
19.040	18.965	0.084
19.060	21.764	0.054
19.080	24.224	0.025
19.100	26.329	-0.007
19.120	28.064	-0.037
19.140	29.396	-0.066
19.160	30.320	-0.096
19.180	30.798	-0.124
19.200	30.835	-0.156
19.220	30.449	-0.178
19.240	29.622	-0.198
19.260	28.386	-0.223
19.280	26.716	-0.233
19.300	24.729	-0.251
19.320	22.312	-0.255
19.340	19.599	-0.270
19.360	16.634	-0.266
19.380	13.374	-0.269
19.400	9.963	-0.263
19.420	6.413	-0.256
19.440	2.761	-0.241
19.460	-0.929	-0.229
19.480	-4.598	-0.207
19.500	-8.229	-0.190
19.520	-11.709	-0.163
19.540	-15.012	-0.138
19.560	-18.149	-0.110
19.580	-21.006	-0.081
19.600	-23.542	-0.053
19.620	-25.787	-0.017
19.640	-27.613	0.009
19.660	-29.084	0.038
19.680	-30.100	0.077
19.700	-30.653	0.100
19.720	-30.825	0.129
19.740	-30.567	0.152
19.760	-29.896	0.177
19.780	-28.751	0.199
19.800	-27.183	0.214
19.820	-25.233	0.231
19.840	-22.918	0.243
19.860	-20.292	0.249
19.880	-17.354	0.254
19.900	-14.190	0.255
19.920	-10.801	0.251
19.940	-7.262	0.245
19.960	-3.615	0.234
19.980	0.081	0.219
20.000	3.765	0.197
20.020	7.396	0.179
20.040	10.925	0.154
20.060	14.298	0.133
20.080	17.472	0.102
20.100	20.394	0.079
20.120	23.047	0.042
20.140	25.303	0.016
20.160	27.242	-0.021
20.180	28.773	-0.041
20.200	29.912	-0.080
20.220	30.610	-0.103
20.240	30.873	-0.138
20.260	30.701	-0.157
20.280	30.094	-0.185
20.300	29.058	-0.202
20.320	27.607	-0.224
20.340	25.776	-0.237
20.360	23.558	-0.250
20.380	20.985	-0.256
20.400	18.138	-0.264
20.420	15.018	-0.265
20.440	11.693	-0.259
20.460	8.202	-0.255
20.480	4.587	-0.244
20.500	0.918	-0.227
20.520	-2.777	-0.211
20.540	-6.418	-0.188
20.560	-10.006	-0.169
20.580	-13.396	-0.142
20.600	-16.624	-0.118
20.620	-19.631	-0.085
20.640	-22.333	-0.065
20.660	-24.707	-0.024
20.680	-26.743	-0.000
20.700	-28.424	0.037
20.720	-29.643	0.063
20.740	-30.454	0.098
20.760	-30.803	0.117
20.780	-30.760	0.157
20.800	-30.293	0.172
20.820	-29.375	0.200
20.840	-28.032	0.211
20.860	-26.238	0.239
20.880	-24.127	0.240
20.900	-21.667	0.262
20.920	-18.853	0.259
20.940	-15.807	0.268
20.960	-12.542	0.260
20.980	-9.045	0.259
21.000	-5.446	0.241
21.020	-1.762	0.237
21.040	1.934	0.211
21.060	5.597	0.199
21.080	9.168	0.173
21.100	12.633	0.152
21.120	15.920	0.121
21.140	18.955	0.096
21.160	21.769	0.071
21.180	24.224	0.034
21.200	26.329	0.009
21.220	28.053	-0.025
21.240	29.396	-0.054
21.260	30.314	-0.088
21.280	30.798	-0.111
21.300	30.841	-0.143
21.320	30.443	-0.163
21.340	29.616	-0.187
21.360	28.386	-0.207
21.380	26.727	-0.227
21.400	24.718	-0.237
21.420	22.312	-0.252
21.440	19.599	-0.255
21.460	16.618	-0.260
21.480	13.379	-0.261
21.500	9.958	-0.253
21.520	6.424	-0.246
21.540	2.766	-0.232
21.560	-0.908	-0.220
21.580	-4.598	-0.198
21.600	-8.212	-0.177
21.620	-11.704	-0.153
21.640	-15.039	-0.127
21.660	-18.160	-0.099
21.680	-21.022	-0.069
21.700	-23.547	-0.040
21.720	-25.760	-0.012
21.740	-27.607	0.019
21.760	-29.063	0.050
21.780	-30.100	0.083
21.800	-30.669	0.112
21.820	-30.830	0.135
21.840	-30.562	0.165
21.860	-29.847	0.184
21.880	-28.735	0.209
21.900	-27.178	0.219
21.920	-25.223	0.240
21.940	-22.924	0.248
21.960	-20.271	0.259
21.980	-17.354	0.262
22.000	-14.174	0.263
22.020	-10.796	0.253
22.040	-7.262	0.249
22.060	-3.599	0.235
22.080	0.086	0.225
22.100	3.781	0.204
22.120	7.412	0.185
22.140	10.930	0.158
22.160	14.314	0.137
22.180	17.472	0.108
22.200	20.405	0.079
22.220	23.053	0.048
22.240	25.309	0.021
22.260	27.242	-0.017
22.280	28.773	-0.039
22.300	29.917	-0.078
22.320	30.610	-0.103
22.340	30.884	-0.134
22.360	30.707	-0.157
22.380	30.105	-0.186
22.400	29.068	-0.200
22.420	27.613	-0.228
22.440	25.781	-0.230
22.460	23.558	-0.256
22.480	20.996	-0.255
22.500	18.149	-0.267
22.520	15.028	-0.259
22.540	11.693	-0.263
22.560	8.207	-0.251
22.580	4.608	-0.251
22.600	0.940	-0.227
22.620	-2.755	-0.221
22.640	-6.418	-0.191
22.660	-9.969	-0.176
22.680	-13.401	-0.144
22.700	-16.602	-0.124
22.720	-19.604	-0.089
22.740	-22.312	-0.064
22.760	-24.696	-0.030
22.780	-26.727	-0.004
22.800	-28.392	0.029
22.820	-29.622	0.057
22.840	-30.433	0.092
22.860	-30.782	0.112
22.880	-30.750	0.146
22.900	-30.266	0.163
22.920	-29.358	0.189
22.940	-27.983	0.204
22.960	-26.249	0.230
22.980	-24.111	0.230
23.000	-21.635	0.246
23.020	-18.836	0.245
23.040	-15.786	0.257
23.060	-12.525	0.249
23.080	-9.050	0.245
23.100	-5.430	0.232
23.120	-1.762	0.226
23.140	1.934	0.203
23.160	5.607	0.188
23.180	9.174	0.158
23.200	12.649	0.139
23.220	15.920	0.112
23.240	18.960	0.084
23.260	21.774	0.053
23.280	24.218	0.025
23.300	26.334	-0.010
23.320	28.064	-0.037
23.340	29.396	-0.070
23.360	30.309	-0.101
23.380	30.792	-0.127
23.400	30.841	-0.157
23.420	30.454	-0.179
23.440	29.622	-0.199
23.460	28.392	-0.223
23.480	26.716	-0.238
23.500	24.718	-0.251
23.520	22.312	-0.263
23.540	19.599	-0.272
23.560	16.629	-0.275
23.580	13.379	-0.271
23.600	9.969	-0.269
23.620	6.413	-0.258
23.640	2.777	-0.249
23.660	-0.913	-0.229
23.680	-4.587	-0.213
23.700	-8.223	-0.193
23.720	-11.704	-0.166
23.740	-15.023	-0.142
23.760	-18.138	-0.115
23.780	-20.990	-0.083
23.800	-23.552	-0.054
23.820	-25.771	-0.024
23.840	-27.607	0.007
23.860	-29.058	0.034
23.880	-30.067	0.070
23.900	-30.653	0.095
23.920	-30.830	0.125
23.940	-30.540	0.149
23.960	-29.869	0.172
23.980	-28.719	0.192
24.000	-27.162	0.212
24.020	-25.212	0.229
24.040	-22.902	0.236
24.060	-20.265	0.245
24.080	-17.327	0.248
24.100	-14.174	0.252
24.120	-10.796	0.244
24.140	-7.262	0.239
24.160	-3.599	0.225
24.180	0.081	0.214
24.200	3.776	0.193
24.220	7.396	0.175
24.240	10.925	0.148
24.260	14.309	0.128
24.280	17.483	0.094
24.300	20.394	0.071
24.320	23.047	0.037
24.340	25.319	0.011
24.360	27.242	-0.025
24.380	28.778	-0.050
24.400	29.912	-0.087
24.420	30.615	-0.113
24.440	30.873	-0.144
24.460	30.707	-0.166
24.480	30.105	-0.190
24.500	29.052	-0.211
24.520	27.613	-0.233
24.540	25.781	-0.240
24.560	23.558	-0.263
24.580	20.996	-0.265
24.600	18.138	-0.273
24.620	15.034	-0.266
24.640	11.698	-0.272
24.660	8.202	-0.259
24.680	4.603	-0.256
24.700	0.918	-0.235
24.720	-2.766	-0.221
24.740	-6.413	-0.194
24.760	-9.985	-0.181
24.780	-13.406	-0.149
24.800	-16.613	-0.130
24.820	-19.604	-0.094
24.840	-22.328	-0.070
24.860	-24.702	-0.032
24.880	-26.748	-0.007
24.900	-28.413	0.027
24.920	-29.627	0.056
24.940	-30.449	0.092
24.960	-30.782	0.111
24.980	-30.760	0.146
25.000	-30.298	0.161
25.020	-29.358	0.193
25.040	-28.010	0.203
25.060	-26.238	0.228
25.080	-24.138	0.235
25.100	-21.667	0.253
25.120	-18.847	0.252
25.140	-15.786	0.258
25.160	-12.520	0.251
25.180	-9.045	0.251
25.200	-5.452	0.237
25.220	-1.772	0.228
25.240	1.923	0.208
25.260	5.597	0.190
25.280	9.163	0.166
25.300	12.638	0.146
25.320	15.920	0.115
25.340	18.960	0.093
25.360	21.769	0.059
25.380	24.208	0.030
25.400	26.329	-0.003
25.420	28.053	-0.031
25.440	29.396	-0.064
25.460	30.309	-0.091
25.480	30.798	-0.120
25.500	30.841	-0.147
25.520	30.449	-0.173
25.540	29.622	-0.190
25.560	28.386	-0.215
25.580	26.727	-0.228
25.600	24.729	-0.243
25.620	22.312	-0.252
25.640	19.594	-0.260
25.660	16.613	-0.265
25.680	13.369	-0.263
25.700	9.958	-0.261
25.720	6.402	-0.248
25.740	2.755	-0.239
25.760	-0.929	-0.215
25.780	-4.614	-0.204
25.800	-8.234	-0.179
25.820	-11.725	-0.157
25.840	-15.034	-0.131
25.860	-18.165	-0.103
25.880	-21.022	-0.070
25.900	-23.558	-0.041
25.920	-25.776	-0.016
25.940	-27.645	0.014
25.960	-29.074	0.047
25.980	-30.100	0.081
26.000	-30.685	0.108
26.020	-30.830	0.139
26.040	-30.578	0.163
26.060	-29.885	0.181
26.080	-28.746	0.208
26.100	-27.167	0.225
26.120	-25.244	0.240
26.140	-22.935	0.251
26.160	-20.292	0.262
26.180	-17.365	0.264
26.200	-14.185	0.266
26.220	-10.801	0.256
26.240	-7.267	0.253
26.260	-3.609	0.240
26.280	0.075	0.227
26.300	3.771	0.206
26.320	7.407	0.187
26.340	10.925	0.162
26.360	14.309	0.142
26.380	17.472	0.116
26.400	20.389	0.084
26.420	23.047	0.050
26.440	25.309	0.025
26.460	27.242	-0.013
26.480	28.778	-0.037
26.500	29.912	-0.071
26.520	30.615	-0.096
26.540	30.873	-0.128
26.560	30.701	-0.153
26.580	30.105	-0.176
26.600	29.058	-0.198
26.620	27.613	-0.219
26.640	25.781	-0.225
26.660	23.558	-0.248
26.680	20.985	-0.250
26.700	18.154	-0.260
26.720	15.018	-0.256
26.740	11.698	-0.259
26.760	8.202	-0.244
26.780	4.608	-0.240
26.800	0.929	-0.223
26.820	-2.766	-0.212
26.840	-6.418	-0.184
26.860	-9.974	-0.169
26.880	-13.390	-0.140
26.900	-16.624	-0.116
26.920	-19.621	-0.084
26.940	-22.312	-0.059
26.960	-24.702	-0.022
26.980	-26.721	0.002
27.000	-28.402	0.035
27.020	-29.632	0.064
27.040	-30.438	0.099
27.060	-30.787	0.121
27.080	-30.750	0.157
27.100	-30.277	0.174
27.120	-29.358	0.200
27.140	-27.994	0.211
27.160	-26.238	0.234
27.180	-24.105	0.241
27.200	-21.646	0.261
27.220	-18.836	0.256
27.240	-15.770	0.264
27.260	-12.531	0.258
27.280	-9.029	0.253
27.300	-5.441	0.241
27.320	-1.767	0.234
27.340	1.934	0.210
27.360	5.607	0.196
27.380	9.174	0.170
27.400	12.638	0.147
27.420	15.931	0.121
27.440	18.960	0.095
27.460	21.769	0.063
27.480	24.224	0.035
27.500	26.334	0.001
27.520	28.059	-0.032
27.540	29.396	-0.059
27.560	30.314	-0.089
27.580	30.803	-0.119
27.600	30.830	-0.144
27.620	30.443	-0.169
27.640	29.622	-0.193
27.660	28.386	-0.215
27.680	26.716	-0.229
27.700	24.718	-0.245
27.720	22.312	-0.255
27.740	19.599	-0.260
27.760	16.618	-0.262
27.780	13.379	-0.264
27.800	9.969	-0.259
27.820	6.424	-0.253
27.840	2.771	-0.237
27.860	-0.902	-0.221
27.880	-4.587	-0.205
27.900	-8.212	-0.183
27.920	-11.709	-0.162
27.940	-15.018	-0.134
27.960	-18.138	-0.107
27.980	-21.006	-0.078
28.000	-23.542	-0.048
28.020	-25.749	-0.015
28.040	-27.602	0.016
28.060	-29.058	0.045
28.080	-30.083	0.075
28.100	-30.658	0.104
28.120	-30.825	0.130
28.140	-30.556	0.158
28.160	-29.853	0.176
28.180	-28.730	0.200
28.200	-27.167	0.216
28.220	-25.212	0.232
28.240	-22.918	0.242
28.260	-20.271	0.251
28.280	-17.349	0.254
28.300	-14.174	0.255
28.320	-10.801	0.246
28.340	-7.240	0.239
28.360	-3.593	0.228
28.380	0.086	0.216
28.400	3.771	0.195
28.420	7.391	0.175
28.440	10.930	0.150
28.460	14.303	0.127
28.480	17.478	0.100
28.500	20.399	0.070
28.520	23.047	0.038
28.540	25.319	0.013
28.560	27.242	-0.025
28.580	28.778	-0.049
28.600	29.912	-0.084
28.620	30.610	-0.110
28.640	30.878	-0.143
28.660	30.707	-0.165
28.680	30.105	-0.190
28.700	29.052	-0.208
28.720	27.607	-0.236
28.740	25.776	-0.238
28.760	23.563	-0.262
28.780	20.990	-0.264
28.800	18.144	-0.273
28.820	15.023	-0.272
28.840	11.693	-0.271
28.860	8.207	-0.260
28.880	4.603	-0.256
28.900	0.924	-0.236
28.920	-2.771	-0.227
28.940	-6.413	-0.197
28.960	-9.990	-0.183
28.980	-13.401	-0.152
29.000	-16.607	-0.130
29.020	-19.626	-0.095
29.040	-22.328	-0.071
29.060	-24.712	-0.036
29.080	-26.748	-0.012
29.100	-28.397	0.024
29.120	-29.632	0.052
29.140	-30.449	0.085
29.160	-30.792	0.104
29.180	-30.771	0.144
29.200	-30.282	0.156
29.220	-29.358	0.189
29.240	-28.016	0.199
29.260	-26.265	0.226
29.280	-24.132	0.233
29.300	-21.646	0.249
29.320	-18.858	0.249
29.340	-15.791	0.254
29.360	-12.525	0.250
29.380	-9.066	0.246
29.400	-5.457	0.229
29.420	-1.778	0.227
29.440	1.923	0.201
29.460	5.602	0.184
29.480	9.168	0.160
29.500	12.644	0.138
29.520	15.915	0.113
29.540	18.955	0.086
29.560	21.764	0.055
29.580	24.213	0.024
29.600	26.334	-0.008
29.620	28.059	-0.034
29.640	29.407	-0.064
29.660	30.309	-0.096
29.680	30.798	-0.126
29.700	30.835	-0.153
29.720	30.449	-0.178
29.740	29.622	-0.204
29.760	28.386	-0.218
29.780	26.716	-0.234
29.800	24.723	-0.250
29.820	22.312	-0.265
29.840	19.594	-0.267
29.860	16.607	-0.275
29.880	13.369	-0.273
29.900	9.953	-0.268
29.920	6.397	-0.256
29.940	2.761	-0.244
29.960	-0.935	-0.228
29.980	-4.608	-0.207
30.000	-8.255	-0.190
30.020	-11.736	-0.162
30.040	-15.044	-0.139
30.060	-18.181	-0.112
30.080	-21.033	-0.082
30.100	-23.590	-0.050
30.120	-25.787	-0.021
30.140	-27.656	0.010
30.160	-29.101	0.044
30.180	-30.132	0.072
30.200	-30.707	0.100
30.220	-30.868	0.130
30.240	-30.599	0.156
30.260	-29.906	0.178
30.280	-28.768	0.200
30.300	-27.221	0.216
30.320	-25.271	0.233
30.340	-22.961	0.245
30.360	-20.319	0.255
30.380	-17.381	0.258
30.400	-14.212	0.259
30.420	-10.833	0.252
30.440	-7.289	0.248
30.460	-3.647	0.233
30.480	0.059	0.221
30.500	3.754	0.200
30.520	7.380	0.180
30.540	10.909	0.153
30.560	14.292	0.133
30.580	17.456	0.104
30.600	20.378	0.078
30.620	23.042	0.040
30.640	25.314	0.015
30.660	27.242	-0.022
30.680	28.773	-0.043
30.700	29.912	-0.079
30.720	30.615	-0.106
30.740	30.873	-0.135
30.760	30.707	-0.159
30.780	30.089	-0.185
30.800	29.063	-0.202
30.820	27.602	-0.223
30.840	25.771	-0.236
30.860	23.552	-0.251
30.880	20.990	-0.256
30.900	18.133	-0.266
30.920	15.018	-0.261
30.940	11.677	-0.260
30.960	8.186	-0.251
30.980	4.571	-0.248
31.000	0.908	-0.226
31.020	-2.782	-0.219
31.040	-6.435	-0.187
31.060	-10.033	-0.172
31.080	-13.433	-0.143
31.100	-16.656	-0.120
31.120	-19.637	-0.082
31.140	-22.354	-0.063
31.160	-24.750	-0.025
31.180	-26.764	-0.003
31.200	-28.445	0.038
31.220	-29.659	0.059
31.240	-30.508	0.100
31.260	-30.809	0.118
31.280	-30.792	0.154
31.300	-30.314	0.171
31.320	-29.401	0.200
31.340	-28.037	0.214
31.360	-26.275	0.237
31.380	-24.170	0.241
31.400	-21.699	0.261
31.420	-18.863	0.265
31.440	-15.812	0.270
31.460	-12.547	0.261
31.480	-9.061	0.262
31.500	-5.468	0.242
31.520	-1.789	0.240
31.540	1.912	0.214
31.560	5.586	0.200
31.580	9.152	0.175
31.600	12.627	0.154
31.620	15.909	0.126
31.640	18.960	0.102
31.660	21.769	0.067
31.680	24.213	0.039
31.700	26.324	0.005
31.720	28.053	-0.024
31.740	29.401	-0.053
31.760	30.309	-0.082
31.780	30.803	-0.109
31.800	30.841	-0.140
31.820	30.443	-0.166
31.840	29.627	-0.186
31.860	28.386	-0.209
31.880	26.716	-0.222
31.900	24.718	-0.237
31.920	22.306	-0.250
31.940	19.594	-0.255
31.960	16.624	-0.261
31.980	13.369	-0.259
32.000	9.953	-0.252
32.020	6.402	-0.243
32.040	2.750	-0.234
32.060	-0.913	-0.215
32.080	-4.608	-0.199
32.100	-8.229	-0.174
32.120	-11.714	-0.155
32.140	-15.039	-0.131
32.160	-18.160	-0.099
32.180	-21.001	-0.068
32.200	-23.563	-0.041
32.220	-25.776	-0.009
32.240	-27.629	0.020
32.260	-29.068	0.051
32.280	-30.094	0.081
32.300	-30.680	0.109
32.320	-30.852	0.134
32.340	-30.578	0.161
32.360	-29.890	0.182
32.380	-28.741	0.208
32.400	-27.172	0.221
32.420	-25.233	0.236
32.440	-22.929	0.250
32.460	-20.276	0.259
32.480	-17.354	0.265
32.500	-14.185	0.263
32.520	-10.807	0.255
32.540	-7.267	0.251
32.560	-3.615	0.236
32.580	0.086	0.225
32.600	3.776	0.203
32.620	7.401	0.191
32.640	10.930	0.157
32.660	14.309	0.137
32.680	17.483	0.109
32.700	20.394	0.079
32.720	23.053	0.047
32.740	25.319	0.021
32.760	27.242	-0.014
32.780	28.778	-0.041
32.800	29.912	-0.078
32.820	30.621	-0.099
32.840	30.884	-0.134
32.860	30.707	-0.155
32.880	30.105	-0.181
32.900	29.058	-0.201
32.920	27.613	-0.224
32.940	25.776	-0.232
32.960	23.563	-0.249
32.980	20.985	-0.253
33.000	18.133	-0.270
33.020	15.034	-0.263
33.040	11.704	-0.267
33.060	8.207	-0.250
33.080	4.598	-0.250
33.100	0.940	-0.228
33.120	-2.771	-0.219
33.140	-6.408	-0.193
33.160	-9.990	-0.177
33.180	-13.385	-0.144
33.200	-16.624	-0.128
33.220	-19.615	-0.089
33.240	-22.317	-0.067
33.260	-24.691	-0.029
33.280	-26.721	-0.004
33.300	-28.392	0.032
33.320	-29.632	0.057
33.340	-30.438	0.093
33.360	-30.798	0.110
33.380	-30.750	0.151
33.400	-30.266	0.162
33.420	-29.353	0.190
33.440	-28.005	0.205
33.460	-26.238	0.229
33.480	-24.111	0.233
33.500	-21.651	0.252
33.520	-18.847	0.249
33.540	-15.775	0.257
33.560	-12.520	0.246
33.580	-9.040	0.249
33.600	-5.441	0.231
33.620	-1.762	0.224
33.640	1.934	0.204
33.660	5.597	0.190
33.680	9.168	0.160
33.700	12.649	0.140
33.720	15.925	0.111
33.740	18.971	0.085
33.760	21.769	0.055
33.780	24.234	0.026
33.800	26.334	-0.008
33.820	28.059	-0.037
33.840	29.401	-0.068
33.860	30.314	-0.101
33.880	30.798	-0.124
33.900	30.846	-0.154
33.920	30.449	-0.177
33.940	29.622	-0.202
33.960	28.386	-0.223
33.980	26.716	-0.240
34.000	24.723	-0.252
34.020	22.312	-0.263
34.040	19.599	-0.269
34.060	16.618	-0.273
34.080	13.369	-0.274
34.100	9.963	-0.269
34.120	6.424	-0.264
34.140	2.766	-0.244
34.160	-0.918	-0.231
34.180	-4.587	-0.213
34.200	-8.207	-0.192
34.220	-11.704	-0.165
34.240	-15.018	-0.141
34.260	-18.149	-0.114
34.280	-21.001	-0.086
34.300	-23.558	-0.056
34.320	-25.754	-0.022
34.340	-27.613	0.009
34.360	-29.068	0.038
34.380	-30.083	0.070
34.400	-30.664	0.097
34.420	-30.814	0.124
34.440	-30.556	0.154
34.460	-29.874	0.171
34.480	-28.751	0.195
34.500	-27.172	0.212
34.520	-25.207	0.227
34.540	-22.924	0.239
34.560	-20.281	0.249
34.580	-17.349	0.252
34.600	-14.180	0.253
34.620	-10.796	0.242
34.640	-7.246	0.241
34.660	-3.604	0.225
34.680	0.081	0.216
34.700	3.771	0.191
34.720	7.401	0.175
34.740	10.930	0.148
34.760	14.309	0.129
34.780	17.472	0.096
34.800	20.394	0.073
34.820	23.053	0.035
34.840	25.314	0.011
34.860	27.242	-0.025
34.880	28.778	-0.050
34.900	29.912	-0.086
34.920	30.615	-0.110
34.940	30.873	-0.143
34.960	30.707	-0.165
34.980	30.105	-0.190
35.000	29.058	-0.211
35.020	27.602	-0.231
35.040	25.781	-0.244
35.060	23.563	-0.264
35.080	20.996	-0.264
35.100	18.144	-0.275
35.120	15.023	-0.270
35.140	11.682	-0.271
35.160	8.212	-0.258
35.180	4.608	-0.255
35.200	0.918	-0.233
35.220	-2.771	-0.225
35.240	-6.413	-0.195
35.260	-10.012	-0.185
35.280	-13.406	-0.149
35.300	-16.618	-0.130
35.320	-19.631	-0.090
35.340	-22.344	-0.070
35.360	-24.712	-0.032
35.380	-26.759	-0.008
35.400	-28.418	0.029
35.420	-29.648	0.055
35.440	-30.459	0.093
35.460	-30.803	0.110
35.480	-30.771	0.144
35.500	-30.298	0.160
35.520	-29.380	0.195
35.540	-28.021	0.204
35.560	-26.259	0.225
35.580	-24.138	0.236
35.600	-21.678	0.252
35.620	-18.869	0.255
35.640	-15.818	0.258
35.660	-12.558	0.252
35.680	-9.056	0.251
35.700	-5.462	0.237
35.720	-1.783	0.230
35.740	1.901	0.206
35.760	5.581	0.191
35.780	9.163	0.167
35.800	12.638	0.146
35.820	15.920	0.117
35.840	18.955	0.091
35.860	21.753	0.059
35.880	24.224	0.029
35.900	26.334	-0.005
35.920	28.059	-0.030
35.940	29.396	-0.062
35.960	30.304	-0.094
35.980	30.792	-0.119
36.000	30.841	-0.148
36.020	30.454	-0.169
36.040	29.622	-0.194
36.060	28.381	-0.212
36.080	26.710	-0.230
36.100	24.718	-0.242
36.120	22.312	-0.261
36.140	19.594	-0.261
36.160	16.607	-0.267
36.180	13.374	-0.265
36.200	9.947	-0.259
36.220	6.392	-0.245
36.240	2.750	-0.239
36.260	-0.945	-0.217
36.280	-4.619	-0.202
36.300	-8.250	-0.182
36.320	-11.752	-0.161
36.340	-15.050	-0.131
36.360	-18.192	-0.103
36.380	-21.039	-0.075
36.400	-23.584	-0.039
36.420	-25.797	-0.014
36.440	-27.667	0.020
36.460	-29.101	0.047
36.480	-30.126	0.079
36.500	-30.707	0.107
36.520	-30.868	0.138
36.540	-30.599	0.159
36.560	-29.922	0.184
36.580	-28.773	0.209
36.600	-27.199	0.225
36.620	-25.255	0.243
36.640	-22.945	0.251
36.660	-20.324	0.260
36.680	-17.375	0.264
36.700	-14.223	0.268
36.720	-10.839	0.258
36.740	-7.283	0.254
36.760	-3.620	0.239
36.780	0.064	0.229
36.800	3.760	0.206
36.820	7.396	0.191
36.840	10.925	0.160
36.860	14.303	0.143
36.880	17.467	0.112
36.900	20.383	0.085
36.920	23.042	0.047
36.940	25.314	0.026
36.960	27.242	-0.011
36.980	28.778	-0.036
37.000	29.917	-0.072
37.020	30.615	-0.099
37.040	30.878	-0.129
37.060	30.707	-0.149
37.080	30.105	-0.182
37.100	29.052	-0.195
37.120	27.613	-0.219
37.140	25.771	-0.226
37.160	23.558	-0.248
37.180	20.990	-0.249
37.200	18.133	-0.262
37.220	15.028	-0.256
37.240	11.698	-0.255
37.260	8.196	-0.249
37.280	4.592	-0.242
37.300	0.924	-0.223
37.320	-2.777	-0.209
37.340	-6.424	-0.184
37.360	-10.006	-0.167
37.380	-13.417	-0.140
37.400	-16.640	-0.119
37.420	-19.610	-0.082
37.440	-22.338	-0.061
37.460	-24.707	-0.024
37.480	-26.737	0.004
37.500	-28.408	0.036
37.520	-29.648	0.062
37.540	-30.454	0.100
37.560	-30.819	0.117
37.580	-30.771	0.155
37.600	-30.282	0.170
37.620	-29.353	0.200
37.640	-28.016	0.214
37.660	-26.254	0.236
37.680	-24.132	0.238
37.700	-21.656	0.262
37.720	-18.847	0.259
37.740	-15.791	0.270
37.760	-12.520	0.259
37.780	-9.050	0.260
37.800	-5.452	0.241
37.820	-1.772	0.233
37.840	1.934	0.215
37.860	5.591	0.198
37.880	9.174	0.174
37.900	12.644	0.147
37.920	15.931	0.121
37.940	18.965	0.093
37.960	21.774	0.063
37.980	24.224	0.034
38.000	26.334	0.001
38.020	28.064	-0.029
38.040	29.401	-0.060
38.060	30.309	-0.092
38.080	30.787	-0.115
38.100	30.841	-0.147
38.120	30.459	-0.170
38.140	29.622	-0.198
38.160	28.386	-0.211
38.180	26.727	-0.235
38.200	24.723	-0.243
38.220	22.312	-0.266
38.240	19.594	-0.262
38.260	16.624	-0.274
38.280	13.374	-0.272
38.300	9.969	-0.263
38.320	6.408	-0.260
38.340	2.761	-0.256
38.360	-0.924	-0.242
38.380	-4.598	-0.219
38.400	-8.212	-0.196
38.420	-11.709	-0.173
38.440	-15.028	-0.144
38.460	-18.144	-0.120
38.480	-20.990	-0.082
38.500	-23.552	-0.056
38.520	-25.771	-0.016
38.540	-27.602	0.009
38.560	-29.068	0.050
38.580	-30.083	0.078
38.600	-30.658	0.108
38.620	-30.841	0.133
38.640	-30.578	0.165
38.660	-29.869	0.182
38.680	-28.719	0.212
38.700	-27.151	0.226
38.720	-25.217	0.251
38.740	-22.924	0.256
38.760	-20.276	0.271
38.780	-17.343	0.267
38.800	-14.164	0.274
38.820	-10.801	0.262
38.840	-7.251	0.263
38.860	-3.609	0.238
38.880	0.086	0.236
38.900	3.781	0.208
38.920	7.401	0.196
38.940	10.930	0.162
38.960	14.303	0.145
38.980	17.472	0.117
39.000	20.394	0.085
39.020	23.053	0.056
39.040	25.319	0.028
39.060	27.237	-0.008
39.080	28.784	-0.042
39.100	29.912	-0.069
39.120	30.610	-0.110
39.140	30.884	-0.132
39.160	30.701	-0.169
39.180	30.105	-0.181
39.200	29.063	-0.220
39.220	27.607	-0.225
39.240	25.781	-0.251
39.260	23.563	-0.257
39.280	20.996	-0.275
39.300	18.138	-0.281
39.320	15.034	-0.285
39.340	11.693	-0.281
39.360	8.212	-0.268
39.380	4.603	-0.267
39.400	0.929	-0.241
39.420	-2.761	-0.236
39.440	-6.402	-0.204
39.460	-9.990	-0.194
39.480	-13.401	-0.156
39.500	-16.613	-0.146
39.520	-19.631	-0.106
39.540	-22.306	-0.082
39.560	-24.691	-0.043
39.580	-26.732	-0.019
39.600	-28.386	0.015
39.620	-29.616	0.047
39.640	-30.433	0.071
39.660	-30.787	0.103
39.680	-30.744	0.129
39.700	-30.266	0.163
39.720	-29.348	0.179
39.740	-28.000	0.206
39.760	-26.249	0.217
39.780	-24.111	0.235
39.800	-21.646	0.243
39.820	-18.847	0.254
39.840	-15.775	0.253
39.860	-12.515	0.254
39.880	-9.034	0.241
39.900	-5.430	0.242
39.920	-1.772	0.222
39.940	1.923	0.208
39.960	5.597	0.188
39.980	9.174	0.165
40.000	12.649	0.142
40.020	15.925	0.116
40.040	18.960	0.089
40.060	21.769	0.056
40.080	24.218	0.030
40.100	26.329	-0.005
40.120	28.059	-0.035
40.140	29.401	-0.062
40.160	30.309	-0.096
40.180	30.787	-0.120
40.200	30.841	-0.153
40.220	30.459	-0.173
40.240	29.622	-0.201
40.260	28.386	-0.213
40.280	26.716	-0.237
40.300	24.718	-0.244
40.320	22.312	-0.269
40.340	19.599	-0.269
40.360	16.613	-0.285
40.380	13.369	-0.273
40.400	9.963	-0.275
40.420	6.418	-0.256
40.440	2.766	-0.254
40.460	-0.913	-0.230
40.480	-4.603	-0.222
40.500	-8.218	-0.188
40.520	-11.698	-0.178
40.540	-15.055	-0.140
40.560	-18.176	-0.116
40.580	-21.012	-0.089
40.600	-23.563	-0.056
40.620	-25.771	-0.029
40.640	-27.640	0.005
40.660	-29.090	0.030
40.680	-30.100	0.068
40.700	-30.680	0.090
40.720	-30.835	0.125
40.740	-30.583	0.147
40.760	-29.901	0.171
40.780	-28.762	0.197
40.800	-27.199	0.228
40.820	-25.233	0.241
40.840	-22.945	0.253
40.860	-20.303	0.262
40.880	-17.375	0.263
40.900	-14.207	0.265
40.920	-10.807	0.257
40.940	-7.267	0.258
40.960	-3.620	0.238
40.980	0.064	0.231
41.000	3.749	0.207
41.020	7.391	0.191
41.040	10.919	0.160
41.060	14.298	0.142
41.080	17.467	0.110
41.100	20.389	0.092
41.120	23.053	0.045
41.140	25.314	0.027
41.160	27.242	-0.013
41.180	28.773	-0.035
41.200	29.912	-0.068
41.220	30.621	-0.098
41.240	30.868	-0.125
41.260	30.707	-0.153
41.280	30.100	-0.169
41.300	29.058	-0.206
41.320	27.607	-0.211
41.340	25.776	-0.240
41.360	23.552	-0.235
41.380	20.979	-0.265
41.400	18.133	-0.252
41.420	15.012	-0.268
41.440	11.677	-0.245
41.460	8.186	-0.256
41.480	4.565	-0.235
41.500	0.924	-0.229
41.520	-2.793	-0.207
41.540	-6.435	-0.188
41.560	-10.006	-0.165
41.580	-13.422	-0.134
41.600	-16.650	-0.118
41.620	-19.637	-0.078
41.640	-22.365	-0.062
41.660	-24.734	-0.016
41.680	-26.770	-0.002
41.700	-28.451	0.042
41.720	-29.665	0.063
41.740	-30.481	0.105
41.760	-30.803	0.119
41.780	-30.787	0.160
41.800	-30.298	0.175
41.820	-29.412	0.201
41.840	-28.037	0.219
41.860	-26.270	0.242
41.880	-24.159	0.250
41.900	-21.683	0.264
41.920	-18.869	0.269
41.940	-15.812	0.269
41.960	-12.536	0.268
41.980	-9.061	0.263
42.000	-5.452	0.253
42.020	-1.783	0.237
42.040	1.928	0.226
42.060	5.575	0.199
42.080	9.152	0.186
42.100	12.633	0.155
42.120	15.909	0.130
42.140	18.960	0.100
42.160	21.769	0.076
42.180	24.218	0.042
42.200	26.329	0.014
42.220	28.059	-0.021
42.240	29.396	-0.046
42.260	30.314	-0.078
42.280	30.803	-0.107
42.300	30.841	-0.136
42.320	30.454	-0.160
42.340	29.622	-0.183
42.360	28.381	-0.205
42.380	26.716	-0.217
42.400	24.718	-0.231
42.420	22.312	-0.246
42.440	19.588	-0.250
42.460	16.618	-0.252
42.480	13.374	-0.254
42.500	9.947	-0.247
42.520	6.408	-0.239
42.540	2.755	-0.229
42.560	-0.924	-0.211
42.580	-4.608	-0.194
42.600	-8.239	-0.172
42.620	-11.720	-0.151
42.640	-15.034	-0.124
42.660	-18.160	-0.099
42.680	-21.028	-0.061
42.700	-23.563	-0.044
42.720	-25.787	-0.000
42.740	-27.618	0.021
42.760	-29.090	0.059
42.780	-30.100	0.085
42.800	-30.685	0.115
42.820	-30.846	0.140
42.840	-30.578	0.167
42.860	-29.885	0.190
42.880	-28.746	0.208
42.900	-27.183	0.227
42.920	-25.233	0.241
42.940	-22.929	0.258
42.960	-20.297	0.266
42.980	-17.354	0.269
43.000	-14.190	0.269
43.020	-10.812	0.261
43.040	-7.262	0.254
43.060	-3.615	0.241
43.080	0.086	0.226
43.100	3.754	0.211
43.120	7.396	0.190
43.140	10.925	0.162
43.160	14.309	0.140
43.180	17.472	0.112
43.200	20.394	0.086
43.220	23.047	0.050
43.240	25.309	0.030
43.260	27.242	-0.014
43.280	28.778	-0.034
43.300	29.912	-0.078
43.320	30.610	-0.094
43.340	30.873	-0.135
43.360	30.712	-0.147
43.380	30.105	-0.184
43.400	29.068	-0.194
43.420	27.613	-0.223
43.440	25.771	-0.228
43.460	23.552	-0.251
43.480	20.996	-0.252
43.500	18.149	-0.262
43.520	15.034	-0.260
43.540	11.698	-0.260
43.560	8.196	-0.249
43.580	4.598	-0.244
43.600	0.918	-0.227
43.620	-2.766	-0.211
43.640	-6.424	-0.188
43.660	-9.996	-0.168
43.680	-13.401	-0.143
43.700	-16.607	-0.117
43.720	-19.615	-0.086
43.740	-22.328	-0.062
43.760	-24.702	-0.027
43.780	-26.737	-0.001
43.800	-28.397	0.033
43.820	-29.616	0.060
43.840	-30.438	0.100
43.860	-30.803	0.116
43.880	-30.755	0.155
43.900	-30.271	0.166
43.920	-29.348	0.198
43.940	-28.000	0.204
43.960	-26.238	0.233
43.980	-24.111	0.233
44.000	-21.646	0.256
44.020	-18.836	0.247
44.040	-15.791	0.266
44.060	-12.525	0.249
44.080	-9.050	0.253
44.100	-5.452	0.237
44.120	-1.772	0.230
44.140	1.944	0.208
44.160	5.607	0.196
44.180	9.179	0.168
44.200	12.644	0.147
44.220	15.915	0.115
44.240	18.965	0.090
44.260	21.774	0.059
44.280	24.213	0.030
44.300	26.334	0.001
44.320	28.059	-0.031
44.340	29.396	-0.061
44.360	30.314	-0.098
44.380	30.798	-0.116
44.400	30.841	-0.155
44.420	30.443	-0.172
44.440	29.616	-0.199
44.460	28.386	-0.217
44.480	26.716	-0.236
44.500	24.712	-0.246
44.520	22.312	-0.259
44.540	19.599	-0.262
44.560	16.624	-0.272
44.580	13.374	-0.266
44.600	9.958	-0.261
44.620	6.418	-0.257
44.640	2.771	-0.242
44.660	-0.913	-0.229
44.680	-4.598	-0.207
44.700	-8.212	-0.186
44.720	-11.704	-0.161
44.740	-15.023	-0.140
44.760	-18.149	-0.108
44.780	-21.006	-0.081
44.800	-23.552	-0.050
44.820	-25.760	-0.019
44.840	-27.613	0.009
44.860	-29.068	0.041
44.880	-30.089	0.072
44.900	-30.664	0.101
44.920	-30.825	0.124
44.940	-30.562	0.157
44.960	-29.863	0.175
44.980	-28.719	0.200
45.000	-27.172	0.212
45.020	-25.223	0.234
45.040	-22.940	0.241
45.060	-20.271	0.253
45.080	-17.343	0.254
45.100	-14.169	0.258
45.120	-10.796	0.249
45.140	-7.251	0.245
45.160	-3.609	0.229
45.180	0.081	0.217
45.200	3.776	0.197
45.220	7.401	0.180
45.240	10.925	0.154
45.260	14.309	0.131
45.280	17.472	0.100
45.300	20.399	0.074
45.320	23.058	0.042
45.340	25.314	0.011
45.360	27.242	-0.020
45.380	28.778	-0.047
45.400	29.912	-0.083
45.420	30.610	-0.106
45.440	30.873	-0.140
45.460	30.707	-0.157
45.480	30.105	-0.188
45.500	29.063	-0.205
45.520	27.618	-0.232
45.540	25.781	-0.232
45.560	23.558	-0.261
45.580	20.985	-0.257
45.600	18.133	-0.271
45.620	15.039	-0.265
45.640	11.693	-0.270
45.660	8.202	-0.252
45.680	4.598	-0.254
45.700	0.929	-0.227
45.720	-2.761	-0.220
45.740	-6.413	-0.193
45.760	-10.001	-0.177
45.780	-13.406	-0.145
45.800	-16.613	-0.128
45.820	-19.631	-0.090
45.840	-22.322	-0.066
45.860	-24.718	-0.029
45.880	-26.748	-0.004
45.900	-28.408	0.030
45.920	-29.638	0.059
45.940	-30.459	0.091
45.960	-30.782	0.116
45.980	-30.766	0.150
46.000	-30.304	0.164
46.020	-29.380	0.191
46.040	-28.021	0.204
46.060	-26.259	0.234
46.080	-24.127	0.237
46.100	-21.672	0.257
46.120	-18.874	0.255
46.140	-15.802	0.262
46.160	-12.542	0.254
46.180	-9.061	0.255
46.200	-5.457	0.240
46.220	-1.783	0.233
46.240	1.923	0.211
46.260	5.586	0.195
46.280	9.168	0.168
46.300	12.638	0.152
46.320	15.920	0.117
46.340	18.960	0.096
46.360	21.774	0.066
46.380	24.213	0.033
46.400	26.329	0.003
46.420	28.053	-0.027
46.440	29.396	-0.055
46.460	30.309	-0.091
46.480	30.787	-0.117
46.500	30.846	-0.148
46.520	30.454	-0.166
46.540	29.622	-0.192
46.560	28.386	-0.208
46.580	26.716	-0.231
46.600	24.718	-0.236
46.620	22.312	-0.255
46.640	19.599	-0.252
46.660	16.613	-0.262
46.680	13.369	-0.258
46.700	9.953	-0.256
46.720	6.402	-0.241
46.740	2.745	-0.237
46.760	-0.945	-0.215
46.780	-4.619	-0.198
46.800	-8.255	-0.176
46.820	-11.763	-0.153
46.840	-15.055	-0.129
46.860	-18.181	-0.100
46.880	-21.055	-0.072
46.900	-23.579	-0.036
46.920	-25.797	-0.014
46.940	-27.667	0.020
46.960	-29.095	0.052
46.980	-30.137	0.080
47.000	-30.696	0.108
47.020	-30.857	0.138
47.040	-30.610	0.166
47.060	-29.917	0.184
47.080	-28.768	0.211
47.100	-27.210	0.225
47.120	-25.244	0.245
47.140	-22.956	0.257
47.160	-20.319	0.267
47.180	-17.375	0.268
47.200	-14.217	0.270
47.220	-10.823	0.262
47.240	-7.283	0.262
47.260	-3.631	0.242
47.280	0.059	0.232
47.300	3.754	0.208
47.320	7.391	0.194
47.340	10.919	0.164
47.360	14.298	0.145
47.380	17.461	0.117
47.400	20.394	0.085
47.420	23.047	0.055
47.440	25.314	0.029
47.460	27.242	-0.007
47.480	28.773	-0.032
47.500	29.912	-0.069
47.520	30.610	-0.091
47.540	30.873	-0.124
47.560	30.707	-0.144
47.580	30.094	-0.179
47.600	29.052	-0.188
47.620	27.613	-0.217
47.640	25.776	-0.219
47.660	23.558	-0.248
47.680	20.990	-0.241
47.700	18.133	-0.260
47.720	15.018	-0.249
47.740	11.693	-0.255
47.760	8.196	-0.242
47.780	4.592	-0.239
47.800	0.924	-0.218
47.820	-2.788	-0.212
47.840	-6.435	-0.179
47.860	-9.996	-0.167
47.880	-13.412	-0.132
47.900	-16.640	-0.115
47.920	-19.621	-0.078
47.940	-22.338	-0.057
47.960	-24.707	-0.020
47.980	-26.748	0.005
48.000	-28.408	0.038
48.020	-29.643	0.070
48.040	-30.449	0.104
48.060	-30.803	0.121
48.080	-30.776	0.158
48.100	-30.271	0.173
48.120	-29.369	0.201
48.140	-28.010	0.216
48.160	-26.249	0.238
48.180	-24.122	0.241
48.200	-21.656	0.264
48.220	-18.853	0.263
48.240	-15.791	0.272
48.260	-12.525	0.259
48.280	-9.056	0.262
48.300	-5.446	0.244
48.320	-1.778	0.238
48.340	1.934	0.215
48.360	5.602	0.204
48.380	9.174	0.175
48.400	12.649	0.156
48.420	15.920	0.125
48.440	18.965	0.099
48.460	21.769	0.066
48.480	24.218	0.040
48.500	26.340	0.005
48.520	28.059	-0.022
48.540	29.396	-0.054
48.560	30.309	-0.086
48.580	30.792	-0.111
48.600	30.835	-0.140
48.620	30.449	-0.165
48.640	29.627	-0.188
48.660	28.386	-0.210
48.680	26.716	-0.223
48.700	24.723	-0.239
48.720	22.312	-0.249
48.740	19.604	-0.256
48.760	16.624	-0.260
48.780	13.374	-0.260
48.800	9.963	-0.256
48.820	6.418	-0.243
48.840	2.766	-0.236
48.860	-0.913	-0.219
48.880	-4.598	-0.202
48.900	-8.223	-0.179
48.920	-11.704	-0.156
48.940	-15.034	-0.133
48.960	-18.149	-0.103
48.980	-21.006	-0.075
49.000	-23.547	-0.046
49.020	-25.760	-0.017
49.040	-27.602	0.017
49.060	-29.063	0.043
49.080	-30.067	0.081
49.100	-30.653	0.101
49.120	-30.835	0.135
49.140	-30.551	0.158
49.160	-29.869	0.183
49.180	-28.725	0.203
49.200	-27.162	0.220
49.220	-25.207	0.234
49.240	-22.908	0.246
49.260	-20.276	0.255
49.280	-17.338	0.258
49.300	-14.174	0.260
49.320	-10.796	0.251
49.340	-7.251	0.245
49.360	-3.609	0.237
49.380	0.091	0.221
49.400	3.781	0.203
49.420	7.407	0.180
49.440	10.930	0.155
49.460	14.303	0.135
49.480	17.472	0.102
49.500	20.389	0.077
49.520	23.047	0.045
49.540	25.314	0.015
49.560	27.242	-0.017
49.580	28.773	-0.046
49.600	29.917	-0.078
49.620	30.604	-0.109
49.640	30.873	-0.136
49.660	30.707	-0.161
49.680	30.100	-0.186
49.700	29.058	-0.206
49.720	27.613	-0.227
49.740	25.771	-0.240
49.760	23.558	-0.260
49.780	20.996	-0.262
49.800	18.138	-0.273
49.820	15.028	-0.264
49.840	11.693	-0.274
49.860	8.196	-0.253
49.880	4.603	-0.256
49.900	0.924	-0.231
49.920	-2.761	-0.223
49.940	-6.408	-0.195
49.960	-9.990	-0.178
49.980	-13.396	-0.149
50.000	-16.607	-0.128
50.020	-19.599	-0.098
50.040	-22.312	-0.069
50.060	-24.691	-0.034
50.080	-26.753	-0.011
50.100	-28.386	0.026
50.120	-29.605	0.053
50.140	-30.433	0.088
50.160	-30.782	0.111
50.180	-30.744	0.146
50.200	-30.277	0.162
50.220	-29.342	0.189
50.240	-28.005	0.204
50.260	-26.238	0.227
50.280	-24.122	0.236
50.300	-21.640	0.249
50.320	-18.842	0.248
50.340	-15.786	0.260
50.360	-12.520	0.247
50.380	-9.045	0.247
50.400	-5.446	0.236
50.420	-1.767	0.225
50.440	1.928	0.206
50.460	5.597	0.188
50.480	9.168	0.167
50.500	12.644	0.144
50.520	15.920	0.117
50.540	18.965	0.089
50.560	21.774	0.058
50.580	24.218	0.027
50.600	26.329	-0.000
50.620	28.053	-0.033
50.640	29.396	-0.063
50.660	30.309	-0.095
50.680	30.792	-0.123
50.700	30.830	-0.149
50.720	30.449	-0.178
50.740	29.622	-0.196
50.760	28.386	-0.222
50.780	26.716	-0.230
50.800	24.723	-0.253
50.820	22.312	-0.255
50.840	19.604	-0.268
50.860	16.618	-0.267
50.880	13.379	-0.270
50.900	9.958	-0.258
50.920	6.418	-0.258
50.940	2.766	-0.239
50.960	-0.913	-0.225
50.980	-4.598	-0.204
51.000	-8.218	-0.187
51.020	-11.714	-0.162
51.040	-15.028	-0.135
51.060	-18.160	-0.110
51.080	-21.006	-0.078
51.100	-23.558	-0.048
51.120	-25.754	-0.017
51.140	-27.629	0.010
51.160	-29.079	0.043
51.180	-30.105	0.077
51.200	-30.669	0.100
51.220	-30.841	0.130
51.240	-30.572	0.156
51.260	-29.890	0.180
51.280	-28.757	0.201
51.300	-27.188	0.219
51.320	-25.244	0.238
51.340	-22.945	0.250
51.360	-20.308	0.257
51.380	-17.359	0.257
51.400	-14.201	0.257
51.420	-10.807	0.253
51.440	-7.283	0.251
51.460	-3.625	0.237
51.480	0.064	0.225
51.500	3.760	0.199
51.520	7.380	0.181
51.540	10.925	0.157
51.560	14.298	0.137
51.580	17.467	0.104
51.600	20.399	0.083
51.620	23.047	0.046
51.640	25.314	0.022
51.660	27.242	-0.014
51.680	28.778	-0.042
51.700	29.912	-0.074
51.720	30.610	-0.101
51.740	30.873	-0.132
51.760	30.712	-0.156
51.780	30.100	-0.185
51.800	29.058	-0.202
51.820	27.607	-0.223
51.840	25.771	-0.236
51.860	23.558	-0.249
51.880	20.985	-0.254
51.900	18.117	-0.261
51.920	15.028	-0.261
51.940	11.687	-0.261
51.960	8.191	-0.252
51.980	4.587	-0.242
52.000	0.918	-0.223
52.020	-2.782	-0.214
52.040	-6.424	-0.186
52.060	-10.006	-0.166
52.080	-13.422	-0.143
52.100	-16.650	-0.123
52.120	-19.637	-0.081
52.140	-22.344	-0.062
52.160	-24.729	-0.022
52.180	-26.759	-0.000
52.200	-28.445	0.035
52.220	-29.665	0.063
52.240	-30.465	0.096
52.260	-30.830	0.121
52.280	-30.787	0.155
52.300	-30.325	0.168
52.320	-29.407	0.200
52.340	-28.048	0.215
52.360	-26.275	0.241
52.380	-24.159	0.245
52.400	-21.688	0.264
52.420	-18.879	0.264
52.440	-15.812	0.269
52.460	-12.558	0.265
52.480	-9.056	0.265
52.500	-5.479	0.248
52.520	-1.783	0.236
52.540	1.912	0.220
52.560	5.581	0.200
52.580	9.163	0.179
52.600	12.638	0.156
52.620	15.909	0.125
52.640	18.960	0.101
52.660	21.774	0.073
52.680	24.218	0.038
52.700	26.329	0.011
52.720	28.053	-0.023
52.740	29.396	-0.050
52.760	30.309	-0.082
52.780	30.792	-0.108
52.800	30.846	-0.141
52.820	30.454	-0.161
52.840	29.622	-0.186
52.860	28.381	-0.205
52.880	26.716	-0.220
52.900	24.718	-0.238
52.920	22.312	-0.248
52.940	19.594	-0.255
52.960	16.613	-0.255
52.980	13.374	-0.260
53.000	9.958	-0.248
53.020	6.413	-0.242
53.040	2.755	-0.230
53.060	-0.924	-0.217
53.080	-4.598	-0.194
53.100	-8.239	-0.174
53.120	-11.720	-0.150
53.140	-15.034	-0.128
53.160	-18.165	-0.098
53.180	-21.028	-0.069
53.200	-23.568	-0.038
53.220	-25.781	-0.008
53.240	-27.650	0.021
53.260	-29.079	0.053
53.280	-30.100	0.085
53.300	-30.680	0.113
53.320	-30.846	0.137
53.340	-30.588	0.165
53.360	-29.901	0.183
53.380	-28.741	0.208
53.400	-27.172	0.223
53.420	-25.223	0.244
53.440	-22.935	0.252
53.460	-20.297	0.266
53.480	-17.359	0.265
53.500	-14.185	0.270
53.520	-10.812	0.261
53.540	-7.262	0.258
53.560	-3.615	0.240
53.580	0.070	0.229
53.600	3.771	0.206
53.620	7.401	0.192
53.640	10.930	0.162
53.660	14.303	0.137
53.680	17.478	0.109
53.700	20.389	0.083
53.720	23.053	0.050
53.740	25.314	0.028
53.760	27.242	-0.012
53.780	28.778	-0.037
53.800	29.912	-0.075
53.820	30.610	-0.097
53.840	30.878	-0.131
53.860	30.712	-0.153
53.880	30.105	-0.181
53.900	29.058	-0.199
53.920	27.618	-0.222
53.940	25.776	-0.232
53.960	23.563	-0.249
53.980	20.990	-0.253
54.000	18.144	-0.264
54.020	15.023	-0.259
54.040	11.704	-0.260
54.060	8.212	-0.248
54.080	4.603	-0.246
54.100	0.929	-0.229
54.120	-2.766	-0.217
54.140	-6.418	-0.187
54.160	-9.969	-0.177
54.180	-13.401	-0.141
54.200	-16.602	-0.127
54.220	-19.615	-0.086
54.240	-22.322	-0.064
54.260	-24.696	-0.025
54.280	-26.737	-0.000
54.300	-28.392	0.033
54.320	-29.627	0.058
54.340	-30.438	0.094
54.360	-30.803	0.117
54.380	-30.755	0.150
54.400	-30.266	0.167
54.420	-29.353	0.196
54.440	-28.005	0.207
54.460	-26.232	0.233
54.480	-24.122	0.235
54.500	-21.640	0.253
54.520	-18.842	0.252
54.540	-15.791	0.260
54.560	-12.525	0.249
54.580	-9.034	0.254
54.600	-5.446	0.237
54.620	-1.767	0.229
54.640	1.934	0.208
54.660	5.602	0.192
54.680	9.174	0.166
54.700	12.644	0.147
54.720	15.915	0.117
54.740	18.965	0.090
54.760	21.769	0.059
54.780	24.224	0.030
54.800	26.334	-0.003
54.820	28.059	-0.032
54.840	29.396	-0.064
54.860	30.314	-0.096
54.880	30.792	-0.122
54.900	30.830	-0.153
54.920	30.443	-0.175
54.940	29.622	-0.198
54.960	28.392	-0.221
54.980	26.721	-0.234
55.000	24.729	-0.251
55.020	22.312	-0.259
55.040	19.594	-0.268
55.060	16.624	-0.272
55.080	13.374	-0.265
55.100	9.979	-0.265
55.120	6.418	-0.256
55.140	2.771	-0.244
55.160	-0.913	-0.230
55.180	-4.598	-0.208
55.200	-8.207	-0.190
55.220	-11.704	-0.165
55.240	-15.012	-0.140
55.260	-18.154	-0.109
55.280	-21.006	-0.081
55.300	-23.547	-0.051
55.320	-25.744	-0.021
55.340	-27.597	0.005
55.360	-29.068	0.041
55.380	-30.083	0.073
55.400	-30.658	0.099
55.420	-30.830	0.129
55.440	-30.556	0.156
55.460	-29.863	0.172
55.480	-28.730	0.197
55.500	-27.167	0.215
55.520	-25.207	0.233
55.540	-22.924	0.242
55.560	-20.271	0.249
55.580	-17.343	0.254
55.600	-14.169	0.256
55.620	-10.807	0.248
55.640	-7.251	0.241
55.660	-3.593	0.231
55.680	0.091	0.217
55.700	3.781	0.200
55.720	7.391	0.179
55.740	10.925	0.155
55.760	14.309	0.131
55.780	17.478	0.099
55.800	20.394	0.074
55.820	23.047	0.039
55.840	25.309	0.013
55.860	27.242	-0.020
55.880	28.778	-0.047
55.900	29.912	-0.082
55.920	30.610	-0.106
55.940	30.868	-0.141
55.960	30.707	-0.161
55.980	30.105	-0.190
56.000	29.063	-0.205
56.020	27.613	-0.234
56.040	25.771	-0.240
56.060	23.558	-0.263
56.080	20.996	-0.258
56.100	18.149	-0.273
56.120	15.018	-0.265
56.140	11.698	-0.274
56.160	8.202	-0.248
56.180	4.603	-0.253
56.200	0.918	-0.230
56.220	-2.755	-0.223
56.240	-6.418	-0.194
56.260	-10.001	-0.178
56.280	-13.396	-0.151
56.300	-16.618	-0.126
56.320	-19.615	-0.091
56.340	-22.317	-0.067
56.360	-24.707	-0.032
56.380	-26.743	-0.003
56.400	-28.392	0.030
56.420	-29.627	0.058
56.440	-30.459	0.094
56.460	-30.803	0.113
56.480	-30.760	0.144
56.500	-30.293	0.166
56.520	-29.348	0.193
56.540	-28.010	0.204
56.560	-26.259	0.232
56.580	-24.138	0.235
56.600	-21.672	0.254
56.620	-18.858	0.254
56.640	-15.796	0.261
56.660	-12.547	0.253
56.680	-9.056	0.256
56.700	-5.468	0.243
56.720	-1.778	0.237
56.740	1.923	0.208
56.760	5.581	0.196
56.780	9.163	0.169
56.800	12.633	0.151
56.820	15.915	0.119
56.840	18.960	0.098
56.860	21.764	0.065
56.880	24.213	0.030
56.900	26.329	0.002
56.920	28.053	-0.028
56.940	29.396	-0.054
56.960	30.309	-0.088
56.980	30.792	-0.116
57.000	30.835	-0.146
57.020	30.454	-0.171
57.040	29.622	-0.190
57.060	28.386	-0.216
57.080	26.716	-0.225
57.100	24.712	-0.246
57.120	22.312	-0.251
57.140	19.594	-0.264
57.160	16.607	-0.259
57.180	13.374	-0.263
57.200	9.953	-0.255
57.220	6.402	-0.248
57.240	2.750	-0.236
57.260	-0.940	-0.222
57.280	-4.625	-0.199
57.300	-8.250	-0.178
57.320	-11.752	-0.156
57.340	-15.050	-0.130
57.360	-18.170	-0.104
57.380	-21.049	-0.072
57.400	-23.579	-0.037
57.420	-25.803	-0.012
57.440	-27.672	0.018
57.460	-29.101	0.049
57.480	-30.132	0.082
57.500	-30.707	0.111
57.520	-30.841	0.139
57.540	-30.615	0.164
57.560	-29.917	0.186
57.580	-28.762	0.211
57.600	-27.205	0.224
57.620	-25.271	0.244
57.640	-22.956	0.257
57.660	-20.324	0.264
57.680	-17.386	0.269
57.700	-14.212	0.270
57.720	-10.823	0.266
57.740	-7.278	0.257
57.760	-3.625	0.244
57.780	0.070	0.230
57.800	3.754	0.208
57.820	7.385	0.195
57.840	10.925	0.165
57.860	14.298	0.142
57.880	17.467	0.117
57.900	20.383	0.085
57.920	23.037	0.055
57.940	25.314	0.028
57.960	27.242	-0.004
57.980	28.778	-0.035
58.000	29.912	-0.066
58.020	30.610	-0.095
58.040	30.878	-0.122
58.060	30.707	-0.152
58.080	30.105	-0.173
58.100	29.068	-0.196
58.120	27.602	-0.215
58.140	25.771	-0.230
58.160	23.558	-0.241
58.180	20.985	-0.250
58.200	18.138	-0.258
58.220	15.023	-0.252
58.240	11.693	-0.260
58.260	8.196	-0.244
58.280	4.576	-0.240
58.300	0.924	-0.219
58.320	-2.777	-0.214
58.340	-6.424	-0.179
58.360	-10.006	-0.166
58.380	-13.417	-0.135
58.400	-16.634	-0.118
58.420	-19.621	-0.080
58.440	-22.322	-0.057
58.460	-24.718	-0.020
58.480	-26.753	0.008
58.500	-28.418	0.034
58.520	-29.638	0.069
58.540	-30.438	0.102
58.560	-30.803	0.125
58.580	-30.782	0.156
58.600	-30.282	0.175
58.620	-29.353	0.202
58.640	-28.016	0.214
58.660	-26.254	0.237
58.680	-24.132	0.242
58.700	-21.656	0.263
58.720	-18.853	0.265
58.740	-15.786	0.267
58.760	-12.531	0.265
58.780	-9.050	0.262
58.800	-5.446	0.242
58.820	-1.778	0.237
58.840	1.923	0.218
58.860	5.586	0.200
58.880	9.168	0.174
58.900	12.638	0.157
58.920	15.915	0.126
58.940	18.965	0.097
58.960	21.774	0.067
58.980	24.218	0.040
59.000	26.329	0.009
59.020	28.064	-0.027
59.040	29.396	-0.056
59.060	30.314	-0.086
59.080	30.798	-0.112
59.100	30.841	-0.145
59.120	30.443	-0.165
59.140	29.616	-0.191
59.160	28.392	-0.209
59.180	26.710	-0.229
59.200	24.718	-0.237
59.220	22.312	-0.253
59.240	19.599	-0.257
59.260	16.624	-0.265
59.280	13.374	-0.260
59.300	9.969	-0.256
59.320	6.418	-0.247
59.340	2.766	-0.237
59.360	-0.902	-0.222
59.380	-4.592	-0.199
59.400	-8.212	-0.180
59.420	-11.704	-0.157
59.440	-15.028	-0.134
59.460	-18.144	-0.104
59.480	-20.996	-0.076
59.500	-23.552	-0.044
59.520	-25.754	-0.014
59.540	-27.613	0.016
59.560	-29.068	0.042
59.580	-30.062	0.079
59.600	-30.664	0.106
59.620	-30.825	0.135
59.640	-30.545	0.160
59.660	-29.869	0.180
59.680	-28.725	0.202
59.700	-27.156	0.220
59.720	-25.201	0.235
59.740	-22.924	0.247
59.760	-20.287	0.258
59.780	-17.338	0.257
59.800	-14.174	0.262
59.820	-10.796	0.249
59.840	-7.256	0.248
59.860	-3.604	0.233
59.880	0.091	0.222
59.900	3.771	0.200
59.920	7.407	0.183
59.940	10.930	0.154
59.960	14.319	0.134
59.980	17.478	0.100
60.000	20.389	0.077
60.020	23.047	0.040
60.040	25.319	0.018
60.060	27.242	-0.020
60.080	28.778	-0.046
60.100	29.912	-0.082
60.120	30.615	-0.110
60.140	30.868	-0.138
60.160	30.707	-0.165
60.180	30.100	-0.188
60.200	29.063	-0.209
60.220	27.613	-0.227
60.240	25.781	-0.242
60.260	23.563	-0.255
60.280	20.996	-0.267
60.300	18.144	-0.269
60.320	15.034	-0.270
60.340	11.698	-0.269
60.360	8.212	-0.259
60.380	4.598	-0.256
60.400	0.929	-0.233
60.420	-2.755	-0.224
60.440	-6.397	-0.194
60.460	-9.969	-0.183
60.480	-13.390	-0.146
60.500	-16.607	-0.129
60.520	-19.621	-0.094
60.540	-22.312	-0.071
60.560	-24.686	-0.033
60.580	-26.737	-0.011
60.600	-28.392	0.029
60.620	-29.616	0.053
60.640	-30.443	0.086
60.660	-30.776	0.109
60.680	-30.739	0.143
60.700	-30.277	0.159
60.720	-29.353	0.187
60.740	-27.989	0.203
60.760	-26.243	0.226
60.780	-24.111	0.234
60.800	-21.635	0.251
60.820	-18.847	0.249
60.840	-15.791	0.256
60.860	-12.509	0.247
60.880	-9.029	0.249
60.900	-5.441	0.233
60.920	-1.762	0.225
60.940	1.944	0.205
60.960	5.597	0.190
60.980	9.174	0.165
61.000	12.644	0.142
61.020	15.931	0.116
61.040	18.965	0.087
61.060	21.769	0.059
61.080	24.224	0.026
61.100	26.329	-0.003
61.120	28.059	-0.034
61.140	29.401	-0.062
61.160	30.314	-0.099
61.180	30.792	-0.120
61.200	30.841	-0.155
61.220	30.449	-0.170
61.240	29.622	-0.204
61.260	28.386	-0.217
61.280	26.716	-0.236
61.300	24.718	-0.248
61.320	22.312	-0.261
61.340	19.604	-0.269
61.360	16.618	-0.270
61.380	13.374	-0.269
61.400	9.969	-0.262
61.420	6.418	-0.254
61.440	2.771	-0.238
61.460	-0.913	-0.231
61.480	-4.608	-0.205
61.500	-8.223	-0.187
61.520	-11.704	-0.162
61.540	-15.023	-0.140
61.560	-18.165	-0.111
61.580	-21.012	-0.078
61.600	-23.568	-0.049
61.620	-25.771	-0.017
61.640	-27.629	0.008
61.660	-29.068	0.044
61.680	-30.110	0.073
61.700	-30.669	0.101
61.720	-30.830	0.129
61.740	-30.562	0.157
61.760	-29.890	0.175
61.780	-28.751	0.199
61.800	-27.172	0.217
61.820	-25.250	0.237
61.840	-22.929	0.248
61.860	-20.292	0.257
61.880	-17.365	0.257
61.900	-14.201	0.258
61.920	-10.812	0.252
61.940	-7.267	0.251
61.960	-3.620	0.236
61.980	0.064	0.225
62.000	3.760	0.200
62.020	7.380	0.183
62.040	10.919	0.158
62.060	14.287	0.139
62.080	17.467	0.102
62.100	20.383	0.083
62.120	23.053	0.043
62.140	25.309	0.022
62.160	27.242	-0.018
62.180	28.778	-0.038
62.200	29.912	-0.078
62.220	30.615	-0.099
62.240	30.878	-0.136
62.260	30.701	-0.153
62.280	30.100	-0.186
62.300	29.063	-0.200
62.320	27.607	-0.223
62.340	25.771	-0.233
62.360	23.552	-0.252
62.380	20.985	-0.256
62.400	18.122	-0.268
62.420	15.018	-0.263
62.440	11.677	-0.260
62.460	8.191	-0.254
62.480	4.582	-0.244
62.500	0.913	-0.227
62.520	-2.788	-0.211
62.540	-6.429	-0.191
62.560	-10.022	-0.169
62.580	-13.412	-0.140
62.600	-16.645	-0.122
62.620	-19.637	-0.082
62.640	-22.365	-0.069
62.660	-24.734	-0.020
62.680	-26.770	-0.011
62.700	-28.435	0.042
62.720	-29.665	0.056
62.740	-30.481	0.101
62.760	-30.825	0.113
62.780	-30.776	0.158
62.800	-30.314	0.167
62.820	-29.401	0.201
62.840	-28.042	0.212
62.860	-26.286	0.242
62.880	-24.165	0.245
62.900	-21.683	0.264
62.920	-18.874	0.264
62.940	-15.834	0.270
62.960	-12.547	0.263
62.980	-9.066	0.265
63.000	-5.468	0.249
63.020	-1.772	0.237
63.040	1.907	0.222
63.060	5.591	0.199
63.080	9.158	0.180
63.100	12.638	0.155
63.120	15.909	0.126
63.140	18.955	0.100
63.160	21.758	0.073
63.180	24.218	0.037
63.200	26.329	0.009
63.220	28.059	-0.022
63.240	29.396	-0.049
63.260	30.309	-0.078
63.280	30.798	-0.112
63.300	30.835	-0.134
63.320	30.449	-0.167
63.340	29.622	-0.180
63.360	28.386	-0.216
63.380	26.721	-0.212
63.400	24.718	-0.243
63.420	22.312	-0.240
63.440	19.599	-0.260
63.460	16.613	-0.248
63.480	13.374	-0.263
63.500	9.958	-0.247
63.520	6.402	-0.244
63.540	2.761	-0.228
63.560	-0.924	-0.221
63.580	-4.619	-0.194
63.600	-8.229	-0.178
63.620	-11.725	-0.151
63.640	-15.034	-0.126
63.660	-18.165	-0.101
63.680	-21.022	-0.067
63.700	-23.574	-0.041
63.720	-25.787	-0.007
63.740	-27.634	0.020
63.760	-29.079	0.055
63.780	-30.100	0.084
63.800	-30.664	0.113
63.820	-30.852	0.137
63.840	-30.583	0.163
63.860	-29.879	0.185
63.880	-28.741	0.208
63.900	-27.172	0.226
63.920	-25.250	0.237
63.940	-22.940	0.258
63.960	-20.292	0.262
63.980	-17.349	0.271
64.000	-14.180	0.262
64.020	-10.817	0.264
64.040	-7.272	0.251
64.060	-3.609	0.241
64.080	0.075	0.223
64.100	3.765	0.208
64.120	7.407	0.187
64.140	10.930	0.166
64.160	14.303	0.138
64.180	17.472	0.115
64.200	20.389	0.080
64.220	23.053	0.053
64.240	25.314	0.023
64.260	27.242	-0.011
64.280	28.778	-0.037
64.300	29.912	-0.079
64.320	30.610	-0.095
64.340	30.873	-0.135
64.360	30.712	-0.153
64.380	30.105	-0.184
64.400	29.063	-0.193
64.420	27.618	-0.223
64.440	25.776	-0.230
64.460	23.558	-0.253
64.480	20.985	-0.249
64.500	18.133	-0.267
64.520	15.018	-0.258
64.540	11.698	-0.269
64.560	8.202	-0.250
64.580	4.592	-0.246
64.600	0.935	-0.226
64.620	-2.766	-0.216
64.640	-6.418	-0.190
64.660	-9.996	-0.169
64.680	-13.396	-0.147
64.700	-16.607	-0.119
64.720	-19.599	-0.089
64.740	-22.306	-0.060
64.760	-24.696	-0.028
64.780	-26.732	-0.000
64.800	-28.392	0.034
64.820	-29.638	0.058
64.840	-30.427	0.094
64.860	-30.798	0.116
64.880	-30.766	0.153
64.900	-30.261	0.162
64.920	-29.348	0.197
64.940	-28.000	0.204
64.960	-26.254	0.234
64.980	-24.116	0.234
65.000	-21.640	0.261
65.020	-18.831	0.250
65.040	-15.775	0.264
65.060	-12.509	0.249
65.080	-9.045	0.258
65.100	-5.436	0.235
65.120	-1.762	0.233
65.140	1.934	0.206
65.160	5.607	0.196
65.180	9.174	0.166
65.200	12.649	0.147
65.220	15.925	0.114
65.240	18.971	0.088
65.260	21.774	0.060
65.280	24.224	0.030
65.300	26.329	-0.001
65.320	28.064	-0.037
65.340	29.396	-0.062
65.360	30.309	-0.097
65.380	30.787	-0.120
65.400	30.841	-0.157
65.420	30.454	-0.173
65.440	29.622	-0.200
65.460	28.381	-0.221
65.480	26.716	-0.238
65.500	24.712	-0.248
65.520	22.312	-0.264
65.540	19.594	-0.269
65.560	16.618	-0.269
65.580	13.379	-0.273
65.600	9.963	-0.265
65.620	6.418	-0.261
65.640	2.771	-0.241
65.660	-0.908	-0.232
65.680	-4.592	-0.206
65.700	-8.218	-0.191
65.720	-11.714	-0.165
65.740	-15.028	-0.144
65.760	-18.144	-0.108
65.780	-20.996	-0.082
65.800	-23.536	-0.053
65.820	-25.749	-0.020
65.840	-27.613	0.009
65.860	-29.068	0.042
65.880	-30.083	0.070
65.900	-30.664	0.100
65.920	-30.825	0.122
65.940	-30.556	0.156
65.960	-29.863	0.174
65.980	-28.725	0.198
66.000	-27.162	0.216
66.020	-25.196	0.232
66.040	-22.918	0.238
66.060	-20.292	0.252
66.080	-17.327	0.251
66.100	-14.180	0.255
66.120	-10.785	0.245
66.140	-7.251	0.245
66.160	-3.615	0.227
66.180	0.091	0.217
66.200	3.771	0.194
66.220	7.407	0.176
66.240	10.930	0.151
66.260	14.309	0.127
66.280	17.483	0.099
66.300	20.383	0.073
66.320	23.053	0.040
66.340	25.314	0.014
66.360	27.242	-0.020
66.380	28.778	-0.053
66.400	29.912	-0.084
66.420	30.615	-0.111
66.440	30.878	-0.141
66.460	30.707	-0.164
66.480	30.094	-0.190
66.500	29.063	-0.208
66.520	27.613	-0.232
66.540	25.781	-0.239
66.560	23.563	-0.263
66.580	20.996	-0.261
66.600	18.144	-0.271
66.620	15.012	-0.268
66.640	11.693	-0.273
66.660	8.207	-0.254
66.680	4.598	-0.256
66.700	0.929	-0.231
66.720	-2.766	-0.224
66.740	-6.408	-0.190
66.760	-9.979	-0.182
66.780	-13.379	-0.148
66.800	-16.624	-0.125
66.820	-19.615	-0.091
66.840	-22.317	-0.067
66.860	-24.702	-0.033
66.880	-26.748	-0.009
66.900	-28.402	0.026
66.920	-29.616	0.056
66.940	-30.454	0.092
66.960	-30.792	0.113
66.980	-30.755	0.146
67.000	-30.277	0.162
67.020	-29.380	0.191
67.040	-28.000	0.206
67.060	-26.249	0.231
67.080	-24.143	0.239
67.100	-21.656	0.253
67.120	-18.869	0.253
67.140	-15.791	0.260
67.160	-12.531	0.252
67.180	-9.056	0.255
67.200	-5.452	0.242
67.220	-1.789	0.234
67.240	1.917	0.210
67.260	5.591	0.194
67.280	9.168	0.171
67.300	12.654	0.148
67.320	15.920	0.117
67.340	18.960	0.097
67.360	21.764	0.061
67.380	24.208	0.030
67.400	26.334	-0.000
67.420	28.059	-0.028
67.440	29.396	-0.057
67.460	30.320	-0.091
67.480	30.792	-0.119
67.500	30.841	-0.149
67.520	30.449	-0.167
67.540	29.622	-0.194
67.560	28.386	-0.212
67.580	26.727	-0.232
67.600	24.712	-0.242
67.620	22.312	-0.258
67.640	19.594	-0.261
67.660	16.607	-0.269
67.680	13.363	-0.262
67.700	9.942	-0.263
67.720	6.402	-0.245
67.740	2.750	-0.239
67.760	-0.935	-0.222
67.780	-4.625	-0.201
67.800	-8.250	-0.179
67.820	-11.763	-0.157
67.840	-15.050	-0.134
67.860	-18.176	-0.104
67.880	-21.049	-0.075
67.900	-23.558	-0.045
67.920	-25.803	-0.016
67.940	-27.656	0.016
67.960	-29.106	0.047
67.980	-30.137	0.079
68.000	-30.696	0.104
68.020	-30.841	0.137
68.040	-30.594	0.158
68.060	-29.922	0.184
68.080	-28.773	0.211
68.100	-27.188	0.221
68.120	-25.266	0.242
68.140	-22.945	0.254
68.160	-20.313	0.265
68.180	-17.381	0.266
68.200	-14.207	0.270
68.220	-10.844	0.258
68.240	-7.267	0.256
68.260	-3.631	0.241
68.280	0.059	0.230
68.300	3.754	0.208
68.320	7.385	0.195
68.340	10.925	0.162
68.360	14.292	0.146
68.380	17.467	0.111
68.400	20.378	0.086
68.420	23.042	0.053
68.440	25.314	0.028
68.460	27.242	-0.010
68.480	28.773	-0.035
68.500	29.912	-0.069
68.520	30.610	-0.096
68.540	30.873	-0.126
68.560	30.712	-0.150
68.580	30.105	-0.180
68.600	29.052	-0.195
68.620	27.613	-0.216
68.640	25.771	-0.230
68.660	23.558	-0.246
68.680	20.979	-0.252
68.700	18.133	-0.256
68.720	15.012	-0.256
68.740	11.687	-0.256
68.760	8.196	-0.244
68.780	4.587	-0.242
68.800	0.924	-0.222
68.820	-2.777	-0.213
68.840	-6.413	-0.184
68.860	-10.017	-0.165
68.880	-13.406	-0.136
68.900	-16.634	-0.117
68.920	-19.626	-0.079
68.940	-22.344	-0.057
68.960	-24.729	-0.020
68.980	-26.748	0.004
69.000	-28.429	0.038
69.020	-29.632	0.064
69.040	-30.443	0.102
69.060	-30.814	0.124
69.080	-30.766	0.154
69.100	-30.288	0.172
69.120	-29.369	0.201
69.140	-28.010	0.217
69.160	-26.254	0.236
69.180	-24.127	0.243
69.200	-21.656	0.266
69.220	-18.847	0.266
69.240	-15.796	0.272
69.260	-12.531	0.261
69.280	-9.056	0.258
69.300	-5.446	0.247
69.320	-1.767	0.237
69.340	1.928	0.219
69.360	5.602	0.201
69.380	9.179	0.175
69.400	12.644	0.154
69.420	15.925	0.126
69.440	18.960	0.100
69.460	21.774	0.069
69.480	24.218	0.041
69.500	26.334	0.007
69.520	28.064	-0.026
69.540	29.396	-0.057
69.560	30.320	-0.086
69.580	30.787	-0.117
69.600	30.841	-0.144
69.620	30.459	-0.168
69.640	29.616	-0.188
69.660	28.386	-0.215
69.680	26.716	-0.227
69.700	24.729	-0.244
69.720	22.312	-0.254
69.740	19.604	-0.260
69.760	16.613	-0.264
69.780	13.379	-0.260
69.800	9.969	-0.258
69.820	6.418	-0.246
69.840	2.761	-0.237
69.860	-0.913	-0.223
69.880	-4.603	-0.203
69.900	-8.223	-0.177
69.920	-11.704	-0.158
69.940	-15.039	-0.132
69.960	-18.138	-0.107
69.980	-21.012	-0.075
70.000	-23.552	-0.047
70.020	-25.744	-0.015
70.040	-27.607	0.016
70.060	-29.058	0.043
70.080	-30.089	0.084
70.100	-30.664	0.104
70.120	-30.841	0.134
70.140	-30.562	0.160
70.160	-29.869	0.182
70.180	-28.719	0.203
70.200	-27.151	0.220
70.220	-25.217	0.233
70.240	-22.918	0.246
70.260	-20.271	0.258
70.280	-17.343	0.262
70.300	-14.174	0.260
70.320	-10.807	0.251
70.340	-7.256	0.248
70.360	-3.604	0.233
70.380	0.086	0.221
70.400	3.771	0.201
70.420	7.412	0.182
70.440	10.925	0.154
70.460	14.314	0.134
70.480	17.483	0.104
70.500	20.405	0.075
70.520	23.047	0.042
70.540	25.314	0.018
70.560	27.242	-0.021
70.580	28.773	-0.045
70.600	29.912	-0.083
70.620	30.610	-0.106
70.640	30.873	-0.143
70.660	30.701	-0.165
70.680	30.100	-0.192
70.700	29.058	-0.208
70.720	27.607	-0.230
70.740	25.781	-0.238
70.760	23.558	-0.261
70.780	20.985	-0.259
70.800	18.154	-0.274
70.820	15.023	-0.265
70.840	11.698	-0.272
70.860	8.207	-0.256
70.880	4.608	-0.255
70.900	0.940	-0.233
70.920	-2.755	-0.225
70.940	-6.408	-0.196
70.960	-9.979	-0.178
70.980	-13.385	-0.152
71.000	-16.607	-0.130
71.020	-19.599	-0.096
71.040	-22.301	-0.070
71.060	-24.696	-0.033
71.080	-26.737	-0.012
71.100	-28.386	0.028
71.120	-29.611	0.051
71.140	-30.417	0.092
71.160	-30.787	0.106
71.180	-30.744	0.145
71.200	-30.266	0.157
71.220	-29.348	0.187
71.240	-27.989	0.204
71.260	-26.243	0.225
71.280	-24.111	0.233
71.300	-21.646	0.249
71.320	-18.836	0.249
71.340	-15.780	0.258
71.360	-12.515	0.248
71.380	-9.029	0.247
71.400	-5.430	0.232
71.420	-1.762	0.225
71.440	1.928	0.203
71.460	5.602	0.190
71.480	9.179	0.162
71.500	12.660	0.142
71.520	15.925	0.115
71.540	18.971	0.087
71.560	21.774	0.056
71.580	24.218	0.026
71.600	26.334	-0.005
71.620	28.053	-0.036
71.640	29.396	-0.067
71.660	30.309	-0.099
71.680	30.792	-0.125
71.700	30.841	-0.153
71.720	30.443	-0.178
71.740	29.622	-0.199
71.760	28.386	-0.223
71.780	26.721	-0.234
71.800	24.718	-0.255
71.820	22.312	-0.259
71.840	19.594	-0.271
71.860	16.618	-0.272
71.880	13.379	-0.270
71.900	9.963	-0.262
71.920	6.408	-0.257
71.940	2.782	-0.243
71.960	-0.918	-0.227
71.980	-4.587	-0.210
72.000	-8.218	-0.187
72.020	-11.709	-0.164
72.040	-15.028	-0.140
72.060	-18.144	-0.110
72.080	-21.001	-0.078
72.100	-23.563	-0.050
72.120	-25.771	-0.021
72.140	-27.624	0.009
72.160	-29.095	0.041
72.180	-30.083	0.075
72.200	-30.674	0.102
72.220	-30.835	0.129
72.240	-30.572	0.158
72.260	-29.890	0.178
72.280	-28.735	0.200
72.300	-27.183	0.218
72.320	-25.228	0.235
72.340	-22.935	0.247
72.360	-20.297	0.257
72.380	-17.365	0.256
72.400	-14.201	0.257
72.420	-10.807	0.254
72.440	-7.272	0.250
72.460	-3.636	0.236
72.480	0.064	0.221
72.500	3.754	0.201
72.520	7.391	0.183
72.540	10.925	0.159
72.560	14.309	0.133
72.580	17.467	0.102
72.600	20.389	0.080
72.620	23.058	0.043
72.640	25.314	0.017
72.660	27.242	-0.018
72.680	28.784	-0.045
72.700	29.912	-0.078
72.720	30.610	-0.107
72.740	30.868	-0.136
72.760	30.707	-0.158
72.780	30.094	-0.188
72.800	29.068	-0.202
72.820	27.613	-0.224
72.840	25.776	-0.237
72.860	23.552	-0.255
72.880	20.979	-0.255
72.900	18.133	-0.269
72.920	15.012	-0.260
72.940	11.687	-0.267
72.960	8.191	-0.252
72.980	4.576	-0.252
73.000	0.908	-0.223
73.020	-2.777	-0.219
73.040	-6.435	-0.187
73.060	-10.006	-0.173
73.080	-13.433	-0.145
73.100	-16.650	-0.122
73.120	-19.637	-0.086
73.140	-22.354	-0.063
73.160	-24.712	-0.026
73.180	-26.770	-0.003
73.200	-28.445	0.035
73.220	-29.665	0.063
73.240	-30.492	0.098
73.260	-30.809	0.121
73.280	-30.776	0.155
73.300	-30.325	0.172
73.320	-29.407	0.202
73.340	-28.048	0.215
73.360	-26.275	0.240
73.380	-24.143	0.249
73.400	-21.672	0.262
73.420	-18.879	0.264
73.440	-15.829	0.272
73.460	-12.536	0.261
73.480	-9.061	0.261
73.500	-5.462	0.245
73.520	-1.794	0.239
73.540	1.912	0.220
73.560	5.581	0.202
73.580	9.152	0.179
73.600	12.638	0.154
73.620	15.915	0.125
73.640	18.955	0.101
73.660	21.769	0.069
73.680	24.202	0.040
73.700	26.334	0.008
73.720	28.064	-0.024
73.740	29.396	-0.054
73.760	30.320	-0.082
73.780	30.787	-0.108
73.800	30.841	-0.140
73.820	30.459	-0.163
73.840	29.616	-0.186
73.860	28.386	-0.211
73.880	26.721	-0.220
73.900	24.723	-0.243
73.920	22.306	-0.247
73.940	19.594	-0.260
73.960	16.613	-0.255
73.980	13.369	-0.262
74.000	9.963	-0.248
74.020	6.402	-0.244
74.040	2.766	-0.230
74.060	-0.935	-0.219
74.080	-4.608	-0.197
74.100	-8.234	-0.175
74.120	-11.725	-0.149
74.140	-15.039	-0.128
74.160	-18.170	-0.099
74.180	-21.022	-0.069
74.200	-23.552	-0.041
74.220	-25.787	-0.008
74.240	-27.629	0.021
74.260	-29.084	0.054
74.280	-30.116	0.085
74.300	-30.701	0.115
74.320	-30.852	0.141
74.340	-30.588	0.166
74.360	-29.890	0.187
