0.000	17.034	-0.257
0.020	13.806	-0.263
0.040	10.390	-0.281
0.060	6.856	-0.279
0.080	3.204	-0.287
0.100	-0.508	-0.278
0.120	-4.198	-0.282
0.140	-7.839	-0.260
0.160	-11.373	-0.255
0.180	-14.709	-0.234
0.200	-17.878	-0.216
0.220	-20.773	-0.187
0.240	-23.383	-0.166
0.260	-25.623	-0.129
0.280	-27.530	-0.106
0.300	-29.023	-0.067
0.320	-30.070	-0.037
0.340	-30.698	-0.001
0.360	-30.865	0.035
0.380	-30.666	0.072
0.400	-30.000	0.099
0.420	-28.867	0.138
0.440	-27.342	0.166
0.460	-25.403	0.197
0.480	-23.120	0.213
0.500	-20.488	0.245
0.520	-17.539	0.256
0.540	-14.381	0.279
0.560	-10.997	0.284
0.580	-7.431	0.300
0.600	-3.773	0.292
0.620	-0.067	0.299
0.640	3.639	0.288
0.660	7.275	0.282
0.680	10.815	0.271
0.700	14.220	0.255
0.720	17.410	0.229
0.740	20.348	0.213
0.760	22.996	0.180
0.780	25.284	0.160
0.800	27.218	0.123
0.820	28.754	0.091
0.840	29.893	0.054
0.860	30.591	0.029
0.880	30.854	-0.014
0.900	30.672	-0.041
0.920	30.032	-0.084
0.940	28.990	-0.112
0.960	27.535	-0.147
0.980	25.677	-0.167
1.000	23.431	-0.202
1.020	20.837	-0.214
1.040	17.974	-0.243
1.060	14.838	-0.253
1.080	11.481	-0.270
1.100	7.968	-0.276
1.120	4.348	-0.285
1.140	0.663	-0.280
1.160	-3.048	-0.277
1.180	-6.717	-0.263
1.200	-10.299	-0.254
1.220	-13.699	-0.239
1.240	-16.916	-0.217
1.260	-19.897	-0.193
1.280	-22.583	-0.172
1.300	-24.935	-0.138
1.320	-26.939	-0.115
1.340	-28.598	-0.076
1.360	-29.759	-0.049
1.380	-30.532	-0.009
1.400	-30.860	0.018
1.420	-30.763	0.064
1.440	-30.226	0.086
1.460	-29.232	0.125
1.480	-27.846	0.155
1.500	-26.010	0.185
1.520	-23.840	0.205
1.540	-21.321	0.236
1.560	-18.447	0.251
1.580	-15.353	0.268
1.600	-12.029	0.277
1.620	-8.537	0.290
1.640	-4.896	0.290
1.660	-1.184	0.293
1.680	2.516	0.288
1.700	6.185	0.281
1.720	9.751	0.271
1.740	13.210	0.255
1.760	16.460	0.234
1.780	19.473	0.213
1.800	22.223	0.185
1.820	24.618	0.160
1.840	26.670	0.128
1.860	28.335	0.094
1.880	29.592	0.062
1.900	30.414	0.032
1.920	30.817	-0.007
1.940	30.763	-0.041
1.960	30.274	-0.077
1.980	29.361	-0.108
2.000	28.018	-0.144
2.020	26.278	-0.164
2.040	24.156	-0.200
2.060	21.659	-0.222
2.080	18.877	-0.241
2.100	15.815	-0.261
2.120	12.512	-0.268
2.140	9.053	-0.283
2.160	5.460	-0.284
2.180	1.786	-0.293
2.200	-1.904	-0.285
2.220	-5.594	-0.280
2.240	-9.198	-0.267
2.260	-12.678	-0.251
2.280	-15.933	-0.228
2.300	-18.995	-0.210
2.320	-21.793	-0.184
2.340	-24.232	-0.157
2.360	-26.375	-0.130
2.380	-28.104	-0.096
2.400	-29.436	-0.066
2.420	-30.339	-0.027
2.440	-30.779	-0.002
2.460	-30.822	0.039
2.480	-30.425	0.068
2.500	-29.576	0.105
2.520	-28.292	0.133
2.540	-26.595	0.167
2.560	-24.532	0.193
2.580	-22.115	0.218
2.600	-19.349	0.238
2.620	-16.315	0.259
2.640	-13.060	0.267
2.660	-9.601	0.277
2.680	-6.008	0.283
2.700	-2.328	0.284
2.720	1.378	0.285
2.740	5.068	0.275
2.760	8.682	0.267
2.780	12.174	0.252
2.800	15.493	0.232
2.820	18.576	0.210
2.840	21.423	0.189
2.860	23.920	0.156
2.880	26.079	0.132
2.900	27.868	0.094
2.920	29.254	0.068
2.940	30.204	0.029
2.960	30.736	0.001
2.980	30.827	-0.041
3.000	30.473	-0.069
3.020	29.673	-0.109
3.040	28.469	-0.136
3.060	26.826	-0.172
3.080	24.855	-0.192
3.100	22.475	-0.223
3.120	19.768	-0.238
3.140	16.793	-0.266
3.160	13.538	-0.272
3.180	10.127	-0.288
3.200	6.588	-0.290
3.220	2.908	-0.297
3.240	-0.781	-0.291
3.260	-4.482	-0.290
3.280	-8.108	-0.273
3.300	-11.620	-0.260
3.320	-14.945	-0.243
3.340	-18.093	-0.220
3.360	-20.971	-0.197
3.380	-23.533	-0.170
3.400	-25.746	-0.140
3.420	-27.610	-0.113
3.440	-29.082	-0.077
3.460	-30.097	-0.045
3.480	-30.688	-0.008
3.500	-30.854	0.022
3.520	-30.575	0.060
3.540	-29.887	0.089
3.560	-28.743	0.130
3.580	-27.154	0.152
3.600	-25.193	0.187
3.620	-22.873	0.205
3.640	-20.230	0.236
3.660	-17.276	0.246
3.680	-14.086	0.267
3.700	-10.670	0.276
3.720	-7.130	0.284
3.740	-3.462	0.288
3.760	0.250	0.289
3.780	3.950	0.280
3.800	7.581	0.274
3.820	11.110	0.259
3.840	14.494	0.247
3.860	17.663	0.219
3.880	20.569	0.200
3.900	23.211	0.168
3.920	25.462	0.147
3.940	27.363	0.109
3.960	28.862	0.081
3.980	29.957	0.040
4.000	30.629	0.015
4.020	30.844	-0.024
4.040	30.634	-0.056
4.060	29.957	-0.094
4.080	28.883	-0.123
4.100	27.374	-0.156
4.120	25.505	-0.180
4.140	23.227	-0.213
4.160	20.617	-0.231
4.180	17.706	-0.252
4.200	14.542	-0.263
4.220	11.175	-0.283
4.240	7.656	-0.282
4.260	4.036	-0.294
4.280	0.341	-0.283
4.300	-3.376	-0.292
4.320	-7.023	-0.267
4.340	-10.584	-0.264
4.360	-13.984	-0.238
4.380	-17.201	-0.225
4.400	-20.155	-0.198
4.420	-22.819	-0.177
4.440	-25.166	-0.142
4.460	-27.127	-0.121
4.480	-28.722	-0.079
4.500	-29.855	-0.051
4.520	-30.607	-0.010
4.540	-30.881	0.019
4.560	-30.741	0.059
4.580	-30.188	0.082
4.600	-29.184	0.121
4.620	-27.739	0.151
4.640	-25.881	0.184
4.660	-23.673	0.205
4.680	-21.111	0.234
4.700	-18.238	0.251
4.720	-15.122	0.271
4.740	-11.787	0.279
4.760	-8.253	0.292
4.780	-4.616	0.290
4.800	-0.916	0.295
4.820	2.796	0.287
4.840	6.469	0.286
4.860	10.041	0.271
4.880	13.468	0.259
4.900	16.707	0.230
4.920	19.693	0.213
4.940	22.422	0.184
4.960	24.790	0.160
4.980	26.815	0.131
5.000	28.437	0.098
5.020	29.673	0.064
5.040	30.468	0.027
5.060	30.822	-0.003
5.080	30.736	-0.040
5.100	30.215	-0.064
5.120	29.259	-0.108
5.140	27.879	-0.136
5.160	26.117	-0.164
5.180	23.958	-0.187
5.200	21.439	-0.218
5.220	18.630	-0.231
5.240	15.536	-0.258
5.260	12.211	-0.265
5.280	8.736	-0.274
5.300	5.148	-0.276
5.320	1.464	-0.276
5.340	-2.248	-0.280
5.360	-5.922	-0.262
5.380	-9.520	-0.259
5.400	-12.963	-0.234
5.420	-16.240	-0.223
5.440	-19.274	-0.194
5.460	-22.046	-0.176
5.480	-24.473	-0.143
5.500	-26.557	-0.122
5.520	-28.265	-0.085
5.540	-29.560	-0.053
5.560	-30.430	-0.016
5.580	-30.822	0.013
5.600	-30.833	0.054
5.620	-30.398	0.084
5.640	-29.517	0.120
5.660	-28.206	0.149
5.680	-26.477	0.181
5.700	-24.371	0.206
5.720	-21.911	0.230
5.740	-19.129	0.251
5.760	-16.089	0.270
5.780	-12.802	0.283
5.800	-9.338	0.292
5.820	-5.723	0.300
5.840	-2.038	0.298
5.860	1.684	0.294
5.880	5.352	0.285
5.900	8.956	0.280
5.920	12.453	0.261
5.940	15.745	0.247
5.960	18.818	0.221
5.980	21.637	0.201
6.000	24.119	0.168
6.020	26.240	0.143
6.040	27.997	0.104
6.060	29.350	0.078
6.080	30.263	0.039
6.100	30.758	0.008
6.120	30.817	-0.029
6.140	30.435	-0.064
6.160	29.592	-0.095
6.180	28.357	-0.130
6.200	26.686	-0.155
6.220	24.677	-0.187
6.240	22.223	-0.209
6.260	19.527	-0.236
6.280	16.530	-0.246
6.300	13.259	-0.267
6.320	9.848	-0.272
6.340	6.276	-0.285
6.360	2.608	-0.283
6.380	-1.093	-0.280
6.400	-4.783	-0.273
6.420	-8.408	-0.260
6.440	-11.921	-0.251
6.460	-15.224	-0.227
6.480	-18.340	-0.209
6.500	-21.192	-0.183
6.520	-23.727	-0.162
6.540	-25.945	-0.127
6.560	-27.760	-0.102
6.580	-29.184	-0.064
6.600	-30.172	-0.032
6.620	-30.731	0.002
6.640	-30.870	0.035
6.660	-30.548	0.070
6.680	-29.802	0.101
6.700	-28.625	0.136
6.720	-27.025	0.164
6.740	-25.021	0.193
6.760	-22.669	0.219
6.780	-19.989	0.238
6.800	-17.013	0.259
6.820	-13.796	0.273
6.840	-10.380	0.281
6.860	-6.819	0.288
6.880	-3.150	0.291
6.900	0.556	0.291
6.920	4.262	0.281
6.940	7.887	0.274
6.960	11.416	0.261
6.980	14.773	0.239
7.000	17.905	0.222
7.020	20.800	0.198
7.040	23.405	0.174
7.060	25.617	0.143
7.080	27.508	0.109
7.100	28.974	0.078
7.120	30.022	0.043
7.140	30.656	0.010
7.160	30.849	-0.029
7.180	30.596	-0.056
7.200	29.887	-0.093
7.220	28.770	-0.128
7.240	27.218	-0.159
7.260	25.338	-0.185
7.280	23.023	-0.215
7.300	20.386	-0.230
7.320	17.475	-0.255
7.340	14.290	-0.266
7.360	10.911	-0.283
7.380	7.372	-0.284
7.400	3.741	-0.295
7.420	0.051	-0.287
7.440	-3.655	-0.291
7.460	-7.302	-0.269
7.480	-10.863	-0.265
7.500	-14.241	-0.240
7.520	-17.421	-0.227
7.540	-20.348	-0.198
7.560	-22.975	-0.176
7.580	-25.290	-0.146
7.600	-27.240	-0.118
7.620	-28.802	-0.084
7.640	-29.904	-0.052
7.660	-30.596	-0.019
7.680	-30.844	0.014
7.700	-30.688	0.055
7.720	-30.081	0.080
7.740	-29.044	0.120
7.760	-27.535	0.145
7.780	-25.660	0.180
7.800	-23.442	0.200
7.820	-20.848	0.231
7.840	-17.958	0.242
7.860	-14.805	0.263
7.880	-11.459	0.271
7.900	-7.914	0.284
7.920	-4.278	0.282
7.940	-0.583	0.288
7.960	3.118	0.277
7.980	6.786	0.275
8.000	10.347	0.259
8.020	13.753	0.245
8.040	16.975	0.221
8.060	19.940	0.202
8.080	22.663	0.175
8.100	24.984	0.147
8.120	26.966	0.114
8.140	28.566	0.082
8.160	29.753	0.050
8.180	30.510	0.012
8.200	30.838	-0.017
8.220	30.715	-0.056
8.240	30.145	-0.085
8.260	29.162	-0.122
8.280	27.734	-0.152
8.300	25.950	-0.183
8.320	23.764	-0.205
8.340	21.229	-0.231
8.360	18.388	-0.253
8.380	15.294	-0.263
8.400	11.948	-0.281
8.420	8.468	-0.280
8.440	4.853	-0.301
8.460	1.163	-0.283
8.480	-2.538	-0.297
8.500	-6.206	-0.273
8.520	-9.783	-0.276
8.540	-13.216	-0.244
8.560	-16.465	-0.240
8.580	-19.494	-0.205
8.600	-22.207	-0.188
8.620	-24.635	-0.152
8.640	-26.686	-0.130
8.660	-28.373	-0.092
8.680	-29.614	-0.064
8.700	-30.451	-0.023
8.720	-30.817	0.004
8.740	-30.790	0.047
8.760	-30.328	0.078
8.780	-29.399	0.111
8.800	-28.040	0.143
8.820	-26.300	0.171
8.840	-24.162	0.197
8.860	-21.686	0.222
8.880	-18.877	0.243
8.900	-15.799	0.261
8.920	-12.517	0.276
8.940	-9.021	0.284
8.960	-5.406	0.291
8.980	-1.721	0.292
9.000	1.985	0.288
9.020	5.658	0.280
9.040	9.257	0.268
9.060	12.738	0.253
9.080	16.019	0.235
9.100	19.059	0.210
9.120	21.863	0.190
9.140	24.302	0.162
9.160	26.402	0.133
9.180	28.110	0.096
9.200	29.436	0.067
9.220	30.333	0.029
9.240	30.779	-0.002
9.260	30.795	-0.039
9.280	30.376	-0.069
9.300	29.511	-0.104
9.320	28.233	-0.139
9.340	26.541	-0.166
9.360	24.484	-0.189
9.380	22.030	-0.218
9.400	19.274	-0.238
9.420	16.256	-0.257
9.440	12.969	-0.271
9.460	9.542	-0.280
9.480	5.954	-0.288
9.500	2.285	-0.285
9.520	-1.421	-0.288
9.540	-5.100	-0.277
9.560	-8.752	-0.264
9.580	-12.222	-0.251
9.600	-15.525	-0.230
9.620	-18.619	-0.209
9.640	-21.466	-0.185
9.660	-23.963	-0.159
9.680	-26.128	-0.125
9.700	-27.948	-0.099
9.720	-29.323	-0.062
9.740	-30.306	-0.033
9.760	-30.779	0.006
9.780	-30.876	0.039
9.800	-30.548	0.072
9.820	-29.769	0.104
9.840	-28.561	0.139
9.860	-26.912	0.168
9.880	-24.882	0.200
9.900	-22.508	0.224
9.920	-19.774	0.249
9.940	-16.798	0.261
9.960	-13.570	0.282
9.980	-10.133	0.285
10.000	-6.555	0.299
10.020	-2.876	0.295
10.040	0.830	0.297
10.060	4.536	0.286
10.080	8.151	0.280
10.100	11.685	0.263
10.120	15.031	0.252
10.140	18.152	0.225
10.160	21.025	0.207
10.180	23.598	0.172
10.200	25.800	0.152
10.220	27.642	0.110
10.240	29.071	0.089
10.260	30.097	0.041
10.280	30.682	0.019
10.300	30.833	-0.023
10.320	30.553	-0.048
10.340	29.818	-0.087
10.360	28.668	-0.120
10.380	27.089	-0.148
10.400	25.156	-0.175
10.420	22.803	-0.203
10.440	20.144	-0.225
10.460	17.212	-0.243
10.480	14.010	-0.265
10.500	10.611	-0.267
10.520	7.071	-0.281
10.540	3.424	-0.275
10.560	-0.277	-0.283
10.580	-3.977	-0.273
10.600	-7.619	-0.260
10.620	-11.153	-0.251
10.640	-14.537	-0.229
10.660	-17.684	-0.213
10.680	-20.606	-0.183
10.700	-23.222	-0.166
10.720	-25.489	-0.127
10.740	-27.406	-0.107
10.760	-28.926	-0.067
10.780	-30.011	-0.038
10.800	-30.656	-0.003
10.820	-30.886	0.031
10.840	-30.672	0.067
10.860	-30.027	0.094
10.880	-28.953	0.137
10.900	-27.438	0.160
10.920	-25.526	0.192
10.940	-23.249	0.215
10.960	-20.628	0.241
10.980	-17.706	0.258
11.000	-14.558	0.274
11.020	-11.180	0.284
11.040	-7.635	0.296
11.060	-3.977	0.292
11.080	-0.287	0.297
11.100	3.424	0.291
11.120	7.076	0.284
11.140	10.632	0.266
11.160	14.032	0.255
11.180	17.239	0.232
11.200	20.187	0.208
11.220	22.857	0.183
11.240	25.150	0.155
11.260	27.132	0.123
11.280	28.674	0.092
11.300	29.828	0.054
11.320	30.559	0.027
11.340	30.838	-0.015
11.360	30.688	-0.049
11.380	30.086	-0.080
11.400	29.066	-0.116
11.420	27.605	-0.143
11.440	25.795	-0.175
11.460	23.576	-0.197
11.480	20.998	-0.223
11.500	18.135	-0.240
11.520	15.020	-0.265
11.540	11.669	-0.269
11.560	8.172	-0.284
11.580	4.541	-0.284
11.600	0.873	-0.288
11.620	-2.828	-0.281
11.640	-6.496	-0.270
11.660	-10.100	-0.261
11.680	-13.495	-0.239
11.700	-16.723	-0.226
11.720	-19.720	-0.198
11.740	-22.427	-0.182
11.760	-24.806	-0.142
11.780	-26.831	-0.120
11.800	-28.491	-0.083
11.820	-29.694	-0.055
11.840	-30.478	-0.016
11.860	-30.844	0.011
11.880	-30.768	0.051
11.900	-30.258	0.084
11.920	-29.297	0.118
11.940	-27.895	0.147
11.960	-26.122	0.176
11.980	-23.958	0.200
12.000	-21.444	0.226
12.020	-18.624	0.246
12.040	-15.520	0.261
12.060	-12.222	0.276
12.080	-8.731	0.282
12.100	-5.100	0.288
12.120	-1.399	0.288
12.140	2.312	0.284
12.160	5.981	0.276
12.180	9.552	0.265
12.200	13.022	0.251
12.220	16.288	0.229
12.240	19.306	0.204
12.260	22.089	0.184
12.280	24.495	0.153
12.300	26.557	0.125
12.320	28.244	0.089
12.340	29.533	0.064
12.360	30.376	0.022
12.380	30.806	-0.008
12.400	30.768	-0.051
12.420	30.317	-0.077
12.440	29.420	-0.116
12.460	28.094	-0.147
12.480	26.385	-0.177
12.500	24.296	-0.201
12.520	21.820	-0.228
12.540	19.049	-0.248
12.560	16.003	-0.263
12.580	12.711	-0.280
12.600	9.257	-0.284
12.620	5.675	-0.298
12.640	1.995	-0.292
12.660	-1.700	-0.296
12.680	-5.379	-0.280
12.700	-8.994	-0.274
12.720	-12.458	-0.255
12.740	-15.751	-0.237
12.760	-18.828	-0.217
12.780	-21.616	-0.192
12.800	-24.114	-0.166
12.820	-26.262	-0.137
12.840	-28.018	-0.106
12.860	-29.377	-0.070
12.880	-30.301	-0.034
12.900	-30.763	-0.002
12.920	-30.811	0.031
12.940	-30.451	0.068
12.960	-29.640	0.099
12.980	-28.378	0.131
13.000	-26.708	0.159
13.020	-24.656	0.189
13.040	-22.250	0.211
13.060	-19.500	0.236
13.080	-16.492	0.251
13.100	-13.253	0.269
13.120	-9.800	0.276
13.140	-6.212	0.286
13.160	-2.532	0.287
13.180	1.168	0.286
13.200	4.858	0.277
13.220	8.478	0.267
13.240	11.980	0.253
13.260	15.305	0.236
13.280	18.404	0.212
13.300	21.272	0.191
13.320	23.802	0.158
13.340	25.972	0.138
13.360	27.771	0.098
13.380	29.189	0.071
13.400	30.172	0.030
13.420	30.720	0.006
13.440	30.838	-0.037
13.460	30.510	-0.065
13.480	29.737	-0.106
13.500	28.550	-0.134
13.520	26.949	-0.166
13.540	24.978	-0.188
13.560	22.604	-0.218
13.580	19.924	-0.238
13.600	16.954	-0.259
13.620	13.731	-0.272
13.640	10.315	-0.278
13.660	6.781	-0.291
13.680	3.129	-0.291
13.700	-0.572	-0.292
13.720	-4.267	-0.284
13.740	-7.920	-0.268
13.760	-11.459	-0.261
13.780	-14.773	-0.234
13.800	-17.931	-0.223
13.820	-20.832	-0.193
13.840	-23.410	-0.173
13.860	-25.650	-0.137
13.880	-27.562	-0.112
13.900	-29.033	-0.073
13.920	-30.086	-0.045
13.940	-30.693	-0.006
13.960	-30.876	0.023
13.980	-30.650	0.067
14.000	-29.968	0.090
14.020	-28.845	0.127
14.040	-27.299	0.155
14.060	-25.338	0.188
14.080	-23.061	0.209
14.100	-20.407	0.234
14.120	-17.459	0.251
14.140	-14.311	0.273
14.160	-10.901	0.279
14.180	-7.350	0.291
14.200	-3.682	0.284
14.220	0.019	0.292
14.240	3.709	0.284
14.260	7.366	0.277
14.280	10.895	0.263
14.300	14.290	0.251
14.320	17.469	0.226
14.340	20.413	0.204
14.360	23.055	0.170
14.380	25.338	0.151
14.400	27.272	0.116
14.420	28.786	0.088
14.440	29.909	0.052
14.460	30.602	0.014
14.480	30.844	-0.018
14.500	30.656	-0.052
14.520	30.022	-0.081
14.540	28.948	-0.125
14.560	27.476	-0.147
14.580	25.612	-0.180
14.600	23.362	-0.201
14.620	20.767	-0.230
14.640	17.878	-0.240
14.660	14.741	-0.267
14.680	11.363	-0.269
14.700	7.866	-0.284
14.720	4.230	-0.280
14.740	0.540	-0.286
14.760	-3.177	-0.283
14.780	-6.835	-0.263
14.800	-10.396	-0.260
14.820	-13.806	-0.233
14.840	-17.008	-0.223
14.860	-19.999	-0.191
14.880	-22.679	-0.174
14.900	-25.021	-0.136
14.920	-27.046	-0.113
14.940	-28.647	-0.075
14.960	-29.818	-0.048
14.980	-30.586	-0.008
15.000	-30.876	0.020
15.020	-30.763	0.062
15.040	-30.215	0.089
15.060	-29.238	0.127
15.080	-27.825	0.154
15.100	-25.993	0.187
15.120	-23.802	0.212
15.140	-21.251	0.234
15.160	-18.409	0.256
15.180	-15.294	0.271
15.200	-11.975	0.285
15.220	-8.457	0.295
15.240	-4.815	0.298
15.260	-1.115	0.300
15.280	2.592	0.296
15.300	6.260	0.284
15.320	9.837	0.279
15.340	13.285	0.258
15.360	16.535	0.243
15.380	19.532	0.214
15.400	22.287	0.193
15.420	24.672	0.163
15.440	26.713	0.135
15.460	28.357	0.101
15.480	29.614	0.071
15.500	30.430	0.034
15.520	30.811	0.003
15.540	30.758	-0.035
15.560	30.263	-0.066
15.580	29.323	-0.103
15.600	27.965	-0.134
15.620	26.224	-0.161
15.640	24.097	-0.193
15.660	21.594	-0.214
15.680	18.802	-0.236
15.700	15.740	-0.250
15.720	12.431	-0.266
15.740	8.956	-0.273
15.760	5.363	-0.285
15.780	1.689	-0.277
15.800	-2.022	-0.281
15.820	-5.701	-0.266
15.840	-9.311	-0.263
15.860	-12.759	-0.238
15.880	-16.025	-0.225
15.900	-19.097	-0.198
15.920	-21.868	-0.177
15.940	-24.323	-0.151
15.960	-26.428	-0.120
15.980	-28.163	-0.088
16.000	-29.474	-0.053
16.020	-30.365	-0.019
16.040	-30.801	0.009
16.060	-30.844	0.049
16.080	-30.398	0.077
16.100	-29.565	0.118
16.120	-28.271	0.142
16.140	-26.563	0.178
16.160	-24.484	0.200
16.180	-22.046	0.226
16.200	-19.285	0.247
16.220	-16.229	0.267
16.240	-12.979	0.278
16.260	-9.531	0.289
16.280	-5.922	0.293
16.300	-2.232	0.295
16.320	1.469	0.289
16.340	5.159	0.284
16.360	8.752	0.277
16.380	12.265	0.259
16.400	15.579	0.240
16.420	18.656	0.214
16.440	21.487	0.196
16.460	23.985	0.164
16.480	26.133	0.141
16.500	27.906	0.101
16.520	29.286	0.077
16.540	30.226	0.036
16.560	30.736	0.008
16.580	30.817	-0.040
16.600	30.468	-0.064
16.620	29.656	-0.101
16.640	28.437	-0.127
16.660	26.804	-0.164
16.680	24.790	-0.192
16.700	22.411	-0.217
16.720	19.688	-0.238
16.740	16.718	-0.254
16.760	13.463	-0.272
16.780	10.036	-0.275
16.800	6.475	-0.290
16.820	2.833	-0.285
16.840	-0.867	-0.292
16.860	-4.557	-0.280
16.880	-8.215	-0.271
16.900	-11.712	-0.258
16.920	-15.042	-0.240
16.940	-18.173	-0.217
16.960	-21.036	-0.193
16.980	-23.598	-0.164
17.000	-25.816	-0.138
17.020	-27.648	-0.112
17.040	-29.109	-0.073
17.060	-30.113	-0.044
17.080	-30.693	-0.005
17.100	-30.854	0.027
17.120	-30.575	0.066
17.140	-29.861	0.092
17.160	-28.684	0.132
17.180	-27.111	0.154
17.200	-25.150	0.188
17.220	-22.824	0.205
17.240	-20.139	0.236
17.260	-17.196	0.245
17.280	-14.005	0.270
17.300	-10.589	0.273
17.320	-7.023	0.285
17.340	-3.360	0.281
17.360	0.357	0.286
17.380	4.052	0.278
17.400	7.673	0.272
17.420	11.223	0.253
17.440	14.585	0.241
17.460	17.733	0.218
17.480	20.649	0.197
17.500	23.276	0.167
17.520	25.515	0.141
17.540	27.406	0.105
17.560	28.888	0.075
17.580	29.973	0.042
17.600	30.634	0.004
17.620	30.827	-0.027
17.640	30.623	-0.062
17.660	29.947	-0.098
17.680	28.845	-0.130
17.700	27.347	-0.161
17.720	25.456	-0.189
17.740	23.174	-0.216
17.760	20.558	-0.236
17.780	17.647	-0.255
17.800	14.483	-0.272
17.820	11.099	-0.285
17.840	7.581	-0.288
17.860	3.950	-0.301
17.880	0.250	-0.291
17.900	-3.451	-0.297
17.920	-7.082	-0.275
17.940	-10.654	-0.272
17.960	-14.043	-0.243
17.980	-17.244	-0.231
18.000	-20.193	-0.202
18.020	-22.841	-0.185
18.040	-25.161	-0.148
18.060	-27.143	-0.122
18.080	-28.711	-0.084
18.100	-29.850	-0.057
18.120	-30.570	-0.016
18.140	-30.849	0.014
18.160	-30.715	0.055
18.180	-30.113	0.084
18.200	-29.093	0.120
18.220	-27.637	0.143
18.240	-25.784	0.176
18.260	-23.566	0.201
18.280	-21.004	0.225
18.300	-18.119	0.243
18.320	-14.993	0.262
18.340	-11.653	0.270
18.360	-8.129	0.284
18.380	-4.498	0.283
18.400	-0.776	0.284
18.420	2.903	0.280
18.440	6.577	0.272
18.460	10.143	0.263
18.480	13.575	0.250
18.500	16.793	0.227
18.520	19.779	0.205
18.540	22.502	0.180
18.560	24.855	0.151
18.580	26.874	0.121
18.600	28.480	0.085
18.620	29.694	0.054
18.640	30.473	0.018
18.660	30.817	-0.015
18.680	30.736	-0.048
18.700	30.204	-0.080
18.720	29.221	-0.114
18.740	27.846	-0.151
18.760	26.058	-0.171
18.780	23.904	-0.209
18.800	21.369	-0.223
18.820	18.554	-0.250
18.840	15.471	-0.259
18.860	12.136	-0.277
18.880	8.661	-0.275
18.900	5.057	-0.294
18.920	1.372	-0.284
18.940	-2.328	-0.291
18.960	-6.008	-0.272
18.980	-9.606	-0.268
19.000	-13.060	-0.248
19.020	-16.315	-0.234
19.040	-19.344	-0.206
19.060	-22.099	-0.182
19.080	-24.516	-0.150
19.100	-26.622	-0.123
19.120	-28.308	-0.092
19.140	-29.587	-0.060
19.160	-30.473	-0.024
19.180	-30.817	0.008
19.200	-30.822	0.047
19.220	-30.382	0.079
19.240	-29.501	0.113
19.260	-28.169	0.142
19.280	-26.428	0.177
19.300	-24.339	0.199
19.320	-21.868	0.226
19.340	-19.075	0.244
19.360	-16.009	0.267
19.380	-12.743	0.281
19.400	-9.252	0.290
19.420	-5.632	0.290
19.440	-1.952	0.293
19.460	1.754	0.292
19.480	5.449	0.281
19.500	9.042	0.275
19.520	12.523	0.262
19.540	15.821	0.245
19.560	18.882	0.222
19.580	21.697	0.196
19.600	24.173	0.167
19.620	26.300	0.141
19.640	28.018	0.106
19.660	29.372	0.076
19.680	30.296	0.035
19.700	30.763	0.006
19.720	30.806	-0.031
19.740	30.414	-0.059
19.760	29.571	-0.096
19.780	28.308	-0.127
19.800	26.643	-0.156
19.820	24.602	-0.190
19.840	22.164	-0.210
19.860	19.446	-0.230
19.880	16.427	-0.252
19.900	13.167	-0.261
19.920	9.740	-0.274
19.940	6.158	-0.277
19.960	2.490	-0.284
19.980	-1.206	-0.277
20.000	-4.901	-0.276
20.020	-8.532	-0.257
20.040	-12.023	-0.250
20.060	-15.332	-0.224
20.080	-18.458	-0.208
20.100	-21.294	-0.179
20.120	-23.823	-0.157
20.140	-26.004	-0.127
20.160	-27.820	-0.098
20.180	-29.254	-0.064
20.200	-30.237	-0.027
20.220	-30.736	0.005
20.240	-30.870	0.041
20.260	-30.553	0.076
20.280	-29.839	0.108
20.300	-28.609	0.142
20.320	-26.987	0.172
20.340	-24.994	0.196
20.360	-22.631	0.224
20.380	-19.951	0.248
20.400	-16.954	0.263
20.420	-13.747	0.279
20.440	-10.342	0.288
20.460	-6.727	0.300
20.480	-3.070	0.297
20.500	0.642	0.300
20.520	4.343	0.289
20.540	7.957	0.285
20.560	11.491	0.264
20.580	14.848	0.251
20.600	17.985	0.229
20.620	20.875	0.209
20.640	23.458	0.176
20.660	25.693	0.152
20.680	27.530	0.115
20.700	29.012	0.087
20.720	30.054	0.049
20.740	30.672	0.020
20.760	30.844	-0.019
20.780	30.586	-0.051
20.800	29.882	-0.088
20.820	28.749	-0.117
20.840	27.197	-0.152
20.860	25.274	-0.176
20.880	22.969	-0.209
20.900	20.316	-0.222
20.920	17.384	-0.251
20.940	14.215	-0.252
20.960	10.809	-0.281
20.980	7.281	-0.274
21.000	3.650	-0.288
21.020	-0.062	-0.272
21.040	-3.746	-0.284
21.060	-7.404	-0.263
21.080	-10.954	-0.260
21.100	-14.311	-0.230
21.120	-17.496	-0.218
21.140	-20.440	-0.192
21.160	-23.050	-0.166
21.180	-25.333	-0.133
21.200	-27.293	-0.109
21.220	-28.835	-0.070
21.240	-29.936	-0.042
21.260	-30.618	-0.006
21.280	-30.870	0.024
21.300	-30.650	0.065
21.320	-30.070	0.092
21.340	-28.996	0.126
21.360	-27.497	0.159
21.380	-25.612	0.189
21.400	-23.372	0.213
21.420	-20.767	0.236
21.440	-17.872	0.252
21.460	-14.730	0.271
21.480	-11.384	0.280
21.500	-7.834	0.288
21.520	-4.192	0.290
21.540	-0.491	0.292
21.560	3.220	0.285
21.580	6.872	0.280
21.600	10.433	0.263
21.620	13.844	0.249
21.640	17.056	0.232
21.660	20.010	0.208
21.680	22.722	0.179
21.700	25.043	0.150
21.720	27.014	0.119
21.740	28.593	0.089
21.760	29.785	0.053
21.780	30.521	0.024
21.800	30.827	-0.021
21.820	30.709	-0.045
21.840	30.140	-0.089
21.860	29.135	-0.112
21.880	27.718	-0.156
21.900	25.907	-0.168
21.920	23.711	-0.212
21.940	21.154	-0.222
21.960	18.323	-0.257
21.980	15.208	-0.261
22.000	11.873	-0.284
22.020	8.371	-0.283
22.040	4.767	-0.294
22.060	1.077	-0.291
22.080	-2.618	-0.292
22.100	-6.281	-0.280
22.120	-9.875	-0.263
22.140	-13.302	-0.253
22.160	-16.540	-0.231
22.180	-19.543	-0.211
22.200	-22.277	-0.183
22.220	-24.677	-0.157
22.240	-26.729	-0.127
22.260	-28.410	-0.093
22.280	-29.640	-0.060
22.300	-30.451	-0.025
22.320	-30.806	0.003
22.340	-30.774	0.045
22.360	-30.296	0.071
22.380	-29.366	0.111
22.400	-28.002	0.139
22.420	-26.214	0.172
22.440	-24.103	0.191
22.460	-21.605	0.224
22.480	-18.775	0.238
22.500	-15.702	0.263
22.520	-12.431	0.265
22.540	-8.935	0.282
22.560	-5.309	0.280
22.580	-1.619	0.288
22.600	2.092	0.279
22.620	5.782	0.274
22.640	9.343	0.263
22.660	12.829	0.249
22.680	16.094	0.226
22.700	19.135	0.209
22.720	21.938	0.182
22.740	24.361	0.155
22.760	26.461	0.126
22.780	28.163	0.094
22.800	29.463	0.058
22.820	30.344	0.026
22.840	30.784	-0.010
22.860	30.779	-0.039
22.880	30.371	-0.079
22.900	29.490	-0.112
22.920	28.190	-0.145
22.940	26.482	-0.170
22.960	24.425	-0.197
22.980	21.965	-0.230
23.000	19.220	-0.243
23.020	16.186	-0.267
23.040	12.904	-0.273
23.060	9.461	-0.293
23.080	5.873	-0.284
23.100	2.216	-0.300
23.120	-1.485	-0.285
23.140	-5.175	-0.291
23.160	-8.790	-0.264
23.180	-12.270	-0.261
23.200	-15.573	-0.234
23.220	-18.656	-0.219
23.240	-21.487	-0.189
23.260	-23.985	-0.165
23.280	-26.149	-0.135
23.300	-27.938	-0.102
23.320	-29.313	-0.073
23.340	-30.253	-0.031
23.360	-30.741	-0.007
23.380	-30.833	0.035
23.400	-30.489	0.068
23.420	-29.699	0.103
23.440	-28.491	0.132
23.460	-26.815	0.164
23.480	-24.806	0.188
23.500	-22.422	0.213
23.520	-19.698	0.236
23.540	-16.696	0.255
23.560	-13.468	0.271
23.580	-10.041	0.283
23.600	-6.443	0.288
23.620	-2.769	0.289
23.640	0.943	0.290
23.660	4.649	0.280
23.680	8.258	0.272
23.700	11.760	0.259
23.720	15.112	0.244
23.740	18.221	0.219
23.760	21.095	0.199
23.780	23.646	0.164
23.800	25.848	0.143
23.820	27.680	0.102
23.840	29.114	0.085
23.860	30.118	0.035
23.880	30.698	0.013
23.900	30.844	-0.035
23.920	30.553	-0.053
23.940	29.796	-0.100
23.960	28.631	-0.122
23.980	27.035	-0.164
24.000	25.102	-0.177
24.020	22.733	-0.217
24.040	20.080	-0.228
24.060	17.131	-0.259
24.080	13.919	-0.263
24.100	10.519	-0.281
24.120	6.969	-0.284
24.140	3.322	-0.287
24.160	-0.368	-0.284
24.180	-4.069	-0.276
24.200	-7.721	-0.270
24.220	-11.266	-0.251
24.240	-14.628	-0.235
24.260	-17.781	-0.216
24.280	-20.719	-0.193
24.300	-23.292	-0.164
24.320	-25.553	-0.135
24.340	-27.470	-0.108
24.360	-28.985	-0.071
24.380	-30.054	-0.044
24.400	-30.688	-0.001
24.420	-30.876	0.027
24.440	-30.672	0.068
24.460	-30.032	0.094
24.480	-28.937	0.135
24.500	-27.401	0.158
24.520	-25.489	0.193
24.540	-23.206	0.211
24.560	-20.574	0.242
24.580	-17.663	0.255
24.600	-14.483	0.281
24.620	-11.110	0.281
24.640	-7.554	0.299
24.660	-3.902	0.294
24.680	-0.207	0.300
24.700	3.499	0.288
24.720	7.157	0.288
24.740	10.702	0.266
24.760	14.113	0.260
24.780	17.298	0.233
24.800	20.246	0.214
24.820	22.916	0.181
24.840	25.215	0.159
24.860	27.154	0.124
24.880	28.717	0.098
24.900	29.861	0.059
24.920	30.575	0.029
24.940	30.838	-0.012
24.960	30.682	-0.039
24.980	30.075	-0.081
25.000	29.039	-0.107
25.020	27.562	-0.146
25.040	25.736	-0.165
25.060	23.512	-0.200
25.080	20.934	-0.215
25.100	18.060	-0.243
25.120	14.924	-0.253
25.140	11.556	-0.272
25.160	8.070	-0.276
25.180	4.450	-0.284
25.200	0.765	-0.280
25.220	-2.935	-0.276
25.240	-6.609	-0.264
25.260	-10.192	-0.251
25.280	-13.586	-0.235
25.300	-16.830	-0.216
25.320	-19.822	-0.194
25.340	-22.518	-0.170
25.360	-24.887	-0.139
25.380	-26.906	-0.114
25.400	-28.529	-0.077
25.420	-29.742	-0.050
25.440	-30.532	-0.010
25.460	-30.860	0.018
25.480	-30.774	0.061
25.500	-30.253	0.089
25.520	-29.291	0.126
25.540	-27.889	0.150
25.560	-26.069	0.189
25.580	-23.909	0.206
25.600	-21.401	0.239
25.620	-18.544	0.251
25.640	-15.450	0.273
25.660	-12.163	0.281
25.680	-8.629	0.292
25.700	-5.014	0.295
25.720	-1.329	0.298
25.740	2.393	0.292
25.760	6.072	0.284
25.780	9.638	0.271
25.800	13.103	0.259
25.820	16.368	0.238
25.840	19.371	0.218
25.860	22.148	0.192
25.880	24.554	0.160
25.900	26.611	0.135
25.920	28.276	0.099
25.940	29.565	0.069
25.960	30.398	0.035
25.980	30.811	-0.004
26.000	30.768	-0.036
26.020	30.306	-0.070
26.040	29.388	-0.105
26.060	28.072	-0.139
26.080	26.337	-0.165
26.100	24.237	-0.194
26.120	21.756	-0.217
26.140	18.957	-0.239
26.160	15.917	-0.254
26.180	12.625	-0.269
26.200	9.171	-0.280
26.220	5.583	-0.284
26.240	1.899	-0.287
26.260	-1.802	-0.283
26.280	-5.470	-0.273
26.300	-9.101	-0.262
26.320	-12.555	-0.251
26.340	-15.847	-0.225
26.360	-18.914	-0.207
26.380	-21.702	-0.185
26.400	-24.178	-0.154
26.420	-26.310	-0.127
26.440	-28.067	-0.093
26.460	-29.377	-0.065
26.480	-30.317	-0.026
26.500	-30.768	0.005
26.520	-30.838	0.043
26.540	-30.419	0.075
26.560	-29.603	0.108
26.580	-28.335	0.138
26.600	-26.654	0.169
26.620	-24.608	0.194
26.640	-22.191	0.222
26.660	-19.441	0.239
26.680	-16.422	0.259
26.700	-13.183	0.272
26.720	-9.719	0.280
26.740	-6.120	0.289
26.760	-2.441	0.288
26.780	1.276	0.288
26.800	4.955	0.279
26.820	8.564	0.270
26.840	12.066	0.254
26.860	15.385	0.235
26.880	18.485	0.214
26.900	21.337	0.192
26.920	23.856	0.162
26.940	26.015	0.136
26.960	27.820	0.100
26.980	29.211	0.070
27.000	30.194	0.031
27.020	30.725	0.003
27.040	30.833	-0.035
27.060	30.500	-0.067
27.080	29.721	-0.106
27.100	28.512	-0.135
27.120	26.885	-0.168
27.140	24.919	-0.189
27.160	22.545	-0.226
27.180	19.854	-0.234
27.200	16.884	-0.270
27.220	13.656	-0.264
27.240	10.245	-0.296
27.260	6.690	-0.286
27.280	3.032	-0.303
27.300	-0.653	-0.291
27.320	-4.343	-0.293
27.340	-7.990	-0.289
27.360	-11.508	-0.269
27.380	-14.854	-0.264
27.400	-17.980	-0.225
27.420	-20.885	-0.218
27.440	-23.448	-0.180
27.460	-25.682	-0.160
27.480	-27.578	-0.122
27.500	-29.033	-0.093
27.520	-30.075	-0.058
27.540	-30.677	-0.024
27.560	-30.844	0.009
27.580	-30.596	0.047
27.600	-29.898	0.078
27.620	-28.770	0.114
27.640	-27.218	0.147
27.660	-25.263	0.185
27.680	-22.959	0.219
27.700	-20.305	0.234
27.720	-17.357	0.263
27.740	-14.182	0.267
27.760	-10.782	0.289
27.780	-7.238	0.288
27.800	-3.564	0.300
27.820	0.126	0.288
27.840	3.822	0.296
27.860	7.469	0.272
27.880	11.003	0.278
27.900	14.403	0.242
27.920	17.561	0.239
27.940	20.488	0.201
27.960	23.125	0.189
27.980	25.386	0.148
28.000	27.309	0.124
28.020	28.819	0.086
28.040	29.930	0.055
28.060	30.618	0.023
28.080	30.827	-0.022
28.100	30.645	-0.041
28.120	30.011	-0.094
28.140	28.915	-0.102
28.160	27.422	-0.164
28.180	25.569	-0.159
28.200	23.302	-0.221
28.220	20.708	-0.218
28.240	17.824	-0.283
28.260	14.666	-0.268
28.280	11.298	-0.304
28.300	7.775	-0.292
28.320	4.155	-0.308
28.340	0.475	-0.305
28.360	-3.241	-0.294
28.380	-6.899	-0.299
28.400	-10.460	-0.266
28.420	-13.865	-0.273
28.440	-17.083	-0.228
28.460	-20.037	-0.232
28.480	-22.712	-0.178
28.500	-25.064	-0.176
28.520	-27.062	-0.122
28.540	-28.652	-0.110
28.560	-29.818	-0.063
28.580	-30.586	-0.035
28.600	-30.844	-0.000
28.620	-30.752	0.042
28.640	-30.183	0.061
28.660	-29.211	0.112
28.680	-27.755	0.125
28.700	-25.934	0.178
28.720	-23.743	0.180
28.740	-21.192	0.251
28.760	-18.329	0.244
28.780	-15.192	0.286
28.800	-11.862	0.280
28.820	-8.355	0.305
28.840	-4.719	0.292
28.860	-1.007	0.308
28.880	2.688	0.289
28.900	6.346	0.300
28.920	9.928	0.274
28.940	13.371	0.270
28.960	16.615	0.238
28.980	19.607	0.224
29.000	22.352	0.191
29.020	24.720	0.171
29.040	26.761	0.139
29.060	28.400	0.106
29.080	29.651	0.077
29.100	30.446	0.032
29.120	30.817	0.010
29.140	30.747	-0.036
29.160	30.253	-0.052
29.180	29.297	-0.106
29.200	27.916	-0.122
29.220	26.176	-0.169
29.240	24.033	-0.191
29.260	21.525	-0.221
29.280	18.732	-0.236
29.300	15.654	-0.255
29.320	12.329	-0.270
29.340	8.860	-0.276
29.360	5.250	-0.285
29.380	1.582	-0.280
29.400	-2.130	-0.287
29.420	-5.793	-0.263
29.440	-9.424	-0.267
29.460	-12.866	-0.232
29.480	-16.137	-0.237
29.500	-19.199	-0.194
29.520	-21.933	-0.191
29.540	-24.404	-0.139
29.560	-26.493	-0.131
29.580	-28.217	-0.085
29.600	-29.538	-0.060
29.620	-30.414	-0.021
29.640	-30.801	0.010
29.660	-30.822	0.043
29.680	-30.441	0.080
29.700	-29.560	0.110
29.720	-28.255	0.143
29.740	-26.531	0.171
29.760	-24.457	0.205
29.780	-22.013	0.227
29.800	-19.226	0.254
29.820	-16.175	0.263
29.840	-12.931	0.295
29.860	-9.445	0.300
29.880	-5.830	0.310
29.900	-2.156	0.308
29.920	1.566	0.309
29.940	5.245	0.299
29.960	8.849	0.289
29.980	12.335	0.276
30.000	15.654	0.256
30.020	18.721	0.238
30.040	21.552	0.209
30.060	24.044	0.188
30.080	26.187	0.152
30.100	27.943	0.124
30.120	29.307	0.085
30.140	30.247	0.061
30.160	30.747	0.016
30.180	30.817	-0.007
30.200	30.457	-0.049
30.220	29.619	-0.080
30.240	28.400	-0.110
30.260	26.745	-0.147
30.280	24.742	-0.181
30.300	22.341	-0.218
30.320	19.618	-0.223
30.340	16.632	-0.266
30.360	13.355	-0.255
30.380	9.950	-0.288
30.400	6.378	-0.271
30.420	2.726	-0.298
30.440	-0.986	-0.273
30.460	-4.670	-0.290
30.480	-8.306	-0.255
30.500	-11.798	-0.263
30.520	-15.128	-0.225
30.540	-18.264	-0.219
30.560	-21.122	-0.191
30.580	-23.662	-0.165
30.600	-25.870	-0.139
30.620	-27.712	-0.099
30.640	-29.168	-0.079
30.660	-30.161	-0.031
30.680	-30.709	-0.013
30.700	-30.860	0.036
30.720	-30.564	0.060
30.740	-29.834	0.099
30.760	-28.679	0.123
30.780	-27.078	0.162
30.800	-25.080	0.189
30.820	-22.765	0.226
30.840	-20.074	0.251
30.860	-17.120	0.265
30.880	-13.935	0.285
30.900	-10.503	0.288
30.920	-6.942	0.307
30.940	-3.268	0.297
30.960	0.432	0.307
30.980	4.128	0.292
31.000	7.764	0.291
31.020	11.298	0.268
31.040	14.655	0.260
31.060	17.819	0.230
31.080	20.719	0.219
31.100	23.335	0.179
31.120	25.558	0.163
31.140	27.460	0.117
31.160	28.942	0.101
31.180	30.011	0.048
31.200	30.645	0.031
31.220	30.849	-0.019
31.240	30.613	-0.042
31.260	29.936	-0.083
31.280	28.819	-0.111
31.300	27.282	-0.144
31.320	25.403	-0.171
31.340	23.109	-0.199
31.360	20.477	-0.221
31.380	17.566	-0.250
31.400	14.386	-0.283
31.420	11.030	-0.285
31.440	7.490	-0.301
31.460	3.859	-0.295
31.480	0.175	-0.307
31.500	-3.531	-0.293
31.520	-7.195	-0.292
31.540	-10.750	-0.274
31.560	-14.123	-0.259
31.580	-17.314	-0.238
31.600	-20.284	-0.211
31.620	-22.900	-0.192
31.640	-25.215	-0.159
31.660	-27.191	-0.134
31.680	-28.743	-0.095
31.700	-29.887	-0.068
31.720	-30.575	-0.027
31.740	-30.844	0.001
31.760	-30.698	0.042
31.780	-30.108	0.067
31.800	-29.076	0.106
31.820	-27.589	0.132
31.840	-25.730	0.168
31.860	-23.512	0.209
31.880	-20.945	0.230
31.900	-18.039	0.252
31.920	-14.913	0.269
31.940	-11.556	0.280
31.960	-8.043	0.288
31.980	-4.396	0.292
32.000	-0.690	0.288
32.020	3.016	0.289
32.040	6.663	0.278
32.060	10.229	0.268
32.080	13.656	0.251
32.100	16.873	0.234
32.120	19.854	0.209
32.140	22.577	0.185
32.160	24.919	0.156
32.180	26.923	0.123
32.200	28.518	0.097
32.220	29.732	0.056
32.240	30.489	0.031
32.260	30.822	-0.010
32.280	30.720	-0.037
32.300	30.194	-0.078
32.320	29.200	-0.105
32.340	27.787	-0.145
32.360	26.015	-0.162
32.380	23.840	-0.201
32.400	21.299	-0.217
32.420	18.479	-0.247
32.440	15.407	-0.278
32.460	12.066	-0.288
32.480	8.580	-0.302
32.500	4.976	-0.297
32.520	1.302	-0.309
32.540	-2.409	-0.298
32.560	-6.077	-0.298
32.580	-9.671	-0.278
32.600	-13.124	-0.270
32.620	-16.358	-0.244
32.640	-19.398	-0.224
32.660	-22.126	-0.197
32.680	-24.554	-0.172
32.700	-26.627	-0.141
32.720	-28.314	-0.110
32.740	-29.592	-0.075
32.760	-30.425	-0.040
32.780	-30.806	-0.013
32.800	-30.795	0.032
32.820	-30.317	0.057
32.840	-29.431	0.101
32.860	-28.083	0.121
32.880	-26.337	0.164
32.900	-24.216	0.180
32.920	-21.750	0.216
32.940	-18.952	0.231
32.960	-15.890	0.273
32.980	-12.619	0.280
33.000	-9.134	0.293
33.020	-5.519	0.292
33.040	-1.829	0.303
33.060	1.877	0.292
33.080	5.562	0.294
33.100	9.144	0.275
33.120	12.630	0.267
33.140	15.917	0.244
33.160	18.973	0.224
33.180	21.766	0.201
33.200	24.242	0.175
33.220	26.332	0.145
33.240	28.072	0.109
33.260	29.404	0.085
33.280	30.306	0.045
33.300	30.768	0.016
33.320	30.806	-0.026
33.340	30.403	-0.052
33.360	29.538	-0.095
33.380	28.271	-0.119
33.400	26.606	-0.164
33.420	24.549	-0.182
33.440	22.110	-0.219
33.460	19.376	-0.231
33.480	16.358	-0.255
33.500	13.087	-0.266
33.520	9.649	-0.276
33.540	6.072	-0.284
33.560	2.420	-0.282
33.580	-1.292	-0.284
33.600	-4.976	-0.270
33.620	-8.607	-0.266
33.640	-12.109	-0.243
33.660	-15.423	-0.234
33.680	-18.522	-0.203
33.700	-21.364	-0.189
33.720	-23.872	-0.157
33.740	-26.063	-0.129
33.760	-27.884	-0.097
33.780	-29.270	-0.064
33.800	-30.258	-0.032
33.820	-30.758	0.004
33.840	-30.876	0.035
33.860	-30.559	0.070
33.880	-29.796	0.100
33.900	-28.593	0.140
33.920	-26.955	0.167
33.940	-24.935	0.199
33.960	-22.594	0.219
33.980	-19.870	0.250
34.000	-16.873	0.258
34.020	-13.677	0.283
34.040	-10.251	0.285
34.060	-6.663	0.294
34.080	-2.984	0.294
34.100	0.728	0.295
34.120	4.418	0.288
34.140	8.043	0.281
34.160	11.567	0.267
34.180	14.924	0.256
34.200	18.060	0.229
34.220	20.939	0.209
34.240	23.523	0.177
34.260	25.730	0.157
34.280	27.589	0.118
34.300	29.039	0.095
34.320	30.070	0.052
34.340	30.682	0.023
34.360	30.838	-0.013
34.380	30.564	-0.039
34.400	29.850	-0.081
34.420	28.717	-0.110
34.440	27.148	-0.147
34.460	25.225	-0.166
34.480	22.905	-0.201
34.500	20.241	-0.217
34.520	17.303	-0.239
34.540	14.113	-0.251
34.560	10.713	-0.266
34.580	7.178	-0.273
34.600	3.531	-0.273
34.620	-0.164	-0.275
34.640	-3.859	-0.267
34.660	-7.517	-0.255
34.680	-11.046	-0.249
34.700	-14.435	-0.222
34.720	-17.593	-0.209
34.740	-20.526	-0.182
34.760	-23.136	-0.161
34.780	-25.424	-0.127
34.800	-27.358	-0.102
34.820	-28.910	-0.065
34.840	-29.990	-0.035
34.860	-30.656	0.001
34.880	-30.876	0.031
34.900	-30.688	0.072
34.920	-30.065	0.102
34.940	-28.985	0.135
34.960	-27.481	0.165
34.980	-25.580	0.194
35.000	-23.335	0.218
35.020	-20.724	0.246
35.040	-17.824	0.263
35.060	-14.671	0.279
35.080	-11.287	0.286
35.100	-7.764	0.301
35.120	-4.106	0.303
35.140	-0.395	0.304
35.160	3.295	0.296
35.180	6.953	0.288
35.200	10.519	0.273
35.220	13.935	0.263
35.240	17.131	0.236
35.260	20.091	0.218
35.280	22.787	0.190
35.300	25.091	0.165
35.320	27.073	0.131
35.340	28.636	0.102
35.360	29.807	0.065
35.380	30.543	0.035
35.400	30.833	-0.000
35.420	30.698	-0.038
35.440	30.118	-0.070
35.460	29.098	-0.106
35.480	27.658	-0.132
35.500	25.854	-0.165
35.520	23.657	-0.185
35.540	21.079	-0.218
35.560	18.238	-0.226
35.580	15.122	-0.255
35.600	11.792	-0.255
35.620	8.280	-0.278
35.640	4.670	-0.273
35.660	0.996	-0.278
35.680	-2.710	-0.275
35.700	-6.378	-0.263
35.720	-9.971	-0.254
35.740	-13.409	-0.231
35.760	-16.637	-0.221
35.780	-19.650	-0.193
35.800	-22.357	-0.173
35.820	-24.747	-0.137
35.840	-26.788	-0.118
35.860	-28.443	-0.077
35.880	-29.667	-0.051
35.900	-30.484	-0.010
35.920	-30.822	0.014
35.940	-30.784	0.060
35.960	-30.274	0.085
35.980	-29.340	0.123
36.000	-27.965	0.152
36.020	-26.165	0.180
36.040	-24.022	0.208
36.060	-21.535	0.232
36.080	-18.705	0.251
36.100	-15.627	0.264
36.120	-12.324	0.280
36.140	-8.844	0.288
36.160	-5.213	0.296
36.180	-1.533	0.292
36.200	2.189	0.291
36.220	5.868	0.278
36.240	9.445	0.272
36.260	12.915	0.253
36.280	16.186	0.240
36.300	19.199	0.213
36.320	22.008	0.196
36.340	24.425	0.160
36.360	26.504	0.136
36.380	28.190	0.100
36.400	29.501	0.071
36.420	30.360	0.031
36.440	30.790	0.003
36.460	30.779	-0.035
36.480	30.349	-0.067
36.500	29.452	-0.105
36.520	28.147	-0.132
36.540	26.450	-0.164
36.560	24.371	-0.189
36.580	21.901	-0.215
36.600	19.140	-0.236
36.620	16.105	-0.255
36.640	12.823	-0.268
36.660	9.386	-0.280
36.680	5.793	-0.289
36.700	2.124	-0.284
36.720	-1.587	-0.286
36.740	-5.272	-0.272
36.760	-8.881	-0.266
36.780	-12.362	-0.249
36.800	-15.649	-0.234
36.820	-18.753	-0.210
36.840	-21.541	-0.190
36.860	-24.038	-0.160
36.880	-26.187	-0.131
36.900	-27.954	-0.103
36.920	-29.329	-0.067
36.940	-30.269	-0.033
36.960	-30.758	0.001
36.980	-30.833	0.035
37.000	-30.451	0.070
37.020	-29.662	0.103
37.040	-28.421	0.133
37.060	-26.767	0.161
37.080	-24.720	0.192
37.100	-22.325	0.217
37.120	-19.591	0.239
37.140	-16.594	0.253
37.160	-13.377	0.269
37.180	-9.923	0.280
37.200	-6.330	0.288
37.220	-2.651	0.288
37.240	1.061	0.288
37.260	4.745	0.280
37.280	8.360	0.271
37.300	11.867	0.254
37.320	15.219	0.242
37.340	18.313	0.214
37.360	21.170	0.196
37.380	23.716	0.164
37.400	25.902	0.141
37.420	27.712	0.103
37.440	29.141	0.077
37.460	30.135	0.035
37.480	30.704	0.010
37.500	30.833	-0.032
37.520	30.527	-0.060
37.540	29.764	-0.101
37.560	28.593	-0.125
37.580	27.009	-0.160
37.600	25.048	-0.184
37.620	22.674	-0.214
37.640	20.010	-0.233
37.660	17.067	-0.259
37.680	13.849	-0.271
37.700	10.449	-0.277
37.720	6.905	-0.286
37.740	3.241	-0.286
37.760	-0.448	-0.288
37.780	-4.149	-0.280
37.800	-7.780	-0.271
37.820	-11.330	-0.255
37.840	-14.666	-0.238
37.860	-17.829	-0.220
37.880	-20.724	-0.196
37.900	-23.319	-0.168
37.920	-25.580	-0.138
37.940	-27.460	-0.113
37.960	-28.974	-0.076
37.980	-30.032	-0.043
38.000	-30.656	-0.006
38.020	-30.854	0.024
38.040	-30.618	0.064
38.060	-29.984	0.089
38.080	-28.856	0.129
38.100	-27.320	0.155
38.120	-25.397	0.188
38.140	-23.109	0.209
38.160	-20.472	0.240
38.180	-17.545	0.251
38.200	-14.392	0.277
38.220	-10.992	0.281
38.240	-7.447	0.291
38.260	-3.795	0.288
38.280	-0.083	0.292
38.300	3.607	0.286
38.320	7.254	0.279
38.340	10.804	0.265
38.360	14.198	0.254
38.380	17.384	0.230
38.400	20.332	0.208
38.420	22.980	0.179
38.440	25.268	0.154
38.460	27.213	0.120
38.480	28.749	0.094
38.500	29.882	0.056
38.520	30.586	0.020
38.540	30.844	-0.012
38.560	30.672	-0.045
38.580	30.032	-0.078
38.600	28.996	-0.111
38.620	27.540	-0.147
38.640	25.677	-0.169
38.660	23.437	-0.196
38.680	20.853	-0.222
38.700	17.980	-0.241
38.720	14.838	-0.257
38.740	11.486	-0.273
38.760	7.979	-0.278
38.780	4.359	-0.286
38.800	0.663	-0.278
38.820	-3.043	-0.278
38.840	-6.706	-0.263
38.860	-10.294	-0.258
38.880	-13.688	-0.234
38.900	-16.916	-0.222
38.920	-19.903	-0.196
38.940	-22.594	-0.170
38.960	-24.957	-0.139
38.980	-26.982	-0.116
39.000	-28.598	-0.079
39.020	-29.785	-0.051
39.040	-30.570	-0.009
39.060	-30.849	0.020
39.080	-30.768	0.058
39.100	-30.258	0.089
39.120	-29.275	0.126
39.140	-27.868	0.154
39.160	-26.042	0.184
39.180	-23.872	0.210
39.200	-21.353	0.238
39.220	-18.501	0.253
39.240	-15.385	0.278
39.260	-12.077	0.284
39.280	-8.564	0.293
39.300	-4.933	0.296
39.320	-1.233	0.299
39.340	2.463	0.297
39.360	6.153	0.289
39.380	9.719	0.278
39.400	13.189	0.263
39.420	16.433	0.244
39.440	19.446	0.221
39.460	22.218	0.195
39.480	24.597	0.168
39.500	26.659	0.139
39.520	28.314	0.108
39.540	29.592	0.074
39.560	30.414	0.037
39.580	30.811	0.007
39.600	30.763	-0.032
39.620	30.290	-0.059
39.640	29.361	-0.093
39.660	28.024	-0.127
39.680	26.283	-0.151
39.700	24.173	-0.185
39.720	21.691	-0.211
39.740	18.887	-0.227
39.760	15.842	-0.249
39.780	12.528	-0.259
39.800	9.069	-0.268
39.820	5.470	-0.277
39.840	1.797	-0.275
39.860	-1.893	-0.274
39.880	-5.589	-0.263
39.900	-9.187	-0.251
39.920	-12.678	-0.239
39.940	-15.944	-0.216
39.960	-19.000	-0.197
39.980	-21.793	-0.171
40.000	-24.248	-0.143
40.020	-26.380	-0.115
40.040	-28.115	-0.085
40.060	-29.436	-0.054
40.080	-30.371	-0.016
40.100	-30.784	0.014
40.120	-30.844	0.052
40.140	-30.451	0.082
40.160	-29.614	0.114
40.180	-28.324	0.150
40.200	-26.622	0.177
40.220	-24.554	0.204
40.240	-22.132	0.232
40.260	-19.376	0.250
40.280	-16.342	0.269
40.300	-13.097	0.279
40.320	-9.622	0.292
40.340	-6.051	0.300
40.360	-2.355	0.300
40.380	1.351	0.299
40.400	5.046	0.290
40.420	8.650	0.279
40.440	12.157	0.265
40.460	15.471	0.248
40.480	18.549	0.225
40.500	21.406	0.202
40.520	23.920	0.174
40.540	26.069	0.149
40.560	27.846	0.114
40.580	29.248	0.084
40.600	30.199	0.044
40.620	30.736	0.017
40.640	30.833	-0.028
40.660	30.478	-0.051
40.680	29.683	-0.093
40.700	28.475	-0.122
40.720	26.847	-0.153
40.740	24.860	-0.176
40.760	22.481	-0.208
40.780	19.774	-0.224
40.800	16.809	-0.248
40.820	13.559	-0.255
40.840	10.165	-0.271
40.860	6.604	-0.276
40.880	2.946	-0.282
40.900	-0.760	-0.279
40.920	-4.450	-0.276
40.940	-8.102	-0.262
40.960	-11.604	-0.249
40.980	-14.940	-0.231
41.000	-18.087	-0.210
41.020	-20.955	-0.185
41.040	-23.501	-0.163
41.060	-25.746	-0.128
41.080	-27.605	-0.102
41.100	-29.076	-0.073
41.120	-30.108	-0.038
41.140	-30.677	-0.000
41.160	-30.870	0.030
41.180	-30.580	0.071
41.200	-29.877	0.098
41.220	-28.754	0.139
41.240	-27.164	0.160
41.260	-25.198	0.193
41.280	-22.894	0.210
41.300	-20.236	0.242
41.320	-17.281	0.255
41.340	-14.096	0.271
41.360	-10.702	0.279
41.380	-7.135	0.290
41.400	-3.478	0.290
41.420	0.234	0.292
41.440	3.924	0.282
41.460	7.560	0.276
41.480	11.099	0.259
41.500	14.478	0.249
41.520	17.652	0.222
41.540	20.552	0.203
41.560	23.190	0.172
41.580	25.451	0.149
41.600	27.347	0.112
41.620	28.856	0.085
41.640	29.957	0.045
41.660	30.623	0.018
41.680	30.838	-0.026
41.700	30.634	-0.050
41.720	29.957	-0.092
41.740	28.888	-0.121
41.760	27.406	-0.155
41.780	25.515	-0.177
41.800	23.233	-0.210
41.820	20.628	-0.226
41.840	17.743	-0.255
41.860	14.601	-0.263
41.880	11.218	-0.281
41.900	7.694	-0.278
41.920	4.063	-0.291
41.940	0.379	-0.284
41.960	-3.327	-0.288
41.980	-6.974	-0.273
42.000	-10.541	-0.262
42.020	-13.925	-0.242
42.040	-17.142	-0.228
42.060	-20.096	-0.201
42.080	-22.755	-0.180
42.100	-25.080	-0.144
42.120	-27.068	-0.124
42.140	-28.657	-0.083
42.160	-29.812	-0.056
42.180	-30.570	-0.015
42.200	-30.838	0.010
42.220	-30.698	0.056
42.240	-30.145	0.084
42.260	-29.130	0.122
42.280	-27.691	0.145
42.300	-25.838	0.180
42.320	-23.641	0.198
42.340	-21.090	0.232
42.360	-18.200	0.243
42.380	-15.090	0.268
42.400	-11.781	0.274
42.420	-8.231	0.284
42.440	-4.595	0.287
42.460	-0.900	0.288
42.480	2.801	0.283
42.500	6.469	0.278
42.520	10.020	0.263
42.540	13.468	0.253
42.560	16.701	0.229
42.580	19.677	0.208
42.600	22.427	0.182
42.620	24.790	0.155
42.640	26.810	0.121
42.660	28.437	0.093
42.680	29.673	0.062
42.700	30.468	0.025
42.720	30.811	-0.010
42.740	30.741	-0.041
42.760	30.220	-0.078
42.780	29.270	-0.111
42.800	27.895	-0.142
42.820	26.122	-0.169
42.840	23.979	-0.197
42.860	21.471	-0.222
42.880	18.662	-0.243
42.900	15.584	-0.260
42.920	12.260	-0.270
42.940	8.790	-0.280
42.960	5.175	-0.287
42.980	1.512	-0.285
43.000	-2.194	-0.285
43.020	-5.873	-0.274
43.040	-9.493	-0.263
43.060	-12.936	-0.251
43.080	-16.191	-0.226
43.100	-19.242	-0.208
43.120	-22.003	-0.178
43.140	-24.447	-0.151
43.160	-26.531	-0.126
43.180	-28.244	-0.089
43.200	-29.544	-0.063
43.220	-30.403	-0.023
43.240	-30.806	0.006
43.260	-30.817	0.048
43.280	-30.398	0.073
43.300	-29.506	0.114
43.320	-28.201	0.141
43.340	-26.477	0.175
43.360	-24.377	0.201
43.380	-21.933	0.230
43.400	-19.145	0.246
43.420	-16.094	0.268
43.440	-12.823	0.278
43.460	-9.354	0.288
43.480	-5.750	0.292
43.500	-2.065	0.292
43.520	1.652	0.294
43.540	5.347	0.283
43.560	8.924	0.276
43.580	12.431	0.261
43.600	15.729	0.244
43.620	18.785	0.219
43.640	21.616	0.197
43.660	24.103	0.165
43.680	26.230	0.142
43.700	27.986	0.105
43.720	29.340	0.081
43.740	30.269	0.035
43.760	30.763	0.007
43.780	30.811	-0.030
43.800	30.435	-0.058
43.820	29.597	-0.094
43.840	28.362	-0.127
43.860	26.686	-0.155
43.880	24.683	-0.180
43.900	22.271	-0.207
43.920	19.537	-0.229
43.940	16.546	-0.249
43.960	13.280	-0.262
43.980	9.848	-0.271
44.000	6.287	-0.280
44.020	2.613	-0.280
44.040	-1.082	-0.278
44.060	-4.788	-0.272
44.080	-8.414	-0.255
44.100	-11.921	-0.246
44.120	-15.246	-0.224
44.140	-18.350	-0.205
44.160	-21.213	-0.181
44.180	-23.732	-0.153
44.200	-25.950	-0.125
44.220	-27.787	-0.096
44.240	-29.205	-0.061
44.260	-30.215	-0.028
44.280	-30.741	0.007
44.300	-30.854	0.042
44.320	-30.591	0.077
44.340	-29.850	0.110
44.360	-28.668	0.144
44.380	-27.057	0.171
44.400	-25.075	0.202
44.420	-22.733	0.224
44.440	-20.031	0.251
44.460	-17.056	0.264
44.480	-13.871	0.282
44.500	-10.428	0.292
44.520	-6.867	0.301
44.540	-3.193	0.300
44.560	0.518	0.302
44.580	4.219	0.295
44.600	7.844	0.286
44.620	11.379	0.267
44.640	14.741	0.255
44.660	17.883	0.230
44.680	20.783	0.213
44.700	23.394	0.183
44.720	25.617	0.160
44.740	27.492	0.121
44.760	28.974	0.096
44.780	30.022	0.056
44.800	30.661	0.029
44.820	30.844	-0.012
44.840	30.596	-0.043
44.860	29.893	-0.082
44.880	28.781	-0.111
44.900	27.229	-0.142
44.920	25.338	-0.167
44.940	23.039	-0.203
44.960	20.402	-0.218
44.980	17.480	-0.245
45.000	14.306	-0.253
45.020	10.911	-0.267
45.040	7.383	-0.275
45.060	3.757	-0.279
45.080	0.067	-0.277
45.100	-3.639	-0.273
45.120	-7.286	-0.254
45.140	-10.863	-0.250
45.160	-14.225	-0.227
45.180	-17.416	-0.211
45.200	-20.354	-0.185
45.220	-22.969	-0.164
45.240	-25.295	-0.131
45.260	-27.234	-0.109
45.280	-28.802	-0.068
45.300	-29.914	-0.042
45.320	-30.596	-0.004
45.340	-30.870	0.027
45.360	-30.693	0.069
45.380	-30.086	0.093
45.400	-29.039	0.134
45.420	-27.556	0.160
45.440	-25.671	0.193
45.460	-23.448	0.212
45.480	-20.875	0.242
45.500	-17.980	0.255
45.520	-14.822	0.275
45.540	-11.475	0.283
45.560	-7.941	0.298
45.580	-4.305	0.294
45.600	-0.615	0.298
45.620	3.113	0.291
45.640	6.765	0.285
45.660	10.310	0.270
45.680	13.747	0.259
45.700	16.954	0.234
45.720	19.935	0.214
45.740	22.636	0.187
45.760	24.968	0.160
45.780	26.955	0.130
45.800	28.555	0.096
45.820	29.748	0.061
45.840	30.510	0.032
45.860	30.844	-0.008
45.880	30.715	-0.039
45.900	30.151	-0.074
45.920	29.173	-0.110
45.940	27.777	-0.139
45.960	25.972	-0.165
45.980	23.786	-0.195
46.000	21.240	-0.217
46.020	18.404	-0.242
46.040	15.310	-0.256
46.060	11.975	-0.272
46.080	8.489	-0.274
46.100	4.885	-0.284
46.120	1.200	-0.283
46.140	-2.500	-0.284
46.160	-6.174	-0.272
46.180	-9.757	-0.263
46.200	-13.194	-0.244
46.220	-16.444	-0.229
46.240	-19.473	-0.200
46.260	-22.196	-0.181
46.280	-24.597	-0.148
46.300	-26.670	-0.122
46.320	-28.362	-0.086
46.340	-29.597	-0.059
46.360	-30.451	-0.019
46.380	-30.811	0.009
46.400	-30.768	0.050
46.420	-30.306	0.077
46.440	-29.399	0.117
46.460	-28.051	0.145
46.480	-26.289	0.172
46.500	-24.156	0.196
46.520	-21.680	0.227
46.540	-18.877	0.242
46.560	-15.810	0.261
46.580	-12.528	0.273
46.600	-9.037	0.282
46.620	-5.422	0.289
46.640	-1.743	0.288
46.660	1.969	0.284
46.680	5.653	0.278
46.700	9.236	0.266
46.720	12.727	0.256
46.740	16.009	0.232
46.760	19.043	0.209
46.780	21.836	0.188
46.800	24.285	0.159
46.820	26.396	0.133
46.840	28.115	0.095
46.860	29.436	0.066
46.880	30.328	0.031
46.900	30.784	-0.002
46.920	30.806	-0.040
46.940	30.376	-0.072
46.960	29.522	-0.106
46.980	28.249	-0.137
47.000	26.552	-0.168
47.020	24.495	-0.191
47.040	22.067	-0.222
47.060	19.317	-0.239
47.080	16.309	-0.260
47.100	13.022	-0.274
47.120	9.585	-0.285
47.140	6.018	-0.287
47.160	2.339	-0.293
47.180	-1.362	-0.290
47.200	-5.035	-0.284
47.220	-8.672	-0.270
47.240	-12.152	-0.255
47.260	-15.455	-0.238
47.280	-18.554	-0.214
47.300	-21.396	-0.193
47.320	-23.899	-0.163
47.340	-26.058	-0.137
47.360	-27.863	-0.106
47.380	-29.270	-0.071
47.400	-30.220	-0.038
47.420	-30.720	-0.004
47.440	-30.822	0.031
47.460	-30.494	0.069
47.480	-29.716	0.097
47.500	-28.518	0.135
47.520	-26.858	0.160
47.540	-24.833	0.192
47.560	-22.481	0.216
47.580	-19.752	0.239
47.600	-16.771	0.256
47.620	-13.565	0.274
47.640	-10.106	0.278
47.660	-6.534	0.287
47.680	-2.860	0.287
47.700	0.851	0.290
47.720	4.541	0.282
47.740	8.151	0.273
47.760	11.685	0.260
47.780	15.020	0.244
47.800	18.152	0.219
47.820	21.014	0.201
47.840	23.582	0.164
47.860	25.795	0.147
47.880	27.648	0.110
47.900	29.082	0.083
47.920	30.102	0.041
47.940	30.693	0.010
47.960	30.849	-0.027
47.980	30.564	-0.054
48.000	29.818	-0.094
48.020	28.684	-0.126
48.040	27.089	-0.157
48.060	25.177	-0.181
48.080	22.846	-0.213
48.100	20.182	-0.227
48.120	17.233	-0.255
48.140	14.037	-0.261
48.160	10.637	-0.280
48.180	7.093	-0.280
48.200	3.451	-0.288
48.220	-0.244	-0.284
48.240	-3.940	-0.280
48.260	-7.597	-0.268
48.280	-11.142	-0.259
48.300	-14.494	-0.235
48.320	-17.668	-0.220
48.340	-20.585	-0.187
48.360	-23.190	-0.170
48.380	-25.478	-0.136
48.400	-27.401	-0.113
48.420	-28.926	-0.073
48.440	-30.022	-0.044
48.460	-30.666	-0.006
48.480	-30.865	0.023
48.500	-30.666	0.065
48.520	-30.049	0.088
48.540	-28.964	0.131
48.560	-27.444	0.154
48.580	-25.537	0.189
48.600	-23.270	0.211
48.620	-20.665	0.238
48.640	-17.754	0.252
48.660	-14.591	0.276
48.680	-11.218	0.284
48.700	-7.678	0.291
48.720	-4.020	0.291
48.740	-0.309	0.296
48.760	3.397	0.288
48.780	7.039	0.284
48.800	10.605	0.270
48.820	14.010	0.259
48.840	17.206	0.232
48.860	20.155	0.213
48.880	22.851	0.184
48.900	25.145	0.163
48.920	27.105	0.125
48.940	28.679	0.100
48.960	29.823	0.061
48.980	30.570	0.028
49.000	30.844	-0.006
49.020	30.688	-0.041
49.040	30.086	-0.070
49.060	29.071	-0.106
49.080	27.615	-0.138
49.100	25.805	-0.168
49.120	23.587	-0.197
49.140	21.025	-0.215
49.160	18.157	-0.237
49.180	15.036	-0.254
49.200	11.685	-0.267
49.220	8.199	-0.271
49.240	4.568	-0.280
49.260	0.905	-0.276
49.280	-2.817	-0.277
49.300	-6.496	-0.261
49.320	-10.095	-0.253
49.340	-13.500	-0.231
49.360	-16.728	-0.218
49.380	-19.731	-0.192
49.400	-22.438	-0.170
49.420	-24.828	-0.137
49.440	-26.847	-0.110
49.460	-28.518	-0.078
49.480	-29.721	-0.048
49.500	-30.510	-0.010
49.520	-30.838	0.021
49.540	-30.801	0.061
49.560	-30.280	0.089
49.580	-29.318	0.130
49.600	-27.943	0.156
49.620	-26.160	0.188
49.640	-23.985	0.210
49.660	-21.492	0.238
49.680	-18.646	0.257
49.700	-15.557	0.274
49.720	-12.260	0.285
49.740	-8.768	0.297
49.760	-5.132	0.299
49.780	-1.442	0.306
49.800	2.269	0.296
49.820	5.954	0.291
49.840	9.515	0.278
49.860	13.001	0.260
49.880	16.266	0.245
49.900	19.285	0.224
49.920	22.073	0.199
49.940	24.490	0.168
49.960	26.547	0.141
49.980	28.239	0.109
50.000	29.522	0.077
50.020	30.376	0.040
50.040	30.801	0.009
50.060	30.784	-0.033
50.080	30.339	-0.059
50.100	29.436	-0.100
50.120	28.131	-0.127
50.140	26.402	-0.160
50.160	24.307	-0.182
50.180	21.836	-0.212
50.200	19.070	-0.230
50.220	16.035	-0.248
50.240	12.738	-0.263
50.260	9.279	-0.272
50.280	5.707	-0.273
50.300	2.028	-0.280
50.320	-1.657	-0.277
50.340	-5.368	-0.271
50.360	-8.989	-0.259
50.380	-12.437	-0.239
50.400	-15.735	-0.222
50.420	-18.807	-0.200
50.440	-21.616	-0.176
50.460	-24.081	-0.149
50.480	-26.246	-0.124
50.500	-28.008	-0.091
50.520	-29.366	-0.060
50.540	-30.290	-0.024
50.560	-30.758	0.006
50.580	-30.833	0.045
50.600	-30.446	0.078
50.620	-29.651	0.111
50.640	-28.378	0.147
50.660	-26.729	0.172
50.680	-24.651	0.200
50.700	-22.266	0.227
50.720	-19.527	0.243
50.740	-16.508	0.263
50.760	-13.269	0.278
50.780	-9.826	0.286
50.800	-6.244	0.296
50.820	-2.565	0.292
50.840	1.147	0.291
50.860	4.847	0.288
50.880	8.451	0.275
50.900	11.964	0.262
50.920	15.294	0.247
50.940	18.393	0.219
50.960	21.240	0.201
50.980	23.797	0.164
51.000	25.961	0.143
51.020	27.771	0.111
51.040	29.173	0.081
51.060	30.172	0.042
51.080	30.715	0.014
51.100	30.844	-0.027
51.120	30.521	-0.056
51.140	29.748	-0.098
51.160	28.572	-0.124
51.180	26.955	-0.160
51.200	25.005	-0.179
51.220	22.626	-0.214
51.240	19.946	-0.226
51.260	16.986	-0.257
51.280	13.774	-0.263
51.300	10.364	-0.280
51.320	6.802	-0.280
51.340	3.156	-0.287
51.360	-0.534	-0.285
51.380	-4.235	-0.284
51.400	-7.866	-0.268
51.420	-11.400	-0.257
51.440	-14.741	-0.236
51.460	-17.899	-0.217
51.480	-20.783	-0.195
51.500	-23.356	-0.171
51.520	-25.607	-0.137
51.540	-27.503	-0.113
51.560	-28.996	-0.077
51.580	-30.027	-0.043
51.600	-30.650	-0.006
51.620	-30.838	0.025
51.640	-30.602	0.061
51.660	-29.941	0.092
51.680	-28.802	0.127
51.700	-27.261	0.155
51.720	-25.322	0.185
51.740	-23.034	0.209
51.760	-20.397	0.233
51.780	-17.448	0.248
51.800	-14.284	0.271
51.820	-10.890	0.275
51.840	-7.345	0.290
51.860	-3.682	0.284
51.880	0.019	0.285
51.900	3.725	0.280
51.920	7.372	0.273
51.940	10.901	0.258
51.960	14.311	0.243
51.980	17.475	0.222
52.000	20.402	0.204
52.020	23.050	0.173
52.040	25.327	0.148
52.060	27.266	0.112
52.080	28.781	0.085
52.100	29.909	0.044
52.120	30.596	0.018
52.140	30.844	-0.023
52.160	30.666	-0.052
52.180	30.022	-0.091
52.200	28.974	-0.120
52.220	27.481	-0.158
52.240	25.634	-0.176
52.260	23.405	-0.210
52.280	20.805	-0.226
52.300	17.921	-0.254
52.320	14.784	-0.267
52.340	11.422	-0.280
52.360	7.909	-0.284
52.380	4.278	-0.291
52.400	0.604	-0.286
52.420	-3.113	-0.292
52.440	-6.765	-0.276
52.460	-10.331	-0.263
52.480	-13.742	-0.242
52.500	-16.943	-0.230
52.520	-19.935	-0.201
52.540	-22.615	-0.182
52.560	-24.968	-0.145
52.580	-26.982	-0.122
52.600	-28.593	-0.086
52.620	-29.753	-0.057
52.640	-30.521	-0.017
52.660	-30.822	0.008
52.680	-30.731	0.053
52.700	-30.183	0.077
52.720	-29.205	0.121
52.740	-27.798	0.146
52.760	-25.961	0.181
52.780	-23.786	0.199
52.800	-21.240	0.231
52.820	-18.388	0.249
52.840	-15.283	0.269
52.860	-11.964	0.277
52.880	-8.451	0.289
52.900	-4.821	0.288
52.920	-1.115	0.293
52.940	2.586	0.288
52.960	6.255	0.278
52.980	9.821	0.267
53.000	13.275	0.255
53.020	16.530	0.238
53.040	19.521	0.212
53.060	22.287	0.189
53.080	24.661	0.160
53.100	26.708	0.128
53.120	28.357	0.097
53.140	29.608	0.064
53.160	30.430	0.024
53.180	30.817	-0.004
53.200	30.758	-0.039
53.220	30.263	-0.071
53.240	29.345	-0.110
53.260	27.981	-0.140
53.280	26.251	-0.164
53.300	24.124	-0.191
53.320	21.621	-0.219
53.340	18.818	-0.237
53.360	15.756	-0.257
53.380	12.448	-0.267
53.400	8.983	-0.280
53.420	5.390	-0.284
53.440	1.711	-0.285
53.460	-2.006	-0.280
53.480	-5.675	-0.270
53.500	-9.289	-0.261
53.520	-12.754	-0.247
53.540	-16.025	-0.227
53.560	-19.092	-0.200
53.580	-21.879	-0.178
53.600	-24.318	-0.151
53.620	-26.450	-0.122
53.640	-28.174	-0.089
53.660	-29.495	-0.058
53.680	-30.408	-0.025
53.700	-30.795	0.006
53.720	-30.838	0.049
53.740	-30.441	0.079
53.760	-29.597	0.114
53.780	-28.303	0.144
53.800	-26.595	0.175
53.820	-24.522	0.202
53.840	-22.094	0.233
53.860	-19.328	0.252
53.880	-16.288	0.266
53.900	-13.044	0.283
53.920	-9.563	0.295
53.940	-5.959	0.298
53.960	-2.269	0.296
53.980	1.448	0.297
54.000	5.127	0.289
54.020	8.731	0.280
54.040	12.243	0.264
54.060	15.541	0.251
54.080	18.630	0.228
54.100	21.471	0.206
54.120	23.985	0.174
54.140	26.122	0.149
54.160	27.895	0.113
54.180	29.281	0.086
54.200	30.237	0.043
54.220	30.747	0.018
54.240	30.827	-0.024
54.260	30.473	-0.048
54.280	29.673	-0.088
54.300	28.459	-0.115
54.320	26.810	-0.151
54.340	24.806	-0.175
54.360	22.416	-0.207
54.380	19.704	-0.220
54.400	16.723	-0.244
54.420	13.473	-0.257
54.440	10.057	-0.270
54.460	6.507	-0.272
54.480	2.833	-0.274
54.500	-0.846	-0.276
54.520	-4.552	-0.268
54.540	-8.199	-0.256
54.560	-11.706	-0.244
54.580	-15.020	-0.224
54.600	-18.168	-0.200
54.620	-21.036	-0.178
54.640	-23.576	-0.156
54.660	-25.811	-0.125
54.680	-27.675	-0.096
54.700	-29.109	-0.059
54.720	-30.129	-0.030
54.740	-30.725	0.004
54.760	-30.870	0.039
54.780	-30.580	0.075
54.800	-29.871	0.106
54.820	-28.717	0.146
54.840	-27.132	0.169
54.860	-25.172	0.198
54.880	-22.841	0.223
54.900	-20.177	0.246
54.920	-17.212	0.265
54.940	-14.032	0.283
54.960	-10.616	0.290
54.980	-7.055	0.305
55.000	-3.397	0.299
55.020	0.330	0.304
55.040	4.015	0.295
55.060	7.640	0.284
55.080	11.185	0.268
55.100	14.569	0.259
55.120	17.727	0.230
55.140	20.633	0.213
55.160	23.260	0.181
55.180	25.510	0.159
55.200	27.401	0.122
55.220	28.888	0.096
55.240	29.984	0.057
55.260	30.639	0.028
55.280	30.854	-0.018
55.300	30.623	-0.042
55.320	29.957	-0.085
55.340	28.872	-0.109
55.360	27.347	-0.149
55.380	25.478	-0.168
55.400	23.179	-0.204
55.420	20.569	-0.221
55.440	17.668	-0.244
55.460	14.505	-0.253
55.480	11.137	-0.269
55.500	7.614	-0.278
55.520	3.988	-0.284
55.540	0.293	-0.280
55.560	-3.408	-0.275
55.580	-7.066	-0.264
55.600	-10.632	-0.253
55.620	-14.016	-0.236
55.640	-17.222	-0.216
55.660	-20.160	-0.194
55.680	-22.824	-0.167
55.700	-25.134	-0.139
55.720	-27.111	-0.114
55.740	-28.700	-0.076
55.760	-29.850	-0.046
55.780	-30.570	-0.005
55.800	-30.849	0.021
55.820	-30.715	0.064
55.840	-30.118	0.089
55.860	-29.082	0.127
55.880	-27.653	0.155
55.900	-25.784	0.185
55.920	-23.576	0.207
55.940	-21.014	0.239
55.960	-18.125	0.251
55.980	-14.999	0.276
56.000	-11.658	0.279
56.020	-8.140	0.290
56.040	-4.509	0.290
56.060	-0.824	0.292
56.080	2.903	0.287
56.100	6.561	0.278
56.120	10.122	0.267
56.140	13.565	0.253
56.160	16.787	0.229
56.180	19.774	0.211
56.200	22.486	0.184
56.220	24.855	0.157
56.240	26.874	0.124
56.260	28.475	0.092
56.280	29.699	0.058
56.300	30.484	0.025
56.320	30.838	-0.013
56.340	30.731	-0.043
56.360	30.204	-0.084
56.380	29.238	-0.110
56.400	27.846	-0.149
56.420	26.095	-0.172
56.440	23.920	-0.201
56.460	21.406	-0.224
56.480	18.581	-0.243
56.500	15.498	-0.266
56.520	12.190	-0.273
56.540	8.698	-0.285
56.560	5.100	-0.288
56.580	1.421	-0.289
56.600	-2.280	-0.286
56.620	-5.954	-0.276
56.640	-9.552	-0.264
56.660	-13.001	-0.251
56.680	-16.240	-0.232
56.700	-19.280	-0.207
56.720	-22.035	-0.185
56.740	-24.468	-0.155
56.760	-26.552	-0.128
56.780	-28.265	-0.094
56.800	-29.528	-0.065
56.820	-30.398	-0.025
56.840	-30.779	0.003
56.860	-30.795	0.046
56.880	-30.344	0.072
56.900	-29.452	0.111
56.920	-28.136	0.141
56.940	-26.385	0.172
56.960	-24.280	0.194
56.980	-21.831	0.223
57.000	-19.032	0.244
57.020	-15.987	0.262
57.040	-12.727	0.276
57.060	-9.230	0.283
57.080	-5.615	0.289
57.100	-1.942	0.289
57.120	1.764	0.287
57.140	5.449	0.279
57.160	9.037	0.269
57.180	12.539	0.254
57.200	15.821	0.237
57.220	18.877	0.213
57.240	21.691	0.189
57.260	24.173	0.158
57.280	26.289	0.135
57.300	28.029	0.099
57.320	29.377	0.068
57.340	30.290	0.031
57.360	30.779	-0.001
57.380	30.811	-0.040
57.400	30.419	-0.069
57.420	29.587	-0.105
57.440	28.324	-0.138
57.460	26.670	-0.164
57.480	24.635	-0.191
57.500	22.218	-0.219
57.520	19.473	-0.235
57.540	16.481	-0.263
57.560	13.205	-0.269
57.580	9.783	-0.284
57.600	6.217	-0.284
57.620	2.549	-0.292
57.640	-1.147	-0.284
57.660	-4.847	-0.282
57.680	-8.473	-0.268
57.700	-11.986	-0.258
57.720	-15.278	-0.238
57.740	-18.393	-0.216
57.760	-21.251	-0.189
57.780	-23.781	-0.164
57.800	-25.950	-0.135
57.820	-27.782	-0.104
57.840	-29.205	-0.072
57.860	-30.199	-0.039
57.880	-30.725	-0.003
57.900	-30.844	0.031
57.920	-30.543	0.066
57.940	-29.796	0.097
57.960	-28.615	0.135
57.980	-26.992	0.161
58.000	-24.989	0.196
58.020	-22.642	0.217
58.040	-19.951	0.242
58.060	-16.959	0.259
58.080	-13.769	0.277
58.100	-10.337	0.284
58.120	-6.760	0.289
58.140	-3.102	0.292
58.160	0.626	0.293
58.180	4.316	0.285
58.200	7.941	0.276
58.220	11.470	0.263
58.240	14.827	0.252
58.260	17.964	0.221
58.280	20.859	0.205
58.300	23.458	0.170
58.320	25.677	0.151
58.340	27.530	0.113
58.360	29.007	0.089
58.380	30.054	0.046
58.400	30.672	0.018
58.420	30.854	-0.025
58.440	30.591	-0.050
58.460	29.877	-0.093
58.480	28.760	-0.117
58.500	27.213	-0.155
58.520	25.295	-0.176
58.540	22.975	-0.208
58.560	20.338	-0.224
58.580	17.405	-0.248
58.600	14.220	-0.259
58.620	10.836	-0.276
58.640	7.297	-0.277
58.660	3.666	-0.285
58.680	-0.040	-0.280
58.700	-3.736	-0.276
58.720	-7.404	-0.264
58.740	-10.954	-0.253
58.760	-14.317	-0.232
58.780	-17.491	-0.215
58.800	-20.434	-0.189
58.820	-23.061	-0.168
58.840	-25.354	-0.135
58.860	-27.304	-0.106
58.880	-28.867	-0.069
58.900	-29.968	-0.043
58.920	-30.656	-0.004
58.940	-30.860	0.028
58.960	-30.704	0.068
58.980	-30.097	0.095
59.000	-29.023	0.132
59.020	-27.556	0.158
59.040	-25.660	0.193
59.060	-23.399	0.213
59.080	-20.805	0.245
59.100	-17.915	0.259
59.120	-14.762	0.280
59.140	-11.400	0.284
59.160	-7.871	0.299
59.180	-4.230	0.297
59.200	-0.513	0.300
59.220	3.182	0.296
59.240	6.845	0.291
59.260	10.390	0.271
59.280	13.828	0.262
59.300	17.034	0.238
59.320	20.005	0.219
59.340	22.712	0.190
59.360	25.032	0.163
59.380	27.014	0.135
59.400	28.593	0.101
59.420	29.785	0.068
59.440	30.532	0.034
59.460	30.849	-0.003
59.480	30.715	-0.038
59.500	30.145	-0.071
59.520	29.146	-0.102
59.540	27.723	-0.136
59.560	25.918	-0.160
59.580	23.727	-0.192
59.600	21.165	-0.215
59.620	18.334	-0.233
59.640	15.230	-0.252
59.660	11.873	-0.264
59.680	8.403	-0.272
59.700	4.794	-0.276
59.720	1.115	-0.275
59.740	-2.602	-0.276
59.760	-6.265	-0.263
59.780	-9.853	-0.251
59.800	-13.285	-0.236
59.820	-16.535	-0.216
59.840	-19.543	-0.194
59.860	-22.271	-0.171
59.880	-24.667	-0.137
59.900	-26.724	-0.118
59.920	-28.416	-0.077
59.940	-29.624	-0.049
59.960	-30.473	-0.006
59.980	-30.833	0.016
60.000	-30.795	0.059
60.020	-30.306	0.088
60.040	-29.377	0.123
60.060	-28.024	0.157
60.080	-26.246	0.184
60.100	-24.108	0.210
60.120	-21.616	0.238
60.140	-18.796	0.252
60.160	-15.735	0.276
60.180	-12.442	0.286
60.200	-8.940	0.293
60.220	-5.342	0.296
60.240	-1.630	0.300
60.260	2.081	0.299
60.280	5.739	0.288
60.300	9.316	0.280
60.320	12.807	0.263
60.340	16.078	0.242
60.360	19.129	0.222
60.380	21.922	0.199
60.400	24.355	0.168
60.420	26.450	0.142
60.440	28.158	0.102
60.460	29.469	0.074
60.480	30.344	0.036
60.500	30.795	0.007
60.520	30.795	-0.034
60.540	30.371	-0.064
60.560	29.495	-0.100
60.580	28.201	-0.133
60.600	26.514	-0.160
60.620	24.447	-0.187
60.640	21.992	-0.217
60.660	19.226	-0.230
60.680	16.218	-0.257
60.700	12.920	-0.260
60.720	9.483	-0.280
60.740	5.900	-0.280
60.760	2.248	-0.284
60.780	-1.453	-0.280
60.800	-5.137	-0.275
60.820	-8.774	-0.265
60.840	-12.243	-0.247
60.860	-15.552	-0.230
60.880	-18.640	-0.207
60.900	-21.471	-0.185
60.920	-23.947	-0.154
60.940	-26.122	-0.129
60.960	-27.922	-0.097
60.980	-29.291	-0.063
61.000	-30.258	-0.029
61.020	-30.715	0.006
61.040	-30.849	0.039
61.060	-30.473	0.070
61.080	-29.689	0.101
61.100	-28.459	0.139
61.120	-26.804	0.166
61.140	-24.780	0.195
61.160	-22.389	0.219
61.180	-19.698	0.244
61.200	-16.680	0.258
61.220	-13.457	0.272
61.240	-10.020	0.286
61.260	-6.443	0.291
61.280	-2.769	0.289
61.300	0.943	0.290
61.320	4.633	0.281
61.340	8.237	0.273
61.360	11.760	0.258
61.380	15.112	0.242
61.400	18.221	0.217
61.420	21.084	0.197
61.440	23.646	0.166
61.460	25.838	0.142
61.480	27.680	0.103
61.500	29.109	0.077
61.520	30.124	0.035
61.540	30.704	0.007
61.560	30.849	-0.033
61.580	30.553	-0.062
61.600	29.807	-0.102
61.620	28.647	-0.128
61.640	27.078	-0.162
61.660	25.118	-0.181
61.680	22.776	-0.222
61.700	20.112	-0.230
61.720	17.169	-0.264
61.740	13.957	-0.266
61.760	10.568	-0.291
61.780	7.017	-0.283
61.800	3.370	-0.292
61.820	-0.325	-0.286
61.840	-4.020	-0.289
61.860	-7.651	-0.273
61.880	-11.207	-0.266
61.900	-14.548	-0.242
61.920	-17.717	-0.222
61.940	-20.622	-0.195
61.960	-23.217	-0.175
61.980	-25.499	-0.143
62.000	-27.401	-0.115
62.020	-28.905	-0.080
62.040	-30.000	-0.048
62.060	-30.629	-0.010
62.080	-30.827	0.020
62.100	-30.623	0.058
62.120	-29.984	0.089
62.140	-28.894	0.126
62.160	-27.347	0.149
62.180	-25.440	0.189
62.200	-23.179	0.205
62.220	-20.547	0.238
62.240	-17.625	0.251
62.260	-14.467	0.271
62.280	-11.083	0.276
62.300	-7.544	0.290
62.320	-3.891	0.288
62.340	-0.196	0.292
62.360	3.510	0.281
62.380	7.152	0.280
62.400	10.707	0.259
62.420	14.113	0.252
62.440	17.303	0.225
62.460	20.236	0.206
62.480	22.916	0.174
62.500	25.204	0.154
62.520	27.154	0.116
62.540	28.711	0.089
62.560	29.866	0.048
62.580	30.575	0.019
62.600	30.854	-0.019
62.620	30.688	-0.048
62.640	30.086	-0.087
62.660	29.044	-0.114
62.680	27.594	-0.152
62.700	25.762	-0.175
62.720	23.528	-0.205
62.740	20.955	-0.227
62.760	18.087	-0.250
62.780	14.967	-0.263
62.800	11.610	-0.281
62.820	8.113	-0.279
62.840	4.488	-0.294
62.860	0.803	-0.284
62.880	-2.914	-0.286
62.900	-6.577	-0.271
62.920	-10.165	-0.262
62.940	-13.570	-0.241
62.960	-16.798	-0.227
62.980	-19.790	-0.196
63.000	-22.481	-0.178
63.020	-24.876	-0.145
63.040	-26.885	-0.118
63.060	-28.555	-0.081
63.080	-29.737	-0.052
63.100	-30.505	-0.015
63.120	-30.827	0.010
63.140	-30.774	0.055
63.160	-30.269	0.084
63.180	-29.313	0.123
63.200	-27.916	0.147
63.220	-26.106	0.183
63.240	-23.931	0.204
63.260	-21.412	0.234
63.280	-18.581	0.252
63.300	-15.493	0.273
63.320	-12.184	0.278
63.340	-8.666	0.292
63.360	-5.057	0.296
63.380	-1.345	0.294
63.400	2.361	0.290
63.420	6.029	0.285
63.440	9.617	0.272
63.460	13.081	0.262
63.480	16.331	0.239
63.500	19.349	0.217
63.520	22.132	0.197
63.540	24.532	0.164
63.560	26.606	0.135
63.580	28.281	0.103
63.600	29.560	0.072
63.620	30.403	0.032
63.640	30.801	0.002
63.660	30.779	-0.035
63.680	30.317	-0.064
63.700	29.399	-0.102
63.720	28.083	-0.135
63.740	26.343	-0.160
63.760	24.264	-0.188
63.780	21.766	-0.215
63.800	18.990	-0.231
63.820	15.933	-0.253
63.840	12.646	-0.265
63.860	9.187	-0.272
63.880	5.599	-0.279
63.900	1.915	-0.281
63.920	-1.786	-0.280
63.940	-5.465	-0.270
63.960	-9.091	-0.260
63.980	-12.555	-0.242
64.000	-15.847	-0.219
64.020	-18.914	-0.200
64.040	-21.718	-0.176
64.060	-24.205	-0.147
64.080	-26.321	-0.118
64.100	-28.094	-0.085
64.120	-29.420	-0.056
64.140	-30.333	-0.016
64.160	-30.790	0.014
64.180	-30.838	0.048
64.200	-30.462	0.086
64.220	-29.646	0.118
64.240	-28.394	0.148
64.260	-26.692	0.179
64.280	-24.635	0.205
64.300	-22.234	0.234
64.320	-19.462	0.252
64.340	-16.470	0.269
64.360	-13.210	0.288
64.380	-9.740	0.294
64.400	-6.169	0.302
64.420	-2.484	0.302
64.440	1.233	0.302
64.460	4.923	0.292
64.480	8.532	0.283
64.500	12.061	0.268
64.520	15.369	0.247
64.540	18.463	0.230
64.560	21.304	0.207
64.580	23.829	0.180
64.600	26.010	0.152
64.620	27.820	0.117
64.640	29.205	0.086
64.660	30.194	0.047
64.680	30.725	0.016
64.700	30.838	-0.022
64.720	30.510	-0.049
64.740	29.726	-0.091
64.760	28.529	-0.116
64.780	26.906	-0.153
64.800	24.951	-0.174
64.820	22.556	-0.209
64.840	19.876	-0.219
64.860	16.906	-0.249
64.880	13.677	-0.253
64.900	10.261	-0.272
64.920	6.722	-0.273
64.940	3.064	-0.284
64.960	-0.642	-0.278
64.980	-4.337	-0.275
65.000	-7.984	-0.260
65.020	-11.481	-0.250
65.040	-14.832	-0.229
65.060	-17.980	-0.210
65.080	-20.864	-0.182
65.100	-23.448	-0.158
65.120	-25.677	-0.127
65.140	-27.556	-0.099
65.160	-29.033	-0.065
65.180	-30.081	-0.033
65.200	-30.672	0.006
65.220	-30.865	0.033
65.240	-30.602	0.074
65.260	-29.920	0.104
65.280	-28.792	0.140
65.300	-27.218	0.166
65.320	-25.284	0.197
65.340	-22.980	0.220
65.360	-20.311	0.246
65.380	-17.384	0.259
65.400	-14.209	0.281
65.420	-10.809	0.288
65.440	-7.259	0.298
65.460	-3.591	0.296
65.480	0.110	0.296
65.500	3.811	0.292
65.520	7.452	0.280
65.540	10.981	0.267
65.560	14.381	0.251
65.580	17.550	0.228
65.600	20.477	0.206
65.620	23.109	0.180
65.640	25.386	0.155
65.660	27.293	0.118
65.680	28.824	0.091
65.700	29.936	0.052
65.720	30.613	0.023
65.740	30.849	-0.018
65.760	30.656	-0.050
65.780	30.016	-0.086
65.800	28.948	-0.117
65.820	27.465	-0.151
65.840	25.585	-0.172
65.860	23.335	-0.207
65.880	20.724	-0.218
65.900	17.840	-0.249
65.920	14.687	-0.256
65.940	11.341	-0.281
65.960	7.828	-0.277
65.980	4.192	-0.292
66.000	0.513	-0.280
66.020	-3.209	-0.288
66.040	-6.851	-0.269
66.060	-10.433	-0.263
66.080	-13.833	-0.239
66.100	-17.034	-0.224
66.120	-19.999	-0.197
66.140	-22.679	-0.176
66.160	-25.016	-0.143
66.180	-27.003	-0.119
66.200	-28.609	-0.085
66.220	-29.785	-0.052
66.240	-30.532	-0.015
66.260	-30.849	0.014
66.280	-30.720	0.057
66.300	-30.156	0.081
66.320	-29.178	0.119
66.340	-27.728	0.147
66.360	-25.907	0.180
66.380	-23.700	0.203
66.400	-21.170	0.230
66.420	-18.302	0.248
66.440	-15.187	0.269
66.460	-11.867	0.274
66.480	-8.349	0.288
66.500	-4.713	0.285
66.520	-1.012	0.291
66.540	2.688	0.282
66.560	6.357	0.276
66.580	9.918	0.260
66.600	13.382	0.252
66.620	16.610	0.228
66.640	19.607	0.208
66.660	22.352	0.181
66.680	24.726	0.154
66.700	26.756	0.121
66.720	28.400	0.090
66.740	29.640	0.059
66.760	30.441	0.023
66.780	30.827	-0.011
66.800	30.758	-0.048
66.820	30.263	-0.082
66.840	29.318	-0.113
66.860	27.959	-0.149
66.880	26.198	-0.175
66.900	24.060	-0.201
66.920	21.557	-0.226
66.940	18.759	-0.249
66.960	15.686	-0.261
66.980	12.378	-0.281
67.000	8.908	-0.283
67.020	5.315	-0.292
67.040	1.635	-0.292
67.060	-2.076	-0.292
67.080	-5.734	-0.282
67.100	-9.338	-0.267
67.120	-12.797	-0.252
67.140	-16.068	-0.235
67.160	-19.129	-0.209
67.180	-21.885	-0.185
67.200	-24.334	-0.157
67.220	-26.439	-0.131
67.240	-28.179	-0.097
67.260	-29.474	-0.063
67.280	-30.360	-0.027
67.300	-30.763	0.003
67.320	-30.784	0.043
67.340	-30.371	0.071
67.360	-29.522	0.110
67.380	-28.206	0.137
67.400	-26.504	0.168
67.420	-24.414	0.196
67.440	-21.981	0.225
67.460	-19.204	0.245
67.480	-16.164	0.259
67.500	-12.915	0.276
67.520	-9.429	0.287
67.540	-5.841	0.290
67.560	-2.156	0.288
67.580	1.560	0.288
67.600	5.234	0.281
67.620	8.838	0.269
67.640	12.319	0.259
67.660	15.638	0.242
67.680	18.710	0.212
67.700	21.546	0.197
67.720	24.033	0.164
67.740	26.181	0.142
67.760	27.938	0.103
67.780	29.302	0.075
67.800	30.253	0.033
67.820	30.758	0.004
67.840	30.822	-0.033
67.860	30.462	-0.063
67.880	29.640	-0.103
67.900	28.410	-0.131
67.920	26.756	-0.160
67.940	24.758	-0.184
67.960	22.352	-0.218
67.980	19.639	-0.232
68.000	16.658	-0.257
68.020	13.409	-0.267
68.040	9.982	-0.283
68.060	6.410	-0.281
68.080	2.758	-0.291
68.100	-0.959	-0.280
68.120	-4.638	-0.280
68.140	-8.285	-0.264
68.160	-11.781	-0.253
68.180	-15.101	-0.230
68.200	-18.227	-0.214
68.220	-21.095	-0.185
68.240	-23.646	-0.160
68.260	-25.843	-0.131
68.280	-27.707	-0.102
68.300	-29.135	-0.067
68.320	-30.156	-0.037
68.340	-30.715	0.001
68.360	-30.860	0.030
68.380	-30.564	0.070
68.400	-29.855	0.101
68.420	-28.690	0.135
68.440	-27.100	0.165
68.460	-25.113	0.197
68.480	-22.787	0.221
68.500	-20.112	0.244
68.520	-17.147	0.263
68.540	-13.935	0.280
68.560	-10.535	0.287
68.580	-6.974	0.296
68.600	-3.301	0.292
68.620	0.400	0.298
68.640	4.112	0.291
68.660	7.748	0.284
68.680	11.277	0.269
68.700	14.650	0.257
68.720	17.802	0.229
68.740	20.698	0.213
68.760	23.313	0.181
68.780	25.558	0.157
68.800	27.449	0.119
68.820	28.931	0.095
68.840	30.011	0.054
68.860	30.645	0.022
68.880	30.854	-0.017
68.900	30.623	-0.044
68.920	29.941	-0.081
68.940	28.824	-0.114
68.960	27.293	-0.149
68.980	25.419	-0.166
69.000	23.120	-0.204
69.020	20.488	-0.216
69.040	17.593	-0.244
69.060	14.413	-0.253
69.080	11.046	-0.272
69.100	7.517	-0.272
69.120	3.891	-0.280
69.140	0.196	-0.276
69.160	-3.521	-0.277
69.180	-7.184	-0.259
69.200	-10.723	-0.251
69.220	-14.102	-0.229
69.240	-17.303	-0.215
69.260	-20.262	-0.185
69.280	-22.900	-0.164
69.300	-25.209	-0.130
69.320	-27.170	-0.107
69.340	-28.743	-0.068
69.360	-29.893	-0.036
69.380	-30.596	-0.000
69.400	-30.849	0.026
69.420	-30.709	0.070
69.440	-30.108	0.093
69.460	-29.087	0.137
69.480	-27.610	0.160
69.500	-25.736	0.193
69.520	-23.533	0.217
69.540	-20.955	0.243
69.560	-18.060	0.261
69.580	-14.934	0.279
69.600	-11.599	0.288
69.620	-8.065	0.301
69.640	-4.418	0.299
69.660	-0.728	0.304
69.680	2.989	0.295
69.700	6.641	0.291
69.720	10.219	0.277
69.740	13.645	0.262
69.760	16.863	0.240
69.780	19.833	0.218
69.800	22.551	0.192
69.820	24.908	0.166
69.840	26.901	0.131
69.860	28.512	0.105
69.880	29.732	0.066
69.900	30.500	0.035
69.920	30.838	-0.002
69.940	30.736	-0.039
69.960	30.199	-0.072
69.980	29.216	-0.105
70.000	27.825	-0.141
70.020	26.036	-0.161
70.040	23.877	-0.194
70.060	21.342	-0.213
70.080	18.517	-0.239
70.100	15.412	-0.251
70.120	12.072	-0.267
70.140	8.613	-0.272
70.160	5.009	-0.280
70.180	1.335	-0.277
70.200	-2.371	-0.279
70.220	-6.056	-0.267
70.240	-9.649	-0.257
70.260	-13.092	-0.240
70.280	-16.325	-0.222
70.300	-19.365	-0.199
70.320	-22.115	-0.175
70.340	-24.532	-0.146
70.360	-26.606	-0.118
70.380	-28.303	-0.085
70.400	-29.565	-0.051
70.420	-30.425	-0.015
70.440	-30.801	0.010
70.460	-30.784	0.054
70.480	-30.323	0.082
70.500	-29.431	0.119
70.520	-28.094	0.145
70.540	-26.353	0.177
70.560	-24.226	0.202
70.580	-21.750	0.232
70.600	-18.957	0.244
70.620	-15.890	0.268
70.640	-12.630	0.279
70.660	-9.134	0.291
70.680	-5.530	0.292
70.700	-1.840	0.296
70.720	1.856	0.290
70.740	5.535	0.285
70.760	9.139	0.270
70.780	12.614	0.255
70.800	15.901	0.239
70.820	18.957	0.217
70.840	21.766	0.194
70.860	24.232	0.164
70.880	26.332	0.138
70.900	28.072	0.100
70.920	29.399	0.072
70.940	30.306	0.032
70.960	30.779	0.005
70.980	30.806	-0.039
71.000	30.419	-0.068
71.020	29.560	-0.104
71.040	28.298	-0.133
71.060	26.616	-0.167
71.080	24.581	-0.189
71.100	22.153	-0.220
71.120	19.403	-0.235
71.140	16.406	-0.263
71.160	13.135	-0.267
71.180	9.703	-0.286
71.200	6.120	-0.286
71.220	2.457	-0.291
71.240	-1.238	-0.288
71.260	-4.928	-0.282
71.280	-8.564	-0.267
71.300	-12.050	-0.255
71.320	-15.353	-0.238
71.340	-18.463	-0.214
71.360	-21.299	-0.195
71.380	-23.823	-0.164
71.400	-25.999	-0.135
71.420	-27.820	-0.108
71.440	-29.205	-0.071
71.460	-30.194	-0.035
71.480	-30.720	-0.006
71.500	-30.827	0.033
71.520	-30.500	0.067
71.540	-29.759	0.098
71.560	-28.539	0.130
71.580	-26.912	0.162
71.600	-24.919	0.189
71.620	-22.551	0.213
71.640	-19.854	0.238
71.660	-16.857	0.253
71.680	-13.651	0.273
71.700	-10.219	0.280
71.720	-6.652	0.290
71.740	-2.968	0.287
71.760	0.733	0.287
71.780	4.434	0.280
71.800	8.049	0.273
71.820	11.556	0.256
71.840	14.924	0.242
71.860	18.050	0.216
71.880	20.934	0.198
71.900	23.517	0.164
71.920	25.741	0.143
71.940	27.583	0.103
71.960	29.033	0.079
71.980	30.070	0.038
72.000	30.688	0.008
72.020	30.849	-0.032
72.040	30.591	-0.057
72.060	29.866	-0.104
72.080	28.722	-0.122
72.100	27.154	-0.168
72.120	25.241	-0.182
72.140	22.916	-0.215
72.160	20.268	-0.233
72.180	17.346	-0.256
72.200	14.150	-0.272
72.220	10.766	-0.280
72.240	7.227	-0.291
72.260	3.596	-0.292
72.280	-0.099	-0.293
72.300	-3.816	-0.286
72.320	-7.463	-0.276
72.340	-11.008	-0.259
72.360	-14.365	-0.249
72.380	-17.545	-0.220
72.400	-20.461	-0.201
72.420	-23.082	-0.174
72.440	-25.370	-0.143
72.460	-27.315	-0.118
72.480	-28.840	-0.075
72.500	-29.936	-0.049
72.520	-30.602	-0.010
72.540	-30.817	0.017
72.560	-30.656	0.064
72.580	-30.043	0.087
72.600	-28.964	0.128
72.620	-27.460	0.154
72.640	-25.574	0.187
72.660	-23.313	0.204
72.680	-20.730	0.240
72.700	-17.813	0.247
72.720	-14.644	0.276
72.740	-11.287	0.276
72.760	-7.753	0.292
72.780	-4.122	0.290
72.800	-0.400	0.293
72.820	3.290	0.284
72.840	6.953	0.278
