0.000	7.466	0.248
0.020	10.984	0.224
0.040	14.389	0.204
0.060	17.542	0.174
0.080	20.464	0.151
0.100	23.101	0.118
0.120	25.368	0.096
0.140	27.285	0.054
0.160	28.805	0.023
0.180	29.928	-0.015
0.200	30.594	-0.043
0.220	30.857	-0.082
0.240	30.658	-0.111
0.260	30.019	-0.143
0.280	28.950	-0.174
0.300	27.473	-0.196
0.320	25.620	-0.217
0.340	23.364	-0.236
0.360	20.792	-0.258
0.380	17.907	-0.267
0.400	14.771	-0.279
0.420	11.414	-0.276
0.440	7.906	-0.277
0.460	4.297	-0.276
0.480	0.607	-0.266
0.500	-3.088	-0.258
0.520	-6.757	-0.235
0.540	-10.312	-0.227
0.560	-13.729	-0.196
0.580	-16.946	-0.181
0.600	-19.927	-0.144
0.620	-22.602	-0.123
0.640	-24.949	-0.085
0.660	-26.952	-0.056
0.680	-28.585	-0.020
0.700	-29.772	0.010
0.720	-30.551	0.048
0.740	-30.830	0.076
0.760	-30.766	0.118
0.780	-30.234	0.141
0.800	-29.283	0.176
0.820	-27.876	0.196
0.840	-26.071	0.226
0.860	-23.891	0.240
0.880	-21.350	0.263
0.900	-18.552	0.271
0.920	-15.431	0.284
0.940	-12.139	0.285
0.960	-8.631	0.289
0.980	-4.995	0.288
1.000	-1.316	0.285
1.020	2.379	0.268
1.040	6.053	0.258
1.060	9.620	0.241
1.080	13.089	0.220
1.100	16.344	0.196
1.120	19.352	0.173
1.140	22.118	0.142
1.160	24.519	0.106
1.180	26.598	0.078
1.200	28.257	0.044
1.220	29.541	0.013
1.240	30.390	-0.027
1.260	30.809	-0.054
1.280	30.776	-0.092
1.300	30.314	-0.117
1.320	29.423	-0.151
1.340	28.107	-0.178
1.360	26.388	-0.204
1.380	24.304	-0.221
1.400	21.828	-0.242
1.420	19.057	-0.255
1.440	16.022	-0.267
1.460	12.746	-0.271
1.480	9.303	-0.272
1.500	5.726	-0.276
1.520	2.062	-0.263
1.540	-1.638	-0.258
1.560	-5.317	-0.240
1.580	-8.921	-0.223
1.600	-12.413	-0.205
1.620	-15.684	-0.183
1.640	-18.761	-0.151
1.660	-21.570	-0.130
1.680	-24.073	-0.096
1.700	-26.206	-0.064
1.720	-27.978	-0.037
1.740	-29.348	0.004
1.760	-30.266	0.035
1.780	-30.755	0.068
1.800	-30.852	0.101
1.820	-30.465	0.135
1.840	-29.675	0.164
1.860	-28.435	0.188
1.880	-26.786	0.214
1.900	-24.750	0.238
1.920	-22.376	0.254
1.940	-19.642	0.268
1.960	-16.645	0.276
1.980	-13.433	0.288
2.000	-9.996	0.288
2.020	-6.408	0.292
2.040	-2.739	0.283
2.060	0.967	0.275
2.080	4.651	0.261
2.100	8.250	0.247
2.120	11.773	0.222
2.140	15.104	0.204
2.160	18.213	0.172
2.180	21.082	0.151
2.200	23.638	0.113
2.220	25.835	0.088
2.240	27.656	0.048
2.260	29.090	0.022
2.280	30.110	-0.019
2.300	30.696	-0.044
2.320	30.846	-0.087
2.340	30.556	-0.110
2.360	29.815	-0.147
2.380	28.671	-0.170
2.400	27.086	-0.202
2.420	25.169	-0.217
2.440	22.838	-0.243
2.460	20.190	-0.253
2.480	17.247	-0.269
2.500	14.056	-0.274
2.520	10.667	-0.282
2.540	7.133	-0.280
2.560	3.497	-0.282
2.580	-0.193	-0.266
2.600	-3.878	-0.259
2.620	-7.530	-0.238
2.640	-11.048	-0.221
2.660	-14.405	-0.193
2.680	-17.580	-0.173
2.700	-20.496	-0.142
2.720	-23.106	-0.120
2.740	-25.373	-0.084
2.760	-27.317	-0.056
2.780	-28.837	-0.015
2.800	-29.933	0.012
2.820	-30.615	0.052
2.840	-30.841	0.077
2.860	-30.631	0.116
2.880	-30.030	0.138
2.900	-28.956	0.176
2.920	-27.462	0.194
2.940	-25.577	0.225
2.960	-23.332	0.234
2.980	-20.743	0.258
3.000	-17.832	0.259
3.020	-14.695	0.280
3.040	-11.344	0.276
3.060	-7.810	0.282
3.080	-4.168	0.272
3.100	-0.478	0.272
3.120	3.228	0.255
3.140	6.864	0.245
3.160	10.415	0.219
3.180	13.831	0.205
3.200	17.032	0.174
3.220	19.991	0.151
3.240	22.693	0.116
3.260	25.008	0.090
3.280	27.006	0.054
3.300	28.574	0.024
3.320	29.756	-0.014
3.340	30.519	-0.044
3.360	30.841	-0.077
3.380	30.712	-0.114
3.400	30.153	-0.143
3.420	29.160	-0.169
3.440	27.769	-0.198
3.460	25.969	-0.220
3.480	23.783	-0.242
3.500	21.248	-0.259
3.520	18.423	-0.273
3.540	15.340	-0.281
3.560	11.999	-0.289
3.580	8.535	-0.284
3.600	4.936	-0.292
3.620	1.257	-0.277
3.640	-2.433	-0.271
3.660	-6.096	-0.248
3.680	-9.689	-0.241
3.700	-13.132	-0.212
3.720	-16.360	-0.193
3.740	-19.374	-0.159
3.760	-22.134	-0.137
3.780	-24.535	-0.101
3.800	-26.603	-0.076
3.820	-28.284	-0.035
3.840	-29.552	-0.006
3.860	-30.406	0.033
3.880	-30.760	0.060
3.900	-30.776	0.099
3.920	-30.320	0.125
3.940	-29.412	0.159
3.960	-28.096	0.184
3.980	-26.351	0.210
4.000	-24.245	0.229
4.020	-21.796	0.247
4.040	-18.998	0.261
4.060	-15.952	0.273
4.080	-12.670	0.273
4.100	-9.206	0.282
4.120	-5.613	0.280
4.140	-1.923	0.276
4.160	1.772	0.263
4.180	5.452	0.254
4.200	9.040	0.236
4.220	12.509	0.211
4.240	15.812	0.191
4.260	18.869	0.161
4.280	21.683	0.136
4.300	24.148	0.102
4.320	26.265	0.075
4.340	28.000	0.035
4.360	29.348	0.006
4.380	30.271	-0.035
4.400	30.760	-0.056
4.420	30.814	-0.097
4.440	30.433	-0.122
4.460	29.595	-0.157
4.480	28.359	-0.184
4.500	26.694	-0.207
4.520	24.696	-0.228
4.540	22.285	-0.247
4.560	19.562	-0.263
4.580	16.559	-0.272
4.600	13.320	-0.281
4.620	9.904	-0.280
4.640	6.338	-0.282
4.660	2.680	-0.273
4.680	-0.994	-0.271
4.700	-4.694	-0.255
4.720	-8.325	-0.237
4.740	-11.827	-0.217
4.760	-15.152	-0.193
4.780	-18.262	-0.170
4.800	-21.130	-0.140
4.820	-23.670	-0.113
4.840	-25.873	-0.075
4.860	-27.726	-0.049
4.880	-29.165	-0.013
4.900	-30.159	0.023
4.920	-30.717	0.055
4.940	-30.841	0.088
4.960	-30.588	0.126
4.980	-29.869	0.147
5.000	-28.714	0.181
5.020	-27.119	0.201
5.040	-25.153	0.230
5.060	-22.822	0.243
5.080	-20.168	0.265
5.100	-17.193	0.275
5.120	-14.019	0.284
5.140	-10.603	0.283
5.160	-7.058	0.288
5.180	-3.389	0.276
5.200	0.295	0.277
5.220	4.001	0.260
5.240	7.638	0.253
5.260	11.167	0.224
5.280	14.540	0.208
5.300	17.692	0.177
5.320	20.604	0.158
5.340	23.219	0.120
5.360	25.464	0.097
5.380	27.382	0.054
5.400	28.880	0.029
5.420	29.955	-0.013
5.440	30.621	-0.037
5.460	30.841	-0.077
5.480	30.637	-0.104
5.500	29.955	-0.137
5.520	28.886	-0.165
5.540	27.403	-0.192
5.560	25.518	-0.212
5.580	23.268	-0.231
5.600	20.652	-0.250
5.620	17.762	-0.261
5.640	14.609	-0.272
5.660	11.252	-0.272
5.680	7.734	-0.276
5.700	4.109	-0.276
5.720	0.424	-0.263
5.740	-3.276	-0.253
5.760	-6.929	-0.229
5.780	-10.495	-0.218
5.800	-13.868	-0.193
5.820	-17.085	-0.170
5.840	-20.050	-0.138
5.860	-22.709	-0.121
5.880	-25.029	-0.077
5.900	-27.049	-0.056
5.920	-28.655	-0.014
5.940	-29.810	0.013
5.960	-30.562	0.055
5.980	-30.830	0.080
6.000	-30.739	0.118
6.020	-30.196	0.143
6.040	-29.203	0.180
6.060	-27.769	0.195
6.080	-25.958	0.231
6.100	-23.756	0.240
6.120	-21.227	0.265
6.140	-18.364	0.271
6.160	-15.275	0.285
6.180	-11.940	0.287
6.200	-8.433	0.290
6.220	-4.807	0.286
6.240	-1.117	0.284
6.260	2.578	0.268
6.280	6.230	0.258
6.300	9.813	0.236
6.320	13.256	0.219
6.340	16.495	0.191
6.360	19.486	0.170
6.380	22.252	0.140
6.400	24.637	0.102
6.420	26.678	0.077
6.440	28.333	0.039
6.460	29.595	0.009
6.480	30.422	-0.027
6.500	30.819	-0.060
6.520	30.771	-0.094
6.540	30.293	-0.122
6.560	29.369	-0.157
6.580	28.021	-0.179
6.600	26.286	-0.205
6.620	24.202	-0.226
6.640	21.688	-0.246
6.660	18.928	-0.259
6.680	15.872	-0.271
6.700	12.584	-0.276
6.720	9.136	-0.279
6.740	5.554	-0.279
6.760	1.880	-0.267
6.780	-1.826	-0.263
6.800	-5.495	-0.245
6.820	-9.099	-0.226
6.840	-12.552	-0.209
6.860	-15.829	-0.186
6.880	-18.901	-0.154
6.900	-21.699	-0.135
6.920	-24.148	-0.098
6.940	-26.281	-0.067
6.960	-28.026	-0.035
6.980	-29.375	-0.001
7.000	-30.293	0.034
7.020	-30.766	0.068
7.040	-30.819	0.099
7.060	-30.422	0.131
7.080	-29.622	0.159
7.100	-28.370	0.187
7.120	-26.694	0.211
7.140	-24.626	0.231
7.160	-22.242	0.251
7.180	-19.492	0.263
7.200	-16.484	0.276
7.220	-13.261	0.282
7.240	-9.813	0.284
7.260	-6.230	0.282
7.280	-2.546	0.278
7.300	1.144	0.272
7.320	4.829	0.257
7.340	8.433	0.241
7.360	11.940	0.220
7.380	15.265	0.198
7.400	18.364	0.167
7.420	21.216	0.143
7.440	23.756	0.106
7.460	25.926	0.084
7.480	27.747	0.044
7.500	29.149	0.020
7.520	30.137	-0.028
7.540	30.707	-0.051
7.560	30.841	-0.094
7.580	30.535	-0.117
7.600	29.783	-0.155
7.620	28.606	-0.176
7.640	27.017	-0.212
7.660	25.067	-0.223
7.680	22.720	-0.250
7.700	20.050	-0.261
7.720	17.096	-0.280
7.740	13.890	-0.282
7.760	10.506	-0.291
7.780	6.966	-0.286
7.800	3.314	-0.285
7.820	-0.360	-0.273
7.840	-4.066	-0.262
7.860	-7.702	-0.244
7.880	-11.215	-0.226
7.900	-14.566	-0.201
7.920	-17.735	-0.180
7.940	-20.630	-0.150
7.960	-23.225	-0.123
7.980	-25.480	-0.089
8.000	-27.387	-0.060
8.020	-28.907	-0.019
8.040	-29.987	0.010
8.060	-30.615	0.048
8.080	-30.830	0.073
8.100	-30.621	0.110
8.120	-29.971	0.133
8.140	-28.896	0.173
8.160	-27.371	0.189
8.180	-25.470	0.221
8.200	-23.208	0.232
8.220	-20.593	0.257
8.240	-17.687	0.261
8.260	-14.518	0.277
8.280	-11.177	0.272
8.300	-7.638	0.280
8.320	-3.985	0.273
8.340	-0.295	0.274
8.360	3.405	0.255
8.380	7.036	0.247
8.400	10.592	0.218
8.420	13.992	0.201
8.440	17.182	0.173
8.460	20.131	0.149
8.480	22.795	0.115
8.500	25.115	0.091
8.520	27.081	0.052
8.540	28.649	0.023
8.560	29.810	-0.016
8.580	30.551	-0.042
8.600	30.841	-0.080
8.620	30.707	-0.114
8.640	30.126	-0.143
8.660	29.106	-0.174
8.680	27.661	-0.198
8.700	25.867	-0.223
8.720	23.670	-0.242
8.740	21.119	-0.259
8.760	18.283	-0.272
8.780	15.179	-0.282
8.800	11.843	-0.285
8.820	8.352	-0.286
8.840	4.759	-0.288
8.860	1.080	-0.276
8.880	-2.632	-0.271
8.900	-6.284	-0.246
8.920	-9.877	-0.239
8.940	-13.288	-0.209
8.960	-16.521	-0.192
8.980	-19.540	-0.156
9.000	-22.247	-0.135
9.020	-24.643	-0.097
9.040	-26.716	-0.072
9.060	-28.370	-0.032
9.080	-29.611	-0.003
9.100	-30.438	0.036
9.120	-30.798	0.064
9.140	-30.766	0.103
9.160	-30.304	0.126
9.180	-29.380	0.164
9.200	-28.032	0.184
9.220	-26.281	0.215
9.240	-24.159	0.231
9.260	-21.688	0.252
9.280	-18.885	0.263
9.300	-15.802	0.278
9.320	-12.547	0.277
9.340	-9.050	0.286
9.360	-5.446	0.280
9.380	-1.762	0.276
9.400	1.955	0.267
9.420	5.618	0.259
9.440	9.201	0.234
9.460	12.681	0.217
9.480	15.963	0.191
9.500	19.003	0.163
9.520	21.812	0.138
9.540	24.256	0.106
9.560	26.367	0.073
9.580	28.080	0.039
9.600	29.407	0.006
9.620	30.304	-0.028
9.640	30.776	-0.054
9.660	30.814	-0.096
9.680	30.406	-0.122
9.700	29.546	-0.158
9.720	28.290	-0.179
9.740	26.608	-0.209
9.760	24.573	-0.220
9.780	22.150	-0.248
9.800	19.411	-0.255
9.820	16.409	-0.276
9.840	13.148	-0.274
9.860	9.716	-0.286
9.880	6.150	-0.275
9.900	2.492	-0.276
9.920	-1.203	-0.256
9.940	-4.888	-0.252
9.960	-8.519	-0.230
9.980	-12.010	-0.214
10.000	-15.313	-0.189
10.020	-18.428	-0.163
10.040	-21.275	-0.134
10.060	-23.794	-0.106
10.080	-25.980	-0.073
10.100	-27.795	-0.039
10.120	-29.246	-0.008
10.140	-30.218	0.031
10.160	-30.723	0.063
10.180	-30.841	0.095
10.200	-30.578	0.124
10.220	-29.831	0.156
10.240	-28.644	0.189
10.260	-27.043	0.208
10.280	-25.045	0.233
10.300	-22.714	0.251
10.320	-20.018	0.268
10.340	-17.059	0.274
10.360	-13.857	0.288
10.380	-10.431	0.287
10.400	-6.859	0.293
10.420	-3.201	0.284
10.440	0.483	0.280
10.460	4.184	0.263
10.480	7.826	0.252
10.500	11.333	0.227
10.520	14.706	0.212
10.540	17.843	0.174
10.560	20.738	0.162
10.580	23.337	0.119
10.600	25.572	0.098
10.620	27.462	0.056
10.640	28.939	0.030
10.660	30.014	-0.010
10.680	30.653	-0.034
10.700	30.852	-0.076
10.720	30.621	-0.100
10.740	29.938	-0.139
10.760	28.821	-0.161
10.780	27.307	-0.195
10.800	25.427	-0.207
10.820	23.133	-0.236
10.840	20.512	-0.246
10.860	17.612	-0.264
10.880	14.454	-0.267
10.900	11.070	-0.276
10.920	7.573	-0.269
10.940	3.942	-0.276
10.960	0.258	-0.260
10.980	-3.448	-0.252
11.000	-7.090	-0.230
11.020	-10.629	-0.218
11.040	-14.029	-0.191
11.060	-17.230	-0.171
11.080	-20.174	-0.140
11.100	-22.833	-0.119
11.120	-25.131	-0.079
11.140	-27.113	-0.054
11.160	-28.698	-0.013
11.180	-29.831	0.015
11.200	-30.578	0.056
11.220	-30.846	0.078
11.240	-30.728	0.121
11.260	-30.143	0.140
11.280	-29.127	0.180
11.300	-27.677	0.197
11.320	-25.851	0.230
11.340	-23.638	0.241
11.360	-21.087	0.264
11.380	-18.213	0.267
11.400	-15.093	0.288
11.420	-11.763	0.284
11.440	-8.261	0.295
11.460	-4.619	0.282
11.480	-0.929	0.283
11.500	2.755	0.267
11.520	6.418	0.257
11.540	9.990	0.235
11.560	13.422	0.218
11.580	16.650	0.188
11.600	19.642	0.165
11.620	22.381	0.134
11.640	24.739	0.104
11.660	26.775	0.068
11.680	28.402	0.038
11.700	29.659	0.003
11.720	30.454	-0.029
11.740	30.830	-0.068
11.760	30.760	-0.096
11.780	30.255	-0.131
11.800	29.310	-0.155
11.820	27.957	-0.192
11.840	26.206	-0.204
11.860	24.084	-0.230
11.880	21.565	-0.249
11.900	18.777	-0.264
11.920	15.732	-0.272
11.940	12.429	-0.279
11.960	8.959	-0.280
11.980	5.376	-0.280
12.000	1.708	-0.275
12.020	-1.982	-0.265
12.040	-5.661	-0.249
12.060	-9.271	-0.230
12.080	-12.713	-0.209
12.100	-15.984	-0.189
12.120	-19.041	-0.156
12.140	-21.812	-0.134
12.160	-24.250	-0.098
12.180	-26.372	-0.072
12.200	-28.091	-0.039
12.220	-29.444	-0.005
12.240	-30.325	0.033
12.260	-30.766	0.059
12.280	-30.819	0.097
12.300	-30.395	0.121
12.320	-29.562	0.161
12.340	-28.284	0.181
12.360	-26.592	0.208
12.380	-24.524	0.229
12.400	-22.097	0.247
12.420	-19.357	0.259
12.440	-16.333	0.272
12.460	-13.084	0.273
12.480	-9.630	0.280
12.500	-6.032	0.278
12.520	-2.379	0.277
12.540	1.327	0.264
12.560	5.011	0.256
12.580	8.610	0.234
12.600	12.112	0.214
12.620	15.420	0.189
12.640	18.509	0.163
12.660	21.350	0.139
12.680	23.869	0.106
12.700	26.028	0.078
12.720	27.817	0.037
12.740	29.219	0.015
12.760	30.191	-0.032
12.780	30.723	-0.053
12.800	30.841	-0.100
12.820	30.508	-0.120
12.840	29.729	-0.160
12.860	28.531	-0.181
12.880	26.936	-0.214
12.900	24.959	-0.229
12.920	22.596	-0.255
12.940	19.916	-0.261
12.960	16.951	-0.281
12.980	13.734	-0.281
13.000	10.329	-0.292
13.020	6.789	-0.288
13.040	3.142	-0.287
13.060	-0.542	-0.275
13.080	-4.222	-0.262
13.100	-7.874	-0.244
13.120	-11.392	-0.229
13.140	-14.728	-0.203
13.160	-17.875	-0.175
13.180	-20.770	-0.149
13.200	-23.337	-0.126
13.220	-25.593	-0.089
13.240	-27.468	-0.056
13.260	-28.977	-0.020
13.280	-30.003	0.007
13.300	-30.626	0.046
13.320	-30.835	0.075
13.340	-30.594	0.114
13.360	-29.949	0.139
13.380	-28.821	0.176
13.400	-27.307	0.193
13.420	-25.368	0.222
13.440	-23.096	0.233
13.460	-20.464	0.256
13.480	-17.537	0.263
13.500	-14.389	0.278
13.520	-11.011	0.276
13.540	-7.460	0.285
13.560	-3.813	0.278
13.580	-0.113	0.275
13.600	3.577	0.259
13.620	7.219	0.247
13.640	10.764	0.221
13.660	14.158	0.206
13.680	17.333	0.172
13.700	20.265	0.155
13.720	22.924	0.116
13.740	25.228	0.094
13.760	27.151	0.052
13.780	28.719	0.024
13.800	29.858	-0.011
13.820	30.567	-0.039
13.840	30.852	-0.080
13.860	30.685	-0.106
13.880	30.083	-0.143
13.900	29.052	-0.166
13.920	27.597	-0.199
13.940	25.776	-0.217
13.960	23.552	-0.241
13.980	20.985	-0.252
14.000	18.122	-0.274
14.020	15.018	-0.276
14.040	11.666	-0.286
14.060	8.169	-0.280
14.080	4.571	-0.284
14.100	0.886	-0.270
14.120	-2.820	-0.267
14.140	-6.467	-0.244
14.160	-10.055	-0.233
14.180	-13.471	-0.201
14.200	-16.699	-0.184
14.220	-19.707	-0.153
14.240	-22.408	-0.129
14.260	-24.788	-0.090
14.280	-26.839	-0.068
14.300	-28.478	-0.025
14.320	-29.675	0.001
14.340	-30.513	0.040
14.360	-30.830	0.066
14.380	-30.776	0.110
14.400	-30.293	0.131
14.420	-29.364	0.165
14.440	-27.978	0.188
14.460	-26.200	0.218
14.480	-24.068	0.233
14.500	-21.576	0.260
14.520	-18.745	0.271
14.540	-15.673	0.284
14.560	-12.375	0.280
14.580	-8.889	0.289
14.600	-5.280	0.285
14.620	-1.579	0.282
14.640	2.111	0.271
14.660	5.795	0.262
14.680	9.362	0.239
14.700	12.842	0.222
14.720	16.113	0.193
14.740	19.137	0.168
14.760	21.930	0.142
14.780	24.358	0.109
14.800	26.453	0.079
14.820	28.150	0.044
14.840	29.460	0.010
14.860	30.347	-0.024
14.880	30.787	-0.050
14.900	30.798	-0.090
14.920	30.368	-0.115
14.940	29.503	-0.148
14.960	28.214	-0.178
14.980	26.528	-0.201
15.000	24.476	-0.221
15.020	22.027	-0.243
15.040	19.271	-0.251
15.060	16.264	-0.268
15.080	12.971	-0.270
15.100	9.550	-0.276
15.120	5.973	-0.272
15.140	2.310	-0.268
15.160	-1.375	-0.256
15.180	-5.070	-0.243
15.200	-8.680	-0.225
15.220	-12.182	-0.209
15.240	-15.479	-0.184
15.260	-18.552	-0.154
15.280	-21.398	-0.130
15.300	-23.885	-0.099
15.320	-26.077	-0.065
15.340	-27.865	-0.033
15.360	-29.278	-0.006
15.380	-30.234	0.035
15.400	-30.723	0.067
15.420	-30.873	0.100
15.440	-30.535	0.133
15.460	-29.767	0.162
15.480	-28.585	0.191
15.500	-26.925	0.213
15.520	-24.933	0.238
15.540	-22.569	0.253
15.560	-19.862	0.272
15.580	-16.892	0.280
15.600	-13.675	0.288
15.620	-10.253	0.291
15.640	-6.692	0.296
15.660	-3.019	0.284
15.680	0.682	0.282
15.700	4.383	0.260
15.720	7.976	0.253
15.740	11.521	0.229
15.760	14.862	0.214
15.780	17.999	0.180
15.800	20.877	0.158
15.820	23.461	0.120
15.840	25.679	0.099
15.860	27.527	0.056
15.880	29.004	0.032
15.900	30.051	-0.009
15.920	30.669	-0.037
15.940	30.857	-0.081
15.960	30.594	-0.102
15.980	29.885	-0.139
16.000	28.768	-0.165
16.020	27.215	-0.195
16.040	25.330	-0.214
16.060	23.021	-0.238
16.080	20.383	-0.247
16.100	17.472	-0.267
16.120	14.292	-0.267
16.140	10.909	-0.281
16.160	7.391	-0.271
16.180	3.760	-0.278
16.200	0.097	-0.263
16.220	-3.615	-0.256
16.240	-7.256	-0.231
16.260	-10.817	-0.223
16.280	-14.180	-0.192
16.300	-17.359	-0.176
16.320	-20.313	-0.140
16.340	-22.940	-0.122
16.360	-25.233	-0.079
16.380	-27.188	-0.059
16.400	-28.773	-0.013
16.420	-29.879	0.015
16.440	-30.572	0.052
16.460	-30.857	0.080
16.480	-30.690	0.117
16.500	-30.100	0.139
16.520	-29.047	0.178
16.540	-27.581	0.196
16.560	-25.733	0.230
16.580	-23.504	0.238
16.600	-20.942	0.263
16.620	-18.068	0.267
16.640	-14.937	0.284
16.660	-11.602	0.283
16.680	-8.073	0.288
16.700	-4.442	0.281
16.720	-0.757	0.281
16.740	2.954	0.262
16.760	6.606	0.254
16.780	10.162	0.228
16.800	13.594	0.215
16.820	16.806	0.184
16.840	19.798	0.163
16.860	22.505	0.126
16.880	24.847	0.097
16.900	26.872	0.063
16.920	28.467	0.035
16.940	29.697	-0.006
16.960	30.481	-0.038
16.980	30.830	-0.073
17.000	30.739	-0.102
17.020	30.212	-0.135
17.040	29.256	-0.163
17.060	27.876	-0.193
17.080	26.104	-0.213
17.100	23.966	-0.235
17.120	21.431	-0.252
17.140	18.638	-0.269
17.160	15.571	-0.278
17.180	12.251	-0.288
17.200	8.787	-0.286
17.220	5.188	-0.285
17.240	1.520	-0.276
17.260	-2.175	-0.268
17.280	-5.844	-0.252
17.300	-9.442	-0.238
17.320	-12.869	-0.213
17.340	-16.135	-0.194
17.360	-19.175	-0.160
17.380	-21.936	-0.139
17.400	-24.374	-0.103
17.420	-26.469	-0.078
17.440	-28.187	-0.040
17.460	-29.482	-0.006
17.480	-30.363	0.029
17.500	-30.755	0.056
17.520	-30.787	0.093
17.540	-30.368	0.122
17.560	-29.509	0.157
17.580	-28.198	0.179
17.600	-26.496	0.207
17.620	-24.406	0.222
17.640	-21.979	0.246
17.660	-19.207	0.257
17.680	-16.167	0.272
17.700	-12.934	0.277
17.720	-9.453	0.279
17.740	-5.876	0.278
17.760	-2.197	0.272
17.780	1.520	0.263
17.800	5.194	0.255
17.820	8.787	0.235
17.840	12.278	0.211
17.860	15.582	0.189
17.880	18.643	0.160
17.900	21.484	0.138
17.920	23.977	0.102
17.940	26.120	0.075
17.960	27.892	0.036
17.980	29.278	0.010
18.000	30.229	-0.035
18.020	30.739	-0.058
18.040	30.830	-0.102
18.060	30.476	-0.119
18.080	29.675	-0.160
18.100	28.467	-0.182
18.120	26.829	-0.212
18.140	24.852	-0.225
18.160	22.473	-0.253
18.180	19.766	-0.262
18.200	16.795	-0.280
18.220	13.578	-0.284
18.240	10.162	-0.288
18.260	6.596	-0.288
18.280	2.959	-0.281
18.300	-0.730	-0.276
18.320	-4.415	-0.259
18.340	-8.057	-0.243
18.360	-11.553	-0.222
18.380	-14.889	-0.199
18.400	-18.031	-0.174
18.420	-20.915	-0.147
18.440	-23.472	-0.119
18.460	-25.706	-0.082
18.480	-27.559	-0.053
18.500	-29.042	-0.018
18.520	-30.078	0.014
18.540	-30.680	0.052
18.560	-30.835	0.081
18.580	-30.604	0.121
18.600	-29.912	0.140
18.620	-28.789	0.179
18.640	-27.231	0.197
18.660	-25.282	0.226
18.680	-22.978	0.238
18.700	-20.346	0.265
18.720	-17.413	0.268
18.740	-14.239	0.286
18.760	-10.839	0.276
18.780	-7.305	0.288
18.800	-3.652	0.273
18.820	0.048	0.276
18.840	3.744	0.259
18.860	7.380	0.248
18.880	10.909	0.223
18.900	14.298	0.205
18.920	17.478	0.176
18.940	20.394	0.155
18.960	23.042	0.117
18.980	25.325	0.097
19.000	27.258	0.053
19.020	28.773	0.031
19.040	29.896	-0.014
19.060	30.588	-0.039
19.080	30.846	-0.080
19.100	30.658	-0.105
19.120	30.024	-0.141
19.140	28.982	-0.168
19.160	27.527	-0.194
19.180	25.668	-0.214
19.200	23.423	-0.240
19.220	20.851	-0.251
19.240	17.982	-0.269
19.260	14.846	-0.275
19.280	11.489	-0.282
19.300	7.992	-0.278
19.320	4.372	-0.276
19.340	0.687	-0.267
19.360	-3.013	-0.258
19.380	-6.660	-0.239
19.400	-10.243	-0.230
19.420	-13.637	-0.198
19.440	-16.854	-0.180
19.460	-19.857	-0.147
19.480	-22.548	-0.127
19.500	-24.906	-0.088
19.520	-26.925	-0.058
19.540	-28.563	-0.023
19.560	-29.745	0.008
19.580	-30.529	0.048
19.600	-30.830	0.074
19.620	-30.776	0.118
19.640	-30.271	0.140
19.660	-29.310	0.176
19.680	-27.908	0.194
19.700	-26.120	0.227
19.720	-23.960	0.238
19.740	-21.441	0.266
19.760	-18.595	0.272
19.780	-15.506	0.287
19.800	-12.225	0.288
19.820	-8.723	0.294
19.840	-5.092	0.287
19.860	-1.396	0.288
19.880	2.310	0.272
19.900	5.962	0.259
19.920	9.534	0.243
19.940	13.009	0.222
19.960	16.269	0.196
19.980	19.282	0.172
20.000	22.070	0.143
20.020	24.476	0.111
20.040	26.539	0.081
20.060	28.225	0.046
20.080	29.520	0.011
20.100	30.379	-0.021
20.120	30.803	-0.054
20.140	30.792	-0.091
20.160	30.336	-0.116
20.180	29.439	-0.152
20.200	28.139	-0.172
20.220	26.415	-0.205
20.240	24.363	-0.216
20.260	21.893	-0.244
20.280	19.137	-0.252
20.300	16.108	-0.266
20.320	12.832	-0.270
20.340	9.378	-0.277
20.360	5.806	-0.275
20.380	2.154	-0.267
20.400	-1.558	-0.256
20.420	-5.248	-0.243
20.440	-8.857	-0.221
20.460	-12.321	-0.205
20.480	-15.608	-0.184
20.500	-18.697	-0.152
20.520	-21.495	-0.130
20.540	-24.009	-0.098
20.560	-26.157	-0.065
20.580	-27.951	-0.034
20.600	-29.315	0.001
20.620	-30.239	0.035
20.640	-30.750	0.072
20.660	-30.862	0.101
20.680	-30.492	0.131
20.700	-29.708	0.160
20.720	-28.478	0.188
20.740	-26.829	0.213
20.760	-24.809	0.238
20.780	-22.424	0.250
20.800	-19.728	0.268
20.820	-16.709	0.278
20.840	-13.508	0.288
20.860	-10.082	0.287
20.880	-6.504	0.290
20.900	-2.831	0.281
20.920	0.870	0.278
20.940	4.560	0.264
20.960	8.175	0.251
20.980	11.682	0.224
21.000	15.028	0.208
21.020	18.144	0.176
21.040	21.017	0.158
21.060	23.579	0.114
21.080	25.781	0.097
21.100	27.624	0.050
21.120	29.063	0.027
21.140	30.078	-0.015
21.160	30.685	-0.043
21.180	30.852	-0.081
21.200	30.556	-0.108
21.220	29.831	-0.144
21.240	28.714	-0.171
21.260	27.140	-0.199
21.280	25.223	-0.215
21.300	22.908	-0.240
21.320	20.254	-0.254
21.340	17.322	-0.267
21.360	14.126	-0.276
21.380	10.758	-0.280
21.400	7.219	-0.279
21.420	3.583	-0.282
21.440	-0.097	-0.265
21.460	-3.771	-0.260
21.480	-7.450	-0.238
21.500	-10.973	-0.223
21.520	-14.341	-0.197
21.540	-17.504	-0.176
21.560	-20.421	-0.142
21.580	-23.042	-0.119
21.600	-25.330	-0.085
21.620	-27.274	-0.060
21.640	-28.816	-0.019
21.660	-29.901	0.010
21.680	-30.599	0.051
21.700	-30.852	0.079
21.720	-30.664	0.117
21.740	-30.046	0.139
21.760	-28.993	0.174
21.780	-27.500	0.193
21.800	-25.609	0.224
21.820	-23.386	0.237
21.840	-20.813	0.261
21.860	-17.907	0.265
21.880	-14.765	0.278
21.900	-11.414	0.277
21.920	-7.906	0.283
21.940	-4.259	0.276
21.960	-0.564	0.274
21.980	3.126	0.261
22.000	6.784	0.249
22.020	10.329	0.225
22.040	13.755	0.205
22.060	16.962	0.179
22.080	19.921	0.152
22.100	22.623	0.122
22.120	24.965	0.095
22.140	26.947	0.056
22.160	28.542	0.027
22.180	29.745	-0.006
22.200	30.508	-0.039
22.220	30.841	-0.076
22.240	30.728	-0.109
22.260	30.180	-0.141
22.280	29.197	-0.168
22.300	27.785	-0.200
22.320	26.012	-0.215
22.340	23.848	-0.242
22.360	21.318	-0.256
22.380	18.498	-0.275
22.400	15.420	-0.281
22.420	12.074	-0.288
22.440	8.621	-0.290
22.460	5.011	-0.292
22.480	1.343	-0.282
22.500	-2.353	-0.273
22.520	-6.010	-0.253
22.540	-9.604	-0.238
22.560	-13.041	-0.215
22.580	-16.296	-0.194
22.600	-19.336	-0.164
22.620	-22.070	-0.139
22.640	-24.487	-0.106
22.660	-26.571	-0.074
22.680	-28.257	-0.038
22.700	-29.525	-0.008
22.720	-30.395	0.033
22.740	-30.771	0.057
22.760	-30.776	0.100
22.780	-30.331	0.120
22.800	-29.455	0.158
22.820	-28.145	0.178
22.840	-26.399	0.211
22.860	-24.299	0.224
22.880	-21.866	0.250
22.900	-19.067	0.260
22.920	-16.022	0.273
22.940	-12.762	0.274
22.960	-9.281	0.286
22.980	-5.693	0.280
23.000	-2.020	0.277
23.020	1.692	0.264
23.040	5.371	0.252
23.060	8.948	0.235
23.080	12.439	0.213
23.100	15.737	0.190
23.120	18.799	0.163
23.140	21.619	0.138
23.160	24.089	0.104
23.180	26.216	0.081
23.200	27.962	0.036
23.220	29.337	0.014
23.240	30.250	-0.037
23.260	30.760	-0.052
23.280	30.819	-0.098
23.300	30.459	-0.117
23.320	29.627	-0.160
23.340	28.397	-0.179
23.360	26.753	-0.207
23.380	24.739	-0.226
23.400	22.344	-0.245
23.420	19.626	-0.266
23.440	16.634	-0.269
23.460	13.401	-0.286
23.480	9.979	-0.280
23.500	6.418	-0.288
23.520	2.766	-0.274
23.540	-0.929	-0.275
23.560	-4.608	-0.251
23.580	-8.245	-0.240
23.600	-11.730	-0.216
23.620	-15.061	-0.197
23.640	-18.203	-0.170
23.660	-21.071	-0.142
23.680	-23.611	-0.115
23.700	-25.813	-0.079
23.720	-27.672	-0.052
23.740	-29.138	-0.013
23.760	-30.143	0.017
23.780	-30.712	0.058
23.800	-30.841	0.085
23.820	-30.594	0.126
23.840	-29.896	0.143
23.860	-28.735	0.181
23.880	-27.162	0.199
23.900	-25.190	0.234
23.920	-22.886	0.239
23.940	-20.222	0.268
23.960	-17.268	0.271
23.980	-14.094	0.285
24.000	-10.699	0.286
24.020	-7.138	0.288
24.040	-3.480	0.281
24.060	0.226	0.281
24.080	3.916	0.261
24.100	7.546	0.255
24.120	11.097	0.227
24.140	14.448	0.210
24.160	17.623	0.180
24.180	20.528	0.155
24.200	23.171	0.122
24.220	25.427	0.095
24.240	27.339	0.061
24.260	28.837	0.029
24.280	29.949	-0.007
24.300	30.615	-0.035
24.320	30.857	-0.070
24.340	30.642	-0.103
24.360	29.998	-0.136
24.380	28.918	-0.164
24.400	27.419	-0.191
24.420	25.577	-0.211
24.440	23.305	-0.234
24.460	20.711	-0.247
24.480	17.832	-0.263
24.500	14.674	-0.269
24.520	11.328	-0.278
24.540	7.815	-0.274
24.560	4.195	-0.278
24.580	0.516	-0.258
24.600	-3.185	-0.261
24.620	-6.832	-0.230
24.640	-10.415	-0.225
24.660	-13.804	-0.193
24.680	-17.016	-0.174
24.700	-19.997	-0.140
24.720	-22.645	-0.121
24.740	-25.019	-0.081
24.760	-27.006	-0.058
24.780	-28.606	-0.017
24.800	-29.783	0.011
24.820	-30.567	0.049
24.840	-30.846	0.080
24.860	-30.739	0.117
24.880	-30.229	0.146
24.900	-29.246	0.176
24.920	-27.833	0.197
24.940	-25.991	0.231
24.960	-23.832	0.241
24.980	-21.296	0.267
25.000	-18.434	0.273
25.020	-15.356	0.291
25.040	-12.042	0.288
25.060	-8.535	0.296
25.080	-4.904	0.288
25.100	-1.219	0.286
25.120	2.487	0.271
25.140	6.150	0.263
25.160	9.727	0.238
25.180	13.181	0.223
25.200	16.430	0.193
25.220	19.422	0.176
25.240	22.177	0.139
25.260	24.589	0.108
25.280	26.641	0.078
25.300	28.295	0.044
25.320	29.579	0.013
25.340	30.406	-0.026
25.360	30.814	-0.053
25.380	30.766	-0.092
25.400	30.309	-0.117
25.420	29.391	-0.153
25.440	28.075	-0.173
25.460	26.340	-0.210
25.480	24.250	-0.217
25.500	21.758	-0.248
25.520	18.998	-0.255
25.540	15.958	-0.274
25.560	12.649	-0.276
25.580	9.211	-0.286
25.600	5.624	-0.286
25.620	1.966	-0.278
25.640	-1.724	-0.273
25.660	-5.409	-0.251
25.680	-9.018	-0.243
25.700	-12.493	-0.216
25.720	-15.753	-0.199
25.740	-18.815	-0.164
25.760	-21.629	-0.141
25.780	-24.105	-0.109
25.800	-26.249	-0.079
25.820	-27.989	-0.045
25.840	-29.348	-0.015
25.860	-30.304	0.023
25.880	-30.755	0.056
25.900	-30.835	0.089
25.920	-30.454	0.122
25.940	-29.643	0.151
25.960	-28.397	0.185
25.980	-26.743	0.213
26.000	-24.702	0.243
26.020	-22.301	0.255
26.040	-19.567	0.272
26.060	-16.548	0.281
26.080	-13.347	0.292
26.100	-9.894	0.289
26.120	-6.311	0.291
26.140	-2.637	0.282
26.160	1.069	0.278
26.180	4.748	0.264
26.200	8.341	0.249
26.220	11.854	0.226
26.240	15.195	0.202
26.260	18.294	0.176
26.280	21.151	0.150
26.300	23.697	0.116
26.320	25.873	0.089
26.340	27.699	0.053
26.360	29.127	0.025
26.380	30.132	-0.018
26.400	30.707	-0.044
26.420	30.835	-0.085
26.440	30.551	-0.109
26.460	29.799	-0.145
26.480	28.639	-0.169
26.500	27.065	-0.204
26.520	25.110	-0.218
26.540	22.784	-0.246
26.560	20.109	-0.252
26.580	17.177	-0.280
26.600	13.965	-0.285
26.620	10.581	-0.306
26.640	7.058	-0.296
26.660	3.405	-0.305
26.680	-0.279	-0.285
26.700	-3.969	-0.282
26.720	-7.611	-0.257
26.740	-11.150	-0.248
26.760	-14.497	-0.216
26.780	-17.671	-0.199
26.800	-20.577	-0.162
26.820	-23.160	-0.144
26.840	-25.443	-0.102
26.860	-27.344	-0.077
26.880	-28.880	-0.040
26.900	-29.960	-0.006
26.920	-30.599	0.029
26.940	-30.841	0.058
26.960	-30.631	0.107
26.980	-29.998	0.138
27.000	-28.939	0.174
27.020	-27.430	0.190
27.040	-25.513	0.223
27.060	-23.273	0.236
27.080	-20.668	0.255
27.100	-17.762	0.264
27.120	-14.609	0.280
27.140	-11.263	0.278
27.160	-7.729	0.281
27.180	-4.082	0.276
27.200	-0.387	0.274
27.220	3.314	0.256
27.240	6.945	0.251
27.260	10.506	0.221
27.280	13.911	0.205
27.300	17.112	0.176
27.320	20.066	0.155
27.340	22.741	0.118
27.360	25.072	0.098
27.380	27.043	0.056
27.400	28.612	0.027
27.420	29.799	-0.011
27.440	30.529	-0.038
27.460	30.846	-0.077
27.480	30.707	-0.106
27.500	30.143	-0.138
27.520	29.133	-0.167
27.540	27.720	-0.196
27.560	25.916	-0.216
27.580	23.729	-0.236
27.600	21.178	-0.255
27.620	18.348	-0.272
27.640	15.243	-0.283
27.660	11.924	-0.304
27.680	8.433	-0.302
27.700	4.839	-0.304
27.720	1.166	-0.292
27.740	-2.535	-0.285
27.760	-6.193	-0.265
27.780	-9.792	-0.254
27.800	-13.208	-0.226
27.820	-16.441	-0.209
27.840	-19.465	-0.176
27.860	-22.177	-0.154
27.880	-24.594	-0.114
27.900	-26.651	-0.089
27.920	-28.343	-0.048
27.940	-29.600	-0.019
27.960	-30.411	0.024
27.980	-30.787	0.047
28.000	-30.776	0.089
28.020	-30.314	0.124
28.040	-29.407	0.164
28.060	-28.064	0.183
28.080	-26.318	0.215
28.100	-24.191	0.230
28.120	-21.742	0.254
28.140	-18.938	0.266
28.160	-15.877	0.277
28.180	-12.611	0.280
28.200	-9.131	0.286
28.220	-5.538	0.281
28.240	-1.848	0.276
28.260	1.864	0.265
28.280	5.543	0.258
28.300	9.115	0.240
28.320	12.601	0.218
28.340	15.877	0.195
28.360	18.938	0.164
28.380	21.753	0.141
28.400	24.202	0.109
28.420	26.318	0.080
28.440	28.048	0.043
28.460	29.380	0.016
28.480	30.293	-0.026
28.500	30.766	-0.054
28.520	30.803	-0.093
28.540	30.417	-0.116
28.560	29.573	-0.155
28.580	28.311	-0.176
28.600	26.667	-0.201
28.620	24.637	-0.217
28.640	22.215	-0.247
28.660	19.481	-0.259
28.680	16.489	-0.276
28.700	13.229	-0.292
28.720	9.802	-0.298
28.740	6.230	-0.296
28.760	2.583	-0.286
28.780	-1.112	-0.280
28.800	-4.802	-0.264
28.820	-8.438	-0.252
28.840	-11.913	-0.228
28.860	-15.227	-0.206
28.880	-18.358	-0.179
28.900	-21.205	-0.153
28.920	-23.729	-0.120
28.940	-25.921	-0.090
28.960	-27.774	-0.054
28.980	-29.203	-0.021
29.000	-30.196	0.014
29.020	-30.717	0.048
29.040	-30.857	0.081
29.060	-30.583	0.114
29.080	-29.858	0.143
29.100	-28.671	0.193
29.120	-27.086	0.215
29.140	-25.104	0.240
29.160	-22.773	0.256
29.180	-20.088	0.277
29.200	-17.134	0.284
29.220	-13.933	0.294
29.240	-10.511	0.292
29.260	-6.961	0.300
29.280	-3.287	0.288
29.300	0.397	0.286
29.320	4.104	0.272
29.340	7.729	0.259
29.360	11.269	0.235
29.380	14.620	0.215
29.400	17.773	0.184
29.420	20.673	0.165
29.440	23.284	0.129
29.460	25.534	0.107
29.480	27.403	0.065
29.500	28.896	0.042
29.520	29.981	-0.001
29.540	30.637	-0.027
29.560	30.852	-0.069
29.580	30.621	-0.091
29.600	29.949	-0.131
29.620	28.870	-0.148
29.640	27.344	-0.188
29.660	25.475	-0.199
29.680	23.182	-0.230
29.700	20.582	-0.252
29.720	17.682	-0.275
29.740	14.529	-0.278
29.760	11.161	-0.288
29.780	7.654	-0.288
29.800	4.018	-0.282
29.820	0.338	-0.272
29.840	-3.362	-0.265
29.860	-7.009	-0.245
29.880	-10.570	-0.230
29.900	-13.954	-0.206
29.920	-17.155	-0.187
29.940	-20.109	-0.149
29.960	-22.768	-0.131
29.980	-25.088	-0.093
30.000	-27.076	-0.065
30.020	-28.660	-0.022
30.040	-29.836	-0.000
30.060	-30.562	0.043
30.080	-30.841	0.066
30.100	-30.733	0.112
30.120	-30.169	0.129
30.140	-29.165	0.177
30.160	-27.726	0.202
30.180	-25.873	0.234
30.200	-23.692	0.249
30.220	-21.157	0.267
30.240	-18.299	0.273
30.260	-15.184	0.295
30.280	-11.859	0.292
30.300	-8.352	0.298
30.320	-4.710	0.292
30.340	-1.026	0.289
30.360	2.686	0.275
30.380	6.343	0.266
30.400	9.910	0.242
30.420	13.342	0.225
30.440	16.591	0.197
30.460	19.567	0.175
30.480	22.328	0.141
30.500	24.686	0.112
30.520	26.737	0.083
30.540	28.370	0.048
30.560	29.627	0.014
30.580	30.438	-0.019
30.600	30.825	-0.056
30.620	30.771	-0.086
30.640	30.261	-0.119
30.660	29.342	-0.148
30.680	27.983	-0.176
30.700	26.254	-0.195
30.720	24.132	-0.224
30.740	21.629	-0.240
30.760	18.853	-0.276
30.780	15.802	-0.281
30.800	12.504	-0.291
30.820	9.045	-0.289
30.840	5.462	-0.290
30.860	1.783	-0.286
30.880	-1.907	-0.280
30.900	-5.581	-0.257
30.920	-9.185	-0.245
30.940	-12.638	-0.219
30.960	-15.904	-0.204
30.980	-18.971	-0.167
31.000	-21.764	-0.148
31.020	-24.208	-0.112
31.040	-26.334	-0.085
31.060	-28.075	-0.051
31.080	-29.412	-0.019
31.100	-30.309	0.021
31.120	-30.755	0.052
31.140	-30.819	0.086
31.160	-30.400	0.111
31.180	-29.595	0.150
31.200	-28.322	0.185
31.220	-26.646	0.214
31.240	-24.573	0.234
31.260	-22.177	0.255
31.280	-19.411	0.266
31.300	-16.398	0.277
31.320	-13.191	0.281
31.340	-9.727	0.288
31.360	-6.123	0.284
31.380	-2.465	0.282
31.400	1.246	0.273
31.420	4.915	0.262
31.440	8.524	0.244
31.460	12.042	0.222
31.480	15.345	0.200
31.500	18.444	0.173
31.520	21.280	0.148
31.540	23.815	0.113
31.560	25.985	0.087
31.580	27.779	0.049
31.600	29.181	0.019
31.620	30.169	-0.021
31.640	30.717	-0.047
31.660	30.841	-0.085
31.680	30.519	-0.114
31.700	29.745	-0.148
31.720	28.574	-0.168
31.740	26.963	-0.201
31.760	25.013	-0.218
31.780	22.661	-0.251
31.800	19.980	-0.274
31.820	17.021	-0.289
31.840	13.809	-0.293
31.860	10.415	-0.301
31.880	6.875	-0.299
31.900	3.228	-0.299
31.920	-0.462	-0.283
31.940	-4.146	-0.276
31.960	-7.793	-0.257
31.980	-11.317	-0.239
32.000	-14.642	-0.218
32.020	-17.811	-0.192
32.040	-20.706	-0.164
32.060	-23.289	-0.135
32.080	-25.540	-0.102
32.100	-27.419	-0.069
32.120	-28.945	-0.037
32.140	-30.003	-0.003
32.160	-30.642	0.031
32.180	-30.835	0.064
32.200	-30.621	0.097
32.220	-29.965	0.128
32.240	-28.848	0.171
32.260	-27.328	0.197
32.280	-25.421	0.222
32.300	-23.139	0.243
32.320	-20.518	0.260
32.340	-17.601	0.267
32.360	-14.459	0.281
32.380	-11.097	0.280
32.400	-7.557	0.283
32.420	-3.889	0.279
32.440	-0.193	0.276
32.460	3.491	0.261
32.480	7.127	0.248
32.500	10.672	0.226
32.520	14.078	0.212
32.540	17.273	0.180
32.560	20.201	0.163
32.580	22.875	0.124
32.600	25.174	0.098
32.620	27.129	0.064
32.640	28.682	0.032
32.660	29.836	-0.004
32.680	30.556	-0.035
32.700	30.846	-0.071
32.720	30.685	-0.101
32.740	30.083	-0.135
32.760	29.079	-0.162
32.780	27.650	-0.192
32.800	25.819	-0.209
32.820	23.606	-0.233
32.840	21.049	-0.253
32.860	18.219	-0.280
32.880	15.087	-0.292
32.900	11.747	-0.296
32.920	8.271	-0.296
32.940	4.641	-0.300
32.960	0.972	-0.288
32.980	-2.718	-0.280
33.000	-6.381	-0.259
33.020	-9.963	-0.244
33.040	-13.390	-0.221
33.060	-16.607	-0.202
33.080	-19.610	-0.171
33.100	-22.338	-0.149
33.120	-24.707	-0.111
33.140	-26.759	-0.087
33.160	-28.429	-0.046
33.180	-29.643	-0.015
33.200	-30.470	0.022
33.220	-30.814	0.052
33.240	-30.782	0.090
33.260	-30.293	0.125
33.280	-29.375	0.163
33.300	-27.989	0.187
33.320	-26.222	0.217
33.340	-24.100	0.232
33.360	-21.635	0.254
33.380	-18.799	0.266
33.400	-15.727	0.277
33.420	-12.439	0.281
33.440	-8.954	0.285
33.460	-5.355	0.284
33.480	-1.660	0.280
33.500	2.052	0.267
33.520	5.726	0.257
33.540	9.303	0.238
33.560	12.762	0.217
33.580	16.043	0.193
33.600	19.078	0.167
33.620	21.882	0.140
33.640	24.304	0.109
33.660	26.404	0.080
33.680	28.118	0.045
33.700	29.434	0.013
33.720	30.325	-0.026
33.740	30.782	-0.052
33.760	30.792	-0.089
33.780	30.390	-0.116
33.800	29.525	-0.147
33.820	28.252	-0.173
33.840	26.555	-0.201
33.860	24.514	-0.218
33.880	22.091	-0.243
33.900	19.341	-0.251
33.920	16.350	-0.271
33.940	13.068	-0.266
33.960	9.636	-0.280
33.980	6.064	-0.270
34.000	2.406	-0.273
34.020	-1.273	-0.256
34.040	-4.963	-0.249
34.060	-8.610	-0.226
34.080	-12.063	-0.213
34.100	-15.377	-0.185
34.120	-18.477	-0.162
34.140	-21.323	-0.132
34.160	-23.832	-0.103
34.180	-26.007	-0.070
34.200	-27.828	-0.038
34.220	-29.235	-0.006
34.240	-30.207	0.031
34.260	-30.701	0.062
34.280	-30.846	0.097
34.300	-30.524	0.128
34.320	-29.783	0.155
34.340	-28.580	0.188
34.360	-26.958	0.214
34.380	-24.970	0.238
34.400	-22.623	0.254
34.420	-19.927	0.269
34.440	-16.962	0.280
34.460	-13.734	0.289
34.480	-10.329	0.289
34.500	-6.757	0.295
34.520	-3.104	0.284
34.540	0.596	0.284
34.560	4.302	0.266
34.580	7.912	0.254
34.600	11.424	0.230
34.620	14.792	0.215
34.640	17.923	0.182
34.660	20.818	0.159
34.680	23.407	0.125
34.700	25.636	0.099
34.720	27.516	0.063
34.740	28.972	0.035
34.760	30.024	-0.008
34.780	30.658	-0.031
34.800	30.846	-0.074
34.820	30.604	-0.100
34.840	29.890	-0.132
34.860	28.800	-0.161
34.880	27.274	-0.189
34.900	25.368	-0.209
34.920	23.080	-0.232
34.940	20.442	-0.244
34.960	17.547	-0.262
34.980	14.373	-0.265
35.000	10.984	-0.276
35.020	7.477	-0.270
35.040	3.851	-0.272
35.060	0.156	-0.260
35.080	-3.540	-0.255
35.100	-7.181	-0.230
35.120	-10.710	-0.219
35.140	-14.099	-0.196
35.160	-17.290	-0.176
35.180	-20.228	-0.138
35.200	-22.886	-0.120
35.220	-25.185	-0.079
35.240	-27.156	-0.057
35.260	-28.730	-0.013
35.280	-29.853	0.012
35.300	-30.567	0.051
35.320	-30.841	0.082
35.340	-30.690	0.115
35.360	-30.132	0.140
35.380	-29.095	0.176
35.400	-27.624	0.194
35.420	-25.771	0.225
35.440	-23.558	0.242
35.460	-21.012	0.263
35.480	-18.144	0.271
35.500	-15.007	0.281
35.520	-11.671	0.283
35.540	-8.169	0.288
35.560	-4.528	0.284
35.580	-0.843	0.278
35.600	2.857	0.267
35.620	6.521	0.252
35.640	10.071	0.231
35.660	13.514	0.217
35.680	16.742	0.188
35.700	19.712	0.162
35.720	22.446	0.133
35.740	24.793	0.102
35.760	26.812	0.069
35.780	28.445	0.037
35.800	29.670	0.002
35.820	30.465	-0.031
35.840	30.830	-0.066
35.860	30.750	-0.097
35.880	30.239	-0.129
35.900	29.278	-0.156
35.920	27.908	-0.187
35.940	26.157	-0.205
35.960	24.025	-0.230
35.980	21.495	-0.247
36.000	18.708	-0.268
36.020	15.641	-0.273
36.040	12.332	-0.284
36.060	8.873	-0.284
36.080	5.285	-0.288
36.100	1.606	-0.272
36.120	-2.079	-0.266
36.140	-5.758	-0.251
36.160	-9.351	-0.235
36.180	-12.789	-0.215
36.200	-16.054	-0.190
36.220	-19.110	-0.162
36.240	-21.887	-0.137
36.260	-24.320	-0.106
36.280	-26.410	-0.077
36.300	-28.150	-0.041
36.320	-29.450	-0.011
36.340	-30.336	0.027
36.360	-30.760	0.056
36.380	-30.798	0.093
36.400	-30.368	0.120
36.420	-29.525	0.151
36.440	-28.241	0.175
36.460	-26.539	0.208
36.480	-24.460	0.226
36.500	-22.043	0.244
36.520	-19.288	0.256
36.540	-16.248	0.271
36.560	-13.003	0.275
36.580	-9.534	0.279
36.600	-5.957	0.278
36.620	-2.277	0.268
36.640	1.423	0.264
36.660	5.108	0.251
36.680	8.707	0.235
36.700	12.192	0.213
36.720	15.506	0.189
36.740	18.579	0.161
36.760	21.415	0.138
36.780	23.928	0.103
36.800	26.087	0.080
36.820	27.860	0.040
36.840	29.240	0.013
36.860	30.196	-0.031
36.880	30.733	-0.054
36.900	30.830	-0.093
36.920	30.497	-0.118
36.940	29.702	-0.157
36.960	28.504	-0.178
36.980	26.882	-0.210
37.000	24.911	-0.225
37.020	22.537	-0.251
37.040	19.835	-0.263
37.060	16.887	-0.280
37.080	13.643	-0.282
37.100	10.248	-0.288
37.120	6.698	-0.287
37.140	3.040	-0.284
37.160	-0.645	-0.272
37.180	-4.340	-0.263
37.200	-7.965	-0.243
37.220	-11.473	-0.230
37.240	-14.803	-0.203
37.260	-17.945	-0.180
37.280	-20.840	-0.147
37.300	-23.396	-0.124
37.320	-25.647	-0.087
37.340	-27.516	-0.058
37.360	-28.999	-0.020
37.380	-30.035	0.010
37.400	-30.647	0.048
37.420	-30.846	0.077
37.440	-30.588	0.114
37.460	-29.922	0.134
37.480	-28.800	0.174
37.500	-27.248	0.189
37.520	-25.309	0.223
37.540	-23.026	0.236
37.560	-20.389	0.260
37.580	-17.478	0.263
37.600	-14.287	0.278
37.620	-10.919	0.276
37.640	-7.375	0.283
37.660	-3.717	0.273
37.680	-0.032	0.276
37.700	3.679	0.257
37.720	7.310	0.250
37.740	10.839	0.222
37.760	14.223	0.204
37.780	17.408	0.180
37.800	20.340	0.155
37.820	22.983	0.122
37.840	25.276	0.096
37.860	27.210	0.056
37.880	28.746	0.026
37.900	29.879	-0.011
37.920	30.583	-0.038
37.940	30.846	-0.075
37.960	30.685	-0.105
37.980	30.073	-0.138
38.000	29.009	-0.164
38.020	27.538	-0.193
38.040	25.722	-0.210
38.060	23.488	-0.238
38.080	20.920	-0.248
38.100	18.063	-0.272
38.120	14.937	-0.272
38.140	11.602	-0.283
38.160	8.089	-0.280
38.180	4.469	-0.284
38.200	0.795	-0.270
38.220	-2.906	-0.262
38.240	-6.569	-0.239
38.260	-10.146	-0.230
38.280	-13.557	-0.200
38.300	-16.769	-0.186
38.320	-19.766	-0.151
38.340	-22.462	-0.131
38.360	-24.836	-0.092
38.380	-26.855	-0.066
38.400	-28.504	-0.028
38.420	-29.697	0.003
38.440	-30.492	0.042
38.460	-30.835	0.068
38.480	-30.755	0.108
38.500	-30.255	0.130
38.520	-29.310	0.168
38.540	-27.919	0.190
38.560	-26.141	0.221
38.580	-23.993	0.237
38.600	-21.490	0.256
38.620	-18.654	0.268
38.640	-15.560	0.280
38.660	-12.284	0.284
38.680	-8.782	0.292
38.700	-5.178	0.286
38.720	-1.477	0.284
38.740	2.224	0.271
38.760	5.892	0.263
38.780	9.464	0.242
38.800	12.928	0.224
38.820	16.194	0.199
38.840	19.229	0.173
38.860	22.005	0.145
38.880	24.417	0.113
38.900	26.501	0.083
38.920	28.187	0.048
38.940	29.498	0.013
38.960	30.357	-0.021
38.980	30.803	-0.048
39.000	30.798	-0.084
39.020	30.368	-0.114
39.040	29.477	-0.147
39.060	28.182	-0.172
39.080	26.474	-0.196
39.100	24.412	-0.218
39.120	21.957	-0.236
39.140	19.196	-0.255
39.160	16.188	-0.259
39.180	12.896	-0.275
39.200	9.469	-0.270
39.220	5.897	-0.276
39.240	2.234	-0.267
39.260	-1.461	-0.259
39.280	-5.146	-0.242
39.300	-8.744	-0.226
39.320	-12.251	-0.211
39.340	-15.522	-0.182
39.360	-18.627	-0.155
39.380	-21.447	-0.131
39.400	-23.934	-0.100
39.420	-26.098	-0.068
39.440	-27.897	-0.037
39.460	-29.278	-0.004
39.480	-30.223	0.034
39.500	-30.733	0.065
39.520	-30.825	0.097
39.540	-30.508	0.128
39.560	-29.718	0.162
39.580	-28.504	0.189
39.600	-26.855	0.214
39.620	-24.852	0.236
39.640	-22.483	0.254
39.660	-19.787	0.272
39.680	-16.801	0.279
39.700	-13.573	0.288
39.720	-10.135	0.288
39.740	-6.590	0.291
39.760	-2.911	0.283
39.780	0.790	0.280
39.800	4.469	0.267
39.820	8.100	0.250
39.840	11.607	0.229
39.860	14.953	0.209
39.880	18.090	0.181
39.900	20.953	0.158
39.920	23.525	0.118
39.940	25.728	0.096
39.960	27.581	0.056
39.980	29.036	0.028
40.000	30.073	-0.011
40.020	30.674	-0.039
40.040	30.862	-0.077
40.060	30.572	-0.106
40.080	29.869	-0.137
40.100	28.735	-0.168
40.120	27.188	-0.193
40.140	25.276	-0.216
40.160	22.956	-0.232
40.180	20.319	-0.254
40.200	17.402	-0.262
40.220	14.207	-0.279
40.240	10.839	-0.272
40.260	7.305	-0.280
40.280	3.679	-0.274
40.300	-0.016	-0.267
40.320	-3.695	-0.251
40.340	-7.348	-0.237
40.360	-10.887	-0.223
40.380	-14.260	-0.196
40.400	-17.418	-0.176
40.420	-20.362	-0.143
40.440	-22.978	-0.122
40.460	-25.276	-0.083
40.480	-27.226	-0.059
40.500	-28.784	-0.019
40.520	-29.896	0.010
40.540	-30.578	0.050
40.560	-30.841	0.077
40.580	-30.664	0.118
40.600	-30.073	0.136
40.620	-29.020	0.172
40.640	-27.538	0.194
40.660	-25.652	0.223
40.680	-23.445	0.240
40.700	-20.856	0.259
40.720	-17.977	0.265
40.740	-14.835	0.281
40.760	-11.500	0.279
40.780	-7.981	0.285
40.800	-4.345	0.276
40.820	-0.655	0.272
40.840	3.056	0.263
40.860	6.698	0.251
40.880	10.253	0.230
40.900	13.675	0.208
40.920	16.887	0.184
40.940	19.862	0.160
40.960	22.569	0.125
40.980	24.906	0.098
41.000	26.909	0.061
41.020	28.515	0.031
41.040	29.729	-0.002
41.060	30.502	-0.039
41.080	30.830	-0.072
41.100	30.733	-0.104
41.120	30.202	-0.136
41.140	29.224	-0.164
41.160	27.838	-0.193
41.180	26.061	-0.215
41.200	23.907	-0.238
41.220	21.377	-0.253
41.240	18.573	-0.267
41.260	15.490	-0.282
41.280	12.176	-0.287
41.300	8.701	-0.284
41.320	5.103	-0.288
41.340	1.423	-0.278
41.360	-2.261	-0.272
41.380	-5.935	-0.251
41.400	-9.518	-0.241
41.420	-12.960	-0.212
41.440	-16.210	-0.193
41.460	-19.239	-0.162
41.480	-22.005	-0.139
41.500	-24.412	-0.106
41.520	-26.506	-0.077
41.540	-28.220	-0.042
41.560	-29.514	-0.010
41.580	-30.368	0.028
41.600	-30.771	0.055
41.620	-30.787	0.093
41.640	-30.331	0.119
41.660	-29.466	0.156
41.680	-28.171	0.177
41.700	-26.437	0.205
41.720	-24.342	0.226
41.740	-21.903	0.247
41.760	-19.132	0.255
41.780	-16.097	0.272
41.800	-12.832	0.274
41.820	-9.362	0.280
41.840	-5.763	0.276
41.860	-2.100	0.274
41.880	1.606	0.263
41.900	5.291	0.250
41.920	8.878	0.234
41.940	12.364	0.214
41.960	15.657	0.192
41.980	18.718	0.164
42.000	21.554	0.136
42.020	24.046	0.103
42.040	26.184	0.077
42.060	27.935	0.040
42.080	29.299	0.009
42.100	30.245	-0.030
42.120	30.744	-0.056
42.140	30.825	-0.098
42.160	30.465	-0.118
42.180	29.654	-0.157
42.200	28.429	-0.176
42.220	26.802	-0.209
42.240	24.804	-0.226
42.260	22.414	-0.253
42.280	19.690	-0.260
42.300	16.715	-0.280
42.320	13.476	-0.279
42.340	10.060	-0.290
42.360	6.526	-0.283
42.380	2.874	-0.283
42.400	-0.822	-0.268
42.420	-4.512	-0.259
42.440	-8.143	-0.238
42.460	-11.650	-0.222
42.480	-14.969	-0.201
42.500	-18.106	-0.172
42.520	-20.969	-0.146
42.540	-23.515	-0.117
42.560	-25.754	-0.085
42.580	-27.597	-0.055
42.600	-29.079	-0.018
42.620	-30.094	0.014
42.640	-30.674	0.051
42.660	-30.830	0.082
42.680	-30.567	0.116
42.700	-29.874	0.143
42.720	-28.746	0.179
42.740	-27.183	0.198
42.760	-25.228	0.227
42.780	-22.918	0.241
42.800	-20.271	0.265
42.820	-17.306	0.268
42.840	-14.153	0.284
42.860	-10.758	0.280
42.880	-7.197	0.286
42.900	-3.540	0.276
42.920	0.156	0.276
42.940	3.846	0.260
42.960	7.460	0.248
42.980	11.027	0.225
43.000	14.395	0.205
43.020	17.563	0.177
43.040	20.469	0.155
43.060	23.106	0.118
43.080	25.384	0.097
43.100	27.285	0.056
43.120	28.811	0.029
43.140	29.933	-0.009
43.160	30.610	-0.038
43.180	30.862	-0.076
43.200	30.653	-0.102
43.220	30.019	-0.140
43.240	28.950	-0.161
43.260	27.473	-0.195
43.280	25.615	-0.211
43.300	23.364	-0.231
43.320	20.786	-0.250
43.340	17.907	-0.266
43.360	14.760	-0.272
43.380	11.414	-0.279
43.400	7.912	-0.276
43.420	4.297	-0.280
43.440	0.618	-0.263
43.460	-3.088	-0.263
43.480	-6.735	-0.235
43.500	-10.323	-0.226
43.520	-13.707	-0.196
43.540	-16.924	-0.179
43.560	-19.884	-0.143
43.580	-22.580	-0.122
43.600	-24.927	-0.084
43.620	-26.920	-0.060
43.640	-28.563	-0.022
43.660	-29.745	0.009
43.680	-30.529	0.048
43.700	-30.814	0.077
43.720	-30.739	0.115
43.740	-30.229	0.140
43.760	-29.240	0.176
43.780	-27.844	0.195
43.800	-26.028	0.226
43.820	-23.875	0.239
43.840	-21.345	0.266
43.860	-18.503	0.271
43.880	-15.404	0.288
43.900	-12.117	0.286
43.920	-8.599	0.293
43.940	-4.984	0.289
43.960	-1.294	0.290
43.980	2.401	0.274
44.000	6.069	0.261
44.020	9.646	0.243
44.040	13.095	0.226
44.060	16.360	0.196
44.080	19.357	0.173
44.100	22.134	0.142
44.120	24.541	0.113
44.140	26.592	0.081
44.160	28.268	0.045
44.180	29.546	0.017
44.200	30.390	-0.020
44.220	30.809	-0.048
44.240	30.776	-0.089
44.260	30.314	-0.113
44.280	29.423	-0.153
44.300	28.096	-0.171
44.320	26.394	-0.202
44.340	24.310	-0.216
44.360	21.828	-0.243
44.380	19.078	-0.250
44.400	16.027	-0.267
44.420	12.740	-0.268
44.440	9.297	-0.276
44.460	5.726	-0.277
44.480	2.052	-0.263
44.500	-1.633	-0.260
44.520	-5.312	-0.242
44.540	-8.916	-0.230
44.560	-12.402	-0.204
44.580	-15.689	-0.187
44.600	-18.756	-0.156
44.620	-21.560	-0.131
44.640	-24.052	-0.096
44.660	-26.195	-0.071
44.680	-27.962	-0.034
44.700	-29.326	-0.002
44.720	-30.261	0.035
44.740	-30.733	0.064
44.760	-30.841	0.100
44.780	-30.459	0.131
44.800	-29.665	0.159
44.820	-28.429	0.192
44.840	-26.753	0.212
44.860	-24.739	0.240
44.880	-22.349	0.254
44.900	-19.626	0.268
44.920	-16.629	0.278
44.940	-13.401	0.289
44.960	-9.979	0.288
44.980	-6.402	0.293
45.000	-2.718	0.279
45.020	0.983	0.276
45.040	4.662	0.263
45.060	8.271	0.248
45.080	11.790	0.222
45.100	15.125	0.205
45.120	18.224	0.174
45.140	21.092	0.152
45.160	23.638	0.117
45.180	25.835	0.093
45.200	27.650	0.051
45.220	29.095	0.026
45.240	30.116	-0.015
45.260	30.696	-0.041
45.280	30.846	-0.084
45.300	30.551	-0.108
45.320	29.815	-0.144
45.340	28.671	-0.168
45.360	27.086	-0.198
45.380	25.169	-0.218
45.400	22.838	-0.238
45.420	20.179	-0.250
45.440	17.252	-0.271
45.460	14.051	-0.277
45.480	10.662	-0.282
45.500	7.122	-0.282
45.520	3.497	-0.276
45.540	-0.199	-0.273
45.560	-3.878	-0.255
45.580	-7.525	-0.236
45.600	-11.054	-0.220
45.620	-14.421	-0.197
45.640	-17.585	-0.178
45.660	-20.496	-0.144
45.680	-23.106	-0.125
45.700	-25.378	-0.082
45.720	-27.312	-0.061
45.740	-28.832	-0.021
45.760	-29.933	0.010
45.780	-30.594	0.046
45.800	-30.825	0.077
45.820	-30.642	0.114
45.840	-30.030	0.135
45.860	-28.961	0.172
45.880	-27.452	0.193
45.900	-25.556	0.225
45.920	-23.327	0.236
45.940	-20.738	0.257
45.960	-17.843	0.263
45.980	-14.690	0.276
46.000	-11.344	0.276
46.020	-7.804	0.282
46.040	-4.168	0.276
46.060	-0.473	0.272
46.080	3.233	0.257
46.100	6.864	0.246
46.120	10.420	0.223
46.140	13.836	0.206
46.160	17.037	0.176
46.180	19.997	0.155
46.200	22.687	0.119
46.220	25.008	0.093
46.240	27.006	0.055
46.260	28.574	0.030
46.280	29.772	-0.015
46.300	30.524	-0.038
46.320	30.835	-0.081
46.340	30.712	-0.104
46.360	30.143	-0.143
46.380	29.165	-0.167
46.400	27.758	-0.200
46.420	25.964	-0.215
46.440	23.789	-0.241
46.460	21.248	-0.258
46.480	18.417	-0.271
46.500	15.329	-0.281
46.520	12.004	-0.288
46.540	8.519	-0.289
46.560	4.920	-0.285
46.580	1.235	-0.279
46.600	-2.449	-0.271
46.620	-6.112	-0.253
46.640	-9.706	-0.237
46.660	-13.127	-0.214
46.680	-16.387	-0.193
46.700	-19.411	-0.163
46.720	-22.134	-0.139
46.740	-24.546	-0.102
46.760	-26.625	-0.075
46.780	-28.306	-0.037
46.800	-29.584	-0.009
46.820	-30.422	0.034
46.840	-30.782	0.059
46.860	-30.782	0.097
46.880	-30.331	0.123
46.900	-29.450	0.160
46.920	-28.107	0.177
46.940	-26.351	0.209
46.960	-24.256	0.225
46.980	-21.817	0.254
47.000	-19.008	0.260
47.020	-15.952	0.273
47.040	-12.687	0.276
47.060	-9.211	0.284
47.080	-5.618	0.278
47.100	-1.928	0.276
47.120	1.767	0.268
47.140	5.452	0.258
47.160	9.045	0.233
47.180	12.520	0.214
47.200	15.812	0.189
47.220	18.863	0.164
47.240	21.683	0.138
47.260	24.154	0.105
47.280	26.265	0.077
47.300	28.000	0.037
47.320	29.353	0.008
47.340	30.277	-0.026
47.360	30.766	-0.054
47.380	30.809	-0.094
47.400	30.427	-0.120
47.420	29.595	-0.154
47.440	28.359	-0.180
47.460	26.694	-0.206
47.480	24.691	-0.227
47.500	22.285	-0.246
47.520	19.540	-0.259
47.540	16.559	-0.275
47.560	13.310	-0.280
47.580	9.877	-0.282
47.600	6.316	-0.280
47.620	2.664	-0.276
47.640	-1.015	-0.270
47.660	-4.716	-0.259
47.680	-8.336	-0.235
47.700	-11.843	-0.221
47.720	-15.163	-0.196
47.740	-18.272	-0.171
47.760	-21.157	-0.143
47.780	-23.697	-0.114
47.800	-25.878	-0.080
47.820	-27.726	-0.047
47.840	-29.165	-0.015
47.860	-30.180	0.022
47.880	-30.739	0.056
47.900	-30.857	0.087
47.920	-30.594	0.122
47.940	-29.879	0.147
47.960	-28.730	0.180
47.980	-27.146	0.201
48.000	-25.147	0.224
48.020	-22.833	0.243
48.040	-20.142	0.267
48.060	-17.214	0.274
48.080	-14.019	0.284
48.100	-10.608	0.282
48.120	-7.058	0.291
48.140	-3.384	0.280
48.160	0.306	0.280
48.180	4.007	0.265
48.200	7.632	0.255
48.220	11.167	0.226
48.240	14.540	0.209
48.260	17.692	0.176
48.280	20.609	0.157
48.300	23.225	0.121
48.320	25.480	0.102
48.340	27.382	0.057
48.360	28.880	0.033
48.380	29.960	-0.010
48.400	30.626	-0.034
48.420	30.841	-0.074
48.440	30.631	-0.102
48.460	29.960	-0.133
48.480	28.891	-0.162
48.500	27.403	-0.190
48.520	25.523	-0.209
48.540	23.241	-0.231
48.560	20.646	-0.247
48.580	17.762	-0.259
48.600	14.604	-0.269
48.620	11.231	-0.274
48.640	7.729	-0.278
48.660	4.104	-0.274
48.680	0.430	-0.263
48.700	-3.292	-0.253
48.720	-6.929	-0.234
48.740	-10.500	-0.220
48.760	-13.900	-0.191
48.780	-17.085	-0.172
48.800	-20.061	-0.139
48.820	-22.709	-0.122
48.840	-25.051	-0.082
48.860	-27.049	-0.055
48.880	-28.639	-0.015
48.900	-29.820	0.011
48.920	-30.556	0.055
48.940	-30.852	0.080
48.960	-30.733	0.120
48.980	-30.202	0.140
49.000	-29.197	0.181
49.020	-27.774	0.197
49.040	-25.953	0.232
49.060	-23.767	0.247
49.080	-21.227	0.267
49.100	-18.369	0.272
49.120	-15.249	0.292
49.140	-11.940	0.285
49.160	-8.443	0.298
49.180	-4.812	0.288
49.200	-1.117	0.286
49.220	2.589	0.272
49.240	6.241	0.263
49.260	9.808	0.242
49.280	13.267	0.222
49.300	16.495	0.194
49.320	19.502	0.170
49.340	22.258	0.142
49.360	24.637	0.112
49.380	26.684	0.079
49.400	28.338	0.045
49.420	29.595	0.010
49.440	30.422	-0.023
49.460	30.819	-0.056
49.480	30.766	-0.089
49.500	30.288	-0.116
49.520	29.369	-0.149
49.540	28.026	-0.179
49.560	26.292	-0.203
49.580	24.197	-0.222
49.600	21.699	-0.243
49.620	18.917	-0.254
49.640	15.866	-0.267
49.660	12.574	-0.274
49.680	9.131	-0.277
49.700	5.548	-0.276
49.720	1.869	-0.268
49.740	-1.826	-0.262
49.760	-5.505	-0.245
49.780	-9.109	-0.233
49.800	-12.574	-0.204
49.820	-15.834	-0.189
49.840	-18.896	-0.155
49.860	-21.688	-0.135
49.880	-24.159	-0.098
49.900	-26.286	-0.065
49.920	-28.042	-0.038
49.940	-29.369	-0.003
49.960	-30.309	0.032
49.980	-30.760	0.064
50.000	-30.841	0.101
50.020	-30.438	0.128
50.040	-29.611	0.159
50.060	-28.354	0.181
50.080	-26.684	0.213
50.100	-24.637	0.230
50.120	-22.226	0.251
50.140	-19.486	0.264
50.160	-16.484	0.276
50.180	-13.261	0.282
50.200	-9.824	0.288
50.220	-6.225	0.284
50.240	-2.557	0.277
50.260	1.166	0.272
50.280	4.845	0.258
50.300	8.438	0.242
50.320	11.940	0.220
50.340	15.270	0.199
50.360	18.375	0.174
50.380	21.216	0.147
50.400	23.751	0.112
50.420	25.932	0.089
50.440	27.742	0.048
50.460	29.160	0.020
50.480	30.148	-0.024
50.500	30.712	-0.049
50.520	30.835	-0.089
50.540	30.524	-0.114
50.560	29.777	-0.148
50.580	28.606	-0.175
50.600	27.011	-0.205
50.620	25.067	-0.220
50.640	22.725	-0.248
50.660	20.034	-0.254
50.680	17.091	-0.277
50.700	13.900	-0.279
50.720	10.500	-0.288
50.740	6.950	-0.284
50.760	3.314	-0.286
50.780	-0.371	-0.272
50.800	-4.061	-0.263
50.820	-7.697	-0.240
50.840	-11.226	-0.229
50.860	-14.577	-0.205
50.880	-17.735	-0.180
50.900	-20.625	-0.147
50.920	-23.230	-0.123
50.940	-25.480	-0.089
50.960	-27.398	-0.062
50.980	-28.913	-0.025
51.000	-29.971	0.010
51.020	-30.621	0.046
51.040	-30.825	0.073
51.060	-30.626	0.110
51.080	-29.998	0.135
51.100	-28.891	0.171
51.120	-27.366	0.189
51.140	-25.454	0.218
51.160	-23.208	0.236
51.180	-20.609	0.254
51.200	-17.676	0.263
51.220	-14.523	0.280
51.240	-11.161	0.276
51.260	-7.632	0.281
51.280	-4.001	0.272
51.300	-0.295	0.273
51.320	3.405	0.255
51.340	7.052	0.246
51.360	10.581	0.222
51.380	13.997	0.206
51.400	17.187	0.172
51.420	20.136	0.152
51.440	22.816	0.115
51.460	25.115	0.094
51.480	27.081	0.054
51.500	28.644	0.024
51.520	29.815	-0.014
51.540	30.551	-0.039
51.560	30.846	-0.081
51.580	30.701	-0.110
51.600	30.121	-0.140
51.620	29.111	-0.169
51.640	27.667	-0.202
51.660	25.867	-0.218
51.680	23.670	-0.244
51.700	21.114	-0.253
51.720	18.278	-0.277
51.740	15.168	-0.282
51.760	11.827	-0.291
51.780	8.347	-0.286
51.800	4.753	-0.289
51.820	1.069	-0.276
51.840	-2.632	-0.272
51.860	-6.290	-0.251
51.880	-9.856	-0.236
51.900	-13.293	-0.213
51.920	-16.521	-0.192
51.940	-19.540	-0.159
51.960	-22.252	-0.135
51.980	-24.648	-0.103
52.000	-26.710	-0.071
52.020	-28.365	-0.034
52.040	-29.616	-0.008
52.060	-30.449	0.035
52.080	-30.792	0.060
52.100	-30.782	0.102
52.120	-30.298	0.126
52.140	-29.391	0.160
52.160	-28.042	0.184
52.180	-26.259	0.210
52.200	-24.138	0.232
52.220	-21.667	0.252
52.240	-18.874	0.264
52.260	-15.802	0.273
52.280	-12.515	0.277
52.300	-9.040	0.285
52.320	-5.425	0.284
52.340	-1.762	0.276
52.360	1.950	0.266
52.380	5.629	0.255
52.400	9.206	0.235
52.420	12.687	0.218
52.440	15.963	0.193
52.460	19.003	0.167
52.480	21.817	0.137
52.500	24.250	0.107
52.520	26.361	0.075
52.540	28.085	0.040
52.560	29.417	0.010
52.580	30.304	-0.029
52.600	30.771	-0.053
52.620	30.809	-0.093
52.640	30.406	-0.119
52.660	29.552	-0.155
52.680	28.295	-0.182
52.700	26.614	-0.202
52.720	24.573	-0.224
52.740	22.145	-0.247
52.760	19.411	-0.259
52.780	16.414	-0.274
52.800	13.148	-0.278
52.820	9.722	-0.282
52.840	6.150	-0.279
52.860	2.492	-0.279
52.880	-1.219	-0.268
52.900	-4.888	-0.253
52.920	-8.513	-0.236
52.940	-12.021	-0.217
52.960	-15.308	-0.193
52.980	-18.444	-0.169
53.000	-21.264	-0.138
53.020	-23.794	-0.110
53.040	-25.996	-0.077
53.060	-27.817	-0.045
53.080	-29.229	-0.010
53.100	-30.229	0.026
53.120	-30.733	0.060
53.140	-30.835	0.093
53.160	-30.572	0.126
53.180	-29.836	0.154
53.200	-28.644	0.184
53.220	-27.038	0.208
53.240	-25.051	0.233
53.260	-22.698	0.249
53.280	-20.018	0.270
53.300	-17.048	0.277
53.320	-13.852	0.288
53.340	-10.441	0.288
53.360	-6.886	0.288
53.380	-3.207	0.288
53.400	0.489	0.284
53.420	4.200	0.263
53.440	7.815	0.253
53.460	11.349	0.230
53.480	14.706	0.213
53.500	17.848	0.179
53.520	20.749	0.160
53.540	23.343	0.124
53.560	25.577	0.097
53.580	27.462	0.058
53.600	28.945	0.031
53.620	30.014	-0.007
53.640	30.642	-0.031
53.660	30.852	-0.075
53.680	30.615	-0.097
53.700	29.938	-0.137
53.720	28.827	-0.156
53.740	27.285	-0.190
53.760	25.421	-0.209
53.780	23.133	-0.232
53.800	20.512	-0.245
53.820	17.606	-0.263
53.840	14.443	-0.263
53.860	11.070	-0.275
53.880	7.557	-0.271
53.900	3.926	-0.274
53.920	0.242	-0.263
53.940	-3.459	-0.254
53.960	-7.090	-0.234
53.980	-10.656	-0.218
54.000	-14.035	-0.193
54.020	-17.236	-0.171
54.040	-20.179	-0.138
54.060	-22.838	-0.119
54.080	-25.158	-0.076
54.100	-27.119	-0.054
54.120	-28.730	-0.015
54.140	-29.858	0.012
54.160	-30.583	0.055
54.180	-30.868	0.080
54.200	-30.712	0.119
54.220	-30.148	0.143
54.240	-29.133	0.178
54.260	-27.699	0.199
54.280	-25.835	0.233
54.300	-23.633	0.244
54.320	-21.092	0.263
54.340	-18.213	0.271
54.360	-15.109	0.288
54.380	-11.773	0.287
54.400	-8.255	0.296
54.420	-4.608	0.288
54.440	-0.924	0.284
54.460	2.766	0.267
54.480	6.424	0.259
54.500	9.996	0.235
54.520	13.433	0.219
54.540	16.656	0.189
54.560	19.642	0.170
54.580	22.392	0.135
54.600	24.750	0.106
54.620	26.775	0.073
54.640	28.408	0.041
54.660	29.654	0.010
54.680	30.449	-0.029
54.700	30.825	-0.064
54.720	30.755	-0.092
54.740	30.255	-0.126
54.760	29.310	-0.155
54.780	27.951	-0.184
54.800	26.200	-0.206
54.820	24.079	-0.225
54.840	21.570	-0.245
54.860	18.777	-0.260
54.880	15.716	-0.272
54.900	12.423	-0.277
54.920	8.954	-0.280
54.940	5.366	-0.280
54.960	1.703	-0.270
54.980	-1.998	-0.267
55.000	-5.683	-0.244
55.020	-9.287	-0.230
55.040	-12.719	-0.210
55.060	-15.990	-0.189
55.080	-19.051	-0.157
55.100	-21.823	-0.135
55.120	-24.272	-0.101
55.140	-26.377	-0.069
55.160	-28.102	-0.038
55.180	-29.423	-0.005
55.200	-30.341	0.032
55.220	-30.760	0.060
55.240	-30.809	0.099
55.260	-30.400	0.127
55.280	-29.541	0.160
55.300	-28.295	0.183
55.320	-26.582	0.210
55.340	-24.524	0.230
55.360	-22.091	0.250
55.380	-19.336	0.261
55.400	-16.328	0.272
55.420	-13.095	0.281
55.440	-9.609	0.281
55.460	-6.042	0.284
55.480	-2.363	0.276
55.500	1.332	0.268
55.520	5.017	0.256
55.540	8.610	0.238
55.560	12.117	0.215
55.580	15.426	0.193
55.600	18.514	0.167
55.620	21.355	0.142
55.640	23.875	0.105
55.660	26.039	0.080
55.680	27.828	0.039
55.700	29.213	0.014
55.720	30.186	-0.026
55.740	30.728	-0.054
55.760	30.825	-0.097
55.780	30.508	-0.120
55.800	29.729	-0.155
55.820	28.531	-0.180
55.840	26.936	-0.209
55.860	24.949	-0.223
55.880	22.591	-0.252
55.900	19.911	-0.261
55.920	16.946	-0.280
55.940	13.723	-0.282
55.960	10.323	-0.291
55.980	6.778	-0.286
56.000	3.137	-0.288
56.020	-0.542	-0.276
56.040	-4.227	-0.263
56.060	-7.879	-0.244
56.080	-11.403	-0.230
56.100	-14.733	-0.201
56.120	-17.875	-0.182
56.140	-20.759	-0.148
56.160	-23.348	-0.126
56.180	-25.593	-0.089
56.200	-27.479	-0.064
56.220	-28.961	-0.023
56.240	-30.019	0.010
56.260	-30.637	0.043
56.280	-30.846	0.075
56.300	-30.604	0.112
56.320	-29.933	0.139
56.340	-28.837	0.173
56.360	-27.280	0.191
56.380	-25.368	0.219
56.400	-23.085	0.236
56.420	-20.458	0.255
56.440	-17.531	0.266
56.460	-14.378	0.276
56.480	-10.995	0.275
56.500	-7.460	0.282
56.520	-3.797	0.275
56.540	-0.113	0.270
56.560	3.583	0.258
56.580	7.219	0.245
56.600	10.758	0.219
56.620	14.153	0.205
56.640	17.343	0.173
56.660	20.276	0.153
56.680	22.940	0.116
56.700	25.228	0.091
56.720	27.162	0.054
56.740	28.714	0.023
56.760	29.869	-0.013
56.780	30.572	-0.039
56.800	30.852	-0.081
56.820	30.685	-0.110
56.840	30.083	-0.141
56.860	29.042	-0.169
56.880	27.597	-0.197
56.900	25.771	-0.218
56.920	23.547	-0.241
56.940	20.974	-0.258
56.960	18.127	-0.272
56.980	15.023	-0.280
57.000	11.666	-0.284
57.020	8.169	-0.286
57.040	4.565	-0.284
57.060	0.886	-0.272
57.080	-2.809	-0.267
57.100	-6.472	-0.247
57.120	-10.049	-0.232
57.140	-13.471	-0.209
57.160	-16.693	-0.190
57.180	-19.685	-0.157
57.200	-22.381	-0.135
57.220	-24.777	-0.094
57.240	-26.812	-0.071
57.260	-28.467	-0.031
57.280	-29.691	-0.003
57.300	-30.486	0.039
57.320	-30.819	0.064
57.340	-30.766	0.106
57.360	-30.288	0.126
57.380	-29.353	0.164
57.400	-27.967	0.189
57.420	-26.189	0.215
57.440	-24.041	0.230
57.460	-21.570	0.255
57.480	-18.734	0.268
57.500	-15.646	0.280
57.520	-12.370	0.280
57.540	-8.878	0.288
57.560	-5.269	0.285
57.580	-1.584	0.282
57.600	2.132	0.267
57.620	5.806	0.259
57.640	9.373	0.238
57.660	12.848	0.217
57.680	16.119	0.193
57.700	19.143	0.166
57.720	21.946	0.135
57.740	24.363	0.107
57.760	26.453	0.074
57.780	28.155	0.039
57.800	29.466	0.008
57.820	30.341	-0.027
57.840	30.787	-0.056
57.860	30.792	-0.091
57.880	30.368	-0.121
57.900	29.498	-0.152
57.920	28.209	-0.180
57.940	26.517	-0.201
57.960	24.465	-0.222
57.980	22.021	-0.243
58.000	19.266	-0.258
58.020	16.248	-0.271
58.040	12.966	-0.274
58.060	9.539	-0.281
58.080	5.957	-0.276
58.100	2.299	-0.273
58.120	-1.396	-0.261
58.140	-5.076	-0.249
58.160	-8.707	-0.230
58.180	-12.171	-0.212
58.200	-15.485	-0.185
58.220	-18.568	-0.159
58.240	-21.409	-0.135
58.260	-23.912	-0.102
58.280	-26.077	-0.071
58.300	-27.897	-0.038
58.320	-29.272	-0.005
58.340	-30.245	0.029
58.360	-30.744	0.066
58.380	-30.846	0.097
58.400	-30.535	0.129
58.420	-29.783	0.159
58.440	-28.569	0.189
58.460	-26.925	0.214
58.480	-24.922	0.238
58.500	-22.580	0.253
58.520	-19.878	0.272
58.540	-16.881	0.280
58.560	-13.680	0.291
58.580	-10.237	0.292
58.600	-6.692	0.291
58.620	-3.013	0.287
58.640	0.682	0.281
58.660	4.383	0.268
58.680	7.992	0.254
58.700	11.532	0.232
58.720	14.862	0.213
58.740	17.988	0.181
58.760	20.883	0.163
58.780	23.466	0.122
58.800	25.674	0.100
58.820	27.527	0.059
58.840	28.999	0.031
58.860	30.062	-0.007
58.880	30.664	-0.033
58.900	30.852	-0.076
58.920	30.594	-0.100
58.940	29.879	-0.137
58.960	28.757	-0.156
58.980	27.215	-0.197
59.000	25.319	-0.209
59.020	23.004	-0.238
59.040	20.373	-0.243
59.060	17.467	-0.264
59.080	14.282	-0.266
59.100	10.909	-0.280
59.120	7.391	-0.269
59.140	3.760	-0.274
59.160	0.059	-0.262
59.180	-3.620	-0.253
59.200	-7.278	-0.235
59.220	-10.828	-0.220
59.240	-14.201	-0.196
59.260	-17.375	-0.173
59.280	-20.324	-0.142
59.300	-22.956	-0.116
59.320	-25.239	-0.077
59.340	-27.205	-0.054
59.360	-28.762	-0.016
59.380	-29.890	0.011
59.400	-30.588	0.055
59.420	-30.846	0.078
59.440	-30.685	0.118
59.460	-30.110	0.138
59.480	-29.068	0.176
59.500	-27.607	0.197
59.520	-25.733	0.228
59.540	-23.509	0.245
59.560	-20.942	0.263
59.580	-18.058	0.272
59.600	-14.932	0.287
59.620	-11.596	0.288
59.640	-8.073	0.291
59.660	-4.437	0.284
59.680	-0.752	0.280
59.700	2.949	0.267
59.720	6.606	0.257
59.740	10.173	0.233
59.760	13.589	0.213
59.780	16.806	0.189
59.800	19.792	0.164
59.820	22.505	0.131
59.840	24.857	0.104
59.860	26.872	0.068
59.880	28.467	0.038
59.900	29.702	0.002
59.920	30.481	-0.031
59.940	30.835	-0.067
59.960	30.739	-0.097
59.980	30.202	-0.133
60.000	29.251	-0.158
60.020	27.881	-0.190
60.040	26.109	-0.208
60.060	23.960	-0.234
60.080	21.436	-0.246
60.100	18.638	-0.267
60.120	15.555	-0.273
60.140	12.246	-0.284
60.160	8.782	-0.278
60.180	5.188	-0.285
60.200	1.520	-0.272
60.220	-2.186	-0.269
60.240	-5.854	-0.247
60.260	-9.453	-0.235
60.280	-12.891	-0.210
60.300	-16.140	-0.191
60.320	-19.207	-0.157
60.340	-21.941	-0.137
60.360	-24.363	-0.104
60.380	-26.469	-0.074
60.400	-28.198	-0.039
60.420	-29.482	-0.005
60.440	-30.363	0.031
60.460	-30.776	0.060
60.480	-30.787	0.097
60.500	-30.363	0.121
60.520	-29.493	0.159
60.540	-28.198	0.180
60.560	-26.506	0.207
60.580	-24.406	0.229
60.600	-21.962	0.247
60.620	-19.207	0.261
60.640	-16.167	0.272
60.660	-12.939	0.276
60.680	-9.453	0.283
60.700	-5.865	0.280
60.720	-2.186	0.274
60.740	1.509	0.262
60.760	5.188	0.253
60.780	8.787	0.234
60.800	12.284	0.212
60.820	15.592	0.194
60.840	18.654	0.166
60.860	21.484	0.138
60.880	23.987	0.105
60.900	26.120	0.074
60.920	27.892	0.038
60.940	29.278	0.007
60.960	30.223	-0.030
60.980	30.750	-0.057
61.000	30.830	-0.097
61.020	30.470	-0.122
61.040	29.670	-0.158
61.060	28.461	-0.182
61.080	26.829	-0.214
61.100	24.847	-0.226
61.120	22.462	-0.253
61.140	19.755	-0.265
61.160	16.795	-0.282
61.180	13.557	-0.282
61.200	10.151	-0.296
61.220	6.596	-0.286
61.240	2.959	-0.288
61.260	-0.730	-0.272
61.280	-4.426	-0.263
61.300	-8.067	-0.240
61.320	-11.559	-0.227
61.340	-14.883	-0.201
61.360	-18.031	-0.176
61.380	-20.894	-0.147
61.400	-23.472	-0.121
61.420	-25.690	-0.087
61.440	-27.559	-0.057
61.460	-29.036	-0.022
61.480	-30.062	0.012
61.500	-30.664	0.044
61.520	-30.825	0.078
61.540	-30.583	0.111
61.560	-29.901	0.140
61.580	-28.757	0.172
61.600	-27.210	0.196
61.620	-25.271	0.225
61.640	-22.956	0.236
61.660	-20.313	0.259
61.680	-17.392	0.264
61.700	-14.207	0.280
61.720	-10.828	0.276
61.740	-7.278	0.285
61.760	-3.631	0.276
61.780	0.075	0.272
61.800	3.760	0.259
61.820	7.396	0.248
61.840	10.930	0.224
61.860	14.309	0.206
61.880	17.478	0.173
61.900	20.405	0.154
61.920	23.047	0.114
61.940	25.330	0.094
61.960	27.274	0.053
61.980	28.778	0.025
62.000	29.906	-0.012
62.020	30.599	-0.041
62.040	30.846	-0.080
62.060	30.664	-0.105
62.080	30.024	-0.143
62.100	28.982	-0.169
62.120	27.521	-0.200
62.140	25.674	-0.213
62.160	23.423	-0.241
62.180	20.845	-0.252
62.200	17.972	-0.271
62.220	14.846	-0.272
62.240	11.483	-0.286
62.260	7.987	-0.277
62.280	4.372	-0.288
62.300	0.687	-0.272
62.320	-2.997	-0.264
62.340	-6.660	-0.243
62.360	-10.248	-0.232
62.380	-13.632	-0.201
62.400	-16.865	-0.184
62.420	-19.841	-0.156
62.440	-22.521	-0.127
62.460	-24.906	-0.090
62.480	-26.920	-0.067
62.500	-28.558	-0.026
62.520	-29.761	0.002
62.540	-30.529	0.046
62.560	-30.830	0.067
62.580	-30.766	0.110
62.600	-30.261	0.130
62.620	-29.305	0.169
62.640	-27.897	0.190
62.660	-26.093	0.222
62.680	-23.960	0.234
62.700	-21.431	0.262
62.720	-18.595	0.266
62.740	-15.506	0.284
62.760	-12.219	0.282
62.780	-8.712	0.292
62.800	-5.092	0.284
62.820	-1.407	0.283
62.840	2.304	0.270
62.860	5.978	0.261
62.880	9.555	0.238
62.900	13.003	0.220
62.920	16.269	0.194
62.940	19.282	0.172
62.960	22.075	0.138
62.980	24.481	0.110
63.000	26.544	0.080
63.020	28.230	0.046
63.040	29.520	0.010
63.060	30.374	-0.024
63.080	30.803	-0.049
63.100	30.782	-0.089
63.120	30.341	-0.119
63.140	29.439	-0.149
63.160	28.134	-0.177
63.180	26.426	-0.200
63.200	24.353	-0.219
63.220	21.887	-0.241
63.240	19.116	-0.255
63.260	16.103	-0.265
63.280	12.815	-0.272
63.300	9.378	-0.276
63.320	5.790	-0.278
63.340	2.122	-0.267
63.360	-1.563	-0.259
63.380	-5.237	-0.243
63.400	-8.862	-0.226
63.420	-12.332	-0.207
63.440	-15.630	-0.181
63.460	-18.718	-0.155
63.480	-21.527	-0.132
63.500	-24.003	-0.102
63.520	-26.168	-0.066
63.540	-27.967	-0.034
63.560	-29.315	-0.002
63.580	-30.277	0.036
63.600	-30.760	0.065
63.620	-30.846	0.103
63.640	-30.513	0.131
63.660	-29.740	0.162
63.680	-28.483	0.190
63.700	-26.834	0.217
63.720	-24.814	0.238
63.740	-22.440	0.255
63.760	-19.733	0.270
63.780	-16.731	0.280
63.800	-13.508	0.292
63.820	-10.082	0.290
63.840	-6.499	0.291
63.860	-2.831	0.287
63.880	0.865	0.280
63.900	4.571	0.265
63.920	8.175	0.255
63.940	11.682	0.229
63.960	15.028	0.212
63.980	18.144	0.179
64.000	21.012	0.160
64.020	23.579	0.123
64.040	25.787	0.094
64.060	27.634	0.057
64.080	29.068	0.029
64.100	30.083	-0.011
64.120	30.690	-0.037
64.140	30.852	-0.080
64.160	30.567	-0.103
64.180	29.836	-0.140
64.200	28.703	-0.166
64.220	27.140	-0.197
64.240	25.207	-0.215
64.260	22.892	-0.235
64.280	20.249	-0.251
64.300	17.311	-0.263
64.320	14.121	-0.272
64.340	10.748	-0.280
64.360	7.219	-0.274
64.380	3.577	-0.280
64.400	-0.113	-0.265
64.420	-3.808	-0.254
64.440	-7.439	-0.233
64.460	-10.973	-0.222
64.480	-14.335	-0.194
64.500	-17.521	-0.171
64.520	-20.442	-0.141
64.540	-23.058	-0.118
64.560	-25.352	-0.079
64.580	-27.274	-0.056
64.600	-28.821	-0.015
64.620	-29.928	0.014
64.640	-30.599	0.049
64.660	-30.868	0.083
64.680	-30.642	0.119
64.700	-30.057	0.143
64.720	-29.004	0.178
64.740	-27.489	0.194
64.760	-25.631	0.228
64.780	-23.375	0.238
64.800	-20.808	0.263
64.820	-17.913	0.268
64.840	-14.765	0.284
64.860	-11.414	0.284
64.880	-7.885	0.289
64.900	-4.265	0.282
64.920	-0.553	0.279
64.940	3.131	0.259
64.960	6.784	0.253
64.980	10.334	0.227
65.000	13.750	0.216
65.020	16.967	0.184
65.040	19.932	0.161
65.060	22.634	0.123
65.080	24.970	0.098
65.100	26.947	0.065
65.120	28.542	0.035
65.140	29.745	-0.006
65.160	30.508	-0.037
65.180	30.835	-0.073
65.200	30.723	-0.103
65.220	30.180	-0.137
65.240	29.197	-0.163
65.260	27.785	-0.193
65.280	26.012	-0.213
65.300	23.842	-0.234
65.320	21.302	-0.254
65.340	18.493	-0.269
65.360	15.404	-0.278
65.380	12.069	-0.286
65.400	8.610	-0.286
65.420	5.017	-0.285
65.440	1.337	-0.275
65.460	-2.374	-0.274
65.480	-6.032	-0.252
65.500	-9.614	-0.239
65.520	-13.041	-0.209
65.540	-16.307	-0.193
65.560	-19.314	-0.163
65.580	-22.064	-0.139
65.600	-24.492	-0.102
65.620	-26.565	-0.075
65.640	-28.257	-0.036
65.660	-29.525	-0.010
65.680	-30.395	0.031
65.700	-30.782	0.057
65.720	-30.782	0.098
65.740	-30.331	0.121
65.760	-29.450	0.157
65.780	-28.128	0.179
65.800	-26.399	0.211
65.820	-24.288	0.226
65.840	-21.855	0.250
65.860	-19.057	0.255
65.880	-16.017	0.272
65.900	-12.756	0.276
65.920	-9.287	0.281
65.940	-5.672	0.277
65.960	-2.003	0.277
65.980	1.703	0.262
66.000	5.382	0.251
66.020	8.964	0.232
66.040	12.445	0.214
66.060	15.732	0.187
66.080	18.799	0.165
66.100	21.624	0.137
66.120	24.089	0.104
66.140	26.222	0.073
66.160	27.973	0.037
66.180	29.337	0.008
66.200	30.261	-0.031
66.220	30.766	-0.060
66.240	30.814	-0.100
66.260	30.443	-0.124
66.280	29.616	-0.160
66.300	28.397	-0.185
66.320	26.748	-0.213
66.340	24.745	-0.229
66.360	22.349	-0.250
66.380	19.621	-0.264
66.400	16.645	-0.282
66.420	13.390	-0.283
66.440	9.979	-0.289
66.460	6.429	-0.287
66.480	2.777	-0.283
66.500	-0.908	-0.272
66.520	-4.603	-0.264
66.540	-8.245	-0.242
66.560	-11.730	-0.226
66.580	-15.044	-0.198
66.600	-18.165	-0.177
66.620	-21.044	-0.143
66.640	-23.584	-0.118
66.660	-25.787	-0.084
66.680	-27.645	-0.056
66.700	-29.106	-0.018
66.720	-30.105	0.016
66.740	-30.690	0.053
66.760	-30.830	0.078
66.780	-30.562	0.114
66.800	-29.847	0.145
66.820	-28.719	0.176
66.840	-27.135	0.199
66.860	-25.164	0.222
66.880	-22.854	0.243
66.900	-20.211	0.259
66.920	-17.241	0.268
66.940	-14.083	0.285
66.960	-10.683	0.293
66.980	-7.127	0.294
67.000	-3.459	0.288
67.020	0.242	0.285
67.040	3.926	0.267
67.060	7.552	0.257
67.080	11.102	0.233
67.100	14.475	0.216
67.120	17.623	0.188
67.140	20.534	0.167
67.160	23.166	0.125
67.180	25.427	0.106
67.200	27.339	0.060
67.220	28.837	0.044
67.240	29.955	-0.010
67.260	30.610	-0.023
67.280	30.857	-0.074
67.300	30.642	-0.093
67.320	30.008	-0.137
67.340	28.929	-0.160
67.360	27.409	-0.203
67.380	25.572	-0.210
67.400	23.300	-0.245
67.420	20.700	-0.255
67.440	17.821	-0.276
67.460	14.674	-0.281
67.480	11.322	-0.286
67.500	7.804	-0.292
67.520	4.184	-0.280
67.540	0.505	-0.280
67.560	-3.196	-0.259
67.580	-6.854	-0.251
67.600	-10.425	-0.230
67.620	-13.820	-0.205
67.640	-17.010	-0.182
67.660	-19.997	-0.153
67.680	-22.661	-0.131
67.700	-25.024	-0.089
67.720	-27.011	-0.066
67.740	-28.633	-0.023
67.760	-29.799	-0.002
67.780	-30.572	0.049
67.800	-30.862	0.064
67.820	-30.760	0.114
67.840	-30.218	0.129
67.860	-29.256	0.178
67.880	-27.828	0.188
67.900	-26.018	0.229
67.920	-23.853	0.231
67.940	-21.302	0.266
67.960	-18.439	0.276
67.980	-15.334	0.299
68.000	-12.053	0.292
68.020	-8.545	0.306
68.040	-4.909	0.292
68.060	-1.214	0.294
68.080	2.487	0.276
68.100	6.145	0.274
68.120	9.732	0.247
68.140	13.181	0.231
68.160	16.414	0.201
68.180	19.422	0.176
68.200	22.199	0.151
68.220	24.578	0.118
68.240	26.641	0.088
68.260	28.300	0.054
68.280	29.573	0.023
68.300	30.406	-0.015
68.320	30.809	-0.045
68.340	30.776	-0.085
68.360	30.304	-0.110
68.380	29.391	-0.142
68.400	28.069	-0.168
68.420	26.340	-0.203
68.440	24.234	-0.228
68.460	21.764	-0.248
68.480	18.987	-0.262
68.500	15.941	-0.272
68.520	12.644	-0.284
68.540	9.206	-0.284
68.560	5.613	-0.286
68.580	1.955	-0.270
68.600	-1.746	-0.272
68.620	-5.414	-0.247
68.640	-9.040	-0.240
68.660	-12.493	-0.208
68.680	-15.780	-0.200
68.700	-18.847	-0.157
68.720	-21.635	-0.140
68.740	-24.116	-0.102
68.760	-26.265	-0.079
68.780	-28.016	-0.042
68.800	-29.369	-0.008
68.820	-30.288	0.027
68.840	-30.755	0.059
68.860	-30.835	0.093
68.880	-30.454	0.120
68.900	-29.659	0.156
68.920	-28.408	0.189
68.940	-26.743	0.222
68.960	-24.675	0.236
68.980	-22.306	0.257
69.000	-19.572	0.268
69.020	-16.559	0.284
69.040	-13.336	0.288
69.060	-9.888	0.296
69.080	-6.327	0.293
69.100	-2.643	0.286
69.120	1.063	0.278
69.140	4.748	0.267
69.160	8.357	0.248
69.180	11.865	0.230
69.200	15.200	0.208
69.220	18.294	0.181
69.240	21.151	0.155
69.260	23.703	0.121
69.280	25.889	0.095
69.300	27.709	0.056
69.320	29.127	0.028
69.340	30.132	-0.015
69.360	30.707	-0.039
69.380	30.846	-0.085
69.400	30.545	-0.100
69.420	29.799	-0.147
69.440	28.628	-0.161
69.460	27.054	-0.202
69.480	25.115	-0.206
69.500	22.779	-0.244
69.520	20.099	-0.242
69.540	17.171	-0.277
69.560	13.965	-0.280
69.580	10.570	-0.290
69.600	7.047	-0.289
69.620	3.405	-0.287
69.640	-0.285	-0.277
69.660	-3.969	-0.263
69.680	-7.616	-0.253
69.700	-11.145	-0.227
69.720	-14.502	-0.212
69.740	-17.671	-0.179
69.760	-20.571	-0.160
69.780	-23.160	-0.123
69.800	-25.427	-0.096
69.820	-27.355	-0.063
69.840	-28.891	-0.031
69.860	-29.949	0.006
69.880	-30.604	0.039
69.900	-30.857	0.073
69.920	-30.647	0.109
69.940	-30.014	0.132
69.960	-28.923	0.170
69.980	-27.419	0.191
70.000	-25.513	0.230
70.020	-23.273	0.238
70.040	-20.668	0.267
70.060	-17.762	0.268
70.080	-14.615	0.288
70.100	-11.247	0.279
70.120	-7.734	0.292
70.140	-4.071	0.279
70.160	-0.381	0.284
70.180	3.319	0.257
70.200	6.961	0.255
70.220	10.511	0.225
70.240	13.917	0.214
70.260	17.112	0.177
70.280	20.061	0.164
70.300	22.752	0.120
70.320	25.067	0.102
70.340	27.033	0.061
70.360	28.612	0.035
70.380	29.793	-0.006
70.400	30.535	-0.035
70.420	30.841	-0.072
70.440	30.712	-0.102
70.460	30.137	-0.135
70.480	29.138	-0.161
70.500	27.715	-0.192
70.520	25.916	-0.211
70.540	23.735	-0.234
70.560	21.178	-0.249
70.580	18.337	-0.271
70.600	15.243	-0.296
70.620	11.924	-0.301
70.640	8.443	-0.303
70.660	4.829	-0.298
70.680	1.155	-0.297
70.700	-2.535	-0.280
70.720	-6.198	-0.270
70.740	-9.786	-0.251
70.760	-13.208	-0.226
70.780	-16.452	-0.209
70.800	-19.476	-0.176
70.820	-22.199	-0.155
70.840	-24.583	-0.114
70.860	-26.662	-0.090
70.880	-28.327	-0.048
70.900	-29.584	-0.022
70.920	-30.411	0.022
70.940	-30.782	0.044
70.960	-30.755	0.087
70.980	-30.298	0.110
71.000	-29.391	0.156
71.020	-28.048	0.184
71.040	-26.308	0.216
71.060	-24.186	0.230
71.080	-21.726	0.252
71.100	-18.928	0.262
71.120	-15.866	0.276
71.140	-12.563	0.282
71.160	-9.115	0.288
71.180	-5.505	0.284
71.200	-1.842	0.278
71.220	1.885	0.268
71.240	5.554	0.258
71.260	9.136	0.241
71.280	12.611	0.219
71.300	15.888	0.194
71.320	18.938	0.170
71.340	21.753	0.141
71.360	24.197	0.107
71.380	26.318	0.079
71.400	28.053	0.044
71.420	29.380	0.011
71.440	30.293	-0.024
71.460	30.776	-0.052
71.480	30.803	-0.089
71.500	30.417	-0.119
71.520	29.579	-0.150
71.540	28.316	-0.179
71.560	26.662	-0.201
71.580	24.632	-0.223
71.600	22.215	-0.247
71.620	19.492	-0.276
71.640	16.479	-0.290
71.660	13.224	-0.293
71.680	9.802	-0.304
71.700	6.252	-0.300
71.720	2.605	-0.296
71.740	-1.101	-0.284
71.760	-4.796	-0.271
71.780	-8.417	-0.255
71.800	-11.913	-0.234
71.820	-15.216	-0.211
71.840	-18.337	-0.181
71.860	-21.200	-0.156
71.880	-23.724	-0.127
71.900	-25.921	-0.097
71.920	-27.742	-0.061
71.940	-29.176	-0.027
71.960	-30.175	0.007
71.980	-30.717	0.039
72.000	-30.846	0.071
72.020	-30.556	0.108
72.040	-29.831	0.145
72.060	-28.660	0.175
72.080	-27.065	0.202
72.100	-25.083	0.225
72.120	-22.747	0.240
72.140	-20.083	0.259
72.160	-17.112	0.274
72.180	-13.922	0.284
72.200	-10.522	0.288
72.220	-6.934	0.292
72.240	-3.292	0.285
72.260	0.414	0.281
72.280	4.104	0.268
72.300	7.724	0.259
72.320	11.274	0.230
72.340	14.631	0.218
72.360	17.784	0.180
72.380	20.673	0.160
72.400	23.289	0.126
72.420	25.523	0.102
72.440	27.414	0.058
72.460	28.902	0.038
72.480	29.987	-0.010
72.500	30.637	-0.029
72.520	30.857	-0.076
72.540	30.621	-0.094
72.560	29.949	-0.134
72.580	28.859	-0.154
72.600	27.344	-0.187
72.620	25.470	-0.201
72.640	23.171	-0.236
72.660	20.582	-0.260
72.680	17.682	-0.277
72.700	14.523	-0.285
72.720	11.156	-0.291
72.740	7.638	-0.290
72.760	4.012	-0.288
72.780	0.317	-0.280
72.800	-3.368	-0.266
72.820	-7.031	-0.251
72.840	-10.581	-0.230
72.860	-13.965	-0.210
72.880	-17.171	-0.185
72.900	-20.136	-0.157
72.920	-22.795	-0.132
72.940	-25.131	-0.097
72.960	-27.076	-0.068
72.980	-28.703	-0.029
73.000	-29.836	-0.002
73.020	-30.567	0.039
73.040	-30.857	0.064
73.060	-30.733	0.110
73.080	-30.180	0.127
73.100	-29.176	0.183
73.120	-27.742	0.200
73.140	-25.921	0.234
73.160	-23.713	0.246
73.180	-21.157	0.269
73.200	-18.294	0.275
73.220	-15.184	0.294
73.240	-11.892	0.292
73.260	-8.347	0.301
73.280	-4.727	0.288
73.300	-1.021	0.289
73.320	2.675	0.276
73.340	6.343	0.266
73.360	9.899	0.244
73.380	13.342	0.229
73.400	16.586	0.200
73.420	19.572	0.177
73.440	22.328	0.145
73.460	24.696	0.114
73.480	26.732	0.082
73.500	28.365	0.052
73.520	29.627	0.015
73.540	30.433	-0.016
73.560	30.830	-0.053
73.580	30.750	-0.085
73.600	30.261	-0.118
73.620	29.342	-0.139
73.640	27.973	-0.173
73.660	26.243	-0.193
73.680	24.127	-0.219
73.700	21.629	-0.234
73.720	18.842	-0.249
73.740	15.786	-0.267
73.760	12.488	-0.286
73.780	9.023	-0.288
73.800	5.441	-0.289
73.820	1.783	-0.279
73.840	-1.912	-0.276
73.860	-5.591	-0.252
73.880	-9.201	-0.246
73.900	-12.670	-0.214
73.920	-15.920	-0.200
73.940	-18.981	-0.163
73.960	-21.769	-0.143
73.980	-24.224	-0.106
74.000	-26.351	-0.082
74.020	-28.102	-0.047
74.040	-29.401	-0.014
74.060	-30.331	0.024
74.080	-30.792	0.049
74.100	-30.835	0.091
74.120	-30.422	0.115
74.140	-29.600	0.155
74.160	-28.306	0.189
74.180	-26.641	0.222
74.200	-24.578	0.238
74.220	-22.183	0.260
74.240	-19.433	0.271
74.260	-16.409	0.284
74.280	-13.181	0.288
74.300	-9.727	0.292
74.320	-6.139	0.291
74.340	-2.465	0.287
74.360	1.251	0.279
74.380	4.920	0.265
74.400	8.524	0.250
74.420	12.037	0.227
74.440	15.345	0.205
74.460	18.434	0.179
74.480	21.286	0.154
74.500	23.815	0.122
74.520	25.985	0.091
74.540	27.774	0.056
74.560	29.187	0.025
74.580	30.169	-0.014
74.600	30.717	-0.040
74.620	30.841	-0.081
74.640	30.524	-0.106
74.660	29.740	-0.143
74.680	28.574	-0.165
74.700	26.952	-0.194
74.720	25.008	-0.209
74.740	22.650	-0.243
74.760	19.970	-0.264
74.780	17.016	-0.289
74.800	13.798	-0.284
74.820	10.398	-0.297
74.840	6.870	-0.290
74.860	3.217	-0.295
74.880	-0.473	-0.281
74.900	-4.146	-0.274
74.920	-7.788	-0.255
74.940	-11.317	-0.238
74.960	-14.652	-0.214
74.980	-17.805	-0.189
75.000	-20.711	-0.164
75.020	-23.284	-0.135
75.040	-25.545	-0.098
75.060	-27.452	-0.067
75.080	-28.945	-0.038
75.100	-29.998	-0.003
75.120	-30.626	0.034
75.140	-30.846	0.063
75.160	-30.604	0.101
75.180	-29.960	0.134
75.200	-28.864	0.173
75.220	-27.333	0.190
75.240	-25.427	0.223
75.260	-23.144	0.230
75.280	-20.528	0.258
75.300	-17.612	0.259
75.320	-14.437	0.279
75.340	-11.091	0.275
75.360	-7.541	0.284
75.380	-3.894	0.273
75.400	-0.199	0.276
75.420	3.497	0.254
75.440	7.144	0.250
75.460	10.678	0.221
75.480	14.083	0.209
75.500	17.263	0.172
75.520	20.206	0.157
75.540	22.881	0.115
75.560	25.180	0.098
75.580	27.140	0.054
75.600	28.676	0.031
75.620	29.836	-0.015
75.640	30.556	-0.037
75.660	30.852	-0.080
75.680	30.690	-0.104
75.700	30.083	-0.144
75.720	29.079	-0.170
75.740	27.645	-0.198
75.760	25.824	-0.214
75.780	23.601	-0.240
75.800	21.049	-0.251
75.820	18.197	-0.275
75.840	15.093	-0.277
75.860	11.747	-0.288
75.880	8.261	-0.284
75.900	4.651	-0.288
75.920	0.972	-0.277
75.940	-2.723	-0.272
75.960	-6.375	-0.249
75.980	-9.963	-0.238
76.000	-13.385	-0.211
76.020	-16.602	-0.194
76.040	-19.599	-0.160
76.060	-22.301	-0.139
76.080	-24.702	-0.097
76.100	-26.732	-0.077
76.120	-28.408	-0.033
76.140	-29.643	-0.012
76.160	-30.443	0.035
76.180	-30.803	0.056
76.200	-30.760	0.099
76.220	-30.277	0.122
76.240	-29.348	0.160
76.260	-27.973	0.178
76.280	-26.200	0.213
76.300	-24.068	0.226
76.320	-21.592	0.249
76.340	-18.777	0.258
76.360	-15.705	0.273
76.380	-12.429	0.274
76.400	-8.927	0.284
76.420	-5.339	0.276
76.440	-1.649	0.276
76.460	2.057	0.262
76.480	5.731	0.257
76.500	9.297	0.232
76.520	12.778	0.218
76.540	16.054	0.189
76.560	19.089	0.165
76.580	21.882	0.135
76.600	24.315	0.107
76.620	26.399	0.074
76.640	28.118	0.039
76.660	29.439	0.006
76.680	30.331	-0.026
76.700	30.771	-0.060
76.720	30.787	-0.090
76.740	30.379	-0.126
76.760	29.509	-0.149
76.780	28.247	-0.184
76.800	26.549	-0.200
76.820	24.514	-0.227
76.840	22.086	-0.243
76.860	19.325	-0.263
76.880	16.317	-0.268
76.900	13.057	-0.280
76.920	9.636	-0.281
76.940	6.048	-0.282
76.960	2.396	-0.274
76.980	-1.316	-0.265
77.000	-4.979	-0.255
