0.000	2.667	0.286
0.020	6.341	0.279
0.040	9.896	0.269
0.060	13.361	0.253
0.080	16.589	0.228
0.100	19.596	0.204
0.120	22.352	0.177
0.140	24.720	0.156
0.160	26.751	0.118
0.180	28.389	0.086
0.200	29.646	0.053
0.220	30.446	0.018
0.240	30.827	-0.016
0.260	30.758	-0.048
0.280	30.258	-0.081
0.300	29.313	-0.114
0.320	27.954	-0.149
0.340	26.198	-0.173
0.360	24.065	-0.198
0.380	21.562	-0.222
0.400	18.748	-0.237
0.420	15.681	-0.258
0.440	12.367	-0.264
0.460	8.903	-0.278
0.480	5.309	-0.277
0.500	1.609	-0.277
0.520	-2.071	-0.270
0.540	-5.750	-0.261
0.560	-9.359	-0.250
0.580	-12.818	-0.229
0.600	-16.073	-0.215
0.620	-19.151	-0.191
0.640	-21.911	-0.163
0.660	-24.350	-0.134
0.680	-26.471	-0.106
0.700	-28.206	-0.071
0.720	-29.533	-0.038
0.740	-30.408	-0.003
0.760	-30.795	0.027
0.780	-30.844	0.066
0.800	-30.441	0.095
0.820	-29.571	0.128
0.840	-28.276	0.161
0.860	-26.552	0.192
0.880	-24.473	0.215
0.900	-22.056	0.240
0.920	-19.274	0.258
0.940	-16.240	0.277
0.960	-12.969	0.287
0.980	-9.504	0.296
1.000	-5.906	0.302
1.020	-2.210	0.296
1.040	1.496	0.297
1.060	5.180	0.281
1.080	8.774	0.277
1.100	12.276	0.256
1.120	15.584	0.238
1.140	18.662	0.215
1.160	21.492	0.189
1.180	24.001	0.157
1.200	26.149	0.134
1.220	27.916	0.095
1.240	29.286	0.067
1.260	30.237	0.028
1.280	30.747	0.001
1.300	30.833	-0.044
1.320	30.468	-0.071
1.340	29.656	-0.110
1.360	28.443	-0.135
1.380	26.799	-0.168
1.400	24.806	-0.188
1.420	22.411	-0.219
1.440	19.693	-0.233
1.460	16.712	-0.259
1.480	13.463	-0.262
1.500	10.047	-0.277
1.520	6.480	-0.276
1.540	2.828	-0.285
1.560	-0.878	-0.277
1.580	-4.568	-0.270
1.600	-8.188	-0.259
1.620	-11.679	-0.244
1.640	-15.020	-0.226
1.660	-18.168	-0.202
1.680	-21.031	-0.179
1.700	-23.582	-0.149
1.720	-25.805	-0.120
1.740	-27.664	-0.088
1.760	-29.109	-0.052
1.780	-30.129	-0.022
1.800	-30.704	0.014
1.820	-30.865	0.045
1.840	-30.575	0.082
1.860	-29.866	0.109
1.880	-28.717	0.146
1.900	-27.137	0.169
1.920	-25.156	0.205
1.940	-22.835	0.222
1.960	-20.177	0.249
1.980	-17.212	0.261
2.000	-14.032	0.277
2.020	-10.627	0.283
2.040	-7.060	0.290
2.060	-3.397	0.288
2.080	0.309	0.292
2.100	3.999	0.277
2.120	7.640	0.272
2.140	11.169	0.256
2.160	14.548	0.240
2.180	17.706	0.213
2.200	20.617	0.193
2.220	23.233	0.157
2.240	25.489	0.136
2.260	27.395	0.097
2.280	28.883	0.070
2.300	29.968	0.029
2.320	30.634	0.003
2.340	30.849	-0.038
2.360	30.639	-0.067
2.380	29.957	-0.108
2.400	28.883	-0.136
2.420	27.347	-0.171
2.440	25.489	-0.190
2.460	23.227	-0.221
2.480	20.595	-0.237
2.500	17.700	-0.259
2.520	14.537	-0.273
2.540	11.169	-0.287
2.560	7.651	-0.289
2.580	4.036	-0.292
2.600	0.341	-0.289
2.620	-3.365	-0.282
2.640	-7.023	-0.271
2.660	-10.600	-0.260
2.680	-13.957	-0.236
2.700	-17.174	-0.222
2.720	-20.134	-0.191
2.740	-22.781	-0.170
2.760	-25.123	-0.135
2.780	-27.094	-0.112
2.800	-28.695	-0.071
2.820	-29.834	-0.043
2.840	-30.553	-0.003
2.860	-30.849	0.022
2.880	-30.704	0.065
2.900	-30.151	0.090
2.920	-29.125	0.130
2.940	-27.696	0.155
2.960	-25.843	0.187
2.980	-23.635	0.205
3.000	-21.073	0.231
3.020	-18.195	0.244
3.040	-15.079	0.267
3.060	-11.749	0.272
3.080	-8.226	0.283
3.100	-4.590	0.284
3.120	-0.889	0.285
3.140	2.812	0.277
3.160	6.475	0.269
3.180	10.041	0.252
3.200	13.484	0.243
3.220	16.712	0.217
3.240	19.698	0.196
3.260	22.427	0.165
3.280	24.796	0.140
3.300	26.815	0.108
3.320	28.443	0.074
3.340	29.673	0.043
3.360	30.468	0.004
3.380	30.838	-0.026
3.400	30.747	-0.066
3.420	30.231	-0.094
3.440	29.275	-0.130
3.460	27.906	-0.161
3.480	26.128	-0.187
3.500	23.985	-0.210
3.520	21.487	-0.237
3.540	18.667	-0.254
3.560	15.590	-0.270
3.580	12.265	-0.285
3.600	8.801	-0.289
3.620	5.207	-0.295
3.640	1.528	-0.287
3.660	-2.178	-0.291
3.680	-5.841	-0.270
3.700	-9.456	-0.266
3.720	-12.893	-0.240
3.740	-16.154	-0.228
3.760	-19.215	-0.198
3.780	-21.981	-0.179
3.800	-24.414	-0.144
3.820	-26.509	-0.120
3.840	-28.233	-0.084
3.860	-29.528	-0.049
3.880	-30.387	-0.013
3.900	-30.795	0.015
3.920	-30.817	0.054
3.940	-30.387	0.085
3.960	-29.517	0.115
3.980	-28.201	0.151
4.000	-26.493	0.181
4.020	-24.393	0.203
4.040	-21.944	0.230
4.060	-19.156	0.251
4.080	-16.127	0.268
4.100	-12.872	0.277
4.120	-9.402	0.285
4.140	-5.793	0.291
4.160	-2.103	0.288
4.180	1.598	0.285
4.200	5.293	0.273
4.220	8.886	0.264
4.240	12.388	0.252
4.260	15.681	0.230
4.280	18.764	0.206
4.300	21.573	0.182
4.320	24.076	0.150
4.340	26.198	0.127
4.360	27.954	0.088
4.380	29.323	0.061
4.400	30.253	0.019
4.420	30.763	-0.009
4.440	30.827	-0.051
4.460	30.462	-0.075
4.480	29.614	-0.117
4.500	28.394	-0.143
4.520	26.751	-0.175
4.540	24.720	-0.194
4.560	22.330	-0.225
4.580	19.602	-0.240
4.600	16.599	-0.261
4.620	13.350	-0.274
4.640	9.923	-0.283
4.660	6.351	-0.290
4.680	2.704	-0.287
4.700	-0.991	-0.286
4.720	-4.686	-0.274
4.740	-8.339	-0.261
4.760	-11.846	-0.243
4.780	-15.171	-0.221
4.800	-18.297	-0.205
4.820	-21.143	-0.174
4.840	-23.689	-0.150
4.860	-25.918	-0.118
4.880	-27.744	-0.088
4.900	-29.211	-0.053
4.920	-30.194	-0.020
4.940	-30.731	0.015
4.960	-30.886	0.049
4.980	-30.607	0.084
5.000	-29.882	0.112
5.020	-28.711	0.149
5.040	-27.121	0.175
5.060	-25.150	0.205
5.080	-22.803	0.227
5.100	-20.128	0.254
5.120	-17.163	0.265
5.140	-13.951	0.284
5.160	-10.546	0.291
5.180	-6.980	0.298
5.200	-3.306	0.294
5.220	0.411	0.296
5.240	4.101	0.282
5.260	7.732	0.279
5.280	11.277	0.265
5.300	14.639	0.248
5.320	17.797	0.219
5.340	20.698	0.202
5.360	23.319	0.166
5.380	25.553	0.148
5.400	27.449	0.104
5.420	28.921	0.081
5.440	30.011	0.037
5.460	30.650	0.012
5.480	30.854	-0.030
5.500	30.623	-0.059
5.520	29.941	-0.096
5.540	28.835	-0.120
5.560	27.309	-0.155
5.580	25.429	-0.183
5.600	23.120	-0.207
5.620	20.504	-0.230
5.640	17.598	-0.241
5.660	14.429	-0.265
5.680	11.040	-0.270
5.700	7.528	-0.277
5.720	3.886	-0.276
5.740	0.201	-0.273
5.760	-3.489	-0.266
5.780	-7.168	-0.258
5.800	-10.707	-0.242
5.820	-14.102	-0.228
5.840	-17.287	-0.208
5.860	-20.252	-0.177
5.880	-22.894	-0.155
5.900	-25.215	-0.120
5.920	-27.191	-0.098
5.940	-28.776	-0.056
5.960	-29.893	-0.027
5.980	-30.596	0.012
6.000	-30.876	0.038
6.020	-30.736	0.082
6.040	-30.156	0.103
6.060	-29.114	0.145
6.080	-27.637	0.169
6.100	-25.784	0.205
6.120	-23.566	0.219
6.140	-21.014	0.248
6.160	-18.125	0.258
6.180	-14.977	0.280
6.200	-11.658	0.285
6.220	-8.118	0.298
6.240	-4.482	0.298
6.260	-0.776	0.294
6.280	2.930	0.289
6.300	6.588	0.278
6.320	10.154	0.267
6.340	13.586	0.248
6.360	16.814	0.228
6.380	19.790	0.203
6.400	22.524	0.176
6.420	24.855	0.149
6.440	26.880	0.119
6.460	28.491	0.082
6.480	29.716	0.053
6.500	30.484	0.018
6.520	30.833	-0.020
6.540	30.736	-0.054
6.560	30.204	-0.088
6.580	29.248	-0.117
6.600	27.846	-0.154
6.620	26.074	-0.177
6.640	23.915	-0.204
6.660	21.390	-0.228
6.680	18.565	-0.246
6.700	15.498	-0.260
6.720	12.179	-0.274
6.740	8.688	-0.278
6.760	5.089	-0.284
6.780	1.410	-0.283
6.800	-2.307	-0.277
6.820	-5.959	-0.266
6.840	-9.574	-0.258
6.860	-13.006	-0.237
6.880	-16.266	-0.222
6.900	-19.301	-0.193
6.920	-22.062	-0.171
6.940	-24.484	-0.137
6.960	-26.563	-0.113
6.980	-28.276	-0.076
7.000	-29.544	-0.043
7.020	-30.408	-0.010
7.040	-30.801	0.019
7.060	-30.801	0.060
7.080	-30.360	0.094
7.100	-29.474	0.126
7.120	-28.142	0.151
7.140	-26.412	0.182
7.160	-24.312	0.204
7.180	-21.842	0.234
7.200	-19.059	0.248
7.220	-16.009	0.265
7.240	-12.738	0.277
7.260	-9.257	0.289
7.280	-5.653	0.289
7.300	-1.969	0.289
7.320	1.732	0.281
7.340	5.422	0.275
7.360	9.005	0.262
7.380	12.501	0.247
7.400	15.788	0.225
7.420	18.861	0.206
7.440	21.680	0.178
7.460	24.151	0.149
7.480	26.267	0.119
7.500	28.013	0.080
7.520	29.361	0.057
7.540	30.280	0.015
7.560	30.768	-0.013
7.580	30.811	-0.057
7.600	30.430	-0.084
7.620	29.592	-0.123
7.640	28.351	-0.146
7.660	26.681	-0.183
7.680	24.656	-0.198
7.700	22.223	-0.234
7.720	19.510	-0.242
7.740	16.508	-0.272
7.760	13.259	-0.274
7.780	9.826	-0.291
7.800	6.260	-0.287
7.820	2.602	-0.297
7.840	-1.109	-0.287
7.860	-4.783	-0.279
7.880	-8.425	-0.266
7.900	-11.921	-0.251
7.920	-15.230	-0.231
7.940	-18.340	-0.209
7.960	-21.208	-0.186
7.980	-23.727	-0.155
8.000	-25.913	-0.129
8.020	-27.744	-0.096
8.040	-29.168	-0.060
8.060	-30.194	-0.028
8.080	-30.709	0.005
8.100	-30.838	0.040
8.120	-30.543	0.076
8.140	-29.802	0.102
8.160	-28.625	0.140
8.180	-27.003	0.165
8.200	-25.027	0.197
8.220	-22.669	0.215
8.240	-19.983	0.243
8.260	-17.024	0.256
8.280	-13.833	0.274
8.300	-10.390	0.276
8.320	-6.829	0.289
8.340	-3.150	0.282
8.360	0.540	0.288
8.380	4.246	0.274
8.400	7.861	0.269
8.420	11.395	0.248
8.440	14.746	0.239
8.460	17.899	0.208
8.480	20.789	0.189
8.500	23.388	0.153
8.520	25.623	0.134
8.540	27.487	0.092
8.560	28.974	0.070
8.580	30.022	0.027
8.600	30.661	-0.002
8.620	30.860	-0.041
8.640	30.607	-0.073
8.660	29.887	-0.109
8.680	28.792	-0.138
8.700	27.261	-0.171
8.720	25.360	-0.191
8.740	23.045	-0.222
8.760	20.424	-0.238
8.780	17.518	-0.262
8.800	14.338	-0.270
8.820	10.949	-0.286
8.840	7.420	-0.287
8.860	3.784	-0.290
8.880	0.105	-0.287
8.900	-3.617	-0.283
8.920	-7.264	-0.266
8.940	-10.820	-0.256
8.960	-14.193	-0.232
8.980	-17.384	-0.216
9.000	-20.322	-0.186
9.020	-22.969	-0.167
9.040	-25.258	-0.129
9.060	-27.245	-0.104
9.080	-28.792	-0.062
9.100	-29.925	-0.036
9.120	-30.629	0.002
9.140	-30.844	0.029
9.160	-30.720	0.074
9.180	-30.113	0.097
9.200	-29.076	0.136
9.220	-27.599	0.159
9.240	-25.741	0.196
9.260	-23.507	0.214
9.280	-20.918	0.239
9.300	-18.039	0.259
9.320	-14.891	0.274
9.340	-11.551	0.279
9.360	-8.027	0.294
9.380	-4.369	0.289
9.400	-0.674	0.296
9.420	3.037	0.282
9.440	6.690	0.278
9.460	10.245	0.260
9.480	13.677	0.249
9.500	16.911	0.222
9.520	19.876	0.200
9.540	22.594	0.167
9.560	24.935	0.144
9.580	26.939	0.110
9.600	28.529	0.085
9.620	29.748	0.042
9.640	30.510	0.018
9.660	30.838	-0.022
9.680	30.725	-0.055
9.700	30.194	-0.088
9.720	29.200	-0.122
9.740	27.787	-0.151
9.760	25.999	-0.180
9.780	23.840	-0.205
9.800	21.299	-0.227
9.820	18.463	-0.245
9.840	15.380	-0.262
9.860	12.039	-0.271
9.880	8.564	-0.279
9.900	4.944	-0.283
9.920	1.281	-0.281
9.940	-2.447	-0.278
9.960	-6.104	-0.263
9.980	-9.714	-0.252
10.000	-13.151	-0.230
10.020	-16.395	-0.216
10.040	-19.430	-0.187
10.060	-22.169	-0.167
10.080	-24.581	-0.132
10.100	-26.670	-0.109
10.120	-28.367	-0.067
10.140	-29.619	-0.040
10.160	-30.473	-0.001
10.180	-30.822	0.027
10.200	-30.822	0.069
10.220	-30.387	0.097
10.240	-29.474	0.136
10.260	-28.126	0.159
10.280	-26.396	0.192
10.300	-24.269	0.215
10.320	-21.804	0.244
10.340	-19.000	0.255
10.360	-15.933	0.278
10.380	-12.678	0.288
10.400	-9.171	0.295
10.420	-5.562	0.298
10.440	-1.883	0.299
10.460	1.850	0.292
10.480	5.535	0.287
10.500	9.107	0.275
10.520	12.598	0.260
10.540	15.890	0.237
10.560	18.941	0.212
10.580	21.756	0.192
10.600	24.210	0.157
10.620	26.321	0.136
10.640	28.067	0.094
10.660	29.399	0.068
10.680	30.296	0.028
10.700	30.779	-0.003
10.720	30.806	-0.041
10.740	30.414	-0.070
10.760	29.571	-0.108
10.780	28.298	-0.133
10.800	26.616	-0.167
10.820	24.581	-0.190
10.840	22.153	-0.221
10.860	19.408	-0.233
10.880	16.411	-0.254
10.900	13.140	-0.266
10.920	9.714	-0.270
10.940	6.126	-0.279
10.960	2.479	-0.273
10.980	-1.233	-0.274
11.000	-4.917	-0.261
11.020	-8.553	-0.255
11.040	-12.039	-0.236
11.060	-15.348	-0.224
11.080	-18.458	-0.194
11.100	-21.294	-0.174
11.120	-23.818	-0.141
11.140	-25.999	-0.115
11.160	-27.830	-0.083
11.180	-29.254	-0.046
11.200	-30.204	-0.017
11.220	-30.736	0.020
11.240	-30.860	0.055
11.260	-30.532	0.092
11.280	-29.802	0.118
11.300	-28.588	0.155
11.320	-26.955	0.180
11.340	-24.962	0.209
11.360	-22.610	0.228
11.380	-19.908	0.252
11.400	-16.938	0.265
11.420	-13.704	0.283
11.440	-10.288	0.289
11.460	-6.706	0.296
11.480	-3.048	0.294
11.500	0.663	0.292
11.520	4.359	0.284
11.540	7.979	0.276
11.560	11.502	0.260
11.580	14.859	0.241
11.600	17.990	0.215
11.620	20.885	0.196
11.640	23.464	0.161
11.660	25.687	0.139
11.680	27.556	0.099
11.700	29.007	0.074
11.720	30.065	0.032
11.740	30.682	0.005
11.760	30.849	-0.036
11.780	30.591	-0.066
11.800	29.882	-0.104
11.820	28.754	-0.131
11.840	27.213	-0.169
11.860	25.290	-0.184
11.880	22.980	-0.219
11.900	20.332	-0.237
11.920	17.405	-0.254
11.940	14.225	-0.267
11.960	10.847	-0.278
11.980	7.313	-0.285
12.000	3.677	-0.284
12.020	-0.019	-0.280
12.040	-3.709	-0.272
12.060	-7.366	-0.262
12.080	-10.901	-0.252
12.100	-14.295	-0.233
12.120	-17.464	-0.214
12.140	-20.397	-0.187
12.160	-23.023	-0.162
12.180	-25.306	-0.129
12.200	-27.272	-0.102
12.220	-28.813	-0.063
12.240	-29.936	-0.037
12.260	-30.618	0.003
12.280	-30.854	0.032
12.300	-30.677	0.075
12.320	-30.070	0.096
12.340	-28.996	0.137
12.360	-27.524	0.161
12.380	-25.628	0.193
12.400	-23.383	0.211
12.420	-20.805	0.240
12.440	-17.905	0.252
12.460	-14.757	0.273
12.480	-11.416	0.274
12.500	-7.866	0.287
12.520	-4.230	0.285
12.540	-0.534	0.289
12.560	3.156	0.275
12.580	6.819	0.272
12.600	10.385	0.252
12.620	13.801	0.242
12.640	17.008	0.213
12.660	19.978	0.198
12.680	22.669	0.163
12.700	25.010	0.137
12.720	27.003	0.106
12.740	28.577	0.074
12.760	29.753	0.038
12.780	30.527	0.003
12.800	30.844	-0.031
12.820	30.715	-0.067
12.840	30.151	-0.096
12.860	29.157	-0.134
12.880	27.728	-0.161
12.900	25.950	-0.188
12.920	23.770	-0.212
12.940	21.229	-0.237
12.960	18.383	-0.254
12.980	15.283	-0.276
13.000	11.943	-0.279
13.020	8.462	-0.292
13.040	4.847	-0.291
13.060	1.179	-0.292
13.080	-2.532	-0.283
13.100	-6.196	-0.274
13.120	-9.783	-0.262
13.140	-13.232	-0.240
13.160	-16.449	-0.229
13.180	-19.484	-0.196
13.200	-22.218	-0.178
13.220	-24.608	-0.141
13.240	-26.676	-0.118
13.260	-28.346	-0.080
13.280	-29.614	-0.052
13.300	-30.446	-0.012
13.320	-30.784	0.016
13.340	-30.774	0.057
13.360	-30.301	0.085
13.380	-29.393	0.124
13.400	-28.045	0.150
13.420	-26.294	0.182
13.440	-24.167	0.206
13.460	-21.686	0.230
13.480	-18.877	0.250
13.500	-15.810	0.268
13.520	-12.523	0.277
13.540	-9.031	0.285
13.560	-5.427	0.292
13.580	-1.721	0.289
13.600	1.985	0.285
13.620	5.664	0.275
13.640	9.236	0.265
13.660	12.721	0.248
13.680	15.998	0.226
13.700	19.043	0.202
13.720	21.842	0.177
13.740	24.296	0.147
13.760	26.402	0.122
13.780	28.115	0.088
13.800	29.442	0.056
13.820	30.328	0.019
13.840	30.790	-0.015
13.860	30.801	-0.051
13.880	30.387	-0.081
13.900	29.517	-0.120
13.920	28.249	-0.150
13.940	26.552	-0.179
13.960	24.516	-0.200
13.980	22.078	-0.229
14.000	19.323	-0.246
14.020	16.304	-0.266
14.040	13.033	-0.270
14.060	9.590	-0.287
14.080	6.008	-0.284
14.100	2.355	-0.290
14.120	-1.340	-0.282
14.140	-5.046	-0.280
14.160	-8.666	-0.254
14.180	-12.147	-0.245
14.200	-15.450	-0.225
14.220	-18.560	-0.203
14.240	-21.412	-0.176
14.260	-23.915	-0.153
14.280	-26.085	-0.117
14.300	-27.900	-0.088
14.320	-29.291	-0.055
14.340	-30.258	-0.021
14.360	-30.768	0.012
14.380	-30.876	0.051
14.400	-30.553	0.085
14.420	-29.780	0.118
14.440	-28.566	0.146
14.460	-26.944	0.176
14.480	-24.919	0.206
14.500	-22.551	0.227
14.520	-19.849	0.251
14.540	-16.852	0.265
14.560	-13.651	0.281
14.580	-10.213	0.285
14.600	-6.615	0.294
14.620	-2.951	0.296
14.640	0.760	0.294
14.660	4.461	0.285
14.680	8.075	0.274
14.700	11.610	0.258
14.720	14.945	0.246
14.740	18.087	0.214
14.760	20.955	0.195
14.780	23.533	0.161
14.800	25.757	0.140
14.820	27.589	0.101
14.840	29.050	0.076
14.860	30.081	0.030
14.880	30.688	0.007
14.900	30.849	-0.034
14.920	30.580	-0.060
14.940	29.844	-0.100
14.960	28.706	-0.129
14.980	27.154	-0.162
15.000	25.225	-0.184
15.020	22.894	-0.210
15.040	20.230	-0.231
15.060	17.303	-0.251
15.080	14.113	-0.265
15.100	10.707	-0.271
15.120	7.178	-0.274
15.140	3.537	-0.279
15.160	-0.158	-0.273
15.180	-3.865	-0.270
15.200	-7.528	-0.253
15.220	-11.062	-0.241
15.240	-14.429	-0.222
15.260	-17.598	-0.204
15.280	-20.531	-0.175
15.300	-23.152	-0.154
15.320	-25.424	-0.119
15.340	-27.368	-0.095
15.360	-28.894	-0.051
15.380	-29.995	-0.026
15.400	-30.661	0.017
15.420	-30.865	0.043
15.440	-30.704	0.086
15.460	-30.081	0.109
15.480	-29.001	0.152
15.500	-27.481	0.173
15.520	-25.612	0.208
15.540	-23.356	0.226
15.560	-20.746	0.253
15.580	-17.824	0.263
15.600	-14.698	0.286
15.620	-11.320	0.289
15.640	-7.785	0.302
15.660	-4.144	0.299
15.680	-0.416	0.302
15.700	3.279	0.290
15.720	6.926	0.283
15.740	10.498	0.270
15.760	13.892	0.252
15.780	17.104	0.226
15.800	20.064	0.207
15.820	22.760	0.178
15.840	25.070	0.150
15.860	27.046	0.117
15.880	28.615	0.086
15.900	29.812	0.053
15.920	30.543	0.017
15.940	30.844	-0.018
15.960	30.709	-0.052
15.980	30.140	-0.088
16.000	29.125	-0.113
16.020	27.680	-0.151
16.040	25.881	-0.172
16.060	23.678	-0.200
16.080	21.138	-0.228
16.100	18.281	-0.242
16.120	15.171	-0.259
16.140	11.814	-0.269
16.160	8.349	-0.275
16.180	4.740	-0.279
16.200	1.045	-0.270
16.220	-2.656	-0.275
16.240	-6.319	-0.260
16.260	-9.912	-0.257
16.280	-13.328	-0.230
16.300	-16.578	-0.218
16.320	-19.591	-0.182
16.340	-22.298	-0.162
16.360	-24.694	-0.130
16.380	-26.756	-0.105
16.400	-28.427	-0.067
16.420	-29.640	-0.042
16.440	-30.462	0.003
16.460	-30.822	0.029
16.480	-30.795	0.069
16.500	-30.296	0.095
16.520	-29.361	0.134
16.540	-27.991	0.161
16.560	-26.224	0.193
16.580	-24.087	0.215
16.600	-21.605	0.241
16.620	-18.764	0.256
16.640	-15.702	0.276
16.660	-12.426	0.283
16.680	-8.924	0.295
16.700	-5.304	0.294
16.720	-1.625	0.294
16.740	2.087	0.287
16.760	5.771	0.281
16.780	9.359	0.265
16.800	12.834	0.252
16.820	16.116	0.227
16.840	19.135	0.207
16.860	21.938	0.183
16.880	24.366	0.151
16.900	26.461	0.123
16.920	28.163	0.084
16.940	29.474	0.058
16.960	30.344	0.017
16.980	30.790	-0.009
17.000	30.795	-0.051
17.020	30.371	-0.080
17.040	29.495	-0.119
17.060	28.201	-0.145
17.080	26.498	-0.179
17.100	24.441	-0.198
17.120	21.976	-0.229
17.140	19.226	-0.243
17.160	16.207	-0.266
17.180	12.931	-0.269
17.200	9.493	-0.288
17.220	5.906	-0.286
17.240	2.242	-0.289
17.260	-1.448	-0.284
17.280	-5.143	-0.275
17.300	-8.758	-0.262
17.320	-12.238	-0.246
17.340	-15.547	-0.231
17.360	-18.635	-0.201
17.380	-21.460	-0.181
17.400	-23.952	-0.150
17.420	-26.117	-0.123
17.440	-27.911	-0.091
17.460	-29.286	-0.057
17.480	-30.247	-0.018
17.500	-30.736	0.009
17.520	-30.844	0.048
17.540	-30.489	0.082
17.560	-29.710	0.111
17.580	-28.480	0.144
17.600	-26.821	0.174
17.620	-24.812	0.197
17.640	-22.422	0.223
17.660	-19.720	0.244
17.680	-16.728	0.262
17.700	-13.500	0.274
17.720	-10.057	0.282
17.740	-6.475	0.285
17.760	-2.817	0.287
17.780	0.900	0.283
17.800	4.600	0.277
17.820	8.199	0.265
17.840	11.739	0.251
17.860	15.063	0.233
17.880	18.195	0.206
17.900	21.063	0.185
17.920	23.625	0.152
17.940	25.822	0.129
17.960	27.653	0.090
17.980	29.098	0.064
18.000	30.108	0.020
18.020	30.704	-0.003
18.040	30.844	-0.051
18.060	30.553	-0.070
18.080	29.812	-0.115
18.100	28.663	-0.139
18.120	27.089	-0.179
18.140	25.150	-0.193
18.160	22.798	-0.225
18.180	20.155	-0.241
18.200	17.217	-0.265
18.220	14.010	-0.278
18.240	10.611	-0.284
18.260	7.082	-0.296
18.280	3.435	-0.290
18.300	-0.260	-0.296
18.320	-3.961	-0.279
18.340	-7.597	-0.277
18.360	-11.142	-0.252
18.380	-14.505	-0.241
18.400	-17.657	-0.212
18.420	-20.585	-0.192
18.440	-23.174	-0.162
18.460	-25.462	-0.133
18.480	-27.368	-0.103
18.500	-28.899	-0.063
18.520	-29.984	-0.037
18.540	-30.645	0.000
18.560	-30.849	0.032
18.580	-30.639	0.074
18.600	-30.022	0.097
18.620	-28.926	0.140
18.640	-27.406	0.158
18.660	-25.510	0.194
18.680	-23.243	0.215
18.700	-20.649	0.243
18.720	-17.717	0.255
18.740	-14.569	0.277
18.760	-11.201	0.278
18.780	-7.656	0.291
18.800	-4.004	0.288
18.820	-0.298	0.294
18.840	3.397	0.280
18.860	7.055	0.277
18.880	10.584	0.254
18.900	14.010	0.247
18.920	17.212	0.217
18.940	20.150	0.197
18.960	22.841	0.167
18.980	25.145	0.141
19.000	27.105	0.107
19.020	28.674	0.074
19.040	29.828	0.043
19.060	30.559	0.008
19.080	30.854	-0.027
19.100	30.693	-0.060
19.120	30.092	-0.094
19.140	29.082	-0.128
19.160	27.642	-0.159
19.180	25.827	-0.186
19.200	23.603	-0.208
19.220	21.041	-0.233
19.240	18.184	-0.249
19.260	15.063	-0.267
19.280	11.696	-0.278
19.300	8.231	-0.282
19.320	4.590	-0.295
19.340	0.927	-0.285
19.360	-2.785	-0.286
19.380	-6.459	-0.264
19.400	-10.047	-0.258
19.420	-13.457	-0.229
19.440	-16.712	-0.218
19.460	-19.693	-0.187
19.480	-22.432	-0.170
19.500	-24.801	-0.131
19.520	-26.837	-0.110
19.540	-28.523	-0.073
19.560	-29.710	-0.041
19.580	-30.537	-0.005
19.600	-30.865	0.027
19.620	-30.795	0.066
19.640	-30.317	0.097
19.660	-29.361	0.132
19.680	-27.986	0.161
19.700	-26.203	0.193
19.720	-24.060	0.211
19.740	-21.552	0.239
19.760	-18.710	0.259
19.780	-15.643	0.280
19.800	-12.329	0.285
19.820	-8.827	0.294
19.840	-5.213	0.294
19.860	-1.507	0.298
19.880	2.183	0.295
19.900	5.868	0.285
19.920	9.450	0.271
19.940	12.931	0.259
19.960	16.186	0.235
19.980	19.226	0.210
20.000	22.013	0.187
20.020	24.430	0.158
20.040	26.520	0.130
20.060	28.201	0.090
20.080	29.501	0.063
20.100	30.365	0.024
20.120	30.806	-0.008
20.140	30.784	-0.044
20.160	30.349	-0.071
20.180	29.452	-0.113
20.200	28.147	-0.134
20.220	26.450	-0.172
20.240	24.361	-0.188
20.260	21.901	-0.225
20.280	19.135	-0.230
20.300	16.105	-0.261
20.320	12.813	-0.260
20.340	9.365	-0.274
20.360	5.787	-0.279
20.380	2.108	-0.274
20.400	-1.593	-0.271
20.420	-5.277	-0.260
20.440	-8.897	-0.253
20.460	-12.378	-0.232
20.480	-15.670	-0.219
20.500	-18.742	-0.190
20.520	-21.562	-0.168
20.540	-24.060	-0.136
20.560	-26.224	-0.113
20.580	-27.997	-0.074
20.600	-29.356	-0.041
20.620	-30.312	-0.008
20.640	-30.779	0.023
20.660	-30.865	0.063
20.680	-30.505	0.091
20.700	-29.694	0.125
20.720	-28.469	0.161
20.740	-26.799	0.183
20.760	-24.769	0.216
20.780	-22.384	0.239
20.800	-19.645	0.256
20.820	-16.637	0.270
20.840	-13.409	0.289
20.860	-9.966	0.294
20.880	-6.367	0.299
20.900	-2.699	0.298
20.920	1.002	0.300
20.940	4.708	0.284
20.960	8.306	0.282
20.980	11.814	0.260
21.000	15.176	0.245
21.020	18.286	0.219
21.040	21.154	0.201
21.060	23.695	0.162
21.080	25.886	0.140
21.100	27.707	0.099
21.120	29.135	0.078
21.140	30.135	0.032
21.160	30.715	0.005
21.180	30.849	-0.036
21.200	30.553	-0.066
21.220	29.791	-0.100
21.240	28.615	-0.133
21.260	27.025	-0.159
21.280	25.086	-0.186
21.300	22.733	-0.215
21.320	20.064	-0.233
21.340	17.110	-0.250
21.360	13.898	-0.264
21.380	10.509	-0.270
21.400	6.964	-0.279
21.420	3.301	-0.277
21.440	-0.373	-0.279
21.460	-4.063	-0.267
21.480	-7.721	-0.257
21.500	-11.266	-0.245
21.520	-14.601	-0.225
21.540	-17.770	-0.207
21.560	-20.671	-0.177
21.580	-23.243	-0.154
21.600	-25.531	-0.120
21.620	-27.444	-0.097
21.640	-28.942	-0.057
21.660	-30.006	-0.026
21.680	-30.650	0.008
21.700	-30.860	0.041
21.720	-30.629	0.079
21.740	-29.979	0.104
21.760	-28.888	0.146
21.780	-27.347	0.170
21.800	-25.429	0.199
21.820	-23.163	0.219
21.840	-20.542	0.248
21.860	-17.631	0.259
21.880	-14.446	0.277
21.900	-11.078	0.282
21.920	-7.522	0.294
21.940	-3.886	0.289
21.960	-0.175	0.294
21.980	3.526	0.282
22.000	7.168	0.277
22.020	10.713	0.257
22.040	14.129	0.244
22.060	17.303	0.218
22.080	20.252	0.196
22.100	22.916	0.165
22.120	25.209	0.144
22.140	27.154	0.103
22.160	28.717	0.078
22.180	29.871	0.035
22.200	30.575	0.007
22.220	30.844	-0.030
22.240	30.688	-0.063
22.260	30.081	-0.101
22.280	29.044	-0.130
22.300	27.594	-0.162
22.320	25.762	-0.187
22.340	23.533	-0.216
22.360	20.961	-0.234
22.380	18.087	-0.257
22.400	14.972	-0.270
22.420	11.620	-0.283
22.440	8.118	-0.287
22.460	4.509	-0.290
22.480	0.814	-0.291
22.500	-2.892	-0.283
22.520	-6.545	-0.270
22.540	-10.127	-0.262
22.560	-13.538	-0.240
22.580	-16.760	-0.223
22.600	-19.768	-0.194
22.620	-22.454	-0.174
22.640	-24.828	-0.138
22.660	-26.858	-0.115
22.680	-28.507	-0.075
22.700	-29.710	-0.047
22.720	-30.489	-0.010
22.740	-30.811	0.018
22.760	-30.747	0.060
22.780	-30.247	0.087
22.800	-29.281	0.129
22.820	-27.895	0.152
22.840	-26.085	0.188
22.860	-23.920	0.202
22.880	-21.417	0.233
22.900	-18.581	0.251
22.920	-15.488	0.269
22.940	-12.179	0.273
22.960	-8.682	0.285
22.980	-5.057	0.285
23.000	-1.383	0.289
23.020	2.334	0.278
23.040	6.008	0.273
23.060	9.595	0.260
23.080	13.038	0.248
23.100	16.304	0.222
23.120	19.323	0.198
23.140	22.094	0.173
23.160	24.516	0.145
23.180	26.584	0.116
23.200	28.249	0.078
23.220	29.533	0.049
23.240	30.392	0.010
23.260	30.811	-0.017
23.280	30.779	-0.059
23.300	30.317	-0.088
23.320	29.420	-0.125
23.340	28.094	-0.153
23.360	26.391	-0.185
23.380	24.285	-0.207
23.400	21.820	-0.234
23.420	19.054	-0.249
23.440	16.003	-0.267
23.460	12.716	-0.280
23.480	9.262	-0.287
23.500	5.685	-0.293
23.520	2.022	-0.289
23.540	-1.700	-0.290
23.560	-5.368	-0.275
23.580	-8.999	-0.267
23.600	-12.448	-0.245
23.620	-15.740	-0.227
23.640	-18.823	-0.200
23.660	-21.637	-0.182
23.680	-24.119	-0.147
23.700	-26.240	-0.123
23.720	-28.024	-0.087
23.740	-29.377	-0.055
23.760	-30.306	-0.017
23.780	-30.763	0.015
23.800	-30.838	0.053
23.820	-30.468	0.086
23.840	-29.651	0.116
23.860	-28.400	0.150
23.880	-26.745	0.179
23.900	-24.677	0.203
23.920	-22.287	0.227
23.940	-19.548	0.247
23.960	-16.530	0.265
23.980	-13.307	0.282
24.000	-9.832	0.285
24.020	-6.255	0.292
24.040	-2.570	0.293
24.060	1.109	0.289
24.080	4.826	0.280
24.100	8.435	0.269
24.120	11.943	0.254
24.140	15.262	0.239
24.160	18.377	0.211
24.180	21.235	0.190
24.200	23.764	0.157
24.220	25.950	0.136
24.240	27.760	0.095
24.260	29.173	0.070
24.280	30.156	0.025
24.300	30.725	0.002
24.320	30.844	-0.042
24.340	30.527	-0.068
24.360	29.748	-0.109
24.380	28.577	-0.138
24.400	26.966	-0.170
24.420	25.016	-0.188
24.440	22.653	-0.219
24.460	19.962	-0.236
24.480	17.008	-0.262
24.500	13.785	-0.268
24.520	10.390	-0.281
24.540	6.835	-0.283
24.560	3.177	-0.291
24.580	-0.518	-0.283
24.600	-4.219	-0.277
24.620	-7.866	-0.254
24.640	-11.384	-0.245
24.660	-14.757	-0.223
24.680	-17.899	-0.204
24.700	-20.810	-0.177
24.720	-23.378	-0.157
24.740	-25.634	-0.120
24.760	-27.524	-0.093
24.780	-29.017	-0.055
24.800	-30.092	-0.024
24.820	-30.698	0.012
24.840	-30.881	0.041
24.860	-30.650	0.082
24.880	-29.990	0.109
24.900	-28.905	0.149
24.920	-27.347	0.172
24.940	-25.424	0.206
24.960	-23.131	0.225
24.980	-20.477	0.248
25.000	-17.555	0.265
25.020	-14.386	0.284
25.040	-11.003	0.289
25.060	-7.463	0.298
25.080	-3.779	0.297
25.100	-0.073	0.304
25.120	3.623	0.289
25.140	7.270	0.284
25.160	10.809	0.268
25.180	14.220	0.252
25.200	17.400	0.227
25.220	20.332	0.206
25.240	22.991	0.175
25.260	25.274	0.148
25.280	27.218	0.114
25.300	28.749	0.083
25.320	29.893	0.047
25.340	30.591	0.016
25.360	30.854	-0.022
25.380	30.677	-0.055
25.400	30.049	-0.088
25.420	29.007	-0.117
25.440	27.540	-0.152
25.460	25.687	-0.175
25.480	23.453	-0.206
25.500	20.864	-0.225
25.520	17.990	-0.247
25.540	14.859	-0.254
25.560	11.491	-0.270
25.580	7.984	-0.272
25.600	4.375	-0.279
25.620	0.690	-0.270
25.640	-3.027	-0.270
25.660	-6.690	-0.255
25.680	-10.251	-0.245
25.700	-13.677	-0.225
25.720	-16.868	-0.207
25.740	-19.881	-0.179
25.760	-22.577	-0.159
25.780	-24.919	-0.124
25.800	-26.939	-0.101
25.820	-28.566	-0.063
25.840	-29.759	-0.038
25.860	-30.532	0.005
25.880	-30.849	0.032
25.900	-30.779	0.077
25.920	-30.237	0.103
25.940	-29.264	0.145
25.960	-27.846	0.165
25.980	-26.052	0.201
26.000	-23.872	0.219
26.020	-21.337	0.248
26.040	-18.501	0.260
26.060	-15.412	0.277
26.080	-12.088	0.285
26.100	-8.586	0.297
26.120	-4.944	0.295
26.140	-1.249	0.302
26.160	2.447	0.291
26.180	6.120	0.285
26.200	9.687	0.268
26.220	13.140	0.256
26.240	16.411	0.231
26.260	19.414	0.211
26.280	22.180	0.186
26.300	24.586	0.154
26.320	26.649	0.124
26.340	28.298	0.089
26.360	29.581	0.057
26.380	30.414	0.020
26.400	30.822	-0.012
26.420	30.768	-0.050
26.440	30.312	-0.080
26.460	29.383	-0.114
26.480	28.061	-0.146
26.500	26.321	-0.175
26.520	24.221	-0.198
26.540	21.734	-0.225
26.560	18.947	-0.241
26.580	15.912	-0.259
26.600	12.598	-0.270
26.620	9.139	-0.282
26.640	5.573	-0.286
26.660	1.893	-0.287
26.680	-1.823	-0.281
26.700	-5.497	-0.268
26.720	-9.112	-0.259
26.740	-12.566	-0.238
26.760	-15.853	-0.225
26.780	-18.925	-0.198
26.800	-21.707	-0.177
26.820	-24.178	-0.146
26.840	-26.305	-0.118
26.860	-28.067	-0.086
26.880	-29.393	-0.051
26.900	-30.339	-0.017
26.920	-30.763	0.014
26.940	-30.838	0.053
26.960	-30.441	0.086
26.980	-29.603	0.117
27.000	-28.341	0.150
27.020	-26.654	0.177
27.040	-24.597	0.203
27.060	-22.185	0.228
27.080	-19.435	0.245
27.100	-16.406	0.262
27.120	-13.183	0.277
27.140	-9.719	0.282
27.160	-6.136	0.287
27.180	-2.452	0.290
27.200	1.260	0.283
27.220	4.955	0.280
27.240	8.553	0.265
27.260	12.061	0.256
27.280	15.375	0.236
27.300	18.474	0.213
27.320	21.315	0.190
27.340	23.850	0.160
27.360	26.015	0.132
27.380	27.809	0.096
27.400	29.205	0.066
27.420	30.188	0.029
27.440	30.731	-0.002
27.460	30.833	-0.044
27.480	30.510	-0.069
27.500	29.732	-0.121
27.520	28.539	-0.140
27.540	26.906	-0.187
27.560	24.946	-0.192
27.580	22.561	-0.243
27.600	19.886	-0.240
27.620	16.922	-0.282
27.640	13.694	-0.274
27.660	10.272	-0.301
27.680	6.727	-0.292
27.700	3.075	-0.304
27.720	-0.610	-0.298
27.740	-4.305	-0.287
27.760	-7.952	-0.280
27.780	-11.465	-0.254
27.800	-14.811	-0.250
27.820	-17.958	-0.214
27.840	-20.843	-0.204
27.860	-23.421	-0.163
27.880	-25.655	-0.144
27.900	-27.530	-0.108
27.920	-29.012	-0.074
27.940	-30.075	-0.038
27.960	-30.661	-0.007
27.980	-30.838	0.029
28.000	-30.596	0.062
28.020	-29.920	0.095
28.040	-28.792	0.131
28.060	-27.223	0.159
28.080	-25.301	0.188
28.100	-23.007	0.208
28.120	-20.359	0.242
28.140	-17.421	0.251
28.160	-14.236	0.274
28.180	-10.852	0.273
28.200	-7.297	0.289
28.220	-3.634	0.284
28.240	0.073	0.289
28.260	3.762	0.278
28.280	7.404	0.275
28.300	10.949	0.252
28.320	14.333	0.243
28.340	17.502	0.209
28.360	20.424	0.198
28.380	23.082	0.159
28.400	25.360	0.143
28.420	27.282	0.097
28.440	28.802	0.073
28.460	29.920	0.031
28.480	30.602	0.006
28.500	30.849	-0.035
28.520	30.661	-0.063
28.540	30.022	-0.103
28.560	28.969	-0.129
28.580	27.476	-0.164
28.600	25.628	-0.189
28.620	23.372	-0.216
28.640	20.778	-0.241
28.660	17.899	-0.250
28.680	14.762	-0.279
28.700	11.406	-0.271
28.720	7.887	-0.300
28.740	4.262	-0.280
28.760	0.567	-0.308
28.780	-3.134	-0.283
28.800	-6.786	-0.287
28.820	-10.358	-0.263
28.840	-13.763	-0.254
28.860	-16.981	-0.228
28.880	-19.967	-0.204
28.900	-22.658	-0.181
28.920	-24.973	-0.144
28.940	-26.992	-0.123
28.960	-28.636	-0.080
28.980	-29.775	-0.053
29.000	-30.564	-0.013
29.020	-30.833	0.012
29.040	-30.758	0.059
29.060	-30.226	0.083
29.080	-29.243	0.124
29.100	-27.814	0.145
29.120	-25.999	0.186
29.140	-23.813	0.212
29.160	-21.272	0.236
29.180	-18.426	0.256
29.200	-15.321	0.276
29.220	-11.991	0.285
29.240	-8.489	0.290
29.260	-4.842	0.292
29.280	-1.152	0.294
29.300	2.538	0.289
29.320	6.217	0.274
29.340	9.800	0.265
29.360	13.259	0.251
29.380	16.492	0.233
29.400	19.500	0.206
29.420	22.260	0.176
29.440	24.651	0.147
29.460	26.686	0.119
29.480	28.351	0.084
29.500	29.597	0.053
29.520	30.430	0.019
29.540	30.827	-0.013
29.560	30.758	-0.050
29.580	30.263	-0.080
29.600	29.350	-0.118
29.620	27.997	-0.145
29.640	26.267	-0.176
29.660	24.140	-0.196
29.680	21.643	-0.225
29.700	18.844	-0.237
29.720	15.783	-0.263
29.740	12.480	-0.264
29.760	9.026	-0.285
29.780	5.433	-0.279
29.800	1.754	-0.288
29.820	-1.969	-0.274
29.840	-5.642	-0.266
29.860	-9.252	-0.254
29.880	-12.705	-0.236
29.900	-15.971	-0.217
29.920	-19.059	-0.191
29.940	-21.825	-0.169
29.960	-24.291	-0.139
29.980	-26.418	-0.113
30.000	-28.142	-0.077
30.020	-29.495	-0.040
30.040	-30.392	-0.009
30.060	-30.784	0.023
30.080	-30.844	0.062
30.100	-30.457	0.091
30.120	-29.614	0.128
30.140	-28.335	0.157
30.160	-26.633	0.186
30.180	-24.549	0.218
30.200	-22.132	0.241
30.220	-19.376	0.258
30.240	-16.347	0.273
30.260	-13.087	0.286
30.280	-9.638	0.294
30.300	-6.029	0.301
30.320	-2.350	0.302
30.340	1.367	0.298
30.360	5.041	0.285
30.380	8.661	0.281
30.400	12.174	0.261
30.420	15.466	0.242
30.440	18.560	0.214
30.460	21.412	0.198
30.480	23.915	0.160
30.500	26.079	0.140
30.520	27.857	0.097
30.540	29.254	0.076
30.560	30.199	0.035
30.580	30.736	0.006
30.600	30.838	-0.040
30.620	30.484	-0.063
30.640	29.689	-0.106
30.660	28.480	-0.128
30.680	26.874	-0.165
30.700	24.876	-0.187
30.720	22.481	-0.216
30.740	19.795	-0.230
30.760	16.814	-0.250
30.780	13.581	-0.265
30.800	10.170	-0.272
30.820	6.609	-0.278
30.840	2.968	-0.273
30.860	-0.744	-0.269
30.880	-4.439	-0.263
30.900	-8.070	-0.256
30.920	-11.599	-0.238
30.940	-14.929	-0.221
30.960	-18.076	-0.198
30.980	-20.939	-0.172
31.000	-23.523	-0.146
31.020	-25.736	-0.117
31.040	-27.599	-0.088
31.060	-29.071	-0.046
31.080	-30.102	-0.018
31.100	-30.698	0.017
31.120	-30.881	0.045
31.140	-30.602	0.088
31.160	-29.904	0.111
31.180	-28.770	0.152
31.200	-27.207	0.175
31.220	-25.231	0.211
31.240	-22.937	0.225
31.260	-20.268	0.254
31.280	-17.314	0.262
31.300	-14.156	0.285
31.320	-10.745	0.287
31.340	-7.189	0.298
31.360	-3.526	0.294
31.380	0.180	0.296
31.400	3.870	0.286
31.420	7.511	0.281
31.440	11.051	0.259
31.460	14.429	0.248
31.480	17.604	0.222
31.500	20.515	0.203
31.520	23.163	0.165
31.540	25.413	0.143
31.560	27.331	0.108
31.580	28.840	0.077
31.600	29.957	0.042
31.620	30.618	0.009
31.640	30.854	-0.028
31.660	30.645	-0.059
31.680	29.995	-0.097
31.700	28.926	-0.126
31.720	27.411	-0.158
31.740	25.569	-0.187
31.760	23.292	-0.212
31.780	20.698	-0.231
31.800	17.802	-0.252
31.820	14.655	-0.268
31.840	11.293	-0.271
31.860	7.775	-0.283
31.880	4.149	-0.287
31.900	0.465	-0.281
31.920	-3.241	-0.280
31.940	-6.905	-0.258
31.960	-10.455	-0.253
31.980	-13.860	-0.232
32.000	-17.072	-0.216
32.020	-20.037	-0.188
32.040	-22.717	-0.167
32.060	-25.053	-0.129
32.080	-27.046	-0.108
32.100	-28.641	-0.068
32.120	-29.785	-0.041
32.140	-30.553	-0.001
32.160	-30.849	0.028
32.180	-30.731	0.070
32.200	-30.172	0.096
32.220	-29.162	0.134
32.240	-27.728	0.158
32.260	-25.907	0.191
32.280	-23.700	0.211
32.300	-21.149	0.240
32.320	-18.297	0.252
32.340	-15.187	0.270
32.360	-11.857	0.277
32.380	-8.339	0.286
32.400	-4.713	0.286
32.420	-1.018	0.288
32.440	2.704	0.280
32.460	6.362	0.273
32.480	9.918	0.258
32.500	13.366	0.243
32.520	16.615	0.219
32.540	19.602	0.200
32.560	22.352	0.171
32.580	24.720	0.142
32.600	26.756	0.111
32.620	28.400	0.074
32.640	29.646	0.046
32.660	30.457	0.008
32.680	30.822	-0.022
32.700	30.758	-0.062
32.720	30.258	-0.091
32.740	29.313	-0.127
32.760	27.959	-0.158
32.780	26.208	-0.185
32.800	24.071	-0.207
32.820	21.568	-0.235
32.840	18.769	-0.250
32.860	15.692	-0.272
32.880	12.383	-0.275
32.900	8.924	-0.289
32.920	5.331	-0.290
32.940	1.652	-0.293
32.960	-2.038	-0.287
32.980	-5.723	-0.274
33.000	-9.327	-0.264
33.020	-12.781	-0.244
33.040	-16.052	-0.228
33.060	-19.097	-0.201
33.080	-21.874	-0.176
33.100	-24.318	-0.146
33.120	-26.439	-0.122
33.140	-28.169	-0.086
33.160	-29.458	-0.053
33.180	-30.360	-0.017
33.200	-30.779	0.013
33.220	-30.806	0.055
33.240	-30.376	0.082
33.260	-29.554	0.119
33.280	-28.255	0.148
33.300	-26.531	0.179
33.320	-24.452	0.202
33.340	-22.008	0.231
33.360	-19.247	0.248
33.380	-16.213	0.265
33.400	-12.958	0.275
33.420	-9.493	0.285
33.440	-5.889	0.288
33.460	-2.216	0.286
33.480	1.496	0.287
33.500	5.175	0.275
33.520	8.779	0.266
33.540	12.281	0.249
33.560	15.590	0.233
33.580	18.656	0.206
33.600	21.492	0.185
33.620	24.001	0.153
33.640	26.144	0.125
33.660	27.906	0.089
33.680	29.286	0.061
33.700	30.231	0.020
33.720	30.747	-0.007
33.740	30.827	-0.049
33.760	30.468	-0.075
33.780	29.667	-0.114
33.800	28.437	-0.142
33.820	26.810	-0.172
33.840	24.796	-0.197
33.860	22.411	-0.225
33.880	19.693	-0.240
33.900	16.718	-0.264
33.920	13.468	-0.270
33.940	10.063	-0.287
33.960	6.491	-0.287
33.980	2.823	-0.288
34.000	-0.867	-0.285
34.020	-4.563	-0.282
34.040	-8.194	-0.263
34.060	-11.722	-0.246
34.080	-15.047	-0.229
34.100	-18.168	-0.204
34.120	-21.041	-0.180
34.140	-23.598	-0.154
34.160	-25.822	-0.118
34.180	-27.680	-0.095
34.200	-29.130	-0.055
34.220	-30.151	-0.022
34.240	-30.725	0.014
34.260	-30.865	0.044
34.280	-30.596	0.081
34.300	-29.914	0.111
34.320	-28.738	0.145
34.340	-27.175	0.171
34.360	-25.198	0.203
34.380	-22.867	0.222
34.400	-20.225	0.248
34.420	-17.249	0.265
34.440	-14.064	0.281
34.460	-10.664	0.285
34.480	-7.093	0.294
34.500	-3.429	0.292
34.520	0.282	0.296
34.540	3.967	0.281
34.560	7.608	0.276
34.580	11.153	0.261
34.600	14.526	0.247
34.620	17.690	0.219
34.640	20.606	0.198
34.660	23.227	0.165
34.680	25.483	0.146
34.700	27.390	0.107
34.720	28.883	0.082
34.740	29.963	0.036
34.760	30.634	0.012
34.780	30.860	-0.030
34.800	30.634	-0.054
34.820	29.957	-0.097
34.840	28.878	-0.121
34.860	27.347	-0.157
34.880	25.494	-0.178
34.900	23.211	-0.210
34.920	20.601	-0.226
34.940	17.700	-0.249
34.960	14.537	-0.257
34.980	11.164	-0.274
35.000	7.646	-0.279
35.020	4.010	-0.279
35.040	0.320	-0.276
35.060	-3.397	-0.266
35.080	-7.044	-0.262
35.100	-10.605	-0.242
35.120	-14.000	-0.227
35.140	-17.206	-0.203
35.160	-20.171	-0.179
35.180	-22.814	-0.154
35.200	-25.156	-0.123
35.220	-27.127	-0.097
35.240	-28.733	-0.059
35.260	-29.855	-0.032
35.280	-30.607	0.012
35.300	-30.876	0.036
35.320	-30.731	0.083
35.340	-30.177	0.105
35.360	-29.162	0.150
35.380	-27.718	0.172
35.400	-25.865	0.206
35.420	-23.662	0.221
35.440	-21.106	0.258
35.460	-18.221	0.262
35.480	-15.106	0.287
35.500	-11.781	0.291
35.520	-8.253	0.308
35.540	-4.606	0.301
35.560	-0.905	0.308
35.580	2.806	0.293
35.600	6.464	0.291
35.620	10.009	0.270
35.640	13.468	0.262
35.660	16.707	0.231
35.680	19.682	0.217
35.700	22.427	0.183
35.720	24.790	0.158
35.740	26.810	0.128
35.760	28.432	0.089
35.780	29.673	0.057
35.800	30.468	0.024
35.820	30.827	-0.007
35.840	30.747	-0.053
35.860	30.242	-0.075
35.880	29.275	-0.114
35.900	27.906	-0.136
35.920	26.133	-0.175
35.940	23.990	-0.189
35.960	21.482	-0.224
35.980	18.667	-0.236
36.000	15.590	-0.253
36.020	12.265	-0.268
36.040	8.811	-0.268
36.060	5.202	-0.283
36.080	1.523	-0.268
36.100	-2.178	-0.283
36.120	-5.857	-0.254
36.140	-9.456	-0.262
36.160	-12.904	-0.229
36.180	-16.154	-0.221
36.200	-19.215	-0.185
36.220	-21.976	-0.176
36.240	-24.404	-0.133
36.260	-26.509	-0.115
36.280	-28.217	-0.071
36.300	-29.501	-0.050
36.320	-30.398	-0.003
36.340	-30.811	0.022
36.360	-30.827	0.061
36.380	-30.371	0.096
36.400	-29.517	0.125
36.420	-28.196	0.162
36.440	-26.482	0.188
36.460	-24.377	0.214
36.480	-21.938	0.232
36.500	-19.151	0.259
36.520	-16.105	0.272
36.540	-12.850	0.283
36.560	-9.386	0.290
36.580	-5.782	0.298
36.600	-2.097	0.293
36.620	1.625	0.294
36.640	5.315	0.281
36.660	8.897	0.273
36.680	12.388	0.252
36.700	15.692	0.236
36.720	18.759	0.211
36.740	21.584	0.188
36.760	24.076	0.153
36.780	26.192	0.129
36.800	27.959	0.091
36.820	29.323	0.064
36.840	30.253	0.026
36.860	30.768	-0.013
36.880	30.822	-0.042
36.900	30.457	-0.081
36.920	29.619	-0.104
36.940	28.394	-0.144
36.960	26.745	-0.167
36.980	24.737	-0.200
37.000	22.330	-0.222
37.020	19.607	-0.247
37.040	16.621	-0.258
37.060	13.355	-0.279
37.080	9.939	-0.276
37.100	6.384	-0.290
37.120	2.726	-0.287
37.140	-0.964	-0.285
37.160	-4.654	-0.275
37.180	-8.296	-0.262
37.200	-11.803	-0.253
37.220	-15.117	-0.226
37.240	-18.248	-0.212
37.260	-21.116	-0.179
37.280	-23.646	-0.160
37.300	-25.848	-0.122
37.320	-27.707	-0.096
37.340	-29.125	-0.059
37.360	-30.140	-0.027
37.380	-30.682	0.005
37.400	-30.865	0.042
37.420	-30.548	0.075
37.440	-29.828	0.107
37.460	-28.657	0.137
37.480	-27.057	0.169
37.500	-25.086	0.194
37.520	-22.755	0.221
37.540	-20.091	0.236
37.560	-17.115	0.260
37.580	-13.914	0.269
37.600	-10.514	0.281
37.620	-6.953	0.286
37.640	-3.268	0.286
37.660	0.411	0.285
37.680	4.122	0.277
37.700	7.732	0.269
37.720	11.282	0.254
37.740	14.655	0.236
37.760	17.802	0.209
37.780	20.698	0.190
37.800	23.308	0.156
37.820	25.558	0.135
37.840	27.449	0.093
37.860	28.921	0.066
37.880	30.011	0.028
37.900	30.645	-0.001
37.920	30.849	-0.042
37.940	30.618	-0.070
37.960	29.947	-0.104
37.980	28.840	-0.138
38.000	27.320	-0.170
38.020	25.429	-0.196
38.040	23.152	-0.220
38.060	20.510	-0.245
38.080	17.604	-0.260
38.100	14.435	-0.277
38.120	11.067	-0.286
38.140	7.554	-0.292
38.160	3.907	-0.291
38.180	0.223	-0.291
38.200	-3.483	-0.282
38.220	-7.135	-0.270
38.240	-10.697	-0.260
38.260	-14.070	-0.234
38.280	-17.255	-0.217
38.300	-20.219	-0.192
38.320	-22.857	-0.170
38.340	-25.177	-0.132
38.360	-27.154	-0.109
38.380	-28.722	-0.070
38.400	-29.861	-0.041
38.420	-30.570	-0.002
38.440	-30.849	0.024
38.460	-30.704	0.068
38.480	-30.124	0.093
38.500	-29.093	0.136
38.520	-27.610	0.157
38.540	-25.768	0.195
38.560	-23.566	0.211
38.580	-20.993	0.239
38.600	-18.109	0.255
38.620	-14.988	0.275
38.640	-11.631	0.279
38.660	-8.118	0.289
38.680	-4.477	0.290
38.700	-0.792	0.290
38.720	2.919	0.282
38.740	6.593	0.277
38.760	10.138	0.262
38.780	13.575	0.245
38.800	16.809	0.224
38.820	19.790	0.199
38.840	22.513	0.175
38.860	24.865	0.141
38.880	26.874	0.113
38.900	28.480	0.080
38.920	29.721	0.045
38.940	30.484	0.012
38.960	30.838	-0.024
38.980	30.736	-0.057
39.000	30.204	-0.087
39.020	29.238	-0.121
39.040	27.846	-0.157
39.060	26.079	-0.182
39.080	23.920	-0.210
39.100	21.380	-0.229
39.120	18.565	-0.250
39.140	15.482	-0.262
39.160	12.163	-0.278
39.180	8.682	-0.277
39.200	5.078	-0.294
39.220	1.399	-0.285
39.240	-2.307	-0.287
39.260	-5.975	-0.264
39.280	-9.574	-0.258
39.300	-13.033	-0.237
39.320	-16.282	-0.221
39.340	-19.323	-0.190
39.360	-22.073	-0.172
39.380	-24.522	-0.142
39.400	-26.584	-0.111
39.420	-28.298	-0.079
39.440	-29.587	-0.046
39.460	-30.441	-0.010
39.480	-30.838	0.022
39.500	-30.811	0.062
39.520	-30.403	0.093
39.540	-29.517	0.129
39.560	-28.190	0.153
39.580	-26.455	0.187
39.600	-24.339	0.209
39.620	-21.890	0.239
39.640	-19.108	0.260
39.660	-16.041	0.275
39.680	-12.781	0.284
39.700	-9.289	0.295
39.720	-5.691	0.297
39.740	-2.011	0.298
39.760	1.711	0.290
39.780	5.390	0.287
39.800	8.994	0.276
39.820	12.485	0.259
39.840	15.778	0.239
39.860	18.844	0.212
39.880	21.659	0.192
39.900	24.135	0.160
39.920	26.267	0.134
39.940	28.008	0.095
39.960	29.366	0.069
39.980	30.280	0.028
40.000	30.768	-0.001
40.020	30.817	-0.041
40.040	30.425	-0.069
40.060	29.592	-0.106
40.080	28.346	-0.134
40.100	26.681	-0.166
40.120	24.656	-0.187
40.140	22.223	-0.216
40.160	19.505	-0.233
40.180	16.508	-0.255
40.200	13.253	-0.262
40.220	9.816	-0.274
40.240	6.255	-0.277
40.260	2.597	-0.277
40.280	-1.115	-0.269
40.300	-4.804	-0.266
40.320	-8.441	-0.250
40.340	-11.921	-0.240
40.360	-15.262	-0.213
40.380	-18.388	-0.198
40.400	-21.224	-0.172
40.420	-23.764	-0.141
40.440	-25.945	-0.114
40.460	-27.777	-0.081
40.480	-29.205	-0.046
40.500	-30.220	-0.012
40.520	-30.758	0.021
40.540	-30.870	0.055
40.560	-30.564	0.095
40.580	-29.839	0.119
40.600	-28.657	0.160
40.620	-27.041	0.181
40.640	-25.043	0.211
40.660	-22.706	0.234
40.680	-20.015	0.256
40.700	-17.045	0.270
40.720	-13.844	0.293
40.740	-10.401	0.294
40.760	-6.835	0.304
40.780	-3.177	0.299
40.800	0.524	0.300
40.820	4.224	0.287
40.840	7.850	0.282
40.860	11.389	0.265
40.880	14.741	0.248
40.900	17.899	0.223
40.920	20.778	0.203
40.940	23.394	0.168
40.960	25.617	0.144
40.980	27.487	0.107
41.000	28.958	0.078
41.020	30.022	0.042
41.040	30.661	0.010
41.060	30.854	-0.029
41.080	30.607	-0.060
41.100	29.904	-0.094
41.120	28.802	-0.127
41.140	27.272	-0.157
41.160	25.365	-0.183
41.180	23.045	-0.211
41.200	20.418	-0.226
41.220	17.512	-0.250
41.240	14.349	-0.260
41.260	10.960	-0.272
41.280	7.420	-0.272
41.300	3.789	-0.283
41.320	0.105	-0.272
41.340	-3.601	-0.274
41.360	-7.264	-0.256
41.380	-10.799	-0.249
41.400	-14.188	-0.226
41.420	-17.351	-0.208
41.440	-20.316	-0.180
41.460	-22.953	-0.159
41.480	-25.241	-0.122
41.500	-27.213	-0.100
41.520	-28.770	-0.059
41.540	-29.898	-0.032
41.560	-30.591	0.010
41.580	-30.860	0.038
41.600	-30.693	0.074
41.620	-30.097	0.103
41.640	-29.060	0.144
41.660	-27.573	0.169
41.680	-25.714	0.196
41.700	-23.480	0.219
41.720	-20.902	0.244
41.740	-18.007	0.262
41.760	-14.875	0.277
41.780	-11.534	0.287
41.800	-8.011	0.294
41.820	-4.348	0.293
41.840	-0.658	0.292
41.860	3.037	0.286
41.880	6.695	0.278
41.900	10.256	0.265
41.920	13.694	0.251
41.940	16.911	0.223
41.960	19.881	0.201
41.980	22.599	0.169
42.000	24.930	0.147
42.020	26.944	0.111
42.040	28.534	0.085
42.060	29.742	0.041
42.080	30.510	0.015
42.100	30.844	-0.030
42.120	30.725	-0.054
42.140	30.188	-0.100
42.160	29.200	-0.121
42.180	27.787	-0.165
42.200	26.015	-0.175
42.220	23.845	-0.218
42.240	21.299	-0.227
42.260	18.479	-0.259
42.280	15.380	-0.262
42.300	12.072	-0.282
42.320	8.580	-0.283
42.340	4.976	-0.293
42.360	1.297	-0.291
42.380	-2.404	-0.283
42.400	-6.072	-0.276
42.420	-9.665	-0.258
42.440	-13.108	-0.245
42.460	-16.358	-0.218
42.480	-19.392	-0.200
42.500	-22.132	-0.171
42.520	-24.543	-0.144
42.540	-26.611	-0.117
42.560	-28.308	-0.085
42.580	-29.565	-0.049
42.600	-30.419	-0.012
42.620	-30.790	0.015
42.640	-30.779	0.060
42.660	-30.328	0.082
42.680	-29.436	0.127
42.700	-28.083	0.145
42.720	-26.353	0.185
42.740	-24.232	0.201
42.760	-21.761	0.233
42.780	-18.968	0.245
42.800	-15.896	0.268
42.820	-12.635	0.274
42.840	-9.150	0.289
42.860	-5.530	0.285
42.880	-1.850	0.290
42.900	1.856	0.280
42.920	5.530	0.277
42.940	9.128	0.260
42.960	12.603	0.246
42.980	15.896	0.225
43.000	18.952	0.205
43.020	21.761	0.178
43.040	24.221	0.147
43.060	26.326	0.120
43.080	28.061	0.085
43.100	29.393	0.055
43.120	30.301	0.017
43.140	30.779	-0.014
43.160	30.811	-0.054
43.180	30.414	-0.079
43.200	29.560	-0.119
43.220	28.303	-0.146
43.240	26.622	-0.181
43.260	24.592	-0.202
43.280	22.158	-0.230
43.300	19.430	-0.246
43.320	16.422	-0.266
43.340	13.151	-0.276
43.360	9.719	-0.287
43.380	6.153	-0.287
43.400	2.490	-0.291
43.420	-1.200	-0.286
43.440	-4.890	-0.278
43.460	-8.527	-0.266
43.480	-12.029	-0.245
43.500	-15.343	-0.230
43.520	-18.431	-0.203
43.540	-21.288	-0.185
43.560	-23.802	-0.151
43.580	-25.983	-0.124
43.600	-27.798	-0.094
43.620	-29.216	-0.059
43.640	-30.194	-0.026
43.660	-30.731	0.009
43.680	-30.844	0.044
43.700	-30.532	0.082
43.720	-29.775	0.111
43.740	-28.593	0.148
43.760	-26.966	0.174
43.780	-24.962	0.200
43.800	-22.615	0.223
43.820	-19.924	0.248
43.840	-16.943	0.265
43.860	-13.726	0.280
43.880	-10.304	0.283
43.900	-6.727	0.293
43.920	-3.064	0.286
43.940	0.653	0.289
43.960	4.343	0.281
43.980	7.963	0.273
44.000	11.486	0.256
44.020	14.848	0.242
44.040	17.985	0.214
44.060	20.880	0.191
44.080	23.458	0.160
44.100	25.677	0.136
44.120	27.535	0.098
44.140	29.007	0.073
44.160	30.054	0.029
44.180	30.677	0.005
44.200	30.854	-0.036
44.220	30.591	-0.061
44.240	29.882	-0.111
44.260	28.754	-0.130
44.280	27.213	-0.170
44.300	25.295	-0.180
44.320	22.980	-0.221
44.340	20.332	-0.227
44.360	17.416	-0.260
44.380	14.225	-0.258
44.400	10.842	-0.291
44.420	7.307	-0.276
44.440	3.650	-0.298
44.460	-0.040	-0.280
44.480	-3.741	-0.284
44.500	-7.388	-0.260
44.520	-10.944	-0.253
44.540	-14.317	-0.225
44.560	-17.496	-0.209
44.580	-20.445	-0.182
44.600	-23.061	-0.158
44.620	-25.349	-0.124
44.640	-27.315	-0.098
44.660	-28.851	-0.061
44.680	-29.957	-0.030
44.700	-30.645	0.008
44.720	-30.865	0.037
44.740	-30.715	0.079
44.760	-30.118	0.106
44.780	-29.055	0.144
44.800	-27.567	0.168
44.820	-25.671	0.204
44.840	-23.448	0.223
44.860	-20.837	0.254
44.880	-17.953	0.264
44.900	-14.822	0.286
44.920	-11.438	0.288
44.940	-7.914	0.302
44.960	-4.267	0.296
44.980	-0.556	0.302
45.000	3.145	0.285
45.020	6.797	0.285
45.040	10.364	0.268
45.060	13.785	0.262
45.080	16.986	0.229
45.100	19.956	0.211
45.120	22.663	0.173
45.140	25.000	0.156
45.160	26.992	0.116
45.180	28.582	0.086
45.200	29.759	0.050
45.220	30.521	0.021
45.240	30.844	-0.016
45.260	30.720	-0.049
45.280	30.145	-0.084
45.300	29.162	-0.110
45.320	27.728	-0.146
45.340	25.950	-0.173
45.360	23.754	-0.198
45.380	21.219	-0.222
45.400	18.377	-0.241
45.420	15.294	-0.257
45.440	11.943	-0.266
45.460	8.446	-0.274
45.480	4.842	-0.276
45.500	1.163	-0.274
45.520	-2.538	-0.270
45.540	-6.206	-0.257
45.560	-9.816	-0.249
45.580	-13.232	-0.224
45.600	-16.481	-0.214
45.620	-19.505	-0.184
45.640	-22.234	-0.162
45.660	-24.635	-0.129
45.680	-26.702	-0.107
45.700	-28.367	-0.064
45.720	-29.640	-0.039
45.740	-30.473	0.000
45.760	-30.822	0.028
45.780	-30.811	0.072
45.800	-30.312	0.097
45.820	-29.431	0.139
45.840	-28.077	0.163
45.860	-26.305	0.193
45.880	-24.178	0.219
45.900	-21.697	0.246
45.920	-18.887	0.260
45.940	-15.821	0.277
45.960	-12.533	0.285
45.980	-9.058	0.297
46.000	-5.433	0.301
46.020	-1.743	0.299
46.040	1.963	0.294
46.060	5.642	0.283
46.080	9.225	0.276
46.100	12.700	0.260
46.120	15.992	0.236
46.140	19.043	0.211
46.160	21.836	0.191
46.180	24.291	0.155
46.200	26.391	0.132
46.220	28.115	0.094
46.240	29.436	0.066
46.260	30.323	0.026
46.280	30.790	-0.005
46.300	30.806	-0.042
46.320	30.387	-0.075
46.340	29.528	-0.108
46.360	28.249	-0.142
46.380	26.557	-0.167
46.400	24.516	-0.195
46.420	22.089	-0.221
46.440	19.333	-0.238
46.460	16.325	-0.258
46.480	13.033	-0.264
46.500	9.606	-0.274
46.520	6.029	-0.279
46.540	2.371	-0.279
46.560	-1.319	-0.278
46.580	-5.009	-0.268
46.600	-8.639	-0.256
46.620	-12.131	-0.239
46.640	-15.434	-0.226
46.660	-18.538	-0.200
46.680	-21.364	-0.173
46.700	-23.888	-0.148
46.720	-26.058	-0.117
46.740	-27.846	-0.088
46.760	-29.259	-0.052
46.780	-30.231	-0.016
46.800	-30.731	0.013
46.820	-30.838	0.051
46.840	-30.494	0.082
46.860	-29.742	0.116
46.880	-28.534	0.148
46.900	-26.906	0.178
46.920	-24.887	0.204
46.940	-22.513	0.227
46.960	-19.806	0.252
46.980	-16.820	0.265
47.000	-13.618	0.280
47.020	-10.170	0.288
47.040	-6.598	0.292
47.060	-2.914	0.292
47.080	0.781	0.290
47.100	4.482	0.281
47.120	8.086	0.273
47.140	11.610	0.252
47.160	14.967	0.236
47.180	18.087	0.209
47.200	20.961	0.194
47.220	23.528	0.154
47.240	25.762	0.133
47.260	27.589	0.092
47.280	29.055	0.068
47.300	30.081	0.021
47.320	30.682	-0.001
47.340	30.849	-0.046
47.360	30.586	-0.071
47.380	29.850	-0.113
47.400	28.717	-0.136
47.420	27.154	-0.173
47.440	25.231	-0.191
47.460	22.900	-0.224
47.480	20.246	-0.239
47.500	17.319	-0.259
47.520	14.129	-0.275
47.540	10.745	-0.281
47.560	7.200	-0.290
47.580	3.558	-0.291
47.600	-0.132	-0.291
47.620	-3.832	-0.280
47.640	-7.485	-0.271
47.660	-11.019	-0.254
47.680	-14.381	-0.236
47.700	-17.561	-0.215
47.720	-20.483	-0.190
47.740	-23.098	-0.163
47.760	-25.381	-0.132
47.780	-27.309	-0.108
47.800	-28.845	-0.067
47.820	-29.936	-0.042
47.840	-30.613	0.000
47.860	-30.849	0.026
47.880	-30.656	0.072
47.900	-30.027	0.094
47.920	-28.969	0.138
47.940	-27.470	0.157
47.960	-25.569	0.195
47.980	-23.324	0.210
48.000	-20.719	0.240
48.020	-17.813	0.252
48.040	-14.660	0.276
48.060	-11.293	0.277
48.080	-7.775	0.287
48.100	-4.128	0.289
48.120	-0.411	0.290
48.140	3.290	0.277
48.160	6.937	0.272
48.180	10.482	0.256
48.200	13.903	0.244
48.220	17.104	0.217
48.240	20.064	0.195
48.260	22.760	0.164
48.280	25.070	0.141
48.300	27.052	0.106
48.320	28.625	0.073
48.340	29.812	0.038
48.360	30.543	0.007
48.380	30.849	-0.030
48.400	30.709	-0.062
48.420	30.135	-0.096
48.440	29.119	-0.130
48.460	27.701	-0.164
48.480	25.886	-0.183
48.500	23.689	-0.214
48.520	21.143	-0.237
48.540	18.291	-0.254
48.560	15.181	-0.270
48.580	11.846	-0.282
48.600	8.355	-0.287
48.620	4.751	-0.291
48.640	1.066	-0.287
48.660	-2.645	-0.283
48.680	-6.314	-0.268
48.700	-9.902	-0.262
48.720	-13.323	-0.236
48.740	-16.573	-0.221
48.760	-19.580	-0.192
48.780	-22.298	-0.174
48.800	-24.683	-0.139
48.820	-26.740	-0.115
48.840	-28.427	-0.074
48.860	-29.635	-0.045
48.880	-30.468	-0.006
48.900	-30.811	0.020
48.920	-30.784	0.061
48.940	-30.306	0.092
48.960	-29.366	0.129
48.980	-28.008	0.149
49.000	-26.224	0.189
49.020	-24.097	0.210
49.040	-21.621	0.239
49.060	-18.796	0.251
49.080	-15.702	0.277
49.100	-12.426	0.279
49.120	-8.935	0.292
49.140	-5.315	0.291
49.160	-1.614	0.294
49.180	2.081	0.286
49.200	5.760	0.280
49.220	9.343	0.267
49.240	12.818	0.254
49.260	16.100	0.233
49.280	19.135	0.206
49.300	21.927	0.182
49.320	24.361	0.153
49.340	26.455	0.124
49.360	28.158	0.091
49.380	29.463	0.057
49.400	30.344	0.021
49.420	30.801	-0.009
49.440	30.801	-0.051
49.460	30.365	-0.077
49.480	29.495	-0.114
49.500	28.201	-0.142
49.520	26.498	-0.175
49.540	24.447	-0.196
49.560	21.987	-0.223
49.580	19.226	-0.236
49.600	16.218	-0.260
49.620	12.936	-0.269
49.640	9.477	-0.279
49.660	5.916	-0.285
49.680	2.248	-0.284
49.700	-1.469	-0.279
49.720	-5.148	-0.268
49.740	-8.774	-0.253
49.760	-12.265	-0.239
49.780	-15.552	-0.217
49.800	-18.630	-0.194
49.820	-21.466	-0.169
49.840	-23.969	-0.142
49.860	-26.138	-0.111
49.880	-27.922	-0.077
49.900	-29.313	-0.043
49.920	-30.269	-0.011
49.940	-30.747	0.020
49.960	-30.849	0.060
49.980	-30.521	0.091
50.000	-29.737	0.124
50.020	-28.507	0.158
50.040	-26.847	0.186
50.060	-24.839	0.213
50.080	-22.448	0.240
50.100	-19.741	0.258
50.120	-16.755	0.272
50.140	-13.522	0.289
50.160	-10.073	0.294
50.180	-6.507	0.300
50.200	-2.828	0.298
50.220	0.900	0.300
50.240	4.590	0.286
50.260	8.188	0.285
50.280	11.728	0.262
50.300	15.058	0.250
50.320	18.178	0.219
50.340	21.052	0.202
50.360	23.619	0.166
50.380	25.816	0.145
50.400	27.648	0.104
50.420	29.087	0.079
50.440	30.113	0.037
50.460	30.693	0.011
50.480	30.849	-0.034
50.500	30.559	-0.059
50.520	29.818	-0.096
50.540	28.657	-0.127
50.560	27.089	-0.158
50.580	25.161	-0.182
50.600	22.798	-0.207
50.620	20.155	-0.231
50.640	17.222	-0.245
50.660	14.005	-0.262
50.680	10.632	-0.269
50.700	7.087	-0.274
50.720	3.429	-0.273
50.740	-0.271	-0.275
50.760	-3.961	-0.267
50.780	-7.592	-0.251
50.800	-11.148	-0.241
50.820	-14.494	-0.220
50.840	-17.657	-0.204
50.860	-20.590	-0.171
50.880	-23.168	-0.155
50.900	-25.467	-0.112
50.920	-27.368	-0.092
50.940	-28.905	-0.051
50.960	-30.000	-0.025
50.980	-30.618	0.018
51.000	-30.860	0.042
51.020	-30.645	0.087
51.040	-30.016	0.110
51.060	-28.942	0.148
51.080	-27.422	0.173
51.100	-25.510	0.208
51.120	-23.249	0.227
51.140	-20.638	0.256
51.160	-17.727	0.268
51.180	-14.564	0.285
51.200	-11.191	0.288
51.220	-7.656	0.302
51.240	-4.004	0.298
51.260	-0.309	0.298
51.280	3.403	0.288
51.300	7.060	0.283
51.320	10.594	0.265
51.340	14.010	0.254
51.360	17.206	0.227
51.380	20.150	0.207
51.400	22.841	0.170
51.420	25.150	0.148
51.440	27.100	0.114
51.460	28.663	0.084
51.480	29.823	0.047
51.500	30.553	0.018
51.520	30.838	-0.027
51.540	30.698	-0.056
51.560	30.102	-0.090
51.580	29.087	-0.120
51.600	27.653	-0.154
51.620	25.827	-0.181
51.640	23.609	-0.205
51.660	21.052	-0.231
51.680	18.195	-0.247
51.700	15.069	-0.263
51.720	11.739	-0.270
51.740	8.231	-0.280
51.760	4.622	-0.286
51.780	0.937	-0.280
51.800	-2.769	-0.278
51.820	-6.421	-0.264
51.840	-10.004	-0.255
51.860	-13.409	-0.233
51.880	-16.653	-0.220
51.900	-19.661	-0.187
51.920	-22.368	-0.167
51.940	-24.763	-0.131
51.960	-26.778	-0.111
51.980	-28.448	-0.071
52.000	-29.662	-0.041
52.020	-30.468	-0.002
52.040	-30.822	0.026
52.060	-30.752	0.068
52.080	-30.258	0.095
52.100	-29.313	0.131
52.120	-27.959	0.153
52.140	-26.160	0.192
52.160	-24.006	0.207
52.180	-21.509	0.239
52.200	-18.673	0.248
52.220	-15.606	0.273
52.240	-12.302	0.283
52.260	-8.795	0.287
52.280	-5.180	0.291
52.300	-1.496	0.293
52.320	2.205	0.282
52.340	5.895	0.275
52.360	9.467	0.262
52.380	12.942	0.247
52.400	16.202	0.226
52.420	19.226	0.202
52.440	22.019	0.177
52.460	24.430	0.146
52.480	26.520	0.119
52.500	28.201	0.079
52.520	29.511	0.056
52.540	30.365	0.012
52.560	30.806	-0.016
52.580	30.795	-0.059
52.600	30.360	-0.084
52.620	29.452	-0.123
52.640	28.147	-0.150
52.660	26.450	-0.181
52.680	24.382	-0.203
52.700	21.906	-0.234
52.720	19.145	-0.245
52.740	16.111	-0.271
52.760	12.840	-0.278
52.780	9.386	-0.285
52.800	5.809	-0.293
52.820	2.135	-0.290
52.840	-1.560	-0.290
52.860	-5.240	-0.273
52.880	-8.876	-0.268
52.900	-12.335	-0.245
52.920	-15.627	-0.230
52.940	-18.721	-0.203
52.960	-21.541	-0.182
52.980	-24.044	-0.152
53.000	-26.165	-0.126
53.020	-27.954	-0.092
53.040	-29.329	-0.057
53.060	-30.258	-0.021
53.080	-30.747	0.013
53.100	-30.838	0.045
53.120	-30.457	0.083
53.140	-29.662	0.111
53.160	-28.453	0.145
53.180	-26.767	0.173
53.200	-24.731	0.203
53.220	-22.352	0.223
53.240	-19.613	0.247
53.260	-16.632	0.264
53.280	-13.382	0.278
53.300	-9.939	0.281
53.320	-6.373	0.291
53.340	-2.683	0.289
53.360	1.012	0.289
53.380	4.708	0.279
53.400	8.312	0.269
53.420	11.835	0.254
53.440	15.176	0.233
53.460	18.286	0.209
53.480	21.149	0.186
53.500	23.700	0.154
53.520	25.875	0.132
53.540	27.707	0.090
53.560	29.130	0.066
53.580	30.135	0.021
53.600	30.715	-0.003
53.620	30.844	-0.046
53.640	30.537	-0.071
53.660	29.796	-0.116
53.680	28.620	-0.136
53.700	27.025	-0.173
53.720	25.091	-0.189
53.740	22.733	-0.226
53.760	20.074	-0.241
53.780	17.120	-0.263
53.800	13.908	-0.270
53.820	10.514	-0.283
53.840	6.964	-0.289
53.860	3.317	-0.289
53.880	-0.363	-0.285
53.900	-4.069	-0.277
53.920	-7.716	-0.267
53.940	-11.250	-0.250
53.960	-14.596	-0.230
53.980	-17.749	-0.209
54.000	-20.665	-0.183
54.020	-23.260	-0.159
54.040	-25.537	-0.126
54.060	-27.422	-0.098
54.080	-28.948	-0.064
54.100	-30.016	-0.030
54.120	-30.645	0.006
54.140	-30.849	0.037
54.160	-30.639	0.080
54.180	-29.990	0.106
54.200	-28.894	0.144
54.220	-27.363	0.165
54.240	-25.451	0.202
54.260	-23.184	0.219
54.280	-20.552	0.251
54.300	-17.625	0.262
54.320	-14.478	0.281
54.340	-11.094	0.285
54.360	-7.549	0.299
54.380	-3.897	0.287
54.400	-0.191	0.298
54.420	3.510	0.282
54.440	7.168	0.278
54.460	10.707	0.259
54.480	14.118	0.248
54.500	17.303	0.223
54.520	20.241	0.203
54.540	22.916	0.171
54.560	25.204	0.147
54.580	27.148	0.111
54.600	28.711	0.080
54.620	29.866	0.043
54.640	30.570	0.012
54.660	30.854	-0.023
54.680	30.688	-0.057
54.700	30.081	-0.090
54.720	29.050	-0.118
54.740	27.594	-0.152
54.760	25.752	-0.180
54.780	23.533	-0.206
54.800	20.955	-0.227
54.820	18.098	-0.248
54.840	14.972	-0.259
54.860	11.620	-0.270
54.880	8.118	-0.278
54.900	4.509	-0.283
54.920	0.819	-0.275
54.940	-2.892	-0.274
54.960	-6.545	-0.258
54.980	-10.143	-0.250
55.000	-13.543	-0.226
55.020	-16.782	-0.215
55.040	-19.774	-0.180
55.060	-22.459	-0.162
55.080	-24.849	-0.124
55.100	-26.858	-0.101
55.120	-28.512	-0.063
55.140	-29.726	-0.034
55.160	-30.505	0.002
55.180	-30.811	0.037
55.200	-30.768	0.076
55.220	-30.253	0.105
55.240	-29.286	0.141
55.260	-27.900	0.169
55.280	-26.106	0.202
55.300	-23.958	0.223
55.320	-21.439	0.248
55.340	-18.603	0.266
55.360	-15.509	0.281
55.380	-12.190	0.293
55.400	-8.698	0.300
55.420	-5.073	0.302
55.440	-1.388	0.304
55.460	2.328	0.295
55.480	6.002	0.286
55.500	9.579	0.276
55.520	13.038	0.259
55.540	16.293	0.236
55.560	19.328	0.215
55.580	22.089	0.190
55.600	24.506	0.157
55.620	26.584	0.132
55.640	28.249	0.092
55.660	29.538	0.065
55.680	30.387	0.028
55.700	30.806	-0.008
55.720	30.774	-0.040
55.740	30.323	-0.073
55.760	29.426	-0.109
55.780	28.104	-0.140
55.800	26.391	-0.167
55.820	24.302	-0.190
55.840	21.831	-0.221
55.860	19.054	-0.237
55.880	16.009	-0.254
55.900	12.721	-0.266
55.920	9.273	-0.269
55.940	5.685	-0.275
55.960	2.017	-0.275
55.980	-1.695	-0.270
56.000	-5.368	-0.262
56.020	-8.989	-0.250
56.040	-12.442	-0.239
56.060	-15.751	-0.216
56.080	-18.823	-0.189
56.100	-21.627	-0.171
56.120	-24.114	-0.138
56.140	-26.230	-0.109
56.160	-28.002	-0.076
56.180	-29.372	-0.044
56.200	-30.301	-0.010
56.220	-30.763	0.024
56.240	-30.822	0.057
56.260	-30.468	0.096
56.280	-29.651	0.124
56.300	-28.367	0.161
56.320	-26.724	0.186
56.340	-24.656	0.213
56.360	-22.277	0.235
56.380	-19.537	0.256
56.400	-16.519	0.273
56.420	-13.285	0.285
56.440	-9.837	0.290
56.460	-6.244	0.300
56.480	-2.565	0.296
56.500	1.136	0.295
56.520	4.831	0.284
56.540	8.430	0.277
56.560	11.943	0.256
56.580	15.278	0.241
56.600	18.377	0.215
56.620	21.224	0.194
56.640	23.770	0.159
56.660	25.950	0.136
56.680	27.760	0.096
56.700	29.173	0.070
56.720	30.161	0.028
56.740	30.720	0.000
56.760	30.844	-0.040
56.780	30.521	-0.068
56.800	29.759	-0.106
56.820	28.582	-0.136
56.840	26.971	-0.169
56.860	25.016	-0.189
56.880	22.663	-0.223
56.900	19.972	-0.237
56.920	17.024	-0.258
56.940	13.796	-0.265
56.960	10.390	-0.283
56.980	6.856	-0.282
57.000	3.209	-0.288
57.020	-0.481	-0.282
57.040	-4.187	-0.276
57.060	-7.828	-0.260
57.080	-11.346	-0.253
57.100	-14.698	-0.225
57.120	-17.840	-0.209
57.140	-20.746	-0.183
57.160	-23.329	-0.160
57.180	-25.574	-0.125
57.200	-27.465	-0.100
57.220	-28.969	-0.061
57.240	-30.027	-0.035
57.260	-30.639	0.008
57.280	-30.844	0.037
57.300	-30.607	0.078
57.320	-29.941	0.105
57.340	-28.845	0.140
57.360	-27.299	0.166
57.380	-25.354	0.198
57.400	-23.077	0.218
57.420	-20.440	0.246
57.440	-17.518	0.256
57.460	-14.349	0.276
57.480	-10.954	0.279
57.500	-7.415	0.289
57.520	-3.762	0.288
57.540	-0.067	0.290
57.560	3.650	0.277
57.580	7.291	0.273
57.600	10.825	0.255
57.620	14.220	0.241
57.640	17.400	0.215
57.660	20.338	0.194
57.680	22.991	0.159
57.700	25.284	0.139
57.720	27.218	0.099
57.740	28.754	0.074
57.760	29.887	0.032
57.780	30.586	0.002
57.800	30.860	-0.036
57.820	30.672	-0.064
57.840	30.043	-0.100
57.860	29.001	-0.132
57.880	27.535	-0.167
57.900	25.703	-0.186
57.920	23.464	-0.221
57.940	20.869	-0.233
57.960	18.001	-0.262
57.980	14.870	-0.268
58.000	11.529	-0.284
58.020	8.011	-0.286
58.040	4.391	-0.295
58.060	0.712	-0.284
58.080	-2.994	-0.291
58.100	-6.647	-0.270
58.120	-10.235	-0.266
58.140	-13.640	-0.236
58.160	-16.852	-0.223
58.180	-19.827	-0.192
58.200	-22.518	-0.175
58.220	-24.882	-0.135
58.240	-26.906	-0.115
58.260	-28.539	-0.075
58.280	-29.721	-0.044
58.300	-30.510	-0.006
58.320	-30.817	0.021
58.340	-30.747	0.064
58.360	-30.210	0.090
58.380	-29.238	0.129
58.400	-27.814	0.155
58.420	-26.042	0.186
58.440	-23.850	0.209
58.460	-21.326	0.237
58.480	-18.495	0.253
58.500	-15.391	0.273
58.520	-12.088	0.277
58.540	-8.575	0.290
58.560	-4.944	0.287
58.580	-1.254	0.292
58.600	2.447	0.281
58.620	6.115	0.281
58.640	9.687	0.262
58.660	13.146	0.250
58.680	16.406	0.225
58.700	19.408	0.203
58.720	22.185	0.179
58.740	24.581	0.148
58.760	26.633	0.119
58.780	28.298	0.085
58.800	29.571	0.049
58.820	30.403	0.016
58.840	30.817	-0.019
58.860	30.779	-0.054
58.880	30.306	-0.084
58.900	29.388	-0.123
58.920	28.072	-0.150
58.940	26.332	-0.177
58.960	24.232	-0.204
58.980	21.745	-0.229
59.000	18.957	-0.249
59.020	15.906	-0.266
59.040	12.619	-0.276
59.060	9.139	-0.283
59.080	5.567	-0.286
59.100	1.899	-0.286
59.120	-1.813	-0.283
59.140	-5.487	-0.271
59.160	-9.112	-0.261
59.180	-12.571	-0.241
59.200	-15.853	-0.223
59.220	-18.914	-0.196
59.240	-21.707	-0.174
59.260	-24.183	-0.142
59.280	-26.310	-0.117
59.300	-28.067	-0.084
59.320	-29.393	-0.045
59.340	-30.323	-0.013
59.360	-30.768	0.016
59.380	-30.827	0.057
59.400	-30.446	0.089
59.420	-29.619	0.124
59.440	-28.346	0.147
59.460	-26.681	0.182
59.480	-24.613	0.210
59.500	-22.212	0.233
59.520	-19.430	0.259
59.540	-16.427	0.271
59.560	-13.205	0.284
59.580	-9.740	0.294
59.600	-6.153	0.296
59.620	-2.468	0.298
59.640	1.243	0.294
59.660	4.928	0.286
59.680	8.548	0.276
59.700	12.055	0.257
59.720	15.375	0.244
59.740	18.463	0.216
59.760	21.304	0.194
59.780	23.840	0.159
59.800	26.004	0.137
59.820	27.820	0.101
59.840	29.205	0.071
59.860	30.188	0.029
59.880	30.736	0.002
59.900	30.838	-0.035
59.920	30.510	-0.063
59.940	29.732	-0.103
59.960	28.534	-0.129
59.980	26.923	-0.163
60.000	24.951	-0.183
60.020	22.572	-0.216
60.040	19.876	-0.229
60.060	16.916	-0.254
60.080	13.699	-0.261
60.100	10.272	-0.273
60.120	6.727	-0.272
60.140	3.086	-0.284
60.160	-0.610	-0.271
60.180	-4.310	-0.270
60.200	-7.957	-0.250
60.220	-11.465	-0.242
60.240	-14.811	-0.215
60.260	-17.974	-0.201
60.280	-20.848	-0.173
60.300	-23.426	-0.146
60.320	-25.660	-0.117
60.340	-27.556	-0.087
60.360	-29.023	-0.051
60.380	-30.059	-0.020
60.400	-30.688	0.019
60.420	-30.849	0.048
60.440	-30.618	0.090
60.460	-29.936	0.115
60.480	-28.808	0.153
60.500	-27.245	0.180
60.520	-25.301	0.211
60.540	-23.012	0.231
60.560	-20.370	0.259
60.580	-17.421	0.269
60.600	-14.258	0.290
60.620	-10.868	0.293
60.640	-7.302	0.305
60.660	-3.650	0.299
60.680	0.062	0.303
60.700	3.768	0.290
60.720	7.404	0.286
60.740	10.922	0.267
60.760	14.333	0.253
60.780	17.496	0.223
60.800	20.424	0.205
60.820	23.088	0.176
60.840	25.349	0.150
60.860	27.277	0.114
60.880	28.792	0.086
60.900	29.909	0.047
60.920	30.596	0.016
60.940	30.849	-0.022
60.960	30.656	-0.052
60.980	30.022	-0.092
61.000	28.958	-0.117
61.020	27.476	-0.156
61.040	25.628	-0.173
61.060	23.372	-0.209
61.080	20.778	-0.223
61.100	17.910	-0.247
61.120	14.773	-0.258
61.140	11.416	-0.274
61.160	7.893	-0.272
61.180	4.278	-0.284
61.200	0.588	-0.273
61.220	-3.107	-0.275
61.240	-6.786	-0.258
61.260	-10.347	-0.252
61.280	-13.763	-0.229
61.300	-16.954	-0.212
61.320	-19.929	-0.182
61.340	-22.604	-0.160
61.360	-24.957	-0.125
61.380	-26.982	-0.102
61.400	-28.588	-0.063
61.420	-29.748	-0.038
61.440	-30.521	0.006
61.460	-30.822	0.032
61.480	-30.736	0.078
61.500	-30.188	0.101
61.520	-29.205	0.140
61.540	-27.782	0.164
61.560	-25.967	0.198
61.580	-23.764	0.218
61.600	-21.240	0.244
61.620	-18.393	0.260
61.640	-15.300	0.280
61.660	-11.975	0.281
61.680	-8.468	0.295
61.700	-4.831	0.293
61.720	-1.147	0.296
61.740	2.570	0.288
61.760	6.228	0.280
61.780	9.789	0.268
61.800	13.259	0.252
61.820	16.503	0.229
61.840	19.505	0.208
61.860	22.271	0.180
61.880	24.656	0.150
61.900	26.692	0.120
61.920	28.341	0.086
61.940	29.603	0.053
61.960	30.425	0.018
61.980	30.827	-0.013
62.000	30.758	-0.053
62.020	30.274	-0.083
62.040	29.356	-0.118
62.060	28.018	-0.152
62.080	26.267	-0.177
62.100	24.156	-0.207
62.120	21.654	-0.227
62.140	18.861	-0.246
62.160	15.815	-0.269
62.180	12.501	-0.274
62.200	9.053	-0.285
62.220	5.449	-0.288
62.240	1.786	-0.287
62.260	-1.915	-0.279
62.280	-5.605	-0.274
62.300	-9.203	-0.262
62.320	-12.673	-0.242
62.340	-15.928	-0.224
62.360	-19.000	-0.201
62.380	-21.772	-0.175
62.400	-24.232	-0.147
62.420	-26.369	-0.118
62.440	-28.094	-0.084
62.460	-29.426	-0.053
62.480	-30.339	-0.018
62.500	-30.758	0.012
62.520	-30.817	0.053
62.540	-30.408	0.080
62.560	-29.571	0.120
62.580	-28.298	0.149
62.600	-26.595	0.176
62.620	-24.516	0.201
62.640	-22.105	0.227
62.660	-19.355	0.247
62.680	-16.309	0.262
62.700	-13.071	0.275
62.720	-9.601	0.283
62.740	-6.024	0.287
62.760	-2.344	0.288
62.780	1.367	0.285
62.800	5.057	0.273
62.820	8.650	0.265
62.840	12.163	0.248
62.860	15.488	0.234
62.880	18.565	0.209
62.900	21.412	0.186
62.920	23.920	0.152
62.940	26.079	0.126
62.960	27.857	0.087
62.980	29.243	0.057
63.000	30.204	0.019
63.020	30.731	-0.009
63.040	30.838	-0.050
63.060	30.500	-0.077
63.080	29.689	-0.117
63.100	28.491	-0.144
63.120	26.874	-0.177
63.140	24.882	-0.199
63.160	22.481	-0.229
63.180	19.795	-0.244
63.200	16.814	-0.268
63.220	13.581	-0.274
63.240	10.181	-0.288
63.260	6.609	-0.288
63.280	2.962	-0.293
63.300	-0.733	-0.285
63.320	-4.423	-0.283
63.340	-8.065	-0.269
63.360	-11.588	-0.256
63.380	-14.918	-0.231
63.400	-18.071	-0.208
63.420	-20.928	-0.183
63.440	-23.507	-0.159
63.460	-25.730	-0.128
63.480	-27.605	-0.101
63.500	-29.066	-0.063
63.520	-30.113	-0.030
63.540	-30.693	0.005
63.560	-30.860	0.040
63.580	-30.602	0.077
63.600	-29.920	0.107
63.620	-28.776	0.140
63.640	-27.207	0.166
63.660	-25.252	0.199
63.680	-22.948	0.220
63.700	-20.305	0.245
63.720	-17.341	0.260
63.740	-14.156	0.279
63.760	-10.772	0.282
63.780	-7.221	0.292
63.800	-3.553	0.294
63.820	0.164	0.291
63.840	3.859	0.282
63.860	7.495	0.277
63.880	11.035	0.257
63.900	14.419	0.248
63.920	17.598	0.216
63.940	20.504	0.199
63.960	23.147	0.164
63.980	25.408	0.144
64.000	27.331	0.103
64.020	28.840	0.079
64.040	29.947	0.034
64.060	30.618	0.010
64.080	30.854	-0.033
64.100	30.645	-0.060
64.120	29.995	-0.101
64.140	28.921	-0.127
64.160	27.411	-0.165
64.180	25.558	-0.182
64.200	23.297	-0.215
64.220	20.692	-0.231
64.240	17.786	-0.256
64.260	14.639	-0.262
64.280	11.277	-0.279
64.300	7.759	-0.280
64.320	4.133	-0.291
64.340	0.443	-0.286
64.360	-3.274	-0.283
64.380	-6.926	-0.262
64.400	-10.503	-0.253
64.420	-13.887	-0.233
64.440	-17.110	-0.214
64.460	-20.064	-0.188
64.480	-22.733	-0.167
64.500	-25.070	-0.130
64.520	-27.084	-0.104
64.540	-28.690	-0.065
64.560	-29.844	-0.038
64.580	-30.607	0.003
64.600	-30.886	0.030
64.620	-30.768	0.075
64.640	-30.231	0.099
64.660	-29.227	0.140
64.680	-27.787	0.163
64.700	-25.956	0.198
64.720	-23.754	0.218
64.740	-21.213	0.247
64.760	-18.334	0.260
64.780	-15.230	0.284
64.800	-11.894	0.286
64.820	-8.382	0.298
64.840	-4.761	0.295
64.860	-1.050	0.302
64.880	2.661	0.293
64.900	6.324	0.289
64.920	9.896	0.273
64.940	13.355	0.263
64.960	16.594	0.233
64.980	19.591	0.210
65.000	22.352	0.184
65.020	24.715	0.154
65.040	26.751	0.126
65.060	28.389	0.092
65.080	29.651	0.057
65.100	30.457	0.023
65.120	30.833	-0.010
65.140	30.758	-0.042
65.160	30.263	-0.080
65.180	29.307	-0.110
65.200	27.954	-0.143
65.220	26.198	-0.166
65.240	24.076	-0.196
65.260	21.568	-0.221
65.280	18.759	-0.237
65.300	15.702	-0.256
65.320	12.383	-0.262
65.340	8.924	-0.272
65.360	5.315	-0.276
65.380	1.646	-0.274
65.400	-2.049	-0.269
65.420	-5.739	-0.261
65.440	-9.343	-0.247
65.460	-12.802	-0.230
65.480	-16.073	-0.211
65.500	-19.113	-0.187
65.520	-21.901	-0.164
65.540	-24.344	-0.133
65.560	-26.455	-0.104
65.580	-28.185	-0.070
65.600	-29.495	-0.041
65.620	-30.382	0.000
65.640	-30.801	0.026
65.660	-30.844	0.066
65.680	-30.419	0.096
65.700	-29.554	0.132
65.720	-28.255	0.165
65.740	-26.541	0.194
65.760	-24.484	0.219
65.780	-22.046	0.243
65.800	-19.269	0.260
65.820	-16.223	0.277
65.840	-12.969	0.293
65.860	-9.515	0.299
65.880	-5.906	0.304
65.900	-2.216	0.299
65.920	1.490	0.296
65.940	5.164	0.286
65.960	8.752	0.281
65.980	12.276	0.265
66.000	15.590	0.240
66.020	18.667	0.217
66.040	21.487	0.197
66.060	24.001	0.163
66.080	26.133	0.136
66.100	27.906	0.098
66.120	29.286	0.072
66.140	30.231	0.034
66.160	30.752	0.000
66.180	30.827	-0.038
66.200	30.473	-0.067
66.220	29.662	-0.104
66.240	28.453	-0.132
66.260	26.815	-0.167
66.280	24.806	-0.187
66.300	22.411	-0.221
66.320	19.709	-0.232
66.340	16.739	-0.262
66.360	13.479	-0.264
66.380	10.057	-0.276
66.400	6.502	-0.274
66.420	2.844	-0.279
66.440	-0.857	-0.272
66.460	-4.547	-0.271
66.480	-8.172	-0.258
66.500	-11.679	-0.242
66.520	-15.015	-0.221
66.540	-18.152	-0.203
66.560	-21.014	-0.176
66.580	-23.576	-0.151
66.600	-25.779	-0.119
66.620	-27.637	-0.089
66.640	-29.103	-0.054
66.660	-30.129	0.102
66.680	28.883	0.076
66.700	29.963	0.035
66.720	30.629	0.004
66.740	30.854	-0.035
66.760	30.629	-0.063
66.780	29.957	-0.101
66.800	28.883	-0.131
66.820	27.352	-0.165
66.840	25.499	-0.189
66.860	23.227	-0.219
66.880	20.617	-0.236
66.900	17.711	-0.259
66.920	14.553	-0.270
66.940	11.180	-0.284
66.960	7.667	-0.284
66.980	4.042	-0.293
67.000	0.357	-0.284
67.020	-3.354	-0.283
67.040	-7.012	-0.274
67.060	-10.562	-0.274
67.080	-13.951	-0.243
67.100	-17.153	-0.237
67.120	-20.112	-0.200
67.140	-22.765	-0.182
67.160	-25.091	-0.146
67.180	-27.073	-0.122
67.200	-28.674	-0.084
67.220	-29.828	-0.055
67.240	-30.548	-0.016
67.260	-30.827	0.012
67.280	-30.688	0.058
67.300	-30.140	0.078
67.320	-29.125	0.132
67.340	-27.680	0.150
67.360	-25.832	0.202
67.380	-23.630	0.203
67.400	-21.073	0.251
67.420	-18.216	0.242
67.440	-15.079	0.285
67.460	-11.739	0.270
67.480	-8.220	0.303
67.500	-4.595	0.280
67.520	-0.905	0.303
67.540	2.812	0.274
67.560	6.469	0.290
67.580	10.036	0.253
67.600	13.468	0.261
67.620	16.701	0.218
67.640	19.693	0.213
67.660	22.416	0.169
67.680	24.790	0.153
67.700	26.815	0.114
67.720	28.437	0.082
67.740	29.678	0.053
67.760	30.468	0.009
67.780	30.827	-0.013
67.800	30.747	-0.068
67.820	30.237	-0.073
67.840	29.275	-0.138
67.860	27.906	-0.139
67.880	26.144	-0.193
67.900	24.006	-0.196
67.920	21.487	-0.253
67.940	18.673	-0.255
67.960	15.611	-0.275
67.980	12.276	-0.291
68.000	8.817	-0.285
68.020	5.223	-0.316
68.040	1.550	-0.274
68.060	-2.162	-0.319
68.080	-5.836	-0.251
68.100	-9.445	-0.302
68.120	-12.893	-0.216
68.140	-16.148	-0.265
68.160	-19.194	-0.179
68.180	-21.954	-0.212
68.200	-24.404	-0.133
68.220	-26.482	-0.145
68.240	-28.222	-0.079
68.260	-29.511	-0.065
68.280	-30.398	-0.017
68.300	-30.801	0.010
68.320	-30.795	0.046
68.340	-30.387	0.085
68.360	-29.517	0.105
68.380	-28.217	0.152
68.400	-26.493	0.169
68.420	-24.398	0.215
68.440	-21.954	0.223
68.460	-19.161	0.260
68.480	-16.132	0.264
68.500	-12.888	0.288
68.520	-9.397	0.281
68.540	-5.793	0.300
68.560	-2.108	0.291
68.580	1.598	0.299
68.600	5.288	0.280
68.620	8.876	0.273
68.640	12.388	0.256
68.660	15.676	0.241
68.680	18.742	0.215
68.700	21.562	0.186
68.720	24.060	0.161
68.740	26.198	0.128
68.760	27.954	0.101
68.780	29.318	0.061
68.800	30.253	0.034
68.820	30.763	-0.009
68.840	30.817	-0.035
68.860	30.462	-0.076
68.880	29.624	-0.104
68.900	28.394	-0.138
68.920	26.751	-0.169
68.940	24.731	-0.185
68.960	22.325	-0.225
68.980	19.602	-0.231
69.000	16.610	-0.262
69.020	13.355	-0.263
69.040	9.934	-0.289
69.060	6.378	-0.289
69.080	2.715	-0.301
69.100	-0.991	-0.287
69.120	-4.681	-0.289
69.140	-8.328	-0.258
69.160	-11.819	-0.263
69.180	-15.149	-0.227
69.200	-18.286	-0.221
69.220	-21.154	-0.179
69.240	-23.684	-0.167
69.260	-25.886	-0.129
69.280	-27.728	-0.096
69.300	-29.189	-0.071
69.320	-30.199	-0.022
69.340	-30.736	-0.005
69.360	-30.881	0.048
69.380	-30.602	0.069
69.400	-29.887	0.111
69.420	-28.722	0.136
69.440	-27.127	0.173
69.460	-25.134	0.201
69.480	-22.819	0.247
69.500	-20.117	0.263
69.520	-17.174	0.283
69.540	-13.962	0.298
69.560	-10.562	0.303
69.580	-6.990	0.314
69.600	-3.306	0.308
69.620	0.395	0.312
69.640	4.095	0.302
69.660	7.716	0.297
69.680	11.266	0.275
69.700	14.634	0.265
69.720	17.781	0.231
69.740	20.692	0.222
69.760	23.297	0.179
69.780	25.542	0.165
69.800	27.444	0.115
69.820	28.915	0.099
69.840	30.011	0.051
69.860	30.645	0.027
69.880	30.849	-0.015
69.900	30.623	-0.041
69.920	29.947	-0.075
69.940	28.840	-0.115
69.960	27.315	-0.137
69.980	25.435	-0.187
70.000	23.136	-0.189
70.020	20.510	-0.236
70.040	17.609	-0.229
70.060	14.440	-0.270
70.080	11.046	-0.256
70.100	7.549	-0.287
70.120	3.902	-0.265
70.140	0.207	-0.283
70.160	-3.478	-0.256
70.180	-7.146	-0.260
70.200	-10.691	-0.238
70.220	-14.091	-0.224
70.240	-17.287	-0.206
70.260	-20.225	-0.174
70.280	-22.873	-0.157
70.300	-25.193	-0.117
70.320	-27.164	-0.100
70.340	-28.754	-0.051
70.360	-29.882	-0.034
70.380	-30.591	0.014
70.400	-30.865	0.039
70.420	-30.725	0.082
70.440	-30.129	0.107
70.460	-29.114	0.147
70.480	-27.632	0.171
70.500	-25.795	0.199
70.520	-23.576	0.229
70.540	-21.009	0.247
70.560	-18.119	0.268
70.580	-14.993	0.281
70.600	-11.658	0.297
70.620	-8.118	0.298
70.640	-4.488	0.307
70.660	-0.787	0.298
70.680	2.919	0.298
70.700	6.577	0.283
70.720	10.133	0.278
70.740	13.575	0.252
70.760	16.798	0.235
70.780	19.779	0.206
70.800	22.513	0.189
70.820	24.860	0.155
70.840	26.880	0.124
70.860	28.480	0.085
70.880	29.710	0.055
70.900	30.494	0.024
70.920	30.838	-0.016
70.940	30.741	-0.046
70.960	30.204	-0.086
70.980	29.248	-0.114
71.000	27.852	-0.150
71.020	26.079	-0.169
71.040	23.920	-0.201
71.060	21.401	-0.224
71.080	18.581	-0.242
71.100	15.493	-0.258
71.120	12.190	-0.268
71.140	8.709	-0.270
71.160	5.100	-0.283
