0.000	-28.939	0.021
0.020	-30.008	0.051
0.040	-30.631	0.084
0.060	-30.862	0.110
0.080	-30.637	0.145
0.100	-30.008	0.168
0.120	-28.913	0.194
0.140	-27.403	0.213
0.160	-25.513	0.234
0.180	-23.246	0.242
0.200	-20.646	0.262
0.220	-17.746	0.263
0.240	-14.599	0.271
0.260	-11.236	0.265
0.280	-7.691	0.266
0.300	-4.071	0.252
0.320	-0.381	0.246
0.340	3.319	0.223
0.360	6.966	0.209
0.380	10.500	0.186
0.400	13.911	0.165
0.420	17.107	0.129
0.440	20.050	0.106
0.460	22.736	0.072
0.480	25.040	0.047
0.500	27.011	0.014
0.520	28.590	-0.015
0.540	29.777	-0.051
0.560	30.513	-0.079
0.580	30.819	-0.114
0.600	30.707	-0.140
0.620	30.137	-0.169
0.640	29.144	-0.189
0.660	27.720	-0.216
0.680	25.948	-0.232
0.700	23.762	-0.253
0.720	21.227	-0.260
0.740	18.396	-0.273
0.760	15.313	-0.272
0.780	11.983	-0.276
0.800	8.524	-0.266
0.820	4.915	-0.264
0.840	1.246	-0.248
0.860	-2.449	-0.238
0.880	-6.107	-0.215
0.900	-9.706	-0.199
0.920	-13.122	-0.174
0.940	-16.360	-0.148
0.960	-19.384	-0.118
0.980	-22.129	-0.090
1.000	-24.541	-0.052
1.020	-26.592	-0.027
1.040	-28.316	0.011
1.060	-29.562	0.037
1.080	-30.422	0.075
1.100	-30.803	0.099
1.120	-30.798	0.135
1.140	-30.368	0.155
1.160	-29.482	0.188
1.180	-28.166	0.201
1.200	-26.437	0.230
1.220	-24.331	0.243
1.240	-21.893	0.259
1.260	-19.110	0.262
1.280	-16.070	0.273
1.300	-12.810	0.269
1.320	-9.340	0.271
1.340	-5.752	0.263
1.360	-2.084	0.257
1.380	1.611	0.239
1.400	5.285	0.219
1.420	8.884	0.199
1.440	12.370	0.179
1.460	15.662	0.152
1.480	18.718	0.125
1.500	21.549	0.095
1.520	24.020	0.064
1.540	26.168	0.035
1.560	27.930	-0.004
1.580	29.289	-0.027
1.600	30.234	-0.062
1.620	30.744	-0.093
1.640	30.819	-0.125
1.660	30.459	-0.148
1.680	29.654	-0.177
1.700	28.440	-0.202
1.720	26.807	-0.218
1.740	24.804	-0.234
1.760	22.408	-0.255
1.780	19.717	-0.260
1.800	16.747	-0.266
1.820	13.524	-0.268
1.840	10.108	-0.266
1.860	6.563	-0.260
1.880	2.900	-0.252
1.900	-0.779	-0.238
1.920	-4.458	-0.222
1.940	-8.110	-0.197
1.960	-11.602	-0.181
1.980	-14.937	-0.153
2.000	-18.068	-0.127
2.020	-20.958	-0.094
2.040	-23.515	-0.064
2.060	-25.728	-0.030
2.080	-27.613	-0.002
2.100	-29.090	0.033
2.120	-30.143	0.063
2.140	-30.717	0.095
2.160	-30.884	0.122
2.180	-30.647	0.155
2.200	-29.976	0.176
2.220	-28.859	0.205
2.240	-27.312	0.222
2.260	-25.368	0.246
2.280	-23.085	0.258
2.300	-20.437	0.271
2.320	-17.515	0.276
2.340	-14.352	0.284
2.360	-10.979	0.277
2.380	-7.444	0.276
2.400	-3.781	0.268
2.420	-0.102	0.257
2.440	3.609	0.237
2.460	7.240	0.221
2.480	10.774	0.196
2.500	14.174	0.178
2.520	17.354	0.146
2.540	20.281	0.119
2.560	22.935	0.085
2.580	25.223	0.060
2.600	27.156	0.017
2.620	28.708	-0.003
2.640	29.858	-0.037
2.660	30.556	-0.069
2.680	30.825	-0.105
2.700	30.680	-0.126
2.720	30.078	-0.159
2.740	29.036	-0.181
2.760	27.591	-0.210
2.780	25.771	-0.220
2.800	23.552	-0.243
2.820	20.985	-0.247
2.840	18.133	-0.263
2.860	15.028	-0.258
2.880	11.677	-0.266
2.900	8.191	-0.254
2.920	4.587	-0.252
2.940	0.929	-0.235
2.960	-2.793	-0.226
2.980	-6.429	-0.201
3.000	-10.006	-0.184
3.020	-13.433	-0.156
3.040	-16.640	-0.131
3.060	-19.647	-0.100
3.080	-22.349	-0.076
3.100	-24.745	-0.041
3.120	-26.786	-0.014
3.140	-28.440	0.023
3.160	-29.670	0.050
3.180	-30.481	0.085
3.200	-30.846	0.109
3.220	-30.814	0.150
3.240	-30.309	0.170
3.260	-29.407	0.197
3.280	-28.048	0.213
3.300	-26.292	0.242
3.320	-24.154	0.250
3.340	-21.683	0.270
3.360	-18.863	0.272
3.380	-15.802	0.282
3.400	-12.531	0.276
3.420	-9.050	0.280
3.440	-5.446	0.270
3.460	-1.767	0.267
3.480	1.939	0.239
3.500	5.602	0.231
3.520	9.174	0.205
3.540	12.649	0.185
3.560	15.936	0.155
3.580	18.971	0.129
3.600	21.764	0.097
3.620	24.224	0.069
3.640	26.324	0.037
3.660	28.048	0.002
3.680	29.380	-0.027
3.700	30.298	-0.062
3.720	30.766	-0.092
3.740	30.787	-0.120
3.760	30.406	-0.148
3.780	29.568	-0.177
3.800	28.311	-0.196
3.820	26.651	-0.220
3.840	24.616	-0.238
3.860	22.215	-0.247
3.880	19.486	-0.258
3.900	16.495	-0.267
3.920	13.250	-0.265
3.940	9.824	-0.264
3.960	6.263	-0.257
3.980	2.616	-0.248
4.000	-1.063	-0.233
4.020	-4.748	-0.219
4.040	-8.379	-0.194
4.060	-11.865	-0.176
4.080	-15.168	-0.149
4.100	-18.289	-0.123
4.120	-21.146	-0.097
4.140	-23.670	-0.063
4.160	-25.862	-0.036
4.180	-27.709	-0.001
4.200	-29.138	0.033
4.220	-30.148	0.064
4.240	-30.717	0.096
4.260	-30.868	0.124
4.280	-30.572	0.152
4.300	-29.874	0.178
4.320	-28.698	0.201
4.340	-27.108	0.220
4.360	-25.142	0.238
4.380	-22.843	0.251
4.400	-20.168	0.266
4.420	-17.220	0.269
4.440	-14.045	0.275
4.460	-10.640	0.268
4.480	-7.095	0.269
4.500	-3.448	0.252
4.520	0.258	0.245
4.540	3.937	0.226
4.560	7.573	0.208
4.580	11.091	0.184
4.600	14.464	0.164
4.620	17.606	0.132
4.640	20.523	0.108
4.660	23.155	0.068
4.680	25.400	0.046
4.700	27.328	0.007
4.720	28.821	-0.019
4.740	29.922	-0.058
4.760	30.604	-0.085
4.780	30.841	-0.118
4.800	30.647	-0.144
4.820	30.008	-0.173
4.840	28.939	-0.193
4.860	27.462	-0.223
4.880	25.609	-0.233
4.900	23.348	-0.255
4.920	20.759	-0.262
4.940	17.896	-0.270
4.960	14.765	-0.272
4.980	11.408	-0.275
5.000	7.912	-0.268
5.020	4.302	-0.267
5.040	0.623	-0.251
5.060	-3.062	-0.238
5.080	-6.725	-0.213
5.100	-10.280	-0.197
5.120	-13.691	-0.167
5.140	-16.892	-0.148
5.160	-19.873	-0.112
5.180	-22.537	-0.086
5.200	-24.906	-0.049
5.220	-26.936	-0.024
5.240	-28.537	0.014
5.260	-29.745	0.039
5.280	-30.502	0.076
5.300	-30.835	0.097
5.320	-30.755	0.137
5.340	-30.245	0.155
5.360	-29.272	0.188
5.380	-27.887	0.205
5.400	-26.087	0.227
5.420	-23.934	0.242
5.440	-21.441	0.259
5.460	-18.600	0.262
5.480	-15.528	0.275
5.500	-12.225	0.264
5.520	-8.750	0.271
5.540	-5.113	0.261
5.560	-1.450	0.250
5.580	2.250	0.232
5.600	5.919	0.215
5.620	9.480	0.194
5.640	12.939	0.172
5.660	16.194	0.142
5.680	19.223	0.120
5.700	22.005	0.086
5.720	24.417	0.056
5.740	26.496	0.025
5.760	28.182	-0.007
5.780	29.477	-0.038
5.800	30.341	-0.073
5.820	30.782	-0.101
5.840	30.776	-0.132
5.860	30.352	-0.156
5.880	29.471	-0.183
5.900	28.182	-0.209
5.920	26.479	-0.226
5.940	24.438	-0.242
5.960	21.989	-0.256
5.980	19.234	-0.263
6.000	16.226	-0.272
6.020	12.955	-0.274
6.040	9.528	-0.269
6.060	5.957	-0.260
6.080	2.293	-0.255
6.100	-1.380	-0.240
6.120	-5.076	-0.222
6.140	-8.674	-0.201
6.160	-12.155	-0.180
6.180	-15.458	-0.152
6.200	-18.573	-0.123
6.220	-21.377	-0.094
6.240	-23.896	-0.065
6.260	-26.066	-0.032
6.280	-27.876	-0.001
6.300	-29.278	0.031
6.320	-30.250	0.064
6.340	-30.744	0.092
6.360	-30.862	0.126
6.380	-30.545	0.151
6.400	-29.804	0.178
6.420	-28.617	0.203
6.440	-26.984	0.223
6.460	-25.002	0.239
6.480	-22.650	0.259
6.500	-19.980	0.268
6.520	-17.000	0.271
6.540	-13.798	0.275
6.560	-10.382	0.272
6.580	-6.821	0.267
6.600	-3.158	0.259
6.620	0.537	0.252
6.640	4.232	0.229
6.660	7.847	0.209
6.680	11.354	0.183
6.700	14.722	0.163
6.720	17.864	0.130
6.740	20.749	0.110
6.760	23.348	0.072
6.780	25.577	0.051
6.800	27.457	0.009
6.820	28.929	-0.015
6.840	30.003	-0.052
6.860	30.637	-0.078
6.880	30.841	-0.117
6.900	30.604	-0.136
6.920	29.928	-0.172
6.940	28.827	-0.188
6.960	27.317	-0.214
6.980	25.427	-0.225
7.000	23.139	-0.249
7.020	20.534	-0.250
7.040	17.633	-0.264
7.060	14.464	-0.257
7.080	11.102	-0.267
7.100	7.595	-0.255
7.120	3.969	-0.254
7.140	0.274	-0.235
7.160	-3.411	-0.220
7.180	-7.068	-0.200
7.200	-10.613	-0.181
7.220	-13.986	-0.153
7.240	-17.182	-0.130
7.260	-20.147	-0.099
7.280	-22.806	-0.073
7.300	-25.126	-0.032
7.320	-27.108	-0.011
7.340	-28.703	0.029
7.360	-29.858	0.056
7.380	-30.588	0.090
7.400	-30.862	0.115
7.420	-30.760	0.151
7.440	-30.229	0.173
7.460	-29.235	0.205
7.480	-27.795	0.217
7.500	-25.980	0.245
7.520	-23.762	0.255
7.540	-21.248	0.275
7.560	-18.380	0.275
7.580	-15.292	0.282
7.600	-11.972	0.277
7.620	-8.459	0.279
7.640	-4.834	0.273
7.660	-1.139	0.266
7.680	2.546	0.242
7.700	6.209	0.230
7.720	9.765	0.203
7.740	13.218	0.188
7.760	16.452	0.152
7.780	19.465	0.128
7.800	22.215	0.094
7.820	24.594	0.068
7.840	26.651	0.036
7.860	28.295	0.002
7.880	29.573	-0.032
7.900	30.400	-0.063
7.920	30.798	-0.094
7.940	30.760	-0.117
7.960	30.298	-0.153
7.980	29.380	-0.175
8.000	28.064	-0.202
8.020	26.334	-0.214
8.040	24.240	-0.237
8.060	21.758	-0.247
8.080	19.003	-0.257
8.100	15.947	-0.259
8.120	12.665	-0.262
8.140	9.228	-0.259
8.160	5.656	-0.258
8.180	1.982	-0.239
8.200	-1.697	-0.229
8.220	-5.371	-0.210
8.240	-8.991	-0.191
8.260	-12.445	-0.168
8.280	-15.737	-0.141
8.300	-18.793	-0.111
8.320	-21.608	-0.087
8.340	-24.073	-0.053
8.360	-26.222	-0.025
8.380	-27.983	0.012
8.400	-29.348	0.038
8.420	-30.298	0.079
8.440	-30.776	0.102
8.460	-30.868	0.133
8.480	-30.476	0.161
8.500	-29.686	0.187
8.520	-28.472	0.209
8.540	-26.818	0.232
8.560	-24.793	0.246
8.580	-22.403	0.263
8.600	-19.712	0.272
8.620	-16.699	0.279
8.640	-13.487	0.278
8.660	-10.071	0.279
8.680	-6.494	0.270
8.700	-2.820	0.263
8.720	0.881	0.249
8.740	4.560	0.228
8.760	8.159	0.210
8.780	11.671	0.190
8.800	15.007	0.162
8.820	18.117	0.132
8.840	21.001	0.109
8.860	23.558	0.071
8.880	25.765	0.047
8.900	27.586	0.007
8.920	29.042	-0.015
8.940	30.067	-0.060
8.960	30.674	-0.085
8.980	30.841	-0.118
9.000	30.567	-0.146
9.020	29.858	-0.173
9.040	28.708	-0.194
9.060	27.146	-0.220
9.080	25.250	-0.231
9.100	22.945	-0.251
9.120	20.297	-0.256
9.140	17.392	-0.268
9.160	14.212	-0.267
9.180	10.828	-0.269
9.200	7.315	-0.264
9.220	3.679	-0.259
9.240	0.000	-0.242
9.260	-3.695	-0.231
9.280	-7.326	-0.204
9.300	-10.882	-0.188
9.320	-14.233	-0.161
9.340	-17.402	-0.139
9.360	-20.351	-0.101
9.380	-22.978	-0.079
9.400	-25.266	-0.044
9.420	-27.215	-0.019
9.440	-28.778	0.022
9.460	-29.906	0.050
9.480	-30.588	0.085
9.500	-30.852	0.105
9.520	-30.712	0.143
9.540	-30.105	0.166
9.560	-29.079	0.192
9.580	-27.607	0.209
9.600	-25.754	0.234
9.620	-23.542	0.244
9.640	-20.969	0.263
9.660	-18.101	0.263
9.680	-14.980	0.273
9.700	-11.666	0.267
9.720	-8.137	0.267
9.740	-4.506	0.254
9.760	-0.822	0.248
9.780	2.884	0.228
9.800	6.531	0.214
9.820	10.071	0.188
9.840	13.514	0.166
9.860	16.726	0.136
9.880	19.701	0.111
9.900	22.424	0.082
9.920	24.782	0.050
9.940	26.802	0.016
9.960	28.429	-0.014
9.980	29.665	-0.048
10.000	30.459	-0.081
10.020	30.814	-0.110
10.040	30.733	-0.141
10.060	30.245	-0.166
10.080	29.283	-0.189
10.100	27.914	-0.216
10.120	26.173	-0.230
10.140	24.041	-0.251
10.160	21.543	-0.260
10.180	18.745	-0.276
10.200	15.689	-0.268
10.220	12.386	-0.284
10.240	8.943	-0.266
10.260	5.344	-0.272
10.280	1.687	-0.251
10.300	-2.009	-0.244
10.320	-5.667	-0.222
10.340	-9.265	-0.202
10.360	-12.724	-0.173
10.380	-15.979	-0.153
10.400	-19.035	-0.122
10.420	-21.812	-0.097
10.440	-24.250	-0.059
10.460	-26.372	-0.031
10.480	-28.123	0.002
10.500	-29.444	0.033
10.520	-30.341	0.065
10.540	-30.798	0.096
10.560	-30.819	0.126
10.580	-30.433	0.152
10.600	-29.611	0.181
10.620	-28.333	0.201
10.640	-26.651	0.224
10.660	-24.610	0.238
10.680	-22.204	0.254
10.700	-19.443	0.262
10.720	-16.441	0.271
10.740	-13.197	0.271
10.760	-9.765	0.266
10.780	-6.187	0.263
10.800	-2.524	0.254
10.820	1.192	0.242
10.840	4.855	0.224
10.860	8.470	0.203
10.880	11.978	0.180
10.900	15.286	0.154
10.920	18.380	0.127
10.940	21.221	0.101
10.960	23.740	0.065
10.980	25.921	0.039
11.000	27.736	-0.000
11.020	29.149	-0.029
11.040	30.132	-0.061
11.060	30.701	-0.091
11.080	30.825	-0.124
11.100	30.524	-0.150
11.120	29.761	-0.177
11.140	28.606	-0.202
11.160	27.017	-0.217
11.180	25.072	-0.240
11.200	22.720	-0.254
11.220	20.061	-0.264
11.240	17.112	-0.270
11.260	13.911	-0.272
11.280	10.527	-0.272
11.300	6.988	-0.262
11.320	3.341	-0.258
11.340	-0.338	-0.242
11.360	-4.023	-0.226
11.380	-7.659	-0.197
11.400	-11.199	-0.188
11.420	-14.545	-0.156
11.440	-17.703	-0.133
11.460	-20.609	-0.098
11.480	-23.219	-0.074
11.500	-25.475	-0.035
11.520	-27.414	-0.011
11.540	-28.939	0.026
11.560	-30.008	0.054
11.580	-30.674	0.088
11.600	-30.868	0.116
11.620	-30.707	0.150
11.640	-30.094	0.167
11.660	-29.004	0.199
11.680	-27.511	0.219
11.700	-25.609	0.238
11.720	-23.375	0.254
11.740	-20.786	0.270
11.760	-17.891	0.270
11.780	-14.744	0.282
11.800	-11.381	0.275
11.820	-7.874	0.275
11.840	-4.232	0.267
11.860	-0.532	0.255
11.880	3.164	0.239
11.900	6.816	0.221
11.920	10.361	0.196
11.940	13.766	0.174
11.960	16.973	0.144
11.980	19.943	0.121
12.000	22.645	0.086
12.020	24.970	0.060
12.040	26.947	0.023
12.060	28.542	-0.004
12.080	29.740	-0.037
12.100	30.502	-0.069
12.120	30.835	-0.102
12.140	30.717	-0.131
12.160	30.169	-0.152
12.180	29.187	-0.182
12.200	27.774	-0.202
12.220	26.001	-0.222
12.240	23.842	-0.235
12.260	21.302	-0.251
12.280	18.493	-0.255
12.300	15.415	-0.258
12.320	12.085	-0.262
12.340	8.615	-0.256
12.360	5.033	-0.253
12.380	1.359	-0.234
12.400	-2.326	-0.229
12.420	-5.994	-0.202
12.440	-9.593	-0.190
12.460	-13.025	-0.158
12.480	-16.274	-0.136
12.500	-19.309	-0.106
12.520	-22.054	-0.077
12.540	-24.465	-0.045
12.560	-26.565	-0.020
12.580	-28.295	0.023
12.600	-29.562	0.043
12.620	-30.411	0.084
12.640	-30.814	0.108
12.660	-30.841	0.145
12.680	-30.422	0.164
12.700	-29.541	0.197
12.720	-28.236	0.217
12.740	-26.517	0.244
12.760	-24.438	0.254
12.780	-21.995	0.267
12.800	-19.223	0.273
12.820	-16.205	0.280
12.840	-12.950	0.279
12.860	-9.464	0.280
12.880	-5.892	0.276
12.900	-2.213	0.266
12.920	1.488	0.250
12.940	5.172	0.231
12.960	8.750	0.213
12.980	12.246	0.189
13.000	15.544	0.164
13.020	18.616	0.132
13.040	21.441	0.107
13.060	23.955	0.072
13.080	26.098	0.044
13.100	27.865	0.007
13.120	29.246	-0.018
13.140	30.196	-0.060
13.160	30.728	-0.081
13.180	30.819	-0.119
13.200	30.481	-0.141
13.220	29.686	-0.176
13.240	28.478	-0.191
13.260	26.872	-0.219
13.280	24.879	-0.230
13.300	22.521	-0.247
13.320	19.819	-0.255
13.340	16.854	-0.264
13.360	13.637	-0.264
13.380	10.248	-0.263
13.400	6.692	-0.258
13.420	3.056	-0.247
13.440	-0.634	-0.234
13.460	-4.324	-0.216
13.480	-7.960	-0.200
13.500	-11.457	-0.173
13.520	-14.787	-0.152
13.540	-17.934	-0.125
13.560	-20.829	-0.096
13.580	-23.380	-0.068
13.600	-25.625	-0.033
13.620	-27.511	-0.005
13.640	-29.004	0.033
13.660	-30.067	0.062
13.680	-30.674	0.093
13.700	-30.873	0.122
13.720	-30.626	0.155
13.740	-29.976	0.175
13.760	-28.859	0.205
13.780	-27.339	0.218
13.800	-25.400	0.247
13.820	-23.133	0.251
13.840	-20.512	0.271
13.860	-17.596	0.273
13.880	-14.443	0.279
13.900	-11.086	0.271
13.920	-7.525	0.275
13.940	-3.883	0.259
13.960	-0.193	0.253
13.980	3.507	0.230
14.000	7.122	0.219
14.020	10.672	0.191
14.040	14.062	0.171
14.060	17.263	0.138
14.080	20.185	0.111
14.100	22.849	0.075
14.120	25.153	0.055
14.140	27.103	0.016
14.160	28.660	-0.012
14.180	29.810	-0.049
14.200	30.540	-0.078
14.220	30.830	-0.113
14.240	30.690	-0.140
14.260	30.083	-0.170
14.280	29.095	-0.190
14.300	27.650	-0.215
14.320	25.840	-0.232
14.340	23.649	-0.247
14.360	21.092	-0.259
14.380	18.251	-0.268
14.400	15.152	-0.272
14.420	11.806	-0.272
14.440	8.341	-0.268
14.460	4.732	-0.264
14.480	1.058	-0.246
14.500	-2.626	-0.238
14.520	-6.284	-0.214
14.540	-9.867	-0.198
14.560	-13.277	-0.169
14.580	-16.516	-0.148
14.600	-19.519	-0.115
14.620	-22.247	-0.091
14.640	-24.637	-0.053
14.660	-26.684	-0.029
14.680	-28.354	0.009
14.700	-29.595	0.034
14.720	-30.443	0.073
14.740	-30.814	0.097
14.760	-30.782	0.131
14.780	-30.309	0.151
14.800	-29.401	0.184
14.820	-28.075	0.205
14.840	-26.329	0.227
14.860	-24.191	0.241
14.880	-21.748	0.255
14.900	-18.938	0.259
14.920	-15.898	0.271
14.940	-12.638	0.267
14.960	-9.152	0.268
14.980	-5.554	0.258
15.000	-1.880	0.249
15.020	1.815	0.238
15.040	5.495	0.217
15.060	9.072	0.196
15.080	12.552	0.172
15.100	15.834	0.147
15.120	18.879	0.120
15.140	21.683	0.090
15.160	24.148	0.055
15.180	26.265	0.028
15.200	28.005	-0.007
15.220	29.358	-0.034
15.240	30.271	-0.072
15.260	30.755	-0.095
15.280	30.809	-0.133
15.300	30.427	-0.154
15.320	29.595	-0.183
15.340	28.365	-0.206
15.360	26.737	-0.230
15.380	24.707	-0.241
15.400	22.312	-0.262
15.420	19.588	-0.267
15.440	16.613	-0.272
15.460	13.363	-0.272
15.480	9.958	-0.274
15.500	6.408	-0.267
15.520	2.755	-0.257
15.540	-0.929	-0.243
15.560	-4.614	-0.226
15.580	-8.250	-0.206
15.600	-11.736	-0.185
15.620	-15.066	-0.157
15.640	-18.176	-0.130
15.660	-21.039	-0.099
15.680	-23.579	-0.071
15.700	-25.803	-0.038
15.720	-27.656	-0.008
15.740	-29.106	0.026
15.760	-30.132	0.061
15.780	-30.701	0.089
15.800	-30.873	0.121
15.820	-30.610	0.151
15.840	-29.896	0.173
15.860	-28.762	0.199
15.880	-27.183	0.214
15.900	-25.244	0.238
15.920	-22.945	0.251
15.940	-20.276	0.265
15.960	-17.349	0.268
15.980	-14.164	0.274
16.000	-10.796	0.267
16.020	-7.235	0.269
16.040	-3.588	0.257
16.060	0.113	0.252
16.080	3.797	0.225
16.100	7.450	0.215
16.120	10.957	0.185
16.140	14.346	0.169
16.160	17.499	0.137
16.180	20.421	0.110
16.200	23.063	0.074
16.220	25.330	0.053
16.240	27.264	0.013
16.260	28.773	-0.011
16.280	29.901	-0.051
16.300	30.588	-0.074
16.320	30.846	-0.119
16.340	30.658	-0.137
16.360	30.024	-0.168
16.380	28.977	-0.189
16.400	27.521	-0.211
16.420	25.668	-0.229
16.440	23.439	-0.249
16.460	20.867	-0.257
16.480	17.993	-0.264
16.500	14.867	-0.268
16.520	11.521	-0.269
16.540	8.019	-0.261
16.560	4.415	-0.256
16.580	0.736	-0.243
16.600	-2.954	-0.226
16.620	-6.606	-0.205
16.640	-10.189	-0.188
16.660	-13.600	-0.159
16.680	-16.801	-0.139
16.700	-19.792	-0.103
16.720	-22.500	-0.081
16.740	-24.890	-0.037
16.760	-26.898	-0.019
16.780	-28.526	0.020
16.800	-29.740	0.049
16.820	-30.540	0.084
16.840	-30.852	0.109
16.860	-30.792	0.146
16.880	-30.298	0.167
16.900	-29.358	0.199
16.920	-27.978	0.213
16.940	-26.206	0.242
16.960	-24.052	0.250
16.980	-21.570	0.268
17.000	-18.750	0.273
17.020	-15.673	0.283
17.040	-12.380	0.275
17.060	-8.895	0.279
17.080	-5.280	0.271
17.100	-1.601	0.265
17.120	2.111	0.242
17.140	5.779	0.231
17.160	9.340	0.205
17.180	12.815	0.190
17.200	16.086	0.157
17.220	19.105	0.129
17.240	21.893	0.101
17.260	24.331	0.070
17.280	26.420	0.039
17.300	28.123	0.005
17.320	29.444	-0.026
17.340	30.325	-0.060
17.360	30.776	-0.090
17.380	30.792	-0.119
17.400	30.374	-0.147
17.420	29.514	-0.176
17.440	28.241	-0.196
17.460	26.555	-0.222
17.480	24.514	-0.230
17.500	22.081	-0.246
17.520	19.336	-0.253
17.540	16.339	-0.261
17.560	13.084	-0.260
17.580	9.646	-0.260
17.600	6.085	-0.251
17.620	2.438	-0.244
17.640	-1.257	-0.228
17.660	-4.936	-0.214
17.680	-8.567	-0.189
17.700	-12.042	-0.173
17.720	-15.340	-0.143
17.740	-18.460	-0.114
17.760	-21.280	-0.085
17.780	-23.799	-0.056
17.800	-25.985	-0.024
17.820	-27.806	0.007
17.840	-29.203	0.039
17.860	-30.207	0.076
17.880	-30.728	0.103
17.900	-30.868	0.132
17.920	-30.562	0.161
17.940	-29.820	0.184
17.960	-28.644	0.207
17.980	-27.038	0.229
18.000	-25.051	0.249
18.020	-22.720	0.260
18.040	-20.050	0.275
18.060	-17.080	0.279
18.080	-13.890	0.282
18.100	-10.484	0.280
18.120	-6.934	0.275
18.140	-3.271	0.263
18.160	0.430	0.254
18.180	4.120	0.230
18.200	7.734	0.217
18.220	11.269	0.190
18.240	14.625	0.168
18.260	17.773	0.137
18.280	20.663	0.114
18.300	23.273	0.072
18.320	25.513	0.054
18.340	27.398	0.013
18.360	28.891	-0.013
18.380	29.976	-0.052
18.400	30.621	-0.079
18.420	30.852	-0.113
18.440	30.631	-0.135
18.460	29.949	-0.169
18.480	28.880	-0.187
18.500	27.376	-0.218
18.520	25.513	-0.228
18.540	23.230	-0.251
18.560	20.630	-0.251
18.580	17.757	-0.266
18.600	14.604	-0.264
18.620	11.252	-0.269
18.640	7.745	-0.259
18.660	4.130	-0.261
18.680	0.451	-0.239
18.700	-3.244	-0.231
18.720	-6.891	-0.202
18.740	-10.441	-0.191
18.760	-13.847	-0.160
18.780	-17.032	-0.139
18.800	-20.007	-0.106
18.820	-22.666	-0.079
18.840	-25.002	-0.045
18.860	-27.000	-0.017
18.880	-28.617	0.021
18.900	-29.783	0.049
18.920	-30.540	0.086
18.940	-30.830	0.105
18.960	-30.739	0.145
18.980	-30.202	0.163
19.000	-29.224	0.193
19.020	-27.812	0.208
19.040	-25.980	0.234
19.060	-23.821	0.243
19.080	-21.296	0.263
19.100	-18.466	0.263
19.120	-15.367	0.275
19.140	-12.058	0.266
19.160	-8.556	0.271
19.180	-4.941	0.261
19.200	-1.262	0.254
19.220	2.444	0.232
19.240	6.096	0.217
19.260	9.663	0.192
19.280	13.122	0.172
19.300	16.366	0.141
19.320	19.363	0.118
19.340	22.134	0.083
19.360	24.524	0.058
19.380	26.587	0.020
19.400	28.247	-0.010
19.420	29.536	-0.042
19.440	30.374	-0.072
19.460	30.798	-0.106
19.480	30.771	-0.135
19.500	30.314	-0.162
19.520	29.428	-0.185
19.540	28.123	-0.214
19.560	26.404	-0.231
19.580	24.331	-0.251
19.600	21.871	-0.261
19.620	19.100	-0.269
19.640	16.081	-0.271
19.660	12.799	-0.274
19.680	9.373	-0.274
19.700	5.801	-0.268
19.720	2.132	-0.260
19.740	-1.558	-0.243
19.760	-5.226	-0.223
19.780	-8.841	-0.205
19.800	-12.316	-0.178
19.820	-15.592	-0.157
19.840	-18.675	-0.128
19.860	-21.495	-0.098
19.880	-23.960	-0.064
19.900	-26.130	-0.037
19.920	-27.914	-0.004
19.940	-29.294	0.028
19.960	-30.266	0.064
19.980	-30.733	0.089
20.000	-30.835	0.123
20.020	-30.492	0.148
20.040	-29.724	0.177
20.060	-28.510	0.199
20.080	-26.877	0.220
20.100	-24.863	0.238
20.120	-22.478	0.251
20.140	-19.798	0.263
20.160	-16.795	0.268
20.180	-13.594	0.271
20.200	-10.184	0.267
20.220	-6.606	0.264
20.240	-2.949	0.250
20.260	0.747	0.242
20.280	4.431	0.221
20.300	8.046	0.205
20.320	11.548	0.180
20.340	14.894	0.159
20.360	18.015	0.127
20.380	20.894	0.102
20.400	23.472	0.068
20.420	25.690	0.039
20.440	27.543	0.002
20.460	29.004	-0.025
20.480	30.051	-0.060
20.500	30.664	-0.088
20.520	30.846	-0.123
20.540	30.588	-0.147
20.560	29.879	-0.180
20.580	28.768	-0.197
20.600	27.210	-0.221
20.620	25.330	-0.237
20.640	23.031	-0.255
20.660	20.405	-0.259
20.680	17.499	-0.274
20.700	14.330	-0.270
20.720	10.968	-0.280
20.740	7.434	-0.266
20.760	3.808	-0.262
20.780	0.118	-0.242
20.800	-3.572	-0.235
20.820	-7.208	-0.206
20.840	-10.774	-0.190
20.860	-14.131	-0.162
20.880	-17.306	-0.136
20.900	-20.254	-0.106
20.920	-22.913	-0.081
20.940	-25.223	-0.042
20.960	-27.167	-0.015
20.980	-28.751	0.022
21.000	-29.890	0.050
21.020	-30.615	0.083
21.040	-30.868	0.110
21.060	-30.739	0.143
21.080	-30.175	0.163
21.100	-29.149	0.200
21.120	-27.699	0.212
21.140	-25.856	0.238
21.160	-23.644	0.246
21.180	-21.108	0.267
21.200	-18.229	0.266
21.220	-15.130	0.278
21.240	-11.806	0.272
21.260	-8.282	0.274
21.280	-4.651	0.261
21.300	-0.967	0.256
21.320	2.729	0.238
21.340	6.397	0.218
21.360	9.942	0.192
21.380	13.390	0.176
21.400	16.624	0.144
21.420	19.599	0.121
21.440	22.344	0.089
21.460	24.707	0.059
21.480	26.743	0.022
21.500	28.386	-0.002
21.520	29.638	-0.039
21.540	30.438	-0.064
21.560	30.814	-0.102
21.580	30.750	-0.129
21.600	30.255	-0.159
21.620	29.326	-0.177
21.640	27.973	-0.209
21.660	26.243	-0.221
21.680	24.127	-0.242
21.700	21.629	-0.247
21.720	18.853	-0.259
21.740	15.807	-0.263
21.760	12.509	-0.265
21.780	9.050	-0.262
21.800	5.473	-0.258
21.820	1.805	-0.243
21.840	-1.891	-0.233
21.860	-5.564	-0.209
21.880	-9.174	-0.190
21.900	-12.627	-0.167
21.920	-15.888	-0.143
21.940	-18.960	-0.113
21.960	-21.758	-0.084
21.980	-24.208	-0.047
22.000	-26.334	-0.026
22.020	-28.102	0.011
22.040	-29.423	0.041
22.060	-30.352	0.080
22.080	-30.798	0.104
22.100	-30.846	0.137
22.120	-30.481	0.162
22.140	-29.659	0.190
22.160	-28.418	0.209
22.180	-26.753	0.236
22.200	-24.712	0.252
22.220	-22.317	0.266
22.240	-19.572	0.273
22.260	-16.570	0.279
22.280	-13.358	0.280
22.300	-9.899	0.279
22.320	-6.322	0.274
22.340	-2.648	0.269
22.360	1.053	0.251
22.380	4.737	0.235
22.400	8.331	0.214
22.420	11.827	0.194
22.440	15.168	0.165
22.460	18.267	0.137
22.480	21.141	0.111
22.500	23.681	0.079
22.520	25.856	0.051
22.540	27.677	0.014
22.560	29.106	-0.015
22.580	30.121	-0.052
22.600	30.690	-0.081
22.620	30.841	-0.112
22.640	30.545	-0.139
22.660	29.804	-0.169
22.680	28.644	-0.190
22.700	27.081	-0.214
22.720	25.153	-0.230
22.740	22.822	-0.248
22.760	20.168	-0.249
22.780	17.230	-0.264
22.800	14.045	-0.257
22.820	10.651	-0.267
22.840	7.127	-0.252
22.860	3.491	-0.254
22.880	-0.193	-0.232
22.900	-3.873	-0.225
22.920	-7.509	-0.196
22.940	-11.043	-0.181
22.960	-14.411	-0.148
22.980	-17.563	-0.127
23.000	-20.480	-0.093
23.020	-23.090	-0.067
23.040	-25.378	-0.036
23.060	-27.323	-0.006
23.080	-28.827	0.030
23.100	-29.949	0.057
23.120	-30.615	0.092
23.140	-30.878	0.118
23.160	-30.696	0.154
23.180	-30.078	0.174
23.200	-29.015	0.205
23.220	-27.532	0.218
23.240	-25.663	0.242
23.260	-23.429	0.250
23.280	-20.829	0.272
23.300	-17.961	0.274
23.320	-14.830	0.281
23.340	-11.483	0.276
23.360	-7.960	0.275
23.380	-4.313	0.263
23.400	-0.634	0.257
23.420	3.051	0.235
23.440	6.708	0.221
23.460	10.253	0.195
23.480	13.669	0.173
23.500	16.887	0.143
23.520	19.846	0.118
23.540	22.559	0.083
23.560	24.900	0.058
23.580	26.893	0.021
23.600	28.504	-0.007
23.620	29.724	-0.042
23.640	30.492	-0.073
23.660	30.830	-0.105
23.680	30.733	-0.132
23.700	30.191	-0.161
23.720	29.235	-0.188
23.740	27.838	-0.208
23.760	26.087	-0.228
23.780	23.944	-0.244
23.800	21.425	-0.253
23.820	18.605	-0.266
23.840	15.539	-0.268
23.860	12.246	-0.269
23.880	8.766	-0.265
23.900	5.178	-0.263
23.920	1.515	-0.248
23.940	-2.186	-0.238
23.960	-5.844	-0.215
23.980	-9.442	-0.199
24.000	-12.891	-0.172
24.020	-16.124	-0.151
24.040	-19.175	-0.116
24.060	-21.919	-0.092
24.080	-24.358	-0.056
24.100	-26.463	-0.032
24.120	-28.198	0.007
24.140	-29.487	0.035
24.160	-30.357	0.068
24.180	-30.782	0.097
24.200	-30.819	0.128
24.220	-30.400	0.155
24.240	-29.546	0.184
24.260	-28.252	0.200
24.280	-26.555	0.224
24.300	-24.481	0.238
24.320	-22.064	0.256
24.340	-19.314	0.261
24.360	-16.269	0.270
24.380	-13.046	0.268
24.400	-9.587	0.267
24.420	-6.010	0.263
24.440	-2.331	0.250
24.460	1.375	0.237
24.480	5.043	0.217
24.500	8.642	0.200
24.520	12.123	0.176
24.540	15.442	0.151
24.560	18.525	0.122
24.580	21.355	0.093
24.600	23.869	0.058
24.620	26.039	0.030
24.640	27.817	-0.004
24.660	29.213	-0.032
24.680	30.186	-0.066
24.700	30.723	-0.097
24.720	30.819	-0.127
24.740	30.502	-0.155
24.760	29.729	-0.185
24.780	28.537	-0.207
24.800	26.941	-0.229
24.820	24.976	-0.239
24.840	22.602	-0.260
24.860	19.932	-0.267
24.880	16.978	-0.280
24.900	13.766	-0.273
24.920	10.377	-0.280
24.940	6.843	-0.269
24.960	3.190	-0.263
24.980	-0.489	-0.245
25.000	-4.173	-0.233
25.020	-7.815	-0.207
25.040	-11.322	-0.194
25.060	-14.663	-0.160
25.080	-17.805	-0.136
25.100	-20.711	-0.107
25.120	-23.294	-0.077
25.140	-25.540	-0.046
25.160	-27.457	-0.014
25.180	-28.945	0.020
25.200	-30.014	0.051
25.220	-30.647	0.086
25.240	-30.857	0.115
25.260	-30.653	0.147
25.280	-30.003	0.168
25.300	-28.913	0.195
25.320	-27.393	0.213
25.340	-25.464	0.237
25.360	-23.214	0.249
25.380	-20.604	0.261
25.400	-17.708	0.265
25.420	-14.561	0.275
25.440	-11.172	0.267
25.460	-7.654	0.270
25.480	-4.018	0.254
25.500	-0.322	0.249
25.520	3.368	0.230
25.540	6.999	0.217
25.560	10.549	0.189
25.580	13.943	0.167
25.600	17.145	0.135
25.620	20.088	0.114
25.640	22.784	0.076
25.660	25.072	0.050
25.680	27.060	0.012
25.700	28.606	-0.012
25.720	29.804	-0.051
25.740	30.535	-0.079
25.760	30.841	-0.111
25.780	30.707	-0.138
25.800	30.137	-0.166
25.820	29.133	-0.193
25.840	27.715	-0.212
25.860	25.916	-0.231
25.880	23.729	-0.250
25.900	21.189	-0.257
25.920	18.353	-0.266
25.940	15.259	-0.272
25.960	11.935	-0.272
25.980	8.459	-0.267
26.000	4.850	-0.260
26.020	1.192	-0.245
26.040	-2.519	-0.240
26.060	-6.182	-0.206
26.080	-9.770	-0.199
26.100	-13.181	-0.163
26.120	-16.425	-0.152
26.140	-19.443	-0.110
26.160	-22.199	-0.090
26.180	-24.605	-0.047
26.200	-26.657	-0.026
26.220	-28.349	0.011
26.240	-29.622	0.041
26.260	-30.481	0.077
26.280	-30.835	0.101
26.300	-30.809	0.137
26.320	-30.374	0.160
26.340	-29.509	0.188
26.360	-28.171	0.206
26.380	-26.431	0.232
26.400	-24.336	0.246
26.420	-21.876	0.266
26.440	-19.110	0.271
26.460	-16.049	0.277
26.480	-12.789	0.275
26.500	-9.308	0.276
26.520	-5.720	0.271
26.540	-2.036	0.259
26.560	1.665	0.250
26.580	5.339	0.229
26.600	8.921	0.205
26.620	12.413	0.189
26.640	15.700	0.157
26.660	18.767	0.133
26.680	21.570	0.097
26.700	24.052	0.072
26.720	26.189	0.034
26.740	27.940	0.010
26.760	29.310	-0.029
26.780	30.239	-0.053
26.800	30.744	-0.087
26.820	30.825	-0.116
26.840	30.459	-0.143
26.860	29.643	-0.174
26.880	28.418	-0.192
26.900	26.780	-0.220
26.920	24.782	-0.229
26.940	22.403	-0.249
26.960	19.680	-0.251
26.980	16.715	-0.268
27.000	13.471	-0.256
27.020	10.055	-0.270
27.040	6.515	-0.250
27.060	2.868	-0.250
27.080	-0.827	-0.229
27.100	-4.512	-0.219
27.120	-8.132	-0.194
27.140	-11.655	-0.177
27.160	-14.948	-0.146
27.180	-18.101	-0.123
27.200	-20.974	-0.091
27.220	-23.536	-0.058
27.240	-25.754	-0.030
27.260	-27.613	0.002
27.280	-29.084	0.034
27.300	-30.105	0.068
27.320	-30.712	0.093
27.340	-30.884	0.131
27.360	-30.626	0.157
27.380	-29.933	0.183
27.400	-28.821	0.208
27.420	-27.258	0.225
27.440	-25.330	0.250
27.460	-23.021	0.259
27.480	-20.399	0.277
27.500	-17.456	0.279
27.520	-14.303	0.284
27.540	-10.909	0.276
27.560	-7.375	0.279
27.580	-3.722	0.267
27.600	-0.011	0.260
27.620	3.674	0.237
27.640	7.305	0.224
27.660	10.839	0.198
27.680	14.228	0.176
27.700	17.397	0.142
27.720	20.319	0.125
27.740	22.972	0.079
27.760	25.266	0.063
27.780	27.205	0.018
27.800	28.735	-0.006
27.820	29.879	-0.045
27.840	30.578	-0.072
27.860	30.846	-0.108
27.880	30.674	-0.131
27.900	30.078	-0.162
27.920	29.031	-0.183
27.940	27.581	-0.212
27.960	25.749	-0.226
27.980	23.536	-0.243
28.000	20.958	-0.250
28.020	18.111	-0.260
28.040	14.996	-0.264
28.060	11.661	-0.265
28.080	8.164	-0.263
28.100	4.555	-0.257
28.120	0.886	-0.242
28.140	-2.814	-0.228
28.160	-6.467	-0.205
28.180	-10.049	-0.189
28.200	-13.455	-0.164
28.220	-16.683	-0.140
28.240	-19.664	-0.106
28.260	-22.371	-0.081
28.280	-24.750	-0.047
28.300	-26.780	-0.023
28.320	-28.451	0.021
28.340	-29.659	0.043
28.360	-30.476	0.085
28.380	-30.841	0.104
28.400	-30.798	0.144
28.420	-30.293	0.163
28.440	-29.358	0.194
28.460	-28.010	0.212
28.480	-26.243	0.233
28.500	-24.100	0.244
28.520	-21.619	0.266
28.540	-18.799	0.269
28.560	-15.759	0.277
28.580	-12.466	0.272
28.600	-9.002	0.275
28.620	-5.376	0.263
28.640	-1.703	0.255
28.660	1.998	0.239
28.680	5.667	0.221
28.700	9.228	0.199
28.720	12.703	0.180
28.740	15.990	0.151
28.760	19.019	0.122
28.780	21.812	0.091
28.800	24.261	0.060
28.820	26.361	0.031
28.840	28.075	-0.003
28.860	29.412	-0.036
28.880	30.298	-0.069
28.900	30.776	-0.098
28.920	30.798	-0.127
28.940	30.406	-0.159
28.960	29.552	-0.179
28.980	28.300	-0.210
29.000	26.614	-0.226
29.020	24.594	-0.247
29.040	22.177	-0.255
29.060	19.454	-0.267
29.080	16.457	-0.270
29.100	13.213	-0.276
29.120	9.786	-0.275
29.140	6.225	-0.268
29.160	2.562	-0.257
29.180	-1.123	-0.245
29.200	-4.796	-0.225
29.220	-8.417	-0.206
29.240	-11.902	-0.188
29.260	-15.227	-0.160
29.280	-18.321	-0.134
29.300	-21.167	-0.099
29.320	-23.687	-0.072
29.340	-25.894	-0.039
29.360	-27.747	-0.007
29.380	-29.154	0.022
29.400	-30.153	0.057
29.420	-30.690	0.085
29.440	-30.862	0.118
29.460	-30.551	0.147
29.480	-29.826	0.170
29.500	-28.687	0.194
29.520	-27.086	0.215
29.540	-25.115	0.235
29.560	-22.790	0.249
29.580	-20.136	0.257
29.600	-17.182	0.270
29.620	-13.997	0.270
29.640	-10.608	0.268
29.660	-7.058	0.263
29.680	-3.400	0.250
29.700	0.306	0.239
29.720	3.991	0.226
29.740	7.616	0.204
29.760	11.145	0.180
29.780	14.507	0.157
29.800	17.660	0.129
29.820	20.566	0.101
29.840	23.192	0.070
29.860	25.443	0.042
29.880	27.339	-0.001
29.900	28.843	-0.023
29.920	29.949	-0.061
29.940	30.621	-0.085
29.960	30.852	-0.119
29.980	30.647	-0.145
30.000	29.998	-0.177
30.020	28.923	-0.196
30.040	27.425	-0.227
30.060	25.572	-0.235
30.080	23.327	-0.259
30.100	20.738	-0.260
30.120	17.870	-0.276
30.140	14.717	-0.269
30.160	11.365	-0.280
30.180	7.869	-0.268
30.200	4.254	-0.266
30.220	0.580	-0.248
30.240	-3.121	-0.237
30.260	-6.762	-0.214
30.280	-10.329	-0.197
30.300	-13.723	-0.170
30.320	-16.935	-0.145
30.340	-19.900	-0.113
30.360	-22.580	-0.086
30.380	-24.938	-0.050
30.400	-26.941	-0.026
30.420	-28.569	0.013
30.440	-29.761	0.039
30.460	-30.519	0.079
30.480	-30.835	0.102
30.500	-30.760	0.138
30.520	-30.239	0.159
30.540	-29.289	0.188
30.560	-27.871	0.205
30.580	-26.077	0.234
30.600	-23.912	0.240
30.620	-21.420	0.262
30.640	-18.584	0.263
30.660	-15.485	0.275
30.680	-12.192	0.267
30.700	-8.707	0.270
30.720	-5.092	0.259
30.740	-1.407	0.254
30.760	2.304	0.234
30.780	5.951	0.221
30.800	9.523	0.193
30.820	12.977	0.178
30.840	16.248	0.146
30.860	19.250	0.117
30.880	22.021	0.089
30.900	24.449	0.060
30.920	26.522	0.027
30.940	28.214	-0.007
30.960	29.509	-0.040
30.980	30.357	-0.068
31.000	30.798	-0.102
31.020	30.782	-0.130
31.040	30.357	-0.154
31.060	29.471	-0.185
31.080	28.171	-0.206
31.100	26.463	-0.223
31.120	24.406	-0.240
31.140	21.952	-0.255
31.160	19.191	-0.263
31.180	16.183	-0.266
31.200	12.901	-0.275
31.220	9.475	-0.268
31.240	5.903	-0.264
31.260	2.245	-0.250
31.280	-1.456	-0.239
31.300	-5.135	-0.217
31.320	-8.739	-0.196
31.340	-12.230	-0.175
31.360	-15.522	-0.152
31.380	-18.616	-0.124
31.400	-21.436	-0.093
31.420	-23.934	-0.061
31.440	-26.093	-0.027
31.460	-27.919	0.001
31.480	-29.294	0.036
31.500	-30.261	0.067
31.520	-30.766	0.096
31.540	-30.884	0.126
31.560	-30.562	0.159
31.580	-29.820	0.182
31.600	-28.617	0.204
31.620	-26.968	0.229
31.640	-24.976	0.245
31.660	-22.628	0.262
31.680	-19.937	0.270
31.700	-16.967	0.276
31.720	-13.761	0.278
31.740	-10.334	0.275
31.760	-6.768	0.275
31.780	-3.104	0.266
31.800	0.596	0.254
31.820	4.275	0.235
31.840	7.901	0.213
31.860	11.419	0.195
31.880	14.776	0.166
31.900	17.907	0.138
31.920	20.792	0.114
31.940	23.396	0.078
31.960	25.615	0.053
31.980	27.473	0.011
32.000	28.950	-0.012
32.020	30.014	-0.046
32.040	30.647	-0.075
32.060	30.841	-0.109
32.080	30.610	-0.134
32.100	29.933	-0.168
32.120	28.811	-0.186
32.140	27.274	-0.213
32.160	25.405	-0.224
32.180	23.101	-0.246
32.200	20.491	-0.248
32.220	17.601	-0.263
32.240	14.427	-0.259
32.260	11.064	-0.267
32.280	7.557	-0.255
32.300	3.926	-0.252
32.320	0.252	-0.232
32.340	-3.454	-0.227
32.360	-7.079	-0.197
32.380	-10.640	-0.183
32.400	-14.019	-0.153
32.420	-17.214	-0.130
32.440	-20.179	-0.098
32.460	-22.816	-0.072
32.480	-25.137	-0.040
32.500	-27.097	-0.008
32.520	-28.687	0.028
32.540	-29.858	0.056
32.560	-30.588	0.092
32.580	-30.862	0.116
32.600	-30.750	0.151
32.620	-30.180	0.171
32.640	-29.187	0.200
32.660	-27.736	0.217
32.680	-25.905	0.243
32.700	-23.719	0.252
32.720	-21.189	0.271
32.740	-18.326	0.275
32.760	-15.222	0.282
32.780	-11.918	0.277
32.800	-8.395	0.280
32.820	-4.775	0.266
32.840	-1.080	0.262
32.860	2.610	0.238
32.880	6.273	0.226
32.900	9.829	0.202
32.920	13.272	0.183
32.940	16.511	0.151
32.960	19.497	0.125
32.980	22.263	0.087
33.000	24.632	0.064
33.020	26.678	0.027
33.040	28.327	-0.001
33.060	29.589	-0.036
33.080	30.411	-0.067
33.100	30.814	-0.098
33.120	30.766	-0.124
33.140	30.293	-0.154
33.160	29.369	-0.179
33.180	28.026	-0.207
33.200	26.308	-0.218
33.220	24.213	-0.247
33.240	21.742	-0.244
33.260	18.971	-0.269
33.280	15.931	-0.252
33.300	12.633	-0.280
33.320	9.190	-0.253
33.340	5.613	-0.272
33.360	1.966	-0.239
33.380	-1.746	-0.244
33.400	-5.414	-0.210
33.420	-9.023	-0.200
33.440	-12.466	-0.173
33.460	-15.759	-0.150
33.480	-18.831	-0.121
33.500	-21.640	-0.093
33.520	-24.079	-0.061
33.540	-26.243	-0.034
33.560	-28.000	0.006
33.580	-29.353	0.032
33.600	-30.277	0.072
33.620	-30.766	0.091
33.640	-30.852	0.133
33.660	-30.459	0.145
33.680	-29.686	0.185
33.700	-28.440	0.199
33.720	-26.786	0.228
33.740	-24.750	0.237
33.760	-22.360	0.265
33.780	-19.653	0.271
33.800	-16.650	0.283
33.820	-13.438	0.276
33.840	-10.006	0.278
33.860	-6.435	0.270
33.880	-2.766	0.263
33.900	0.935	0.246
33.920	4.608	0.231
33.940	8.212	0.212
33.960	11.725	0.187
33.980	15.055	0.164
34.000	18.165	0.130
34.020	21.028	0.112
34.040	23.584	0.064
34.060	25.792	0.051
34.080	27.634	0.001
34.100	29.068	-0.015
34.120	30.083	-0.065
34.140	30.680	-0.077
34.160	30.841	-0.124
34.180	30.567	-0.143
34.200	29.836	-0.175
34.220	28.703	-0.200
34.240	27.146	-0.231
34.260	25.228	-0.261
34.280	22.908	-0.260
34.300	20.271	-0.290
34.320	17.343	-0.274
34.340	14.164	-0.303
34.360	10.774	-0.276
34.380	7.256	-0.299
34.400	3.631	-0.267
34.420	-0.038	-0.272
34.440	-3.738	-0.242
34.460	-7.369	-0.230
34.480	-10.909	-0.200
34.500	-14.266	-0.183
34.520	-17.451	-0.152
34.540	-20.378	-0.123
34.560	-22.999	-0.099
34.580	-25.287	-0.059
34.600	-27.226	-0.035
34.620	-28.784	0.008
34.640	-29.901	0.027
34.660	-30.588	0.070
34.680	-30.846	0.092
34.700	-30.685	0.134
34.720	-30.094	0.158
34.740	-29.052	0.192
34.760	-27.591	0.207
34.780	-25.728	0.229
34.800	-23.509	0.241
34.820	-20.947	0.259
34.840	-18.042	0.263
34.860	-14.948	0.274
34.880	-11.607	0.269
34.900	-8.083	0.263
34.920	-4.458	0.257
34.940	-0.768	0.248
34.960	2.933	0.233
34.980	6.590	0.209
35.000	10.125	0.196
35.020	13.562	0.165
35.040	16.774	0.144
35.060	19.744	0.106
35.080	22.473	0.085
35.100	24.820	0.047
35.120	26.834	0.023
35.140	28.451	-0.018
35.160	29.670	-0.041
35.180	30.459	-0.080
35.200	30.819	-0.110
35.220	30.739	-0.137
35.240	30.239	-0.161
35.260	29.278	-0.186
35.280	27.903	-0.216
35.300	26.152	-0.227
35.320	24.020	-0.247
35.340	21.511	-0.260
35.360	18.713	-0.268
35.380	15.657	-0.283
35.400	12.337	-0.289
35.420	8.889	-0.284
35.440	5.301	-0.283
35.460	1.644	-0.262
35.480	-2.057	-0.255
35.500	-5.720	-0.228
35.520	-9.324	-0.218
35.540	-12.772	-0.186
35.560	-16.033	-0.162
35.580	-19.083	-0.136
35.600	-21.855	-0.106
35.620	-24.304	-0.074
35.640	-26.415	-0.041
35.660	-28.161	-0.012
35.680	-29.455	0.027
35.700	-30.374	0.055
35.720	-30.782	0.085
35.740	-30.841	0.117
35.760	-30.443	0.159
35.780	-29.611	0.184
35.800	-28.338	0.206
35.820	-26.646	0.229
35.840	-24.594	0.242
35.860	-22.183	0.267
35.880	-19.427	0.266
35.900	-16.409	0.280
35.920	-13.181	0.275
35.940	-9.732	0.278
35.960	-6.155	0.262
35.980	-2.476	0.259
36.000	1.225	0.248
36.020	4.898	0.234
36.040	8.508	0.205
36.060	11.999	0.188
36.080	15.318	0.156
36.100	18.417	0.134
36.120	21.264	0.101
36.140	23.783	0.072
36.160	25.958	0.039
36.180	27.758	0.007
36.200	29.165	-0.019
36.220	30.159	-0.058
36.240	30.707	-0.075
36.260	30.841	-0.126
36.280	30.524	-0.137
36.300	29.756	-0.177
36.320	28.585	-0.184
36.340	27.000	-0.222
36.360	25.056	-0.218
36.380	22.693	-0.256
36.400	20.029	-0.252
36.420	17.080	-0.293
36.440	13.879	-0.276
36.460	10.490	-0.290
36.480	6.939	-0.271
36.500	3.298	-0.271
36.520	-0.387	-0.253
36.540	-4.071	-0.237
36.560	-7.713	-0.217
36.580	-11.231	-0.197
36.600	-14.588	-0.170
36.620	-17.746	-0.143
36.640	-20.646	-0.114
36.660	-23.251	-0.085
36.680	-25.523	-0.052
36.700	-27.436	-0.020
36.720	-28.939	0.014
36.740	-30.024	0.043
36.760	-30.674	0.078
36.780	-30.884	0.118
36.800	-30.701	0.155
36.820	-30.094	0.168
36.840	-28.993	0.206
36.860	-27.484	0.216
36.880	-25.583	0.251
36.900	-23.343	0.254
36.920	-20.749	0.279
36.940	-17.848	0.271
36.960	-14.690	0.288
36.980	-11.349	0.275
37.000	-7.799	0.286
37.020	-4.179	0.267
37.040	-0.467	0.267
37.060	3.228	0.236
37.080	6.859	0.231
37.100	10.420	0.199
37.120	13.825	0.187
37.140	17.016	0.146
37.160	19.991	0.127
37.180	22.666	0.089
37.200	25.002	0.068
37.220	26.984	0.026
37.240	28.569	0.002
37.260	29.745	-0.036
37.280	30.502	-0.060
37.300	30.835	-0.102
37.320	30.717	-0.118
37.340	30.153	-0.160
37.360	29.176	-0.176
37.380	27.774	-0.215
37.400	25.980	-0.218
37.420	23.821	-0.249
37.440	21.280	-0.247
37.460	18.466	-0.269
37.480	15.388	-0.267
37.500	12.063	-0.272
37.520	8.583	-0.266
37.540	4.995	-0.256
37.560	1.321	-0.252
37.580	-2.385	-0.231
37.600	-6.042	-0.219
37.620	-9.636	-0.196
37.640	-13.062	-0.168
37.660	-16.301	-0.154
37.680	-19.336	-0.109
37.700	-22.075	-0.094
37.720	-24.503	-0.049
37.740	-26.565	-0.032
37.760	-28.295	0.015
37.780	-29.568	0.034
37.800	-30.417	0.074
37.820	-30.835	0.097
37.840	-30.825	0.134
37.860	-30.390	0.161
37.880	-29.514	0.192
37.900	-28.193	0.218
37.920	-26.490	0.237
37.940	-24.385	0.253
37.960	-21.946	0.268
37.980	-19.169	0.277
38.000	-16.140	0.279
38.020	-12.885	0.288
38.040	-9.405	0.282
38.060	-5.828	0.282
38.080	-2.148	0.264
38.100	1.552	0.250
38.120	5.231	0.232
38.140	8.809	0.213
38.160	12.305	0.193
38.180	15.592	0.159
38.200	18.659	0.138
38.220	21.484	0.105
38.240	23.993	0.076
38.260	26.114	0.039
38.280	27.887	0.020
38.300	29.267	-0.027
38.320	30.223	-0.041
38.340	30.750	-0.091
38.360	30.814	-0.106
38.380	30.470	-0.148
38.400	29.670	-0.168
38.420	28.467	-0.202
38.440	26.845	-0.223
38.460	24.868	-0.235
38.480	22.473	-0.263
38.500	19.787	-0.253
38.520	16.833	-0.280
38.540	13.594	-0.257
38.560	10.205	-0.289
38.580	6.655	-0.251
38.600	3.019	-0.274
38.620	-0.677	-0.228
38.640	-4.367	-0.242
38.660	-7.987	-0.197
38.680	-11.478	-0.198
38.700	-14.840	-0.156
38.720	-17.966	-0.137
38.740	-20.840	-0.104
38.760	-23.413	-0.077
38.780	-25.647	-0.046
38.800	-27.532	-0.007
38.820	-29.025	0.014
38.840	-30.062	0.059
38.860	-30.664	0.076
38.880	-30.862	0.115
38.900	-30.621	0.134
38.920	-29.965	0.171
38.940	-28.843	0.184
38.960	-27.296	0.217
38.980	-25.368	0.225
39.000	-23.085	0.257
39.020	-20.458	0.267
39.040	-17.542	0.275
39.060	-14.395	0.276
39.080	-11.021	0.274
39.100	-7.477	0.272
39.120	-3.835	0.262
39.140	-0.140	0.250
39.160	3.550	0.230
39.180	7.187	0.218
39.200	10.731	0.188
39.220	14.115	0.172
39.240	17.295	0.137
39.260	20.228	0.122
39.280	22.897	0.073
39.300	25.196	0.062
39.320	27.135	0.012
39.340	28.682	-0.007
39.360	29.836	-0.050
39.380	30.551	-0.073
39.400	30.830	-0.107
39.420	30.685	-0.134
39.440	30.078	-0.160
39.460	29.074	-0.197
39.480	27.645	-0.218
39.500	25.819	-0.241
39.520	23.627	-0.251
39.540	21.065	-0.267
39.560	18.219	-0.273
39.580	15.109	-0.279
39.600	11.773	-0.276
39.620	8.304	-0.276
39.640	4.689	-0.266
39.660	1.031	-0.257
39.680	-2.680	-0.236
39.700	-6.322	-0.221
39.720	-9.910	-0.200
39.740	-13.320	-0.179
39.760	-16.548	-0.152
39.780	-19.556	-0.122
39.800	-22.274	-0.098
39.820	-24.664	-0.056
39.840	-26.716	-0.037
39.860	-28.386	0.006
39.880	-29.622	0.027
39.900	-30.465	0.073
39.920	-30.809	0.087
39.940	-30.776	0.131
39.960	-30.309	0.146
39.980	-29.412	0.180
40.000	-28.048	0.195
40.020	-26.297	0.221
40.040	-24.191	0.234
40.060	-21.705	0.259
40.080	-18.917	0.271
40.100	-15.866	0.274
40.120	-12.595	0.275
40.140	-9.120	0.271
40.160	-5.511	0.267
40.180	-1.842	0.254
40.200	1.858	0.245
40.220	5.532	0.222
40.240	9.115	0.206
40.260	12.584	0.178
40.280	15.866	0.159
40.300	18.912	0.124
40.320	21.710	0.100
40.340	24.181	0.065
40.360	26.297	0.037
40.380	28.021	0.003
40.400	29.369	-0.027
40.420	30.277	-0.058
40.440	30.766	-0.094
40.460	30.803	-0.114
40.480	30.417	-0.156
40.500	29.589	-0.172
40.520	28.349	-0.218
40.540	26.678	-0.217
40.560	24.675	-0.258
40.580	22.274	-0.251
40.600	19.551	-0.280
40.620	16.559	-0.272
40.640	13.320	-0.284
40.660	9.904	-0.274
40.680	6.343	-0.275
40.700	2.691	-0.260
40.720	-0.999	-0.247
40.740	-4.673	-0.231
40.760	-8.309	-0.207
40.780	-11.806	-0.189
40.800	-15.120	-0.161
40.820	-18.240	-0.139
40.840	-21.108	-0.104
40.860	-23.644	-0.080
40.880	-25.856	-0.043
40.900	-27.683	-0.015
40.920	-29.138	0.021
40.940	-30.143	0.055
40.960	-30.733	0.082
40.980	-30.873	0.117
41.000	-30.615	0.140
41.020	-29.912	0.172
41.040	-28.746	0.186
41.060	-27.194	0.218
41.080	-25.239	0.236
41.100	-22.902	0.268
41.120	-20.265	0.267
41.140	-17.316	0.282
41.160	-14.142	0.279
41.180	-10.764	0.287
41.200	-7.197	0.271
41.220	-3.550	0.271
41.240	0.145	0.252
41.260	3.835	0.247
41.280	7.455	0.215
41.300	11.000	0.200
41.320	14.368	0.170
41.340	17.537	0.153
41.360	20.448	0.118
41.380	23.096	0.089
41.400	25.352	0.055
41.420	27.274	0.026
41.440	28.789	-0.005
41.460	29.912	-0.038
41.480	30.599	-0.065
41.500	30.846	-0.101
41.520	30.647	-0.123
41.540	30.014	-0.157
41.560	28.966	-0.179
41.580	27.479	-0.204
41.600	25.658	-0.228
41.620	23.413	-0.251
41.640	20.829	-0.258
41.660	17.950	-0.271
41.680	14.819	-0.270
41.700	11.478	-0.280
41.720	7.965	-0.269
41.740	4.367	-0.264
41.760	0.687	-0.247
41.780	-3.008	-0.231
41.800	-6.666	-0.213
41.820	-10.232	-0.193
41.840	-13.632	-0.173
41.860	-16.849	-0.140
41.880	-19.830	-0.118
41.900	-22.526	-0.083
41.920	-24.895	-0.054
41.940	-26.925	-0.023
41.960	-28.558	0.010
41.980	-29.750	0.042
42.000	-30.551	0.080
42.020	-30.857	0.101
42.040	-30.792	0.134
42.060	-30.309	0.156
42.080	-29.353	0.189
42.100	-27.951	0.218
42.120	-26.173	0.250
42.140	-24.020	0.255
42.160	-21.527	0.278
42.180	-18.691	0.279
42.200	-15.619	0.292
42.220	-12.327	0.280
42.240	-8.841	0.289
42.260	-5.237	0.277
42.280	-1.547	0.271
42.300	2.154	0.253
42.320	5.822	0.234
42.340	9.394	0.214
42.360	12.864	0.193
42.380	16.124	0.165
42.400	19.153	0.137
42.420	21.952	0.108
42.440	24.353	0.074
42.460	26.458	0.047
42.480	28.150	0.010
42.500	29.466	-0.019
42.520	30.336	-0.052
42.540	30.787	-0.079
42.560	30.787	-0.109
42.580	30.363	-0.144
42.600	29.503	-0.162
42.620	28.225	-0.191
42.640	26.539	-0.212
42.660	24.487	-0.248
42.680	22.032	-0.247
42.700	19.309	-0.270
42.720	16.296	-0.264
42.740	13.041	-0.273
42.760	9.604	-0.264
42.780	6.037	-0.268
42.800	2.379	-0.247
42.820	-1.294	-0.247
42.840	-4.984	-0.218
42.860	-8.599	-0.209
42.880	-12.080	-0.177
42.900	-15.377	-0.160
42.920	-18.482	-0.127
42.940	-21.302	-0.101
42.960	-23.832	-0.067
42.980	-26.001	-0.043
43.000	-27.828	-0.004
43.020	-29.224	0.024
43.040	-30.196	0.060
43.060	-30.739	0.085
43.080	-30.873	0.118
43.100	-30.540	0.147
43.120	-29.793	0.174
43.140	-28.623	0.205
43.160	-27.000	0.237
43.180	-25.035	0.247
43.200	-22.677	0.268
43.220	-19.997	0.272
43.240	-17.037	0.282
43.260	-13.831	0.281
43.280	-10.441	0.284
43.300	-6.864	0.275
43.320	-3.212	0.271
43.340	0.473	0.249
43.360	4.173	0.242
43.380	7.793	0.217
43.400	11.295	0.201
43.420	14.658	0.168
43.440	17.816	0.147
43.460	20.700	0.114
43.480	23.300	0.085
43.500	25.540	0.055
43.520	27.430	0.019
43.540	28.907	-0.011
43.560	29.981	-0.044
43.580	30.637	-0.073
43.600	30.846	-0.107
43.620	30.615	-0.130
43.640	29.949	-0.166
43.660	28.870	-0.185
43.680	27.339	-0.216
43.700	25.486	-0.239
43.720	23.208	-0.252
43.740	20.604	-0.264
43.760	17.708	-0.269
43.780	14.556	-0.277
43.800	11.209	-0.274
43.820	7.697	-0.274
43.840	4.071	-0.260
43.860	0.403	-0.256
43.880	-3.303	-0.235
43.900	-6.945	-0.221
43.920	-10.506	-0.193
43.940	-13.890	-0.177
43.960	-17.091	-0.145
43.980	-20.040	-0.121
44.000	-22.687	-0.085
44.020	-25.029	-0.057
44.040	-27.017	-0.026
44.060	-28.617	0.006
44.080	-29.810	0.040
44.100	-30.535	0.070
44.120	-30.835	0.100
44.140	-30.744	0.125
44.160	-30.202	0.156
44.180	-29.203	0.177
44.200	-27.785	0.198
44.220	-25.964	0.233
44.240	-23.799	0.250
44.260	-21.270	0.265
44.280	-18.412	0.270
44.300	-15.334	0.275
44.320	-12.004	0.274
44.340	-8.519	0.271
44.360	-4.893	0.267
44.380	-1.214	0.250
44.400	2.487	0.237
44.420	6.139	0.221
44.440	9.716	0.198
44.460	13.154	0.174
44.480	16.409	0.149
44.500	19.406	0.119
44.520	22.150	0.094
44.540	24.557	0.057
44.560	26.608	0.031
44.580	28.279	-0.006
44.600	29.552	-0.032
44.620	30.395	-0.070
44.640	30.809	-0.094
44.660	30.771	-0.129
44.680	30.314	-0.152
44.700	29.417	-0.186
44.720	28.091	-0.215
44.740	26.388	-0.242
44.760	24.299	-0.250
44.780	21.828	-0.272
44.800	19.067	-0.273
44.820	16.043	-0.286
44.840	12.762	-0.283
44.860	9.330	-0.284
44.880	5.742	-0.273
44.900	2.079	-0.267
44.920	-1.611	-0.249
44.940	-5.274	-0.232
44.960	-8.884	-0.215
44.980	-12.354	-0.190
45.000	-15.635	-0.168
45.020	-18.724	-0.136
45.040	-21.506	-0.111
45.060	-23.998	-0.076
45.080	-26.152	-0.047
45.100	-27.957	-0.012
45.120	-29.310	0.018
45.140	-30.250	0.049
45.160	-30.760	0.083
45.180	-30.830	0.108
45.200	-30.486	0.142
45.220	-29.724	0.165
45.240	-28.494	0.194
45.260	-26.861	0.219
45.280	-24.831	0.237
45.300	-22.467	0.252
45.320	-19.750	0.264
45.340	-16.769	0.267
45.360	-13.557	0.270
45.380	-10.125	0.267
45.400	-6.569	0.265
45.420	-2.895	0.250
45.440	0.795	0.247
45.460	4.469	0.226
45.480	8.083	0.206
45.500	11.602	0.183
45.520	14.937	0.159
45.540	18.052	0.134
45.560	20.937	0.107
45.580	23.515	0.069
45.600	25.711	0.044
45.620	27.570	0.010
45.640	29.020	-0.018
45.660	30.062	-0.052
45.680	30.669	-0.084
45.700	30.846	-0.119
45.720	30.583	-0.141
45.740	29.874	-0.169
45.760	28.746	-0.194
45.780	27.210	-0.215
45.800	25.298	-0.230
45.820	22.983	-0.255
45.840	20.362	-0.251
45.860	17.461	-0.275
45.880	14.282	-0.260
45.900	10.898	-0.278
45.920	7.396	-0.257
45.940	3.744	-0.260
45.960	0.064	-0.241
45.980	-3.631	-0.230
46.000	-7.272	-0.203
46.020	-10.817	-0.191
46.040	-14.185	-0.160
46.060	-17.354	-0.139
46.080	-20.313	-0.105
46.100	-22.951	-0.081
46.120	-25.239	-0.040
46.140	-27.205	-0.017
46.160	-28.778	0.018
46.180	-29.912	0.050
46.200	-30.631	0.084
46.220	-30.878	0.107
46.240	-30.744	0.144
46.260	-30.164	0.163
46.280	-29.138	0.192
46.300	-27.688	0.211
46.320	-25.824	0.234
46.340	-23.633	0.254
46.360	-21.071	0.265
46.380	-18.197	0.271
46.400	-15.093	0.279
46.420	-11.757	0.275
46.440	-8.250	0.275
46.460	-4.619	0.270
46.480	-0.924	0.258
46.500	2.777	0.245
46.520	6.429	0.225
46.540	9.985	0.202
46.560	13.422	0.182
46.580	16.656	0.154
46.600	19.637	0.128
46.620	22.381	0.093
46.640	24.745	0.071
46.660	26.753	0.026
46.680	28.397	0.006
46.700	29.643	-0.033
46.720	30.449	-0.054
46.740	30.825	-0.095
46.760	30.750	-0.120
46.780	30.255	-0.152
46.800	29.315	-0.168
46.820	27.957	-0.201
46.840	26.211	-0.210
46.860	24.095	-0.239
46.880	21.603	-0.245
46.900	18.815	-0.275
46.920	15.759	-0.273
46.940	12.450	-0.279
46.960	8.997	-0.273
46.980	5.425	-0.267
47.000	1.746	-0.257
47.020	-1.934	-0.242
47.040	-5.618	-0.230
47.060	-9.217	-0.199
47.080	-12.687	-0.185
47.100	-15.936	-0.152
47.120	-19.014	-0.128
47.140	-21.769	-0.095
47.160	-24.234	-0.061
47.180	-26.361	-0.030
47.200	-28.118	0.006
47.220	-29.455	0.033
47.240	-30.368	0.080
47.260	-30.798	0.093
47.280	-30.862	0.143
47.300	-30.481	0.154
47.320	-29.654	0.198
47.340	-28.381	0.203
47.360	-26.727	0.242
47.380	-24.680	0.248
47.400	-22.279	0.271
47.420	-19.524	0.274
47.440	-16.521	0.285
47.460	-13.299	0.284
47.480	-9.861	0.288
47.500	-6.284	0.279
47.520	-2.605	0.270
47.540	1.101	0.259
47.560	4.786	0.235
47.580	8.379	0.226
47.600	11.892	0.192
47.620	15.200	0.182
47.640	18.315	0.134
47.660	21.157	0.128
47.680	23.703	0.073
47.700	25.889	0.069
47.720	27.704	0.011
47.740	29.122	0.001
47.760	30.121	-0.052
47.780	30.696	-0.070
47.800	30.830	-0.107
47.820	30.540	-0.140
47.840	29.799	-0.163
47.860	28.639	-0.214
47.880	27.065	-0.192
47.900	25.121	-0.264
47.920	22.784	-0.214
47.940	20.125	-0.297
47.960	17.193	-0.228
47.980	13.997	-0.309
48.000	10.619	-0.233
48.020	7.084	-0.298
48.040	3.454	-0.231
48.060	-0.220	-0.265
48.080	-3.910	-0.213
48.100	-7.562	-0.218
48.120	-11.091	-0.184
48.140	-14.454	-0.165
48.160	-17.606	-0.143
48.180	-20.528	-0.105
48.200	-23.149	-0.090
48.220	-25.400	-0.038
48.240	-27.333	-0.032
48.260	-28.854	0.032
48.280	-29.955	0.039
48.300	-30.637	0.093
48.320	-30.868	0.103
48.340	-30.680	0.147
48.360	-30.062	0.159
48.380	-28.982	0.206
48.400	-27.505	0.222
48.420	-25.636	0.246
48.440	-23.396	0.259
48.460	-20.824	0.268
48.480	-17.907	0.277
48.500	-14.781	0.279
48.520	-11.435	0.282
48.540	-7.917	0.274
48.560	-4.270	0.276
48.580	-0.580	0.252
48.600	3.104	0.249
48.620	6.757	0.217
48.640	10.302	0.210
48.660	13.712	0.171
48.680	16.924	0.157
48.700	19.884	0.116
48.720	22.596	0.099
48.740	24.922	0.058
48.760	26.931	0.034
48.780	28.521	-0.005
48.800	29.724	-0.030
48.820	30.497	-0.065
48.840	30.830	-0.094
48.860	30.717	-0.123
48.880	30.191	-0.156
48.900	29.213	-0.180
48.920	27.838	-0.211
48.940	26.050	-0.233
48.960	23.901	-0.255
48.980	21.382	-0.267
49.000	18.573	-0.274
49.020	15.506	-0.276
49.040	12.187	-0.283
49.060	8.712	-0.274
49.080	5.124	-0.275
49.100	1.461	-0.257
49.120	-2.229	-0.252
49.140	-5.897	-0.225
49.160	-9.485	-0.207
49.180	-12.934	-0.189
49.200	-16.172	-0.154
49.220	-19.207	-0.138
49.240	-21.968	-0.094
49.260	-24.385	-0.079
49.280	-26.490	-0.034
49.300	-28.204	-0.015
49.320	-29.498	0.031
49.340	-30.368	0.052
49.360	-30.787	0.086
49.380	-30.819	0.114
49.400	-30.395	0.151
49.420	-29.520	0.182
49.440	-28.230	0.198
49.460	-26.533	0.226
49.480	-24.444	0.234
49.500	-22.021	0.261
49.520	-19.271	0.256
49.540	-16.237	0.275
49.560	-12.993	0.263
49.580	-9.539	0.271
49.600	-5.946	0.254
49.620	-2.277	0.259
49.640	1.423	0.231
49.660	5.103	0.225
49.680	8.685	0.198
49.700	12.182	0.183
49.720	15.496	0.151
49.740	18.562	0.127
49.760	21.404	0.098
49.780	23.907	0.061
49.800	26.061	0.043
49.820	27.833	-0.007
49.840	29.224	-0.017
49.860	30.186	-0.072
49.880	30.728	-0.076
49.900	30.825	-0.139
49.920	30.497	-0.136
49.940	29.713	-0.189
49.960	28.531	-0.189
49.980	26.909	-0.228
50.000	24.943	-0.235
50.020	22.591	-0.257
50.040	19.895	-0.266
50.060	16.946	-0.276
50.080	13.723	-0.289
50.100	10.329	-0.277
50.120	6.794	-0.288
50.140	3.158	-0.260
50.160	-0.537	-0.266
50.180	-4.211	-0.230
50.200	-7.858	-0.232
50.220	-11.365	-0.190
50.240	-14.717	-0.185
50.260	-17.859	-0.141
50.280	-20.754	-0.126
50.300	-23.327	-0.085
50.320	-25.572	-0.053
50.340	-27.462	-0.031
50.360	-28.961	0.010
50.380	-30.035	0.039
50.400	-30.658	0.075
50.420	-30.852	0.098
50.440	-30.631	0.140
50.460	-29.998	0.148
50.480	-28.896	0.197
50.500	-27.355	0.205
50.520	-25.448	0.242
50.540	-23.176	0.241
50.560	-20.587	0.268
50.580	-17.671	0.262
50.600	-14.502	0.278
50.620	-11.156	0.262
50.640	-7.605	0.271
50.660	-3.969	0.258
50.680	-0.285	0.254
50.700	3.416	0.227
50.720	7.047	0.218
50.740	10.592	0.191
50.760	13.992	0.170
50.780	17.177	0.144
50.800	20.120	0.110
50.820	22.800	0.087
50.840	25.104	0.052
50.860	27.076	0.023
50.880	28.633	-0.015
50.900	29.804	-0.038
50.920	30.540	-0.077
50.940	30.835	-0.098
50.960	30.701	-0.138
50.980	30.137	-0.159
51.000	29.117	-0.185
51.020	27.693	-0.206
51.040	25.894	-0.222
51.060	23.697	-0.243
51.080	21.157	-0.251
51.100	18.321	-0.264
51.120	15.222	-0.274
51.140	11.881	-0.288
51.160	8.411	-0.272
51.180	4.796	-0.280
51.200	1.123	-0.254
51.220	-2.567	-0.251
51.240	-6.225	-0.217
51.260	-9.808	-0.212
51.280	-13.224	-0.175
51.300	-16.479	-0.160
51.320	-19.513	-0.125
51.340	-22.215	-0.101
51.360	-24.637	-0.067
51.380	-26.678	-0.035
51.400	-28.381	-0.005
51.420	-29.632	0.031
51.440	-30.476	0.060
51.460	-30.835	0.094
51.480	-30.825	0.118
51.500	-30.400	0.152
51.520	-29.493	0.185
51.540	-28.145	0.217
51.560	-26.410	0.235
51.580	-24.304	0.252
51.600	-21.850	0.269
51.620	-19.067	0.278
51.640	-16.006	0.283
51.660	-12.756	0.279
51.680	-9.260	0.280
51.700	-5.672	0.275
51.720	-2.003	0.268
51.740	1.713	0.253
51.760	5.387	0.237
51.780	8.970	0.213
51.800	12.445	0.197
51.820	15.759	0.163
51.840	18.793	0.144
51.860	21.613	0.109
51.880	24.084	0.079
51.900	26.216	0.051
51.920	27.962	0.014
51.940	29.326	-0.014
51.960	30.250	-0.046
51.980	30.750	-0.074
52.000	30.809	-0.111
52.020	30.449	-0.127
52.040	29.627	-0.166
52.060	28.397	-0.179
52.080	26.748	-0.211
52.100	24.750	-0.224
52.120	22.344	-0.264
52.140	19.647	-0.251
52.160	16.667	-0.279
52.180	13.433	-0.261
52.200	10.022	-0.276
52.220	6.461	-0.253
52.240	2.820	-0.262
52.260	-0.865	-0.235
52.280	-4.555	-0.231
52.300	-8.180	-0.197
52.320	-11.671	-0.188
52.340	-15.007	-0.153
52.360	-18.138	-0.133
52.380	-21.001	-0.101
52.400	-23.552	-0.068
52.420	-25.787	-0.044
52.440	-27.624	-0.005
52.460	-29.095	0.025
52.480	-30.143	0.056
52.500	-30.707	0.089
52.520	-30.884	0.114
52.540	-30.615	0.152
52.560	-29.928	0.168
52.580	-28.800	0.207
52.600	-27.237	0.228
52.620	-25.303	0.251
52.640	-22.994	0.262
52.660	-20.340	0.277
52.680	-17.402	0.280
52.700	-14.255	0.289
52.720	-10.866	0.277
52.740	-7.321	0.284
52.760	-3.668	0.271
52.780	0.021	0.267
52.800	3.728	0.240
52.820	7.358	0.230
52.840	10.893	0.199
52.860	14.276	0.188
52.880	17.435	0.151
52.900	20.367	0.130
52.920	23.015	0.089
52.940	25.282	0.068
52.960	27.221	0.029
52.980	28.746	0.002
53.000	29.879	-0.033
53.020	30.578	-0.065
53.040	30.846	-0.094
53.060	30.674	-0.120
53.080	30.051	-0.149
53.100	29.020	-0.179
53.120	27.532	-0.198
53.140	25.728	-0.219
53.160	23.499	-0.234
53.180	20.920	-0.246
53.200	18.074	-0.271
53.220	14.942	-0.272
53.240	11.607	-0.274
53.260	8.126	-0.270
53.280	4.512	-0.268
53.300	0.827	-0.250
53.320	-2.863	-0.243
53.340	-6.510	-0.220
53.360	-10.098	-0.205
53.380	-13.492	-0.174
53.400	-16.704	-0.156
53.420	-19.717	-0.120
53.440	-22.414	-0.097
53.460	-24.761	-0.059
53.480	-26.807	-0.036
53.500	-28.456	0.006
53.520	-29.675	0.032
53.540	-30.486	0.066
53.560	-30.835	0.093
53.580	-30.792	0.125
53.600	-30.298	0.157
53.620	-29.353	0.192
53.640	-27.978	0.216
53.660	-26.216	0.234
53.680	-24.079	0.252
53.700	-21.581	0.259
53.720	-18.783	0.272
53.740	-15.700	0.275
53.760	-12.439	0.277
53.780	-8.937	0.274
53.800	-5.333	0.270
53.820	-1.654	0.255
53.840	2.057	0.244
53.860	5.704	0.224
53.880	9.281	0.208
53.900	12.746	0.181
53.920	16.022	0.156
53.940	19.062	0.128
53.960	21.850	0.100
53.980	24.288	0.068
54.000	26.388	0.036
54.020	28.102	0.002
54.040	29.428	-0.028
54.060	30.314	-0.059
54.080	30.776	-0.089
54.100	30.798	-0.121
54.120	30.400	-0.146
54.140	29.530	-0.178
54.160	28.279	-0.195
54.180	26.603	-0.224
54.200	24.567	-0.231
54.220	22.145	-0.249
54.240	19.411	-0.255
54.260	16.414	-0.267
54.280	13.159	-0.264
54.300	9.738	-0.269
54.320	6.177	-0.260
54.340	2.530	-0.255
54.360	-1.166	-0.235
54.380	-4.834	-0.226
54.400	-8.459	-0.200
54.420	-11.940	-0.183
54.440	-15.249	-0.154
54.460	-18.358	-0.128
54.480	-21.210	-0.098
54.500	-23.713	-0.069
54.520	-25.910	-0.037
54.540	-27.747	-0.009
54.560	-29.176	0.026
54.580	-30.164	0.059
54.600	-30.707	0.090
54.620	-30.857	0.119
54.640	-30.567	0.146
54.660	-29.836	0.176
54.680	-28.644	0.193
54.700	-27.070	0.221
54.720	-25.083	0.232
54.740	-22.757	0.249
54.760	-20.099	0.259
54.780	-17.134	0.266
54.800	-13.959	0.271
54.820	-10.549	0.270
54.840	-7.004	0.263
54.860	-3.335	0.251
54.880	0.354	0.242
54.900	4.055	0.227
54.920	7.654	0.209
54.940	11.193	0.185
54.960	14.545	0.163
54.980	17.703	0.132
55.000	20.609	0.112
55.020	23.219	0.070
55.040	25.464	0.051
55.060	27.371	0.010
55.080	28.870	-0.015
55.100	29.949	-0.056
55.120	30.621	-0.080
55.140	30.846	-0.117
55.160	30.637	-0.139
55.180	29.981	-0.172
55.200	28.907	-0.188
55.220	27.403	-0.217
55.240	25.545	-0.230
55.260	23.294	-0.247
55.280	20.689	-0.262
55.300	17.827	-0.264
55.320	14.674	-0.276
55.340	11.317	-0.268
55.360	7.826	-0.269
55.380	4.200	-0.255
55.400	0.521	-0.251
55.420	-3.164	-0.228
55.440	-6.816	-0.214
55.460	-10.382	-0.189
55.480	-13.761	-0.166
55.500	-16.962	-0.142
55.520	-19.932	-0.114
55.540	-22.612	-0.086
55.560	-24.959	-0.050
55.580	-26.974	-0.024
55.600	-28.596	0.016
55.620	-29.756	0.040
55.640	-30.529	0.080
55.660	-30.841	0.101
55.680	-30.750	0.139
55.700	-30.229	0.157
55.720	-29.262	0.191
55.740	-27.844	0.209
55.760	-26.044	0.233
55.780	-23.891	0.238
55.800	-21.366	0.264
55.820	-18.520	0.266
55.840	-15.442	0.273
55.860	-12.133	0.271
55.880	-8.647	0.274
55.900	-5.038	0.261
55.920	-1.364	0.255
55.940	2.336	0.238
55.960	6.010	0.219
55.980	9.566	0.201
56.000	13.025	0.178
56.020	16.285	0.153
56.040	19.293	0.123
56.060	22.081	0.097
56.080	24.481	0.064
56.100	26.539	0.031
56.120	28.225	-0.000
56.140	29.514	-0.030
56.160	30.368	-0.063
56.180	30.809	-0.091
56.200	30.771	-0.125
56.220	30.347	-0.150
56.240	29.444	-0.174
56.260	28.139	-0.203
56.280	26.442	-0.214
56.300	24.369	-0.239
56.320	21.925	-0.248
56.340	19.153	-0.255
56.360	16.151	-0.262
56.380	12.869	-0.260
56.400	9.437	-0.264
56.420	5.854	-0.257
56.440	2.191	-0.247
56.460	-1.493	-0.235
56.480	-5.167	-0.216
56.500	-8.782	-0.198
56.520	-12.284	-0.173
56.540	-15.555	-0.148
56.560	-18.643	-0.121
56.580	-21.474	-0.090
56.600	-23.971	-0.059
56.620	-26.152	-0.026
56.640	-27.919	0.002
56.660	-29.332	0.035
56.680	-30.288	0.069
56.700	-30.744	0.100
56.720	-30.873	0.130
56.740	-30.556	0.155
56.760	-29.793	0.183
56.780	-28.590	0.209
56.800	-26.963	0.228
56.820	-24.959	0.247
56.840	-22.585	0.263
56.860	-19.905	0.271
56.880	-16.914	0.277
56.900	-13.712	0.281
56.920	-10.275	0.278
56.940	-6.730	0.274
56.960	-3.062	0.267
56.980	0.639	0.257
57.000	4.345	0.237
57.020	7.955	0.221
57.040	11.462	0.196
57.060	14.813	0.172
57.080	17.950	0.143
57.100	20.824	0.118
57.120	23.418	0.085
57.140	25.642	0.057
57.160	27.511	0.017
57.180	28.972	-0.003
57.200	30.019	-0.044
57.220	30.658	-0.066
57.240	30.852	-0.109
57.260	30.588	-0.123
57.280	29.890	-0.161
57.300	28.800	-0.177
57.320	27.274	-0.207
57.340	25.389	-0.216
57.360	23.096	-0.239
57.380	20.464	-0.243
57.400	17.553	-0.257
57.420	14.384	-0.253
57.440	11.032	-0.260
57.460	7.498	-0.251
57.480	3.867	-0.246
57.500	0.193	-0.231
57.520	-3.491	-0.218
57.540	-7.133	-0.196
57.560	-10.683	-0.177
57.580	-14.072	-0.149
57.600	-17.252	-0.127
57.620	-20.222	-0.094
57.640	-22.849	-0.068
57.660	-25.158	-0.034
57.680	-27.129	-0.006
57.700	-28.735	0.030
57.720	-29.853	0.058
57.740	-30.588	0.093
57.760	-30.857	0.119
57.780	-30.723	0.154
57.800	-30.175	0.175
57.820	-29.170	0.205
57.840	-27.720	0.219
57.860	-25.883	0.247
57.880	-23.697	0.253
57.900	-21.162	0.275
57.920	-18.283	0.275
57.940	-15.184	0.288
57.960	-11.875	0.275
57.980	-8.341	0.282
58.000	-4.732	0.271
58.020	-1.042	0.266
58.040	2.664	0.241
58.060	6.322	0.227
58.080	9.883	0.205
58.100	13.326	0.188
58.120	16.554	0.155
58.140	19.535	0.131
58.160	22.279	0.097
58.180	24.669	0.069
58.200	26.716	0.037
58.220	28.349	0.004
58.240	29.600	-0.028
58.260	30.427	-0.061
58.280	30.814	-0.092
58.300	30.760	-0.119
58.320	30.282	-0.151
58.340	29.353	-0.171
58.360	28.016	-0.196
58.380	26.292	-0.218
58.400	24.186	-0.231
58.420	21.694	-0.246
58.440	18.928	-0.254
58.460	15.877	-0.260
58.480	12.584	-0.263
58.500	9.136	-0.260
58.520	5.564	-0.249
58.540	1.896	-0.246
58.560	-1.789	-0.230
58.580	-5.457	-0.212
58.600	-9.083	-0.191
58.620	-12.515	-0.170
58.640	-15.796	-0.147
58.660	-18.869	-0.113
58.680	-21.662	-0.087
58.700	-24.116	-0.053
58.720	-26.259	-0.026
58.740	-28.021	0.008
58.760	-29.369	0.035
58.780	-30.298	0.071
58.800	-30.776	0.097
58.820	-30.835	0.130
58.840	-30.465	0.161
58.860	-29.648	0.184
58.880	-28.429	0.207
58.900	-26.759	0.228
58.920	-24.723	0.242
58.940	-22.344	0.259
58.960	-19.615	0.265
58.980	-16.607	0.275
59.000	-13.396	0.278
59.020	-9.958	0.277
59.040	-6.375	0.270
59.060	-2.718	0.259
59.080	0.983	0.247
59.100	4.657	0.228
59.120	8.266	0.209
59.140	11.768	0.186
59.160	15.098	0.160
59.180	18.219	0.134
59.200	21.071	0.105
59.220	23.627	0.072
59.240	25.813	0.047
59.260	27.640	0.008
59.280	29.074	-0.020
59.300	30.110	-0.058
59.320	30.685	-0.082
59.340	30.846	-0.118
59.360	30.562	-0.143
59.380	29.815	-0.175
59.400	28.692	-0.193
59.420	27.135	-0.221
59.440	25.207	-0.231
59.460	22.870	-0.253
59.480	20.228	-0.251
59.500	17.306	-0.273
59.520	14.121	-0.264
59.540	10.753	-0.275
59.560	7.213	-0.260
59.580	3.599	-0.262
59.600	-0.086	-0.241
59.620	-3.776	-0.233
59.640	-7.423	-0.206
59.660	-10.962	-0.189
59.680	-14.309	-0.165
59.700	-17.478	-0.140
59.720	-20.410	-0.110
59.740	-23.031	-0.077
59.760	-25.319	-0.047
59.780	-27.248	-0.018
59.800	-28.789	0.014
59.820	-29.928	0.048
59.840	-30.599	0.080
59.860	-30.841	0.107
59.880	-30.690	0.141
59.900	-30.089	0.162
59.920	-29.031	0.192
59.940	-27.570	0.208
59.960	-25.706	0.230
59.980	-23.466	0.242
60.000	-20.899	0.262
60.020	-18.025	0.265
60.040	-14.883	0.275
60.060	-11.559	0.267
60.080	-8.046	0.268
60.100	-4.404	0.257
60.120	-0.725	0.252
60.140	2.981	0.228
60.160	6.628	0.216
60.180	10.178	0.191
60.200	13.600	0.169
60.220	16.817	0.141
60.240	19.792	0.116
60.260	22.505	0.082
60.280	24.852	0.057
60.300	26.872	0.019
60.320	28.461	-0.008
60.340	29.681	-0.046
60.360	30.465	-0.073
60.380	30.830	-0.106
60.400	30.733	-0.135
60.420	30.196	-0.162
60.440	29.256	-0.185
60.460	27.892	-0.212
60.480	26.125	-0.224
60.500	23.998	-0.250
60.520	21.484	-0.253
60.540	18.681	-0.267
60.560	15.608	-0.268
60.580	12.311	-0.274
60.600	8.841	-0.268
60.620	5.264	-0.262
60.640	1.595	-0.251
60.660	-2.095	-0.237
60.680	-5.758	-0.217
60.700	-9.373	-0.199
60.720	-12.821	-0.171
60.740	-16.065	-0.150
60.760	-19.105	-0.119
60.780	-21.876	-0.092
60.800	-24.331	-0.058
60.820	-26.431	-0.029
60.840	-28.150	0.005
60.860	-29.460	0.034
60.880	-30.363	0.070
60.900	-30.792	0.098
60.920	-30.835	0.133
60.940	-30.433	0.152
60.960	-29.589	0.184
60.980	-28.290	0.205
61.000	-26.619	0.228
61.020	-24.557	0.241
61.040	-22.124	0.259
61.060	-19.395	0.267
61.080	-16.371	0.273
61.100	-13.143	0.274
61.120	-9.679	0.274
61.140	-6.107	0.265
61.160	-2.417	0.259
61.180	1.284	0.246
61.200	4.947	0.231
61.220	8.551	0.206
61.240	12.053	0.184
61.260	15.372	0.162
61.280	18.455	0.134
61.300	21.286	0.103
61.320	23.810	0.073
61.340	25.980	0.044
61.360	27.769	0.012
61.380	29.176	-0.019
61.400	30.169	-0.053
61.420	30.723	-0.084
61.440	30.830	-0.120
61.460	30.508	-0.142
61.480	29.740	-0.171
61.500	28.569	-0.192
61.520	26.958	-0.214
61.540	25.008	-0.230
61.560	22.661	-0.252
61.580	19.991	-0.255
61.600	17.037	-0.266
61.620	13.825	-0.262
61.640	10.431	-0.267
61.660	6.891	-0.255
61.680	3.255	-0.255
61.700	-0.430	-0.231
61.720	-4.120	-0.221
61.740	-7.761	-0.195
61.760	-11.285	-0.178
61.780	-14.615	-0.155
61.800	-17.784	-0.128
61.820	-20.695	-0.098
61.840	-23.284	-0.067
61.860	-25.529	-0.032
61.880	-27.468	-0.007
61.900	-28.972	0.028
61.920	-30.035	0.060
61.940	-30.690	0.090
61.960	-30.889	0.121
61.980	-30.701	0.154
62.000	-30.067	0.177
62.020	-28.982	0.202
62.040	-27.473	0.224
62.060	-25.572	0.244
62.080	-23.327	0.258
62.100	-20.711	0.275
62.120	-17.827	0.279
62.140	-14.663	0.285
62.160	-11.290	0.279
62.180	-7.777	0.279
62.200	-4.130	0.272
62.220	-0.435	0.263
62.240	3.266	0.240
62.260	6.913	0.230
62.280	10.452	0.200
62.300	13.857	0.184
62.320	17.064	0.151
62.340	20.013	0.126
62.360	22.714	0.091
62.380	25.029	0.069
62.400	27.006	0.031
62.420	28.574	0.005
62.440	29.750	-0.033
62.460	30.519	-0.061
62.480	30.825	-0.098
62.500	30.707	-0.118
62.520	30.137	-0.153
62.540	29.154	-0.172
62.560	27.726	-0.202
62.580	25.964	-0.212
62.600	23.772	-0.237
62.620	21.232	-0.239
62.640	18.417	-0.255
62.660	15.340	-0.255
62.680	11.999	-0.256
62.700	8.535	-0.255
62.720	4.941	-0.247
62.740	1.257	-0.235
62.760	-2.428	-0.223
62.780	-6.096	-0.200
62.800	-9.673	-0.186
62.820	-13.095	-0.156
62.840	-16.355	-0.135
62.860	-19.374	-0.106
62.880	-22.107	-0.078
62.900	-24.535	-0.045
62.920	-26.614	-0.017
62.940	-28.311	0.022
62.960	-29.584	0.045
62.980	-30.427	0.085
63.000	-30.809	0.109
63.020	-30.846	0.147
63.040	-30.379	0.167
63.060	-29.514	0.195
63.080	-28.187	0.213
63.100	-26.453	0.242
63.120	-24.363	0.253
63.140	-21.919	0.269
63.160	-19.126	0.274
63.180	-16.103	0.285
63.200	-12.848	0.276
63.220	-9.383	0.282
63.240	-5.790	0.275
63.260	-2.105	0.269
63.280	1.590	0.245
63.300	5.280	0.234
63.320	8.846	0.211
63.340	12.337	0.190
63.360	15.635	0.162
63.380	18.697	0.137
63.400	21.522	0.105
63.420	24.025	0.076
63.440	26.146	0.045
63.460	27.914	0.014
63.480	29.278	-0.018
63.500	30.223	-0.056
63.520	30.733	-0.085
63.540	30.825	-0.113
63.560	30.459	-0.144
63.580	29.659	-0.170
63.600	28.440	-0.194
63.620	26.812	-0.218
63.640	24.836	-0.230
63.660	22.457	-0.247
63.680	19.755	-0.251
63.700	16.785	-0.265
63.720	13.557	-0.258
63.740	10.146	-0.268
63.760	6.601	-0.249
63.780	2.959	-0.260
63.800	-0.720	-0.239
63.820	-4.415	-0.234
63.840	-8.051	-0.203
63.860	-11.542	-0.194
63.880	-14.867	-0.158
63.900	-18.015	-0.143
63.920	-20.899	-0.105
63.940	-23.450	-0.077
63.960	-25.679	-0.046
63.980	-27.554	-0.014
64.000	-29.036	0.020
64.020	-30.089	0.050
64.040	-30.680	0.085
64.060	-30.873	0.109
64.080	-30.604	0.154
64.100	-29.955	0.179
64.120	-28.832	0.215
64.140	-27.274	0.220
64.160	-25.341	0.258
64.180	-23.069	0.248
64.200	-20.432	0.284
64.220	-17.515	0.270
64.240	-14.352	0.294
64.260	-10.968	0.271
64.280	-7.428	0.288
64.300	-3.787	0.257
64.320	-0.097	0.271
64.340	3.599	0.229
64.360	7.229	0.233
64.380	10.769	0.191
64.400	14.158	0.188
64.420	17.327	0.142
64.440	20.265	0.127
64.460	22.918	0.089
64.480	25.207	0.058
64.500	27.146	0.035
64.520	28.698	-0.016
64.540	29.853	-0.023
64.560	30.556	-0.085
64.580	30.835	-0.089
64.600	30.680	-0.156
64.620	30.078	-0.146
64.640	29.052	-0.213
64.660	27.597	-0.201
64.680	25.787	-0.263
64.700	23.590	-0.251
64.720	21.022	-0.280
64.740	18.176	-0.282
64.760	15.066	-0.280
64.780	11.730	-0.301
64.800	8.239	-0.264
64.820	4.630	-0.303
64.840	0.967	-0.239
64.860	-2.723	-0.280
64.880	-6.381	-0.201
64.900	-9.953	-0.243
64.920	-13.374	-0.162
64.940	-16.597	-0.188
64.960	-19.594	-0.113
64.980	-22.301	-0.123
65.000	-24.691	-0.061
65.020	-26.737	-0.050
65.040	-28.413	-0.004
65.060	-29.643	0.026
65.080	-30.465	0.053
65.100	-30.819	0.092
65.120	-30.776	0.113
65.140	-30.298	0.166
65.160	-29.385	0.172
65.180	-28.042	0.212
65.200	-26.275	0.217
65.220	-24.159	0.252
65.240	-21.678	0.252
65.260	-18.874	0.271
65.280	-15.818	0.263
65.300	-12.552	0.279
65.320	-9.066	0.265
65.340	-5.462	0.270
65.360	-1.789	0.248
65.380	1.907	0.242
65.400	5.570	0.217
65.420	9.158	0.207
65.440	12.627	0.176
65.460	15.909	0.152
65.480	18.944	0.130
65.500	21.753	0.093
65.520	24.213	0.069
65.540	26.308	0.031
65.560	28.037	0.006
65.580	29.375	-0.036
65.600	30.282	-0.059
65.620	30.755	-0.095
65.640	30.803	-0.122
65.660	30.411	-0.154
65.680	29.573	-0.179
65.700	28.327	-0.201
65.720	26.673	-0.223
65.740	24.637	-0.238
65.760	22.226	-0.256
65.780	19.502	-0.265
65.800	16.516	-0.277
65.820	13.267	-0.272
65.840	9.851	-0.278
65.860	6.295	-0.266
65.880	2.637	-0.267
65.900	-1.042	-0.241
65.920	-4.721	-0.238
65.940	-8.352	-0.198
65.960	-11.849	-0.197
65.980	-15.152	-0.152
66.000	-18.267	-0.140
66.020	-21.146	-0.100
66.040	-23.665	-0.075
66.060	-25.862	-0.040
66.080	-27.720	-0.009
66.100	-29.149	0.015
66.120	-30.169	0.063
66.140	-30.733	0.076
66.160	-30.857	0.121
66.180	-30.604	0.138
66.200	-29.879	0.174
66.220	-28.741	0.188
66.240	-27.146	0.226
66.260	-25.185	0.233
66.280	-22.886	0.262
66.300	-20.217	0.266
66.320	-17.263	0.275
66.340	-14.115	0.277
66.360	-10.710	0.275
66.380	-7.160	0.271
66.400	-3.497	0.260
66.420	0.193	0.256
66.440	3.894	0.233
66.460	7.509	0.222
66.480	11.048	0.188
66.500	14.416	0.174
66.520	17.585	0.139
66.540	20.496	0.122
66.560	23.128	0.077
66.580	25.384	0.064
66.600	27.285	0.013
66.620	28.811	-0.003
66.640	29.922	-0.048
66.660	30.594	-0.072
66.680	30.830	-0.108
66.700	30.642	-0.136
66.720	30.014	-0.155
66.740	28.945	-0.193
66.760	27.468	-0.194
66.780	25.620	-0.235
66.800	23.370	-0.227
66.820	20.786	-0.267
66.840	17.907	-0.250
66.860	14.787	-0.301
66.880	11.419	-0.268
66.900	7.922	-0.293
66.920	4.313	-0.261
66.940	0.634	-0.268
66.960	-3.067	-0.235
66.980	-6.719	-0.226
67.000	-10.302	-0.202
67.020	-13.686	-0.177
67.040	-16.903	-0.153
67.060	-19.889	-0.120
67.080	-22.575	-0.098
67.100	-24.927	-0.052
67.120	-26.947	-0.031
67.140	-28.580	0.006
67.160	-29.783	0.033
67.180	-30.545	0.072
67.200	-30.852	0.097
67.220	-30.803	0.151
67.240	-30.298	0.169
67.260	-29.332	0.202
67.280	-27.946	0.217
67.300	-26.168	0.242
67.320	-23.987	0.256
67.340	-21.495	0.267
67.360	-18.659	0.280
67.380	-15.571	0.280
67.400	-12.294	0.287
67.420	-8.809	0.278
67.440	-5.183	0.279
67.460	-1.499	0.263
67.480	2.213	0.255
67.500	5.876	0.230
67.520	9.448	0.217
67.540	12.896	0.184
67.560	16.162	0.167
67.580	19.186	0.127
67.600	21.957	0.114
67.620	24.385	0.072
67.640	26.469	0.047
67.660	28.161	0.010
67.680	29.471	-0.018
67.700	30.341	-0.052
67.720	30.787	-0.083
67.740	30.782	-0.111
67.760	30.363	-0.143
67.780	29.471	-0.165
67.800	28.198	-0.193
67.820	26.506	-0.206
67.840	24.460	-0.231
67.860	22.016	-0.235
67.880	19.255	-0.252
67.900	16.264	-0.254
67.920	12.982	-0.270
67.940	9.555	-0.268
67.960	5.983	-0.264
67.980	2.326	-0.254
68.000	-1.354	-0.241
68.020	-5.038	-0.225
68.040	-8.664	-0.199
68.060	-12.139	-0.187
68.080	-15.437	-0.151
68.100	-18.525	-0.131
68.120	-21.366	-0.093
68.140	-23.869	-0.074
68.160	-26.044	-0.034
68.180	-27.860	-0.012
68.200	-29.256	0.028
68.220	-30.218	0.058
68.240	-30.755	0.095
68.260	-30.868	0.114
68.280	-30.556	0.151
68.300	-29.804	0.176
68.320	-28.617	0.215
68.340	-26.984	0.238
68.360	-24.986	0.253
68.380	-22.666	0.270
68.400	-19.975	0.281
68.420	-16.989	0.286
68.440	-13.814	0.291
68.460	-10.388	0.288
68.480	-6.832	0.281
68.500	-3.180	0.275
68.520	0.521	0.263
68.540	4.211	0.246
68.560	7.836	0.224
68.580	11.344	0.202
68.600	14.711	0.178
68.620	17.843	0.150
68.640	20.732	0.126
68.660	23.332	0.087
68.680	25.561	0.066
68.700	27.452	0.023
68.720	28.923	0.002
68.740	30.003	-0.041
68.760	30.637	-0.063
68.780	30.841	-0.101
68.800	30.610	-0.116
68.820	29.944	-0.160
68.840	28.832	-0.181
68.860	27.333	-0.222
68.880	25.443	-0.226
68.900	23.160	-0.255
68.920	20.555	-0.255
68.940	17.666	-0.271
68.960	14.518	-0.269
68.980	11.156	-0.275
69.000	7.632	-0.265
69.020	4.012	-0.264
69.040	0.349	-0.247
69.060	-3.341	-0.234
69.080	-6.993	-0.214
69.100	-10.565	-0.193
69.120	-13.938	-0.166
69.140	-17.145	-0.144
69.160	-20.083	-0.111
69.180	-22.736	-0.086
69.200	-25.067	-0.051
69.220	-27.060	-0.023
69.240	-28.660	0.016
69.260	-29.804	0.035
69.280	-30.545	0.074
69.300	-30.835	0.100
69.320	-30.750	0.137
69.340	-30.191	0.153
69.360	-29.192	0.187
69.380	-27.752	0.201
69.400	-25.932	0.242
69.420	-23.767	0.250
69.440	-21.243	0.269
69.460	-18.369	0.267
69.480	-15.275	0.284
69.500	-11.972	0.272
69.520	-8.470	0.278
69.540	-4.845	0.265
69.560	-1.171	0.261
69.580	2.524	0.238
69.600	6.198	0.226
69.620	9.749	0.205
69.640	13.197	0.180
69.660	16.446	0.154
69.680	19.438	0.126
69.700	22.199	0.099
69.720	24.583	0.064
69.740	26.635	0.033
69.760	28.295	-0.003
69.780	29.573	-0.029
69.800	30.395	-0.069
69.820	30.803	-0.090
69.840	30.766	-0.131
69.860	30.298	-0.150
69.880	29.385	-0.181
69.900	28.075	-0.202
69.920	26.345	-0.221
69.940	24.267	-0.242
69.960	21.791	-0.260
69.980	19.024	-0.287
70.000	15.990	-0.284
70.020	12.703	-0.294
70.040	9.260	-0.283
70.060	5.688	-0.284
70.080	2.036	-0.265
70.100	-1.660	-0.262
70.120	-5.333	-0.232
70.140	-8.937	-0.226
70.160	-12.418	-0.191
70.180	-15.684	-0.177
70.200	-18.777	-0.143
70.220	-21.560	-0.117
70.240	-24.036	-0.082
70.260	-26.200	-0.052
70.280	-27.962	-0.020
70.300	-29.342	0.010
70.320	-30.277	0.046
70.340	-30.739	0.074
70.360	-30.852	0.116
70.380	-30.476	0.151
70.400	-29.702	0.176
70.420	-28.472	0.200
70.440	-26.823	0.219
70.460	-24.793	0.238
70.480	-22.408	0.254
70.500	-19.728	0.267
70.520	-16.726	0.271
70.540	-13.503	0.274
70.560	-10.087	0.272
70.580	-6.521	0.265
70.600	-2.863	0.259
70.620	0.838	0.243
70.640	4.522	0.230
70.660	8.137	0.209
70.680	11.650	0.187
70.700	14.975	0.157
70.720	18.095	0.134
70.740	20.969	0.102
70.760	23.531	0.073
70.780	25.738	0.043
70.800	27.581	0.015
70.820	29.031	-0.019
70.840	30.067	-0.054
70.860	30.674	-0.081
70.880	30.825	-0.117
70.900	30.567	-0.139
70.920	29.869	-0.171
70.940	28.730	-0.191
70.960	27.172	-0.217
70.980	25.266	-0.226
71.000	22.956	-0.251
71.020	20.330	-0.251
71.040	17.408	-0.273
71.060	14.228	-0.260
71.080	10.839	-0.275
71.100	7.326	-0.255
71.120	3.711	-0.257
71.140	0.016	-0.238
71.160	-3.674	-0.232
71.180	-7.315	-0.204
71.200	-10.839	-0.189
71.220	-14.228	-0.160
71.240	-17.402	-0.135
71.260	-20.351	-0.104
71.280	-22.978	-0.077
71.300	-25.266	-0.042
71.320	-27.231	-0.015
71.340	-28.800	0.017
71.360	-29.906	0.052
71.380	-30.626	0.080
71.400	-30.846	0.110
71.420	-30.712	0.142
71.440	-30.137	0.167
71.460	-29.122	0.195
71.480	-27.650	0.213
71.500	-25.813	0.237
71.520	-23.590	0.246
71.540	-21.039	0.273
71.560	-18.160	0.271
71.580	-15.044	0.283
71.600	-11.709	0.274
71.620	-8.196	0.275
71.640	-4.565	0.263
71.660	-0.865	0.261
71.680	2.809	0.237
71.700	6.472	0.228
71.720	10.044	0.200
71.740	13.460	0.181
71.760	16.683	0.148
71.780	19.664	0.127
71.800	22.403	0.093
71.820	24.771	0.063
71.840	26.796	0.030
71.860	28.408	0.001
71.880	29.654	-0.032
71.900	30.443	-0.056
71.920	30.825	-0.094
71.940	30.744	-0.123
71.960	30.250	-0.152
71.980	29.294	-0.176
72.000	27.940	-0.197
72.020	26.195	-0.218
72.040	24.062	-0.233
72.060	21.554	-0.247
72.080	18.767	-0.252
72.100	15.710	-0.262
72.120	12.407	-0.260
72.140	8.948	-0.258
72.160	5.355	-0.251
72.180	1.697	-0.242
72.200	-2.020	-0.226
72.220	-5.667	-0.207
72.240	-9.271	-0.189
72.260	-12.724	-0.168
72.280	-15.984	-0.139
72.300	-19.051	-0.109
