0.000	29.721	0.039
0.020	28.518	0.009
0.040	26.885	-0.024
0.060	24.892	-0.045
0.080	22.502	-0.082
0.100	19.790	-0.106
0.120	16.798	-0.138
0.140	13.549	-0.160
0.160	10.116	-0.182
0.180	6.561	-0.204
0.200	2.865	-0.216
0.220	-0.830	-0.237
0.240	-4.552	-0.241
0.260	-8.199	-0.257
0.280	-11.728	-0.248
0.300	-15.074	-0.261
0.320	-18.205	-0.247
0.340	-21.090	-0.246
0.360	-23.652	-0.230
0.380	-25.848	-0.220
0.400	-27.707	-0.204
0.420	-29.146	-0.184
0.440	-30.167	-0.159
0.460	-30.688	-0.134
0.480	-30.817	-0.113
0.500	-30.516	-0.081
0.520	-29.769	-0.057
0.540	-28.582	-0.021
0.560	-26.960	0.005
0.580	-24.946	0.040
0.600	-22.577	0.069
0.620	-19.870	0.101
0.640	-16.868	0.125
0.660	-13.640	0.154
0.680	-10.192	0.170
0.700	-6.604	0.200
0.720	-2.903	0.211
0.740	0.819	0.232
0.760	4.525	0.237
0.780	8.167	0.249
0.800	11.690	0.252
0.820	15.063	0.253
0.840	18.195	0.248
0.860	21.084	0.241
0.880	23.641	0.228
0.900	25.848	0.216
0.920	27.701	0.197
0.940	29.130	0.179
0.960	30.135	0.156
0.980	30.715	0.131
1.000	30.844	0.106
1.020	30.532	0.077
1.040	29.753	0.050
1.060	28.577	0.013
1.080	26.955	-0.008
1.100	25.005	-0.044
1.120	22.610	-0.071
1.140	19.929	-0.105
1.160	16.959	-0.124
1.180	13.720	-0.152
1.200	10.283	-0.171
1.220	6.722	-0.200
1.240	3.048	-0.211
1.260	-0.679	-0.226
1.280	-4.385	-0.235
1.300	-8.054	-0.241
1.320	-11.577	-0.248
1.340	-14.929	-0.242
1.360	-18.076	-0.250
1.380	-20.971	-0.229
1.400	-23.544	-0.229
1.420	-25.779	-0.205
1.440	-27.637	-0.199
1.460	-29.093	-0.174
1.480	-30.118	-0.154
1.500	-30.677	-0.130
1.520	-30.833	-0.105
1.540	-30.559	-0.072
1.560	-29.823	-0.047
1.580	-28.652	-0.015
1.600	-27.046	0.016
1.620	-25.053	0.044
1.640	-22.696	0.076
1.660	-19.999	0.102
1.680	-17.018	0.135
1.700	-13.790	0.156
1.720	-10.364	0.179
1.740	-6.765	0.202
1.760	-3.080	0.221
1.780	0.663	0.237
1.800	4.364	0.247
1.820	7.979	0.253
1.840	11.551	0.256
1.860	14.913	0.257
1.880	18.060	0.252
1.900	20.950	0.248
1.920	23.539	0.237
1.940	25.757	0.228
1.960	27.610	0.205
1.980	29.071	0.185
2.000	30.102	0.163
2.020	30.693	0.141
2.040	30.849	0.109
2.060	30.553	0.084
2.080	29.812	0.055
2.100	28.652	0.024
2.120	27.068	-0.008
2.140	25.107	-0.035
2.160	22.739	-0.066
2.180	20.048	-0.094
2.200	17.104	-0.125
2.220	13.876	-0.146
2.240	10.444	-0.170
2.260	6.883	-0.190
2.280	3.215	-0.211
2.300	-0.491	-0.220
2.320	-4.187	-0.235
2.340	-7.861	-0.237
2.360	-11.406	-0.245
2.380	-14.752	-0.243
2.400	-17.926	-0.250
2.420	-20.826	-0.234
2.440	-23.410	-0.230
2.460	-25.660	-0.207
2.480	-27.551	-0.199
2.500	-29.028	-0.174
2.520	-30.059	-0.157
2.540	-30.645	-0.133
2.560	-30.827	-0.104
2.580	-30.559	-0.075
2.600	-29.855	-0.053
2.620	-28.706	-0.017
2.640	-27.100	0.010
2.660	-25.123	0.042
2.680	-22.798	0.068
2.700	-20.134	0.099
2.720	-17.153	0.127
2.740	-13.941	0.154
2.760	-10.519	0.173
2.780	-6.937	0.198
2.800	-3.258	0.212
2.820	0.475	0.232
2.840	4.187	0.239
2.860	7.828	0.248
2.880	11.389	0.249
2.900	14.757	0.254
2.920	17.910	0.246
2.940	20.821	0.243
2.960	23.426	0.231
2.980	25.660	0.216
3.000	27.535	0.199
3.020	29.012	0.178
3.040	30.065	0.156
3.060	30.672	0.135
3.080	30.844	0.105
3.100	30.586	0.077
3.120	29.866	0.048
3.140	28.711	0.017
3.160	27.148	-0.015
3.180	25.204	-0.042
3.200	22.857	-0.076
3.220	20.193	-0.097
3.240	17.255	-0.134
3.260	14.043	-0.150
3.280	10.632	-0.182
3.300	7.060	-0.192
3.320	3.413	-0.225
3.340	-0.309	-0.222
3.360	-4.015	-0.246
3.380	-7.678	-0.245
3.400	-11.218	-0.256
3.420	-14.596	-0.250
3.440	-17.776	-0.256
3.460	-20.698	-0.245
3.480	-23.281	-0.239
3.500	-25.548	-0.221
3.520	-27.460	-0.205
3.540	-28.964	-0.187
3.560	-30.011	-0.162
3.580	-30.629	-0.141
3.600	-30.833	-0.116
3.620	-30.575	-0.088
3.640	-29.887	-0.061
3.660	-28.776	-0.030
3.680	-27.191	-0.007
3.700	-25.236	0.033
3.720	-22.916	0.056
3.740	-20.268	0.092
3.760	-17.292	0.115
3.780	-14.096	0.148
3.800	-10.680	0.160
3.820	-7.098	0.189
3.840	-3.424	0.203
3.860	0.293	0.223
3.880	4.010	0.227
3.900	7.656	0.242
3.920	11.212	0.239
3.940	14.601	0.247
3.960	17.765	0.237
3.980	20.681	0.238
4.000	23.308	0.223
4.020	25.564	0.215
4.040	27.460	0.189
4.060	28.937	0.178
4.080	30.022	0.148
4.100	30.645	0.129
4.120	30.844	0.098
4.140	30.602	0.078
4.160	29.887	0.041
4.180	28.776	0.015
4.200	27.218	-0.019
4.220	25.306	-0.039
4.240	22.980	-0.080
4.260	20.338	-0.100
4.280	17.389	-0.139
4.300	14.188	-0.151
4.320	10.782	-0.186
4.340	7.232	-0.191
4.360	3.574	-0.225
4.380	-0.148	-0.225
4.400	-3.865	-0.250
4.420	-7.528	-0.247
4.440	-11.083	-0.260
4.460	-14.462	-0.256
4.480	-17.652	-0.254
4.500	-20.585	-0.243
4.520	-23.195	-0.240
4.540	-25.478	-0.226
4.560	-27.390	-0.209
4.580	-28.915	-0.189
4.600	-30.000	-0.167
4.620	-30.634	-0.142
4.640	-30.822	-0.117
4.660	-30.618	-0.085
4.680	-29.979	-0.064
4.700	-28.845	-0.028
4.720	-27.304	-0.005
4.740	-25.376	0.036
4.760	-23.066	0.060
4.780	-20.418	0.094
4.800	-17.464	0.115
4.820	-14.284	0.148
4.840	-10.874	0.166
4.860	-7.313	0.191
4.880	-3.623	0.206
4.900	0.105	0.227
4.920	3.811	0.234
4.940	7.463	0.249
4.960	11.035	0.247
4.980	14.429	0.255
5.000	17.598	0.243
5.020	20.542	0.243
5.040	23.184	0.227
5.060	25.462	0.218
5.080	27.379	0.198
5.100	28.883	0.185
5.120	29.979	0.156
5.140	30.629	0.135
5.160	30.838	0.105
5.180	30.623	0.085
5.200	29.947	0.050
5.220	28.835	0.024
5.240	27.288	-0.012
5.260	25.403	-0.032
5.280	23.104	-0.071
5.300	20.456	-0.093
5.320	17.534	-0.126
5.340	14.333	-0.145
5.360	10.922	-0.177
5.380	7.388	-0.190
5.400	3.730	-0.216
5.420	0.019	-0.222
5.440	-3.693	-0.240
5.460	-7.377	-0.239
5.480	-10.954	-0.250
5.500	-14.349	-0.249
5.520	-17.539	-0.247
5.540	-20.467	-0.242
5.560	-23.115	-0.233
5.580	-25.408	-0.218
5.600	-27.342	-0.200
5.620	-28.894	-0.182
5.640	-29.979	-0.161
5.660	-30.661	-0.135
5.680	-30.865	-0.115
5.700	-30.672	-0.086
5.720	-30.049	-0.062
5.740	-28.948	-0.024
5.760	-27.417	0.005
5.780	-25.478	0.042
5.800	-23.206	0.063
5.820	-20.585	0.100
5.840	-17.625	0.123
5.860	-14.462	0.156
5.880	-11.056	0.175
5.900	-7.506	0.196
5.920	-3.827	0.214
5.940	-0.083	0.234
5.960	3.634	0.244
5.980	7.297	0.252
6.000	10.863	0.254
6.020	14.274	0.256
6.040	17.469	0.253
6.060	20.413	0.248
6.080	23.093	0.236
6.100	25.365	0.227
6.120	27.282	0.211
6.140	28.819	0.189
6.160	29.947	0.165
6.180	30.613	0.144
6.200	30.849	0.116
6.220	30.650	0.090
6.240	30.000	0.063
6.260	28.894	0.030
6.280	27.406	0.000
6.300	25.494	-0.026
6.320	23.222	-0.059
6.340	20.590	-0.084
6.360	17.674	-0.120
6.380	14.499	-0.138
6.400	11.094	-0.163
6.420	7.571	-0.181
6.440	3.918	-0.208
6.460	0.207	-0.214
6.480	-3.510	-0.234
6.500	-7.189	-0.233
6.520	-10.761	-0.242
6.540	-14.150	-0.244
6.560	-17.367	-0.242
6.580	-20.311	-0.233
6.600	-22.969	-0.229
6.620	-25.268	-0.210
6.640	-27.218	-0.199
6.660	-28.808	-0.177
6.680	-29.904	-0.159
6.700	-30.596	-0.131
6.720	-30.854	-0.111
6.740	-30.661	-0.076
6.760	-30.032	-0.053
6.780	-28.958	-0.023
6.800	-27.460	0.004
6.820	-25.548	0.039
6.840	-23.302	0.068
6.860	-20.687	0.098
6.880	-17.743	0.123
6.900	-14.574	0.153
6.920	-11.185	0.168
6.940	-7.630	0.198
6.960	-3.972	0.215
6.980	-0.250	0.232
7.000	3.478	0.239
7.020	7.141	0.244
7.040	10.707	0.248
7.060	14.129	0.252
7.080	17.330	0.247
7.100	20.284	0.243
7.120	22.980	0.233
7.140	25.247	0.227
7.160	27.213	0.204
7.180	28.754	0.186
7.200	29.887	0.164
7.220	30.591	0.142
7.240	30.849	0.112
7.260	30.672	0.088
7.280	30.022	0.055
7.300	28.964	0.028
7.320	27.476	-0.002
7.340	25.612	-0.032
7.360	23.345	-0.064
7.380	20.730	-0.091
7.400	17.829	-0.123
7.420	14.666	-0.149
7.440	11.293	-0.167
7.460	7.753	-0.192
7.480	4.106	-0.212
7.500	0.400	-0.221
7.520	-3.317	-0.238
7.540	-6.990	-0.242
7.560	-10.573	-0.250
7.580	-13.978	-0.243
7.600	-17.190	-0.252
7.620	-20.160	-0.238
7.640	-22.830	-0.236
7.660	-25.139	-0.216
7.680	-27.137	-0.209
7.700	-28.706	-0.184
7.720	-29.844	-0.170
7.740	-30.564	-0.141
7.760	-30.833	-0.121
7.780	-30.677	-0.086
7.800	-30.070	-0.066
7.820	-29.012	-0.033
7.840	-27.524	-0.005
7.860	-25.634	0.028
7.880	-23.399	0.057
7.900	-20.794	0.087
7.920	-17.894	0.113
7.940	-14.736	0.141
7.960	-11.352	0.162
7.980	-7.802	0.186
8.000	-4.128	0.201
8.020	-0.416	0.220
8.040	3.306	0.231
8.060	6.980	0.239
8.080	10.541	0.243
8.100	13.968	0.243
8.120	17.185	0.243
8.140	20.144	0.239
8.160	22.851	0.227
8.180	25.161	0.215
8.200	27.132	0.194
8.220	28.690	0.179
8.240	29.850	0.156
8.260	30.570	0.129
8.280	30.844	0.103
8.300	30.693	0.076
8.320	30.070	0.050
8.340	29.028	0.017
8.360	27.540	-0.011
8.380	25.709	-0.040
8.400	23.469	-0.072
8.420	20.875	-0.099
8.440	17.974	-0.126
8.460	14.827	-0.158
8.480	11.454	-0.175
8.500	7.930	-0.200
8.520	4.278	-0.213
8.540	0.577	-0.234
8.560	-3.150	-0.241
8.580	-6.824	-0.247
8.600	-10.412	-0.256
8.620	-13.817	-0.257
8.640	-17.040	-0.260
8.660	-20.026	-0.247
8.680	-22.701	-0.244
8.700	-25.048	-0.225
8.720	-27.046	-0.217
8.740	-28.625	-0.192
8.760	-29.802	-0.175
8.780	-30.543	-0.146
8.800	-30.811	-0.126
8.820	-30.682	-0.094
8.840	-30.102	-0.072
8.860	-29.082	-0.035
8.880	-27.610	-0.010
8.900	-25.736	0.023
8.920	-23.517	0.052
8.940	-20.939	0.085
8.960	-18.028	0.109
8.980	-14.891	0.139
9.000	-11.524	0.158
9.020	-7.973	0.184
9.040	-4.316	0.201
9.060	-0.604	0.218
9.080	3.123	0.231
9.100	6.792	0.240
9.120	10.369	0.245
9.140	13.806	0.245
9.160	17.045	0.245
9.180	20.015	0.237
9.200	22.728	0.231
9.220	25.059	0.218
9.240	27.030	0.202
9.260	28.625	0.181
9.280	29.818	0.161
9.300	30.543	0.136
9.320	30.838	0.111
9.340	30.698	0.082
9.360	30.102	0.057
9.380	29.087	0.024
9.400	27.637	-0.006
9.420	25.800	-0.030
9.440	23.571	-0.065
9.460	20.982	-0.095
9.480	18.109	-0.122
9.500	14.967	-0.147
9.520	11.620	-0.171
9.540	8.086	-0.188
9.560	4.445	-0.218
9.580	0.744	-0.222
9.600	-2.994	-0.240
9.620	-6.657	-0.239
9.640	-10.267	-0.258
9.660	-13.672	-0.242
9.680	-16.922	-0.256
9.700	-19.924	-0.237
9.720	-22.599	-0.236
9.740	-24.978	-0.221
9.760	-27.014	-0.212
9.780	-28.631	-0.187
9.800	-29.807	-0.168
9.820	-30.564	-0.142
9.840	-30.827	-0.119
9.860	-30.747	-0.089
9.880	-30.177	-0.068
9.900	-29.189	-0.039
9.920	-27.718	-0.005
9.940	-25.891	0.028
9.960	-23.668	0.059
9.980	-21.090	0.090
10.000	-18.205	0.116
10.020	-15.074	0.144
10.040	-11.733	0.167
10.060	-8.188	0.190
10.080	-4.509	0.209
10.100	-0.798	0.227
10.120	2.925	0.235
10.140	6.609	0.248
10.160	10.181	0.254
10.180	13.645	0.255
10.200	16.868	0.256
10.220	19.865	0.247
10.240	22.604	0.235
10.260	24.951	0.227
10.280	26.949	0.211
10.300	28.561	0.194
10.320	29.759	0.169
10.340	30.516	0.149
10.360	30.854	0.119
10.380	30.720	0.094
10.400	30.151	0.066
10.420	29.157	0.036
10.440	27.718	0.005
10.460	25.897	-0.025
10.480	23.678	-0.056
10.500	21.106	-0.085
10.520	18.248	-0.111
10.540	15.133	-0.135
10.560	11.760	-0.160
10.580	8.253	-0.182
10.600	4.611	-0.200
10.620	0.910	-0.216
10.640	-2.796	-0.229
10.660	-6.480	-0.237
10.680	-10.100	-0.242
10.700	-13.522	-0.244
10.720	-16.766	-0.241
10.740	-19.774	-0.233
10.760	-22.491	-0.228
10.780	-24.882	-0.211
10.800	-26.906	-0.202
10.820	-28.555	-0.178
10.840	-29.737	-0.160
10.860	-30.521	-0.135
10.880	-30.838	-0.115
10.900	-30.747	-0.084
10.920	-30.220	-0.060
10.940	-29.221	-0.025
10.960	-27.793	0.001
10.980	-25.967	0.038
11.000	-23.775	0.058
11.020	-21.208	0.096
11.040	-18.350	0.119
11.060	-15.208	0.149
11.080	-11.884	0.171
11.100	-8.323	0.190
11.120	-4.681	0.214
11.140	-0.964	0.230
11.160	2.785	0.239
11.180	6.448	0.246
11.200	10.020	0.256
11.220	13.495	0.251
11.240	16.739	0.254
11.260	19.736	0.242
11.280	22.481	0.242
11.300	24.844	0.227
11.320	26.864	0.214
11.340	28.486	0.194
11.360	29.726	0.173
11.380	30.484	0.146
11.400	30.827	0.123
11.420	30.736	0.090
11.440	30.199	0.068
11.460	29.200	0.033
11.480	27.787	0.001
11.500	25.988	-0.023
11.520	23.807	-0.056
11.540	21.240	-0.080
11.560	18.404	-0.115
11.580	15.283	-0.138
11.600	11.937	-0.160
11.620	8.435	-0.180
11.640	4.810	-0.204
11.660	1.104	-0.214
11.680	-2.602	-0.234
11.700	-6.292	-0.238
11.720	-9.907	-0.242
11.740	-13.344	-0.244
11.760	-16.594	-0.246
11.780	-19.629	-0.240
11.800	-22.336	-0.231
11.820	-24.747	-0.217
11.840	-26.788	-0.204
11.860	-28.459	-0.189
11.880	-29.667	-0.167
11.900	-30.462	-0.145
11.920	-30.806	-0.118
11.940	-30.731	-0.092
11.960	-30.215	-0.064
11.980	-29.254	-0.035
12.000	-27.841	-0.008
12.020	-26.026	0.025
12.040	-23.861	0.053
12.060	-21.310	0.087
12.080	-18.469	0.112
12.100	-15.337	0.141
12.120	-12.018	0.159
12.140	-8.484	0.186
12.160	-4.853	0.201
12.180	-1.131	0.218
12.200	2.581	0.232
12.220	6.287	0.239
12.240	9.864	0.243
12.260	13.344	0.249
12.280	16.578	0.243
12.300	19.607	0.239
12.320	22.352	0.230
12.340	24.742	0.219
12.360	26.783	0.202
12.380	28.421	0.181
12.400	29.667	0.162
12.420	30.468	0.140
12.440	30.827	0.114
12.460	30.747	0.085
12.480	30.215	0.057
12.500	29.259	0.025
12.520	27.852	-0.002
12.540	26.095	-0.036
12.560	23.920	-0.060
12.580	21.364	-0.093
12.600	18.549	-0.121
12.620	15.445	-0.150
12.640	12.093	-0.171
12.660	8.607	-0.193
12.680	4.992	-0.214
12.700	1.281	-0.225
12.720	-2.425	-0.238
12.740	-6.115	-0.246
12.760	-9.724	-0.252
12.780	-13.178	-0.255
12.800	-16.427	-0.253
12.820	-19.462	-0.250
12.840	-22.212	-0.241
12.860	-24.613	-0.230
12.880	-26.676	-0.213
12.900	-28.367	-0.196
12.920	-29.614	-0.178
12.940	-30.451	-0.151
12.960	-30.806	-0.130
12.980	-30.736	-0.098
13.000	-30.253	-0.076
13.020	-29.307	-0.043
13.040	-27.927	-0.014
13.060	-26.133	0.016
13.080	-23.958	0.048
13.100	-21.455	0.077
13.120	-18.592	0.106
13.140	-15.514	0.132
13.160	-12.179	0.156
13.180	-8.666	0.174
13.200	-5.030	0.199
13.220	-1.319	0.214
13.240	2.414	0.228
13.260	6.099	0.236
13.280	9.692	0.242
13.300	13.167	0.240
13.320	16.433	0.243
13.340	19.462	0.235
13.360	22.223	0.230
13.380	24.629	0.216
13.400	26.686	0.202
13.420	28.351	0.180
13.440	29.608	0.165
13.460	30.441	0.134
13.480	30.811	0.118
13.500	30.752	0.087
13.520	30.263	0.061
13.540	29.307	0.028
13.560	27.932	-0.004
13.580	26.171	-0.029
13.600	24.028	-0.060
13.620	21.492	-0.091
13.640	18.683	-0.117
13.660	15.590	-0.144
13.680	12.260	-0.168
13.700	8.763	-0.188
13.720	5.154	-0.211
13.740	1.458	-0.223
13.760	-2.269	-0.238
13.780	-5.970	-0.246
13.800	-9.579	-0.246
13.820	-13.033	-0.256
13.840	-16.293	-0.246
13.860	-19.360	-0.249
13.880	-22.126	-0.234
13.900	-24.549	-0.229
13.920	-26.633	-0.212
13.940	-28.335	-0.194
13.960	-29.603	-0.175
13.980	-30.441	-0.148
14.000	-30.806	-0.127
14.020	-30.784	-0.097
14.040	-30.301	-0.071
14.060	-29.393	-0.045
14.080	-28.024	-0.010
14.100	-26.257	0.022
14.120	-24.108	0.048
14.140	-21.611	0.082
14.160	-18.780	0.110
14.180	-15.686	0.135
14.200	-12.378	0.158
14.220	-8.876	0.181
14.240	-5.223	0.202
14.260	-1.507	0.216
14.280	2.221	0.232
14.300	5.916	0.240
14.320	9.504	0.249
14.340	12.995	0.251
14.360	16.272	0.251
14.380	19.312	0.242
14.400	22.089	0.235
14.420	24.516	0.220
14.440	26.600	0.214
14.460	28.281	0.189
14.480	29.565	0.174
14.500	30.398	0.141
14.520	30.811	0.124
14.540	30.768	0.094
14.560	30.274	0.066
14.580	29.361	0.036
14.600	28.013	0.007
14.620	26.262	-0.024
14.640	24.135	-0.052
14.660	21.627	-0.084
14.680	18.823	-0.109
14.700	15.735	-0.137
14.720	12.405	-0.159
14.740	8.929	-0.181
14.760	5.309	-0.200
14.780	1.609	-0.216
14.800	-2.103	-0.227
14.820	-5.814	-0.235
14.840	-9.434	-0.240
14.860	-12.904	-0.243
14.880	-16.186	-0.243
14.900	-19.242	-0.238
14.920	-22.008	-0.226
14.940	-24.468	-0.218
14.960	-26.573	-0.202
14.980	-28.276	-0.187
15.000	-29.565	-0.169
15.020	-30.425	-0.143
15.040	-30.795	-0.120
15.060	-30.801	-0.090
15.080	-30.365	-0.065
15.100	-29.442	-0.035
15.120	-28.120	-0.004
15.140	-26.364	0.028
15.160	-24.232	0.059
15.180	-21.745	0.089
15.200	-18.920	0.115
15.220	-15.847	0.144
15.240	-12.550	0.167
15.260	-9.037	0.185
15.280	-5.395	0.211
15.300	-1.700	0.223
15.320	2.044	0.239
15.340	5.739	0.245
15.360	9.332	0.255
15.380	12.840	0.253
15.400	16.116	0.254
15.420	19.167	0.248
15.440	21.960	0.243
15.460	24.420	0.231
15.480	26.509	0.219
15.500	28.206	0.195
15.520	29.511	0.179
15.540	30.371	0.152
15.560	30.795	0.134
15.580	30.774	0.096
15.600	30.317	0.077
15.620	29.420	0.039
15.640	28.088	0.011
15.660	26.353	-0.016
15.680	24.248	-0.046
15.700	21.761	-0.076
15.720	18.963	-0.104
15.740	15.901	-0.131
15.760	12.587	-0.154
15.780	9.107	-0.179
15.800	5.497	-0.197
15.820	1.797	-0.217
15.840	-1.920	-0.225
15.860	-5.615	-0.241
15.880	-9.241	-0.242
15.900	-12.711	-0.245
15.920	-16.003	-0.240
15.940	-19.075	-0.242
15.960	-21.847	-0.226
15.980	-24.323	-0.223
16.000	-26.434	-0.200
16.020	-28.163	-0.188
16.040	-29.474	-0.171
16.060	-30.371	-0.146
16.080	-30.790	-0.124
16.100	-30.817	-0.092
16.120	-30.344	-0.067
16.140	-29.490	-0.040
16.160	-28.158	-0.011
16.180	-26.407	0.021
16.200	-24.307	0.052
16.220	-21.847	0.082
16.240	-19.038	0.106
16.260	-15.960	0.135
16.280	-12.689	0.159
16.300	-9.182	0.181
16.320	-5.551	0.201
16.340	-1.856	0.220
16.360	1.877	0.236
16.380	5.578	0.239
16.400	9.177	0.245
16.420	12.695	0.246
16.440	15.982	0.249
16.460	19.038	0.240
16.480	21.852	0.239
16.500	24.307	0.221
16.520	26.412	0.211
16.540	28.126	0.186
16.560	29.452	0.173
16.580	30.344	0.144
16.600	30.784	0.125
16.620	30.779	0.090
16.640	30.360	0.071
16.660	29.463	0.035
16.680	28.163	0.006
16.700	26.450	-0.024
16.720	24.366	-0.055
16.740	21.879	-0.084
16.760	19.097	-0.110
16.780	16.057	-0.140
16.800	12.738	-0.159
16.820	9.273	-0.185
16.840	5.680	-0.203
16.860	1.990	-0.224
16.880	-1.727	-0.234
16.900	-5.427	-0.246
16.920	-9.053	-0.248
16.940	-12.550	-0.252
16.960	-15.826	-0.250
16.980	-18.920	-0.249
17.000	-21.729	-0.240
17.020	-24.205	-0.229
17.040	-26.326	-0.215
17.060	-28.083	-0.200
17.080	-29.420	-0.177
17.100	-30.317	-0.157
17.120	-30.747	-0.136
17.140	-30.806	-0.105
17.160	-30.365	-0.078
17.180	-29.517	-0.051
17.200	-28.222	-0.021
17.220	-26.504	0.011
17.240	-24.404	0.044
17.260	-21.954	0.069
17.280	-19.177	0.101
17.300	-16.111	0.124
17.320	-12.829	0.153
17.340	-9.343	0.171
17.360	-5.723	0.195
17.380	-2.028	0.206
17.400	1.705	0.223
17.420	5.395	0.233
17.440	9.010	0.243
17.460	12.512	0.240
17.480	15.826	0.241
17.500	18.904	0.238
17.520	21.723	0.232
17.540	24.205	0.214
17.560	26.321	0.206
17.580	28.056	0.183
17.600	29.404	0.169
17.620	30.312	0.142
17.640	30.784	0.120
17.660	30.801	0.087
17.680	30.371	0.066
17.700	29.517	0.028
17.720	28.244	0.003
17.740	26.536	-0.030
17.760	24.463	-0.054
17.780	22.013	-0.088
17.800	19.237	-0.113
17.820	16.202	-0.144
17.840	12.909	-0.159
17.860	9.461	-0.191
17.880	5.857	-0.204
17.900	2.167	-0.226
17.920	-1.555	-0.233
17.940	-5.250	-0.249
17.960	-8.908	-0.247
17.980	-12.394	-0.257
18.000	-15.686	-0.252
18.020	-18.785	-0.250
18.040	-21.589	-0.243
18.060	-24.092	-0.234
18.080	-26.240	-0.216
18.100	-28.002	-0.203
18.120	-29.372	-0.178
18.140	-30.290	-0.154
18.160	-30.752	-0.134
18.180	-30.811	-0.107
18.200	-30.408	-0.077
18.220	-29.587	-0.051
18.240	-28.314	-0.020
18.260	-26.611	0.011
18.280	-24.532	0.043
18.300	-22.099	0.070
18.320	-19.312	0.099
18.340	-16.272	0.126
18.360	-13.011	0.153
18.380	-9.531	0.174
18.400	-5.911	0.198
18.420	-2.205	0.210
18.440	1.512	0.229
18.460	5.213	0.234
18.480	8.827	0.247
18.500	12.340	0.244
18.520	15.676	0.252
18.540	18.748	0.237
18.560	21.584	0.240
18.580	24.087	0.220
18.600	26.235	0.212
18.620	27.981	0.188
18.640	29.350	0.177
18.660	30.280	0.143
18.680	30.763	0.130
18.700	30.795	0.094
18.720	30.414	0.075
18.740	29.571	0.036
18.760	28.308	0.014
18.780	26.622	-0.025
18.800	24.575	-0.041
18.820	22.137	-0.081
18.840	19.382	-0.101
18.860	16.352	-0.139
18.880	13.049	-0.155
18.900	9.595	-0.183
18.920	5.997	-0.196
18.940	2.307	-0.217
18.960	-1.388	-0.227
18.980	-5.100	-0.238
19.000	-8.741	-0.243
19.020	-12.249	-0.247
19.040	-15.563	-0.250
19.060	-18.678	-0.241
19.080	-21.509	-0.237
19.100	-24.028	-0.222
19.120	-26.198	-0.210
19.140	-27.986	-0.192
19.160	-29.356	-0.171
19.180	-30.290	-0.151
19.200	-30.752	-0.122
19.220	-30.833	-0.101
19.240	-30.484	-0.069
19.260	-29.689	-0.045
19.280	-28.405	-0.010
19.300	-26.745	0.019
19.320	-24.667	0.050
19.340	-22.260	0.077
19.360	-19.478	0.111
19.380	-16.454	0.134
19.400	-13.194	0.164
19.420	-9.714	0.181
19.440	-6.104	0.208
19.460	-2.398	0.220
19.480	1.324	0.238
19.500	5.041	0.247
19.520	8.661	0.255
19.540	12.184	0.256
19.560	15.509	0.257
19.580	18.608	0.247
19.600	21.476	0.243
19.620	23.985	0.230
19.640	26.133	0.223
19.660	27.900	0.198
19.680	29.286	0.180
19.700	30.242	0.156
19.720	30.747	0.138
19.740	30.817	0.102
19.760	30.446	0.082
19.780	29.608	0.048
19.800	28.373	0.022
19.820	26.708	-0.011
19.840	24.683	-0.035
19.860	22.255	-0.074
19.880	19.510	-0.093
19.900	16.497	-0.131
19.920	13.226	-0.146
19.940	9.767	-0.175
19.960	6.190	-0.186
19.980	2.500	-0.210
20.000	-1.206	-0.217
20.020	-4.923	-0.234
20.040	-8.564	-0.238
20.060	-12.066	-0.244
20.080	-15.402	-0.241
20.100	-18.528	-0.239
20.120	-21.364	-0.230
20.140	-23.893	-0.219
20.160	-26.074	-0.204
20.180	-27.879	-0.187
20.200	-29.275	-0.171
20.220	-30.226	-0.146
20.240	-30.720	-0.125
20.260	-30.844	-0.098
20.280	-30.484	-0.067
20.300	-29.694	-0.042
20.320	-28.448	-0.012
20.340	-26.794	0.017
20.360	-24.747	0.050
20.380	-22.352	0.077
20.400	-19.591	0.108
20.420	-16.578	0.135
20.440	-13.328	0.160
20.460	-9.853	0.177
20.480	-6.271	0.203
20.500	-2.565	0.216
20.520	1.152	0.235
20.540	4.874	0.239
20.560	8.494	0.247
20.580	12.023	0.247
20.600	15.364	0.252
20.620	18.479	0.242
20.640	21.337	0.243
20.660	23.872	0.227
20.680	26.047	0.219
20.700	27.836	0.197
20.720	29.232	0.181
20.740	30.210	0.151
20.760	30.736	0.134
20.780	30.827	0.098
20.800	30.468	0.079
20.820	29.667	0.045
20.840	28.443	0.016
20.860	26.804	-0.014
20.880	24.796	-0.043
20.900	22.357	-0.076
20.920	19.656	-0.098
20.940	16.648	-0.132
20.960	13.393	-0.151
20.980	9.966	-0.180
21.000	6.367	-0.198
21.020	2.694	-0.216
21.040	-1.018	-0.225
21.060	-4.719	-0.243
21.080	-8.371	-0.241
21.100	-11.900	-0.249
21.120	-15.230	-0.246
21.140	-18.350	-0.242
21.160	-21.213	-0.234
21.180	-23.770	-0.228
21.200	-25.956	-0.213
21.220	-27.787	-0.197
21.240	-29.195	-0.177
21.260	-30.188	-0.156
21.280	-30.704	-0.130
21.300	-30.827	-0.111
21.320	-30.484	-0.076
21.340	-29.721	-0.054
21.360	-28.518	-0.021
21.380	-26.858	0.005
21.400	-24.828	0.039
21.420	-22.459	0.069
21.440	-19.720	0.097
21.460	-16.718	0.121
21.480	-13.484	0.153
21.500	-10.020	0.165
21.520	-6.416	0.191
21.540	-2.731	0.204
21.560	0.986	0.224
21.580	4.708	0.236
21.600	8.333	0.240
21.620	11.862	0.241
21.640	15.214	0.241
21.660	18.334	0.239
21.680	21.208	0.237
21.700	23.759	0.220
21.720	25.950	0.210
21.740	27.771	0.186
21.760	29.189	0.173
21.780	30.172	0.144
21.800	30.715	0.125
21.820	30.822	0.090
21.840	30.510	0.073
21.860	29.721	0.034
21.880	28.512	0.010
21.900	26.885	-0.023
21.920	24.898	-0.045
21.940	22.481	-0.087
21.960	19.795	-0.103
21.980	16.803	-0.142
22.000	13.554	-0.156
22.020	10.111	-0.187
22.040	6.545	-0.202
22.060	2.876	-0.224
22.080	-0.835	-0.233
22.100	-4.536	-0.245
22.120	-8.204	-0.250
22.140	-11.728	-0.255
22.160	-15.074	-0.256
22.180	-18.205	-0.252
22.200	-21.095	-0.245
22.220	-23.635	-0.233
22.240	-25.843	-0.220
22.260	-27.701	-0.205
22.280	-29.125	-0.186
22.300	-30.140	-0.159
22.320	-30.698	-0.140
22.340	-30.822	-0.113
22.360	-30.505	-0.082
22.380	-29.769	-0.059
22.400	-28.588	-0.022
22.420	-26.944	0.001
22.440	-24.951	0.038
22.460	-22.583	0.061
22.480	-19.860	0.097
22.500	-16.863	0.121
22.520	-13.635	0.151
22.540	-10.192	0.165
22.560	-6.598	0.195
22.580	-2.908	0.204
22.600	0.808	0.226
22.620	4.525	0.235
22.640	8.167	0.244
22.660	11.696	0.242
22.680	15.058	0.246
22.700	18.195	0.241
22.720	21.079	0.239
22.740	23.641	0.222
22.760	25.843	0.216
22.780	27.685	0.192
22.800	29.114	0.178
22.820	30.135	0.149
22.840	30.704	0.132
22.860	30.838	0.101
22.880	30.532	0.073
22.900	29.748	0.044
22.920	28.582	0.013
22.940	26.960	-0.017
22.960	25.005	-0.039
22.980	22.615	-0.077
23.000	19.913	-0.102
23.020	16.943	-0.133
23.040	13.694	-0.151
23.060	10.278	-0.181
23.080	6.695	-0.191
23.100	3.027	-0.218
23.120	-0.685	-0.225
23.140	-4.396	-0.240
23.160	-8.054	-0.242
23.180	-11.588	-0.253
23.200	-14.934	-0.245
23.220	-18.098	-0.248
23.240	-20.993	-0.234
23.260	-23.555	-0.230
23.280	-25.784	-0.215
23.300	-27.664	-0.201
23.320	-29.130	-0.178
23.340	-30.140	-0.157
23.360	-30.698	-0.130
23.380	-30.844	-0.109
23.400	-30.596	-0.083
23.420	-29.855	-0.059
23.440	-28.690	-0.019
23.460	-27.078	0.007
23.480	-25.091	0.044
23.500	-22.739	0.070
23.520	-20.031	0.101
23.540	-17.051	0.124
23.560	-13.833	0.155
23.580	-10.396	0.177
23.600	-6.808	0.199
23.620	-3.113	0.213
23.640	0.615	0.231
23.660	4.326	0.239
23.680	7.973	0.255
23.700	11.513	0.256
23.720	14.897	0.258
23.740	18.028	0.249
23.760	20.934	0.244
23.780	23.523	0.231
23.800	25.746	0.226
23.820	27.594	0.201
23.840	29.055	0.186
23.860	30.086	0.156
23.880	30.682	0.142
23.900	30.827	0.106
23.920	30.553	0.086
23.940	29.812	0.053
23.960	28.636	0.022
23.980	27.057	-0.008
24.000	25.107	-0.033
24.020	22.733	-0.066
24.040	20.053	-0.092
24.060	17.088	-0.123
24.080	13.860	-0.142
24.100	10.444	-0.169
24.120	6.872	-0.187
24.140	3.209	-0.205
24.160	-0.497	-0.216
24.180	-4.208	-0.233
24.200	-7.877	-0.234
24.220	-11.411	-0.243
24.240	-14.784	-0.240
24.260	-17.937	-0.241
24.280	-20.848	-0.229
24.300	-23.448	-0.223
24.320	-25.693	-0.203
24.340	-27.583	-0.193
24.360	-29.071	-0.171
24.380	-30.102	-0.152
24.400	-30.688	-0.126
24.420	-30.870	-0.100
24.440	-30.596	-0.068
24.460	-29.887	-0.045
24.480	-28.749	-0.014
24.500	-27.137	0.013
24.520	-25.177	0.048
24.540	-22.841	0.073
24.560	-20.166	0.106
24.580	-17.169	0.132
24.600	-13.968	0.158
24.620	-10.530	0.178
24.640	-6.958	0.203
24.660	-3.279	0.216
24.680	0.448	0.235
24.700	4.155	0.242
24.720	7.818	0.248
24.740	11.352	0.252
24.760	14.736	0.256
24.780	17.894	0.251
24.800	20.810	0.243
24.820	23.415	0.234
24.840	25.650	0.226
24.860	27.524	0.203
24.880	29.001	0.186
24.900	30.059	0.162
24.920	30.661	0.143
24.940	30.849	0.106
24.960	30.586	0.087
24.980	29.861	0.053
25.000	28.717	0.024
25.020	27.148	-0.004
25.040	25.204	-0.035
25.060	22.857	-0.067
25.080	20.198	-0.091
25.100	17.244	-0.124
25.120	14.032	-0.146
25.140	10.627	-0.170
25.160	7.066	-0.186
25.180	3.408	-0.209
25.200	-0.309	-0.218
25.220	-4.020	-0.232
25.240	-7.683	-0.238
25.260	-11.239	-0.246
25.280	-14.596	-0.240
25.300	-17.786	-0.243
25.320	-20.708	-0.233
25.340	-23.302	-0.230
25.360	-25.548	-0.209
25.380	-27.465	-0.196
25.400	-28.980	-0.174
25.420	-30.027	-0.160
25.440	-30.634	-0.130
25.460	-30.865	-0.109
25.480	-30.586	-0.080
25.500	-29.904	-0.054
25.520	-28.776	-0.023
25.540	-27.213	0.007
25.560	-25.247	0.037
25.580	-22.932	0.065
25.600	-20.262	0.095
25.620	-17.308	0.120
25.640	-14.118	0.149
25.660	-10.702	0.170
25.680	-7.119	0.194
25.700	-3.440	0.206
25.720	0.287	0.226
25.740	3.983	0.235
25.760	7.646	0.242
25.780	11.196	0.241
25.800	14.585	0.244
25.820	17.765	0.239
25.840	20.681	0.239
25.860	23.297	0.224
25.880	25.558	0.216
25.900	27.454	0.195
25.920	28.937	0.178
25.940	30.016	0.150
25.960	30.650	0.132
25.980	30.844	0.098
26.000	30.596	0.076
26.020	29.887	0.048
26.040	28.781	0.016
26.060	27.218	-0.014
26.080	25.311	-0.045
26.100	22.986	-0.072
26.120	20.343	-0.103
26.140	17.400	-0.129
26.160	14.177	-0.153
26.180	10.782	-0.177
26.200	7.232	-0.199
26.220	3.585	-0.219
26.240	-0.137	-0.227
26.260	-3.848	-0.244
26.280	-7.522	-0.246
26.300	-11.073	-0.254
26.320	-14.440	-0.252
26.340	-17.625	-0.254
26.360	-20.569	-0.238
26.380	-23.163	-0.241
26.400	-25.440	-0.220
26.420	-27.379	-0.211
26.440	-28.899	-0.184
26.460	-29.990	-0.168
26.480	-30.618	-0.141
26.500	-30.833	-0.118
26.520	-30.596	-0.088
26.540	-29.947	-0.063
26.560	-28.808	-0.029
26.580	-27.288	-0.003
26.600	-25.360	0.029
26.620	-23.045	0.058
26.640	-20.402	0.087
26.660	-17.448	0.112
26.680	-14.268	0.144
26.700	-10.863	0.162
26.720	-7.291	0.183
26.740	-3.612	0.202
26.760	0.110	0.218
26.780	3.822	0.232
26.800	7.469	0.237
26.820	11.030	0.243
26.840	14.429	0.242
26.860	17.609	0.243
26.880	20.531	0.237
26.900	23.174	0.225
26.920	25.456	0.212
26.940	27.358	0.196
26.960	28.878	0.175
26.980	29.963	0.154
27.000	30.629	0.131
27.020	30.849	0.102
27.040	30.618	0.076
27.060	29.947	0.047
27.080	28.840	0.017
27.100	27.293	-0.012
27.120	25.408	-0.039
27.140	23.109	-0.073
27.160	20.467	-0.097
27.180	17.534	-0.127
27.200	14.349	-0.154
27.220	10.949	-0.175
27.240	7.393	-0.196
27.260	3.746	-0.212
27.280	0.046	-0.230
27.300	-3.677	-0.237
27.320	-7.350	-0.248
27.340	-10.901	-0.249
27.360	-14.301	-0.256
27.380	-17.502	-0.250
27.400	-20.450	-0.242
27.420	-23.088	-0.233
27.440	-25.381	-0.215
27.460	-27.309	-0.208
27.480	-28.872	-0.181
27.500	-29.979	-0.165
27.520	-30.623	-0.135
27.540	-30.822	-0.116
27.560	-30.666	-0.087
27.580	-30.016	-0.060
27.600	-28.926	-0.030
27.620	-27.401	0.000
27.640	-25.483	0.030
27.660	-23.200	0.063
27.680	-20.558	0.090
27.700	-17.631	0.116
27.720	-14.451	0.146
27.740	-11.051	0.165
27.760	-7.490	0.193
27.780	-3.822	0.206
27.800	-0.089	0.229
27.820	3.634	0.236
27.840	7.291	0.248
27.860	10.842	0.250
27.880	14.263	0.256
27.900	17.464	0.250
27.920	20.402	0.244
27.940	23.066	0.226
27.960	25.349	0.223
27.980	27.282	0.201
28.000	28.813	0.188
28.020	29.925	0.159
28.040	30.602	0.138
28.060	30.849	0.111
28.080	30.639	0.088
28.100	29.984	0.055
28.120	28.899	0.027
28.140	27.395	-0.005
28.160	25.499	-0.032
28.180	23.217	-0.059
28.200	20.590	-0.092
28.220	17.674	-0.114
28.240	14.489	-0.148
28.260	11.105	-0.159
28.280	7.565	-0.192
28.300	3.907	-0.201
28.320	0.191	-0.221
28.340	-3.515	-0.224
28.360	-7.200	-0.239
28.380	-10.761	-0.239
28.400	-14.172	-0.242
28.420	-17.389	-0.238
28.440	-20.338	-0.229
28.460	-22.980	-0.225
28.480	-25.301	-0.203
28.500	-27.266	-0.199
28.520	-28.819	-0.168
28.540	-29.930	-0.158
28.560	-30.629	-0.128
28.580	-30.833	-0.113
28.600	-30.693	-0.077
28.620	-30.075	-0.057
28.640	-28.980	-0.021
28.660	-27.487	0.007
28.680	-25.585	0.043
28.700	-23.319	0.068
28.720	-20.719	0.099
28.740	-17.776	0.125
28.760	-14.596	0.150
28.780	-11.223	0.177
28.800	-7.673	0.196
28.820	-3.999	0.219
28.840	-0.266	0.230
28.860	3.456	0.244
28.880	7.125	0.245
28.900	10.680	0.259
28.920	14.118	0.254
28.940	17.303	0.256
28.960	20.273	0.244
28.980	22.943	0.239
29.000	25.247	0.229
29.020	27.207	0.212
29.040	28.743	0.188
29.060	29.887	0.169
29.080	30.591	0.148
29.100	30.849	0.119
29.120	30.656	0.089
29.140	30.022	0.064
29.160	28.964	0.028
29.180	27.476	0.003
29.200	25.607	-0.028
29.220	23.345	-0.059
29.240	20.735	-0.083
29.260	17.824	-0.115
29.280	14.655	-0.139
29.300	11.293	-0.161
29.320	7.748	-0.182
29.340	4.095	-0.204
29.360	0.389	-0.216
29.380	-3.322	-0.228
29.400	-7.007	-0.234
29.420	-10.594	-0.244
29.440	-13.989	-0.242
29.460	-17.201	-0.243
29.480	-20.166	-0.233
29.500	-22.841	-0.228
29.520	-25.156	-0.210
29.540	-27.137	-0.196
29.560	-28.717	-0.180
29.580	-29.871	-0.161
29.600	-30.575	-0.133
29.620	-30.838	-0.110
29.640	-30.677	-0.080
29.660	-30.086	-0.051
29.680	-29.039	-0.025
29.700	-27.546	0.003
29.720	-25.655	0.033
29.740	-23.415	0.065
29.760	-20.816	0.094
29.780	-17.894	0.122
29.800	-14.752	0.151
29.820	-11.373	0.169
29.840	-7.823	0.193
29.860	-4.149	0.206
29.880	-0.443	0.227
29.900	3.279	0.239
29.920	6.958	0.245
29.940	10.514	0.244
29.960	13.962	0.245
29.980	17.169	0.245
30.000	20.144	0.241
30.020	22.841	0.232
30.040	25.145	0.222
30.060	27.121	0.203
30.080	28.679	0.185
30.100	29.834	0.160
30.120	30.564	0.140
30.140	30.838	0.111
30.160	30.682	0.084
30.180	30.070	0.061
30.200	29.012	0.024
30.220	27.540	-0.003
30.240	25.703	-0.037
30.260	23.453	-0.064
30.280	20.859	-0.090
30.300	17.980	-0.122
30.320	14.811	-0.146
30.340	11.448	-0.167
30.360	7.920	-0.192
30.380	4.283	-0.212
30.400	0.588	-0.224
30.420	-3.139	-0.234
30.440	-6.819	-0.238
30.460	-10.396	-0.253
30.480	-13.817	-0.246
30.500	-17.029	-0.250
30.520	-20.037	-0.240
30.540	-22.701	-0.242
30.560	-25.043	-0.218
30.580	-27.041	-0.211
30.600	-28.631	-0.184
30.620	-29.807	-0.171
30.640	-30.537	-0.142
30.660	-30.811	-0.124
30.680	-30.682	-0.089
30.700	-30.113	-0.068
30.720	-29.076	-0.033
30.740	-27.605	-0.010
30.760	-25.746	0.024
30.780	-23.539	0.053
30.800	-20.945	0.081
30.820	-18.044	0.111
30.840	-14.886	0.137
30.860	-11.534	0.159
30.880	-7.984	0.181
30.900	-4.321	0.198
30.920	-0.615	0.216
30.940	3.107	0.227
30.960	6.776	0.238
30.980	10.358	0.241
31.000	13.796	0.241
31.020	17.034	0.241
31.040	20.010	0.236
31.060	22.722	0.227
31.080	25.053	0.216
31.100	27.019	0.195
31.120	28.609	0.179
31.140	29.802	0.155
31.160	30.532	0.134
31.180	30.822	0.104
31.200	30.693	0.079
31.220	30.092	0.049
31.240	29.071	0.020
31.260	27.626	-0.012
31.280	25.800	-0.034
31.300	23.566	-0.069
31.320	20.993	-0.095
31.340	18.125	-0.126
31.360	14.983	-0.151
31.380	11.620	-0.174
31.400	8.092	-0.194
31.420	4.455	-0.213
31.440	0.760	-0.227
31.460	-2.968	-0.240
31.480	-6.641	-0.244
31.500	-10.240	-0.253
31.520	-13.656	-0.250
31.540	-16.889	-0.250
31.560	-19.892	-0.246
31.580	-22.577	-0.239
31.600	-24.957	-0.224
31.620	-26.960	-0.209
31.640	-28.577	-0.191
31.660	-29.753	-0.169
31.680	-30.516	-0.145
31.700	-30.822	-0.124
31.720	-30.709	-0.090
31.740	-30.151	-0.069
31.760	-29.162	-0.033
31.780	-27.696	-0.010
31.800	-25.865	0.027
31.820	-23.646	0.052
31.840	-21.079	0.086
31.860	-18.195	0.111
31.880	-15.042	0.139
31.900	-11.712	0.163
31.920	-8.156	0.195
31.940	-4.498	0.214
31.960	-0.792	0.230
31.980	2.925	0.250
32.000	6.598	0.256
32.020	10.181	0.264
32.040	13.635	0.261
32.060	16.873	0.267
32.080	19.865	0.256
32.100	22.594	0.256
32.120	24.935	0.228
32.140	26.944	0.225
32.160	28.539	0.196
32.180	29.753	0.187
32.200	30.510	0.151
32.220	30.827	0.134
32.240	30.704	0.098
32.260	30.145	0.080
32.280	29.135	0.040
32.300	27.712	0.014
32.320	25.897	-0.022
32.340	23.668	-0.046
32.360	21.106	-0.084
32.380	18.254	-0.106
32.400	15.128	-0.145
32.420	11.755	-0.151
32.440	8.253	-0.192
32.460	4.611	-0.192
32.480	0.916	-0.241
32.500	-2.812	-0.220
32.520	-6.496	-0.267
32.540	-10.095	-0.235
32.560	-13.538	-0.271
32.580	-16.771	-0.245
32.600	-19.795	-0.255
32.620	-22.481	-0.241
32.640	-24.882	-0.229
32.660	-26.917	-0.221
32.680	-28.561	-0.196
32.700	-29.764	-0.177
32.720	-30.537	-0.153
32.740	-30.822	-0.128
32.760	-30.763	-0.101
32.780	-30.237	-0.069
32.800	-29.254	-0.046
32.820	-27.820	-0.010
32.840	-25.988	0.017
32.860	-23.802	0.052
32.880	-21.251	0.077
32.900	-18.361	0.115
32.920	-15.230	0.139
32.940	-11.894	0.163
32.960	-8.355	0.181
32.980	-4.719	0.206
33.000	-0.986	0.224
33.020	2.731	0.244
33.040	6.416	0.253
33.060	10.004	0.261
33.080	13.463	0.263
33.100	16.712	0.262
33.120	19.715	0.254
33.140	22.475	0.246
33.160	24.833	0.233
33.180	26.869	0.221
33.200	28.469	0.201
33.220	29.710	0.181
33.240	30.478	0.155
33.260	30.822	0.138
33.280	30.731	0.100
33.300	30.194	0.082
33.320	29.200	0.041
33.340	27.787	0.022
33.360	25.983	-0.018
33.380	23.797	-0.034
33.400	21.235	-0.080
33.420	18.393	-0.089
33.440	15.278	-0.134
33.460	11.937	-0.140
33.480	8.430	-0.179
33.500	4.794	-0.183
33.520	1.104	-0.212
33.540	-2.629	-0.219
33.560	-6.308	-0.232
33.580	-9.907	-0.245
33.600	-13.350	-0.236
33.620	-16.605	-0.250
33.640	-19.639	-0.222
33.660	-22.368	-0.244
33.680	-24.763	-0.202
33.700	-26.799	-0.216
33.720	-28.475	-0.178
33.740	-29.683	-0.173
33.760	-30.478	-0.131
33.780	-30.822	-0.122
33.800	-30.752	-0.086
33.820	-30.253	-0.065
33.840	-29.270	-0.030
33.860	-27.868	-0.003
33.880	-26.052	0.026
33.900	-23.872	0.061
33.920	-21.342	0.083
33.940	-18.490	0.119
33.960	-15.369	0.137
33.980	-12.045	0.166
34.000	-8.510	0.177
34.020	-4.864	0.212
34.040	-1.147	0.214
34.060	2.565	0.239
34.080	6.265	0.239
34.100	9.848	0.250
34.120	13.323	0.245
34.140	16.578	0.247
34.160	19.591	0.239
34.180	22.352	0.237
34.200	24.726	0.220
34.220	26.772	0.211
34.240	28.416	0.184
34.260	29.656	0.166
34.280	30.457	0.142
34.300	30.822	0.121
34.320	30.736	0.093
34.340	30.210	0.061
34.360	29.259	0.037
34.380	27.852	0.000
34.400	26.079	-0.022
34.420	23.915	-0.059
34.440	21.369	-0.081
34.460	18.544	-0.116
34.480	15.445	-0.135
34.500	12.082	-0.169
34.520	8.607	-0.177
34.540	4.998	-0.212
34.560	1.281	-0.213
34.580	-2.436	-0.238
34.600	-6.110	-0.235
34.620	-9.740	-0.250
34.640	-13.189	-0.246
34.660	-16.433	-0.248
34.680	-19.468	-0.242
34.700	-22.212	-0.238
34.720	-24.640	-0.223
34.740	-26.692	-0.205
34.760	-28.378	-0.192
34.780	-29.614	-0.171
34.800	-30.446	-0.151
34.820	-30.811	-0.119
34.840	-30.747	-0.097
34.860	-30.253	-0.069
34.880	-29.302	-0.045
34.900	-27.927	-0.013
34.920	-26.128	0.022
34.940	-23.974	0.040
34.960	-21.471	0.082
34.980	-18.603	0.100
35.000	-15.504	0.135
35.020	-12.184	0.150
35.040	-8.661	0.181
35.060	-5.030	0.194
35.080	-1.319	0.213
35.100	2.409	0.219
35.120	6.094	0.237
35.140	9.687	0.239
35.160	13.156	0.240
35.180	16.427	0.239
35.200	19.457	0.235
35.220	22.223	0.229
35.240	24.618	0.211
35.260	26.681	0.199
35.280	28.346	0.179
35.300	29.603	0.162
35.320	30.419	0.133
35.340	30.811	0.113
35.360	30.747	0.082
35.380	30.258	0.058
35.400	29.313	0.024
35.420	27.938	-0.005
35.440	26.176	-0.033
35.460	24.028	-0.067
35.480	21.498	-0.092
35.500	18.678	-0.126
35.520	15.600	-0.142
35.540	12.260	-0.176
35.560	8.784	-0.181
35.580	5.164	-0.221
35.600	1.474	-0.215
35.620	-2.248	-0.249
35.640	-5.938	-0.240
35.660	-9.569	-0.263
35.680	-13.011	-0.247
35.700	-16.293	-0.263
35.720	-19.344	-0.244
35.740	-22.089	-0.246
35.760	-24.527	-0.227
35.780	-26.590	-0.217
35.800	-28.298	-0.198
35.820	-29.560	-0.178
35.840	-30.414	-0.154
35.860	-30.774	-0.131
35.880	-30.768	-0.105
35.900	-30.280	-0.077
35.920	-29.366	-0.047
35.940	-28.008	-0.015
35.960	-26.230	0.015
35.980	-24.081	0.042
36.000	-21.584	0.072
36.020	-18.748	0.100
36.040	-15.649	0.131
36.060	-12.356	0.151
36.080	-8.844	0.175
36.100	-5.202	0.194
36.120	-1.507	0.214
36.140	2.226	0.222
36.160	5.927	0.236
36.180	9.504	0.237
36.200	12.995	0.243
36.220	16.277	0.237
36.240	19.317	0.238
36.260	22.089	0.227
36.280	24.522	0.218
36.300	26.595	0.198
36.320	28.271	0.188
36.340	29.560	0.161
36.360	30.398	0.142
36.380	30.811	0.115
36.400	30.758	0.090
36.420	30.296	0.058
36.440	29.366	0.032
36.460	28.018	0.000
36.480	26.267	-0.027
36.500	24.140	-0.057
36.520	21.627	-0.088
36.540	18.828	-0.113
36.560	15.751	-0.142
36.580	12.405	-0.162
36.600	8.940	-0.186
36.620	5.325	-0.205
36.640	1.635	-0.222
36.660	-2.081	-0.229
36.680	-5.798	-0.242
36.700	-9.418	-0.246
36.720	-12.877	-0.254
36.740	-16.154	-0.246
36.760	-19.226	-0.248
36.780	-22.008	-0.234
36.800	-24.436	-0.224
36.820	-26.563	-0.209
36.840	-28.271	-0.190
36.860	-29.549	-0.168
36.880	-30.430	-0.143
36.900	-30.790	-0.125
36.920	-30.806	-0.092
36.940	-30.365	-0.072
36.960	-29.447	-0.038
36.980	-28.110	-0.014
37.000	-26.359	0.019
37.020	-24.237	0.045
37.040	-21.745	0.078
37.060	-18.936	0.107
37.080	-15.858	0.134
37.100	-12.555	0.158
37.120	-9.048	0.182
37.140	-5.417	0.207
37.160	-1.700	0.216
37.180	2.033	0.233
37.200	5.739	0.235
37.220	9.327	0.257
37.240	12.829	0.250
37.260	16.116	0.254
37.280	19.161	0.244
37.300	21.965	0.241
37.320	24.409	0.226
37.340	26.498	0.214
37.360	28.190	0.190
37.380	29.506	0.177
37.400	30.360	0.145
37.420	30.790	0.130
37.440	30.774	0.096
37.460	30.317	0.073
37.480	29.415	0.040
37.500	28.083	0.011
37.520	26.353	-0.019
37.540	24.248	-0.047
37.560	21.750	-0.076
37.580	18.957	-0.105
37.600	15.896	-0.129
37.620	12.582	-0.151
37.640	9.101	-0.171
37.660	5.497	-0.196
37.680	1.797	-0.208
37.700	-1.920	-0.222
37.720	-5.632	-0.234
37.740	-9.241	-0.235
37.760	-12.716	-0.244
37.780	-16.009	-0.237
37.800	-19.092	-0.242
37.820	-21.885	-0.225
37.840	-24.334	-0.222
37.860	-26.461	-0.195
37.880	-28.190	-0.189
37.900	-29.517	-0.163
37.920	-30.398	-0.142
37.940	-30.790	-0.117
37.960	-30.817	-0.090
37.980	-30.392	-0.060
38.000	-29.506	-0.035
38.020	-28.196	-0.004
38.040	-26.450	0.028
38.060	-24.328	0.057
38.080	-21.863	0.085
38.100	-19.054	0.111
38.120	-15.992	0.143
38.140	-12.689	0.163
38.160	-9.193	0.185
38.180	-5.578	0.206
38.200	-1.866	0.223
38.220	1.861	0.236
38.240	5.556	0.239
38.260	9.171	0.250
38.280	12.668	0.252
38.300	15.971	0.252
38.320	19.027	0.243
38.340	21.831	0.240
38.360	24.307	0.229
38.380	26.418	0.216
38.400	28.120	0.194
38.420	29.452	0.177
38.440	30.333	0.152
38.460	30.790	0.131
38.480	30.790	0.098
38.500	30.355	0.078
38.520	29.463	0.038
38.540	28.153	0.013
38.560	26.450	-0.016
38.580	24.366	-0.048
38.600	21.879	-0.076
38.620	19.108	-0.100
38.640	16.062	-0.135
38.660	12.759	-0.151
38.680	9.284	-0.179
38.700	5.685	-0.195
38.720	1.995	-0.216
38.740	-1.716	-0.220
38.760	-5.427	-0.242
38.780	-9.058	-0.237
38.800	-12.539	-0.250
38.820	-15.831	-0.242
38.840	-18.925	-0.244
38.860	-21.723	-0.227
38.880	-24.205	-0.222
38.900	-26.326	-0.204
38.920	-28.083	-0.186
38.940	-29.426	-0.172
38.960	-30.328	-0.146
38.980	-30.752	-0.123
39.000	-30.801	-0.097
39.020	-30.371	-0.070
39.040	-29.533	-0.041
39.060	-28.217	-0.010
39.080	-26.514	0.015
39.100	-24.420	0.050
39.120	-21.960	0.076
39.140	-19.172	0.107
39.160	-16.111	0.130
39.180	-12.845	0.157
39.200	-9.348	0.176
39.220	-5.734	0.202
39.240	-2.033	0.211
39.260	1.705	0.231
39.280	5.395	0.236
39.300	9.010	0.245
39.320	12.507	0.243
39.340	15.821	0.243
39.360	18.893	0.239
39.380	21.718	0.234
39.400	24.199	0.219
39.420	26.321	0.206
39.440	28.067	0.185
39.460	29.393	0.169
39.480	30.306	0.141
39.500	30.779	0.120
39.520	30.801	0.089
39.540	30.387	0.068
39.560	29.517	0.032
39.580	28.244	0.003
39.600	26.531	-0.026
39.620	24.468	-0.053
39.640	22.024	-0.087
39.660	19.242	-0.110
39.680	16.207	-0.144
39.700	12.909	-0.157
39.720	9.456	-0.195
39.740	5.857	-0.197
39.760	2.173	-0.231
39.780	-1.544	-0.224
39.800	-5.250	-0.250
39.820	-8.892	-0.244
39.840	-12.378	-0.258
39.860	-15.670	-0.246
39.880	-18.780	-0.251
39.900	-21.584	-0.240
39.920	-24.087	-0.233
39.940	-26.235	-0.217
39.960	-28.008	-0.200
39.980	-29.361	-0.180
40.000	-30.274	-0.152
40.020	-30.725	-0.139
40.040	-30.806	-0.108
40.060	-30.392	-0.079
40.080	-29.571	-0.051
40.100	-28.287	-0.022
40.120	-26.606	0.007
40.140	-24.522	0.040
40.160	-22.089	0.066
40.180	-19.306	0.101
40.200	-16.266	0.119
40.220	-13.017	0.152
40.240	-9.520	0.167
40.260	-5.906	0.194
40.280	-2.199	0.204
40.300	1.517	0.221
40.320	5.229	0.227
40.340	8.833	0.239
40.360	12.340	0.240
40.380	15.670	0.244
40.400	18.753	0.229
40.420	21.594	0.234
40.440	24.076	0.211
40.460	26.230	0.210
40.480	27.986	0.180
40.500	29.340	0.169
40.520	30.274	0.138
40.540	30.758	0.123
40.560	30.801	0.086
40.580	30.414	0.071
40.600	29.571	0.029
40.620	28.308	0.009
40.640	26.627	-0.028
40.660	24.575	-0.052
40.680	22.148	-0.088
40.700	19.387	-0.109
40.720	16.363	-0.141
40.740	13.081	-0.159
40.760	9.622	-0.185
40.780	6.024	-0.200
40.800	2.339	-0.221
40.820	-1.378	-0.229
40.840	-5.057	-0.242
40.860	-8.725	-0.249
40.880	-12.217	-0.255
40.900	-15.531	-0.252
40.920	-18.635	-0.246
40.940	-21.471	-0.243
40.960	-23.985	-0.231
40.980	-26.165	-0.215
41.000	-27.948	-0.202
41.020	-29.313	-0.175
41.040	-30.274	-0.159
41.060	-30.752	-0.130
41.080	-30.817	-0.106
41.100	-30.457	-0.073
41.120	-29.646	-0.054
41.140	-28.394	-0.017
41.160	-26.708	0.008
41.180	-24.651	0.046
41.200	-22.239	0.069
41.220	-19.468	0.106
41.240	-16.444	0.125
41.260	-13.178	0.153
41.280	-9.719	0.172
41.300	-6.104	0.197
41.320	-2.404	0.209
41.340	1.319	0.228
41.360	5.035	0.234
41.380	8.656	0.246
41.400	12.179	0.244
41.420	15.509	0.250
41.440	18.592	0.239
41.460	21.460	0.238
41.480	23.969	0.220
41.500	26.128	0.214
41.520	27.906	0.189
41.540	29.286	0.179
41.560	30.242	0.142
41.580	30.747	0.131
41.600	30.817	0.095
41.620	30.457	0.078
41.640	29.608	0.037
41.660	28.378	0.019
41.680	26.708	-0.021
41.700	24.683	-0.038
41.720	22.260	-0.080
41.740	19.516	-0.098
41.760	16.497	-0.131
41.780	13.226	-0.151
41.800	9.794	-0.175
41.820	6.179	-0.196
41.840	2.511	-0.211
41.860	-1.211	-0.226
41.880	-4.917	-0.233
41.900	-8.564	-0.242
41.920	-12.061	-0.238
41.940	-15.407	-0.246
41.960	-18.533	-0.236
41.980	-21.380	-0.234
42.000	-23.909	-0.220
42.020	-26.090	-0.205
42.040	-27.900	-0.189
42.060	-29.302	-0.171
42.080	-30.258	-0.151
42.100	-30.741	-0.125
42.120	-30.822	-0.100
42.140	-30.516	-0.070
42.160	-29.710	-0.046
42.180	-28.486	-0.006
42.200	-26.826	0.015
42.220	-24.769	0.052
42.240	-22.379	0.077
42.260	-19.629	0.109
42.280	-16.599	0.133
42.300	-13.350	0.161
42.320	-9.891	0.177
42.340	-6.276	0.209
42.360	-2.575	0.217
42.380	1.141	0.237
42.400	4.869	0.243
42.420	8.489	0.253
42.440	12.007	0.252
42.460	15.353	0.255
42.480	18.458	0.246
42.500	21.337	0.246
42.520	23.861	0.231
42.540	26.036	0.223
42.560	27.830	0.196
42.580	29.227	0.185
42.600	30.199	0.157
42.620	30.731	0.137
42.640	30.827	0.109
42.660	30.473	0.082
42.680	29.662	0.051
42.700	28.453	0.019
42.720	26.810	-0.007
42.740	24.796	-0.042
42.760	22.368	-0.072
42.780	19.650	-0.093
42.800	16.648	-0.124
42.820	13.387	-0.147
42.840	9.966	-0.167
42.860	6.373	-0.193
42.880	2.694	-0.204
42.900	-1.029	-0.217
42.920	-4.729	-0.234
42.940	-8.387	-0.234
42.960	-11.905	-0.245
42.980	-15.235	-0.238
43.000	-18.356	-0.241
43.020	-21.224	-0.226
43.040	-23.764	-0.225
43.060	-25.961	-0.199
43.080	-27.787	-0.194
43.100	-29.211	-0.171
43.120	-30.194	-0.151
43.140	-30.725	-0.124
43.160	-30.854	-0.101
43.180	-30.494	-0.072
43.200	-29.748	-0.047
43.220	-28.523	-0.013
43.240	-26.880	0.016
43.260	-24.849	0.044
43.280	-22.459	0.073
43.300	-19.736	0.102
43.320	-16.734	0.133
43.340	-13.495	0.156
43.360	-10.041	0.177
43.380	-6.427	0.199
43.400	-2.737	0.214
43.420	0.975	0.232
43.440	4.692	0.239
43.460	8.328	0.245
43.480	11.857	0.244
43.500	15.208	0.246
43.520	18.323	0.241
43.540	21.202	0.240
43.560	23.754	0.226
43.580	25.940	0.217
43.600	27.760	0.191
43.620	29.173	0.177
43.640	30.172	0.151
43.660	30.720	0.131
43.680	30.822	0.097
43.700	30.500	0.076
43.720	29.716	0.044
43.740	28.523	0.016
43.760	26.885	-0.014
43.780	24.903	-0.046
43.800	22.491	-0.074
43.820	19.795	-0.103
43.840	16.809	-0.131
43.860	13.554	-0.152
43.880	10.127	-0.173
43.900	6.550	-0.199
43.920	2.882	-0.215
43.940	-0.830	-0.227
43.960	-4.536	-0.240
43.980	-8.188	-0.241
44.000	-11.717	-0.253
44.020	-15.047	-0.246
44.040	-18.195	-0.250
44.060	-21.084	-0.235
44.080	-23.630	-0.233
44.100	-25.859	-0.212
44.120	-27.691	-0.204
44.140	-29.130	-0.178
44.160	-30.140	-0.162
44.180	-30.682	-0.131
44.200	-30.822	-0.110
44.220	-30.516	-0.079
44.240	-29.775	-0.056
44.260	-28.582	-0.020
44.280	-26.949	0.002
44.300	-24.941	0.036
44.320	-22.588	0.065
44.340	-19.860	0.094
44.360	-16.868	0.116
44.380	-13.635	0.146
44.400	-10.197	0.165
44.420	-6.615	0.190
44.440	-2.919	0.204
44.460	0.819	0.222
44.480	4.520	0.228
44.500	8.167	0.239
44.520	11.679	0.239
44.540	15.052	0.240
44.560	18.184	0.237
44.580	21.073	0.232
44.600	23.641	0.218
44.620	25.838	0.207
44.640	27.675	0.183
44.660	29.114	0.171
44.680	30.129	0.144
44.700	30.704	0.127
44.720	30.838	0.094
44.740	30.532	0.071
44.760	29.753	0.036
44.780	28.582	0.009
44.800	26.966	-0.022
44.820	25.010	-0.045
44.840	22.610	-0.082
44.860	19.935	-0.105
44.880	16.948	-0.138
44.900	13.720	-0.157
44.920	10.294	-0.184
44.940	6.733	-0.201
44.960	3.059	-0.220
44.980	-0.647	-0.230
45.000	-4.359	-0.244
45.020	-8.022	-0.246
45.040	-11.545	-0.254
45.060	-14.924	-0.251
45.080	-18.060	-0.254
45.100	-20.950	-0.237
45.120	-23.517	-0.234
45.140	-25.746	-0.216
45.160	-27.621	-0.204
45.180	-29.082	-0.182
45.200	-30.097	-0.162
45.220	-30.666	-0.137
45.240	-30.833	-0.114
45.260	-30.537	-0.082
45.280	-29.807	-0.059
45.300	-28.647	-0.022
45.320	-27.035	-0.001
45.340	-25.043	0.037
45.360	-22.706	0.063
45.380	-20.010	0.094
45.400	-17.029	0.117
45.420	-13.806	0.142
45.440	-10.364	0.165
45.460	-6.786	0.190
45.480	-3.107	0.205
45.500	0.631	0.226
45.520	4.337	0.231
45.540	7.973	0.241
45.560	11.529	0.243
45.580	14.891	0.244
45.600	18.039	0.239
45.620	20.928	0.235
45.640	23.523	0.222
45.660	25.746	0.211
45.680	27.594	0.193
45.700	29.050	0.174
45.720	30.086	0.148
45.740	30.677	0.130
45.760	30.827	0.099
45.780	30.553	0.077
45.800	29.807	0.044
45.820	28.652	0.016
45.840	27.057	-0.017
45.860	25.107	-0.038
45.880	22.733	-0.075
45.900	20.048	-0.096
45.920	17.094	-0.131
45.940	13.860	-0.148
45.960	10.444	-0.181
45.980	6.878	-0.188
46.000	3.215	-0.217
46.020	-0.497	-0.222
46.040	-4.208	-0.237
46.060	-7.887	-0.242
46.080	-11.427	-0.247
46.100	-14.784	-0.243
46.120	-17.953	-0.246
46.140	-20.859	-0.235
46.160	-23.431	-0.231
46.180	-25.709	-0.210
46.200	-27.567	-0.202
46.220	-29.087	-0.177
46.240	-30.124	-0.157
46.260	-30.704	-0.130
46.280	-30.844	-0.109
46.300	-30.613	-0.076
46.320	-29.925	-0.055
46.340	-28.743	-0.018
46.360	-27.170	0.008
46.380	-25.188	0.044
46.400	-22.857	0.065
46.420	-20.177	0.102
46.440	-17.196	0.123
46.460	-13.994	0.153
46.480	-10.573	0.173
46.500	-6.974	0.197
46.520	-3.306	0.212
46.540	0.438	0.230
46.560	4.144	0.239
46.580	7.807	0.252
46.600	11.336	0.250
46.620	14.730	0.257
46.640	17.894	0.249
46.660	20.800	0.247
46.680	23.410	0.231
46.700	25.650	0.225
46.720	27.524	0.202
46.740	28.990	0.186
46.760	30.049	0.161
46.780	30.682	0.144
46.800	30.854	0.109
46.820	30.586	0.089
46.840	29.871	0.055
46.860	28.717	0.024
46.880	27.148	-0.006
46.900	25.215	-0.029
46.920	22.862	-0.063
46.940	20.203	-0.088
46.960	17.255	-0.123
46.980	14.043	-0.137
47.000	10.621	-0.166
47.020	7.066	-0.177
47.040	3.403	-0.204
47.060	-0.309	-0.213
47.080	-4.026	-0.228
47.100	-7.716	-0.234
47.120	-11.223	-0.240
47.140	-14.596	-0.241
47.160	-17.781	-0.236
47.180	-20.708	-0.226
47.200	-23.313	-0.222
47.220	-25.569	-0.201
47.240	-27.465	-0.189
47.260	-28.985	-0.171
47.280	-30.043	-0.152
47.300	-30.666	-0.123
47.320	-30.849	-0.104
47.340	-30.596	-0.071
47.360	-29.936	-0.047
47.380	-28.808	-0.013
47.400	-27.229	0.011
47.420	-25.263	0.046
47.440	-22.953	0.072
47.460	-20.268	0.106
47.480	-17.330	0.127
47.500	-14.134	0.156
47.520	-10.707	0.173
47.540	-7.135	0.200
47.560	-3.451	0.216
47.580	0.277	0.232
47.600	3.993	0.240
47.620	7.646	0.245
47.640	11.201	0.247
47.660	14.591	0.252
47.680	17.770	0.245
47.700	20.676	0.244
47.720	23.302	0.234
47.740	25.558	0.220
47.760	27.460	0.202
47.780	28.948	0.185
47.800	30.016	0.158
47.820	30.656	0.140
47.840	30.860	0.111
47.860	30.613	0.085
47.880	29.893	0.055
47.900	28.776	0.024
47.920	27.218	-0.009
47.940	25.333	-0.034
47.960	22.986	-0.067
47.980	20.343	-0.090
48.000	17.394	-0.122
48.020	14.198	-0.144
48.040	10.793	-0.169
48.060	7.243	-0.191
48.080	3.580	-0.207
48.100	-0.121	-0.217
48.120	-3.848	-0.231
48.140	-7.495	-0.242
48.160	-11.067	-0.241
48.180	-14.435	-0.249
48.200	-17.625	-0.238
48.220	-20.552	-0.237
48.240	-23.168	-0.225
48.260	-25.456	-0.214
48.280	-27.368	-0.195
48.300	-28.899	-0.178
48.320	-29.979	-0.160
48.340	-30.623	-0.131
48.360	-30.849	-0.111
48.380	-30.596	-0.076
48.400	-29.936	-0.059
48.420	-28.824	-0.021
48.440	-27.288	0.003
48.460	-25.349	0.037
48.480	-23.045	0.061
48.500	-20.402	0.091
48.520	-17.453	0.115
48.540	-14.279	0.146
48.560	-10.874	0.165
48.580	-7.297	0.189
48.600	-3.623	0.202
48.620	0.105	0.220
48.640	3.827	0.237
48.660	7.485	0.240
48.680	11.030	0.243
48.700	14.424	0.243
48.720	17.604	0.239
48.740	20.547	0.239
48.760	23.200	0.226
48.780	25.446	0.214
48.800	27.358	0.193
48.820	28.878	0.179
48.840	29.968	0.154
48.860	30.634	0.130
48.880	30.849	0.098
48.900	30.629	0.079
48.920	29.952	0.042
48.940	28.845	0.019
48.960	27.315	-0.017
48.980	25.419	-0.038
49.000	23.109	-0.072
49.020	20.472	-0.098
49.040	17.550	-0.130
49.060	14.365	-0.151
49.080	10.965	-0.175
49.100	7.420	-0.197
49.120	3.773	-0.213
49.140	0.067	-0.234
49.160	-3.655	-0.238
49.180	-7.323	-0.248
49.200	-10.895	-0.251
49.220	-14.274	-0.258
49.240	-17.475	-0.248
49.260	-20.407	-0.244
49.280	-23.045	-0.236
49.300	-25.338	-0.220
49.320	-27.277	-0.207
49.340	-28.845	-0.188
49.360	-29.930	-0.169
49.380	-30.591	-0.140
49.400	-30.801	-0.119
49.420	-30.639	-0.087
49.440	-29.990	-0.063
49.460	-28.899	-0.028
49.480	-27.358	-0.006
49.500	-25.429	0.028
49.520	-23.179	0.053
49.540	-20.542	0.091
49.560	-17.593	0.108
49.580	-14.419	0.145
49.600	-11.019	0.161
49.620	-7.485	0.189
49.640	-3.795	0.198
49.660	-0.067	0.219
49.680	3.650	0.227
49.700	7.297	0.239
49.720	10.863	0.243
49.740	14.284	0.244
49.760	17.469	0.239
49.780	20.407	0.239
49.800	23.082	0.225
49.820	25.360	0.214
49.840	27.282	0.195
49.860	28.819	0.177
49.880	29.941	0.155
49.900	30.607	0.132
49.920	30.844	0.106
49.940	30.656	0.077
49.960	30.000	0.051
49.980	28.905	0.019
50.000	27.411	-0.010
50.020	25.510	-0.038
50.040	23.233	-0.067
50.060	20.601	-0.098
50.080	17.695	-0.127
50.100	14.521	-0.151
50.120	11.132	-0.170
50.140	7.581	-0.193
50.160	3.940	-0.213
50.180	0.228	-0.224
50.200	-3.499	-0.240
50.220	-7.168	-0.240
50.240	-10.734	-0.254
50.260	-14.150	-0.243
50.280	-17.335	-0.249
50.300	-20.311	-0.235
50.320	-22.953	-0.238
50.340	-25.263	-0.214
50.360	-27.240	-0.211
50.380	-28.797	-0.182
50.400	-29.914	-0.165
50.420	-30.618	-0.137
50.440	-30.833	-0.117
50.460	-30.693	-0.083
50.480	-30.070	-0.055
50.500	-28.985	-0.026
50.520	-27.497	0.001
50.540	-25.569	0.031
50.560	-23.335	0.066
50.580	-20.703	0.092
50.600	-17.781	0.118
50.620	-14.623	0.144
50.640	-11.234	0.169
50.660	-7.673	0.192
50.680	-3.993	0.210
50.700	-0.282	0.227
50.720	3.446	0.233
50.740	7.114	0.241
50.760	10.691	0.254
50.780	14.107	0.257
50.800	17.303	0.252
50.820	20.268	0.244
50.840	22.948	0.231
50.860	25.252	0.223
50.880	27.213	0.202
50.900	28.754	0.189
50.920	29.887	0.161
50.940	30.596	0.140
50.960	30.849	0.115
50.980	30.661	0.088
51.000	30.022	0.061
51.020	28.969	0.031
51.040	27.476	-0.005
51.060	25.612	-0.029
51.080	23.356	-0.057
51.100	20.730	-0.086
51.120	17.829	-0.117
51.140	14.666	-0.139
51.160	11.293	-0.159
51.180	7.748	-0.185
51.200	4.101	-0.199
51.220	0.384	-0.215
51.240	-3.327	-0.224
51.260	-7.017	-0.235
51.280	-10.589	-0.242
51.300	-13.989	-0.242
51.320	-17.212	-0.235
51.340	-20.187	-0.234
51.360	-22.851	-0.224
51.380	-25.172	-0.209
51.400	-27.154	-0.197
51.420	-28.749	-0.174
51.440	-29.893	-0.154
51.460	-30.602	-0.126
51.480	-30.838	-0.105
51.500	-30.698	-0.075
51.520	-30.113	-0.051
51.540	-29.055	-0.014
51.560	-27.578	0.008
51.580	-25.687	0.040
51.600	-23.431	0.068
51.620	-20.821	0.100
51.640	-17.926	0.127
51.660	-14.762	0.156
51.680	-11.384	0.174
51.700	-7.839	0.197
51.720	-4.171	0.215
51.740	-0.448	0.231
51.760	3.268	0.242
51.780	6.948	0.246
51.800	10.519	0.254
51.820	13.951	0.253
51.840	17.174	0.255
51.860	20.144	0.245
51.880	22.835	0.239
51.900	25.139	0.227
51.920	27.121	0.211
51.940	28.679	0.190
51.960	29.850	0.170
51.980	30.575	0.145
52.000	30.844	0.119
52.020	30.688	0.088
52.040	30.086	0.066
52.060	29.023	0.032
52.080	27.540	0.003
52.100	25.709	-0.022
52.120	23.469	-0.059
52.140	20.869	-0.083
52.160	17.985	-0.115
52.180	14.832	-0.137
52.200	11.448	-0.163
52.220	7.925	-0.177
52.240	4.294	-0.205
52.260	0.594	-0.209
52.280	-3.129	-0.232
52.300	-6.819	-0.231
52.320	-10.380	-0.244
52.340	-13.812	-0.235
52.360	-17.034	-0.242
52.380	-20.021	-0.230
52.400	-22.706	-0.225
52.420	-25.043	-0.210
52.440	-27.041	-0.196
52.460	-28.636	-0.177
52.480	-29.818	-0.154
52.500	-30.537	-0.134
52.520	-30.838	-0.109
52.540	-30.704	-0.080
52.560	-30.102	-0.057
52.580	-29.087	-0.022
52.600	-27.594	0.002
52.620	-25.757	0.033
52.640	-23.528	0.063
52.660	-20.928	0.094
52.680	-18.033	0.119
52.700	-14.886	0.150
52.720	-11.534	0.168
52.740	-8.000	0.190
52.760	-4.316	0.205
52.780	-0.610	0.228
52.800	3.123	0.236
52.820	6.781	0.243
52.840	10.364	0.245
52.860	13.796	0.248
52.880	17.034	0.244
52.900	19.999	0.241
52.920	22.722	0.230
52.940	25.053	0.219
52.960	27.025	0.200
52.980	28.615	0.184
53.000	29.802	0.164
53.020	30.543	0.144
53.040	30.849	0.113
53.060	30.698	0.086
53.080	30.092	0.057
53.100	29.087	0.024
53.120	27.637	-0.003
53.140	25.816	-0.035
53.160	23.593	-0.064
53.180	20.998	-0.089
53.200	18.130	-0.121
53.220	14.988	-0.144
53.240	11.620	-0.167
53.260	8.102	-0.191
53.280	4.471	-0.212
53.300	0.781	-0.220
53.320	-2.962	-0.238
53.340	-6.636	-0.241
53.360	-10.235	-0.252
53.380	-13.645	-0.246
53.400	-16.873	-0.250
53.420	-19.870	-0.238
53.440	-22.567	-0.236
53.460	-24.941	-0.218
53.480	-26.971	-0.207
53.500	-28.566	-0.186
53.520	-29.748	-0.171
53.540	-30.510	-0.146
53.560	-30.801	-0.122
53.580	-30.698	-0.089
53.600	-30.135	-0.068
53.620	-29.125	-0.033
53.640	-27.691	-0.009
53.660	-25.838	0.024
53.680	-23.630	0.052
53.700	-21.068	0.082
53.720	-18.173	0.109
53.740	-15.042	0.135
53.760	-11.685	0.159
53.780	-8.161	0.182
53.800	-4.488	0.201
53.820	-0.787	0.217
53.840	2.935	0.227
53.860	6.615	0.237
53.880	10.192	0.241
53.900	13.640	0.239
53.920	16.879	0.241
53.940	19.865	0.236
53.960	22.604	0.226
53.980	24.941	0.214
54.000	26.949	0.201
54.020	28.545	0.177
54.040	29.748	0.157
54.060	30.510	0.136
54.080	30.838	0.109
54.100	30.715	0.085
54.120	30.145	0.053
54.140	29.135	0.022
54.160	27.723	-0.007
54.180	25.902	-0.035
54.200	23.695	-0.067
54.220	21.133	-0.092
54.240	18.281	-0.122
54.260	15.149	-0.143
54.280	11.798	-0.171
54.300	8.274	-0.187
54.320	4.643	-0.213
54.340	0.948	-0.223
54.360	-2.790	-0.239
54.380	-6.459	-0.244
54.400	-10.057	-0.250
54.420	-13.484	-0.250
54.440	-16.734	-0.250
54.460	-19.725	-0.242
54.480	-22.459	-0.235
54.500	-24.833	-0.223
54.520	-26.864	-0.205
54.540	-28.518	-0.190
54.560	-29.716	-0.167
54.580	-30.494	-0.143
54.600	-30.806	-0.121
54.620	-30.725	-0.090
54.640	-30.199	-0.065
54.660	-29.200	-0.032
54.680	-27.782	-0.006
54.700	-25.945	0.028
54.720	-23.754	0.053
54.740	-21.213	0.088
54.760	-18.345	0.110
54.780	-15.203	0.140
54.800	-11.867	0.160
54.820	-8.339	0.185
54.840	-4.697	0.206
54.860	-0.980	0.222
54.880	2.747	0.230
54.900	6.448	0.241
54.920	10.020	0.245
54.940	13.468	0.253
54.960	16.718	0.252
54.980	19.731	0.240
55.000	22.475	0.230
55.020	24.844	0.218
55.040	26.864	0.205
55.060	28.480	0.188
55.080	29.716	0.164
55.100	30.500	0.137
55.120	30.838	0.119
55.140	30.725	0.090
55.160	30.199	0.060
55.180	29.205	0.030
55.200	27.787	0.000
55.220	25.993	-0.028
55.240	23.797	-0.055
55.260	21.261	-0.086
55.280	18.404	-0.116
55.300	15.294	-0.144
55.320	11.937	-0.166
55.340	8.441	-0.184
55.360	4.804	-0.204
55.380	1.104	-0.217
55.400	-2.624	-0.229
55.420	-6.303	-0.234
55.440	-9.912	-0.242
55.460	-13.377	-0.246
55.480	-16.610	-0.242
55.500	-19.639	-0.236
55.520	-22.373	-0.234
55.540	-24.758	-0.217
55.560	-26.810	-0.201
55.580	-28.486	-0.180
55.600	-29.710	-0.163
55.620	-30.510	-0.137
55.640	-30.817	-0.115
55.660	-30.763	-0.085
55.680	-30.274	-0.063
55.700	-29.291	-0.027
55.720	-27.884	-0.002
55.740	-26.095	0.034
55.760	-23.893	0.059
55.780	-21.369	0.094
55.800	-18.506	0.117
55.820	-15.380	0.148
55.840	-12.055	0.169
55.860	-8.516	0.194
55.880	-4.880	0.208
55.900	-1.152	0.231
55.920	2.565	0.240
55.940	6.249	0.249
55.960	9.837	0.256
55.980	13.323	0.256
56.000	16.567	0.253
56.020	19.586	0.249
56.040	22.346	0.240
56.060	24.731	0.230
56.080	26.783	0.216
56.100	28.416	0.198
56.120	29.662	0.175
56.140	30.462	0.151
56.160	30.833	0.127
56.180	30.758	0.096
56.200	30.210	0.072
56.220	29.264	0.040
56.240	27.863	0.011
56.260	26.095	-0.019
56.280	23.920	-0.046
56.300	21.369	-0.081
56.320	18.549	-0.101
56.340	15.445	-0.138
56.360	12.104	-0.150
56.380	8.607	-0.184
56.400	4.992	-0.185
56.420	1.281	-0.221
56.440	-2.447	-0.215
56.460	-6.131	-0.242
56.480	-9.740	-0.228
56.500	-13.194	-0.245
56.520	-16.444	-0.230
56.540	-19.484	-0.240
56.560	-22.228	-0.222
56.580	-24.645	-0.216
56.600	-26.692	-0.200
56.620	-28.384	-0.183
56.640	-29.603	-0.171
56.660	-30.457	-0.132
56.680	-30.817	-0.118
56.700	-30.779	-0.083
56.720	-30.253	-0.062
56.740	-29.329	-0.026
56.760	-27.932	-0.001
56.780	-26.138	0.032
56.800	-23.985	0.061
56.820	-21.476	0.087
56.840	-18.608	0.115
56.860	-15.514	0.144
56.880	-12.190	0.164
56.900	-8.677	0.185
56.920	-5.025	0.206
56.940	-1.329	0.218
56.960	2.404	0.240
56.980	6.094	0.242
57.000	9.692	0.248
57.020	13.156	0.249
57.040	16.427	0.251
57.060	19.457	0.242
57.080	22.228	0.238
57.100	24.629	0.220
57.120	26.686	0.213
57.140	28.346	0.189
57.160	29.614	0.171
57.180	30.430	0.148
57.200	30.827	0.120
57.220	30.758	0.090
57.240	30.258	0.066
57.260	29.313	0.035
57.280	27.959	0.007
57.300	26.176	-0.025
57.320	24.038	-0.053
57.340	21.509	-0.084
57.360	18.699	-0.109
57.380	15.606	-0.142
57.400	12.260	-0.152
57.420	8.795	-0.192
57.440	5.175	-0.196
57.460	1.469	-0.229
57.480	-2.248	-0.223
57.500	-5.948	-0.246
57.520	-9.558	-0.238
57.540	-13.001	-0.255
57.560	-16.266	-0.242
57.580	-19.306	-0.244
57.600	-22.089	-0.229
57.620	-24.516	-0.222
57.640	-26.595	-0.206
57.660	-28.308	-0.192
57.680	-29.544	-0.174
57.700	-30.408	-0.146
57.720	-30.779	-0.125
57.740	-30.768	-0.095
57.760	-30.274	-0.070
57.780	-29.350	-0.035
57.800	-27.997	-0.012
57.820	-26.219	0.019
57.840	-24.087	0.048
57.860	-21.589	0.077
57.880	-18.759	0.106
57.900	-15.654	0.131
57.920	-12.351	0.156
57.940	-8.849	0.176
57.960	-5.207	0.200
57.980	-1.496	0.209
58.000	2.226	0.227
58.020	5.927	0.232
58.040	9.510	0.246
58.060	13.011	0.241
58.080	16.277	0.242
58.100	19.328	0.233
58.120	22.094	0.231
58.140	24.522	0.212
58.160	26.600	0.205
58.180	28.287	0.177
58.200	29.565	0.166
58.220	30.408	0.131
58.240	30.822	0.117
58.260	30.774	0.080
58.280	30.306	0.062
58.300	29.372	0.021
58.320	28.029	-0.001
58.340	26.278	-0.033
58.360	24.156	-0.059
58.380	21.632	-0.094
58.400	18.834	-0.117
58.420	15.761	-0.148
58.440	12.442	-0.162
58.460	8.962	-0.193
58.480	5.336	-0.208
58.500	1.652	-0.224
58.520	-2.065	-0.238
58.540	-5.755	-0.244
58.560	-9.381	-0.254
58.580	-12.861	-0.254
58.600	-16.121	-0.255
58.620	-19.177	-0.247
58.640	-21.949	-0.246
58.660	-24.393	-0.228
58.680	-26.509	-0.216
58.700	-28.222	-0.196
58.720	-29.511	-0.180
58.740	-30.387	-0.154
58.760	-30.763	-0.131
58.780	-30.768	-0.103
58.800	-30.317	-0.074
58.820	-29.426	-0.050
58.840	-28.072	-0.016
58.860	-26.316	0.013
58.880	-24.205	0.047
58.900	-21.723	0.072
58.920	-18.904	0.104
58.940	-15.815	0.127
58.960	-12.507	0.156
58.980	-9.005	0.173
59.000	-5.363	0.197
59.020	-1.673	0.209
59.040	2.060	0.226
59.060	5.750	0.235
59.080	9.343	0.245
59.100	12.834	0.242
59.120	16.127	0.242
59.140	19.172	0.237
59.160	21.965	0.233
59.180	24.420	0.216
59.200	26.504	0.206
59.220	28.196	0.181
59.240	29.511	0.167
59.260	30.376	0.140
59.280	30.817	0.117
59.300	30.774	0.086
59.320	30.323	0.064
59.340	29.426	0.028
59.360	28.094	0.002
59.380	26.364	-0.028
59.400	24.259	-0.053
59.420	21.761	-0.089
59.440	18.973	-0.110
59.460	15.912	-0.142
59.480	12.593	-0.160
59.500	9.123	-0.187
59.520	5.503	-0.203
59.540	1.823	-0.221
59.560	-1.909	-0.226
59.580	-5.599	-0.239
59.600	-9.225	-0.247
59.620	-12.711	-0.246
59.640	-15.992	-0.247
59.660	-19.092	-0.242
59.680	-21.863	-0.237
59.700	-24.318	-0.225
59.720	-26.445	-0.211
59.740	-28.169	-0.192
59.760	-29.495	-0.168
59.780	-30.392	-0.147
59.800	-30.774	-0.126
59.820	-30.806	-0.098
59.840	-30.382	-0.070
59.860	-29.528	-0.038
59.880	-28.196	-0.009
59.900	-26.455	0.019
59.920	-24.350	0.048
59.940	-21.879	0.078
59.960	-19.081	0.111
59.980	-16.003	0.131
60.000	-12.711	0.159
60.020	-9.209	0.182
60.040	-5.583	0.203
60.060	-1.877	0.218
60.080	1.840	0.231
60.100	5.556	0.239
60.120	9.160	0.256
60.140	12.652	0.250
60.160	15.955	0.255
60.180	19.027	0.247
60.200	21.825	0.239
60.220	24.307	0.225
60.240	26.418	0.218
60.260	28.131	0.192
60.280	29.458	0.178
60.300	30.344	0.148
60.320	30.790	0.131
60.340	30.801	0.096
60.360	30.365	0.074
60.380	29.474	0.040
60.400	28.174	0.013
60.420	26.461	-0.018
60.440	24.366	-0.044
60.460	21.885	-0.075
60.480	19.113	-0.101
60.500	16.068	-0.131
60.520	12.754	-0.153
60.540	9.279	-0.173
60.560	5.680	-0.196
60.580	1.990	-0.206
60.600	-1.738	-0.223
60.620	-5.427	-0.230
60.640	-9.064	-0.240
60.660	-12.550	-0.240
60.680	-15.831	-0.242
60.700	-18.952	-0.232
60.720	-21.756	-0.227
60.740	-24.216	-0.217
60.760	-26.353	-0.198
60.780	-28.099	-0.187
60.800	-29.447	-0.165
60.820	-30.365	-0.142
60.840	-30.763	-0.117
60.860	-30.811	-0.091
60.880	-30.398	-0.063
60.900	-29.565	-0.033
60.920	-28.244	-0.002
60.940	-26.552	0.025
60.960	-24.436	0.058
60.980	-21.992	0.085
61.000	-19.204	0.111
61.020	-16.121	0.142
61.040	-12.856	0.162
61.060	-9.370	0.187
61.080	-5.755	0.206
61.100	-2.049	0.228
61.120	1.695	0.237
61.140	5.390	0.243
61.160	8.989	0.251
61.180	12.517	0.250
61.200	15.815	0.254
61.220	18.882	0.245
61.240	21.729	0.241
61.260	24.189	0.233
61.280	26.326	0.218
61.300	28.056	0.198
61.320	29.404	0.177
61.340	30.306	0.152
61.360	30.790	0.134
61.380	30.806	0.098
61.400	30.398	0.079
61.420	29.522	0.044
61.440	28.249	0.014
61.460	26.541	-0.014
61.480	24.484	-0.048
61.500	22.024	-0.076
61.520	19.253	-0.104
61.540	16.218	-0.132
61.560	12.909	-0.153
61.580	9.450	-0.175
61.600	5.868	-0.197
61.620	2.178	-0.212
61.640	-1.533	-0.226
61.660	-5.234	-0.234
61.680	-8.881	-0.240
61.700	-12.367	-0.243
61.720	-15.659	-0.242
61.740	-18.775	-0.241
61.760	-21.589	-0.228
61.780	-24.081	-0.223
61.800	-26.240	-0.206
61.820	-28.013	-0.191
61.840	-29.366	-0.170
61.860	-30.296	-0.149
61.880	-30.752	-0.124
61.900	-30.827	-0.099
61.920	-30.392	-0.069
61.940	-29.576	-0.042
61.960	-28.298	-0.014
61.980	-26.600	0.019
62.000	-24.527	0.049
62.020	-22.089	0.075
62.040	-19.317	0.106
62.060	-16.266	0.129
62.080	-13.011	0.157
62.100	-9.531	0.174
62.120	-5.911	0.199
62.140	-2.199	0.214
62.160	1.517	0.231
62.180	5.229	0.235
62.200	8.833	0.246
62.220	12.335	0.243
62.240	15.665	0.247
62.260	18.759	0.238
62.280	21.605	0.238
62.300	24.081	0.217
62.320	26.235	0.210
62.340	27.997	0.183
62.360	29.350	0.173
62.380	30.274	0.142
62.400	30.768	0.122
62.420	30.811	0.091
62.440	30.425	0.071
62.460	29.581	0.032
62.480	28.314	0.007
62.500	26.622	-0.027
62.520	24.592	-0.050
62.540	22.153	-0.087
62.560	19.392	-0.109
62.580	16.368	-0.147
62.600	13.092	-0.156
62.620	9.638	-0.193
62.640	6.045	-0.200
62.660	2.361	-0.231
62.680	-1.356	-0.225
62.700	-5.057	-0.250
62.720	-8.704	-0.242
62.740	-12.190	-0.259
62.760	-15.504	-0.250
62.780	-18.619	-0.250
62.800	-21.444	-0.243
62.820	-23.958	-0.231
62.840	-26.117	-0.217
62.860	-27.927	-0.200
62.880	-29.302	-0.182
62.900	-30.237	-0.156
62.920	-30.720	-0.132
62.940	-30.801	-0.109
62.960	-30.430	-0.082
62.980	-29.635	-0.051
63.000	-28.362	-0.021
63.020	-26.670	0.007
63.040	-24.624	0.039
63.060	-22.212	0.063
63.080	-19.446	0.097
63.100	-16.417	0.119
63.120	-13.162	0.151
63.140	-9.681	0.164
63.160	-6.088	0.195
63.180	-2.382	0.202
63.200	1.356	0.223
63.220	5.046	0.226
63.240	8.672	0.242
63.260	12.190	0.235
63.280	15.514	0.239
63.300	18.608	0.234
63.320	21.466	0.235
63.340	23.985	0.214
63.360	26.128	0.210
63.380	27.922	0.182
63.400	29.291	0.171
63.420	30.247	0.139
63.440	30.758	0.125
63.460	30.817	0.088
63.480	30.462	0.071
63.500	29.624	0.031
63.520	28.378	0.009
63.540	26.729	-0.030
63.560	24.694	-0.047
63.580	22.277	-0.089
63.600	19.527	-0.104
63.620	16.519	-0.148
63.640	13.232	-0.151
63.660	9.800	-0.193
63.680	6.212	-0.199
63.700	2.538	-0.225
63.720	-1.184	-0.229
63.740	-4.890	-0.244
63.760	-8.537	-0.249
63.780	-12.039	-0.251
63.800	-15.369	-0.258
63.820	-18.485	-0.244
63.840	-21.342	-0.251
63.860	-23.845	-0.225
63.880	-26.042	-0.221
63.900	-27.884	-0.194
63.920	-29.259	-0.181
63.940	-30.220	-0.155
63.960	-30.725	-0.133
63.980	-30.806	-0.108
64.000	-30.473	-0.072
64.020	-29.683	-0.053
64.040	-28.464	-0.017
64.060	-26.788	0.007
64.080	-24.742	0.043
64.100	-22.352	0.067
64.120	-19.618	0.101
64.140	-16.589	0.119
64.160	-13.355	0.152
64.180	-9.869	0.173
64.200	-6.276	0.197
64.220	-2.581	0.208
64.240	1.147	0.228
64.260	4.853	0.232
64.280	8.484	0.247
64.300	12.007	0.244
64.320	15.353	0.250
64.340	18.463	0.241
64.360	21.337	0.237
64.380	23.866	0.218
64.400	26.042	0.211
64.420	27.830	0.192
64.440	29.232	0.179
64.460	30.204	0.147
64.480	30.736	0.128
64.500	30.838	0.097
64.520	30.484	0.073
64.540	29.667	0.037
64.560	28.448	0.014
64.580	26.815	-0.022
64.600	24.801	-0.039
64.620	22.389	-0.082
64.640	19.656	-0.096
64.660	16.658	-0.137
64.680	13.393	-0.146
64.700	9.955	-0.180
64.720	6.373	-0.191
64.740	2.683	-0.213
64.760	-1.029	-0.224
64.780	-4.729	-0.234
64.800	-8.392	-0.244
64.820	-11.900	-0.240
64.840	-15.240	-0.246
64.860	-18.372	-0.237
64.880	-21.240	-0.238
64.900	-23.781	-0.217
64.920	-25.983	-0.213
64.940	-27.820	-0.191
64.960	-29.227	-0.174
64.980	-30.231	-0.151
65.000	-30.736	-0.123
65.020	-30.833	-0.097
65.040	-30.543	-0.067
65.060	-29.775	-0.047
65.080	-28.539	-0.009
65.100	-26.917	0.015
65.120	-24.876	0.048
65.140	-22.491	0.075
65.160	-19.752	0.110
65.180	-16.755	0.129
65.200	-13.516	0.160
65.220	-10.063	0.177
65.240	-6.448	0.204
65.260	-2.763	0.216
65.280	0.959	0.236
65.300	4.681	0.240
65.320	8.317	0.252
65.340	11.835	0.250
65.360	15.192	0.257
65.380	18.323	0.247
65.400	21.197	0.244
65.420	23.759	0.231
65.440	25.934	0.225
65.460	27.766	0.198
65.480	29.173	0.184
65.500	30.177	0.156
65.520	30.731	0.140
65.540	30.838	0.103
65.560	30.510	0.085
65.580	29.721	0.050
65.600	28.518	0.019
65.620	26.885	-0.009
65.640	24.908	-0.039
65.660	22.513	-0.067
65.680	19.801	-0.096
65.700	16.814	-0.124
65.720	13.565	-0.142
65.740	10.122	-0.167
65.760	6.550	-0.192
65.780	2.882	-0.203
65.800	-0.830	-0.223
65.820	-4.536	-0.226
65.840	-8.199	-0.242
65.860	-11.733	-0.241
65.880	-15.058	-0.242
65.900	-18.200	-0.235
65.920	-21.095	-0.229
65.940	-23.641	-0.219
65.960	-25.865	-0.204
65.980	-27.723	-0.192
66.000	-29.146	-0.167
66.020	-30.151	-0.148
66.040	-30.698	-0.118
66.060	-30.849	-0.102
66.080	-30.521	-0.068
66.100	-29.780	-0.043
66.120	-28.593	-0.010
66.140	-26.960	0.015
66.160	-24.962	0.047
66.180	-22.594	0.073
66.200	-19.865	0.103
66.220	-16.889	0.127
66.240	-13.635	0.155
66.260	-10.208	0.180
66.280	-6.604	0.198
66.300	-2.919	0.214
66.320	0.803	0.232
66.340	4.514	0.240
66.360	8.161	0.244
66.380	11.685	0.246
66.400	15.052	0.251
66.420	18.184	0.244
66.440	21.079	0.241
66.460	23.641	0.227
66.480	25.843	0.218
66.500	27.685	0.194
66.520	29.125	0.179
66.540	30.135	0.155
66.560	30.715	0.135
66.580	30.844	0.102
66.600	30.527	0.081
66.620	29.759	0.044
66.640	28.588	0.015
66.660	26.976	-0.012
66.680	25.016	-0.043
66.700	22.636	-0.074
66.720	19.929	-0.101
66.740	16.954	-0.128
66.760	13.731	-0.150
66.780	10.304	-0.171
66.800	6.743	-0.199
66.820	3.070	-0.211
66.840	-0.653	-0.228
66.860	-4.353	-0.232
66.880	-8.006	-0.245
66.900	-11.545	-0.246
66.920	-14.902	-0.250
66.940	-18.044	-0.246
66.960	-20.939	-0.238
66.980	-23.507	-0.229
67.000	-25.752	-0.213
67.020	-27.610	-0.204
67.040	-29.066	-0.181
67.060	-30.113	-0.158
67.080	-30.666	-0.134
67.100	-30.838	-0.109
67.120	-30.527	-0.077
67.140	-29.807	-0.053
67.160	-28.647	-0.020
67.180	-27.035	0.006
67.200	-25.037	0.037
67.220	-22.696	0.061
67.240	-20.005	0.091
67.260	-17.018	0.118
67.280	-13.806	0.144
67.300	-10.364	0.164
67.320	-6.786	0.188
67.340	-3.096	0.204
67.360	0.636	0.222
67.380	4.343	0.230
67.400	7.979	0.239
67.420	11.529	0.238
67.440	14.886	0.239
67.460	18.044	0.238
67.480	20.934	0.230
67.500	23.528	0.219
67.520	25.752	0.207
67.540	27.599	0.188
67.560	29.060	0.172
67.580	30.081	0.146
67.600	30.688	0.123
67.620	30.854	0.094
67.640	30.559	0.070
67.660	29.812	0.041
67.680	28.652	0.010
67.700	27.078	-0.020
67.720	25.123	-0.046
67.740	22.744	-0.081
67.760	20.074	-0.107
67.780	17.115	-0.139
67.800	13.882	-0.156
67.820	10.466	-0.184
67.840	6.915	-0.200
67.860	3.247	-0.223
67.880	-0.459	-0.229
67.900	-4.181	-0.246
67.920	-7.844	-0.245
67.940	-11.384	-0.257
67.960	-14.736	-0.250
67.980	-17.899	-0.254
68.000	-20.800	-0.239
68.020	-23.399	-0.237
68.040	-25.634	-0.215
68.060	-27.524	-0.209
68.080	-29.028	-0.183
68.100	-30.059	-0.162
68.120	-30.656	-0.139
68.140	-30.822	-0.114
68.160	-30.559	-0.083
68.180	-29.871	-0.057
68.200	-28.706	-0.026
68.220	-27.121	0.000
68.240	-25.150	0.036
68.260	-22.814	0.061
68.280	-20.155	0.093
68.300	-17.169	0.117
68.320	-13.968	0.143
68.340	-10.535	0.164
68.360	-6.953	0.187
68.380	-3.279	0.205
68.400	0.448	0.220
68.420	4.171	0.231
68.440	7.818	0.239
68.460	11.357	0.240
68.480	14.741	0.247
68.500	17.894	0.240
68.520	20.800	0.236
68.540	23.410	0.221
68.560	25.650	0.214
68.580	27.535	0.190
68.600	29.007	0.175
68.620	30.065	0.148
68.640	30.666	0.131
68.660	30.849	0.099
68.680	30.591	0.078
68.700	29.866	0.042
68.720	28.717	0.018
68.740	27.148	-0.018
68.760	25.215	-0.040
68.780	22.867	-0.076
68.800	20.209	-0.102
68.820	17.249	-0.129
68.840	14.043	-0.151
68.860	10.627	-0.180
68.880	7.066	-0.191
68.900	3.408	-0.217
68.920	-0.314	-0.225
68.940	-4.036	-0.242
68.960	-7.683	-0.242
68.980	-11.244	-0.252
69.000	-14.617	-0.250
69.020	-17.797	-0.249
69.040	-20.719	-0.237
69.060	-23.313	-0.232
69.080	-25.591	-0.215
69.100	-27.508	-0.204
69.120	-28.996	-0.175
69.140	-30.049	-0.159
69.160	-30.688	-0.134
69.180	-30.822	-0.112
69.200	-30.623	-0.079
69.220	-29.947	-0.055
69.240	-28.819	-0.017
69.260	-27.250	0.007
69.280	-25.306	0.040
69.300	-22.975	0.063
69.320	-20.311	0.097
69.340	-17.351	0.119
69.360	-14.150	0.152
69.380	-10.745	0.171
69.400	-7.146	0.194
69.420	-3.467	0.212
69.440	0.239	0.229
69.460	3.961	0.238
69.480	7.635	0.249
69.500	11.164	0.254
69.520	14.574	0.255
69.540	17.743	0.250
69.560	20.665	0.244
69.580	23.292	0.231
69.600	25.558	0.223
69.620	27.454	0.201
69.640	28.942	0.183
69.660	30.022	0.161
69.680	30.650	0.141
69.700	30.849	0.110
69.720	30.602	0.086
69.740	29.893	0.053
69.760	28.776	0.030
69.780	27.223	-0.008
69.800	25.317	-0.033
69.820	22.986	-0.067
69.840	20.338	-0.088
69.860	17.400	-0.121
69.880	14.188	-0.142
69.900	10.788	-0.166
69.920	7.243	-0.180
69.940	3.569	-0.207
69.960	-0.132	-0.212
69.980	-3.865	-0.234
70.000	-7.522	-0.236
70.020	-11.089	-0.244
70.040	-14.456	-0.240
70.060	-17.636	-0.241
70.080	-20.569	-0.230
70.100	-23.179	-0.223
70.120	-25.483	-0.202
70.140	-27.417	-0.196
70.160	-28.926	-0.174
70.180	-29.995	-0.153
70.200	-30.656	-0.125
70.220	-30.854	-0.105
70.240	-30.629	-0.073
70.260	-29.968	-0.047
70.280	-28.851	-0.016
70.300	-27.325	0.012
70.320	-25.376	0.044
70.340	-23.072	0.069
70.360	-20.440	0.102
70.380	-17.475	0.124
70.400	-14.290	0.155
70.420	-10.895	0.173
70.440	-7.307	0.198
70.460	-3.634	0.217
70.480	0.083	0.234
70.500	3.800	0.239
70.520	7.452	0.247
70.540	11.019	0.250
70.560	14.419	0.249
70.580	17.609	0.247
70.600	20.531	0.243
70.620	23.179	0.235
70.640	25.451	0.225
70.660	27.352	0.204
70.680	28.883	0.188
70.700	29.968	0.159
70.720	30.629	0.141
70.740	30.860	0.109
70.760	30.623	0.086
70.780	29.952	0.055
70.800	28.840	0.024
70.820	27.309	-0.005
70.840	25.424	-0.033
70.860	23.115	-0.068
70.880	20.483	-0.091
70.900	17.555	-0.125
70.920	14.365	-0.144
70.940	10.970	-0.168
70.960	7.420	-0.189
70.980	3.762	-0.211
71.000	0.051	-0.220
71.020	-3.650	-0.233
71.040	-7.323	-0.238
71.060	-10.895	-0.246
71.080	-14.274	-0.244
71.100	-17.480	-0.244
71.120	-20.418	-0.232
71.140	-23.050	-0.225
71.160	-25.354	-0.210
71.180	-27.309	-0.201
71.200	-28.840	-0.178
71.220	-29.925	-0.159
71.240	-30.602	-0.129
71.260	-30.860	-0.110
71.280	-30.629	-0.079
71.300	-29.995	-0.055
71.320	-28.883	-0.023
71.340	-27.368	0.003
71.360	-25.440	0.035
71.380	-23.174	0.064
71.400	-20.542	0.095
71.420	-17.604	0.115
71.440	-14.446	0.148
71.460	-11.040	0.166
71.480	-7.485	0.190
71.500	-3.800	0.209
71.520	-0.089	0.225
71.540	3.644	0.237
71.560	7.291	0.241
71.580	10.852	0.243
71.600	14.274	0.244
71.620	17.464	0.240
71.640	20.402	0.238
71.660	23.072	0.224
71.680	25.354	0.217
71.700	27.282	0.195
71.720	28.819	0.177
71.740	29.930	0.152
71.760	30.613	0.131
71.780	30.860	0.102
71.800	30.645	0.079
71.820	30.006	0.046
71.840	28.905	0.015
71.860	27.411	-0.015
71.880	25.526	-0.040
71.900	23.233	-0.074
71.920	20.617	-0.101
71.940	17.695	-0.130
71.960	14.521	-0.155
71.980	11.148	-0.175
72.000	7.597	-0.199
72.020	3.945	-0.217
72.040	0.244	-0.228
72.060	-3.472	-0.242
72.080	-7.152	-0.246
72.100	-10.697	-0.254
72.120	-14.123	-0.251
72.140	-17.324	-0.254
72.160	-20.273	-0.246
72.180	-22.932	-0.242
72.200	-25.236	-0.222
72.220	-27.213	-0.210
72.240	-28.770	-0.189
72.260	-29.893	-0.173
72.280	-30.580	-0.141
72.300	-30.811	-0.122
72.320	-30.656	-0.092
72.340	-30.027	-0.068
72.360	-28.974	-0.032
72.380	-27.465	-0.005
72.400	-25.542	0.027
72.420	-23.302	0.053
72.440	-20.692	0.084
72.460	-17.754	0.109
72.480	-14.601	0.138
72.500	-11.191	0.159
72.520	-7.651	0.182
72.540	-3.983	0.201
72.560	-0.250	0.215
72.580	3.456	0.227
72.600	7.130	0.235
72.620	10.697	0.240
72.640	14.107	0.243
72.660	17.308	0.241
72.680	20.273	0.235
72.700	22.953	0.221
72.720	25.247	0.214
72.740	27.207	0.194
72.760	28.743	0.176
72.780	29.893	0.151
72.800	30.586	0.133
72.820	30.849	0.102
72.840	30.661	0.079
72.860	30.022	0.050
