0.000	28.521	0.029
0.020	26.882	-0.001
0.040	24.900	-0.026
0.060	22.489	-0.061
0.080	19.787	-0.084
0.100	16.801	-0.114
0.120	13.546	-0.135
0.140	10.114	-0.159
0.160	6.537	-0.179
0.180	2.857	-0.200
0.200	-0.870	-0.210
0.220	-4.565	-0.228
0.240	-8.229	-0.233
0.260	-11.752	-0.239
0.280	-15.098	-0.244
0.300	-18.246	-0.238
0.320	-21.114	-0.237
0.340	-23.676	-0.225
0.360	-25.883	-0.219
0.380	-27.736	-0.204
0.400	-29.165	-0.186
0.420	-30.153	-0.166
0.440	-30.685	-0.146
0.460	-30.814	-0.123
0.480	-30.524	-0.095
0.500	-29.745	-0.069
0.520	-28.553	-0.040
0.540	-26.909	-0.013
0.560	-24.890	0.018
0.580	-22.521	0.045
0.600	-19.803	0.074
0.620	-16.785	0.099
0.640	-13.557	0.124
0.660	-10.098	0.148
0.680	-6.499	0.170
0.700	-2.809	0.188
0.720	0.918	0.205
0.740	4.630	0.219
0.760	8.271	0.226
0.780	11.806	0.234
0.800	15.168	0.236
0.820	18.299	0.232
0.840	21.162	0.230
0.860	23.740	0.218
0.880	25.921	0.211
0.900	27.758	0.190
0.920	29.170	0.180
0.940	30.169	0.157
0.960	30.717	0.137
0.980	30.835	0.113
1.000	30.508	0.091
1.020	29.718	0.058
1.040	28.515	0.037
1.060	26.882	-0.003
1.080	24.890	-0.021
1.100	22.478	-0.056
1.120	19.776	-0.076
1.140	16.785	-0.108
1.160	13.530	-0.131
1.180	10.092	-0.157
1.200	6.515	-0.175
1.220	2.825	-0.192
1.240	-0.886	-0.204
1.260	-4.592	-0.220
1.280	-8.255	-0.227
1.300	-11.800	-0.231
1.320	-15.157	-0.235
1.340	-18.278	-0.233
1.360	-21.167	-0.229
1.380	-23.724	-0.223
1.400	-25.916	-0.213
1.420	-27.779	-0.195
1.440	-29.219	-0.181
1.460	-30.218	-0.162
1.480	-30.750	-0.138
1.500	-30.841	-0.116
1.520	-30.551	-0.087
1.540	-29.799	-0.062
1.560	-28.606	-0.030
1.580	-26.958	-0.005
1.600	-24.922	0.029
1.620	-22.553	0.051
1.640	-19.809	0.086
1.660	-16.828	0.107
1.680	-13.583	0.135
1.700	-10.119	0.157
1.720	-6.510	0.182
1.740	-2.820	0.193
1.760	0.902	0.216
1.780	4.625	0.224
1.800	8.266	0.236
1.820	11.811	0.243
1.840	15.168	0.243
1.860	18.294	0.242
1.880	21.167	0.240
1.900	23.735	0.228
1.920	25.926	0.224
1.940	27.763	0.201
1.960	29.170	0.188
1.980	30.169	0.164
2.000	30.723	0.148
2.020	30.830	0.118
2.040	30.508	0.100
2.060	29.729	0.069
2.080	28.515	0.041
2.100	26.877	0.013
2.120	24.890	-0.016
2.140	22.483	-0.050
2.160	19.776	-0.075
2.180	16.779	-0.101
2.200	13.519	-0.121
2.220	10.087	-0.146
2.240	6.504	-0.162
2.260	2.825	-0.185
2.280	-0.892	-0.201
2.300	-4.608	-0.211
2.320	-8.261	-0.215
2.340	-11.790	-0.226
2.360	-15.130	-0.227
2.380	-18.267	-0.227
2.400	-21.157	-0.219
2.420	-23.713	-0.215
2.440	-25.910	-0.200
2.460	-27.763	-0.190
2.480	-29.181	-0.170
2.500	-30.196	-0.155
2.520	-30.723	-0.127
2.540	-30.852	-0.108
2.560	-30.524	-0.080
2.580	-29.777	-0.057
2.600	-28.574	-0.026
2.620	-26.936	0.001
2.640	-24.900	0.028
2.660	-22.537	0.062
2.680	-19.792	0.086
2.700	-16.795	0.112
2.720	-13.562	0.137
2.740	-10.103	0.161
2.760	-6.494	0.184
2.780	-2.804	0.199
2.800	0.940	0.215
2.820	4.635	0.229
2.840	8.298	0.238
2.860	11.811	0.242
2.880	15.184	0.244
2.900	18.315	0.242
2.920	21.178	0.240
2.940	23.735	0.230
2.960	25.932	0.220
2.980	27.763	0.199
3.000	29.176	0.188
3.020	30.169	0.163
3.040	30.723	0.145
3.060	30.841	0.114
3.080	30.508	0.095
3.100	29.718	0.066
3.120	28.521	0.034
3.140	26.877	0.010
3.160	24.900	-0.018
3.180	22.483	-0.050
3.200	19.776	-0.073
3.220	16.779	-0.104
3.240	13.530	-0.129
3.260	10.092	-0.150
3.280	6.510	-0.169
3.300	2.836	-0.189
3.320	-0.886	-0.208
3.340	-4.598	-0.212
3.360	-8.261	-0.224
3.380	-11.790	-0.230
3.400	-15.114	-0.234
3.420	-18.256	-0.233
3.440	-21.141	-0.225
3.460	-23.687	-0.223
3.480	-25.910	-0.204
3.500	-27.736	-0.197
3.520	-29.154	-0.177
3.540	-30.159	-0.162
3.560	-30.685	-0.135
3.580	-30.846	-0.117
3.600	-30.519	-0.087
3.620	-29.734	-0.066
3.640	-28.537	-0.034
3.660	-26.904	-0.006
3.680	-24.895	0.024
3.700	-22.510	0.053
3.720	-19.782	0.076
3.740	-16.763	0.105
3.760	-13.535	0.129
3.780	-10.087	0.153
3.800	-6.472	0.171
3.820	-2.782	0.186
3.840	0.951	0.204
3.860	4.667	0.218
3.880	8.293	0.228
3.900	11.827	0.232
3.920	15.179	0.236
3.940	18.326	0.233
3.960	21.194	0.229
3.980	23.751	0.219
4.000	25.942	0.211
4.020	27.758	0.192
4.040	29.170	0.176
4.060	30.169	0.157
4.080	30.723	0.136
4.100	30.835	0.107
4.120	30.508	0.085
4.140	29.718	0.057
4.160	28.521	0.029
4.180	26.877	0.000
4.200	24.890	-0.028
4.220	22.478	-0.060
4.240	19.771	-0.083
4.260	16.763	-0.112
4.280	13.530	-0.135
4.300	10.087	-0.160
4.320	6.499	-0.179
4.340	2.825	-0.201
4.360	-0.881	-0.212
4.380	-4.587	-0.226
4.400	-8.255	-0.233
4.420	-11.790	-0.238
4.440	-15.136	-0.240
4.460	-18.246	-0.241
4.480	-21.141	-0.232
4.500	-23.670	-0.229
4.520	-25.894	-0.216
4.540	-27.742	-0.206
4.560	-29.176	-0.184
4.580	-30.175	-0.166
4.600	-30.685	-0.144
4.620	-30.819	-0.122
4.640	-30.492	-0.095
4.660	-29.750	-0.073
4.680	-28.542	-0.040
4.700	-26.898	-0.010
4.720	-24.874	0.020
4.740	-22.489	0.047
4.760	-19.776	0.073
4.780	-16.769	0.098
4.800	-13.535	0.124
4.820	-10.065	0.149
4.840	-6.467	0.168
4.860	-2.782	0.186
4.880	0.961	0.203
4.900	4.673	0.213
4.920	8.298	0.223
4.940	11.827	0.229
4.960	15.189	0.235
4.980	18.321	0.230
5.000	21.194	0.228
5.020	23.756	0.219
5.040	25.942	0.211
5.060	27.763	0.187
5.080	29.170	0.178
5.100	30.175	0.155
5.120	30.723	0.137
5.140	30.835	0.106
5.160	30.508	0.090
5.180	29.718	0.055
5.200	28.515	0.029
5.220	26.877	0.000
5.240	24.890	-0.025
5.260	22.478	-0.059
5.280	19.771	-0.083
5.300	16.763	-0.114
5.320	13.519	-0.133
5.340	10.076	-0.160
5.360	6.515	-0.175
5.380	2.825	-0.195
5.400	-0.892	-0.209
5.420	-4.619	-0.223
5.440	-8.271	-0.229
5.460	-11.795	-0.237
5.480	-15.141	-0.239
5.500	-18.283	-0.233
5.520	-21.162	-0.233
5.540	-23.719	-0.225
5.560	-25.926	-0.211
5.580	-27.769	-0.201
5.600	-29.197	-0.179
5.620	-30.196	-0.162
5.640	-30.728	-0.140
5.660	-30.846	-0.120
5.680	-30.540	-0.089
5.700	-29.788	-0.066
5.720	-28.574	-0.033
5.740	-26.920	-0.009
5.760	-24.906	0.024
5.780	-22.521	0.050
5.800	-19.787	0.081
5.820	-16.801	0.105
5.840	-13.562	0.130
5.860	-10.098	0.153
5.880	-6.504	0.177
5.900	-2.777	0.193
5.920	0.940	0.210
5.940	4.651	0.221
5.960	8.293	0.228
5.980	11.833	0.236
6.000	15.184	0.239
6.020	18.310	0.235
6.040	21.189	0.234
6.060	23.756	0.223
6.080	25.942	0.215
6.100	27.763	0.199
6.120	29.181	0.185
6.140	30.180	0.161
6.160	30.723	0.142
6.180	30.830	0.113
6.200	30.502	0.095
6.220	29.713	0.065
6.240	28.504	0.039
6.260	26.872	0.007
6.280	24.879	-0.019
6.300	22.478	-0.049
6.320	19.755	-0.072
6.340	16.763	-0.107
6.360	13.503	-0.123
6.380	10.049	-0.149
6.400	6.467	-0.163
6.420	2.793	-0.191
6.440	-0.929	-0.199
6.460	-4.641	-0.216
6.480	-8.298	-0.219
6.500	-11.827	-0.229
6.520	-15.152	-0.231
6.540	-18.305	-0.226
6.560	-21.189	-0.221
6.580	-23.719	-0.216
6.600	-25.948	-0.199
6.620	-27.785	-0.191
6.640	-29.219	-0.171
6.660	-30.212	-0.158
6.680	-30.739	-0.130
6.700	-30.857	-0.107
6.720	-30.529	-0.080
6.740	-29.767	-0.054
6.760	-28.563	-0.025
6.780	-26.931	0.002
6.800	-24.906	0.032
6.820	-22.526	0.060
6.840	-19.803	0.087
6.860	-16.785	0.113
6.880	-13.541	0.141
6.900	-10.092	0.163
6.920	-6.478	0.181
6.940	-2.777	0.202
6.960	0.945	0.216
6.980	4.657	0.227
7.000	8.298	0.242
7.020	11.833	0.244
7.040	15.189	0.244
7.060	18.321	0.244
7.080	21.205	0.244
7.100	23.756	0.231
7.120	25.953	0.224
7.140	27.763	0.203
7.160	29.181	0.190
7.180	30.175	0.166
7.200	30.723	0.150
7.220	30.819	0.116
7.240	30.502	0.101
7.260	29.702	0.066
7.280	28.494	0.041
7.300	26.872	0.010
7.320	24.868	-0.011
7.340	22.473	-0.046
7.360	19.744	-0.071
7.380	16.758	-0.101
7.400	13.503	-0.126
7.420	10.044	-0.143
7.440	6.472	-0.166
7.460	2.804	-0.183
7.480	-0.924	-0.202
7.500	-4.641	-0.208
7.520	-8.288	-0.224
7.540	-11.806	-0.223
7.560	-15.136	-0.232
7.580	-18.305	-0.224
7.600	-21.178	-0.225
7.620	-23.708	-0.212
7.640	-25.926	-0.203
7.660	-27.769	-0.191
7.680	-29.192	-0.174
7.700	-30.191	-0.155
7.720	-30.728	-0.129
7.740	-30.852	-0.110
7.760	-30.519	-0.082
7.780	-29.750	-0.062
7.800	-28.537	-0.029
7.820	-26.904	0.000
7.840	-24.884	0.029
7.860	-22.489	0.055
7.880	-19.782	0.087
7.900	-16.752	0.107
7.920	-13.514	0.135
7.940	-10.065	0.159
7.960	-6.472	0.179
7.980	-2.771	0.196
8.000	0.967	0.209
8.020	4.684	0.226
8.040	8.314	0.231
8.060	11.833	0.241
8.080	15.200	0.239
8.100	18.326	0.242
8.120	21.205	0.232
8.140	23.762	0.225
8.160	25.953	0.213
8.180	27.774	0.196
8.200	29.176	0.178
8.220	30.169	0.161
8.240	30.712	0.138
8.260	30.825	0.113
8.280	30.497	0.091
8.300	29.702	0.058
8.320	28.494	0.034
8.340	26.872	0.003
8.360	24.863	-0.023
8.380	22.478	-0.054
8.400	19.750	-0.076
8.420	16.758	-0.113
8.440	13.492	-0.127
8.460	10.049	-0.155
8.480	6.478	-0.170
8.500	2.804	-0.200
8.520	-0.918	-0.205
8.540	-4.630	-0.230
8.560	-8.282	-0.222
8.580	-11.795	-0.244
8.600	-15.141	-0.229
8.620	-18.294	-0.241
8.640	-21.162	-0.228
8.660	-23.708	-0.229
8.680	-25.916	-0.209
8.700	-27.747	-0.201
8.720	-29.187	-0.180
8.740	-30.175	-0.164
8.760	-30.707	-0.144
8.780	-30.830	-0.113
8.800	-30.502	-0.092
8.820	-29.729	-0.063
8.840	-28.531	-0.040
8.860	-26.888	-0.011
8.880	-24.857	0.016
8.900	-22.494	0.047
8.920	-19.755	0.077
8.940	-16.752	0.098
8.960	-13.503	0.127
8.980	-10.049	0.144
9.000	-6.456	0.169
9.020	-2.750	0.184
9.040	0.972	0.205
9.060	4.689	0.210
9.080	8.325	0.228
9.100	11.854	0.230
9.120	15.200	0.235
9.140	18.332	0.225
9.160	21.205	0.229
9.180	23.756	0.215
9.200	25.958	0.209
9.220	27.763	0.186
9.240	29.181	0.178
9.260	30.169	0.153
9.280	30.728	0.136
9.300	30.819	0.107
9.320	30.492	0.084
9.340	29.708	0.058
9.360	28.488	0.027
9.380	26.866	-0.001
9.400	24.868	-0.029
9.420	22.478	-0.056
9.440	19.739	-0.086
9.460	16.752	-0.112
9.480	13.487	-0.136
9.500	10.049	-0.160
9.520	6.472	-0.178
9.540	2.788	-0.203
9.560	-0.924	-0.208
9.580	-4.641	-0.233
9.600	-8.298	-0.224
9.620	-11.806	-0.249
9.640	-15.157	-0.237
9.660	-18.289	-0.249
9.680	-21.173	-0.231
9.700	-23.724	-0.237
9.720	-25.916	-0.216
9.740	-27.752	-0.206
9.760	-29.187	-0.180
9.780	-30.186	-0.170
9.800	-30.712	-0.142
9.820	-30.830	-0.125
9.840	-30.508	-0.094
9.860	-29.745	-0.074
9.880	-28.542	-0.035
9.900	-26.904	-0.015
9.920	-24.874	0.020
9.940	-22.494	0.047
9.960	-19.755	0.073
9.980	-16.763	0.101
10.000	-13.524	0.124
10.020	-10.060	0.150
10.040	-6.451	0.167
10.060	-2.750	0.190
10.080	0.972	0.203
10.100	4.678	0.219
10.120	8.331	0.224
10.140	11.865	0.234
10.160	15.189	0.233
10.180	18.326	0.235
10.200	21.210	0.231
10.220	23.762	0.218
10.240	25.953	0.213
10.260	27.769	0.193
10.280	29.181	0.179
10.300	30.169	0.153
10.320	30.728	0.141
10.340	30.825	0.112
10.360	30.492	0.095
10.380	29.702	0.054
10.400	28.488	0.040
10.420	26.861	-0.006
10.440	24.852	-0.015
10.460	22.467	-0.061
10.480	19.733	-0.067
10.500	16.736	-0.117
10.520	13.471	-0.116
10.540	10.039	-0.163
10.560	6.445	-0.162
10.580	2.766	-0.199
10.600	-0.956	-0.201
10.620	-4.662	-0.220
10.640	-8.336	-0.224
10.660	-11.854	-0.232
10.680	-15.195	-0.235
10.700	-18.332	-0.229
10.720	-21.216	-0.233
10.740	-23.772	-0.214
10.760	-25.969	-0.216
10.780	-27.817	-0.187
10.800	-29.235	-0.183
10.820	-30.223	-0.151
10.840	-30.739	-0.139
10.860	-30.857	-0.109
10.880	-30.556	-0.085
10.900	-29.777	-0.059
10.920	-28.580	-0.026
10.940	-26.931	-0.009
10.960	-24.911	0.033
10.980	-22.521	0.053
11.000	-19.787	0.088
11.020	-16.769	0.107
11.040	-13.546	0.145
11.060	-10.065	0.154
11.080	-6.467	0.186
11.100	-2.771	0.193
11.120	0.961	0.221
11.140	4.678	0.222
11.160	8.309	0.242
11.180	11.859	0.238
11.200	15.206	0.251
11.220	18.332	0.240
11.240	21.210	0.242
11.260	23.762	0.223
11.280	25.953	0.225
11.300	27.774	0.199
11.320	29.187	0.190
11.340	30.175	0.162
11.360	30.723	0.151
11.380	30.819	0.116
11.400	30.492	0.101
11.420	29.697	0.067
11.440	28.488	0.039
11.460	26.855	0.011
11.480	24.847	-0.009
11.500	22.451	-0.047
11.520	19.728	-0.066
11.540	16.736	-0.101
11.560	13.481	-0.120
11.580	10.033	-0.147
11.600	6.451	-0.159
11.620	2.771	-0.189
11.640	-0.951	-0.196
11.660	-4.673	-0.215
11.680	-8.331	-0.213
11.700	-11.854	-0.231
11.720	-15.189	-0.226
11.740	-18.321	-0.225
11.760	-21.216	-0.216
11.780	-23.740	-0.216
11.800	-25.948	-0.196
11.820	-27.795	-0.190
11.840	-29.197	-0.170
11.860	-30.191	-0.157
11.880	-30.723	-0.128
11.900	-30.862	-0.108
11.920	-30.535	-0.079
11.940	-29.745	-0.056
11.960	-28.537	-0.021
11.980	-26.909	-0.001
12.000	-24.874	0.033
12.020	-22.483	0.059
12.040	-19.755	0.088
12.060	-16.747	0.110
12.080	-13.498	0.140
12.100	-10.049	0.161
12.120	-6.445	0.182
12.140	-2.739	0.197
12.160	0.994	0.215
12.180	4.694	0.225
12.200	8.336	0.240
12.220	11.865	0.239
12.240	15.227	0.243
12.260	18.342	0.241
12.280	21.210	0.239
12.300	23.767	0.226
12.320	25.958	0.219
12.340	27.774	0.195
12.360	29.197	0.185
12.380	30.180	0.162
12.400	30.723	0.144
12.420	30.825	0.114
12.440	30.497	0.095
12.460	29.697	0.066
12.480	28.488	0.035
12.500	26.850	0.006
12.520	24.852	-0.020
12.540	22.446	-0.050
12.560	19.723	-0.071
12.580	16.736	-0.108
12.600	13.476	-0.129
12.620	10.039	-0.149
12.640	6.445	-0.167
12.660	2.777	-0.191
12.680	-0.951	-0.205
12.700	-4.657	-0.217
12.720	-8.320	-0.222
12.740	-11.816	-0.233
12.760	-15.173	-0.233
12.780	-18.315	-0.234
12.800	-21.178	-0.224
12.820	-23.719	-0.222
12.840	-25.942	-0.204
12.860	-27.763	-0.197
12.880	-29.197	-0.175
12.900	-30.186	-0.158
12.920	-30.707	-0.137
12.940	-30.841	-0.111
12.960	-30.502	-0.088
12.980	-29.745	-0.064
13.000	-28.537	-0.034
13.020	-26.872	-0.005
13.040	-24.852	0.022
13.060	-22.473	0.048
13.080	-19.744	0.081
13.100	-16.736	0.103
13.120	-13.487	0.130
13.140	-10.022	0.153
13.160	-6.418	0.173
13.180	-2.729	0.187
13.200	0.994	0.206
13.220	4.705	0.212
13.240	8.347	0.228
13.260	11.875	0.232
13.280	15.232	0.236
13.300	18.337	0.228
13.320	21.221	0.231
13.340	23.772	0.215
13.360	25.964	0.209
13.380	27.769	0.187
13.400	29.197	0.176
13.420	30.186	0.155
13.440	30.717	0.135
13.460	30.825	0.107
13.480	30.502	0.085
13.500	29.702	0.058
13.520	28.488	0.023
13.540	26.850	0.003
13.560	24.852	-0.029
13.580	22.446	-0.057
13.600	19.733	-0.085
13.620	16.731	-0.112
13.640	13.476	-0.135
13.660	10.044	-0.154
13.680	6.461	-0.179
13.700	2.777	-0.195
13.720	-0.951	-0.211
13.740	-4.657	-0.222
13.760	-8.314	-0.230
13.780	-11.838	-0.238
13.800	-15.163	-0.237
13.820	-18.321	-0.242
13.840	-21.189	-0.228
13.860	-23.724	-0.232
13.880	-25.937	-0.210
13.900	-27.769	-0.207
13.920	-29.203	-0.179
13.940	-30.186	-0.166
13.960	-30.717	-0.142
13.980	-30.825	-0.118
14.000	-30.486	-0.092
14.020	-29.740	-0.070
14.040	-28.521	-0.038
14.060	-26.877	-0.013
14.080	-24.852	0.019
14.100	-22.462	0.049
14.120	-19.733	0.074
14.140	-16.726	0.103
14.160	-13.471	0.126
14.180	-10.022	0.149
14.200	-6.413	0.168
14.220	-2.723	0.191
14.240	1.010	0.203
14.260	4.716	0.216
14.280	8.341	0.226
14.300	11.875	0.231
14.320	15.232	0.236
14.340	18.358	0.230
14.360	21.227	0.231
14.380	23.778	0.219
14.400	25.964	0.210
14.420	27.774	0.190
14.440	29.203	0.176
14.460	30.180	0.154
14.480	30.717	0.140
14.500	30.819	0.106
14.520	30.497	0.090
14.540	29.691	0.055
14.560	28.483	0.031
14.580	26.834	0.003
14.600	24.841	-0.023
14.620	22.419	-0.056
14.640	19.717	-0.081
14.660	16.715	-0.110
14.680	13.449	-0.129
14.700	10.028	-0.158
14.720	6.435	-0.174
14.740	2.761	-0.190
14.760	-0.972	-0.207
14.780	-4.684	-0.218
14.800	-8.336	-0.225
14.820	-11.849	-0.236
14.840	-15.195	-0.233
14.860	-18.348	-0.233
14.880	-21.216	-0.226
14.900	-23.756	-0.225
14.920	-25.969	-0.210
14.940	-27.795	-0.201
14.960	-29.219	-0.174
14.980	-30.212	-0.162
15.000	-30.744	-0.137
15.020	-30.857	-0.112
15.040	-30.529	-0.086
15.060	-29.777	-0.063
15.080	-28.531	-0.031
15.100	-26.920	-0.002
15.120	-24.884	0.028
15.140	-22.505	0.056
15.160	-19.776	0.082
15.180	-16.752	0.111
15.200	-13.519	0.135
15.220	-10.049	0.153
15.240	-6.440	0.178
15.260	-2.745	0.194
15.280	0.994	0.215
15.300	4.689	0.222
15.320	8.341	0.236
15.340	11.875	0.237
15.360	15.222	0.242
15.380	18.342	0.236
15.400	21.221	0.240
15.420	23.772	0.226
15.440	25.969	0.220
15.460	27.774	0.197
15.480	29.197	0.186
15.500	30.169	0.161
15.520	30.717	0.143
15.540	30.825	0.118
15.560	30.486	0.093
15.580	29.691	0.066
15.600	28.467	0.039
15.620	26.834	0.012
15.640	24.836	-0.020
15.660	22.419	-0.043
15.680	19.707	-0.077
15.700	16.720	-0.098
15.720	13.449	-0.127
15.740	10.001	-0.139
15.760	6.408	-0.171
15.780	2.739	-0.182
15.800	-0.983	-0.199
15.820	-4.689	-0.208
15.840	-8.357	-0.220
15.860	-11.881	-0.227
15.880	-15.222	-0.227
15.900	-18.353	-0.227
15.920	-21.221	-0.214
15.940	-23.789	-0.217
15.960	-25.980	-0.193
15.980	-27.828	-0.193
16.000	-29.229	-0.165
16.020	-30.218	-0.157
16.040	-30.744	-0.122
16.060	-30.857	-0.109
16.080	-30.524	-0.076
16.100	-29.761	-0.054
16.120	-28.542	-0.021
16.140	-26.904	0.005
16.160	-24.879	0.031
16.180	-22.494	0.064
16.200	-19.755	0.088
16.220	-16.731	0.112
16.240	-13.487	0.145
16.260	-10.039	0.166
16.280	-6.424	0.181
16.300	-2.729	0.203
16.320	1.004	0.215
16.340	4.721	0.232
16.360	8.352	0.240
16.380	11.886	0.247
16.400	15.238	0.246
16.420	18.364	0.244
16.440	21.232	0.242
16.460	23.789	0.230
16.480	25.975	0.222
16.500	27.774	0.202
16.520	29.203	0.186
16.540	30.180	0.163
16.560	30.728	0.149
16.580	30.825	0.118
16.600	30.492	0.098
16.620	29.697	0.067
16.640	28.483	0.041
16.660	26.834	0.010
16.680	24.836	-0.008
16.700	22.419	-0.047
16.720	19.707	-0.070
16.740	16.709	-0.104
16.760	13.455	-0.121
16.780	10.001	-0.146
16.800	6.424	-0.165
16.820	2.734	-0.186
16.840	-0.978	-0.200
16.860	-4.678	-0.212
16.880	-8.336	-0.216
16.900	-11.859	-0.229
16.920	-15.206	-0.227
16.940	-18.332	-0.227
16.960	-21.210	-0.219
16.980	-23.751	-0.215
17.000	-25.958	-0.200
17.020	-27.801	-0.187
17.040	-29.208	-0.173
17.060	-30.196	-0.151
17.080	-30.707	-0.133
17.100	-30.846	-0.107
17.120	-30.502	-0.079
17.140	-29.734	-0.058
17.160	-28.510	-0.028
17.180	-26.888	0.001
17.200	-24.852	0.025
17.220	-22.457	0.058
17.240	-19.717	0.082
17.260	-16.709	0.107
17.280	-13.476	0.135
17.300	-9.996	0.157
17.320	-6.413	0.178
17.340	-2.707	0.193
17.360	1.026	0.209
17.380	4.721	0.222
17.400	8.363	0.233
17.420	11.897	0.239
17.440	15.243	0.242
17.460	18.375	0.236
17.480	21.232	0.235
17.500	23.794	0.221
17.520	25.975	0.216
17.540	27.779	0.192
17.560	29.208	0.183
17.580	30.180	0.159
17.600	30.723	0.140
17.620	30.819	0.109
17.640	30.486	0.090
17.660	29.681	0.062
17.680	28.478	0.031
17.700	26.829	0.004
17.720	24.831	-0.023
17.740	22.414	-0.053
17.760	19.707	-0.079
17.780	16.709	-0.108
17.800	13.455	-0.133
17.820	9.996	-0.154
17.840	6.418	-0.179
17.860	2.745	-0.193
17.880	-0.978	-0.207
17.900	-4.678	-0.222
17.920	-8.341	-0.227
17.940	-11.859	-0.235
17.960	-15.200	-0.232
17.980	-18.326	-0.238
18.000	-21.200	-0.227
18.020	-23.735	-0.228
18.040	-25.942	-0.206
18.060	-27.785	-0.202
18.080	-29.203	-0.179
18.100	-30.191	-0.165
18.120	-30.717	-0.137
18.140	-30.830	-0.118
18.160	-30.486	-0.088
18.180	-29.718	-0.067
18.200	-28.526	-0.035
18.220	-26.866	-0.008
18.240	-24.836	0.018
18.260	-22.451	0.047
18.280	-19.712	0.073
18.300	-16.704	0.104
18.320	-13.460	0.128
18.340	-9.990	0.149
18.360	-6.397	0.169
18.380	-2.696	0.186
18.400	1.031	0.203
18.420	4.737	0.215
18.440	8.368	0.223
18.460	11.918	0.226
18.480	15.243	0.232
18.500	18.380	0.227
18.520	21.248	0.230
18.540	23.794	0.213
18.560	25.980	0.209
18.580	27.785	0.185
18.600	29.197	0.176
18.620	30.180	0.149
18.640	30.723	0.134
18.660	30.830	0.103
18.680	30.481	0.086
18.700	29.670	0.053
18.720	28.472	0.028
18.740	26.823	-0.003
18.760	24.831	-0.027
18.780	22.414	-0.059
18.800	19.707	-0.080
18.820	16.704	-0.116
18.840	13.438	-0.130
18.860	9.996	-0.157
18.880	6.418	-0.178
18.900	2.745	-0.195
18.920	-0.978	-0.211
18.940	-4.700	-0.224
18.960	-8.357	-0.230
18.980	-11.865	-0.237
19.000	-15.200	-0.237
19.020	-18.337	-0.233
19.040	-21.210	-0.230
19.060	-23.740	-0.226
19.080	-25.948	-0.211
19.100	-27.790	-0.197
19.120	-29.197	-0.180
19.140	-30.196	-0.163
19.160	-30.701	-0.138
19.180	-30.819	-0.114
19.200	-30.497	-0.088
19.220	-29.718	-0.064
19.240	-28.515	-0.033
19.260	-26.872	-0.008
19.280	-24.836	0.021
19.300	-22.467	0.052
19.320	-19.717	0.081
19.340	-16.715	0.104
19.360	-13.460	0.129
19.380	-10.012	0.152
19.400	-6.402	0.175
19.420	-2.702	0.192
19.440	1.026	0.208
19.460	4.743	0.221
19.480	8.363	0.232
19.500	11.908	0.236
19.520	15.265	0.239
19.540	18.375	0.235
19.560	21.259	0.232
19.580	23.799	0.220
19.600	25.980	0.213
19.620	27.785	0.193
19.640	29.203	0.182
19.660	30.191	0.159
19.680	30.723	0.137
19.700	30.830	0.114
19.720	30.476	0.087
19.740	29.681	0.062
19.760	28.472	0.032
19.780	26.818	0.008
19.800	24.820	-0.021
19.820	22.414	-0.050
19.840	19.685	-0.076
19.860	16.699	-0.102
19.880	13.417	-0.130
19.900	9.990	-0.153
19.920	6.402	-0.172
19.940	2.723	-0.191
19.960	-0.999	-0.204
19.980	-4.721	-0.216
20.000	-8.374	-0.220
20.020	-11.875	-0.234
20.040	-15.238	-0.225
20.060	-18.353	-0.232
20.080	-21.243	-0.220
20.100	-23.767	-0.220
20.120	-25.969	-0.200
20.140	-27.817	-0.194
20.160	-29.224	-0.172
20.180	-30.218	-0.150
20.200	-30.717	-0.130
20.220	-30.846	-0.104
20.240	-30.529	-0.082
20.260	-29.750	-0.056
20.280	-28.537	-0.025
20.300	-26.882	0.004
20.320	-24.863	0.032
20.340	-22.462	0.061
20.360	-19.728	0.087
20.380	-16.715	0.114
20.400	-13.471	0.138
20.420	-10.006	0.164
20.440	-6.402	0.181
20.460	-2.712	0.198
20.480	1.031	0.215
20.500	4.743	0.231
20.520	8.368	0.237
20.540	11.918	0.243
20.560	15.243	0.243
20.580	18.385	0.241
20.600	21.264	0.237
20.620	23.810	0.232
20.640	25.980	0.222
20.660	27.801	0.200
20.680	29.203	0.186
20.700	30.186	0.164
20.720	30.723	0.149
20.740	30.819	0.120
20.760	30.481	0.099
20.780	29.670	0.070
20.800	28.467	0.043
20.820	26.823	0.013
20.840	24.831	-0.015
20.860	22.414	-0.046
20.880	19.680	-0.068
20.900	16.693	-0.100
20.920	13.428	-0.122
20.940	9.990	-0.149
20.960	6.397	-0.161
20.980	2.729	-0.187
21.000	-0.999	-0.197
21.020	-4.694	-0.213
21.040	-8.368	-0.213
21.060	-11.897	-0.224
21.080	-15.232	-0.223
21.100	-18.342	-0.224
21.120	-21.221	-0.217
21.140	-23.762	-0.212
21.160	-25.969	-0.194
21.180	-27.806	-0.185
21.200	-29.219	-0.169
21.220	-30.207	-0.147
21.240	-30.723	-0.129
21.260	-30.846	-0.101
21.280	-30.508	-0.080
21.300	-29.740	-0.054
21.320	-28.521	-0.025
21.340	-26.872	0.003
21.360	-24.831	0.034
21.380	-22.440	0.059
21.400	-19.717	0.091
21.420	-16.699	0.112
21.440	-13.449	0.141
21.460	-9.985	0.162
21.480	-6.381	0.184
21.500	-2.691	0.198
21.520	1.042	0.219
21.540	4.753	0.225
21.560	8.395	0.238
21.580	11.929	0.239
21.600	15.270	0.245
21.620	18.396	0.241
21.640	21.270	0.237
21.660	23.810	0.223
21.680	25.991	0.216
21.700	27.795	0.197
21.720	29.219	0.185
21.740	30.191	0.162
21.760	30.728	0.143
21.780	30.825	0.115
21.800	30.486	0.094
21.820	29.675	0.065
21.840	28.467	0.033
21.860	26.818	0.011
21.880	24.820	-0.021
21.900	22.414	-0.050
21.920	19.685	-0.076
21.940	16.688	-0.107
21.960	13.412	-0.124
21.980	9.985	-0.154
22.000	6.397	-0.166
22.020	2.718	-0.200
22.040	-0.999	-0.195
22.060	-4.716	-0.227
22.080	-8.357	-0.211
22.100	-11.875	-0.242
22.120	-15.211	-0.222
22.140	-18.353	-0.241
22.160	-21.221	-0.216
22.180	-23.751	-0.227
22.200	-25.953	-0.201
22.220	-27.779	-0.193
22.240	-29.208	-0.174
22.260	-30.186	-0.156
22.280	-30.712	-0.138
22.300	-30.825	-0.112
22.320	-30.486	-0.091
22.340	-29.724	-0.059
22.360	-28.510	-0.034
22.380	-26.845	-0.004
22.400	-24.820	0.024
22.420	-22.424	0.050
22.440	-19.712	0.079
22.460	-16.677	0.103
22.480	-13.449	0.132
22.500	-9.974	0.150
22.520	-6.375	0.173
22.540	-2.664	0.188
22.560	1.047	0.207
22.580	4.759	0.214
22.600	8.406	0.228
22.620	11.929	0.229
22.640	15.281	0.237
22.660	18.396	0.228
22.680	21.275	0.228
22.700	23.810	0.218
22.720	25.991	0.209
22.740	27.795	0.188
22.760	29.219	0.178
22.780	30.186	0.150
22.800	30.728	0.137
22.820	30.819	0.103
22.840	30.470	0.086
22.860	29.670	0.053
22.880	28.467	0.028
22.900	26.812	-0.002
22.920	24.809	-0.025
22.940	22.414	-0.063
22.960	19.685	-0.081
22.980	16.677	-0.118
23.000	13.412	-0.130
23.020	9.979	-0.166
23.040	6.392	-0.172
23.060	2.734	-0.208
23.080	-1.010	-0.201
23.100	-4.721	-0.235
23.120	-8.363	-0.221
23.140	-11.886	-0.246
23.160	-15.222	-0.236
23.180	-18.358	-0.242
23.200	-21.216	-0.229
23.220	-23.751	-0.229
23.240	-25.953	-0.212
23.260	-27.785	-0.200
23.280	-29.208	-0.183
23.300	-30.191	-0.163
23.320	-30.723	-0.141
23.340	-30.835	-0.114
23.360	-30.481	-0.093
23.380	-29.724	-0.067
23.400	-28.483	-0.036
23.420	-26.850	-0.011
23.440	-24.825	0.020
23.460	-22.414	0.043
23.480	-19.685	0.080
23.500	-16.672	0.097
23.520	-13.438	0.128
23.540	-9.979	0.148
23.560	-6.365	0.175
23.580	-2.659	0.184
23.600	1.058	0.207
23.620	4.770	0.211
23.640	8.400	0.227
23.660	11.935	0.227
23.680	15.281	0.236
23.700	18.401	0.229
23.720	21.275	0.232
23.740	23.810	0.219
23.760	25.991	0.213
23.780	27.801	0.186
23.800	29.203	0.180
23.820	30.191	0.153
23.840	30.728	0.139
23.860	30.830	0.105
23.880	30.476	0.088
23.900	29.670	0.056
23.920	28.467	0.035
23.940	26.812	0.000
23.960	24.814	-0.020
23.980	22.408	-0.059
24.000	19.674	-0.079
24.020	16.672	-0.115
24.040	13.406	-0.125
24.060	9.969	-0.158
24.080	6.386	-0.170
24.100	2.707	-0.200
24.120	-1.010	-0.200
24.140	-4.710	-0.227
24.160	-8.384	-0.219
24.180	-11.892	-0.241
24.200	-15.238	-0.227
24.220	-18.375	-0.238
24.240	-21.227	-0.226
24.260	-23.767	-0.218
24.280	-25.985	-0.208
24.300	-27.806	-0.191
24.320	-29.229	-0.181
24.340	-30.202	-0.154
24.360	-30.723	-0.143
24.380	-30.825	-0.106
24.400	-30.508	-0.089
24.420	-29.734	-0.059
24.440	-28.499	-0.030
24.460	-26.850	-0.003
24.480	-24.825	0.026
24.500	-22.451	0.052
24.520	-19.712	0.086
24.540	-16.667	0.105
24.560	-13.438	0.137
24.580	-9.969	0.149
24.600	-6.370	0.185
24.620	-2.686	0.193
24.640	1.058	0.215
24.660	4.764	0.219
24.680	8.406	0.237
24.700	11.935	0.236
24.720	15.292	0.245
24.740	18.401	0.236
24.760	21.275	0.238
24.780	23.815	0.221
24.800	25.996	0.217
24.820	27.801	0.198
24.840	29.203	0.185
24.860	30.186	0.162
24.880	30.728	0.141
24.900	30.825	0.118
24.920	30.470	0.091
24.940	29.670	0.070
24.960	28.461	0.034
24.980	26.812	0.012
25.000	24.804	-0.021
25.020	22.397	-0.044
25.040	19.669	-0.075
25.060	16.661	-0.101
25.080	13.412	-0.121
25.100	9.963	-0.154
25.120	6.381	-0.161
25.140	2.696	-0.195
25.160	-1.031	-0.191
25.180	-4.732	-0.223
25.200	-8.384	-0.207
25.220	-11.918	-0.240
25.240	-15.259	-0.213
25.260	-18.380	-0.232
25.280	-21.253	-0.212
25.300	-23.783	-0.216
25.320	-25.980	-0.193
25.340	-27.828	-0.189
25.360	-29.229	-0.168
25.380	-30.223	-0.151
25.400	-30.728	-0.129
25.420	-30.835	-0.104
25.440	-30.513	-0.079
25.460	-29.734	-0.050
25.480	-28.510	-0.025
25.500	-26.845	0.006
25.520	-24.820	0.030
25.540	-22.430	0.065
25.560	-19.701	0.087
25.580	-16.688	0.112
25.600	-13.438	0.142
25.620	-9.953	0.162
25.640	-6.354	0.184
25.660	-2.659	0.200
25.680	1.063	0.219
25.700	4.780	0.228
25.720	8.417	0.242
25.740	11.945	0.244
25.760	15.292	0.245
25.780	18.412	0.242
25.800	21.275	0.244
25.820	23.821	0.227
25.840	26.001	0.221
25.860	27.806	0.194
25.880	29.213	0.190
25.900	30.196	0.162
25.920	30.723	0.150
25.940	30.825	0.113
25.960	30.470	0.101
25.980	29.670	0.063
26.000	28.467	0.044
26.020	26.812	0.004
26.040	24.804	-0.009
26.060	22.403	-0.054
26.080	19.669	-0.067
26.100	16.672	-0.104
26.120	13.401	-0.119
26.140	9.963	-0.154
26.160	6.386	-0.161
26.180	2.696	-0.191
26.200	-1.037	-0.198
26.220	-4.732	-0.215
26.240	-8.390	-0.217
26.260	-11.913	-0.228
26.280	-15.238	-0.228
26.300	-18.380	-0.222
26.320	-21.232	-0.223
26.340	-23.772	-0.209
26.360	-25.969	-0.205
26.380	-27.806	-0.187
26.400	-29.213	-0.175
26.420	-30.196	-0.152
26.440	-30.712	-0.132
26.460	-30.819	-0.106
26.480	-30.486	-0.079
26.500	-29.713	-0.060
26.520	-28.488	-0.022
26.540	-26.829	-0.004
26.560	-24.804	0.033
26.580	-22.403	0.052
26.600	-19.674	0.089
26.620	-16.661	0.107
26.640	-13.428	0.140
26.660	-9.947	0.154
26.680	-6.349	0.180
26.700	-2.643	0.188
26.720	1.085	0.216
26.740	4.780	0.221
26.760	8.417	0.232
26.780	11.945	0.238
26.800	15.297	0.240
26.820	18.407	0.236
26.840	21.280	0.232
26.860	23.821	0.221
26.880	26.007	0.213
26.900	27.822	0.193
26.920	29.219	0.180
26.940	30.191	0.160
26.960	30.728	0.136
26.980	30.819	0.113
27.000	30.476	0.085
27.020	29.670	0.061
27.040	28.461	0.029
27.060	26.812	0.003
27.080	24.804	-0.025
27.100	22.403	-0.060
27.120	19.669	-0.075
27.140	16.656	-0.116
27.160	13.401	-0.125
27.180	9.963	-0.162
27.200	6.370	-0.167
27.220	2.691	-0.204
27.240	-1.021	-0.200
27.260	-4.737	-0.231
27.280	-8.400	-0.224
27.300	-11.913	-0.243
27.320	-15.243	-0.230
27.340	-18.375	-0.239
27.360	-21.237	-0.228
27.380	-23.767	-0.225
27.400	-25.975	-0.210
27.420	-27.790	-0.199
27.440	-29.213	-0.183
27.460	-30.196	-0.161
27.480	-30.707	-0.141
27.500	-30.819	-0.113
27.520	-30.481	-0.091
27.540	-29.697	-0.065
27.560	-28.483	-0.034
27.580	-26.823	-0.008
27.600	-24.809	0.021
27.620	-22.403	0.046
27.640	-19.664	0.076
27.660	-16.650	0.101
27.680	-13.412	0.131
27.700	-9.942	0.147
27.720	-6.349	0.172
27.740	-2.643	0.184
27.760	1.085	0.207
27.780	4.802	0.211
27.800	8.427	0.229
27.820	11.951	0.229
27.840	15.297	0.236
27.860	18.434	0.227
27.880	21.286	0.230
27.900	23.826	0.213
27.920	26.012	0.214
27.940	27.822	0.184
27.960	29.219	0.179
27.980	30.196	0.148
28.000	30.728	0.137
28.020	30.819	0.103
28.040	30.476	0.089
28.060	29.670	0.051
28.080	28.451	0.028
28.100	26.812	-0.003
28.120	24.804	-0.025
28.140	22.392	-0.063
28.160	19.664	-0.082
28.180	16.661	-0.112
28.200	13.401	-0.133
28.220	9.947	-0.159
28.240	6.370	-0.176
28.260	2.686	-0.195
28.280	-1.031	-0.209
28.300	-4.743	-0.220
28.320	-8.395	-0.230
28.340	-11.924	-0.236
28.360	-15.249	-0.241
28.380	-18.369	-0.233
28.400	-21.237	-0.229
28.420	-23.767	-0.224
28.440	-25.985	-0.209
28.460	-27.795	-0.198
28.480	-29.208	-0.177
28.500	-30.191	-0.161
28.520	-30.701	-0.137
28.540	-30.819	-0.117
28.560	-30.486	-0.083
28.580	-29.708	-0.064
28.600	-28.483	-0.025
28.620	-26.834	-0.009
28.640	-24.804	0.028
28.660	-22.403	0.049
28.680	-19.669	0.079
28.700	-16.661	0.102
28.720	-13.401	0.128
28.740	-9.937	0.153
28.760	-6.338	0.178
28.780	-2.648	0.189
28.800	1.085	0.207
28.820	4.812	0.221
28.840	8.433	0.229
28.860	11.956	0.236
28.880	15.302	0.240
28.900	18.417	0.237
28.920	21.286	0.233
28.940	23.832	0.220
28.960	26.012	0.209
28.980	27.817	0.193
29.000	29.213	0.178
29.020	30.191	0.157
29.040	30.733	0.138
29.060	30.825	0.111
29.080	30.470	0.091
29.100	29.670	0.060
29.120	28.451	0.033
29.140	26.807	0.004
29.160	24.804	-0.022
29.180	22.376	-0.054
29.200	19.653	-0.075
29.220	16.650	-0.108
29.240	13.396	-0.125
29.260	9.931	-0.155
29.280	6.349	-0.170
29.300	2.669	-0.193
29.320	-1.058	-0.202
29.340	-4.759	-0.221
29.360	-8.422	-0.226
29.380	-11.929	-0.226
29.400	-15.265	-0.230
29.420	-18.407	-0.226
29.440	-21.259	-0.224
29.460	-23.805	-0.214
29.480	-25.996	-0.204
29.500	-27.828	-0.187
29.520	-29.235	-0.175
29.540	-30.229	-0.153
29.560	-30.712	-0.133
29.580	-30.835	-0.104
29.600	-30.508	-0.082
29.620	-29.734	-0.056
29.640	-28.510	-0.025
29.660	-26.861	0.004
29.680	-24.820	0.033
29.700	-22.419	0.058
29.720	-19.696	0.091
29.740	-16.672	0.114
29.760	-13.417	0.142
29.780	-9.942	0.159
29.800	-6.343	0.182
29.820	-2.643	0.199
29.840	1.096	0.219
29.860	4.796	0.227
29.880	8.443	0.238
29.900	11.951	0.241
29.920	15.308	0.246
29.940	18.428	0.240
29.960	21.291	0.240
29.980	23.842	0.226
30.000	26.012	0.220
30.020	27.822	0.202
30.040	29.219	0.189
30.060	30.191	0.163
30.080	30.728	0.148
30.100	30.819	0.114
30.120	30.476	0.096
30.140	29.665	0.067
30.160	28.440	0.041
30.180	26.802	0.013
30.200	24.793	-0.016
30.220	22.376	-0.044
30.240	19.647	-0.069
30.260	16.640	-0.099
30.280	13.369	-0.122
30.300	9.920	-0.145
30.320	6.349	-0.162
30.340	2.659	-0.187
30.360	-1.053	-0.194
30.380	-4.764	-0.209
30.400	-8.433	-0.212
30.420	-11.924	-0.224
30.440	-15.254	-0.221
30.460	-18.407	-0.222
30.480	-21.259	-0.215
30.500	-23.805	-0.213
30.520	-25.996	-0.191
30.540	-27.812	-0.186
30.560	-29.229	-0.166
30.580	-30.229	-0.149
30.600	-30.712	-0.125
30.620	-30.835	-0.104
30.640	-30.486	-0.077
30.660	-29.729	-0.052
30.680	-28.499	-0.022
30.700	-26.839	0.006
30.720	-24.788	0.033
30.740	-22.403	0.062
30.760	-19.653	0.088
30.780	-16.645	0.116
30.800	-13.406	0.142
30.820	-9.931	0.164
30.840	-6.327	0.182
30.860	-2.637	0.201
30.880	1.101	0.214
30.900	4.802	0.231
30.920	8.449	0.239
30.940	11.978	0.241
30.960	15.329	0.244
30.980	18.434	0.240
31.000	21.296	0.237
31.020	23.832	0.226
31.040	26.023	0.216
31.060	27.822	0.196
31.080	29.219	0.186
31.100	30.196	0.160
31.120	30.728	0.146
31.140	30.819	0.113
31.160	30.470	0.096
31.180	29.659	0.061
31.200	28.440	0.037
31.220	26.802	0.004
31.240	24.788	-0.018
31.260	22.360	-0.054
31.280	19.637	-0.073
31.300	16.645	-0.104
31.320	13.363	-0.125
31.340	9.926	-0.151
31.360	6.338	-0.168
31.380	2.664	-0.187
31.400	-1.069	-0.205
31.420	-4.759	-0.213
31.440	-8.422	-0.224
31.460	-11.924	-0.230
31.480	-15.254	-0.234
31.500	-18.396	-0.230
31.520	-21.259	-0.223
31.540	-23.799	-0.219
31.560	-25.985	-0.205
31.580	-27.817	-0.191
31.600	-29.219	-0.173
31.620	-30.202	-0.155
31.640	-30.723	-0.130
31.660	-30.835	-0.109
31.680	-30.481	-0.085
31.700	-29.702	-0.061
31.720	-28.472	-0.030
31.740	-26.829	-0.002
31.760	-24.788	0.025
31.780	-22.387	0.051
31.800	-19.658	0.081
31.820	-16.629	0.104
31.840	-13.396	0.135
31.860	-9.926	0.151
31.880	-6.322	0.172
31.900	-2.621	0.186
31.920	1.112	0.209
31.940	4.812	0.218
31.960	8.433	0.228
31.980	11.988	0.229
32.000	15.334	0.236
32.020	18.450	0.230
32.040	21.296	0.234
32.060	23.853	0.215
32.080	26.023	0.210
32.100	27.828	0.189
32.120	29.219	0.178
32.140	30.196	0.153
32.160	30.733	0.135
32.180	30.819	0.107
32.200	30.470	0.082
32.220	29.659	0.054
32.240	28.435	0.026
32.260	26.802	0.000
32.280	24.782	-0.030
32.300	22.349	-0.055
32.320	19.637	-0.087
32.340	16.640	-0.109
32.360	13.363	-0.137
32.380	9.926	-0.156
32.400	6.338	-0.179
32.420	2.653	-0.195
32.440	-1.058	-0.210
32.460	-4.770	-0.224
32.480	-8.443	-0.227
32.500	-11.945	-0.241
32.520	-15.275	-0.233
32.540	-18.401	-0.242
32.560	-21.275	-0.228
32.580	-23.810	-0.228
32.600	-26.001	-0.204
32.620	-27.833	-0.204
32.640	-29.229	-0.177
32.660	-30.212	-0.164
32.680	-30.733	-0.138
32.700	-30.841	-0.120
32.720	-30.502	-0.089
32.740	-29.729	-0.065
32.760	-28.483	-0.036
32.780	-26.834	-0.006
32.800	-24.798	0.020
32.820	-22.408	0.050
32.840	-19.664	0.076
32.860	-16.634	0.103
32.880	-13.406	0.127
32.900	-9.937	0.150
32.920	-6.327	0.174
32.940	-2.632	0.192
32.960	1.117	0.203
32.980	4.812	0.216
33.000	8.454	0.228
33.020	11.978	0.232
33.040	15.313	0.236
33.060	18.450	0.233
33.080	21.302	0.228
33.100	23.848	0.218
33.120	26.023	0.211
33.140	27.822	0.190
33.160	29.229	0.174
33.180	30.196	0.153
33.200	30.733	0.136
33.220	30.825	0.108
33.240	30.470	0.089
33.260	29.665	0.054
33.280	28.435	0.033
33.300	26.802	-0.002
33.320	24.782	-0.021
33.340	22.349	-0.055
33.360	19.631	-0.082
33.380	16.618	-0.110
33.400	13.353	-0.128
33.420	9.915	-0.154
33.440	6.327	-0.173
33.460	2.626	-0.195
33.480	-1.090	-0.204
33.500	-4.802	-0.222
33.520	-8.459	-0.221
33.540	-11.983	-0.236
33.560	-15.313	-0.229
33.580	-18.439	-0.234
33.600	-21.307	-0.224
33.620	-23.837	-0.219
33.640	-26.034	-0.208
33.660	-27.881	-0.195
33.680	-29.267	-0.177
33.700	-30.261	-0.156
33.720	-30.760	-0.136
33.740	-30.852	-0.110
33.760	-30.535	-0.085
33.780	-29.767	-0.061
33.800	-28.531	-0.031
33.820	-26.872	-0.003
33.840	-24.825	0.027
33.860	-22.430	0.055
33.880	-19.690	0.084
33.900	-16.667	0.109
33.920	-13.417	0.134
33.940	-9.931	0.155
33.960	-6.354	0.178
33.980	-2.643	0.190
34.000	1.090	0.210
34.020	4.807	0.221
34.040	8.443	0.236
34.060	11.972	0.236
34.080	15.313	0.239
34.100	18.444	0.234
34.120	21.291	0.236
34.140	23.848	0.224
34.160	26.023	0.219
34.180	27.822	0.195
34.200	29.224	0.186
34.220	30.191	0.158
34.240	30.728	0.143
34.260	30.825	0.116
34.280	30.465	0.091
34.300	29.659	0.065
34.320	28.435	0.038
34.340	26.780	0.009
34.360	24.766	-0.019
34.380	22.349	-0.048
34.400	19.615	-0.071
34.420	16.618	-0.100
34.440	13.347	-0.123
34.460	9.894	-0.150
34.480	6.316	-0.165
34.500	2.626	-0.187
34.520	-1.090	-0.195
34.540	-4.807	-0.212
34.560	-8.476	-0.213
34.580	-11.988	-0.230
34.600	-15.318	-0.220
34.620	-18.450	-0.227
34.640	-21.318	-0.214
34.660	-23.848	-0.216
34.680	-26.034	-0.195
34.700	-27.871	-0.185
34.720	-29.278	-0.166
34.740	-30.266	-0.150
34.760	-30.750	-0.124
34.780	-30.857	-0.104
34.800	-30.529	-0.073
34.820	-29.745	-0.050
34.840	-28.515	-0.018
34.860	-26.845	0.006
34.880	-24.804	0.033
34.900	-22.397	0.064
34.920	-19.664	0.089
34.940	-16.645	0.115
34.960	-13.406	0.143
34.980	-9.920	0.161
35.000	-6.316	0.185
35.020	-2.626	0.200
35.040	1.101	0.219
35.060	4.823	0.231
35.080	8.449	0.240
35.100	11.999	0.243
35.120	15.345	0.247
35.140	18.444	0.240
35.160	21.323	0.243
35.180	23.858	0.226
35.200	26.028	0.225
35.220	27.828	0.198
35.240	29.229	0.190
35.260	30.196	0.161
35.280	30.728	0.148
35.300	30.825	0.118
35.320	30.465	0.099
35.340	29.659	0.068
35.360	28.435	0.041
35.380	26.786	0.008
35.400	24.777	-0.013
35.420	22.349	-0.051
35.440	19.610	-0.070
35.460	16.618	-0.102
35.480	13.353	-0.124
35.500	9.899	-0.147
35.520	6.322	-0.162
35.540	2.643	-0.187
35.560	-1.080	-0.201
35.580	-4.802	-0.210
35.600	-8.459	-0.218
35.620	-11.961	-0.226
35.640	-15.297	-0.225
35.660	-18.407	-0.224
35.680	-21.296	-0.218
35.700	-23.821	-0.212
35.720	-26.007	-0.198
35.740	-27.838	-0.186
35.760	-29.240	-0.174
35.780	-30.212	-0.150
35.800	-30.728	-0.128
35.820	-30.857	-0.108
35.840	-30.486	-0.079
35.860	-29.686	-0.058
35.880	-28.478	-0.022
35.900	-26.812	0.001
35.920	-24.777	0.031
35.940	-22.371	0.058
35.960	-19.637	0.085
35.980	-16.618	0.109
36.000	-13.374	0.140
36.020	-9.910	0.158
36.040	-6.306	0.182
36.060	-2.594	0.195
36.080	1.139	0.212
36.100	4.839	0.223
36.120	8.470	0.236
36.140	11.994	0.239
36.160	15.340	0.240
36.180	18.455	0.235
36.200	21.323	0.232
36.220	23.858	0.223
36.240	26.039	0.215
36.260	27.833	0.193
36.280	29.235	0.183
36.300	30.196	0.158
36.320	30.733	0.140
36.340	30.814	0.111
36.360	30.465	0.088
36.380	29.654	0.062
36.400	28.429	0.033
36.420	26.796	0.004
36.440	24.766	-0.024
36.460	22.349	-0.059
36.480	19.610	-0.078
36.500	16.613	-0.113
36.520	13.353	-0.129
36.540	9.910	-0.158
36.560	6.316	-0.170
36.580	2.626	-0.198
36.600	-1.080	-0.205
36.620	-4.796	-0.222
36.640	-8.438	-0.226
36.660	-11.956	-0.236
36.680	-15.297	-0.235
36.700	-18.412	-0.234
36.720	-21.286	-0.224
36.740	-23.805	-0.221
36.760	-26.018	-0.207
36.780	-27.849	-0.195
36.800	-29.229	-0.179
36.820	-30.202	-0.160
36.840	-30.717	-0.139
36.860	-30.825	-0.112
36.880	-30.481	-0.089
36.900	-29.686	-0.066
36.920	-28.456	-0.035
36.940	-26.796	-0.007
36.960	-24.777	0.024
36.980	-22.376	0.049
37.000	-19.631	0.077
37.020	-16.597	0.102
37.040	-13.358	0.128
37.060	-9.899	0.150
37.080	-6.284	0.175
37.100	-2.594	0.186
37.120	1.144	0.205
37.140	4.850	0.213
37.160	8.481	0.226
37.180	12.004	0.227
37.200	15.356	0.232
37.220	18.460	0.228
37.240	21.329	0.224
37.260	23.869	0.215
37.280	26.044	0.207
37.300	27.828	0.186
37.320	29.240	0.176
37.340	30.196	0.152
37.360	30.733	0.136
37.380	30.819	0.107
37.400	30.465	0.085
37.420	29.659	0.051
37.440	28.435	0.028
37.460	26.764	-0.003
37.480	24.766	-0.030
37.500	22.349	-0.061
37.520	19.610	-0.083
37.540	16.613	-0.112
37.560	13.342	-0.135
37.580	9.894	-0.158
37.600	6.300	-0.176
37.620	2.626	-0.198
37.640	-1.090	-0.211
37.660	-4.786	-0.224
37.680	-8.454	-0.230
37.700	-11.983	-0.235
37.720	-15.297	-0.237
37.740	-18.434	-0.237
37.760	-21.286	-0.232
37.780	-23.821	-0.221
37.800	-26.001	-0.211
37.820	-27.838	-0.199
37.840	-29.251	-0.181
37.860	-30.207	-0.160
37.880	-30.717	-0.139
37.900	-30.814	-0.114
37.920	-30.486	-0.086
37.940	-29.708	-0.066
37.960	-28.478	-0.033
37.980	-26.802	-0.007
38.000	-24.782	0.025
38.020	-22.381	0.054
38.040	-19.653	0.082
38.060	-16.607	0.107
38.080	-13.369	0.132
38.100	-9.904	0.155
38.120	-6.295	0.175
38.140	-2.605	0.194
38.160	1.139	0.208
38.180	4.850	0.219
38.200	8.465	0.228
38.220	12.004	0.234
38.240	15.345	0.240
38.260	18.460	0.237
38.280	21.329	0.229
38.300	23.869	0.219
38.320	26.039	0.210
38.340	27.833	0.197
38.360	29.235	0.178
38.380	30.196	0.155
38.400	30.733	0.137
38.420	30.825	0.113
38.440	30.465	0.090
38.460	29.659	0.057
38.480	28.424	0.032
38.500	26.770	-0.001
38.520	24.761	-0.021
38.540	22.344	-0.055
38.560	19.604	-0.077
38.580	16.591	-0.110
38.600	13.326	-0.126
38.620	9.867	-0.156
38.640	6.284	-0.172
38.660	2.600	-0.192
38.680	-1.123	-0.200
38.700	-4.839	-0.217
38.720	-8.486	-0.225
38.740	-12.010	-0.233
38.760	-15.334	-0.232
38.780	-18.477	-0.226
38.800	-21.339	-0.224
38.820	-23.858	-0.216
38.840	-26.071	-0.206
38.860	-27.887	-0.191
38.880	-29.294	-0.174
38.900	-30.277	-0.153
38.920	-30.755	-0.132
38.940	-30.846	-0.108
38.960	-30.519	-0.079
38.980	-29.750	-0.057
39.000	-28.515	-0.025
39.020	-26.845	0.000
39.040	-24.804	0.032
39.060	-22.392	0.058
39.080	-19.669	0.087
39.100	-16.640	0.113
39.120	-13.385	0.136
39.140	-9.915	0.161
39.160	-6.306	0.183
39.180	-2.605	0.201
39.200	1.112	0.219
39.220	4.855	0.224
39.240	8.470	0.238
39.260	12.004	0.240
39.280	15.367	0.248
39.300	18.471	0.240
39.320	21.339	0.239
39.340	23.875	0.227
39.360	26.050	0.220
39.380	27.849	0.195
39.400	29.251	0.187
39.420	30.207	0.161
39.440	30.744	0.145
39.460	30.825	0.119
39.480	30.465	0.099
39.500	29.654	0.067
39.520	28.435	0.037
39.540	26.775	0.014
39.560	24.761	-0.016
39.580	22.344	-0.049
39.600	19.604	-0.072
39.620	16.607	-0.099
39.640	13.336	-0.122
39.660	9.872	-0.148
39.680	6.306	-0.162
39.700	2.605	-0.187
39.720	-1.117	-0.196
39.740	-4.823	-0.212
39.760	-8.486	-0.214
39.780	-11.994	-0.228
39.800	-15.318	-0.222
39.820	-18.466	-0.225
39.840	-21.307	-0.216
39.860	-23.842	-0.216
39.880	-26.044	-0.193
39.900	-27.860	-0.186
39.920	-29.256	-0.167
39.940	-30.234	-0.150
39.960	-30.750	-0.125
39.980	-30.862	-0.102
40.000	-30.497	-0.078
40.020	-29.718	-0.052
40.040	-28.488	-0.024
40.060	-26.812	0.006
40.080	-24.782	0.032
40.100	-22.376	0.062
40.120	-19.626	0.087
40.140	-16.602	0.113
40.160	-13.363	0.144
40.180	-9.872	0.165
40.200	-6.273	0.180
40.220	-2.578	0.203
40.240	1.160	0.217
40.260	4.872	0.232
40.280	8.486	0.238
40.300	12.031	0.242
40.320	15.367	0.244
40.340	18.482	0.239
40.360	21.345	0.237
40.380	23.880	0.225
40.400	26.061	0.218
40.420	27.860	0.199
40.440	29.256	0.184
40.460	30.207	0.162
40.480	30.739	0.146
40.500	30.830	0.113
40.520	30.465	0.091
40.540	29.659	0.062
40.560	28.429	0.036
40.580	26.770	0.007
40.600	24.755	-0.015
40.620	22.344	-0.054
40.640	19.604	-0.073
40.660	16.607	-0.105
40.680	13.326	-0.125
40.700	9.888	-0.150
40.720	6.290	-0.166
40.740	2.616	-0.194
40.760	-1.096	-0.201
40.780	-4.807	-0.214
40.800	-8.481	-0.220
40.820	-11.978	-0.232
40.840	-15.308	-0.230
40.860	-18.450	-0.229
40.880	-21.291	-0.220
40.900	-23.832	-0.216
40.920	-26.028	-0.204
40.940	-27.849	-0.193
40.960	-29.235	-0.174
40.980	-30.207	-0.154
41.000	-30.717	-0.135
41.020	-30.835	-0.110
41.040	-30.481	-0.083
41.060	-29.691	-0.057
41.080	-28.451	-0.027
41.100	-26.791	0.001
41.120	-24.750	0.028
41.140	-22.354	0.054
41.160	-19.599	0.083
41.180	-16.575	0.105
41.200	-13.331	0.132
41.220	-9.877	0.154
41.240	-6.273	0.176
41.260	-2.567	0.189
41.280	1.171	0.208
41.300	4.893	0.218
41.320	8.508	0.228
41.340	12.037	0.233
41.360	15.383	0.236
41.380	18.493	0.232
41.400	21.355	0.233
41.420	23.880	0.217
41.440	26.050	0.211
41.460	27.849	0.190
41.480	29.256	0.174
41.500	30.218	0.152
41.520	30.739	0.132
41.540	30.825	0.107
41.560	30.470	0.085
41.580	29.659	0.051
41.600	28.429	0.027
41.620	26.759	-0.002
41.640	24.750	-0.026
41.660	22.349	-0.060
41.680	19.604	-0.083
41.700	16.597	-0.117
41.720	13.326	-0.133
41.740	9.867	-0.159
41.760	6.295	-0.175
41.780	2.605	-0.205
41.800	-1.112	-0.206
41.820	-4.812	-0.228
41.840	-8.481	-0.227
41.860	-11.988	-0.241
41.880	-15.313	-0.231
41.900	-18.439	-0.241
41.920	-21.307	-0.226
41.940	-23.821	-0.229
41.960	-26.018	-0.211
41.980	-27.854	-0.204
42.000	-29.246	-0.178
42.020	-30.218	-0.166
42.040	-30.707	-0.140
42.060	-30.825	-0.117
42.080	-30.470	-0.091
42.100	-29.686	-0.064
42.120	-28.445	-0.038
42.140	-26.786	-0.008
42.160	-24.739	0.021
42.180	-22.344	0.049
42.200	-19.615	0.078
42.220	-16.586	0.102
42.240	-13.336	0.127
42.260	-9.856	0.149
42.280	-6.257	0.169
42.300	-2.551	0.189
42.320	1.171	0.205
42.340	4.882	0.216
42.360	8.508	0.228
42.380	12.058	0.230
42.400	15.372	0.235
42.420	18.503	0.231
42.440	21.350	0.229
42.460	23.885	0.216
42.480	26.061	0.209
42.500	27.854	0.187
42.520	29.262	0.175
42.540	30.223	0.149
42.560	30.744	0.136
42.580	30.825	0.106
42.600	30.465	0.083
42.620	29.659	0.054
42.640	28.424	0.030
42.660	26.759	-0.001
42.680	24.750	-0.021
42.700	22.338	-0.059
42.720	19.588	-0.082
42.740	16.586	-0.112
42.760	13.315	-0.130
42.780	9.861	-0.160
42.800	6.295	-0.175
42.820	2.600	-0.195
42.840	-1.123	-0.206
42.860	-4.834	-0.223
42.880	-8.481	-0.223
42.900	-11.988	-0.237
42.920	-15.340	-0.232
42.940	-18.471	-0.235
42.960	-21.329	-0.224
42.980	-23.853	-0.224
43.000	-26.028	-0.207
43.020	-27.881	-0.198
43.040	-29.256	-0.178
43.060	-30.250	-0.159
43.080	-30.750	-0.137
43.100	-30.830	-0.113
43.120	-30.502	-0.083
43.140	-29.713	-0.060
43.160	-28.494	-0.031
43.180	-26.818	-0.004
43.200	-24.766	0.029
43.220	-22.376	0.056
43.240	-19.621	0.085
43.260	-16.613	0.106
43.280	-13.358	0.134
43.300	-9.883	0.155
43.320	-6.273	0.182
43.340	-2.573	0.196
43.360	1.160	0.213
43.380	4.872	0.221
43.400	8.502	0.233
43.420	12.042	0.235
43.440	15.388	0.239
43.460	18.498	0.234
43.480	21.345	0.229
43.500	23.885	0.219
43.520	26.055	0.216
43.540	27.860	0.190
43.560	29.256	0.186
43.580	30.218	0.157
43.600	30.744	0.139
43.620	30.825	0.114
43.640	30.465	0.094
43.660	29.654	0.061
43.680	28.424	0.037
43.700	26.753	0.008
43.720	24.750	-0.018
43.740	22.328	-0.050
43.760	19.588	-0.075
43.780	16.575	-0.104
43.800	13.299	-0.125
43.820	9.856	-0.149
43.840	6.257	-0.168
43.860	2.578	-0.186
43.880	-1.149	-0.199
43.900	-4.845	-0.212
43.920	-8.524	-0.218
43.940	-12.026	-0.225
43.960	-15.356	-0.222
43.980	-18.487	-0.225
44.000	-21.361	-0.218
44.020	-23.880	-0.213
44.040	-26.071	-0.200
44.060	-27.881	-0.190
44.080	-29.283	-0.170
44.100	-30.271	-0.152
44.120	-30.744	-0.125
44.140	-30.841	-0.105
44.160	-30.502	-0.073
44.180	-29.740	-0.053
44.200	-28.494	-0.017
44.220	-26.834	0.007
44.240	-24.777	0.037
44.260	-22.392	0.063
44.280	-19.626	0.091
44.300	-16.591	0.116
44.320	-13.342	0.145
44.340	-9.877	0.161
44.360	-6.268	0.186
44.380	-2.567	0.202
44.400	1.182	0.223
44.420	4.882	0.232
44.440	8.502	0.240
44.460	12.047	0.244
44.480	15.388	0.245
44.500	18.493	0.243
44.520	21.350	0.239
44.540	23.891	0.227
44.560	26.066	0.223
44.580	27.854	0.198
44.600	29.262	0.187
44.620	30.223	0.162
44.640	30.733	0.150
44.660	30.825	0.116
44.680	30.465	0.099
44.700	29.648	0.066
44.720	28.424	0.039
44.740	26.753	0.009
44.760	24.745	-0.014
44.780	22.328	-0.050
44.800	19.578	-0.068
44.820	16.586	-0.103
44.840	13.299	-0.121
44.860	9.856	-0.150
44.880	6.268	-0.161
44.900	2.583	-0.188
44.920	-1.144	-0.200
44.940	-4.855	-0.210
44.960	-8.513	-0.218
44.980	-12.010	-0.226
45.000	-15.334	-0.223
45.020	-18.455	-0.225
45.040	-21.323	-0.214
45.060	-23.858	-0.210
45.080	-26.050	-0.200
45.100	-27.849	-0.189
45.120	-29.256	-0.168
45.140	-30.234	-0.152
45.160	-30.733	-0.128
45.180	-30.857	-0.104
45.200	-30.486	-0.078
45.220	-29.691	-0.056
45.240	-28.451	-0.024
45.260	-26.780	0.005
45.280	-24.750	0.031
45.300	-22.349	0.064
45.320	-19.588	0.086
45.340	-16.559	0.114
45.360	-13.326	0.140
45.380	-9.856	0.161
45.400	-6.247	0.181
45.420	-2.530	0.197
45.440	1.187	0.215
45.460	4.904	0.223
45.480	8.524	0.235
45.500	12.058	0.241
45.520	15.394	0.241
45.540	18.503	0.237
45.560	21.366	0.234
45.580	23.901	0.224
45.600	26.077	0.218
45.620	27.865	0.193
45.640	29.256	0.182
45.660	30.229	0.155
45.680	30.744	0.141
45.700	30.819	0.108
45.720	30.465	0.087
45.740	29.654	0.059
45.760	28.418	0.031
45.780	26.753	0.004
45.800	24.745	-0.025
45.820	22.328	-0.055
45.840	19.583	-0.079
45.860	16.570	-0.107
45.880	13.304	-0.131
45.900	9.856	-0.152
45.920	6.268	-0.170
45.940	2.589	-0.193
45.960	-1.144	-0.204
45.980	-4.834	-0.221
46.000	-8.497	-0.224
46.020	-12.004	-0.234
46.040	-15.334	-0.231
46.060	-18.460	-0.235
46.080	-21.312	-0.223
46.100	-23.837	-0.223
46.120	-26.034	-0.205
46.140	-27.849	-0.194
46.160	-29.256	-0.177
46.180	-30.234	-0.162
46.200	-30.712	-0.134
46.220	-30.830	-0.112
46.240	-30.476	-0.086
46.260	-29.686	-0.065
46.280	-28.445	-0.035
46.300	-26.780	-0.006
46.320	-24.734	0.023
46.340	-22.322	0.050
46.360	-19.583	0.080
46.380	-16.554	0.106
46.400	-13.310	0.130
46.420	-9.851	0.152
46.440	-6.225	0.172
46.460	-2.530	0.188
46.480	1.214	0.204
46.500	4.915	0.215
46.520	8.529	0.224
46.540	12.069	0.231
46.560	15.394	0.233
46.580	18.503	0.229
46.600	21.366	0.225
46.620	23.912	0.215
46.640	26.077	0.204
46.660	27.871	0.189
46.680	29.256	0.175
46.700	30.223	0.149
46.720	30.744	0.131
46.740	30.830	0.103
46.760	30.470	0.081
46.780	29.648	0.053
46.800	28.418	0.026
46.820	26.748	-0.005
46.840	24.750	-0.029
46.860	22.312	-0.059
46.880	19.578	-0.084
46.900	16.581	-0.116
46.920	13.288	-0.133
46.940	9.856	-0.161
46.960	6.268	-0.175
46.980	2.589	-0.203
47.000	-1.133	-0.209
47.020	-4.845	-0.225
47.040	-8.497	-0.229
47.060	-12.004	-0.238
47.080	-15.329	-0.236
47.100	-18.466	-0.241
47.120	-21.329	-0.229
47.140	-23.842	-0.224
47.160	-26.028	-0.209
47.180	-27.844	-0.201
47.200	-29.256	-0.180
47.220	-30.212	-0.162
47.240	-30.712	-0.141
47.260	-30.830	-0.115
47.280	-30.459	-0.091
47.300	-29.686	-0.063
47.320	-28.435	-0.034
47.340	-26.764	-0.005
47.360	-24.734	0.024
47.380	-22.328	0.053
47.400	-19.588	0.078
47.420	-16.554	0.105
47.440	-13.310	0.128
47.460	-9.845	0.152
47.480	-6.220	0.174
47.500	-2.535	0.192
47.520	1.198	0.208
47.540	4.915	0.217
47.560	8.529	0.231
47.580	12.069	0.233
47.600	15.404	0.237
47.620	18.509	0.235
47.640	21.382	0.232
47.660	23.912	0.219
47.680	26.077	0.213
47.700	27.871	0.195
47.720	29.262	0.182
47.740	30.223	0.155
47.760	30.744	0.140
47.780	30.825	0.113
47.800	30.465	0.095
47.820	29.648	0.061
47.840	28.408	0.038
47.860	26.748	0.004
47.880	24.729	-0.020
47.900	22.301	-0.051
47.920	19.562	-0.075
47.940	16.548	-0.106
47.960	13.283	-0.125
47.980	9.834	-0.155
48.000	6.252	-0.170
48.020	2.562	-0.191
48.040	-1.171	-0.198
48.060	-4.872	-0.216
48.080	-8.529	-0.222
48.100	-12.053	-0.231
48.120	-15.377	-0.229
48.140	-18.493	-0.227
48.160	-21.355	-0.220
48.180	-23.885	-0.212
48.200	-26.071	-0.202
48.220	-27.903	-0.191
48.240	-29.294	-0.172
48.260	-30.266	-0.152
48.280	-30.750	-0.133
48.300	-30.841	-0.104
48.320	-30.519	-0.076
48.340	-29.718	-0.054
48.360	-28.472	-0.025
48.380	-26.818	0.005
48.400	-24.771	0.036
48.420	-22.349	0.060
48.440	-19.604	0.092
48.460	-16.581	0.116
48.480	-13.336	0.142
48.500	-9.851	0.161
48.520	-6.236	0.186
48.540	-2.551	0.200
48.560	1.187	0.221
48.580	4.882	0.231
48.600	8.529	0.240
48.620	12.063	0.243
48.640	15.404	0.248
48.660	18.514	0.242
48.680	21.377	0.242
48.700	23.912	0.228
48.720	26.087	0.220
48.740	27.876	0.201
48.760	29.262	0.191
48.780	30.223	0.165
48.800	30.739	0.145
48.820	30.825	0.119
48.840	30.465	0.097
48.860	29.643	0.066
48.880	28.418	0.037
48.900	26.748	0.011
48.920	24.723	-0.011
48.940	22.290	-0.043
48.960	19.562	-0.065
48.980	16.543	-0.098
49.000	13.277	-0.121
49.020	9.829	-0.146
49.040	6.230	-0.156
49.060	2.546	-0.187
49.080	-1.187	-0.195
49.100	-4.888	-0.210
49.120	-8.524	-0.212
49.140	-12.053	-0.224
49.160	-15.377	-0.220
49.180	-18.498	-0.218
49.200	-21.350	-0.212
49.220	-23.896	-0.204
49.240	-26.061	-0.195
49.260	-27.887	-0.184
49.280	-29.283	-0.164
49.300	-30.245	-0.147
49.320	-30.760	-0.120
49.340	-30.868	-0.100
49.360	-30.497	-0.070
49.380	-29.708	-0.049
49.400	-28.461	-0.018
49.420	-26.796	0.010
49.440	-24.750	0.037
49.460	-22.338	0.068
49.480	-19.594	0.095
49.500	-16.570	0.116
49.520	-13.315	0.149
49.540	-9.824	0.166
49.560	-6.220	0.187
49.580	-2.535	0.205
49.600	1.208	0.221
49.620	4.915	0.234
49.640	8.556	0.242
49.660	12.063	0.244
49.680	15.420	0.248
49.700	18.520	0.243
49.720	21.388	0.242
49.740	23.907	0.228
49.760	26.082	0.222
49.780	27.881	0.200
49.800	29.267	0.188
49.820	30.223	0.161
49.840	30.744	0.148
49.860	30.830	0.114
49.880	30.465	0.096
49.900	29.643	0.065
49.920	28.397	0.041
49.940	26.753	0.008
49.960	24.734	-0.013
49.980	22.285	-0.050
50.000	19.562	-0.071
50.020	16.554	-0.101
50.040	13.283	-0.121
50.060	9.824	-0.146
50.080	6.241	-0.163
50.100	2.562	-0.186
50.120	-1.155	-0.200
50.140	-4.866	-0.211
50.160	-8.519	-0.218
50.180	-12.037	-0.224
50.200	-15.361	-0.226
50.220	-18.493	-0.221
50.240	-21.334	-0.218
50.260	-23.869	-0.209
50.280	-26.039	-0.200
50.300	-27.865	-0.185
50.320	-29.267	-0.170
50.340	-30.223	-0.151
50.360	-30.728	-0.125
50.380	-30.841	-0.104
50.400	-30.476	-0.079
50.420	-29.681	-0.055
50.440	-28.418	-0.022
50.460	-26.770	0.001
50.480	-24.707	0.033
50.500	-22.317	0.061
50.520	-19.567	0.086
50.540	-16.543	0.111
50.560	-13.293	0.137
50.580	-9.818	0.157
50.600	-6.209	0.180
50.620	-2.503	0.198
50.640	1.225	0.212
50.660	4.931	0.225
50.680	8.562	0.232
50.700	12.074	0.238
50.720	15.426	0.238
50.740	18.525	0.233
50.760	21.398	0.231
50.780	23.917	0.220
50.800	26.093	0.215
50.820	27.876	0.192
50.840	29.262	0.181
50.860	30.234	0.155
50.880	30.744	0.140
50.900	30.819	0.110
50.920	30.465	0.091
50.940	29.643	0.057
50.960	28.408	0.032
50.980	26.748	-0.002
51.000	24.718	-0.025
51.020	22.285	-0.057
51.040	19.562	-0.079
51.060	16.554	-0.110
51.080	13.277	-0.133
51.100	9.840	-0.157
51.120	6.241	-0.175
51.140	2.557	-0.195
51.160	-1.171	-0.208
51.180	-4.866	-0.218
51.200	-8.529	-0.232
51.220	-12.031	-0.233
51.240	-15.351	-0.238
51.260	-18.477	-0.232
51.280	-21.334	-0.232
51.300	-23.864	-0.220
51.320	-26.039	-0.208
51.340	-27.860	-0.194
51.360	-29.251	-0.179
51.380	-30.212	-0.160
51.400	-30.712	-0.137
51.420	-30.809	-0.116
51.440	-30.454	-0.083
51.460	-29.670	-0.060
51.480	-28.445	-0.032
51.500	-26.764	-0.006
51.520	-24.718	0.025
51.540	-22.295	0.053
51.560	-19.551	0.079
51.580	-16.543	0.107
51.600	-13.283	0.132
51.620	-9.808	0.152
51.640	-6.204	0.175
51.660	-2.508	0.192
51.680	1.225	0.210
51.700	4.936	0.216
51.720	8.567	0.228
51.740	12.085	0.232
51.760	15.426	0.234
51.780	18.541	0.232
51.800	21.404	0.227
51.820	23.934	0.218
51.840	26.098	0.209
51.860	27.881	0.190
51.880	29.262	0.182
51.900	30.229	0.155
51.920	30.744	0.133
51.940	30.825	0.107
51.960	30.465	0.081
51.980	29.643	0.056
52.000	28.408	0.029
52.020	26.748	-0.001
52.040	24.718	-0.026
52.060	22.285	-0.059
52.080	19.556	-0.078
52.100	16.543	-0.112
52.120	13.261	-0.134
52.140	9.829	-0.154
52.160	6.241	-0.174
52.180	2.557	-0.195
52.200	-1.166	-0.207
52.220	-4.888	-0.216
52.240	-8.529	-0.225
52.260	-12.047	-0.234
52.280	-15.383	-0.233
52.300	-18.487	-0.232
52.320	-21.355	-0.224
52.340	-23.864	-0.220
52.360	-26.050	-0.207
52.380	-27.865	-0.195
52.400	-29.283	-0.175
52.420	-30.245	-0.157
52.440	-30.728	-0.134
52.460	-30.825	-0.112
52.480	-30.492	-0.083
52.500	-29.686	-0.059
52.520	-28.456	-0.027
52.540	-26.786	-0.001
52.560	-24.734	0.027
52.580	-22.333	0.058
52.600	-19.567	0.086
52.620	-16.532	0.112
52.640	-13.310	0.136
52.660	-9.824	0.157
52.680	-6.214	0.180
52.700	-2.508	0.196
52.720	1.219	0.215
52.740	4.931	0.220
52.760	8.551	0.234
52.780	12.096	0.238
52.800	15.426	0.240
52.820	18.536	0.237
52.840	21.409	0.235
52.860	23.923	0.221
52.880	26.093	0.215
52.900	27.881	0.195
52.920	29.272	0.182
52.940	30.234	0.159
52.960	30.750	0.139
52.980	30.819	0.116
53.000	30.459	0.091
53.020	29.638	0.061
53.040	28.397	0.032
53.060	26.737	0.008
53.080	24.707	-0.021
53.100	22.285	-0.046
53.120	19.535	-0.079
53.140	16.532	-0.104
53.160	13.234	-0.125
53.180	9.792	-0.149
53.200	6.220	-0.169
53.220	2.524	-0.187
53.240	-1.203	-0.200
53.260	-4.915	-0.215
53.280	-8.572	-0.216
53.300	-12.080	-0.229
53.320	-15.410	-0.225
53.340	-18.536	-0.226
53.360	-21.377	-0.213
53.380	-23.923	-0.210
53.400	-26.104	-0.198
53.420	-27.919	-0.187
53.440	-29.315	-0.166
53.460	-30.288	-0.150
53.480	-30.750	-0.125
53.500	-30.841	-0.101
53.520	-30.513	-0.076
53.540	-29.718	-0.050
53.560	-28.461	-0.021
53.580	-26.786	0.008
53.600	-24.761	0.037
53.620	-22.344	0.065
53.640	-19.583	0.094
53.660	-16.554	0.122
53.680	-13.299	0.147
53.700	-9.834	0.166
53.720	-6.214	0.190
53.740	-2.519	0.204
53.760	1.219	0.223
53.780	4.936	0.232
53.800	8.562	0.240
53.820	12.074	0.244
53.840	15.426	0.248
53.860	18.541	0.244
53.880	21.404	0.240
53.900	23.934	0.228
53.920	26.093	0.222
53.940	27.881	0.203
53.960	29.267	0.193
53.980	30.229	0.165
54.000	30.750	0.149
54.020	30.819	0.117
54.040	30.459	0.099
54.060	29.643	0.070
54.080	28.392	0.041
54.100	26.737	0.013
54.120	24.707	-0.012
54.140	22.285	-0.046
54.160	19.545	-0.064
54.180	16.538	-0.100
54.200	13.245	-0.117
54.220	9.792	-0.150
54.240	6.209	-0.159
54.260	2.524	-0.187
54.280	-1.192	-0.194
54.300	-4.909	-0.210
54.320	-8.562	-0.211
54.340	-12.074	-0.225
54.360	-15.388	-0.220
54.380	-18.520	-0.224
54.400	-21.372	-0.212
54.420	-23.880	-0.211
54.440	-26.082	-0.192
54.460	-27.887	-0.185
54.480	-29.289	-0.168
54.500	-30.250	-0.146
54.520	-30.744	-0.122
54.540	-30.846	-0.100
54.560	-30.470	-0.073
54.580	-29.675	-0.050
54.600	-28.445	-0.017
54.620	-26.770	0.007
54.640	-24.723	0.036
54.660	-22.312	0.066
54.680	-19.556	0.091
54.700	-16.527	0.117
54.720	-13.261	0.145
54.740	-9.797	0.161
54.760	-6.193	0.184
54.780	-2.492	0.203
54.800	1.241	0.219
54.820	4.952	0.230
54.840	8.588	0.242
54.860	12.106	0.242
54.880	15.442	0.246
54.900	18.546	0.240
54.920	21.409	0.239
54.940	23.944	0.226
54.960	26.104	0.218
54.980	27.881	0.198
55.000	29.278	0.186
55.020	30.229	0.158
55.040	30.750	0.149
55.060	30.825	0.110
55.080	30.454	0.095
55.100	29.638	0.062
55.120	28.386	0.037
55.140	26.732	0.007
55.160	24.707	-0.016
55.180	22.285	-0.055
55.200	19.545	-0.071
55.220	16.527	-0.109
55.240	13.250	-0.125
55.260	9.802	-0.151
55.280	6.209	-0.166
55.300	2.530	-0.194
55.320	-1.192	-0.200
55.340	-4.904	-0.219
55.360	-8.545	-0.220
55.380	-12.053	-0.230
55.400	-15.388	-0.228
55.420	-18.514	-0.229
55.440	-21.350	-0.220
55.460	-23.869	-0.215
55.480	-26.061	-0.200
55.500	-27.860	-0.192
55.520	-29.267	-0.171
55.540	-30.239	-0.154
55.560	-30.723	-0.134
55.580	-30.835	-0.108
55.600	-30.454	-0.080
55.620	-29.654	-0.060
55.640	-28.418	-0.030
55.660	-26.748	-0.003
55.680	-24.696	0.032
55.700	-22.290	0.054
55.720	-19.535	0.085
55.740	-16.511	0.107
55.760	-13.261	0.135
55.780	-9.792	0.156
55.800	-6.177	0.176
55.820	-2.471	0.190
55.840	1.246	0.210
55.860	4.968	0.219
55.880	8.599	0.231
55.900	12.117	0.234
55.920	15.453	0.236
55.940	18.557	0.232
55.960	21.415	0.232
55.980	23.939	0.219
56.000	26.109	0.209
56.020	27.881	0.189
56.040	29.283	0.178
56.060	30.234	0.153
56.080	30.744	0.136
56.100	30.825	0.105
56.120	30.465	0.086
56.140	29.638	0.051
56.160	28.386	0.027
56.180	26.737	-0.005
56.200	24.707	-0.026
56.220	22.285	-0.063
56.240	19.540	-0.085
56.260	16.521	-0.115
56.280	13.229	-0.133
56.300	9.792	-0.158
56.320	6.198	-0.176
56.340	2.530	-0.200
56.360	-1.203	-0.208
56.380	-4.898	-0.227
56.400	-8.551	-0.227
56.420	-12.058	-0.237
56.440	-15.377	-0.237
56.460	-18.509	-0.233
56.480	-21.350	-0.233
56.500	-23.885	-0.220
56.520	-26.071	-0.208
56.540	-27.865	-0.199
56.560	-29.262	-0.175
56.580	-30.239	-0.165
56.600	-30.728	-0.136
56.620	-30.814	-0.112
56.640	-30.454	-0.085
56.660	-29.659	-0.063
56.680	-28.413	-0.032
56.700	-26.753	-0.006
56.720	-24.686	0.027
56.740	-22.285	0.052
56.760	-19.545	0.081
56.780	-16.500	0.106
56.800	-13.256	0.132
56.820	-9.786	0.153
56.840	-6.166	0.175
56.860	-2.460	0.191
56.880	1.257	0.209
56.900	4.952	0.221
56.920	8.599	0.229
56.940	12.123	0.232
56.960	15.458	0.236
56.980	18.562	0.232
57.000	21.415	0.232
57.020	23.939	0.218
57.040	26.109	0.211
57.060	27.892	0.189
57.080	29.278	0.179
57.100	30.229	0.153
57.120	30.750	0.136
57.140	30.819	0.105
57.160	30.459	0.088
57.180	29.627	0.054
57.200	28.375	0.029
57.220	26.732	-0.004
57.240	24.696	-0.025
57.260	22.279	-0.054
57.280	19.524	-0.082
57.300	16.511	-0.108
57.320	13.229	-0.132
57.340	9.792	-0.154
57.360	6.182	-0.175
57.380	2.503	-0.191
57.400	-1.208	-0.207
57.420	-4.920	-0.218
57.440	-8.572	-0.224
57.460	-12.090	-0.232
57.480	-15.426	-0.232
57.500	-18.546	-0.229
57.520	-21.388	-0.227
57.540	-23.917	-0.217
57.560	-26.098	-0.204
57.580	-27.914	-0.194
57.600	-29.305	-0.178
57.620	-30.266	-0.152
57.640	-30.750	-0.132
57.660	-30.841	-0.109
57.680	-30.497	-0.079
57.700	-29.702	-0.056
57.720	-28.451	-0.027
57.740	-26.786	0.002
57.760	-24.739	0.032
57.780	-22.322	0.058
57.800	-19.567	0.089
57.820	-16.527	0.115
57.840	-13.288	0.136
57.860	-9.802	0.158
57.880	-6.198	0.181
57.900	-2.498	0.198
57.920	1.251	0.217
57.940	4.958	0.224
57.960	8.578	0.236
57.980	12.123	0.240
58.000	15.442	0.244
58.020	18.552	0.239
58.040	21.420	0.240
58.060	23.944	0.224
58.080	26.109	0.216
58.100	27.887	0.199
58.120	29.278	0.184
58.140	30.229	0.161
58.160	30.744	0.141
58.180	30.825	0.116
58.200	30.465	0.092
58.220	29.622	0.065
58.240	28.375	0.037
58.260	26.727	0.008
58.280	24.686	-0.020
58.300	22.263	-0.042
58.320	19.513	-0.072
58.340	16.500	-0.101
58.360	13.224	-0.122
58.380	9.775	-0.148
58.400	6.177	-0.162
58.420	2.487	-0.187
58.440	-1.230	-0.191
58.460	-4.931	-0.216
58.480	-8.594	-0.210
58.500	-12.112	-0.230
58.520	-15.431	-0.217
58.540	-18.557	-0.222
58.560	-21.409	-0.209
58.580	-23.923	-0.212
58.600	-26.114	-0.194
58.620	-27.946	-0.189
58.640	-29.315	-0.164
58.660	-30.266	-0.151
58.680	-30.760	-0.122
58.700	-30.852	-0.100
58.720	-30.497	-0.072
58.740	-29.686	-0.048
58.760	-28.445	-0.017
58.780	-26.775	0.009
58.800	-24.718	0.036
58.820	-22.306	0.067
58.840	-19.556	0.095
58.860	-16.516	0.116
58.880	-13.277	0.146
58.900	-9.797	0.165
58.920	-6.182	0.190
58.940	-2.476	0.203
58.960	1.262	0.223
58.980	4.968	0.232
59.000	8.604	0.242
59.020	12.123	0.245
59.040	15.458	0.251
59.060	18.568	0.242
59.080	21.415	0.241
59.100	23.944	0.228
59.120	26.114	0.225
59.140	27.897	0.198
59.160	29.283	0.189
59.180	30.229	0.161
59.200	30.744	0.147
59.220	30.819	0.116
59.240	30.454	0.095
59.260	29.627	0.067
59.280	28.381	0.040
59.300	26.727	0.010
59.320	24.691	-0.011
59.340	22.269	-0.051
59.360	19.508	-0.069
59.380	16.500	-0.103
59.400	13.224	-0.121
59.420	9.770	-0.149
59.440	6.193	-0.162
59.460	2.503	-0.189
59.480	-1.230	-0.198
59.500	-4.936	-0.212
59.520	-8.578	-0.215
59.540	-12.090	-0.228
59.560	-15.426	-0.222
59.580	-18.541	-0.224
59.600	-21.382	-0.215
59.620	-23.907	-0.209
59.640	-26.077	-0.195
59.660	-27.887	-0.185
59.680	-29.283	-0.170
59.700	-30.239	-0.150
59.720	-30.744	-0.125
59.740	-30.825	-0.104
59.760	-30.476	-0.075
59.780	-29.659	-0.052
59.800	-28.418	-0.019
59.820	-26.753	0.004
59.840	-24.696	0.034
59.860	-22.269	0.063
59.880	-19.513	0.091
59.900	-16.500	0.114
59.920	-13.250	0.145
59.940	-9.770	0.161
59.960	-6.161	0.181
59.980	-2.455	0.198
60.000	1.284	0.215
60.020	4.984	0.227
60.040	8.604	0.237
60.060	12.133	0.238
60.080	15.479	0.240
60.100	18.579	0.236
60.120	21.431	0.236
60.140	23.950	0.222
60.160	26.120	0.219
60.180	27.892	0.193
60.200	29.283	0.182
60.220	30.234	0.158
60.240	30.744	0.141
60.260	30.814	0.109
60.280	30.449	0.091
60.300	29.627	0.060
60.320	28.375	0.033
60.340	26.721	0.001
60.360	24.691	-0.020
60.380	22.269	-0.058
60.400	19.519	-0.075
60.420	16.505	-0.115
60.440	13.218	-0.127
60.460	9.770	-0.158
60.480	6.187	-0.170
60.500	2.498	-0.202
60.520	-1.214	-0.202
60.540	-4.920	-0.227
60.560	-8.583	-0.222
60.580	-12.085	-0.241
60.600	-15.415	-0.231
60.620	-18.520	-0.234
60.640	-21.388	-0.228
60.660	-23.896	-0.219
60.680	-26.077	-0.211
60.700	-27.881	-0.195
60.720	-29.267	-0.180
60.740	-30.239	-0.162
60.760	-30.723	-0.140
60.780	-30.830	-0.114
60.800	-30.454	-0.085
60.820	-29.654	-0.066
60.840	-28.408	-0.030
60.860	-26.737	-0.007
60.880	-24.686	0.025
60.900	-22.269	0.046
60.920	-19.513	0.080
60.940	-16.484	0.103
60.960	-13.224	0.131
60.980	-9.759	0.152
61.000	-6.150	0.174
61.020	-2.444	0.183
61.040	1.294	0.205
61.060	5.000	0.215
61.080	8.615	0.225
61.100	12.144	0.228
61.120	15.479	0.233
61.140	18.584	0.232
61.160	21.431	0.225
61.180	23.955	0.217
61.200	26.114	0.207
61.220	27.892	0.186
61.240	29.283	0.175
61.260	30.239	0.150
61.280	30.755	0.132
61.300	30.819	0.103
61.320	30.454	0.083
61.340	29.616	0.048
61.360	28.375	0.028
61.380	26.716	-0.007
61.400	24.680	-0.025
61.420	22.258	-0.064
61.440	19.519	-0.078
61.460	16.495	-0.125
61.480	13.224	-0.129
61.500	9.781	-0.168
61.520	6.177	-0.171
61.540	2.492	-0.205
61.560	-1.225	-0.205
61.580	-4.931	-0.229
61.600	-8.588	-0.230
61.620	-12.101	-0.239
61.640	-15.426	-0.240
61.660	-18.530	-0.234
61.680	-21.388	-0.236
61.700	-23.901	-0.218
61.720	-26.087	-0.215
61.740	-27.881	-0.194
61.760	-29.272	-0.183
61.780	-30.234	-0.158
61.800	-30.723	-0.140
61.820	-30.809	-0.114
61.840	-30.465	-0.089
61.860	-29.659	-0.065
61.880	-28.413	-0.030
61.900	-26.732	-0.005
61.920	-24.702	0.026
61.940	-22.274	0.052
61.960	-19.519	0.083
61.980	-16.484	0.105
62.000	-13.229	0.131
62.020	-9.781	0.150
62.040	-6.150	0.176
62.060	-2.444	0.190
62.080	1.278	0.211
62.100	5.000	0.215
62.120	8.615	0.232
62.140	12.133	0.231
62.160	15.479	0.239
62.180	18.579	0.232
62.200	21.436	0.228
62.220	23.955	0.215
62.240	26.114	0.208
62.260	27.903	0.192
62.280	29.283	0.181
62.300	30.234	0.153
62.320	30.755	0.135
62.340	30.814	0.108
62.360	30.459	0.088
62.380	29.622	0.055
62.400	28.370	0.033
62.420	26.710	-0.001
62.440	24.680	-0.023
62.460	22.236	-0.059
62.480	19.508	-0.077
62.500	16.484	-0.113
62.520	13.208	-0.127
62.540	9.754	-0.160
62.560	6.166	-0.173
62.580	2.465	-0.191
62.600	-1.262	-0.204
62.620	-4.958	-0.217
62.640	-8.615	-0.227
62.660	-12.123	-0.225
62.680	-15.463	-0.235
62.700	-18.568	-0.226
62.720	-21.425	-0.228
62.740	-23.960	-0.216
62.760	-26.146	-0.212
62.780	-27.946	-0.188
62.800	-29.337	-0.177
62.820	-30.282	-0.154
62.840	-30.744	-0.130
62.860	-30.852	-0.108
62.880	-30.502	-0.078
62.900	-29.697	-0.058
62.920	-28.451	-0.025
62.940	-26.775	0.002
62.960	-24.712	0.034
62.980	-22.306	0.058
63.000	-19.556	0.090
63.020	-16.527	0.112
63.040	-13.256	0.140
63.060	-9.770	0.161
63.080	-6.150	0.184
63.100	-2.465	0.202
63.120	1.278	0.217
63.140	4.984	0.226
63.160	8.610	0.234
63.180	12.133	0.241
63.200	15.474	0.247
63.220	18.573	0.240
63.240	21.431	0.238
63.260	23.960	0.227
63.280	26.120	0.218
63.300	27.892	0.201
63.320	29.283	0.188
63.340	30.239	0.158
63.360	30.760	0.147
63.380	30.814	0.114
63.400	30.449	0.098
63.420	29.616	0.065
63.440	28.375	0.037
63.460	26.705	0.009
63.480	24.680	-0.013
63.500	22.226	-0.049
63.520	19.492	-0.071
63.540	16.473	-0.104
63.560	13.197	-0.122
63.580	9.732	-0.147
63.600	6.145	-0.162
63.620	2.465	-0.188
63.640	-1.268	-0.199
63.660	-4.974	-0.205
63.680	-8.621	-0.223
63.700	-12.128	-0.221
63.720	-15.431	-0.233
63.740	-18.579	-0.218
63.760	-21.420	-0.220
63.780	-23.934	-0.204
63.800	-26.125	-0.201
63.820	-27.914	-0.184
63.840	-29.315	-0.171
63.860	-30.266	-0.148
63.880	-30.744	-0.127
63.900	-30.841	-0.101
63.920	-30.470	-0.078
63.940	-29.686	-0.050
63.960	-28.424	-0.021
63.980	-26.748	0.005
64.000	-24.696	0.036
64.020	-22.274	0.063
64.040	-19.519	0.091
64.060	-16.484	0.115
64.080	-13.218	0.144
64.100	-9.749	0.164
64.120	-6.155	0.186
64.140	-2.444	0.201
64.160	1.294	0.219
64.180	5.000	0.228
64.200	8.626	0.237
64.220	12.149	0.243
64.240	15.490	0.244
64.260	18.595	0.240
64.280	21.452	0.236
64.300	23.971	0.225
64.320	26.125	0.218
64.340	27.903	0.198
64.360	29.289	0.185
64.380	30.239	0.161
64.400	30.760	0.143
64.420	30.814	0.114
64.440	30.449	0.091
64.460	29.616	0.063
64.480	28.375	0.035
64.500	26.700	0.012
64.520	24.680	-0.019
64.540	22.236	-0.053
64.560	19.497	-0.075
64.580	16.479	-0.108
64.600	13.208	-0.128
64.620	9.749	-0.154
64.640	6.166	-0.169
64.660	2.471	-0.195
64.680	-1.251	-0.203
64.700	-4.968	-0.219
64.720	-8.594	-0.223
64.740	-12.123	-0.233
64.760	-15.431	-0.229
64.780	-18.552	-0.229
64.800	-21.404	-0.223
64.820	-23.928	-0.219
64.840	-26.093	-0.202
64.860	-27.887	-0.198
64.880	-29.283	-0.172
64.900	-30.245	-0.155
64.920	-30.744	-0.136
64.940	-30.835	-0.110
64.960	-30.454	-0.084
64.980	-29.654	-0.061
65.000	-28.397	-0.030
65.020	-26.721	-0.003
65.040	-24.669	0.028
65.060	-22.263	0.057
65.080	-19.492	0.084
65.100	-16.468	0.110
65.120	-13.213	0.135
65.140	-9.738	0.154
65.160	-6.123	0.174
65.180	-2.417	0.194
65.200	1.316	0.208
65.220	5.017	0.217
65.240	8.642	0.228
65.260	12.171	0.232
65.280	15.501	0.235
65.300	18.595	0.234
65.320	21.463	0.230
65.340	23.966	0.219
65.360	26.136	0.207
65.380	27.908	0.186
65.400	29.283	0.178
65.420	30.245	0.152
65.440	30.755	0.132
65.460	30.809	0.103
65.480	30.449	0.083
65.500	29.611	0.051
65.520	28.365	0.028
65.540	26.684	-0.006
65.560	24.675	-0.030
65.580	22.220	-0.061
65.600	19.492	-0.086
65.620	16.479	-0.117
65.640	13.208	-0.135
65.660	9.743	-0.161
65.680	6.150	-0.176
65.700	2.476	-0.203
65.720	-1.257	-0.209
65.740	-4.947	-0.229
65.760	-8.610	-0.231
65.780	-12.123	-0.244
65.800	-15.437	-0.237
65.820	-18.552	-0.242
65.840	-21.393	-0.231
65.860	-23.917	-0.229
65.880	-26.098	-0.210
65.900	-27.897	-0.204
65.920	-29.283	-0.182
65.940	-30.239	-0.167
65.960	-30.717	-0.142
65.980	-30.825	-0.120
66.000	-30.438	-0.092
66.020	-29.659	-0.067
66.040	-28.386	-0.038
66.060	-26.710	-0.006
66.080	-24.664	0.018
66.100	-22.247	0.050
66.120	-19.497	0.078
66.140	-16.452	0.102
66.160	-13.208	0.130
66.180	-9.727	0.149
66.200	-6.118	0.174
66.220	-2.428	0.186
66.240	1.311	0.204
66.260	5.033	0.214
66.280	8.647	0.228
66.300	12.182	0.225
66.320	15.501	0.237
66.340	18.600	0.224
66.360	21.458	0.232
66.380	23.977	0.210
66.400	26.130	0.209
66.420	27.908	0.182
66.440	29.289	0.174
66.460	30.245	0.146
66.480	30.744	0.132
66.500	30.814	0.100
66.520	30.449	0.084
66.540	29.600	0.049
66.560	28.365	0.027
66.580	26.694	-0.005
66.600	24.664	-0.030
66.620	22.220	-0.056
66.640	19.486	-0.087
66.660	16.462	-0.112
66.680	13.191	-0.136
66.700	9.732	-0.159
66.720	6.150	-0.175
66.740	2.455	-0.204
66.760	-1.257	-0.207
66.780	-4.968	-0.230
66.800	-8.615	-0.222
66.820	-12.117	-0.244
66.840	-15.458	-0.230
66.860	-18.568	-0.240
66.880	-21.420	-0.225
66.900	-23.939	-0.224
66.920	-26.104	-0.209
66.940	-27.919	-0.198
66.960	-29.315	-0.179
66.980	-30.261	-0.160
67.000	-30.739	-0.139
67.020	-30.841	-0.115
67.040	-30.486	-0.086
67.060	-29.654	-0.059
67.080	-28.402	-0.030
67.100	-26.732	-0.005
67.120	-24.680	0.028
67.140	-22.263	0.055
67.160	-19.497	0.088
67.180	-16.473	0.106
67.200	-13.208	0.133
67.220	-9.732	0.153
67.240	-6.134	0.178
67.260	-2.428	0.194
67.280	1.300	0.207
67.300	5.011	0.221
67.320	8.631	0.228
67.340	12.166	0.237
67.360	15.506	0.239
67.380	18.595	0.236
67.400	21.463	0.231
67.420	23.977	0.223
67.440	26.141	0.212
67.460	27.914	0.194
67.480	29.299	0.178
67.500	30.239	0.156
67.520	30.750	0.138
67.540	30.814	0.110
67.560	30.449	0.087
67.580	29.605	0.057
67.600	28.365	0.033
67.620	26.684	-0.001
67.640	24.664	-0.021
67.660	22.220	-0.059
67.680	19.481	-0.070
67.700	16.446	-0.117
67.720	13.165	-0.119
67.740	9.716	-0.164
67.760	6.123	-0.161
67.780	2.433	-0.202
67.800	-1.300	-0.193
67.820	-4.995	-0.232
67.840	-8.658	-0.212
67.860	-12.155	-0.242
67.880	-15.506	-0.220
67.900	-18.600	-0.233
67.920	-21.452	-0.219
67.940	-23.971	-0.216
67.960	-26.141	-0.202
67.980	-27.951	-0.189
68.000	-29.348	-0.174
68.020	-30.298	-0.150
68.040	-30.766	-0.136
68.060	-30.830	-0.101
68.080	-30.502	-0.084
68.100	-29.686	-0.050
68.120	-28.445	-0.028
68.140	-26.759	0.008
68.160	-24.696	0.032
68.180	-22.285	0.060
68.200	-19.502	0.092
68.220	-16.489	0.113
68.240	-13.218	0.146
68.260	-9.732	0.160
68.280	-6.128	0.188
68.300	-2.422	0.195
68.320	1.294	0.223
68.340	5.027	0.225
68.360	8.647	0.243
68.380	12.171	0.235
68.400	15.506	0.250
68.420	18.611	0.234
68.440	21.463	0.245
68.460	23.993	0.223
68.480	26.152	0.224
68.500	27.924	0.195
68.520	29.299	0.191
68.540	30.245	0.157
68.560	30.755	0.148
68.580	30.814	0.115
68.600	30.443	0.100
68.620	29.600	0.064
68.640	28.359	0.038
68.660	26.684	0.010
68.680	24.653	-0.014
68.700	22.220	-0.048
68.720	19.476	-0.074
68.740	16.468	-0.100
68.760	13.159	-0.125
68.780	9.727	-0.141
68.800	6.123	-0.170
68.820	2.438	-0.182
68.840	-1.289	-0.203
68.860	-4.995	-0.208
68.880	-8.637	-0.221
68.900	-12.166	-0.224
68.920	-15.463	-0.226
68.940	-18.595	-0.224
68.960	-21.431	-0.214
68.980	-23.944	-0.212
69.000	-26.120	-0.195
69.020	-27.919	-0.191
69.040	-29.305	-0.166
69.060	-30.277	-0.157
69.080	-30.750	-0.118
69.100	-30.846	-0.106
69.120	-30.465	-0.069
69.140	-29.648	-0.056
69.160	-28.408	-0.019
69.180	-26.737	0.004
69.200	-24.659	0.036
69.220	-22.263	0.062
69.240	-19.492	0.092
69.260	-16.457	0.114
69.280	-13.202	0.139
69.300	-9.716	0.164
69.320	-6.102	0.182
69.340	-2.401	0.198
69.360	1.327	0.216
69.380	5.038	0.232
69.400	8.669	0.232
69.420	12.187	0.240
69.440	15.522	0.237
69.460	18.616	0.240
69.480	21.479	0.235
69.500	23.993	0.226
69.520	26.146	0.215
69.540	27.924	0.194
69.560	29.299	0.181
69.580	30.239	0.157
69.600	30.750	0.143
69.620	30.809	0.109
69.640	30.449	0.091
69.660	29.600	0.056
69.680	28.359	0.033
69.700	26.684	0.000
69.720	24.653	-0.021
69.740	22.220	-0.060
69.760	19.476	-0.078
69.780	16.468	-0.113
69.800	13.159	-0.130
69.820	9.716	-0.153
69.840	6.118	-0.175
69.860	2.438	-0.191
69.880	-1.273	-0.209
69.900	-4.990	-0.213
69.920	-8.631	-0.229
69.940	-12.133	-0.231
69.960	-15.458	-0.237
69.980	-18.579	-0.227
70.000	-21.420	-0.227
70.020	-23.939	-0.218
70.040	-26.098	-0.205
70.060	-27.908	-0.194
70.080	-29.289	-0.176
70.100	-30.245	-0.157
70.120	-30.728	-0.134
70.140	-30.835	-0.109
70.160	-30.454	-0.088
70.180	-29.638	-0.060
70.200	-28.370	-0.034
70.220	-26.700	-0.005
70.240	-24.643	0.027
70.260	-22.226	0.052
70.280	-19.465	0.082
70.300	-16.419	0.107
70.320	-13.191	0.129
70.340	-9.716	0.153
70.360	-6.091	0.173
70.380	-2.385	0.188
70.400	1.343	0.205
70.420	5.060	0.216
70.440	8.674	0.225
70.460	12.198	0.230
70.480	15.528	0.234
70.500	18.622	0.229
70.520	21.474	0.229
70.540	23.993	0.217
70.560	26.152	0.203
70.580	27.930	0.187
70.600	29.305	0.173
70.620	30.245	0.149
70.640	30.750	0.132
70.660	30.814	0.107
70.680	30.449	0.078
70.700	29.600	0.055
70.720	28.359	0.021
70.740	26.684	-0.002
70.760	24.648	-0.036
70.780	22.220	-0.057
