0.000	29.560	0.184
0.020	30.408	0.159
0.040	30.811	0.143
0.060	30.784	0.115
0.080	30.323	0.098
0.100	29.388	0.068
0.120	28.045	0.044
0.140	26.294	0.015
0.160	24.178	-0.010
0.180	21.648	-0.044
0.200	18.839	-0.064
0.220	15.761	-0.096
0.240	12.415	-0.111
0.260	8.946	-0.140
0.280	5.320	-0.150
0.300	1.625	-0.180
0.320	-2.119	-0.187
0.340	-5.803	-0.205
0.360	-9.440	-0.210
0.380	-12.931	-0.221
0.400	-16.191	-0.220
0.420	-19.280	-0.222
0.440	-22.035	-0.217
0.460	-24.479	-0.209
0.480	-26.573	-0.201
0.500	-28.287	-0.191
0.520	-29.565	-0.166
0.540	-30.414	-0.155
0.560	-30.795	-0.135
0.580	-30.779	-0.115
0.600	-30.290	-0.087
0.620	-29.393	-0.065
0.640	-28.034	-0.035
0.660	-26.246	-0.015
0.680	-24.114	0.016
0.700	-21.589	0.040
0.720	-18.785	0.069
0.740	-15.670	0.089
0.760	-12.378	0.116
0.780	-8.849	0.138
0.800	-5.191	0.161
0.820	-1.485	0.179
0.840	2.264	0.194
0.860	5.959	0.202
0.880	9.558	0.218
0.900	13.038	0.219
0.920	16.331	0.227
0.940	19.365	0.220
0.960	22.164	0.222
0.980	24.570	0.208
1.000	26.659	0.203
1.020	28.324	0.185
1.040	29.603	0.177
1.060	30.430	0.151
1.080	30.822	0.138
1.100	30.779	0.107
1.120	30.280	0.090
1.140	29.345	0.058
1.160	27.981	0.036
1.180	26.214	0.006
1.200	24.065	-0.017
1.220	21.541	-0.051
1.240	18.726	-0.071
1.260	15.638	-0.105
1.280	12.281	-0.121
1.300	8.790	-0.147
1.320	5.170	-0.166
1.340	1.469	-0.186
1.360	-2.264	-0.200
1.380	-5.959	-0.209
1.400	-9.574	-0.221
1.420	-13.044	-0.225
1.440	-16.304	-0.229
1.460	-19.360	-0.225
1.480	-22.121	-0.229
1.500	-24.565	-0.217
1.520	-26.649	-0.207
1.540	-28.308	-0.195
1.560	-29.571	-0.179
1.580	-30.430	-0.159
1.600	-30.801	-0.143
1.620	-30.768	-0.118
1.640	-30.253	-0.096
1.660	-29.329	-0.070
1.680	-27.943	-0.046
1.700	-26.160	-0.020
1.720	-24.011	0.009
1.740	-21.471	0.033
1.760	-18.635	0.064
1.780	-15.509	0.084
1.800	-12.206	0.109
1.820	-8.688	0.131
1.840	-5.019	0.152
1.860	-1.308	0.167
1.880	2.430	0.185
1.900	6.115	0.196
1.920	9.719	0.206
1.940	13.194	0.206
1.960	16.460	0.213
1.980	19.494	0.209
2.000	22.277	0.210
2.020	24.667	0.200
2.040	26.740	0.193
2.060	28.384	0.176
2.080	29.651	0.164
2.100	30.457	0.144
2.120	30.827	0.125
2.140	30.758	0.102
2.160	30.263	0.081
2.180	29.291	0.048
2.200	27.911	0.027
2.220	26.138	-0.005
2.240	23.974	-0.031
2.260	21.428	-0.056
2.280	18.597	-0.081
2.300	15.493	-0.111
2.320	12.147	-0.130
2.340	8.634	-0.153
2.360	5.019	-0.171
2.380	1.313	-0.194
2.400	-2.420	-0.206
2.420	-6.110	-0.218
2.440	-9.740	-0.224
2.460	-13.183	-0.232
2.480	-16.438	-0.235
2.500	-19.500	-0.238
2.520	-22.234	-0.233
2.540	-24.656	-0.225
2.560	-26.708	-0.211
2.580	-28.394	-0.202
2.600	-29.624	-0.184
2.620	-30.441	-0.166
2.640	-30.784	-0.144
2.660	-30.741	-0.122
2.680	-30.226	-0.101
2.700	-29.286	-0.073
2.720	-27.873	-0.047
2.740	-26.074	-0.022
2.760	-23.904	0.006
2.780	-21.364	0.028
2.800	-18.517	0.061
2.820	-15.380	0.082
2.840	-12.055	0.110
2.860	-8.527	0.127
2.880	-4.874	0.154
2.900	-1.152	0.167
2.920	2.581	0.188
2.940	6.276	0.197
2.960	9.869	0.209
2.980	13.339	0.208
3.000	16.615	0.219
3.020	19.623	0.210
3.040	22.368	0.214
3.060	24.763	0.202
3.080	26.810	0.195
3.100	28.443	0.180
3.120	29.689	0.165
3.140	30.489	0.139
3.160	30.849	0.131
3.180	30.752	0.101
3.200	30.215	0.085
3.220	29.243	0.048
3.240	27.841	0.028
3.260	26.047	-0.002
3.280	23.872	-0.023
3.300	21.310	-0.055
3.320	18.469	-0.076
3.340	15.337	-0.107
3.360	11.975	-0.126
3.380	8.484	-0.152
3.400	4.847	-0.168
3.420	1.131	-0.190
3.440	-2.592	-0.200
3.460	-6.271	-0.215
3.480	-9.907	-0.217
3.500	-13.339	-0.228
3.520	-16.610	-0.229
3.540	-19.639	-0.229
3.560	-22.373	-0.226
3.580	-24.780	-0.216
3.600	-26.815	-0.207
3.620	-28.491	-0.192
3.640	-29.721	-0.176
3.660	-30.494	-0.157
3.680	-30.833	-0.139
3.700	-30.752	-0.115
3.720	-30.242	-0.092
3.740	-29.281	-0.064
3.760	-27.846	-0.043
3.780	-26.020	-0.014
3.800	-23.834	0.014
3.820	-21.283	0.038
3.840	-18.409	0.064
3.860	-15.289	0.090
3.880	-11.943	0.115
3.900	-8.403	0.135
3.920	-4.740	0.160
3.940	-1.012	0.176
3.960	2.720	0.196
3.980	6.405	0.200
4.000	9.998	0.214
4.020	13.468	0.218
4.040	16.712	0.225
4.060	19.725	0.218
4.080	22.486	0.219
4.100	24.860	0.211
4.120	26.885	0.205
4.140	28.502	0.182
4.160	29.737	0.173
4.180	30.505	0.152
4.200	30.844	0.134
4.220	30.736	0.110
4.240	30.167	0.087
4.260	29.184	0.058
4.280	27.750	0.032
4.300	25.961	0.005
4.320	23.754	-0.017
4.340	21.197	-0.047
4.360	18.329	-0.070
4.380	15.198	-0.099
4.400	11.830	-0.121
4.420	8.323	-0.143
4.440	4.676	-0.162
4.460	0.959	-0.180
4.480	-2.763	-0.191
4.500	-6.453	-0.205
4.520	-10.073	-0.212
4.540	-13.500	-0.221
4.560	-16.739	-0.219
4.580	-19.784	-0.218
4.600	-22.481	-0.217
4.620	-24.876	-0.205
4.640	-26.917	-0.200
4.660	-28.545	-0.184
4.680	-29.753	-0.167
4.700	-30.543	-0.151
4.720	-30.827	-0.130
4.740	-30.731	-0.105
4.760	-30.210	-0.083
4.780	-29.216	-0.056
4.800	-27.777	-0.030
4.820	-25.945	-0.006
4.840	-23.721	0.024
4.860	-21.170	0.050
4.880	-18.270	0.077
4.900	-15.144	0.102
4.920	-11.792	0.123
4.940	-8.237	0.148
4.960	-4.573	0.169
4.980	-0.851	0.181
5.000	2.876	0.198
5.020	6.566	0.210
5.040	10.159	0.220
5.060	13.624	0.223
5.080	16.857	0.228
5.100	19.865	0.223
5.120	22.599	0.222
5.140	24.946	0.214
5.160	26.966	0.202
5.180	28.561	0.188
5.200	29.769	0.176
5.220	30.532	0.152
5.240	30.838	0.134
5.260	30.720	0.108
5.280	30.161	0.088
5.300	29.130	0.059
5.320	27.685	0.030
5.340	25.870	0.009
5.360	23.652	-0.023
5.380	21.090	-0.051
5.400	18.211	-0.072
5.420	15.063	-0.099
5.440	11.701	-0.124
5.460	8.183	-0.144
5.480	4.541	-0.166
5.500	0.830	-0.181
5.520	-2.903	-0.196
5.540	-6.582	-0.210
5.560	-10.202	-0.213
5.580	-13.613	-0.223
5.600	-16.868	-0.223
5.620	-19.870	-0.224
5.640	-22.583	-0.215
5.660	-24.941	-0.210
5.680	-26.939	-0.201
5.700	-28.582	-0.188
5.720	-29.764	-0.167
5.740	-30.521	-0.151
5.760	-30.844	-0.134
5.780	-30.704	-0.109
5.800	-30.135	-0.086
5.820	-29.114	-0.059
5.840	-27.675	-0.030
5.860	-25.827	-0.010
5.880	-23.598	0.019
5.900	-21.014	0.044
5.920	-18.119	0.070
5.940	-14.972	0.098
5.960	-11.626	0.119
5.980	-8.059	0.140
6.000	-4.412	0.160
6.020	-0.690	0.176
6.040	3.059	0.194
6.060	6.738	0.201
6.080	10.310	0.210
6.100	13.769	0.216
6.120	16.997	0.220
6.140	19.989	0.219
6.160	22.701	0.216
6.180	25.048	0.206
6.200	27.030	0.195
6.220	28.625	0.181
6.240	29.818	0.167
6.260	30.543	0.147
6.280	30.838	0.123
6.300	30.715	0.102
6.320	30.113	0.077
6.340	29.082	0.051
6.360	27.621	0.024
6.380	25.789	-0.004
6.400	23.555	-0.033
6.420	20.961	-0.058
6.440	18.076	-0.083
6.460	14.934	-0.111
6.480	11.567	-0.130
6.500	8.022	-0.155
6.520	4.391	-0.176
6.540	0.679	-0.192
6.560	-3.053	-0.203
6.580	-6.743	-0.217
6.600	-10.337	-0.219
6.620	-13.753	-0.230
6.640	-16.991	-0.228
6.660	-19.978	-0.231
6.680	-22.669	-0.225
6.700	-25.021	-0.217
6.720	-27.035	-0.209
6.740	-28.641	-0.196
6.760	-29.791	-0.178
6.780	-30.543	-0.159
6.800	-30.806	-0.141
6.820	-30.682	-0.117
6.840	-30.102	-0.095
6.860	-29.066	-0.068
6.880	-27.594	-0.041
6.900	-25.709	-0.016
6.920	-23.496	0.012
6.940	-20.907	0.038
6.960	-17.980	0.064
6.980	-14.827	0.087
7.000	-11.454	0.110
7.020	-7.920	0.134
7.040	-4.235	0.152
7.060	-0.513	0.170
7.080	3.225	0.187
7.100	6.905	0.193
7.120	10.466	0.206
7.140	13.908	0.210
7.160	17.126	0.211
7.180	20.107	0.210
7.200	22.814	0.207
7.220	25.145	0.198
7.240	27.116	0.189
7.260	28.690	0.175
7.280	29.855	0.160
7.300	30.570	0.136
7.320	30.860	0.119
7.340	30.693	0.094
7.360	30.092	0.072
7.380	29.028	0.043
7.400	27.556	0.015
7.420	25.709	-0.010
7.440	23.448	-0.038
7.460	20.843	-0.064
7.480	17.948	-0.088
7.500	14.789	-0.113
7.520	11.422	-0.137
7.540	7.882	-0.155
7.560	4.219	-0.178
7.580	0.513	-0.194
7.600	-3.215	-0.207
7.620	-6.894	-0.219
7.640	-10.476	-0.226
7.660	-13.892	-0.230
7.680	-17.131	-0.232
7.700	-20.096	-0.231
7.720	-22.771	-0.229
7.740	-25.107	-0.220
7.760	-27.111	-0.210
7.780	-28.700	-0.195
7.800	-29.839	-0.177
7.820	-30.553	-0.158
7.840	-30.817	-0.140
7.860	-30.677	-0.113
7.880	-30.059	-0.093
7.900	-29.028	-0.061
7.920	-27.540	-0.042
7.940	-25.639	-0.011
7.960	-23.399	0.014
7.980	-20.800	0.040
8.000	-17.872	0.066
8.020	-14.703	0.098
8.040	-11.320	0.115
8.060	-7.764	0.138
8.080	-4.085	0.156
8.100	-0.363	0.176
8.120	3.365	0.191
8.140	7.039	0.199
8.160	10.611	0.210
8.180	14.053	0.212
8.200	17.260	0.218
8.220	20.230	0.214
8.240	22.927	0.209
8.260	25.225	0.202
8.280	27.175	0.189
8.300	28.733	0.180
8.320	29.904	0.161
8.340	30.602	0.140
8.360	30.854	0.121
8.380	30.677	0.098
8.400	30.038	0.077
8.420	28.969	0.047
8.440	27.492	0.019
8.460	25.623	-0.007
8.480	23.335	-0.034
8.500	20.714	-0.055
8.520	17.813	-0.085
8.540	14.639	-0.110
8.560	11.244	-0.131
8.580	7.710	-0.152
8.600	4.047	-0.171
8.620	0.346	-0.187
8.640	-3.386	-0.203
8.660	-7.055	-0.212
8.680	-10.637	-0.225
8.700	-14.059	-0.225
8.720	-17.265	-0.230
8.740	-20.246	-0.222
8.760	-22.916	-0.220
8.780	-25.236	-0.209
8.800	-27.207	-0.201
8.820	-28.765	-0.184
8.840	-29.909	-0.171
8.860	-30.607	-0.151
8.880	-30.822	-0.134
8.900	-30.661	-0.104
8.920	-30.059	-0.086
8.940	-28.990	-0.055
8.960	-27.481	-0.030
8.980	-25.569	-0.005
9.000	-23.319	0.023
9.020	-20.681	0.048
9.040	-17.749	0.075
9.060	-14.569	0.100
9.080	-11.185	0.123
9.100	-7.614	0.146
9.120	-3.924	0.166
9.140	-0.207	0.185
9.160	3.526	0.199
9.180	7.184	0.206
9.200	10.761	0.219
9.220	14.188	0.220
9.240	17.389	0.227
9.260	20.348	0.225
9.280	23.034	0.218
9.300	25.322	0.210
9.320	27.272	0.198
9.340	28.797	0.187
9.360	29.925	0.167
9.380	30.623	0.151
9.400	30.849	0.129
9.420	30.666	0.106
9.440	30.011	0.081
9.460	28.921	0.056
9.480	27.427	0.031
9.500	25.531	0.004
9.520	23.243	-0.024
9.540	20.612	-0.049
9.560	17.684	-0.079
9.580	14.505	-0.101
9.600	11.105	-0.125
9.620	7.549	-0.144
9.640	3.897	-0.167
9.660	0.201	-0.180
9.680	-3.542	-0.196
9.700	-7.227	-0.201
9.720	-10.793	-0.214
9.740	-14.209	-0.217
9.760	-17.389	-0.223
9.780	-20.370	-0.213
9.800	-22.996	-0.213
9.820	-25.322	-0.204
9.840	-27.277	-0.195
9.860	-28.808	-0.176
9.880	-29.941	-0.163
9.900	-30.618	-0.146
9.920	-30.838	-0.126
9.940	-30.645	-0.102
9.960	-30.011	-0.080
9.980	-28.915	-0.051
10.000	-27.385	-0.029
10.020	-25.483	0.001
10.040	-23.195	0.028
10.060	-20.542	0.057
10.080	-17.598	0.079
10.100	-14.429	0.106
10.120	-11.019	0.129
10.140	-7.447	0.153
10.160	-3.762	0.169
10.180	-0.040	0.185
10.200	3.693	0.196
10.220	7.361	0.211
10.240	10.922	0.219
10.260	14.344	0.221
10.280	17.523	0.224
10.300	20.472	0.221
10.320	23.125	0.216
10.340	25.419	0.208
10.360	27.352	0.194
10.380	28.862	0.184
10.400	29.973	0.162
10.420	30.639	0.148
10.440	30.860	0.123
10.460	30.639	0.099
10.480	29.963	0.079
10.500	28.867	0.048
10.520	27.352	0.026
10.540	25.446	-0.001
10.560	23.125	-0.034
10.580	20.493	-0.055
10.600	17.550	-0.084
10.620	14.365	-0.108
10.640	10.970	-0.133
10.660	7.404	-0.148
10.680	3.741	-0.171
10.700	0.040	-0.185
10.720	-3.687	-0.204
10.740	-7.356	-0.208
10.760	-10.938	-0.221
10.780	-14.333	-0.221
10.800	-17.529	-0.225
10.820	-20.467	-0.217
10.840	-23.088	-0.222
10.860	-25.403	-0.209
10.880	-27.325	-0.202
10.900	-28.867	-0.182
10.920	-29.952	-0.165
10.940	-30.602	-0.147
10.960	-30.833	-0.130
10.980	-30.613	-0.105
11.000	-29.952	-0.084
11.020	-28.851	-0.056
11.040	-27.288	-0.031
11.060	-25.370	-0.003
11.080	-23.066	0.024
11.100	-20.424	0.051
11.120	-17.469	0.073
11.140	-14.274	0.098
11.160	-10.858	0.119
11.180	-7.281	0.145
11.200	-3.607	0.159
11.220	0.110	0.178
11.240	3.848	0.191
11.260	7.506	0.204
11.280	11.078	0.207
11.300	14.483	0.211
11.320	17.657	0.214
11.340	20.601	0.213
11.360	23.238	0.206
11.380	25.510	0.200
11.400	27.417	0.185
11.420	28.915	0.173
11.440	30.016	0.153
11.460	30.645	0.137
11.480	30.854	0.113
11.500	30.618	0.094
11.520	29.930	0.066
11.540	28.813	0.039
11.560	27.240	0.012
11.580	25.349	-0.012
11.600	23.029	-0.042
11.620	20.365	-0.063
11.640	17.427	-0.095
11.660	14.220	-0.118
11.680	10.804	-0.141
11.700	7.259	-0.159
11.720	3.601	-0.184
11.740	-0.132	-0.196
11.760	-3.854	-0.212
11.780	-7.517	-0.217
11.800	-11.078	-0.230
11.820	-14.456	-0.228
11.840	-17.657	-0.236
11.860	-20.590	-0.227
11.880	-23.200	-0.230
11.900	-25.478	-0.212
11.920	-27.406	-0.209
11.940	-28.926	-0.188
11.960	-29.984	-0.171
11.980	-30.623	-0.155
12.000	-30.817	-0.135
12.020	-30.580	-0.111
12.040	-29.925	-0.088
12.060	-28.792	-0.060
12.080	-27.213	-0.040
12.100	-25.279	-0.006
12.120	-22.948	0.014
12.140	-20.295	0.046
12.160	-17.330	0.064
12.180	-14.139	0.098
12.200	-10.713	0.118
12.220	-7.130	0.138
12.240	-3.451	0.157
12.260	0.293	0.177
12.280	4.015	0.188
12.300	7.667	0.201
12.320	11.228	0.206
12.340	14.612	0.213
12.360	17.786	0.212
12.380	20.719	0.211
12.400	23.345	0.205
12.420	25.596	0.198
12.440	27.487	0.183
12.460	28.980	0.172
12.480	30.038	0.152
12.500	30.677	0.135
12.520	30.860	0.111
12.540	30.607	0.090
12.560	29.893	0.066
12.580	28.749	0.040
12.600	27.175	0.012
12.620	25.263	-0.014
12.640	22.927	-0.043
12.660	20.257	-0.066
12.680	17.303	-0.092
12.700	14.075	-0.115
12.720	10.664	-0.143
12.740	7.109	-0.157
12.760	3.435	-0.184
12.780	-0.282	-0.194
12.800	-4.015	-0.213
12.820	-7.673	-0.215
12.840	-11.234	-0.229
12.860	-14.607	-0.225
12.880	-17.802	-0.234
12.900	-20.719	-0.226
12.920	-23.302	-0.225
12.940	-25.585	-0.212
12.960	-27.481	-0.205
12.980	-28.990	-0.185
13.000	-30.038	-0.171
13.020	-30.666	-0.149
13.040	-30.833	-0.131
13.060	-30.575	-0.105
13.080	-29.887	-0.081
13.100	-28.743	-0.058
13.120	-27.175	-0.037
13.140	-25.204	-0.001
13.160	-22.846	0.022
13.180	-20.203	0.052
13.200	-17.206	0.073
13.220	-14.005	0.102
13.240	-10.573	0.125
13.260	-6.990	0.144
13.280	-3.284	0.160
13.300	0.438	0.182
13.320	4.155	0.191
13.340	7.807	0.208
13.360	11.368	0.209
13.380	14.757	0.218
13.400	17.937	0.217
13.420	20.826	0.218
13.440	23.448	0.210
13.460	25.693	0.204
13.480	27.551	0.185
13.500	29.028	0.179
13.520	30.075	0.155
13.540	30.693	0.140
13.560	30.844	0.116
13.580	30.591	0.101
13.600	29.834	0.068
13.620	28.690	0.046
13.640	27.105	0.015
13.660	25.161	-0.009
13.680	22.808	-0.038
13.700	20.123	-0.059
13.720	17.158	-0.086
13.740	13.935	-0.111
13.760	10.509	-0.138
13.780	6.931	-0.153
13.800	3.268	-0.176
13.820	-0.459	-0.186
13.840	-4.171	-0.201
13.860	-7.850	-0.207
13.880	-11.395	-0.217
13.900	-14.773	-0.219
13.920	-17.942	-0.224
13.940	-20.843	-0.217
13.960	-23.431	-0.214
13.980	-25.687	-0.204
14.000	-27.583	-0.196
14.020	-29.050	-0.173
14.040	-30.075	-0.163
14.060	-30.672	-0.138
14.080	-30.844	-0.124
14.100	-30.570	-0.091
14.120	-29.861	-0.073
14.140	-28.695	-0.046
14.160	-27.100	-0.024
14.180	-25.107	0.007
14.200	-22.760	0.032
14.220	-20.064	0.061
14.240	-17.072	0.084
14.260	-13.871	0.113
14.280	-10.417	0.132
14.300	-6.819	0.156
14.320	-3.145	0.170
14.340	0.599	0.188
14.360	4.316	0.202
14.380	7.963	0.211
14.400	11.518	0.218
14.420	14.891	0.225
14.440	18.055	0.223
14.460	20.950	0.226
14.480	23.550	0.216
14.500	25.773	0.212
14.520	27.615	0.193
14.540	29.082	0.185
14.560	30.113	0.160
14.580	30.704	0.148
14.600	30.849	0.119
14.620	30.570	0.102
14.640	29.812	0.073
14.660	28.636	0.048
14.680	27.030	0.019
14.700	25.070	-0.003
14.720	22.690	-0.033
14.740	19.999	-0.057
14.760	17.045	-0.084
14.780	13.785	-0.106
14.800	10.358	-0.132
14.820	6.792	-0.150
14.840	3.118	-0.170
14.860	-0.615	-0.183
14.880	-4.332	-0.198
14.900	-7.995	-0.207
14.920	-11.524	-0.215
14.940	-14.891	-0.221
14.960	-18.055	-0.218
14.980	-20.950	-0.219
15.000	-23.512	-0.209
15.020	-25.768	-0.204
15.040	-27.632	-0.194
15.060	-29.103	-0.173
15.080	-30.118	-0.159
15.100	-30.677	-0.138
15.120	-30.833	-0.123
15.140	-30.537	-0.095
15.160	-29.802	-0.074
15.180	-28.620	-0.045
15.200	-26.998	-0.024
15.220	-25.000	0.007
15.240	-22.636	0.032
15.260	-19.940	0.062
15.280	-16.943	0.082
15.300	-13.699	0.111
15.320	-10.256	0.131
15.340	-6.657	0.157
15.360	-2.973	0.172
15.380	0.765	0.185
15.400	4.477	0.200
15.420	8.129	0.208
15.440	11.679	0.217
15.460	15.047	0.223
15.480	18.178	0.220
15.500	21.079	0.223
15.520	23.652	0.210
15.540	25.859	0.206
15.560	27.712	0.188
15.580	29.135	0.179
15.600	30.151	0.154
15.620	30.720	0.140
15.640	30.849	0.114
15.660	30.537	0.096
15.680	29.759	0.065
15.700	28.577	0.042
15.720	26.966	0.011
15.740	24.984	-0.010
15.760	22.599	-0.040
15.780	19.892	-0.063
15.800	16.895	-0.091
15.820	13.656	-0.116
15.840	10.208	-0.138
15.860	6.636	-0.160
15.880	2.951	-0.177
15.900	-0.760	-0.191
15.920	-4.477	-0.207
15.940	-8.140	-0.213
15.960	-11.653	-0.221
15.980	-15.031	-0.221
16.000	-18.178	-0.225
16.020	-21.057	-0.222
16.040	-23.630	-0.220
16.060	-25.838	-0.209
16.080	-27.685	-0.204
16.100	-29.130	-0.178
16.120	-30.135	-0.167
16.140	-30.682	-0.147
16.160	-30.817	-0.127
16.180	-30.505	-0.100
16.200	-29.753	-0.081
16.220	-28.539	-0.050
16.240	-26.923	-0.029
16.260	-24.892	-0.001
16.280	-22.518	0.024
16.300	-19.801	0.052
16.320	-16.803	0.075
16.340	-13.570	0.102
16.360	-10.100	0.123
16.380	-6.502	0.147
16.400	-2.812	0.158
16.420	0.927	0.179
16.440	4.638	0.192
16.460	8.285	0.198
16.480	11.819	0.207
16.500	15.176	0.209
16.520	18.307	0.210
16.540	21.192	0.209
16.560	23.754	0.198
16.580	25.956	0.196
16.600	27.771	0.177
16.620	29.189	0.170
16.640	30.188	0.146
16.660	30.741	0.130
16.680	30.844	0.105
16.700	30.521	0.086
16.720	29.726	0.057
16.740	28.518	0.034
16.760	26.890	0.003
16.780	24.887	-0.019
16.800	22.497	-0.049
16.820	19.768	-0.070
16.840	16.771	-0.101
16.860	13.500	-0.123
16.880	10.063	-0.146
16.900	6.480	-0.170
16.920	2.801	-0.186
16.940	-0.921	-0.204
16.960	-4.643	-0.216
16.980	-8.296	-0.224
17.000	-11.819	-0.230
17.020	-15.155	-0.234
17.040	-18.302	-0.234
17.060	-21.176	-0.230
17.080	-23.711	-0.225
17.100	-25.918	-0.213
17.120	-27.755	-0.204
17.140	-29.173	-0.184
17.160	-30.183	-0.169
17.180	-30.693	-0.149
17.200	-30.817	-0.128
17.220	-30.473	-0.105
17.240	-29.705	-0.084
17.260	-28.496	-0.055
17.280	-26.847	-0.030
17.300	-24.812	-0.002
17.320	-22.411	0.023
17.340	-19.688	0.050
17.360	-16.669	0.076
17.380	-13.430	0.104
17.400	-9.950	0.122
17.420	-6.346	0.144
17.440	-2.645	0.161
17.460	1.088	0.178
17.480	4.799	0.194
17.500	8.430	0.202
17.520	11.959	0.210
17.540	15.316	0.212
17.560	18.436	0.214
17.580	21.304	0.212
17.600	23.845	0.198
17.620	26.036	0.195
17.640	27.841	0.179
17.660	29.248	0.169
17.680	30.215	0.146
17.700	30.747	0.133
17.720	30.838	0.109
17.740	30.489	0.086
17.760	29.683	0.058
17.780	28.464	0.032
17.800	26.810	0.005
17.820	24.790	-0.017
17.840	22.368	-0.047
17.860	19.629	-0.070
17.880	16.626	-0.099
17.900	13.355	-0.122
17.920	9.918	-0.147
17.940	6.324	-0.163
17.960	2.645	-0.185
17.980	-1.077	-0.196
18.000	-4.804	-0.211
18.020	-8.457	-0.217
18.040	-11.975	-0.224
18.060	-15.316	-0.225
18.080	-18.442	-0.227
18.100	-21.310	-0.223
18.120	-23.834	-0.218
18.140	-26.020	-0.206
18.160	-27.852	-0.200
18.180	-29.259	-0.179
18.200	-30.220	-0.165
18.220	-30.720	-0.147
18.240	-30.822	-0.124
18.260	-30.478	-0.097
18.280	-29.678	-0.076
18.300	-28.453	-0.047
18.320	-26.778	-0.026
18.340	-24.737	0.006
18.360	-22.330	0.029
18.380	-19.580	0.058
18.400	-16.551	0.081
18.420	-13.291	0.108
18.440	-9.832	0.127
18.460	-6.206	0.152
18.480	-2.500	0.166
18.500	1.233	0.186
18.520	4.944	0.195
18.540	8.575	0.214
18.560	12.115	0.213
18.580	15.450	0.219
18.600	18.565	0.217
18.620	21.428	0.219
18.640	23.958	0.206
18.660	26.122	0.203
18.680	27.906	0.186
18.700	29.302	0.176
18.720	30.253	0.152
18.740	30.768	0.142
18.760	30.833	0.110
18.780	30.478	0.094
18.800	29.640	0.065
18.820	28.389	0.042
18.840	26.729	0.011
18.860	24.699	-0.011
18.880	22.244	-0.043
18.900	19.510	-0.059
18.920	16.508	-0.093
18.940	13.226	-0.110
18.960	9.762	-0.138
18.980	6.147	-0.154
19.000	2.468	-0.174
19.020	-1.243	-0.190
19.040	-4.966	-0.202
19.060	-8.613	-0.208
19.080	-12.136	-0.219
19.100	-15.461	-0.218
19.120	-18.571	-0.223
19.140	-21.417	-0.213
19.160	-23.947	-0.212
19.180	-26.122	-0.197
19.200	-27.922	-0.189
19.220	-29.297	-0.170
19.240	-30.263	-0.153
19.260	-30.736	-0.136
19.280	-30.822	-0.114
19.300	-30.451	-0.085
19.320	-29.640	-0.067
19.340	-28.394	-0.035
19.360	-26.702	-0.014
19.380	-24.635	0.018
19.400	-22.218	0.040
19.420	-19.451	0.069
19.440	-16.406	0.090
19.460	-13.151	0.117
19.480	-9.660	0.142
19.500	-6.051	0.161
19.520	-2.334	0.174
19.540	1.394	0.196
19.560	5.116	0.204
19.580	8.731	0.216
19.600	12.260	0.219
19.620	15.590	0.225
19.640	18.683	0.225
19.660	21.541	0.223
19.680	24.054	0.212
19.700	26.203	0.205
19.720	27.970	0.189
19.740	29.340	0.180
19.760	30.274	0.156
19.780	30.779	0.144
19.800	30.817	0.113
19.820	30.430	0.096
19.840	29.592	0.067
19.860	28.335	0.042
19.880	26.638	0.011
19.900	24.602	-0.009
19.920	22.164	-0.040
19.940	19.387	-0.064
19.960	16.368	-0.093
19.980	13.065	-0.115
20.000	9.612	-0.140
20.020	6.013	-0.155
20.040	2.318	-0.180
20.060	-1.405	-0.188
20.080	-5.121	-0.203
20.100	-8.758	-0.211
20.120	-12.265	-0.220
20.140	-15.579	-0.220
20.160	-18.699	-0.221
20.180	-21.530	-0.217
20.200	-24.028	-0.218
20.220	-26.198	-0.200
20.240	-27.975	-0.193
20.260	-29.334	-0.171
20.280	-30.274	-0.153
20.300	-30.720	-0.137
20.320	-30.806	-0.113
20.340	-30.398	-0.088
20.360	-29.587	-0.065
20.380	-28.308	-0.039
20.400	-26.600	-0.016
20.420	-24.549	0.012
20.440	-22.094	0.036
20.460	-19.312	0.065
20.480	-16.266	0.087
20.500	-12.990	0.111
20.520	-9.504	0.135
20.540	-5.879	0.156
20.560	-2.167	0.171
20.580	1.560	0.188
20.600	5.272	0.197
20.620	8.897	0.210
20.640	12.410	0.212
20.660	15.735	0.220
20.680	18.812	0.213
20.700	21.648	0.215
20.720	24.146	0.204
20.740	26.283	0.200
20.760	28.034	0.181
20.780	29.393	0.172
20.800	30.306	0.146
20.820	30.784	0.134
20.840	30.822	0.106
20.860	30.414	0.090
20.880	29.544	0.057
20.900	28.265	0.029
20.920	26.563	0.006
20.940	24.511	-0.022
20.960	22.040	-0.053
20.980	19.263	-0.076
21.000	16.234	-0.103
21.020	12.920	-0.124
21.040	9.461	-0.148
21.060	5.857	-0.166
21.080	2.162	-0.189
21.100	-1.566	-0.200
21.120	-5.272	-0.213
21.140	-8.908	-0.219
21.160	-12.405	-0.230
21.180	-15.719	-0.229
21.200	-18.812	-0.232
21.220	-21.627	-0.224
21.240	-24.119	-0.225
21.260	-26.273	-0.210
21.280	-28.051	-0.201
21.300	-29.377	-0.179
21.320	-30.296	-0.166
21.340	-30.752	-0.147
21.360	-30.790	-0.125
21.380	-30.371	-0.099
21.400	-29.544	-0.076
21.420	-28.239	-0.046
21.440	-26.520	-0.026
21.460	-24.430	0.004
21.480	-21.981	0.030
21.500	-19.194	0.057
21.520	-16.127	0.079
21.540	-12.856	0.106
21.560	-9.348	0.126
21.580	-5.712	0.148
21.600	-2.006	0.164
21.620	1.727	0.181
21.640	5.411	0.189
21.660	9.037	0.200
21.680	12.550	0.206
21.700	15.864	0.212
21.720	18.947	0.207
21.740	21.772	0.211
21.760	24.253	0.198
21.780	26.375	0.189
21.800	28.094	0.173
21.820	29.442	0.164
21.840	30.339	0.140
21.860	30.790	0.124
21.880	30.801	0.097
21.900	30.382	0.082
21.920	29.501	0.048
21.940	28.212	0.029
21.960	26.493	-0.004
21.980	24.404	-0.026
22.000	21.911	-0.056
22.020	19.140	-0.078
22.040	16.084	-0.111
22.060	12.775	-0.125
22.080	9.300	-0.155
22.100	5.691	-0.168
22.120	1.995	-0.192
22.140	-1.732	-0.200
22.160	-5.433	-0.219
22.180	-9.085	-0.219
22.200	-12.571	-0.234
22.220	-15.864	-0.231
22.240	-18.963	-0.232
22.260	-21.777	-0.228
22.280	-24.248	-0.221
22.300	-26.391	-0.209
22.320	-28.142	-0.201
22.340	-29.447	-0.178
22.360	-30.349	-0.167
22.380	-30.763	-0.146
22.400	-30.801	-0.119
22.420	-30.376	-0.097
22.440	-29.506	-0.074
22.460	-28.185	-0.051
22.480	-26.477	-0.024
22.500	-24.350	0.007
22.520	-21.901	0.030
22.540	-19.097	0.062
22.560	-16.003	0.081
22.580	-12.727	0.111
22.600	-9.214	0.131
22.620	-5.578	0.153
22.640	-1.883	0.164
22.660	1.872	0.185
22.680	5.573	0.191
22.700	9.182	0.208
22.720	12.689	0.208
22.740	15.992	0.218
22.760	19.059	0.214
22.780	21.890	0.215
22.800	24.344	0.201
22.820	26.450	0.196
22.840	28.158	0.177
22.860	29.485	0.169
22.880	30.365	0.144
22.900	30.806	0.131
22.920	30.795	0.102
22.940	30.344	0.086
22.960	29.452	0.052
22.980	28.131	0.032
23.000	26.412	-0.003
23.020	24.307	-0.020
23.040	21.799	-0.048
23.060	19.006	-0.075
23.080	15.949	-0.105
23.100	12.619	-0.121
23.120	9.139	-0.154
23.140	5.508	-0.167
23.160	1.823	-0.188
23.180	-1.915	-0.196
23.200	-5.610	-0.215
23.220	-9.252	-0.213
23.240	-12.748	-0.230
23.260	-16.035	-0.223
23.280	-19.118	-0.227
23.300	-21.906	-0.219
23.320	-24.377	-0.218
23.340	-26.482	-0.206
23.360	-28.244	-0.192
23.380	-29.522	-0.172
23.400	-30.425	-0.159
23.420	-30.801	-0.137
23.440	-30.806	-0.116
23.460	-30.408	-0.091
23.480	-29.511	-0.067
23.500	-28.158	-0.042
23.520	-26.412	-0.013
23.540	-24.296	0.015
23.560	-21.799	0.041
23.580	-18.990	0.064
23.600	-15.896	0.089
23.620	-12.603	0.119
23.640	-9.074	0.135
23.660	-5.438	0.160
23.680	-1.721	0.173
23.700	2.006	0.195
23.720	5.707	0.203
23.740	9.332	0.215
23.760	12.829	0.219
23.780	16.127	0.222
23.800	19.177	0.218
23.820	21.987	0.223
23.840	24.441	0.207
23.860	26.525	0.204
23.880	28.228	0.182
23.900	29.538	0.176
23.920	30.398	0.152
23.940	30.806	0.136
23.960	30.790	0.106
23.980	30.328	0.093
24.000	29.409	0.059
24.020	28.067	0.037
24.040	26.332	0.007
24.060	24.210	-0.014
24.080	21.702	-0.051
24.100	18.887	-0.069
24.120	15.810	-0.098
24.140	12.474	-0.114
24.160	8.994	-0.143
24.180	5.363	-0.154
24.200	1.662	-0.180
24.220	-2.060	-0.189
24.240	-5.760	-0.208
24.260	-9.397	-0.207
24.280	-12.877	-0.220
24.300	-16.154	-0.214
24.320	-19.231	-0.221
24.340	-21.987	-0.213
24.360	-24.452	-0.208
24.380	-26.547	-0.195
24.400	-28.265	-0.183
24.420	-29.565	-0.167
24.440	-30.430	-0.147
24.460	-30.801	-0.129
24.480	-30.795	-0.107
24.500	-30.333	-0.079
24.520	-29.431	-0.059
24.540	-28.072	-0.030
24.560	-26.294	-0.010
24.580	-24.162	0.021
24.600	-21.670	0.045
24.620	-18.828	0.073
24.640	-15.735	0.095
24.660	-12.426	0.121
24.680	-8.903	0.144
24.700	-5.266	0.166
24.720	-1.539	0.175
24.740	2.189	0.199
24.760	5.895	0.205
24.780	9.499	0.217
24.800	12.990	0.219
24.820	16.266	0.223
24.840	19.323	0.220
24.860	22.110	0.222
24.880	24.538	0.209
24.900	26.616	0.204
24.920	28.303	0.182
24.940	29.587	0.177
24.960	30.414	0.149
24.980	30.822	0.136
25.000	30.768	0.106
25.020	30.290	0.087
25.040	29.361	0.057
25.060	27.991	0.035
25.080	26.246	0.005
25.100	24.108	-0.020
25.120	21.584	-0.050
25.140	18.759	-0.072
25.160	15.681	-0.100
25.180	12.345	-0.121
25.200	8.854	-0.142
25.220	5.234	-0.163
25.240	1.523	-0.184
25.260	-2.205	-0.193
25.280	-5.906	-0.213
25.300	-9.536	-0.216
25.320	-12.985	-0.224
25.340	-16.261	-0.221
25.360	-19.317	-0.224
25.380	-22.078	-0.218
25.400	-24.516	-0.213
25.420	-26.606	-0.201
25.440	-28.308	-0.187
25.460	-29.576	-0.170
25.480	-30.430	-0.151
25.500	-30.811	-0.134
25.520	-30.768	-0.112
25.540	-30.274	-0.086
25.560	-29.345	-0.065
25.580	-27.981	-0.034
25.600	-26.203	-0.015
25.620	-24.044	0.016
25.640	-21.530	0.041
25.660	-18.673	0.067
25.680	-15.584	0.090
25.700	-12.265	0.117
25.720	-8.741	0.135
25.740	-5.089	0.158
25.760	-1.372	0.171
25.780	2.355	0.191
25.800	6.056	0.198
25.820	9.649	0.212
25.840	13.130	0.211
25.860	16.411	0.217
25.880	19.441	0.213
25.900	22.228	0.211
25.920	24.635	0.199
25.940	26.692	0.192
25.960	28.362	0.175
25.980	29.624	0.164
26.000	30.435	0.137
26.020	30.822	0.125
26.040	30.763	0.095
26.060	30.269	0.078
26.080	29.307	0.048
26.100	27.932	0.024
26.120	26.165	-0.007
26.140	23.995	-0.029
26.160	21.460	-0.062
26.180	18.646	-0.081
26.200	15.547	-0.112
26.220	12.200	-0.130
26.240	8.698	-0.155
26.260	5.068	-0.171
26.280	1.356	-0.192
26.300	-2.366	-0.205
26.320	-6.056	-0.217
26.340	-9.681	-0.223
26.360	-13.135	-0.231
26.380	-16.390	-0.232
26.400	-19.430	-0.229
26.420	-22.191	-0.227
26.440	-24.613	-0.219
26.460	-26.697	-0.213
26.480	-28.378	-0.196
26.500	-29.614	-0.176
26.520	-30.441	-0.159
26.540	-30.784	-0.142
26.560	-30.741	-0.120
26.580	-30.242	-0.093
26.600	-29.297	-0.070
26.620	-27.906	-0.043
26.640	-26.101	-0.022
26.660	-23.947	0.007
26.680	-21.417	0.036
26.700	-18.565	0.063
26.720	-15.455	0.085
26.740	-12.104	0.111
26.760	-8.586	0.129
26.780	-4.928	0.152
26.800	-1.211	0.165
26.820	2.516	0.187
26.840	6.206	0.193
26.860	9.800	0.203
26.880	13.285	0.206
26.900	16.546	0.213
26.920	19.564	0.210
26.940	22.352	0.208
26.960	24.731	0.197
26.980	26.778	0.190
27.000	28.421	0.170
27.020	29.678	0.160
27.040	30.484	0.137
27.060	30.833	0.121
27.080	30.758	0.092
27.100	30.220	0.072
27.120	29.270	0.044
27.140	27.863	0.019
27.160	26.074	-0.008
27.180	23.915	-0.035
27.200	21.358	-0.060
27.220	18.501	-0.084
27.240	15.402	-0.114
27.260	12.061	-0.132
27.280	8.548	-0.156
27.300	4.912	-0.175
27.320	1.211	-0.196
27.340	-2.522	-0.208
27.360	-6.212	-0.216
27.380	-9.821	-0.221
27.400	-13.269	-0.231
27.420	-16.535	-0.232
27.440	-19.575	-0.230
27.460	-22.303	-0.224
27.480	-24.715	-0.220
27.500	-26.783	-0.206
27.520	-28.453	-0.190
27.540	-29.673	-0.176
27.560	-30.473	-0.157
27.580	-30.806	-0.138
27.600	-30.752	-0.113
27.620	-30.231	-0.089
27.640	-29.259	-0.063
27.660	-27.857	-0.041
27.680	-26.036	-0.015
27.700	-23.845	0.015
27.720	-21.315	0.040
27.740	-18.447	0.065
27.760	-15.326	0.090
27.780	-11.975	0.115
27.800	-8.446	0.132
27.820	-4.804	0.158
27.840	-1.066	0.173
27.860	2.656	0.189
27.880	6.357	0.197
27.900	9.945	0.211
27.920	13.425	0.213
27.940	16.675	0.219
27.960	19.682	0.214
27.980	22.432	0.214
28.000	24.812	0.201
28.020	26.837	0.194
28.040	28.480	0.178
28.060	29.721	0.164
28.080	30.494	0.139
28.100	30.844	0.124
28.120	30.741	0.100
28.140	30.204	0.080
28.160	29.205	0.047
28.180	27.798	0.023
28.200	25.988	-0.004
28.220	23.797	-0.027
28.240	21.224	-0.052
28.260	18.372	-0.084
28.280	15.246	-0.108
28.300	11.894	-0.130
28.320	8.365	-0.149
28.340	4.740	-0.171
28.360	1.034	-0.188
28.380	-2.710	-0.204
28.400	-6.394	-0.206
28.420	-10.009	-0.218
28.440	-13.452	-0.222
28.460	-16.712	-0.226
28.480	-19.736	-0.225
28.500	-22.459	-0.213
28.520	-24.849	-0.211
28.540	-26.901	-0.197
28.560	-28.545	-0.186
28.580	-29.748	-0.166
28.600	-30.543	-0.150
28.620	-30.827	-0.130
28.640	-30.758	-0.107
28.660	-30.237	-0.084
28.680	-29.248	-0.058
28.700	-27.825	-0.030
28.720	-25.972	-0.006
28.740	-23.786	0.021
28.760	-21.224	0.050
28.780	-18.334	0.075
28.800	-15.198	0.100
28.820	-11.857	0.123
28.840	-8.312	0.144
28.860	-4.638	0.166
28.880	-0.910	0.184
28.900	2.817	0.195
28.920	6.502	0.206
28.940	10.095	0.218
28.960	13.554	0.219
28.980	16.814	0.227
29.000	19.817	0.221
29.020	22.561	0.218
29.040	24.908	0.207
29.060	26.933	0.198
29.080	28.539	0.184
29.100	29.759	0.173
29.120	30.527	0.151
29.140	30.838	0.131
29.160	30.720	0.103
29.180	30.161	0.087
29.200	29.162	0.054
29.220	27.728	0.032
29.240	25.907	0.006
29.260	23.689	-0.025
29.280	21.111	-0.048
29.300	18.254	-0.074
29.320	15.112	-0.099
29.340	11.749	-0.122
29.360	8.226	-0.145
29.380	4.590	-0.163
29.400	0.867	-0.180
29.420	-2.855	-0.197
29.440	-6.545	-0.206
29.460	-10.138	-0.217
29.480	-13.565	-0.218
29.500	-16.825	-0.221
29.520	-19.838	-0.218
29.540	-22.551	-0.212
29.560	-24.925	-0.205
29.580	-26.949	-0.196
29.600	-28.588	-0.183
29.620	-29.769	-0.160
29.640	-30.516	-0.147
29.660	-30.838	-0.129
29.680	-30.736	-0.098
29.700	-30.167	-0.077
29.720	-29.168	-0.047
29.740	-27.701	-0.027
29.760	-25.870	-0.001
29.780	-23.657	0.025
29.800	-21.063	0.051
29.820	-18.184	0.077
29.840	-15.042	0.105
29.860	-11.669	0.123
29.880	-8.135	0.148
29.900	-4.477	0.165
29.920	-0.744	0.179
29.940	2.989	0.196
29.960	6.657	0.207
29.980	10.267	0.214
30.000	13.720	0.218
30.020	16.943	0.224
30.040	19.940	0.218
30.060	22.669	0.219
30.080	25.005	0.206
30.100	27.019	0.196
30.120	28.604	0.182
30.140	29.796	0.168
30.160	30.548	0.144
30.180	30.849	0.129
30.200	30.725	0.099
30.220	30.102	0.078
30.240	29.103	0.049
30.260	27.653	0.025
30.280	25.827	-0.002
30.300	23.598	-0.030
30.320	21.009	-0.053
30.340	18.125	-0.084
30.360	14.983	-0.101
30.380	11.599	-0.132
30.400	8.086	-0.148
30.420	4.439	-0.173
30.440	0.739	-0.183
30.460	-3.000	-0.203
30.480	-6.684	-0.213
30.500	-10.283	-0.221
30.520	-13.710	-0.221
30.540	-16.943	-0.227
30.560	-19.940	-0.220
30.580	-22.626	-0.219
30.600	-25.000	-0.210
30.620	-27.009	-0.203
30.640	-28.615	-0.188
30.660	-29.796	-0.169
30.680	-30.532	-0.148
30.700	-30.827	-0.130
30.720	-30.688	-0.106
30.740	-30.124	-0.084
30.760	-29.082	-0.058
30.780	-27.621	-0.032
30.800	-25.779	-0.005
30.820	-23.528	0.019
30.840	-20.939	0.044
30.860	-18.033	0.074
30.880	-14.897	0.098
30.900	-11.513	0.115
30.920	-7.963	0.140
30.940	-4.300	0.159
30.960	-0.583	0.173
30.980	3.156	0.186
31.000	6.829	0.200
31.020	10.412	0.206
31.040	13.876	0.210
31.060	17.077	0.214
31.080	20.069	0.213
31.100	22.771	0.208
31.120	25.107	0.199
31.140	27.094	0.185
31.160	28.657	0.174
31.180	29.834	0.156
31.200	30.564	0.135
31.220	30.849	0.115
31.240	30.704	0.089
31.260	30.097	0.069
31.280	29.055	0.041
31.300	27.578	0.017
31.320	25.730	-0.014
31.340	23.490	-0.037
31.360	20.896	-0.069
31.380	18.007	-0.090
31.400	14.843	-0.118
31.420	11.465	-0.138
31.440	7.936	-0.158
31.460	4.294	-0.180
31.480	0.583	-0.196
31.500	-3.150	-0.209
31.520	-6.835	-0.220
31.540	-10.428	-0.227
31.560	-13.849	-0.234
31.580	-17.088	-0.234
31.600	-20.058	-0.229
31.620	-22.733	-0.229
31.640	-25.075	-0.217
31.660	-27.073	-0.210
31.680	-28.668	-0.191
31.700	-29.823	-0.176
31.720	-30.543	-0.153
31.740	-30.811	-0.139
31.760	-30.666	-0.109
31.780	-30.086	-0.090
31.800	-29.044	-0.058
31.820	-27.551	-0.041
31.840	-25.666	-0.008
31.860	-23.421	0.016
31.880	-20.832	0.043
31.900	-17.905	0.070
31.920	-14.752	0.095
31.940	-11.373	0.118
31.960	-7.807	0.135
31.980	-4.149	0.160
32.000	-0.416	0.172
32.020	3.306	0.184
32.040	6.990	0.197
32.060	10.573	0.206
32.080	14.000	0.212
32.100	17.217	0.214
32.120	20.182	0.212
32.140	22.878	0.207
32.160	25.198	0.197
32.180	27.164	0.189
32.200	28.727	0.173
32.220	29.877	0.154
32.240	30.591	0.137
32.260	30.860	0.116
32.280	30.682	0.094
32.300	30.043	0.069
32.320	29.001	0.041
32.340	27.492	0.011
32.360	25.666	-0.008
32.380	23.378	-0.041
32.400	20.773	-0.064
32.420	17.867	-0.093
32.440	14.698	-0.113
32.460	11.309	-0.141
32.480	7.775	-0.157
32.500	4.122	-0.180
32.520	0.411	-0.196
32.540	-3.327	-0.208
32.560	-6.996	-0.220
32.580	-10.578	-0.225
32.600	-14.000	-0.231
32.620	-17.222	-0.227
32.640	-20.198	-0.230
32.660	-22.867	-0.221
32.680	-25.188	-0.217
32.700	-27.170	-0.200
32.720	-28.765	-0.188
32.740	-29.882	-0.172
32.760	-30.602	-0.154
32.780	-30.827	-0.132
32.800	-30.677	-0.105
32.820	-30.075	-0.084
32.840	-29.001	-0.055
32.860	-27.513	-0.034
32.880	-25.607	-0.002
32.900	-23.345	0.019
32.920	-20.740	0.048
32.940	-17.802	0.074
32.960	-14.634	0.101
32.980	-11.250	0.123
33.000	-7.673	0.145
33.020	-4.010	0.159
33.040	-0.277	0.181
33.060	3.451	0.191
33.080	7.130	0.202
33.100	10.702	0.210
33.120	14.129	0.221
33.140	17.335	0.218
33.160	20.295	0.217
33.180	22.991	0.210
33.200	25.290	0.204
33.220	27.234	0.188
33.240	28.776	0.170
33.260	29.909	0.158
33.280	30.613	0.136
33.300	30.860	0.118
33.320	30.672	0.095
33.340	30.022	0.071
33.360	28.937	0.046
33.380	27.427	0.019
33.400	25.558	-0.010
33.420	23.260	-0.034
33.440	20.655	-0.059
33.460	17.722	-0.082
33.480	14.542	-0.108
33.500	11.148	-0.132
33.520	7.608	-0.150
33.540	3.945	-0.173
33.560	0.234	-0.187
33.580	-3.505	-0.201
33.600	-7.178	-0.210
33.620	-10.745	-0.218
33.640	-14.161	-0.218
33.660	-17.384	-0.221
33.680	-20.338	-0.217
33.700	-23.007	-0.214
33.720	-25.301	-0.203
33.740	-27.293	-0.196
33.760	-28.829	-0.176
33.780	-29.957	-0.163
33.800	-30.639	-0.141
33.820	-30.849	-0.122
33.840	-30.677	-0.100
33.860	-30.054	-0.077
33.880	-28.964	-0.051
33.900	-27.454	-0.023
33.920	-25.542	0.003
33.940	-23.238	0.028
33.960	-20.617	0.058
33.980	-17.684	0.083
34.000	-14.499	0.110
34.020	-11.105	0.130
34.040	-7.533	0.151
34.060	-3.854	0.169
34.080	-0.115	0.187
34.100	3.607	0.201
34.120	7.275	0.211
34.140	10.842	0.218
34.160	14.258	0.227
34.180	17.469	0.228
34.200	20.418	0.226
34.220	23.093	0.218
34.240	25.370	0.210
34.260	27.299	0.196
34.280	28.835	0.182
34.300	29.957	0.166
34.320	30.629	0.147
34.340	30.849	0.124
34.360	30.645	0.098
34.380	29.973	0.076
34.400	28.894	0.055
34.420	27.363	0.023
34.440	25.472	-0.002
34.460	23.184	-0.030
34.480	20.536	-0.055
34.500	17.609	-0.082
34.520	14.413	-0.106
34.540	11.008	-0.129
34.560	7.463	-0.143
34.580	3.800	-0.171
34.600	0.089	-0.183
34.620	-3.634	-0.199
34.640	-7.313	-0.207
34.660	-10.885	-0.218
34.680	-14.279	-0.221
34.700	-17.491	-0.221
34.720	-20.434	-0.220
34.740	-23.093	-0.213
34.760	-25.376	-0.204
34.780	-27.320	-0.195
34.800	-28.872	-0.174
34.820	-29.968	-0.158
34.840	-30.623	-0.139
34.860	-30.854	-0.124
34.880	-30.629	-0.095
34.900	-30.000	-0.072
34.920	-28.872	-0.045
34.940	-27.342	-0.024
34.960	-25.403	0.003
34.980	-23.125	0.032
35.000	-20.488	0.061
35.020	-17.534	0.081
35.040	-14.333	0.108
35.060	-10.922	0.128
35.080	-7.356	0.154
35.100	-3.677	0.169
35.120	0.056	0.181
35.140	3.800	0.200
35.160	7.442	0.206
35.180	11.019	0.216
35.200	14.419	0.219
35.220	17.620	0.219
35.240	20.542	0.217
35.260	23.206	0.210
35.280	25.462	0.205
35.300	27.395	0.189
35.320	28.899	0.177
35.340	29.990	0.160
35.360	30.656	0.140
35.380	30.854	0.118
35.400	30.623	0.097
35.420	29.952	0.070
35.440	28.835	0.044
35.460	27.299	0.019
35.480	25.381	-0.007
35.500	23.061	-0.038
35.520	20.418	-0.064
35.540	17.480	-0.089
35.560	14.279	-0.115
35.580	10.858	-0.135
35.600	7.318	-0.157
35.620	3.650	-0.174
35.640	-0.073	-0.191
35.660	-3.795	-0.206
35.680	-7.469	-0.216
35.700	-11.024	-0.221
35.720	-14.413	-0.225
35.740	-17.609	-0.226
35.760	-20.542	-0.221
35.780	-23.157	-0.220
35.800	-25.451	-0.209
35.820	-27.390	-0.201
35.840	-28.905	-0.182
35.860	-29.990	-0.171
35.880	-30.613	-0.145
35.900	-30.844	-0.135
35.920	-30.596	-0.101
35.940	-29.925	-0.084
35.960	-28.819	-0.052
35.980	-27.266	-0.032
36.000	-25.311	-0.003
36.020	-23.012	0.023
36.040	-20.343	0.051
36.060	-17.384	0.074
36.080	-14.193	0.103
36.100	-10.772	0.120
36.120	-7.200	0.144
36.140	-3.510	0.160
36.160	0.223	0.175
36.180	3.945	0.189
36.200	7.603	0.198
36.220	11.169	0.209
36.240	14.564	0.211
36.260	17.749	0.214
36.280	20.676	0.211
36.300	23.297	0.202
36.320	25.558	0.196
36.340	27.476	0.179
36.360	28.958	0.169
36.380	30.032	0.149
36.400	30.661	0.133
36.420	30.860	0.109
36.440	30.613	0.086
36.460	29.898	0.059
36.480	28.770	0.036
36.500	27.223	0.003
36.520	25.295	-0.016
36.540	22.943	-0.047
36.560	20.289	-0.066
36.580	17.357	-0.100
36.600	14.134	-0.123
36.620	10.729	-0.142
36.640	7.168	-0.164
36.660	3.489	-0.183
36.680	-0.239	-0.201
36.700	-3.961	-0.213
36.720	-7.619	-0.221
36.740	-11.164	-0.229
36.760	-14.553	-0.231
36.780	-17.733	-0.234
36.800	-20.671	-0.229
36.820	-23.286	-0.227
36.840	-25.542	-0.213
36.860	-27.449	-0.209
36.880	-28.958	-0.187
36.900	-30.027	-0.170
36.920	-30.629	-0.150
36.940	-30.822	-0.132
36.960	-30.580	-0.107
36.980	-29.887	-0.088
37.000	-28.754	-0.056
37.020	-27.191	-0.036
37.040	-25.215	-0.005
37.060	-22.900	0.020
37.080	-20.214	0.048
37.100	-17.244	0.073
37.120	-14.053	0.102
37.140	-10.616	0.116
37.160	-7.044	0.143
37.180	-3.349	0.163
37.200	0.384	0.180
37.220	4.106	0.191
37.240	7.759	0.201
37.260	11.309	0.207
37.280	14.698	0.213
37.300	17.872	0.217
37.320	20.794	0.213
37.340	23.410	0.203
37.360	25.644	0.197
37.380	27.540	0.181
37.400	29.001	0.177
37.420	30.070	0.152
37.440	30.682	0.136
37.460	30.854	0.110
37.480	30.586	0.090
37.500	29.866	0.065
37.520	28.722	0.037
37.540	27.154	0.008
37.560	25.198	-0.015
37.580	22.867	-0.043
37.600	20.171	-0.068
37.620	17.212	-0.096
37.640	13.978	-0.117
37.660	10.568	-0.142
37.680	6.996	-0.162
37.700	3.317	-0.179
37.720	-0.395	-0.196
37.740	-4.122	-0.207
37.760	-7.785	-0.215
37.780	-11.330	-0.231
37.800	-14.719	-0.226
37.820	-17.883	-0.234
37.840	-20.800	-0.221
37.860	-23.405	-0.221
37.880	-25.660	-0.205
37.900	-27.556	-0.200
37.920	-29.028	-0.179
37.940	-30.097	-0.169
37.960	-30.693	-0.144
37.980	-30.833	-0.128
38.000	-30.596	-0.099
38.020	-29.893	-0.078
38.040	-28.733	-0.051
38.060	-27.137	-0.030
38.080	-25.182	0.003
38.100	-22.824	0.028
38.120	-20.150	0.054
38.140	-17.153	0.081
38.160	-13.930	0.106
38.180	-10.519	0.128
38.200	-6.910	0.152
38.220	-3.209	0.164
38.240	0.524	0.185
38.260	4.240	0.193
38.280	7.882	0.208
38.300	11.438	0.214
38.320	14.827	0.219
38.340	17.990	0.222
38.360	20.902	0.215
38.380	23.496	0.210
38.400	25.741	0.206
38.420	27.599	0.187
38.440	29.066	0.181
38.460	30.102	0.154
38.480	30.704	0.143
38.500	30.860	0.113
38.520	30.570	0.097
38.540	29.828	0.068
38.560	28.657	0.044
38.580	27.057	0.011
38.600	25.107	-0.010
38.620	22.744	-0.039
38.640	20.048	-0.055
38.660	17.083	-0.091
38.680	13.833	-0.108
38.700	10.401	-0.136
38.720	6.824	-0.151
38.740	3.161	-0.176
38.760	-0.567	-0.188
38.780	-4.289	-0.200
38.800	-7.963	-0.209
38.820	-11.518	-0.218
38.840	-14.881	-0.221
38.860	-18.039	-0.221
38.880	-20.945	-0.216
38.900	-23.528	-0.212
38.920	-25.773	-0.202
38.940	-27.637	-0.189
38.960	-29.109	-0.171
38.980	-30.135	-0.157
39.000	-30.693	-0.136
39.020	-30.849	-0.118
39.040	-30.570	-0.085
39.060	-29.861	-0.068
39.080	-28.684	-0.037
39.100	-27.057	-0.021
39.120	-25.070	0.013
39.140	-22.722	0.037
39.160	-20.010	0.066
39.180	-17.029	0.086
39.200	-13.790	0.118
39.220	-10.353	0.131
39.240	-6.743	0.158
39.260	-3.053	0.169
39.280	0.690	0.194
39.300	4.412	0.206
39.320	8.049	0.215
39.340	11.599	0.217
39.360	14.993	0.227
39.380	18.125	0.225
39.400	21.025	0.224
39.420	23.609	0.214
39.440	25.822	0.210
39.460	27.664	0.192
39.480	29.119	0.181
39.500	30.140	0.160
39.520	30.715	0.144
39.540	30.854	0.118
39.560	30.543	0.097
39.580	29.775	0.071
39.600	28.604	0.044
39.620	26.976	0.019
39.640	25.016	-0.006
39.660	22.631	-0.039
39.680	19.929	-0.057
39.700	16.954	-0.090
39.720	13.694	-0.109
39.740	10.267	-0.138
39.760	6.690	-0.150
39.780	3.010	-0.175
39.800	-0.712	-0.187
39.820	-4.434	-0.204
39.840	-8.086	-0.209
39.860	-11.642	-0.218
39.880	-14.988	-0.220
39.900	-18.157	-0.221
39.920	-21.036	-0.216
39.940	-23.571	-0.214
39.960	-25.832	-0.203
39.980	-27.691	-0.194
40.000	-29.135	-0.171
40.020	-30.156	-0.157
40.040	-30.704	-0.136
40.060	-30.860	-0.121
40.080	-30.521	-0.089
40.100	-29.796	-0.071
40.120	-28.588	-0.038
40.140	-26.955	-0.022
40.160	-24.951	0.011
40.180	-22.567	0.033
40.200	-19.860	0.063
40.220	-16.863	0.085
40.240	-13.640	0.112
40.260	-10.176	0.131
40.280	-6.566	0.155
40.300	-2.876	0.171
40.320	0.862	0.189
40.340	4.568	0.196
40.360	8.220	0.213
40.380	11.765	0.214
40.400	15.128	0.222
40.420	18.254	0.216
40.440	21.149	0.217
40.460	23.721	0.208
40.480	25.918	0.202
40.500	27.734	0.185
40.520	29.173	0.176
40.540	30.156	0.152
40.560	30.736	0.138
40.580	30.844	0.108
40.600	30.527	0.093
40.620	29.737	0.060
40.640	28.545	0.036
40.660	26.912	0.008
40.680	24.925	-0.016
40.700	22.534	-0.047
40.720	19.811	-0.065
40.740	16.820	-0.099
40.760	13.559	-0.119
40.780	10.122	-0.144
40.800	6.539	-0.162
40.820	2.860	-0.182
40.840	-0.862	-0.195
40.860	-4.584	-0.211
40.880	-8.231	-0.221
40.900	-11.771	-0.222
40.920	-15.106	-0.226
40.940	-18.259	-0.225
40.960	-21.127	-0.222
40.980	-23.684	-0.222
41.000	-25.891	-0.208
41.020	-27.734	-0.200
41.040	-29.178	-0.179
41.060	-30.156	-0.167
41.080	-30.704	-0.146
41.100	-30.827	-0.129
41.120	-30.494	-0.097
41.140	-29.732	-0.076
41.160	-28.518	-0.046
41.180	-26.885	-0.030
41.200	-24.860	0.004
41.220	-22.454	0.028
41.240	-19.741	0.057
41.260	-16.723	0.076
41.280	-13.479	0.103
41.300	-10.020	0.125
41.320	-6.400	0.148
41.340	-2.715	0.160
41.360	1.018	0.180
41.380	4.724	0.190
41.400	8.365	0.204
41.420	11.905	0.204
41.440	15.257	0.211
41.460	18.393	0.211
41.480	21.251	0.212
41.500	23.823	0.200
41.520	25.993	0.194
41.540	27.803	0.177
41.560	29.221	0.170
41.580	30.204	0.144
41.600	30.741	0.131
41.620	30.844	0.100
41.640	30.500	0.085
41.660	29.694	0.052
41.680	28.486	0.034
41.700	26.831	-0.002
41.720	24.833	-0.019
41.740	22.432	-0.055
41.760	19.682	-0.077
41.780	16.685	-0.106
41.800	13.414	-0.126
41.820	9.971	-0.148
41.840	6.378	-0.171
41.860	2.704	-0.187
41.880	-1.023	-0.203
41.900	-4.735	-0.215
41.920	-8.392	-0.224
41.940	-11.910	-0.229
41.960	-15.240	-0.234
41.980	-18.377	-0.228
42.000	-21.251	-0.230
42.020	-23.797	-0.225
42.040	-25.983	-0.213
42.060	-27.814	-0.204
42.080	-29.221	-0.180
42.100	-30.199	-0.169
42.120	-30.715	-0.146
42.140	-30.833	-0.129
42.160	-30.478	-0.098
42.180	-29.694	-0.078
42.200	-28.464	-0.050
42.220	-26.794	-0.029
42.240	-24.758	0.004
42.260	-22.368	0.023
42.280	-19.607	0.056
42.300	-16.583	0.079
42.320	-13.339	0.107
42.340	-9.869	0.126
42.360	-6.265	0.146
42.380	-2.549	0.164
42.400	1.184	0.182
42.420	4.890	0.192
42.440	8.521	0.206
42.460	12.055	0.210
42.480	15.407	0.214
42.500	18.511	0.214
42.520	21.374	0.216
42.540	23.909	0.199
42.560	26.085	0.196
42.580	27.879	0.181
42.600	29.275	0.168
42.620	30.242	0.148
42.640	30.758	0.130
42.660	30.827	0.108
42.680	30.484	0.085
42.700	29.667	0.059
42.720	28.410	0.032
42.740	26.761	0.003
42.760	24.726	-0.021
42.780	22.303	-0.045
42.800	19.559	-0.076
42.820	16.540	-0.100
42.840	13.253	-0.124
42.860	9.810	-0.143
42.880	6.222	-0.166
42.900	2.532	-0.184
42.920	-1.190	-0.195
42.940	-4.901	-0.205
42.960	-8.570	-0.218
42.980	-12.088	-0.225
43.000	-15.418	-0.229
43.020	-18.549	-0.229
43.040	-21.401	-0.224
43.060	-23.915	-0.221
43.080	-26.112	-0.199
43.100	-27.927	-0.196
43.120	-29.318	-0.177
43.140	-30.274	-0.165
43.160	-30.758	-0.137
43.180	-30.833	-0.120
43.200	-30.489	-0.093
43.220	-29.694	-0.072
43.240	-28.437	-0.049
43.260	-26.761	-0.022
43.280	-24.704	0.007
43.300	-22.298	0.036
43.320	-19.527	0.060
43.340	-16.492	0.084
43.360	-13.226	0.113
43.380	-9.740	0.131
43.400	-6.147	0.153
43.420	-2.425	0.173
43.440	1.319	0.189
43.460	5.035	0.199
43.480	8.656	0.210
43.500	12.190	0.218
43.520	15.525	0.222
43.540	18.624	0.218
43.560	21.487	0.219
43.580	24.011	0.206
43.600	26.160	0.206
43.620	27.943	0.186
43.640	29.323	0.176
43.660	30.263	0.151
43.680	30.768	0.136
43.700	30.822	0.110
43.720	30.451	0.093
43.740	29.608	0.062
43.760	28.346	0.039
43.780	26.686	0.007
43.800	24.640	-0.013
43.820	22.175	-0.043
43.840	19.425	-0.064
43.860	16.401	-0.093
43.880	13.119	-0.118
43.900	9.655	-0.138
43.920	6.051	-0.159
43.940	2.355	-0.179
43.960	-1.372	-0.192
43.980	-5.084	-0.209
44.000	-8.725	-0.209
44.020	-12.227	-0.221
44.040	-15.563	-0.216
44.060	-18.673	-0.222
44.080	-21.498	-0.213
44.100	-24.017	-0.214
44.120	-26.192	-0.195
44.140	-27.981	-0.191
44.160	-29.366	-0.163
44.180	-30.306	-0.157
44.200	-30.763	-0.133
44.220	-30.833	-0.117
44.240	-30.468	-0.081
44.260	-29.656	-0.065
44.280	-28.357	-0.035
44.300	-26.681	-0.013
44.320	-24.592	0.015
44.340	-22.164	0.043
44.360	-19.392	0.066
44.380	-16.347	0.092
44.400	-13.076	0.116
44.420	-9.579	0.141
44.440	-5.954	0.161
44.460	-2.248	0.174
44.480	1.480	0.193
44.500	5.191	0.207
44.520	8.811	0.216
44.540	12.345	0.218
44.560	15.670	0.228
44.580	18.769	0.221
44.600	21.600	0.229
44.620	24.103	0.208
44.640	26.251	0.208
44.660	28.013	0.183
44.680	29.383	0.181
44.700	30.301	0.153
44.720	30.784	0.142
44.740	30.811	0.109
44.760	30.419	0.093
44.780	29.565	0.060
44.800	28.292	0.040
44.820	26.600	0.007
44.840	24.538	-0.011
44.860	22.094	-0.047
44.880	19.312	-0.066
44.900	16.277	-0.097
44.920	12.979	-0.115
44.940	9.515	-0.141
44.960	5.916	-0.159
44.980	2.221	-0.178
45.000	-1.507	-0.199
45.020	-5.213	-0.203
45.040	-8.870	-0.218
45.060	-12.367	-0.219
45.080	-15.681	-0.221
45.100	-18.785	-0.219
45.120	-21.600	-0.221
45.140	-24.103	-0.212
45.160	-26.257	-0.205
45.180	-28.029	-0.190
45.200	-29.372	-0.173
45.220	-30.306	-0.155
45.240	-30.763	-0.136
45.260	-30.822	-0.116
45.280	-30.398	-0.087
45.300	-29.554	-0.067
45.320	-28.292	-0.037
45.340	-26.563	-0.019
45.360	-24.479	0.015
45.380	-22.030	0.039
45.400	-19.237	0.068
45.420	-16.186	0.086
45.440	-12.920	0.114
45.460	-9.402	0.131
45.480	-5.798	0.157
45.500	-2.092	0.170
45.520	1.662	0.190
45.540	5.358	0.198
45.560	8.978	0.209
45.580	12.501	0.216
45.600	15.815	0.221
45.620	18.893	0.217
45.640	21.713	0.214
45.660	24.205	0.206
45.680	26.332	0.195
45.700	28.083	0.185
45.720	29.420	0.168
45.740	30.317	0.148
45.760	30.790	0.130
45.780	30.811	0.107
45.800	30.387	0.084
45.820	29.517	0.058
45.840	28.228	0.028
45.860	26.531	0.003
45.880	24.441	-0.025
45.900	21.970	-0.052
45.920	19.194	-0.075
45.940	16.148	-0.106
45.960	12.840	-0.128
45.980	9.359	-0.149
46.000	5.755	-0.171
46.020	2.065	-0.188
46.040	-1.657	-0.205
46.060	-5.374	-0.214
46.080	-9.010	-0.221
46.100	-12.490	-0.229
46.120	-15.804	-0.233
46.140	-18.898	-0.230
46.160	-21.707	-0.229
46.180	-24.183	-0.225
46.200	-26.332	-0.210
46.220	-28.094	-0.205
46.240	-29.420	-0.182
46.260	-30.323	-0.170
46.280	-30.747	-0.145
46.300	-30.790	-0.129
46.320	-30.371	-0.101
46.340	-29.506	-0.075
46.360	-28.201	-0.051
46.380	-26.477	-0.024
46.400	-24.371	-0.001
46.420	-21.927	0.034
46.440	-19.108	0.049
46.460	-16.046	0.083
46.480	-12.754	0.099
46.500	-9.257	0.129
46.520	-5.637	0.143
46.540	-1.915	0.162
46.560	1.813	0.177
46.580	5.524	0.188
46.600	9.128	0.205
46.620	12.646	0.204
46.640	15.949	0.212
46.660	19.022	0.201
46.680	21.842	0.212
46.700	24.307	0.187
46.720	26.418	0.194
46.740	28.142	0.160
46.760	29.469	0.169
46.780	30.355	0.123
46.800	30.811	0.136
46.820	30.806	0.083
46.840	30.371	0.087
46.860	29.469	0.035
46.880	28.163	0.035
46.900	26.434	-0.013
46.920	24.339	-0.026
46.940	21.847	-0.064
46.960	19.070	-0.083
46.980	16.014	-0.110
47.000	12.695	-0.139
47.020	9.219	-0.144
47.040	5.610	-0.191
47.060	1.899	-0.179
47.080	-1.818	-0.226
47.100	-5.524	-0.200
47.120	-9.160	-0.244
47.140	-12.657	-0.215
47.160	-15.949	-0.252
47.180	-19.022	-0.222
47.200	-21.804	-0.242
47.220	-24.285	-0.218
47.240	-26.428	-0.218
47.260	-28.153	-0.203
47.280	-29.458	-0.181
47.300	-30.344	-0.174
47.320	-30.768	-0.138
47.340	-30.795	-0.134
47.360	-30.333	-0.088
47.380	-29.469	-0.090
47.400	-28.131	-0.035
47.420	-26.391	-0.038
47.440	-24.280	0.016
47.460	-21.799	0.023
47.480	-18.995	0.066
47.500	-15.901	0.075
47.520	-12.614	0.111
47.540	-9.117	0.127
47.560	-5.476	0.148
47.580	-1.775	0.169
47.600	1.969	0.180
47.620	5.664	0.194
47.640	9.279	0.201
47.660	12.791	0.215
47.680	16.078	0.206
47.700	19.151	0.215
47.720	21.960	0.202
47.740	24.393	0.202
47.760	26.488	0.185
47.780	28.206	0.183
47.800	29.511	0.157
47.820	30.382	0.145
47.840	30.811	0.123
47.860	30.790	0.101
47.880	30.333	0.077
47.900	29.426	0.052
47.920	28.099	0.025
47.940	26.353	-0.008
47.960	24.237	-0.026
47.980	21.734	-0.062
48.000	18.936	-0.074
48.020	15.858	-0.118
48.040	12.539	-0.121
48.060	9.048	-0.163
48.080	5.438	-0.164
48.100	1.732	-0.198
48.120	-2.001	-0.195
48.140	-5.691	-0.223
48.160	-9.338	-0.215
48.180	-12.823	-0.236
48.200	-16.111	-0.223
48.220	-19.188	-0.237
48.240	-21.976	-0.221
48.260	-24.414	-0.221
48.280	-26.536	-0.207
48.300	-28.249	-0.195
48.320	-29.560	-0.180
48.340	-30.425	-0.157
48.360	-30.806	-0.149
48.380	-30.795	-0.108
48.400	-30.365	-0.099
48.420	-29.469	-0.058
48.440	-28.126	-0.048
48.460	-26.343	-0.010
48.480	-24.216	0.010
48.500	-21.718	0.042
48.520	-18.904	0.062
48.540	-15.799	0.089
48.560	-12.496	0.118
48.580	-8.978	0.134
48.600	-5.325	0.162
48.620	-1.625	0.168
48.640	2.119	0.198
48.660	5.809	0.193
48.680	9.424	0.222
48.700	12.920	0.208
48.720	16.207	0.233
48.740	19.269	0.209
48.760	22.051	0.225
48.780	24.500	0.198
48.800	26.590	0.203
48.820	28.265	0.176
48.840	29.565	0.176
48.860	30.414	0.142
48.880	30.811	0.136
48.900	30.774	0.098
48.920	30.312	0.089
48.940	29.383	0.055
48.960	28.034	0.026
48.980	26.278	0.005
49.000	24.140	-0.027
49.020	21.632	-0.042
49.040	18.807	-0.084
49.060	15.713	-0.093
49.080	12.378	-0.134
49.100	8.892	-0.138
49.120	5.261	-0.173
49.140	1.560	-0.174
49.160	-2.167	-0.205
49.180	-5.868	-0.205
49.200	-9.493	-0.219
49.220	-12.958	-0.221
49.240	-16.240	-0.221
49.260	-19.317	-0.227
49.280	-22.078	-0.213
49.300	-24.511	-0.219
49.320	-26.616	-0.192
49.340	-28.308	-0.198
49.360	-29.597	-0.158
49.380	-30.451	-0.159
49.400	-30.811	-0.126
49.420	-30.795	-0.118
49.440	-30.328	-0.080
49.460	-29.420	-0.064
49.480	-28.029	-0.029
49.500	-26.257	-0.009
49.520	-24.119	0.019
49.540	-21.584	0.048
49.560	-18.748	0.073
49.580	-15.659	0.098
49.600	-12.335	0.117
49.620	-8.827	0.149
49.640	-5.154	0.160
49.660	-1.458	0.185
49.680	2.280	0.189
49.700	5.981	0.209
49.720	9.585	0.210
49.740	13.081	0.222
49.760	16.358	0.220
49.780	19.392	0.222
49.800	22.169	0.214
49.820	24.602	0.212
49.840	26.665	0.196
49.860	28.330	0.185
49.880	29.614	0.166
49.900	30.435	0.148
49.920	30.822	0.131
49.940	30.768	0.102
49.960	30.280	0.087
49.980	29.329	0.051
50.000	27.959	0.031
50.020	26.198	-0.002
50.040	24.049	-0.021
50.060	21.509	-0.058
50.080	18.683	-0.076
50.100	15.590	-0.109
50.120	12.238	-0.122
50.140	8.747	-0.149
50.160	5.121	-0.168
50.180	1.431	-0.184
50.200	-2.307	-0.200
50.220	-6.002	-0.211
50.240	-9.622	-0.220
50.260	-13.087	-0.223
50.280	-16.342	-0.224
50.300	-19.408	-0.221
50.320	-22.153	-0.221
50.340	-24.597	-0.213
50.360	-26.676	-0.209
50.380	-28.351	-0.185
50.400	-29.603	-0.178
50.420	-30.441	-0.148
50.440	-30.817	-0.139
50.460	-30.768	-0.105
50.480	-30.280	-0.095
50.500	-29.323	-0.059
50.520	-27.932	-0.038
50.540	-26.176	-0.012
50.560	-23.974	0.015
50.580	-21.455	0.038
50.600	-18.614	0.071
50.620	-15.493	0.088
50.640	-12.168	0.117
50.660	-8.645	0.134
50.680	-4.998	0.160
50.700	-1.297	0.169
50.720	2.457	0.190
50.740	6.147	0.194
50.760	9.751	0.210
50.780	13.237	0.208
50.800	16.492	0.222
50.820	19.516	0.211
50.840	22.298	0.213
50.860	24.688	0.199
50.880	26.745	0.188
50.900	28.394	0.177
50.920	29.662	0.160
50.940	30.473	0.144
50.960	30.827	0.119
50.980	30.763	0.098
51.000	30.231	0.071
51.020	29.281	0.048
51.040	27.895	0.012
51.060	26.112	-0.002
51.080	23.942	-0.038
51.100	21.396	-0.058
51.120	18.560	-0.092
51.140	15.450	-0.111
51.160	12.104	-0.138
51.180	8.607	-0.161
51.200	4.976	-0.175
51.220	1.270	-0.201
51.240	-2.457	-0.202
51.260	-6.158	-0.228
51.280	-9.767	-0.218
51.300	-13.216	-0.243
51.320	-16.487	-0.224
51.340	-19.527	-0.240
51.360	-22.255	-0.223
51.380	-24.672	-0.225
51.400	-26.729	-0.209
51.420	-28.416	-0.205
51.440	-29.656	-0.177
51.460	-30.457	-0.163
51.480	-30.806	-0.147
51.500	-30.741	-0.119
51.520	-30.231	-0.103
51.540	-29.270	-0.068
51.560	-27.857	-0.048
51.580	-26.052	-0.015
51.600	-23.872	0.003
51.620	-21.342	0.039
51.640	-18.479	0.057
51.660	-15.364	0.086
51.680	-12.029	0.106
51.700	-8.489	0.135
51.720	-4.837	0.152
51.740	-1.125	0.170
51.760	2.618	0.179
51.780	6.308	0.192
51.800	9.896	0.202
51.820	13.371	0.205
51.840	16.626	0.213
51.860	19.634	0.206
51.880	22.406	0.208
51.900	24.790	0.188
51.920	26.821	0.189
51.940	28.459	0.165
51.960	29.694	0.157
51.980	30.489	0.130
52.000	30.854	0.120
52.020	30.747	0.089
52.040	30.220	0.074
52.060	29.238	0.037
52.080	27.825	0.019
52.100	26.031	-0.013
52.120	23.845	-0.036
52.140	21.283	-0.068
52.160	18.431	-0.091
52.180	15.326	-0.118
52.200	11.964	-0.138
52.220	8.457	-0.159
52.240	4.826	-0.182
52.260	1.115	-0.197
52.280	-2.618	-0.211
52.300	-6.303	-0.221
52.320	-9.918	-0.227
52.340	-13.366	-0.238
52.360	-16.610	-0.237
52.380	-19.645	-0.233
52.400	-22.373	-0.229
52.420	-24.753	-0.220
52.440	-26.804	-0.212
52.460	-28.480	-0.197
52.480	-29.683	-0.182
52.500	-30.473	-0.163
52.520	-30.801	-0.142
52.540	-30.720	-0.117
52.560	-30.215	-0.091
52.580	-29.211	-0.070
52.600	-27.798	-0.041
52.620	-25.967	-0.018
52.640	-23.770	0.012
52.660	-21.224	0.037
52.680	-18.356	0.067
52.700	-15.235	0.086
52.720	-11.878	0.114
52.740	-8.339	0.134
52.760	-4.692	0.156
52.780	-0.953	0.172
52.800	2.769	0.189
52.820	6.448	0.195
52.840	10.047	0.210
52.860	13.506	0.210
52.880	16.766	0.214
52.900	19.763	0.211
52.920	22.508	0.210
52.940	24.876	0.199
52.960	26.901	0.190
52.980	28.529	0.173
53.000	29.753	0.160
53.020	30.521	0.139
53.040	30.849	0.119
53.060	30.736	0.094
53.080	30.172	0.077
53.100	29.184	0.048
53.120	27.744	0.019
53.140	25.940	-0.009
53.160	23.743	-0.031
53.180	21.176	-0.059
53.200	18.302	-0.080
53.220	15.176	-0.116
53.240	11.808	-0.129
53.260	8.285	-0.161
53.280	4.649	-0.170
53.300	0.943	-0.197
53.320	-2.801	-0.197
53.340	-6.480	-0.221
53.360	-10.100	-0.218
53.380	-13.538	-0.235
53.400	-16.782	-0.225
53.420	-19.817	-0.234
53.440	-22.518	-0.221
53.460	-24.908	-0.214
53.480	-26.923	-0.205
53.500	-28.582	-0.187
53.520	-29.769	-0.171
53.540	-30.553	-0.151
53.560	-30.844	-0.138
53.580	-30.747	-0.105
53.600	-30.210	-0.089
53.620	-29.205	-0.055
53.640	-27.782	-0.036
53.660	-25.934	-0.006
53.680	-23.711	0.017
53.700	-21.154	0.046
53.720	-18.248	0.072
53.740	-15.122	0.098
53.760	-11.765	0.123
53.780	-8.210	0.141
53.800	-4.547	0.169
53.820	-0.819	0.176
53.840	2.903	0.198
53.860	6.604	0.204
53.880	10.186	0.217
53.900	13.651	0.217
53.920	16.889	0.227
53.940	19.881	0.218
53.960	22.620	0.218
53.980	24.978	0.202
54.000	26.966	0.198
54.020	28.588	0.177
54.040	29.780	0.172
54.060	30.537	0.142
54.080	30.854	0.129
54.100	30.725	0.101
54.120	30.161	0.081
54.140	29.130	0.054
54.160	27.680	0.025
54.180	25.859	0.001
54.200	23.630	-0.026
54.220	21.052	-0.055
54.240	18.184	-0.080
54.260	15.031	-0.106
54.280	11.669	-0.126
54.300	8.135	-0.146
54.320	4.493	-0.172
54.340	0.776	-0.183
54.360	-2.946	-0.198
54.380	-6.647	-0.210
54.400	-10.240	-0.218
54.420	-13.672	-0.220
54.440	-16.911	-0.219
54.460	-19.897	-0.219
54.480	-22.615	-0.217
54.500	-24.994	-0.210
54.520	-26.998	-0.196
54.540	-28.625	-0.183
54.560	-29.785	-0.165
54.580	-30.537	-0.147
54.600	-30.838	-0.128
54.620	-30.720	-0.106
54.640	-30.151	-0.080
54.660	-29.135	-0.055
54.680	-27.685	-0.029
54.700	-25.811	-0.003
54.720	-23.603	0.028
54.740	-21.004	0.052
54.760	-18.098	0.078
54.780	-14.961	0.102
54.800	-11.599	0.123
54.820	-8.049	0.150
54.840	-4.375	0.170
54.860	-0.653	0.185
54.880	3.091	0.197
54.900	6.770	0.207
54.920	10.347	0.220
54.940	13.801	0.222
54.960	17.040	0.224
54.980	20.015	0.221
55.000	22.744	0.214
55.020	25.070	0.207
55.040	27.073	0.195
55.060	28.641	0.182
55.080	29.834	0.165
55.100	30.570	0.147
55.120	30.865	0.123
55.140	30.709	0.101
55.160	30.102	0.075
55.180	29.082	0.048
55.200	27.615	0.024
55.220	25.773	-0.006
55.240	23.544	-0.029
55.260	20.939	-0.055
55.280	18.050	-0.080
55.300	14.902	-0.109
55.320	11.508	-0.130
55.340	7.990	-0.151
55.360	4.343	-0.171
55.380	0.642	-0.190
55.400	-3.091	-0.202
55.420	-6.786	-0.213
55.440	-10.364	-0.217
55.460	-13.801	-0.225
55.480	-17.024	-0.221
55.500	-20.010	-0.221
55.520	-22.701	-0.220
55.540	-25.048	-0.210
55.560	-27.057	-0.204
55.580	-28.657	-0.183
55.600	-29.812	-0.171
55.620	-30.537	-0.148
55.640	-30.827	-0.134
55.660	-30.693	-0.105
55.680	-30.113	-0.087
55.700	-29.060	-0.059
55.720	-27.583	-0.032
55.740	-25.714	-0.003
55.760	-23.485	0.021
55.780	-20.869	0.044
55.800	-17.964	0.072
55.820	-14.800	0.095
55.840	-11.416	0.119
55.860	-7.866	0.141
55.880	-4.192	0.160
55.900	-0.486	0.179
55.920	3.258	0.193
55.940	6.931	0.198
55.960	10.509	0.211
55.980	13.941	0.211
56.000	17.179	0.218
56.020	20.144	0.210
56.040	22.857	0.205
56.060	25.161	0.200
56.080	27.148	0.186
56.100	28.706	0.171
56.120	29.871	0.156
56.140	30.580	0.135
56.160	30.860	0.119
56.180	30.704	0.088
56.200	30.081	0.069
56.220	29.028	0.040
56.240	27.556	0.013
56.260	25.693	-0.013
56.280	23.437	-0.043
56.300	20.826	-0.068
56.320	17.926	-0.093
56.340	14.762	-0.121
56.360	11.373	-0.142
56.380	7.839	-0.164
56.400	4.187	-0.182
56.420	0.475	-0.198
56.440	-3.252	-0.212
56.460	-6.937	-0.222
56.480	-10.509	-0.230
56.500	-13.935	-0.232
56.520	-17.147	-0.235
56.540	-20.128	-0.233
56.560	-22.798	-0.229
56.580	-25.134	-0.217
56.600	-27.127	-0.212
56.620	-28.695	-0.194
56.640	-29.866	-0.177
56.660	-30.564	-0.160
56.680	-30.811	-0.141
56.700	-30.661	-0.114
56.720	-30.054	-0.092
56.740	-29.007	-0.064
56.760	-27.513	-0.043
56.780	-25.607	-0.014
56.800	-23.356	0.015
56.820	-20.757	0.040
56.840	-17.829	0.065
56.860	-14.671	0.093
56.880	-11.277	0.115
56.900	-7.705	0.137
56.920	-4.042	0.156
56.940	-0.314	0.173
56.960	3.408	0.185
56.980	7.082	0.193
57.000	10.654	0.204
57.020	14.080	0.207
57.040	17.303	0.211
57.060	20.268	0.207
57.080	22.948	0.203
57.100	25.268	0.192
57.120	27.223	0.181
57.140	28.760	0.169
57.160	29.909	0.151
57.180	30.602	0.131
57.200	30.860	0.110
57.220	30.682	0.088
57.240	30.038	0.063
57.260	28.980	0.036
57.280	27.487	0.009
57.300	25.601	-0.017
57.320	23.319	-0.044
57.340	20.698	-0.072
57.360	17.797	-0.097
57.380	14.617	-0.121
57.400	11.234	-0.145
57.420	7.689	-0.164
57.440	4.036	-0.184
57.460	0.320	-0.199
57.480	-3.408	-0.214
57.500	-7.087	-0.221
57.520	-10.670	-0.230
57.540	-14.070	-0.231
57.560	-17.276	-0.238
57.580	-20.246	-0.227
57.600	-22.927	-0.226
57.620	-25.225	-0.217
57.640	-27.207	-0.209
57.660	-28.781	-0.192
57.680	-29.904	-0.176
57.700	-30.602	-0.155
57.720	-30.817	-0.137
57.740	-30.650	-0.110
57.760	-30.022	-0.088
57.780	-28.964	-0.059
57.800	-27.454	-0.035
57.820	-25.542	-0.008
57.840	-23.281	0.017
57.860	-20.649	0.045
57.880	-17.717	0.073
57.900	-14.531	0.098
57.920	-11.142	0.120
57.940	-7.581	0.140
57.960	-3.897	0.159
57.980	-0.164	0.178
58.000	3.564	0.191
58.020	7.238	0.200
58.040	10.799	0.209
58.060	14.225	0.214
58.080	17.432	0.216
58.100	20.375	0.213
58.120	23.055	0.207
58.140	25.349	0.199
58.160	27.293	0.185
58.180	28.819	0.173
58.200	29.947	0.153
58.220	30.634	0.139
58.240	30.870	0.111
58.260	30.666	0.093
58.280	30.000	0.067
58.300	28.910	0.043
58.320	27.406	0.014
58.340	25.515	-0.011
58.360	23.206	-0.039
58.380	20.579	-0.060
58.400	17.657	-0.090
58.420	14.472	-0.116
58.440	11.062	-0.138
58.460	7.522	-0.163
58.480	3.854	-0.180
58.500	0.137	-0.192
58.520	-3.591	-0.204
58.540	-7.275	-0.213
58.560	-10.847	-0.223
58.580	-14.258	-0.224
58.600	-17.448	-0.229
58.620	-20.407	-0.224
58.640	-23.061	-0.219
58.660	-25.360	-0.209
58.680	-27.331	-0.200
58.700	-28.867	-0.183
58.720	-29.979	-0.168
58.740	-30.639	-0.147
58.760	-30.854	-0.126
58.780	-30.677	-0.098
58.800	-30.038	-0.083
58.820	-28.931	-0.047
58.840	-27.395	-0.028
58.860	-25.494	0.002
58.880	-23.195	0.028
58.900	-20.547	0.056
58.920	-17.598	0.079
58.940	-14.419	0.106
58.960	-11.008	0.128
58.980	-7.431	0.152
59.000	-3.746	0.169
59.020	-0.013	0.188
59.040	3.719	0.198
59.060	7.383	0.210
59.080	10.949	0.218
59.100	14.360	0.219
59.120	17.566	0.225
59.140	20.488	0.220
59.160	23.163	0.216
59.180	25.429	0.206
59.200	27.363	0.195
59.220	28.878	0.178
59.240	29.973	0.163
59.260	30.645	0.145
59.280	30.860	0.123
59.300	30.639	0.100
59.320	29.963	0.075
59.340	28.856	0.047
59.360	27.315	0.020
59.380	25.413	-0.003
59.400	23.115	-0.033
59.420	20.461	-0.058
59.440	17.534	-0.085
59.460	14.322	-0.109
59.480	10.927	-0.133
59.500	7.366	-0.148
59.520	3.698	-0.175
59.540	-0.013	-0.185
59.560	-3.746	-0.202
59.580	-7.420	-0.208
59.600	-10.997	-0.217
59.620	-14.386	-0.220
59.640	-17.561	-0.226
59.660	-20.526	-0.215
59.680	-23.136	-0.217
59.700	-25.451	-0.202
59.720	-27.363	-0.200
59.740	-28.910	-0.173
59.760	-30.000	-0.161
59.780	-30.629	-0.144
59.800	-30.860	-0.124
59.820	-30.645	-0.099
59.840	-29.973	-0.074
59.860	-28.867	-0.049
59.880	-27.304	-0.019
59.900	-25.376	0.006
59.920	-23.066	0.029
59.940	-20.397	0.060
59.960	-17.464	0.083
59.980	-14.258	0.106
60.000	-10.852	0.131
60.020	-7.275	0.158
60.040	-3.574	0.168
60.060	0.158	0.189
60.080	3.875	0.197
60.100	7.538	0.210
60.120	11.094	0.216
60.140	14.515	0.224
60.160	17.695	0.222
60.180	20.622	0.218
60.200	23.254	0.210
60.220	25.542	0.205
60.240	27.427	0.190
60.260	28.931	0.184
60.280	30.022	0.155
60.300	30.672	0.145
60.320	30.860	0.118
60.340	30.623	0.098
60.360	29.920	0.069
60.380	28.797	0.041
60.400	27.234	0.019
60.420	25.333	-0.010
60.440	23.002	-0.035
60.460	20.354	-0.067
60.480	17.400	-0.089
60.500	14.182	-0.117
60.520	10.788	-0.136
60.540	7.221	-0.159
60.560	3.553	-0.175
60.580	-0.153	-0.195
60.600	-3.891	-0.205
60.620	-7.565	-0.216
60.640	-11.126	-0.221
60.660	-14.499	-0.225
60.680	-17.684	-0.227
60.700	-20.628	-0.218
60.720	-23.238	-0.223
60.740	-25.505	-0.205
60.760	-27.427	-0.207
60.780	-28.953	-0.176
60.800	-30.016	-0.168
60.820	-30.639	-0.146
60.840	-30.849	-0.129
60.860	-30.591	-0.100
60.880	-29.925	-0.080
60.900	-28.792	-0.051
60.920	-27.223	-0.030
60.940	-25.247	0.001
60.960	-22.932	0.024
60.980	-20.289	0.055
61.000	-17.303	0.079
61.020	-14.107	0.105
61.040	-10.680	0.127
61.060	-7.093	0.145
61.080	-3.408	0.163
61.100	0.314	0.180
61.120	4.042	0.192
61.140	7.699	0.200
61.160	11.255	0.207
61.180	14.650	0.214
61.200	17.819	0.216
61.220	20.757	0.208
61.240	23.367	0.203
61.260	25.612	0.198
61.280	27.503	0.183
61.300	28.985	0.169
61.320	30.049	0.148
61.340	30.682	0.131
61.360	30.870	0.106
61.380	30.607	0.088
61.400	29.887	0.058
61.420	28.733	0.036
61.440	27.170	0.004
61.460	25.241	-0.021
61.480	22.884	-0.050
61.500	20.230	-0.074
61.520	17.276	-0.101
61.540	14.053	-0.126
61.560	10.643	-0.147
61.580	7.060	-0.169
61.600	3.403	-0.188
61.620	-0.309	-0.202
61.640	-4.047	-0.219
61.660	-7.721	-0.221
61.680	-11.266	-0.236
61.700	-14.634	-0.230
61.720	-17.824	-0.238
61.740	-20.740	-0.229
61.760	-23.329	-0.233
61.780	-25.601	-0.215
61.800	-27.481	-0.213
61.820	-28.985	-0.186
61.840	-30.043	-0.176
61.860	-30.645	-0.153
61.880	-30.833	-0.135
61.900	-30.564	-0.107
61.920	-29.877	-0.089
61.940	-28.727	-0.060
61.960	-27.154	-0.038
61.980	-25.166	-0.006
62.000	-22.819	0.020
62.020	-20.150	0.046
62.040	-17.169	0.070
62.060	-13.957	0.098
62.080	-10.525	0.118
62.100	-6.937	0.139
62.120	-3.236	0.157
62.140	0.491	0.177
62.160	4.203	0.186
62.180	7.855	0.202
62.200	11.422	0.203
62.220	14.795	0.209
62.240	17.948	0.207
62.260	20.869	0.208
62.280	23.480	0.199
62.300	25.709	0.193
62.320	27.583	0.178
62.340	29.055	0.169
62.360	30.086	0.144
62.380	30.693	0.130
62.400	30.854	0.104
62.420	30.586	0.088
62.440	29.834	0.057
62.460	28.684	0.034
62.480	27.094	0.004
62.500	25.156	-0.019
62.520	22.803	-0.048
62.540	20.107	-0.075
62.560	17.136	-0.100
62.580	13.898	-0.125
62.600	10.476	-0.147
62.620	6.921	-0.167
62.640	3.247	-0.190
62.660	-0.470	-0.198
62.680	-4.198	-0.217
62.700	-7.866	-0.220
62.720	-11.411	-0.237
62.740	-14.773	-0.230
62.760	-17.942	-0.238
62.780	-20.848	-0.226
62.800	-23.464	-0.229
62.820	-25.709	-0.210
62.840	-27.578	-0.209
62.860	-29.055	-0.184
62.880	-30.086	-0.174
62.900	-30.666	-0.148
62.920	-30.833	-0.134
62.940	-30.570	-0.103
62.960	-29.844	-0.084
62.980	-28.668	-0.058
63.000	-27.100	-0.030
63.020	-25.086	-0.001
63.040	-22.749	0.021
63.060	-20.048	0.052
63.080	-17.056	0.075
63.100	-13.839	0.106
63.120	-10.385	0.124
63.140	-6.797	0.146
63.160	-3.118	0.163
63.180	0.636	0.181
63.200	4.359	0.196
63.220	8.006	0.204
63.240	11.556	0.210
63.260	14.924	0.217
63.280	18.071	0.215
63.300	20.971	0.216
63.320	23.571	0.202
63.340	25.789	0.200
63.360	27.653	0.182
63.380	29.098	0.173
63.400	30.129	0.148
63.420	30.720	0.136
63.440	30.854	0.108
63.460	30.564	0.093
63.480	29.802	0.061
63.500	28.620	0.040
63.520	27.025	0.007
63.540	25.059	-0.015
63.560	22.679	-0.048
63.580	19.972	-0.066
63.600	16.997	-0.098
63.620	13.747	-0.120
63.640	10.331	-0.142
63.660	6.743	-0.163
63.680	3.064	-0.185
63.700	-0.674	-0.194
63.720	-4.375	-0.211
63.740	-8.054	-0.215
63.760	-11.577	-0.229
63.780	-14.950	-0.225
63.800	-18.125	-0.230
63.820	-20.993	-0.219
63.840	-23.582	-0.221
63.860	-25.822	-0.209
63.880	-27.691	-0.199
63.900	-29.162	-0.179
63.920	-30.167	-0.165
63.940	-30.715	-0.142
63.960	-30.854	-0.124
63.980	-30.575	-0.096
64.000	-29.850	-0.075
64.020	-28.641	-0.046
64.040	-27.014	-0.022
64.060	-25.021	0.006
64.080	-22.658	0.033
64.100	-19.946	0.065
64.120	-16.943	0.085
64.140	-13.715	0.116
64.160	-10.251	0.131
64.180	-6.647	0.160
64.200	-2.946	0.169
64.220	0.781	0.193
64.240	4.493	0.202
64.260	8.140	0.213
64.280	11.696	0.216
64.300	15.058	0.225
64.320	18.205	0.222
64.340	21.095	0.222
64.360	23.673	0.210
64.380	25.881	0.210
64.400	27.728	0.190
64.420	29.152	0.182
64.440	30.156	0.157
64.460	30.731	0.142
64.480	30.844	0.118
64.500	30.527	0.097
64.520	29.764	0.068
64.540	28.566	0.041
64.560	26.949	0.015
64.580	24.973	-0.010
64.600	22.561	-0.038
64.620	19.860	-0.064
64.640	16.863	-0.090
64.660	13.618	-0.115
64.680	10.176	-0.140
64.700	6.604	-0.155
64.720	2.908	-0.176
64.740	-0.814	-0.188
64.760	-4.525	-0.211
64.780	-8.199	-0.210
64.800	-11.722	-0.224
64.820	-15.074	-0.217
64.840	-18.227	-0.225
64.860	-21.116	-0.215
64.880	-23.662	-0.217
64.900	-25.881	-0.199
64.920	-27.744	-0.198
64.940	-29.162	-0.170
64.960	-30.177	-0.161
64.980	-30.725	-0.134
65.000	-30.854	-0.121
65.020	-30.527	-0.088
65.040	-29.769	-0.073
65.060	-28.577	-0.043
65.080	-26.923	-0.016
65.100	-24.892	0.011
65.120	-22.518	0.036
65.140	-19.811	0.061
65.160	-16.793	0.090
65.180	-13.559	0.114
65.200	-10.084	0.135
65.220	-6.469	0.159
65.240	-2.785	0.173
65.260	0.953	0.193
65.280	4.665	0.201
65.300	8.306	0.214
65.320	11.846	0.217
65.340	15.203	0.223
65.360	18.329	0.223
65.380	21.219	0.222
65.400	23.781	0.206
65.420	25.967	0.204
65.440	27.793	0.187
65.460	29.216	0.182
65.480	30.199	0.149
65.500	30.747	0.139
65.520	30.844	0.110
65.540	30.521	0.094
65.560	29.710	0.059
65.580	28.507	0.040
65.600	26.874	0.008
65.620	24.876	-0.012
65.640	22.486	-0.047
65.660	19.741	-0.068
65.680	16.744	-0.098
65.700	13.473	-0.118
65.720	10.031	-0.144
65.740	6.448	-0.159
65.760	2.774	-0.184
65.780	-0.959	-0.195
65.800	-4.681	-0.211
65.820	-8.339	-0.217
65.840	-11.862	-0.229
65.860	-15.198	-0.221
65.880	-18.340	-0.227
65.900	-21.202	-0.221
65.920	-23.738	-0.218
65.940	-25.950	-0.208
65.960	-27.782	-0.200
65.980	-29.200	-0.176
66.000	-30.172	-0.161
66.020	-30.709	-0.143
66.040	-30.827	-0.126
66.060	-30.473	-0.093
66.080	-29.694	-0.078
66.100	-28.496	-0.047
66.120	-26.826	-0.023
66.140	-24.812	0.007
66.160	-22.395	0.031
66.180	-19.661	0.060
66.200	-16.653	0.081
66.220	-13.366	0.108
66.240	-9.923	0.126
66.260	-6.308	0.153
66.280	-2.608	0.164
66.300	1.120	0.182
66.320	4.837	0.193
66.340	8.468	0.207
66.360	12.007	0.206
66.380	15.359	0.213
66.400	18.479	0.210
66.420	21.342	0.212
66.440	23.883	0.199
66.460	26.063	0.195
66.480	27.857	0.176
66.500	29.259	0.168
66.520	30.226	0.140
66.540	30.758	0.131
66.560	30.854	0.101
66.580	30.489	0.081
66.600	29.678	0.052
66.620	28.448	0.030
66.640	26.788	-0.001
66.660	24.780	-0.022
66.680	22.368	-0.059
66.700	19.613	-0.077
66.720	16.615	-0.110
66.740	13.339	-0.123
66.760	9.885	-0.155
66.780	6.292	-0.167
66.800	2.613	-0.194
66.820	-1.125	-0.201
66.840	-4.821	-0.221
66.860	-8.484	-0.223
66.880	-12.002	-0.237
66.900	-15.326	-0.228
66.920	-18.452	-0.238
66.940	-21.315	-0.230
66.960	-23.845	-0.230
66.980	-26.042	-0.213
67.000	-27.841	-0.209
67.020	-29.254	-0.188
67.040	-30.215	-0.171
67.060	-30.709	-0.151
67.080	-30.833	-0.128
67.100	-30.462	-0.102
67.120	-29.646	-0.084
67.140	-28.416	-0.051
67.160	-26.751	-0.032
67.180	-24.694	0.000
67.200	-22.293	0.023
67.220	-19.532	0.053
67.240	-16.497	0.076
67.260	-13.253	0.103
67.280	-9.783	0.125
67.300	-6.163	0.146
67.320	-2.457	0.159
67.340	1.281	0.177
67.360	4.992	0.189
67.380	8.629	0.204
67.400	12.147	0.204
67.420	15.493	0.210
67.440	18.581	0.207
67.460	21.444	0.210
67.480	23.979	0.197
67.500	26.133	0.189
67.520	27.922	0.173
67.540	29.302	0.164
67.560	30.258	0.137
67.580	30.763	0.127
67.600	30.838	0.097
67.620	30.468	0.083
67.640	29.624	0.052
67.660	28.384	0.029
67.680	26.708	-0.002
67.700	24.677	-0.026
67.720	22.239	-0.058
67.740	19.500	-0.079
67.760	16.465	-0.109
67.780	13.183	-0.126
67.800	9.740	-0.155
67.820	6.147	-0.171
67.840	2.441	-0.189
67.860	-1.276	-0.205
67.880	-4.992	-0.215
67.900	-8.639	-0.225
67.920	-12.157	-0.234
67.940	-15.471	-0.236
67.960	-18.592	-0.237
67.980	-21.455	-0.229
68.000	-23.947	-0.224
68.020	-26.128	-0.209
68.040	-27.938	-0.205
68.060	-29.318	-0.184
68.080	-30.263	-0.167
68.100	-30.741	-0.144
68.120	-30.817	-0.127
68.140	-30.451	-0.101
68.160	-29.646	-0.078
68.180	-28.378	-0.048
68.200	-26.686	-0.026
68.220	-24.635	0.008
68.240	-22.185	0.031
68.260	-19.435	0.058
68.280	-16.401	0.080
68.300	-13.124	0.110
68.320	-9.644	0.129
68.340	-6.024	0.151
68.360	-2.307	0.166
68.380	1.431	0.188
68.400	5.137	0.193
68.420	8.774	0.211
68.440	12.281	0.212
68.460	15.627	0.217
68.480	18.721	0.214
68.500	21.578	0.213
68.520	24.076	0.204
68.540	26.224	0.198
68.560	27.981	0.179
68.580	29.356	0.167
68.600	30.290	0.144
68.620	30.784	0.132
68.640	30.833	0.105
68.660	30.435	0.088
68.680	29.587	0.052
68.700	28.324	0.030
68.720	26.627	0.001
68.740	24.581	-0.023
68.760	22.121	-0.051
68.780	19.360	-0.074
68.800	16.325	-0.105
68.820	13.028	-0.122
68.840	9.569	-0.151
68.860	5.959	-0.163
68.880	2.259	-0.186
68.900	-1.464	-0.196
68.920	-5.180	-0.207
68.940	-8.827	-0.218
68.960	-12.324	-0.224
68.980	-15.638	-0.227
69.000	-18.769	-0.232
69.020	-21.600	-0.221
69.040	-24.087	-0.215
69.060	-26.246	-0.201
69.080	-28.029	-0.196
69.100	-29.404	-0.173
69.120	-30.344	-0.159
69.140	-30.763	-0.138
69.160	-30.827	-0.117
69.180	-30.457	-0.089
69.200	-29.630	-0.069
69.220	-28.330	-0.036
69.240	-26.638	-0.018
69.260	-24.549	0.012
69.280	-22.094	0.036
69.300	-19.323	0.070
69.320	-16.266	0.090
69.340	-13.006	0.116
69.360	-9.493	0.139
69.380	-5.868	0.163
69.400	-2.146	0.176
69.420	1.576	0.195
69.440	5.288	0.202
69.460	8.908	0.216
69.480	12.437	0.217
69.500	15.756	0.227
69.520	18.839	0.219
69.540	21.686	0.223
69.560	24.173	0.210
69.580	26.310	0.206
69.600	28.061	0.185
69.620	29.404	0.176
69.640	30.317	0.152
69.660	30.801	0.140
69.680	30.822	0.110
69.700	30.403	0.092
69.720	29.533	0.061
69.740	28.260	0.038
69.760	26.557	0.010
69.780	24.479	-0.014
69.800	22.024	-0.045
69.820	19.237	-0.071
69.840	16.202	-0.096
69.860	12.866	-0.121
69.880	9.418	-0.139
69.900	5.809	-0.160
69.920	2.119	-0.178
69.940	-1.614	-0.192
69.960	-5.325	-0.205
69.980	-8.962	-0.214
70.000	-12.464	-0.221
70.020	-15.761	-0.221
70.040	-18.871	-0.221
70.060	-21.675	-0.216
70.080	-24.189	-0.213
70.100	-26.332	-0.201
70.120	-28.067	-0.192
70.140	-29.431	-0.165
70.160	-30.339	-0.156
70.180	-30.784	-0.131
70.200	-30.827	-0.114
70.220	-30.408	-0.086
70.240	-29.544	-0.064
70.260	-28.249	-0.039
70.280	-26.531	-0.008
70.300	-24.420	0.018
70.320	-21.981	0.042
70.340	-19.167	0.073
70.360	-16.100	0.091
70.380	-12.834	0.117
70.400	-9.322	0.140
70.420	-5.685	0.160
70.440	-1.979	0.177
70.460	1.754	0.193
70.480	5.454	0.205
70.500	9.074	0.213
70.520	12.587	0.217
70.540	15.901	0.221
70.560	18.968	0.218
70.580	21.804	0.222
70.600	24.264	0.206
70.620	26.396	0.200
70.640	28.126	0.183
70.660	29.452	0.176
70.680	30.349	0.148
70.700	30.817	0.132
70.720	30.817	0.106
70.740	30.382	0.086
70.760	29.501	0.056
70.780	28.196	0.034
70.800	26.477	0.002
70.820	24.393	-0.018
70.840	21.906	-0.055
70.860	19.124	-0.075
70.880	16.062	-0.103
70.900	12.754	-0.122
70.920	9.273	-0.150
70.940	5.658	-0.165
70.960	1.969	-0.187
70.980	-1.748	-0.200
71.000	-5.470	-0.213
71.020	-9.112	-0.219
71.040	-12.587	-0.225
71.060	-15.880	-0.228
71.080	-18.973	-0.224
71.100	-21.782	-0.221
71.120	-24.242	-0.215
71.140	-26.380	-0.208
71.160	-28.131	-0.195
71.180	-29.442	-0.178
71.200	-30.339	-0.158
71.220	-30.779	-0.139
71.240	-30.801	-0.118
71.260	-30.360	-0.092
71.280	-29.485	-0.069
71.300	-28.158	-0.043
71.320	-26.418	-0.017
71.340	-24.312	0.014
71.360	-21.852	0.037
71.380	-19.032	0.066
71.400	-15.955	0.083
71.420	-12.662	0.112
71.440	-9.160	0.131
71.460	-5.519	0.158
71.480	-1.818	0.167
71.500	1.926	0.189
71.520	5.621	0.192
71.540	9.230	0.206
71.560	12.732	0.209
71.580	16.041	0.217
71.600	19.108	0.209
71.620	21.917	0.210
71.640	24.377	0.194
71.660	26.482	0.193
71.680	28.196	0.174
71.700	29.511	0.161
71.720	30.382	0.139
71.740	30.822	0.124
71.760	30.801	0.097
71.780	30.333	0.077
71.800	29.452	0.048
71.820	28.126	0.022
71.840	26.396	-0.006
71.860	24.291	-0.031
71.880	21.782	-0.059
71.900	19.000	-0.085
71.920	15.933	-0.116
71.940	12.603	-0.132
71.960	9.128	-0.155
71.980	5.503	-0.177
72.000	1.807	-0.196
72.020	-1.926	-0.209
72.040	-5.610	-0.221
72.060	-9.246	-0.225
72.080	-12.727	-0.238
72.100	-16.025	-0.238
72.120	-19.102	-0.237
72.140	-21.874	-0.232
72.160	-24.328	-0.225
72.180	-26.461	-0.216
72.200	-28.196	-0.205
72.220	-29.485	-0.180
72.240	-30.365	-0.167
72.260	-30.758	-0.145
72.280	-30.768	-0.124
72.300	-30.339	-0.095
72.320	-29.436	-0.075
72.340	-28.088	-0.047
72.360	-26.337	-0.024
72.380	-24.199	0.004
72.400	-21.740	0.031
72.420	-18.909	0.058
72.440	-15.826	0.081
72.460	-12.528	0.107
72.480	-9.005	0.126
72.500	-5.368	0.152
72.520	-1.652	0.164
72.540	2.065	0.179
72.560	5.777	0.190
72.580	9.397	0.202
72.600	12.877	0.204
72.620	16.180	0.210
72.640	19.231	0.205
72.660	22.035	0.208
72.680	24.479	0.192
72.700	26.557	0.189
72.720	28.249	0.169
72.740	29.544	0.160
72.760	30.403	0.135
72.780	30.833	0.122
72.800	30.779	0.094
72.820	30.323	0.075
72.840	29.393	0.041
72.860	28.056	0.023
72.880	26.305	-0.010
72.900	24.189	-0.033
72.920	21.686	-0.062
72.940	18.871	-0.082
72.960	15.783	-0.115
72.980	12.474	-0.133
73.000	8.962	-0.157
73.020	5.363	-0.178
73.040	1.652	-0.192
73.060	-2.076	-0.207
73.080	-5.777	-0.219
73.100	-9.424	-0.225
73.120	-12.883	-0.236
73.140	-16.159	-0.235
73.160	-19.237	-0.236
73.180	-22.008	-0.229
73.200	-24.463	-0.224
73.220	-26.547	-0.212
73.240	-28.255	-0.200
73.260	-29.554	-0.181
73.280	-30.408	-0.163
73.300	-30.790	-0.145
73.320	-30.763	-0.120
73.340	-30.317	-0.096
73.360	-29.404	-0.069
73.380	-28.045	-0.039
73.400	-26.283	-0.020
73.420	-24.130	0.012
73.440	-21.648	0.036
73.460	-18.802	0.065
73.480	-15.708	0.086
73.500	-12.383	0.115
73.520	-8.881	0.131
73.540	-5.234	0.152
73.560	-1.512	0.169
73.580	2.210	0.188
73.600	5.927	0.196
73.620	9.531	0.211
73.640	13.022	0.214
73.660	16.309	0.216
73.680	19.360	0.215
73.700	22.137	0.213
73.720	24.559	0.198
73.740	26.633	0.194
73.760	28.314	0.177
73.780	29.597	0.163
73.800	30.430	0.142
73.820	30.833	0.128
73.840	30.774	0.101
73.860	30.285	0.082
73.880	29.356	0.051
73.900	27.986	0.026
73.920	26.219	-0.005
73.940	24.087	-0.028
73.960	21.562	-0.055
73.980	18.737	-0.079
74.000	15.643	-0.110
74.020	12.302	-0.127
74.040	8.806	-0.152
74.060	5.170	-0.171
74.080	1.474	-0.185
74.100	-2.259	-0.199
74.120	-5.954	-0.213
74.140	-9.585	-0.219
74.160	-13.054	-0.232
74.180	-16.336	-0.226
74.200	-19.382	-0.229
74.220	-22.158	-0.219
74.240	-24.575	-0.215
74.260	-26.676	-0.202
74.280	-28.357	-0.192
74.300	-29.624	-0.169
74.320	-30.478	-0.153
74.340	-30.806	-0.135
74.360	-30.774	-0.111
74.380	-30.312	-0.088
74.400	-29.377	-0.061
74.420	-28.008	-0.032
74.440	-26.214	-0.007
74.460	-24.054	0.019
74.480	-21.541	0.047
74.500	-18.683	0.075
74.520	-15.584	0.099
74.540	-12.265	0.121
74.560	-8.731	0.140
74.580	-5.089	0.164
74.600	-1.351	0.177
74.620	2.377	0.201
74.640	6.072	0.202
74.660	9.671	0.215
74.680	13.156	0.219
74.700	16.449	0.226
74.720	19.473	0.219
74.740	22.239	0.219
74.760	24.656	0.210
74.780	26.724	0.202
74.800	28.384	0.182
74.820	29.640	0.173
74.840	30.462	0.150
74.860	30.849	0.135
74.880	30.768	0.104
74.900	30.263	0.088
74.920	29.302	0.055
74.940	27.922	0.028
74.960	26.138	0.003
74.980	23.985	-0.022
75.000	21.444	-0.052
75.020	18.614	-0.075
75.040	15.504	-0.101
75.060	12.157	-0.121
75.080	8.656	-0.143
75.100	5.025	-0.163
75.120	1.313	-0.185
75.140	-2.404	-0.194
75.160	-6.110	-0.212
75.180	-9.730	-0.213
75.200	-13.189	-0.225
75.220	-16.449	-0.221
75.240	-19.494	-0.225
75.260	-22.228	-0.215
75.280	-24.661	-0.209
75.300	-26.745	-0.200
75.320	-28.410	-0.186
75.340	-29.640	-0.164
75.360	-30.462	-0.149
75.380	-30.806	-0.129
75.400	-30.768	-0.105
75.420	-30.263	-0.083
75.440	-29.313	-0.057
75.460	-27.895	-0.034
75.480	-26.106	-0.004
75.500	-23.926	0.019
75.520	-21.401	0.048
75.540	-18.533	0.074
75.560	-15.418	0.098
75.580	-12.098	0.121
75.600	-8.564	0.145
75.620	-4.901	0.165
75.640	-1.168	0.180
75.660	2.543	0.196
75.680	6.244	0.202
75.700	9.848	0.219
75.720	13.307	0.218
75.740	16.589	0.223
75.760	19.591	0.218
75.780	22.363	0.218
75.800	24.758	0.206
75.820	26.804	0.194
75.840	28.443	0.182
75.860	29.678	0.168
75.880	30.484	0.144
75.900	30.844	0.129
75.920	30.752	0.105
75.940	30.226	0.082
75.960	29.248	0.052
75.980	27.857	0.028
76.000	26.063	-0.001
76.020	23.883	-0.027
76.040	21.331	-0.056
76.060	18.490	-0.080
76.080	15.380	-0.107
76.100	12.023	-0.126
76.120	8.521	-0.155
76.140	4.880	-0.167
76.160	1.168	-0.190
76.180	-2.554	-0.201
76.200	-6.244	-0.217
76.220	-9.853	-0.220
76.240	-13.312	-0.227
76.260	-16.556	-0.228
76.280	-19.602	-0.229
76.300	-22.314	-0.223
76.320	-24.731	-0.213
76.340	-26.788	-0.207
76.360	-28.443	-0.193
76.380	-29.683	-0.175
76.400	-30.473	-0.153
76.420	-30.806	-0.138
76.440	-30.725	-0.112
76.460	-30.199	-0.091
76.480	-29.238	-0.065
76.500	-27.825	-0.040
76.520	-26.010	-0.010
76.540	-23.818	0.016
76.560	-21.261	0.045
76.580	-18.409	0.069
76.600	-15.267	0.094
76.620	-11.916	0.116
76.640	-8.398	0.137
76.660	-4.724	0.158
76.680	-1.012	0.173
76.700	2.715	0.188
76.720	6.416	0.195
76.740	10.004	0.208
76.760	13.473	0.204
76.780	16.723	0.216
76.800	19.725	0.208
76.820	22.486	0.206
76.840	24.849	0.194
76.860	26.880	0.190
76.880	28.502	0.171
76.900	29.732	0.156
76.920	30.500	0.131
76.940	30.838	0.117
76.960	30.747	0.091
76.980	30.199	0.071
77.000	29.211	0.040
77.020	27.798	0.017
77.040	25.972	-0.011
77.060	23.786	-0.038
77.080	21.219	-0.067
77.100	18.366	-0.093
77.120	15.230	-0.118
77.140	11.873	-0.140
77.160	8.365	-0.162
77.180	4.719	-0.179
77.200	1.034	-0.199
77.220	-2.715	-0.213
77.240	-6.400	-0.224
77.260	-9.998	-0.229
77.280	-13.457	-0.238
77.300	-16.696	-0.236
77.320	-19.720	-0.236
77.340	-22.443	-0.229
77.360	-24.812	-0.225
77.380	-26.853	-0.212
77.400	-28.507	-0.203
77.420	-29.699	-0.180
77.440	-30.500	-0.163
77.460	-30.817	-0.143
77.480	-30.709	-0.118
77.500	-30.167	-0.093
77.520	-29.189	-0.070
77.540	-27.750	-0.042
77.560	-25.913	-0.018
77.580	-23.705	0.010
77.600	-21.143	0.037
77.620	-18.270	0.062
77.640	-15.122	0.086
77.660	-11.776	0.110
77.680	-8.247	0.133
77.700	-4.573	0.154
77.720	-0.857	0.169
77.740	2.871	0.182
77.760	6.561	0.193
77.780	10.143	0.202
77.800	13.613	0.209
77.820	16.852	0.211
77.840	19.844	0.209
77.860	22.583	0.205
77.880	24.946	0.194
77.900	26.960	0.184
77.920	28.555	0.170
77.940	29.764	0.157
77.960	30.527	0.133
77.980	30.849	0.117
78.000	30.731	0.091
78.020	30.167	0.074
78.040	29.146	0.040
78.060	27.712	0.015
78.080	25.902	-0.014
78.100	23.678	-0.039
78.120	21.111	-0.064
78.140	18.227	-0.092
78.160	15.090	-0.117
78.180	11.706	-0.136
78.200	8.210	-0.163
78.220	4.568	-0.180
78.240	0.862	-0.196
78.260	-2.871	-0.210
78.280	-6.561	-0.220
78.300	-10.159	-0.229
78.320	-13.602	-0.235
78.340	-16.820	-0.236
78.360	-19.844	-0.234
78.380	-22.551	-0.228
78.400	-24.930	-0.217
78.420	-26.976	-0.212
78.440	-28.566	-0.195
78.460	-29.775	-0.176
78.480	-30.532	-0.158
78.500	-30.817	-0.138
78.520	-30.720	-0.113
78.540	-30.145	-0.092
78.560	-29.146	-0.062
78.580	-27.696	-0.041
78.600	-25.865	-0.010
78.620	-23.630	0.017
78.640	-21.052	0.044
78.660	-18.157	0.070
78.680	-14.999	0.094
78.700	-11.647	0.115
78.720	-8.108	0.140
78.740	-4.428	0.157
78.760	-0.706	0.177
78.780	3.021	0.191
78.800	6.711	0.195
78.820	10.283	0.212
78.840	13.737	0.213
78.860	16.981	0.216
78.880	19.967	0.214
78.900	22.685	0.211
78.920	25.037	0.198
78.940	27.030	0.190
78.960	28.615	0.174
78.980	29.823	0.160
79.000	30.564	0.139
79.020	30.854	0.120
79.040	30.715	0.094
79.060	30.124	0.073
79.080	29.098	0.044
79.100	27.621	0.016
79.120	25.800	-0.010
79.140	23.566	-0.039
79.160	20.971	-0.059
79.180	18.098	-0.089
79.200	14.945	-0.113
79.220	11.572	-0.138
79.240	8.038	-0.155
79.260	4.380	-0.176
79.280	0.674	-0.191
79.300	-3.048	-0.204
79.320	-6.749	-0.215
79.340	-10.342	-0.224
79.360	-13.785	-0.223
79.380	-17.002	-0.228
79.400	-20.010	-0.226
79.420	-22.690	-0.221
79.440	-25.059	-0.210
79.460	-27.057	-0.200
79.480	-28.674	-0.188
79.500	-29.839	-0.170
79.520	-30.591	-0.151
79.540	-30.849	-0.129
79.560	-30.731	-0.104
79.580	-30.156	-0.083
79.600	-29.130	-0.052
79.620	-27.653	-0.029
79.640	-25.784	-0.001
79.660	-23.544	0.023
79.680	-20.955	0.055
79.700	-18.050	0.078
79.720	-14.891	0.106
79.740	-11.518	0.126
79.760	-7.952	0.149
79.780	-4.300	0.167
79.800	-0.551	0.182
79.820	3.182	0.199
79.840	6.856	0.210
79.860	10.433	0.218
79.880	13.882	0.222
