0.000	28.209	0.074
0.020	26.485	0.063
0.040	24.401	0.033
0.060	21.909	0.019
0.080	19.116	-0.000
0.100	16.049	-0.023
0.120	12.708	-0.046
0.140	9.228	-0.067
0.160	5.575	-0.084
0.180	1.864	-0.097
0.200	-1.880	-0.113
0.220	-5.602	-0.130
0.240	-9.254	-0.137
0.260	-12.746	-0.154
0.280	-16.060	-0.155
0.300	-19.153	-0.166
0.320	-21.946	-0.162
0.340	-24.406	-0.170
0.360	-26.544	-0.163
0.380	-28.263	-0.160
0.400	-29.562	-0.152
0.420	-30.417	-0.146
0.440	-30.792	-0.138
0.460	-30.798	-0.121
0.480	-30.325	-0.104
0.500	-29.401	-0.087
0.520	-28.037	-0.070
0.540	-26.249	-0.051
0.560	-24.105	-0.030
0.580	-21.560	-0.009
0.600	-18.708	0.008
0.620	-15.592	0.029
0.640	-12.246	0.048
0.660	-8.701	0.070
0.680	-5.033	0.091
0.700	-1.300	0.109
0.720	2.460	0.120
0.740	6.171	0.134
0.760	9.770	0.149
0.780	13.277	0.157
0.800	16.559	0.171
0.820	19.583	0.172
0.840	22.360	0.177
0.860	24.755	0.174
0.880	26.812	0.174
0.900	28.451	0.171
0.920	29.691	0.157
0.940	30.481	0.147
0.960	30.835	0.141
0.980	30.728	0.124
1.000	30.169	0.114
1.020	29.170	0.093
1.040	27.726	0.074
1.060	25.921	0.055
1.080	23.713	0.034
1.100	21.130	0.013
1.120	18.240	-0.010
1.140	15.098	-0.029
1.160	11.709	-0.047
1.180	8.180	-0.068
1.200	4.517	-0.087
1.220	0.800	-0.104
1.240	-2.954	-0.120
1.260	-6.660	-0.133
1.280	-10.275	-0.142
1.300	-13.729	-0.154
1.320	-16.957	-0.161
1.340	-19.997	-0.166
1.360	-22.677	-0.167
1.380	-25.035	-0.168
1.400	-27.054	-0.166
1.420	-28.655	-0.162
1.440	-29.826	-0.155
1.460	-30.567	-0.141
1.480	-30.835	-0.133
1.500	-30.669	-0.119
1.520	-30.067	-0.104
1.540	-29.020	-0.084
1.560	-27.527	-0.067
1.580	-25.609	-0.050
1.600	-23.348	-0.033
1.620	-20.722	-0.013
1.640	-17.800	0.010
1.660	-14.609	0.033
1.680	-11.199	0.050
1.700	-7.616	0.070
1.720	-3.916	0.087
1.740	-0.183	0.105
1.760	3.572	0.120
1.780	7.251	0.129
1.800	10.828	0.145
1.820	14.266	0.153
1.840	17.483	0.161
1.860	20.442	0.160
1.880	23.106	0.165
1.900	25.405	0.166
1.920	27.333	0.162
1.940	28.864	0.158
1.960	29.965	0.150
1.980	30.637	0.136
2.000	30.846	0.125
2.020	30.615	0.112
2.040	29.917	0.100
2.060	28.805	0.075
2.080	27.237	0.060
2.100	25.314	0.037
2.120	22.978	0.020
2.140	20.308	-0.002
2.160	17.349	-0.026
2.180	14.126	-0.040
2.200	10.699	-0.063
2.220	7.111	-0.082
2.240	3.432	-0.104
2.260	-0.312	-0.117
2.280	-4.050	-0.130
2.300	-7.724	-0.145
2.320	-11.290	-0.155
2.340	-14.674	-0.165
2.360	-17.870	-0.171
2.380	-20.797	-0.175
2.400	-23.391	-0.178
2.420	-25.668	-0.182
2.440	-27.570	-0.175
2.460	-29.042	-0.169
2.480	-30.073	-0.158
2.500	-30.664	-0.154
2.520	-30.830	-0.136
2.540	-30.535	-0.121
2.560	-29.788	-0.105
2.580	-28.612	-0.090
2.600	-27.000	-0.075
2.620	-24.986	-0.053
2.640	-22.623	-0.037
2.660	-19.878	-0.013
2.680	-16.865	0.006
2.700	-13.616	0.030
2.720	-10.157	0.047
2.740	-6.531	0.066
2.760	-2.825	0.082
2.780	0.935	0.100
2.800	4.667	0.115
2.820	8.304	0.129
2.840	11.865	0.138
2.860	15.232	0.145
2.880	18.385	0.154
2.900	21.264	0.157
2.920	23.826	0.155
2.940	26.018	0.159
2.960	27.828	0.153
2.980	29.229	0.150
3.000	30.202	0.137
3.020	30.733	0.128
3.040	30.819	0.114
3.060	30.465	0.099
3.080	29.632	0.085
3.100	28.386	0.062
3.120	26.727	0.050
3.140	24.675	0.028
3.160	22.220	0.007
3.180	19.470	-0.012
3.200	16.425	-0.035
3.220	13.138	-0.054
3.240	9.663	-0.075
3.260	6.042	-0.091
3.280	2.342	-0.110
3.300	-1.402	-0.125
3.320	-5.129	-0.141
3.340	-8.798	-0.147
3.360	-12.311	-0.164
3.380	-15.635	-0.166
3.400	-18.772	-0.176
3.420	-21.597	-0.178
3.440	-24.095	-0.180
3.460	-26.259	-0.176
3.480	-28.037	-0.175
3.500	-29.385	-0.165
3.520	-30.304	-0.157
3.540	-30.744	-0.146
3.560	-30.792	-0.133
3.580	-30.379	-0.115
3.600	-29.514	-0.102
3.620	-28.187	-0.083
3.640	-26.453	-0.067
3.660	-24.336	-0.042
3.680	-21.860	-0.025
3.700	-19.035	-0.008
3.720	-15.952	0.016
3.740	-12.633	0.035
3.760	-9.104	0.055
3.780	-5.468	0.074
3.800	-1.746	0.090
3.820	2.020	0.110
3.840	5.742	0.120
3.860	9.367	0.138
3.880	12.896	0.148
3.900	16.178	0.153
3.920	19.250	0.156
3.940	22.064	0.165
3.960	24.498	0.162
3.980	26.587	0.165
4.000	28.284	0.157
4.020	29.568	0.158
4.040	30.411	0.137
4.060	30.809	0.130
4.080	30.760	0.114
4.100	30.255	0.102
4.120	29.310	0.084
4.140	27.924	0.068
4.160	26.163	0.047
4.180	23.987	0.028
4.200	21.431	0.009
4.220	18.600	-0.012
4.240	15.485	-0.035
4.260	12.133	-0.055
4.280	8.594	-0.076
4.300	4.936	-0.092
4.320	1.214	-0.110
4.340	-2.541	-0.128
4.360	-6.236	-0.133
4.380	-9.877	-0.147
4.400	-13.353	-0.156
4.420	-16.624	-0.165
4.440	-19.669	-0.169
4.460	-22.408	-0.174
4.480	-24.820	-0.169
4.500	-26.877	-0.164
4.520	-28.526	-0.166
4.540	-29.761	-0.154
4.560	-30.545	-0.144
4.580	-30.819	-0.132
4.600	-30.755	-0.117
4.620	-30.212	-0.104
4.640	-29.219	-0.088
4.660	-27.774	-0.073
4.680	-25.910	-0.054
4.700	-23.670	-0.025
4.720	-21.082	-0.012
4.740	-18.192	0.019
4.760	-15.028	0.031
4.780	-11.645	0.056
4.800	-8.094	0.072
4.820	-4.383	0.092
4.840	-0.639	0.109
4.860	3.110	0.124
4.880	6.800	0.134
4.900	10.415	0.150
4.920	13.857	0.153
4.940	17.107	0.168
4.960	20.093	0.170
4.980	22.806	0.176
5.000	25.142	0.174
5.020	27.135	0.172
5.040	28.687	0.165
5.060	29.858	0.154
5.080	30.578	0.144
5.100	30.841	0.136
5.120	30.669	0.120
5.140	30.019	0.109
5.160	28.950	0.087
5.180	27.457	0.070
5.200	25.572	0.053
5.220	23.284	0.029
5.240	20.641	0.014
5.260	17.725	-0.012
5.280	14.497	-0.032
5.300	11.091	-0.050
5.320	7.536	-0.070
5.340	3.846	-0.086
5.360	0.124	-0.107
5.380	-3.636	-0.120
5.400	-7.315	-0.133
5.420	-10.898	-0.142
5.440	-14.298	-0.154
5.460	-17.526	-0.157
5.480	-20.501	-0.164
5.500	-23.128	-0.159
5.520	-25.432	-0.165
5.540	-27.371	-0.158
5.560	-28.902	-0.154
5.580	-30.008	-0.146
5.600	-30.631	-0.138
5.620	-30.862	-0.127
5.640	-30.615	-0.109
5.660	-29.933	-0.094
5.680	-28.800	-0.076
5.700	-27.226	-0.062
5.720	-25.266	-0.042
5.740	-22.924	-0.021
5.760	-20.249	-0.005
5.780	-17.257	0.021
5.800	-14.019	0.037
5.820	-10.597	0.059
5.840	-6.982	0.078
5.860	-3.276	0.097
5.880	0.473	0.113
5.900	4.211	0.127
5.920	7.879	0.132
5.940	11.462	0.153
5.960	14.856	0.155
5.980	18.020	0.169
6.000	20.937	0.167
6.020	23.542	0.172
6.040	25.776	0.169
6.060	27.634	0.165
6.080	29.106	0.157
6.100	30.121	0.150
6.120	30.707	0.136
6.140	30.841	0.130
6.160	30.524	0.111
6.180	29.756	0.100
6.200	28.553	0.071
6.220	26.936	0.066
6.240	24.943	0.037
6.260	22.537	0.020
6.280	19.803	-0.008
6.300	16.812	-0.018
6.320	13.535	-0.043
6.340	10.071	-0.058
6.360	6.472	-0.083
6.380	2.782	-0.096
6.400	-0.961	-0.118
6.420	-4.700	-0.125
6.440	-8.363	-0.144
6.460	-11.913	-0.152
6.480	-15.249	-0.162
6.500	-18.396	-0.163
6.520	-21.275	-0.170
6.540	-23.821	-0.170
6.560	-26.028	-0.170
6.580	-27.849	-0.165
6.600	-29.262	-0.158
6.620	-30.223	-0.150
6.640	-30.717	-0.139
6.660	-30.825	-0.129
6.680	-30.449	-0.112
6.700	-29.643	-0.095
6.720	-28.365	-0.082
6.740	-26.657	-0.059
6.760	-24.605	-0.046
6.780	-22.167	-0.021
6.800	-19.374	-0.009
6.820	-16.317	0.020
6.840	-13.025	0.033
6.860	-9.534	0.058
6.880	-5.887	0.071
6.900	-2.181	0.094
6.920	1.590	0.103
6.940	5.307	0.124
6.960	8.943	0.127
6.980	12.466	0.143
7.000	15.812	0.145
7.020	18.896	0.157
7.040	21.742	0.161
7.060	24.234	0.162
7.080	26.361	0.157
7.100	28.102	0.153
7.120	29.444	0.146
7.140	30.341	0.134
7.160	30.787	0.129
7.180	30.792	0.111
7.200	30.347	0.099
7.220	29.439	0.078
7.240	28.128	0.063
7.260	26.399	0.044
7.280	24.277	0.023
7.300	21.758	0.002
7.320	18.960	-0.017
7.340	15.866	-0.037
7.360	12.531	-0.058
7.380	9.029	-0.078
7.400	5.398	-0.097
7.420	1.687	-0.109
7.440	-2.062	-0.131
7.460	-5.774	-0.139
7.480	-9.421	-0.156
7.500	-12.912	-0.162
7.520	-16.194	-0.174
7.540	-19.288	-0.168
7.560	-22.064	-0.183
7.580	-24.498	-0.171
7.600	-26.598	-0.179
7.620	-28.316	-0.170
7.640	-29.584	-0.165
7.660	-30.427	-0.154
7.680	-30.760	-0.146
7.700	-30.755	-0.130
7.720	-30.239	-0.118
7.740	-29.305	-0.099
7.760	-27.908	-0.084
7.780	-26.098	-0.062
7.800	-23.912	-0.039
7.820	-21.372	-0.021
7.840	-18.520	-0.001
7.860	-15.372	0.020
7.880	-12.026	0.041
7.900	-8.465	0.057
7.920	-4.807	0.081
7.940	-1.069	0.093
7.960	2.675	0.111
7.980	6.392	0.123
8.000	9.996	0.137
8.020	13.471	0.145
8.040	16.747	0.153
8.060	19.766	0.157
8.080	22.526	0.161
8.100	24.890	0.162
8.120	26.920	0.156
8.140	28.531	0.154
8.160	29.745	0.143
8.180	30.513	0.136
8.200	30.835	0.124
8.220	30.707	0.111
8.240	30.126	0.096
8.260	29.101	0.078
8.280	27.656	0.062
8.300	25.819	0.041
8.320	23.558	0.019
8.340	20.963	0.007
8.360	18.063	-0.024
8.380	14.905	-0.040
8.400	11.494	-0.059
8.420	7.965	-0.079
8.440	4.302	-0.096
8.460	0.569	-0.117
8.480	-3.169	-0.127
8.500	-6.886	-0.141
8.520	-10.490	-0.150
8.540	-13.922	-0.158
8.560	-17.155	-0.165
8.580	-20.158	-0.166
8.600	-22.843	-0.172
8.620	-25.174	-0.170
8.640	-27.167	-0.172
8.660	-28.757	-0.158
8.680	-29.922	-0.155
8.700	-30.615	-0.143
8.720	-30.841	-0.135
8.740	-30.669	-0.117
8.760	-30.057	-0.102
8.780	-28.977	-0.085
8.800	-27.462	-0.073
8.820	-25.529	-0.049
8.840	-23.246	-0.031
8.860	-20.598	-0.006
8.880	-17.644	0.012
8.900	-14.443	0.032
8.920	-11.021	0.049
8.940	-7.434	0.073
8.960	-3.733	0.089
8.980	0.011	0.108
9.000	3.754	0.120
9.020	7.439	0.138
9.040	11.021	0.149
9.060	14.437	0.156
9.080	17.639	0.163
9.100	20.593	0.168
9.120	23.241	0.169
9.140	25.523	0.174
9.160	27.430	0.161
9.180	28.945	0.160
9.200	30.019	0.151
9.220	30.653	0.139
9.240	30.841	0.128
9.260	30.588	0.115
9.280	29.869	0.099
9.300	28.714	0.075
9.320	27.135	0.063
9.340	25.190	0.045
9.360	22.822	0.023
9.380	20.142	0.006
9.400	17.161	-0.021
9.420	13.917	-0.035
9.440	10.479	-0.061
9.460	6.886	-0.077
9.480	3.196	-0.094
9.500	-0.542	-0.110
9.520	-4.281	-0.128
9.540	-7.965	-0.134
9.560	-11.526	-0.150
9.580	-14.899	-0.148
9.600	-18.074	-0.162
9.620	-20.996	-0.159
9.640	-23.579	-0.165
9.660	-25.835	-0.156
9.680	-27.699	-0.161
9.700	-29.149	-0.148
9.720	-30.164	-0.146
9.740	-30.707	-0.131
9.760	-30.852	-0.123
9.780	-30.551	-0.104
9.800	-29.777	-0.087
9.820	-28.574	-0.071
9.840	-26.909	-0.051
9.860	-24.895	-0.035
9.880	-22.494	-0.010
9.900	-19.750	0.004
9.920	-16.715	0.028
9.940	-13.460	0.046
9.960	-9.979	0.067
9.980	-6.349	0.085
10.000	-2.626	0.102
10.020	1.128	0.120
10.040	4.861	0.128
10.060	8.502	0.145
10.080	12.058	0.153
10.100	15.420	0.161
10.120	18.541	0.165
10.140	21.415	0.174
10.160	23.955	0.168
10.180	26.120	0.176
10.200	27.908	0.162
10.220	29.294	0.165
10.240	30.250	0.146
10.260	30.755	0.139
10.280	30.803	0.121
10.300	30.417	0.114
10.320	29.573	0.092
10.340	28.300	0.077
10.360	26.603	0.061
10.380	24.541	0.037
10.400	22.075	0.018
10.420	19.293	-0.005
10.440	16.253	-0.025
10.460	12.934	-0.045
10.480	9.448	-0.058
10.500	5.822	-0.082
10.520	2.100	-0.100
10.540	-1.633	-0.117
10.560	-5.350	-0.129
10.580	-9.018	-0.141
10.600	-12.515	-0.154
10.620	-15.839	-0.156
10.640	-18.944	-0.166
10.660	-21.758	-0.163
10.680	-24.245	-0.168
10.700	-26.394	-0.162
10.720	-28.145	-0.164
10.740	-29.455	-0.155
10.760	-30.357	-0.145
10.780	-30.771	-0.132
10.800	-30.814	-0.122
10.820	-30.331	-0.104
10.840	-29.455	-0.087
10.860	-28.096	-0.073
10.880	-26.334	-0.052
10.900	-24.197	-0.036
10.920	-21.715	-0.014
10.940	-18.869	0.004
10.960	-15.759	0.029
10.980	-12.434	0.045
11.000	-8.900	0.065
11.020	-5.242	0.085
11.040	-1.515	0.101
11.060	2.229	0.116
11.080	5.951	0.127
11.100	9.566	0.137
11.120	13.073	0.148
11.140	16.376	0.158
11.160	19.406	0.162
11.180	22.215	0.166
11.200	24.621	0.165
11.220	26.700	0.162
11.240	28.365	0.156
11.260	29.638	0.148
11.280	30.454	0.134
11.300	30.819	0.126
11.320	30.744	0.111
11.340	30.207	0.101
11.360	29.256	0.077
11.380	27.849	0.058
11.400	26.050	0.044
11.420	23.858	0.021
11.440	21.296	-0.001
11.460	18.428	-0.021
11.480	15.297	-0.041
11.500	11.935	-0.056
11.520	8.400	-0.079
11.540	4.753	-0.094
11.560	1.021	-0.115
11.580	-2.707	-0.128
11.600	-6.429	-0.141
11.620	-10.044	-0.155
11.640	-13.503	-0.164
11.660	-16.769	-0.167
11.680	-19.792	-0.173
11.700	-22.526	-0.174
11.720	-24.890	-0.176
11.740	-26.925	-0.171
11.760	-28.563	-0.168
11.780	-29.750	-0.162
11.800	-30.513	-0.151
11.820	-30.819	-0.141
11.840	-30.685	-0.124
11.860	-30.121	-0.110
11.880	-29.090	-0.092
11.900	-27.634	-0.076
11.920	-25.744	-0.057
11.940	-23.482	-0.039
11.960	-20.910	-0.015
11.980	-17.966	0.004
12.000	-14.808	0.025
12.020	-11.408	0.041
12.040	-7.836	0.063
12.060	-4.146	0.083
12.080	-0.419	0.096
12.100	3.335	0.111
12.120	7.036	0.124
12.140	10.613	0.138
12.160	14.062	0.143
12.180	17.300	0.152
12.200	20.260	0.153
12.220	22.978	0.160
12.240	25.271	0.159
12.260	27.215	0.152
12.280	28.778	0.146
12.300	29.906	0.139
12.320	30.599	0.128
12.340	30.841	0.117
12.360	30.637	0.103
12.380	29.965	0.091
12.400	28.880	0.066
12.420	27.344	0.053
12.440	25.448	0.033
12.460	23.117	0.009
12.480	20.480	-0.008
12.500	17.537	-0.029
12.520	14.330	-0.049
12.540	10.903	-0.070
12.560	7.342	-0.086
12.580	3.652	-0.106
12.600	-0.064	-0.120
12.620	-3.819	-0.136
12.640	-7.509	-0.146
12.660	-11.075	-0.161
12.680	-14.480	-0.162
12.700	-17.687	-0.170
12.720	-20.646	-0.172
12.740	-23.257	-0.178
12.760	-25.545	-0.171
12.780	-27.468	-0.170
12.800	-28.966	-0.162
12.820	-30.030	-0.155
12.840	-30.642	-0.143
12.860	-30.835	-0.134
12.880	-30.583	-0.119
12.900	-29.874	-0.104
12.920	-28.714	-0.086
12.940	-27.119	-0.067
12.960	-25.137	-0.047
12.980	-22.790	-0.025
13.000	-20.072	-0.004
13.020	-17.080	0.016
13.040	-13.847	0.033
13.060	-10.398	0.056
13.080	-6.778	0.074
13.100	-3.067	0.091
13.120	0.682	0.104
13.140	4.415	0.117
13.160	8.083	0.136
13.180	11.639	0.144
13.200	15.034	0.153
13.220	18.187	0.157
13.240	21.087	0.164
13.260	23.681	0.158
13.280	25.889	0.165
13.300	27.720	0.156
13.320	29.160	0.156
13.340	30.159	0.140
13.360	30.723	0.136
13.380	30.819	0.116
13.400	30.486	0.102
13.420	29.702	0.090
13.440	28.472	0.070
13.460	26.818	0.058
13.480	24.809	0.031
13.500	22.387	0.012
13.520	19.631	-0.011
13.540	16.613	-0.027
13.560	13.326	-0.055
13.580	9.851	-0.067
13.600	6.247	-0.088
13.620	2.535	-0.097
13.640	-1.198	-0.121
13.660	-4.936	-0.129
13.680	-8.621	-0.142
13.700	-12.139	-0.154
13.720	-15.490	-0.151
13.740	-18.627	-0.167
13.760	-21.479	-0.160
13.780	-23.998	-0.173
13.800	-26.200	-0.158
13.820	-27.994	-0.166
13.840	-29.375	-0.145
13.860	-30.320	-0.150
13.880	-30.760	-0.129
13.900	-30.825	-0.120
13.920	-30.465	-0.100
13.940	-29.622	-0.089
13.960	-28.316	-0.075
13.980	-26.608	-0.051
14.000	-24.514	-0.031
14.020	-22.038	-0.009
14.040	-19.245	0.012
14.060	-16.178	0.031
14.080	-12.875	0.046
14.100	-9.340	0.070
14.120	-5.720	0.085
14.140	-1.966	0.107
14.160	1.767	0.122
14.180	5.505	0.133
14.200	9.142	0.146
14.220	12.665	0.158
14.240	15.974	0.165
14.260	19.062	0.168
14.280	21.882	0.173
14.300	24.363	0.174
14.320	26.469	0.171
14.340	28.182	0.162
14.360	29.503	0.159
14.380	30.368	0.142
14.400	30.798	0.137
14.420	30.766	0.120
14.440	30.309	0.114
14.460	29.380	0.091
14.480	28.026	0.071
14.500	26.275	0.056
14.520	24.132	0.033
14.540	21.613	0.016
14.560	18.772	-0.006
14.580	15.678	-0.030
14.600	12.327	-0.044
14.620	8.825	-0.063
14.640	5.178	-0.083
14.660	1.456	-0.099
14.680	-2.293	-0.115
14.700	-6.000	-0.129
14.720	-9.646	-0.134
14.740	-13.132	-0.153
14.760	-16.414	-0.155
14.780	-19.470	-0.165
14.800	-22.215	-0.162
14.820	-24.659	-0.164
14.840	-26.743	-0.160
14.860	-28.402	-0.160
14.880	-29.665	-0.144
14.900	-30.470	-0.135
14.920	-30.814	-0.126
14.940	-30.739	-0.112
14.960	-30.212	-0.096
14.980	-29.278	-0.078
15.000	-27.838	-0.064
15.020	-26.001	-0.042
15.040	-23.794	-0.029
15.060	-21.227	-0.006
15.080	-18.337	0.013
15.100	-15.206	0.036
15.120	-11.838	0.053
15.140	-8.271	0.073
15.160	-4.592	0.089
15.180	-0.859	0.107
15.200	2.890	0.124
15.220	6.590	0.132
15.240	10.200	0.150
15.260	13.664	0.153
15.280	16.908	0.165
15.300	19.921	0.163
15.320	22.671	0.169
15.340	25.008	0.165
15.360	27.017	0.166
15.380	28.612	0.156
15.400	29.810	0.150
15.420	30.545	0.137
15.440	30.825	0.128
15.460	30.685	0.117
15.480	30.083	0.099
15.500	29.031	0.081
15.520	27.543	0.060
15.540	25.695	0.046
15.560	23.423	0.016
15.580	20.818	0.006
15.600	17.907	-0.028
15.620	14.722	-0.035
15.640	11.306	-0.065
15.660	7.772	-0.078
15.680	4.093	-0.100
15.700	0.365	-0.112
15.720	-3.378	-0.128
15.740	-7.079	-0.140
15.760	-10.667	-0.148
15.780	-14.094	-0.162
15.800	-17.322	-0.160
15.820	-20.308	-0.173
15.840	-22.972	-0.164
15.860	-25.271	-0.175
15.880	-27.258	-0.164
15.900	-28.800	-0.166
15.920	-29.928	-0.150
15.940	-30.588	-0.146
15.960	-30.835	-0.133
15.980	-30.626	-0.116
16.000	-29.971	-0.101
16.020	-28.870	-0.083
16.040	-27.339	-0.069
16.060	-25.373	-0.046
16.080	-23.069	-0.032
16.100	-20.405	-0.008
16.120	-17.445	0.009
16.140	-14.223	0.033
16.160	-10.796	0.046
16.180	-7.192	0.073
16.200	-3.497	0.084
16.220	0.258	0.102
16.240	4.001	0.117
16.260	7.665	0.129
16.280	11.231	0.137
16.300	14.652	0.147
16.320	17.827	0.155
16.340	20.770	0.157
16.360	23.396	0.160
16.380	25.647	0.161
16.400	27.527	0.151
16.420	29.009	0.147
16.440	30.073	0.135
16.460	30.674	0.128
16.480	30.841	0.115
16.500	30.556	0.099
16.520	29.810	0.082
16.540	28.649	0.064
16.560	27.038	0.046
16.580	25.072	0.028
16.600	22.677	0.004
16.620	19.986	-0.010
16.640	17.000	-0.036
16.660	13.734	-0.052
16.680	10.296	-0.077
16.700	6.698	-0.089
16.720	3.002	-0.108
16.740	-0.730	-0.125
16.760	-4.469	-0.137
16.780	-8.148	-0.150
16.800	-11.704	-0.162
16.820	-15.055	-0.169
16.840	-18.219	-0.173
16.860	-21.108	-0.175
16.880	-23.681	-0.178
16.900	-25.910	-0.174
16.920	-27.742	-0.171
16.940	-29.187	-0.164
16.960	-30.159	-0.158
16.980	-30.690	-0.142
17.000	-30.825	-0.132
17.020	-30.470	-0.115
17.040	-29.691	-0.102
17.060	-28.445	-0.082
17.080	-26.786	-0.068
17.100	-24.745	-0.044
17.120	-22.333	-0.026
17.140	-19.551	-0.004
17.160	-16.511	0.017
17.180	-13.229	0.037
17.200	-9.754	0.058
17.220	-6.123	0.075
17.240	-2.396	0.089
17.260	1.359	0.107
17.280	5.092	0.123
17.300	8.717	0.135
17.320	12.262	0.143
17.340	15.619	0.153
17.360	18.724	0.156
17.380	21.581	0.161
17.400	24.095	0.159
17.420	26.249	0.162
17.440	28.010	0.153
17.460	29.369	0.149
17.480	30.293	0.136
17.500	30.766	0.131
17.520	30.798	0.111
17.540	30.384	0.100
17.560	29.509	0.080
17.580	28.209	0.061
17.600	26.512	0.047
17.620	24.422	0.022
17.640	21.941	0.005
17.660	19.116	-0.013
17.680	16.060	-0.034
17.700	12.713	-0.057
17.720	9.238	-0.075
17.740	5.613	-0.094
17.760	1.891	-0.108
17.780	-1.853	-0.126
17.800	-5.564	-0.138
17.820	-9.222	-0.146
17.840	-12.751	-0.158
17.860	-16.038	-0.159
17.880	-19.137	-0.171
17.900	-21.936	-0.168
17.920	-24.390	-0.175
17.940	-26.517	-0.161
17.960	-28.263	-0.170
17.980	-29.562	-0.151
18.000	-30.422	-0.144
18.020	-30.798	-0.134
18.040	-30.787	-0.124
18.060	-30.341	-0.104
18.080	-29.428	-0.088
18.100	-28.048	-0.075
18.120	-26.254	-0.055
18.140	-24.095	-0.036
18.160	-21.592	-0.012
18.180	-18.729	0.008
18.200	-15.608	0.030
18.220	-12.262	0.050
18.240	-8.723	0.070
18.260	-5.049	0.086
18.280	-1.332	0.102
18.300	2.428	0.120
18.320	6.145	0.135
18.340	9.765	0.147
18.360	13.256	0.154
18.380	16.538	0.162
18.400	19.578	0.161
18.420	22.344	0.170
18.440	24.745	0.165
18.460	26.796	0.169
18.480	28.440	0.157
18.500	29.686	0.154
18.520	30.481	0.137
18.540	30.830	0.135
18.560	30.723	0.116
18.580	30.180	0.105
18.600	29.170	0.082
18.620	27.731	0.066
18.640	25.921	0.047
18.660	23.713	0.025
18.680	21.119	0.009
18.700	18.251	-0.014
18.720	15.104	-0.029
18.740	11.709	-0.056
18.760	8.175	-0.072
18.780	4.517	-0.088
18.800	0.784	-0.106
18.820	-2.954	-0.119
18.840	-6.676	-0.132
18.860	-10.291	-0.141
18.880	-13.734	-0.153
18.900	-16.967	-0.158
18.920	-20.007	-0.163
18.940	-22.698	-0.161
18.960	-25.067	-0.165
18.980	-27.081	-0.159
19.000	-28.682	-0.158
19.020	-29.858	-0.143
19.040	-30.578	-0.135
19.060	-30.846	-0.123
19.080	-30.701	-0.110
19.100	-30.121	-0.088
19.120	-29.058	-0.077
19.140	-27.564	-0.059
19.160	-25.652	-0.040
19.180	-23.402	-0.019
19.200	-20.770	-0.000
19.220	-17.816	0.024
19.240	-14.636	0.043
19.260	-11.226	0.060
19.280	-7.643	0.079
19.300	-3.953	0.099
19.320	-0.215	0.118
19.340	3.545	0.128
19.360	7.224	0.136
19.380	10.812	0.152
19.400	14.250	0.159
19.420	17.456	0.166
19.440	20.426	0.168
19.460	23.101	0.172
19.480	25.395	0.169
19.500	27.333	0.166
19.520	28.854	0.161
19.540	29.960	0.149
19.560	30.626	0.139
19.580	30.841	0.127
19.600	30.615	0.115
19.620	29.928	0.099
19.640	28.805	0.078
19.660	27.248	0.060
19.680	25.325	0.041
19.700	22.988	0.016
19.720	20.319	-0.000
19.740	17.365	-0.023
19.760	14.126	-0.038
19.780	10.705	-0.059
19.800	7.122	-0.078
19.820	3.443	-0.096
19.840	-0.295	-0.111
19.860	-4.023	-0.127
19.880	-7.729	-0.137
19.900	-11.301	-0.150
19.920	-14.695	-0.159
19.940	-17.875	-0.163
19.960	-20.792	-0.165
19.980	-23.380	-0.165
20.000	-25.685	-0.162
20.020	-27.586	-0.163
20.040	-29.042	-0.156
20.060	-30.089	-0.146
20.080	-30.664	-0.136
20.100	-30.857	-0.122
20.120	-30.540	-0.110
20.140	-29.815	-0.093
20.160	-28.633	-0.077
20.180	-27.011	-0.054
20.200	-25.013	-0.038
20.220	-22.634	-0.022
20.240	-19.895	-0.002
20.260	-16.897	0.020
20.280	-13.626	0.041
20.300	-10.184	0.058
20.320	-6.563	0.080
20.340	-2.847	0.091
20.360	0.924	0.114
20.380	4.662	0.126
20.400	8.293	0.136
20.420	11.854	0.145
20.440	15.222	0.155
20.460	18.353	0.162
20.480	21.253	0.164
20.500	23.815	0.165
20.520	26.001	0.164
20.540	27.817	0.153
20.560	29.229	0.151
20.580	30.196	0.135
20.600	30.733	0.128
20.620	30.819	0.114
20.640	30.465	0.102
20.660	29.638	0.082
20.680	28.386	0.064
20.700	26.721	0.045
20.720	24.691	0.025
20.740	22.231	0.004
20.760	19.481	-0.013
20.780	16.446	-0.039
20.800	13.127	-0.054
20.820	9.668	-0.079
20.840	6.053	-0.090
20.860	2.353	-0.114
20.880	-1.396	-0.122
20.900	-5.124	-0.145
20.920	-8.782	-0.148
20.940	-12.305	-0.164
20.960	-15.625	-0.165
20.980	-18.761	-0.178
21.000	-21.586	-0.171
21.020	-24.084	-0.179
21.040	-26.270	-0.170
21.060	-28.032	-0.170
21.080	-29.391	-0.162
21.100	-30.298	-0.155
21.120	-30.739	-0.139
21.140	-30.798	-0.127
21.160	-30.357	-0.113
21.180	-29.520	-0.096
21.200	-28.204	-0.080
21.220	-26.447	-0.061
21.240	-24.347	-0.042
21.260	-21.860	-0.020
21.280	-19.046	-0.002
21.300	-15.952	0.017
21.320	-12.633	0.040
21.340	-9.115	0.058
21.360	-5.462	0.076
21.380	-1.740	0.093
21.400	2.014	0.107
21.420	5.726	0.121
21.440	9.356	0.133
21.460	12.875	0.141
21.480	16.172	0.153
21.500	19.239	0.153
21.520	22.048	0.159
21.540	24.492	0.154
21.560	26.587	0.158
21.580	28.279	0.148
21.600	29.568	0.143
21.620	30.422	0.131
21.640	30.803	0.124
21.660	30.755	0.106
21.680	30.255	0.096
21.700	29.315	0.071
21.720	27.930	0.053
21.740	26.163	0.039
21.760	23.993	0.016
21.780	21.441	-0.003
21.800	18.605	-0.024
21.820	15.485	-0.045
21.840	12.123	-0.063
21.860	8.626	-0.084
21.880	4.963	-0.098
21.900	1.246	-0.117
21.920	-2.498	-0.131
21.940	-6.198	-0.146
21.960	-9.834	-0.154
21.980	-13.299	-0.162
22.000	-16.564	-0.169
22.020	-19.631	-0.174
22.040	-22.371	-0.175
22.060	-24.771	-0.173
22.080	-26.829	-0.171
22.100	-28.494	-0.168
22.120	-29.724	-0.156
22.140	-30.513	-0.146
22.160	-30.814	-0.137
22.180	-30.739	-0.121
22.200	-30.186	-0.106
22.220	-29.197	-0.092
22.240	-27.742	-0.071
22.260	-25.894	-0.057
22.280	-23.670	-0.029
22.300	-21.087	-0.015
22.320	-18.192	0.014
22.340	-15.034	0.029
22.360	-11.655	0.048
22.380	-8.089	0.070
22.400	-4.394	0.087
22.420	-0.666	0.099
22.440	3.099	0.120
22.460	6.784	0.127
22.480	10.377	0.147
22.500	13.857	0.151
22.520	17.085	0.161
22.540	20.088	0.161
22.560	22.790	0.165
22.580	25.137	0.162
22.600	27.119	0.161
22.620	28.698	0.157
22.640	29.853	0.148
22.660	30.567	0.135
22.680	30.835	0.123
22.700	30.664	0.103
22.720	30.019	0.091
22.740	28.956	0.074
22.760	27.446	0.058
22.780	25.566	0.040
22.800	23.278	0.014
22.820	20.636	0.001
22.840	17.714	-0.024
22.860	14.507	-0.043
22.880	11.097	-0.063
22.900	7.530	-0.080
22.920	3.846	-0.098
22.940	0.129	-0.115
22.960	-3.636	-0.126
22.980	-7.305	-0.139
23.000	-10.914	-0.146
23.020	-14.341	-0.161
23.040	-17.547	-0.163
23.060	-20.507	-0.167
23.080	-23.149	-0.166
23.100	-25.459	-0.168
23.120	-27.409	-0.162
23.140	-28.934	-0.159
23.160	-30.035	-0.149
23.180	-30.669	-0.137
23.200	-30.846	-0.126
23.220	-30.658	-0.109
23.240	-29.971	-0.096
23.260	-28.843	-0.078
23.280	-27.264	-0.063
23.300	-25.303	-0.038
23.320	-22.983	-0.019
23.340	-20.276	0.004
23.360	-17.306	0.024
23.380	-14.078	0.042
23.400	-10.624	0.064
23.420	-7.031	0.081
23.440	-3.298	0.104
23.460	0.435	0.116
23.480	4.179	0.128
23.500	7.847	0.141
23.520	11.414	0.153
23.540	14.824	0.159
23.560	17.993	0.170
23.580	20.904	0.171
23.600	23.520	0.174
23.620	25.749	0.174
23.640	27.618	0.161
23.660	29.074	0.158
23.680	30.116	0.146
23.700	30.696	0.137
23.720	30.825	0.127
23.740	30.519	0.113
23.760	29.745	0.099
23.780	28.558	0.073
23.800	26.936	0.061
23.820	24.943	0.037
23.840	22.537	0.020
23.860	19.803	-0.005
23.880	16.812	-0.023
23.900	13.535	-0.039
23.920	10.071	-0.062
23.940	6.461	-0.079
23.960	2.771	-0.097
23.980	-0.972	-0.114
24.000	-4.700	-0.125
24.020	-8.374	-0.136
24.040	-11.929	-0.151
24.060	-15.270	-0.157
24.080	-18.417	-0.164
24.100	-21.291	-0.162
24.120	-23.832	-0.166
24.140	-26.039	-0.158
24.160	-27.876	-0.160
24.180	-29.278	-0.145
24.200	-30.250	-0.148
24.220	-30.744	-0.125
24.240	-30.852	-0.122
24.260	-30.465	-0.099
24.280	-29.643	-0.086
24.300	-28.397	-0.067
24.320	-26.694	-0.051
24.340	-24.632	-0.034
24.360	-22.193	-0.011
24.380	-19.422	0.004
24.400	-16.355	0.029
24.420	-13.068	0.046
24.440	-9.566	0.069
24.460	-5.919	0.083
24.480	-2.197	0.104
24.500	1.563	0.120
24.520	5.285	0.126
24.540	8.932	0.145
24.560	12.456	0.153
24.580	15.796	0.162
24.600	18.885	0.162
24.620	21.726	0.166
24.640	24.218	0.163
24.660	26.351	0.167
24.680	28.080	0.153
24.700	29.434	0.157
24.720	30.325	0.133
24.740	30.782	0.135
24.760	30.782	0.112
24.780	30.341	0.106
24.800	29.444	0.081
24.820	28.128	0.064
24.840	26.388	0.046
24.860	24.277	0.029
24.880	21.758	0.000
24.900	18.960	-0.018
24.920	15.872	-0.038
24.940	12.525	-0.055
24.960	9.034	-0.074
24.980	5.403	-0.095
25.000	1.687	-0.104
25.020	-2.073	-0.131
25.040	-5.769	-0.133
25.060	-9.437	-0.157
25.080	-12.907	-0.156
25.100	-16.194	-0.172
25.120	-19.288	-0.166
25.140	-22.070	-0.171
25.160	-24.508	-0.172
25.180	-26.608	-0.168
25.200	-28.316	-0.166
25.220	-29.584	-0.149
25.240	-30.443	-0.153
25.260	-30.792	-0.131
25.280	-30.760	-0.129
25.300	-30.239	-0.101
25.320	-29.332	-0.092
25.340	-27.914	-0.071
25.360	-26.109	-0.059
25.380	-23.939	-0.034
25.400	-21.382	-0.016
25.420	-18.514	0.006
25.440	-15.394	0.027
25.460	-12.042	0.044
25.480	-8.486	0.061
25.500	-4.818	0.080
25.520	-1.085	0.098
25.540	2.669	0.113
25.560	6.370	0.125
25.580	9.979	0.134
25.600	13.460	0.146
25.620	16.731	0.149
25.640	19.755	0.157
25.660	22.489	0.154
25.680	24.874	0.154
25.700	26.904	0.149
25.720	28.526	0.149
25.740	29.745	0.137
25.760	30.508	0.126
25.780	30.819	0.118
25.800	30.701	0.103
25.820	30.126	0.087
25.840	29.106	0.067
25.860	27.656	0.050
25.880	25.813	0.033
25.900	23.574	0.010
25.920	20.979	-0.011
25.940	18.084	-0.033
25.960	14.910	-0.050
25.980	11.537	-0.074
26.000	7.981	-0.088
26.020	4.318	-0.110
26.040	0.580	-0.124
26.060	-3.158	-0.137
26.080	-6.854	-0.150
26.100	-10.458	-0.162
26.120	-13.895	-0.170
26.140	-17.128	-0.173
26.160	-20.131	-0.178
26.180	-22.827	-0.179
26.200	-25.158	-0.181
26.220	-27.151	-0.171
26.240	-28.730	-0.170
26.260	-29.879	-0.155
26.280	-30.567	-0.152
26.300	-30.819	-0.137
26.320	-30.658	-0.123
26.340	-30.030	-0.107
26.360	-28.950	-0.090
26.380	-27.425	-0.075
26.400	-25.523	-0.052
26.420	-23.219	-0.034
26.440	-20.582	-0.013
26.460	-17.628	0.008
26.480	-14.432	0.031
26.500	-11.021	0.047
26.520	-7.428	0.070
26.540	-3.728	0.086
26.560	0.011	0.101
26.580	3.765	0.118
26.600	7.434	0.128
26.620	11.021	0.142
26.640	14.432	0.143
26.660	17.644	0.157
26.680	20.593	0.157
26.700	23.230	0.160
26.720	25.513	0.158
26.740	27.419	0.154
26.760	28.929	0.147
26.780	30.014	0.141
26.800	30.642	0.128
26.820	30.841	0.116
26.840	30.588	0.099
26.860	29.863	0.085
26.880	28.714	0.066
26.900	27.146	0.050
26.920	25.201	0.030
26.940	22.838	0.005
26.960	20.142	-0.009
26.980	17.182	-0.035
27.000	13.927	-0.051
27.020	10.495	-0.075
27.040	6.902	-0.085
27.060	3.207	-0.109
27.080	-0.526	-0.120
27.100	-4.265	-0.141
27.120	-7.949	-0.143
27.140	-11.516	-0.162
27.160	-14.889	-0.163
27.180	-18.074	-0.173
27.200	-20.969	-0.170
27.220	-23.563	-0.175
27.240	-25.824	-0.172
27.260	-27.699	-0.167
27.280	-29.154	-0.159
27.300	-30.169	-0.150
27.320	-30.723	-0.140
27.340	-30.846	-0.125
27.360	-30.556	-0.113
27.380	-29.810	-0.092
27.400	-28.596	-0.083
27.420	-26.947	-0.058
27.440	-24.917	-0.040
27.460	-22.532	-0.017
27.480	-19.776	0.002
27.500	-16.747	0.023
27.520	-13.487	0.041
27.540	-10.012	0.061
27.560	-6.375	0.081
27.580	-2.664	0.093
27.600	1.106	0.116
27.620	4.823	0.125
27.640	8.486	0.148
27.660	12.037	0.151
27.680	15.388	0.160
27.700	18.520	0.161
27.720	21.388	0.170
27.740	23.939	0.164
27.760	26.109	0.167
27.780	27.897	0.159
27.800	29.294	0.156
27.820	30.239	0.141
27.840	30.750	0.138
27.860	30.798	0.119
27.880	30.411	0.107
27.900	29.573	0.089
27.920	28.295	0.069
27.940	26.603	0.053
27.960	24.541	0.032
27.980	22.075	0.015
28.000	19.293	-0.009
28.020	16.248	-0.027
28.040	12.928	-0.054
28.060	9.437	-0.068
28.080	5.817	-0.086
28.100	2.105	-0.099
28.120	-1.649	-0.120
28.140	-5.360	-0.130
28.160	-9.029	-0.141
28.180	-12.525	-0.154
28.200	-15.866	-0.157
28.220	-18.971	-0.167
28.240	-21.801	-0.162
28.260	-24.267	-0.168
28.280	-26.404	-0.158
28.300	-28.166	-0.163
28.320	-29.503	-0.144
28.340	-30.406	-0.143
28.360	-30.782	-0.124
28.380	-30.819	-0.116
28.400	-30.390	-0.097
28.420	-29.498	-0.083
28.440	-28.145	-0.063
28.460	-26.383	-0.046
28.480	-24.240	-0.023
28.500	-21.742	-0.003
28.520	-18.917	0.016
28.540	-15.796	0.036
28.560	-12.472	0.053
28.580	-8.937	0.076
28.600	-5.280	0.091
28.620	-1.536	0.113
28.640	2.202	0.124
28.660	5.919	0.137
28.680	9.539	0.149
28.700	13.041	0.160
28.720	16.350	0.164
28.740	19.390	0.166
28.760	22.204	0.173
28.780	24.616	0.167
28.800	26.673	0.170
28.820	28.349	0.162
28.840	29.622	0.157
28.860	30.438	0.141
28.880	30.809	0.135
28.900	30.733	0.117
28.920	30.207	0.110
28.940	29.251	0.084
28.960	27.844	0.068
28.980	26.050	0.046
29.000	23.848	0.029
29.020	21.286	0.001
29.040	18.423	-0.017
29.060	15.308	-0.038
29.080	11.929	-0.053
29.100	8.395	-0.075
29.120	4.748	-0.092
29.140	1.021	-0.107
29.160	-2.729	-0.125
29.180	-6.445	-0.133
29.200	-10.065	-0.149
29.220	-13.508	-0.157
29.240	-16.774	-0.168
29.260	-19.792	-0.168
29.280	-22.532	-0.169
29.300	-24.917	-0.167
29.320	-26.947	-0.165
29.340	-28.590	-0.156
29.360	-29.772	-0.148
29.380	-30.529	-0.141
29.400	-30.852	-0.132
29.420	-30.707	-0.113
29.440	-30.116	-0.100
29.460	-29.101	-0.079
29.480	-27.640	-0.066
29.500	-25.776	-0.045
29.520	-23.536	-0.025
29.540	-20.926	-0.008
29.560	-18.004	0.015
29.580	-14.830	0.036
29.600	-11.430	0.056
29.620	-7.874	0.070
29.640	-4.168	0.090
29.660	-0.435	0.108
29.680	3.298	0.123
29.700	7.015	0.131
29.720	10.603	0.149
29.740	14.045	0.153
29.760	17.273	0.160
29.780	20.244	0.163
29.800	22.956	0.163
29.820	25.250	0.167
29.840	27.215	0.154
29.860	28.773	0.153
29.880	29.901	0.141
29.900	30.599	0.132
29.920	30.835	0.119
29.940	30.631	0.107
29.960	29.960	0.088
29.980	28.875	0.069
30.000	27.344	0.050
30.020	25.454	0.036
30.040	23.133	0.010
30.060	20.485	-0.013
30.080	17.537	-0.031
30.100	14.341	-0.050
30.120	10.909	-0.068
30.140	7.337	-0.088
30.160	3.652	-0.105
30.180	-0.070	-0.126
30.200	-3.803	-0.134
30.220	-7.498	-0.153
30.240	-11.086	-0.158
30.260	-14.486	-0.171
30.280	-17.682	-0.173
30.300	-20.614	-0.177
30.320	-23.251	-0.177
30.340	-25.545	-0.173
30.360	-27.462	-0.172
30.380	-28.961	-0.160
30.400	-30.030	-0.158
30.420	-30.642	-0.148
30.440	-30.835	-0.141
30.460	-30.562	-0.116
30.480	-29.879	-0.108
30.500	-28.714	-0.083
30.520	-27.113	-0.073
30.540	-25.137	-0.047
30.560	-22.790	-0.030
30.580	-20.083	-0.009
30.600	-17.069	0.014
30.620	-13.847	0.033
30.640	-10.388	0.052
30.660	-6.784	0.067
30.680	-3.067	0.088
30.700	0.682	0.104
30.720	4.410	0.120
30.740	8.078	0.131
30.760	11.628	0.142
30.780	15.018	0.145
30.800	18.176	0.158
30.820	21.076	0.158
30.840	23.665	0.159
30.860	25.873	0.159
30.880	27.715	0.150
30.900	29.160	0.145
30.920	30.148	0.131
30.940	30.717	0.127
30.960	30.825	0.108
30.980	30.497	0.097
31.000	29.691	0.077
31.020	28.472	0.060
31.040	26.818	0.041
31.060	24.804	0.024
31.080	22.403	-0.000
31.100	19.642	-0.017
31.120	16.624	-0.046
31.140	13.342	-0.060
31.160	9.883	-0.083
31.180	6.273	-0.095
31.200	2.562	-0.117
31.220	-1.171	-0.129
31.240	-4.898	-0.146
31.260	-8.578	-0.154
31.280	-12.096	-0.164
31.300	-15.437	-0.172
31.320	-18.573	-0.175
31.340	-21.441	-0.179
31.360	-23.966	-0.177
31.380	-26.136	-0.172
31.400	-27.951	-0.170
31.420	-29.337	-0.160
31.440	-30.271	-0.152
31.460	-30.739	-0.145
31.480	-30.809	-0.129
31.500	-30.411	-0.112
31.520	-29.600	-0.094
31.540	-28.300	-0.079
31.560	-26.592	-0.058
31.580	-24.503	-0.037
31.600	-22.032	-0.021
31.620	-19.234	0.004
31.640	-16.172	0.023
31.660	-12.869	0.044
31.680	-9.362	0.061
31.700	-5.720	0.076
31.720	-1.982	0.098
31.740	1.756	0.113
31.760	5.495	0.124
31.780	9.125	0.142
31.800	12.649	0.146
31.820	15.974	0.157
31.840	19.041	0.160
31.860	21.882	0.163
31.880	24.347	0.161
31.900	26.458	0.160
31.920	28.177	0.155
31.940	29.503	0.153
31.960	30.363	0.135
31.980	30.792	0.130
32.000	30.760	0.107
32.020	30.309	0.097
32.040	29.375	0.080
32.060	28.026	0.060
32.080	26.270	0.041
32.100	24.132	0.019
32.120	21.613	0.004
32.140	18.783	-0.020
32.160	15.689	-0.041
32.180	12.316	-0.063
32.200	8.814	-0.083
32.220	5.167	-0.096
32.240	1.456	-0.114
32.260	-2.293	-0.129
32.280	-6.016	-0.142
32.300	-9.652	-0.150
32.320	-13.143	-0.161
32.340	-16.425	-0.165
32.360	-19.481	-0.168
32.380	-22.258	-0.170
32.400	-24.680	-0.170
32.420	-26.753	-0.165
32.440	-28.451	-0.162
32.460	-29.697	-0.151
32.480	-30.529	-0.145
32.500	-30.835	-0.131
32.520	-30.782	-0.117
32.540	-30.266	-0.103
32.560	-29.315	-0.086
32.580	-27.876	-0.067
32.600	-26.061	-0.047
32.620	-23.842	-0.027
32.640	-21.291	-0.005
32.660	-18.396	0.017
32.680	-15.238	0.035
32.700	-11.881	0.054
32.720	-8.331	0.073
32.740	-4.641	0.094
32.760	-0.892	0.111
32.780	2.857	0.124
32.800	6.563	0.137
32.820	10.157	0.150
32.840	13.637	0.160
32.860	16.897	0.166
32.880	19.905	0.171
32.900	22.655	0.173
32.920	25.002	0.170
32.940	27.006	0.167
32.960	28.596	0.160
32.980	29.799	0.149
33.000	30.545	0.141
33.020	30.830	0.131
33.040	30.685	0.117
33.060	30.083	0.100
33.080	29.031	0.081
33.100	27.538	0.062
33.120	25.701	0.044
33.140	23.423	0.024
33.160	20.818	0.000
33.180	17.891	-0.019
33.200	14.728	-0.036
33.220	11.295	-0.057
33.240	7.750	-0.074
33.260	4.104	-0.095
33.280	0.344	-0.107
33.300	-3.384	-0.126
33.320	-7.090	-0.130
33.340	-10.678	-0.149
33.360	-14.115	-0.157
33.380	-17.333	-0.163
33.400	-20.319	-0.164
33.420	-22.978	-0.166
33.440	-25.314	-0.164
33.460	-27.291	-0.159
33.480	-28.832	-0.152
33.500	-29.960	-0.143
33.520	-30.626	-0.139
33.540	-30.868	-0.125
33.560	-30.669	-0.103
33.580	-30.003	-0.094
33.600	-28.902	-0.067
33.620	-27.339	-0.062
33.640	-25.421	-0.035
33.660	-23.106	-0.019
33.680	-20.426	0.007
33.700	-17.456	0.024
33.720	-14.266	0.046
33.740	-10.828	0.066
33.760	-7.224	0.082
33.780	-3.518	0.099
33.800	0.220	0.118
33.820	3.964	0.128
33.840	7.643	0.138
33.860	11.209	0.153
33.880	14.625	0.161
33.900	17.811	0.167
33.920	20.743	0.165
33.940	23.375	0.170
33.960	25.636	0.166
33.980	27.521	0.163
34.000	28.993	0.158
34.020	30.062	0.146
34.040	30.669	0.134
34.060	30.841	0.123
34.080	30.556	0.113
34.100	29.804	0.088
34.120	28.639	0.078
34.140	27.054	0.049
34.160	25.072	0.040
34.180	22.693	0.003
34.200	19.980	-0.005
34.220	17.000	-0.040
34.240	13.739	-0.042
34.260	10.291	-0.078
34.280	6.692	-0.075
34.300	3.002	-0.112
34.320	-0.730	-0.115
34.340	-4.474	-0.142
34.360	-8.132	-0.144
34.380	-11.682	-0.158
34.400	-15.071	-0.163
34.420	-18.213	-0.167
34.440	-21.108	-0.175
34.460	-23.681	-0.167
34.480	-25.905	-0.175
34.500	-27.752	-0.162
34.520	-29.203	-0.166
34.540	-30.180	-0.144
34.560	-30.707	-0.144
34.580	-30.835	-0.122
34.600	-30.486	-0.116
34.620	-29.702	-0.093
34.640	-28.483	-0.079
34.660	-26.796	-0.059
34.680	-24.739	-0.033
34.700	-22.344	-0.021
34.720	-19.588	0.007
34.740	-16.548	0.020
34.760	-13.267	0.045
34.780	-9.759	0.053
34.800	-6.145	0.082
34.820	-2.417	0.087
34.840	1.332	0.116
34.860	5.060	0.117
34.880	8.712	0.141
34.900	12.246	0.137
34.920	15.592	0.157
34.940	18.708	0.153
34.960	21.554	0.164
34.980	24.079	0.156
35.000	26.232	0.161
35.020	28.000	0.150
35.040	29.364	0.145
35.060	30.282	0.133
35.080	30.760	0.124
35.100	30.787	0.111
35.120	30.374	0.091
35.140	29.509	0.077
35.160	28.209	0.053
35.180	26.512	0.042
35.200	24.412	0.015
35.220	21.941	-0.003
35.240	19.132	-0.025
35.260	16.070	-0.043
35.280	12.740	-0.062
35.300	9.254	-0.084
35.320	5.624	-0.102
35.340	1.907	-0.121
35.360	-1.832	-0.131
35.380	-5.554	-0.151
35.400	-9.195	-0.155
35.420	-12.708	-0.172
35.440	-16.006	-0.174
35.460	-19.094	-0.181
35.480	-21.893	-0.176
35.500	-24.358	-0.182
35.520	-26.485	-0.175
35.540	-28.225	-0.175
35.560	-29.530	-0.161
35.580	-30.400	-0.158
35.600	-30.766	-0.138
35.620	-30.760	-0.133
35.640	-30.309	-0.112
35.660	-29.380	-0.099
35.680	-28.016	-0.079
35.700	-26.249	-0.060
35.720	-24.079	-0.042
35.740	-21.565	-0.017
35.760	-18.708	-0.000
35.780	-15.592	0.028
35.800	-12.257	0.035
35.820	-8.728	0.064
35.840	-5.043	0.074
35.860	-1.316	0.100
35.880	2.433	0.107
35.900	6.155	0.127
35.920	9.749	0.133
35.940	13.256	0.148
35.960	16.527	0.152
35.980	19.567	0.157
36.000	22.344	0.160
36.020	24.739	0.158
36.040	26.802	0.155
36.060	28.445	0.148
36.080	29.670	0.146
36.100	30.470	0.128
36.120	30.814	0.123
36.140	30.723	0.102
36.160	30.180	0.095
36.180	29.176	0.066
36.200	27.747	0.057
36.220	25.937	0.032
36.240	23.729	0.016
36.260	21.146	-0.009
36.280	18.251	-0.027
36.300	15.125	-0.050
36.320	11.741	-0.068
36.340	8.191	-0.087
36.360	4.528	-0.103
36.380	0.811	-0.120
36.400	-2.943	-0.136
36.420	-6.644	-0.141
36.440	-10.259	-0.163
36.460	-13.712	-0.160
36.480	-16.946	-0.181
36.500	-19.980	-0.167
36.520	-22.677	-0.184
36.540	-25.051	-0.167
36.560	-27.070	-0.178
36.580	-28.676	-0.161
36.600	-29.858	-0.159
36.620	-30.567	-0.141
36.640	-30.846	-0.135
36.660	-30.723	-0.121
36.680	-30.105	-0.100
36.700	-29.063	-0.089
36.720	-27.538	-0.068
36.740	-25.679	-0.054
36.760	-23.413	-0.025
36.780	-20.770	-0.011
36.800	-17.832	0.020
36.820	-14.652	0.032
36.840	-11.252	0.055
36.860	-7.686	0.069
36.880	-3.975	0.088
36.900	-0.247	0.102
36.920	3.513	0.124
36.940	7.203	0.136
36.960	10.791	0.148
36.980	14.233	0.157
37.000	17.440	0.157
37.020	20.416	0.165
37.040	23.096	0.165
37.060	25.378	0.168
37.080	27.328	0.154
37.100	28.843	0.156
37.120	29.955	0.141
37.140	30.615	0.140
37.160	30.830	0.116
37.180	30.615	0.111
37.200	29.922	0.088
37.220	28.805	0.074
37.240	27.258	0.051
37.260	25.325	0.040
37.280	22.988	0.016
37.300	20.308	0.001
37.320	17.359	-0.031
37.340	14.121	-0.050
37.360	10.694	-0.070
37.380	7.117	-0.087
37.400	3.421	-0.099
37.420	-0.306	-0.118
37.440	-4.050	-0.130
37.460	-7.745	-0.140
37.480	-11.312	-0.150
37.500	-14.711	-0.159
37.520	-17.886	-0.165
37.540	-20.834	-0.166
37.560	-23.434	-0.168
37.580	-25.706	-0.164
37.600	-27.602	-0.161
37.620	-29.079	-0.155
37.640	-30.137	-0.149
37.660	-30.712	-0.133
37.680	-30.846	-0.121
37.700	-30.583	-0.105
37.720	-29.874	-0.088
37.740	-28.698	-0.074
37.760	-27.065	-0.057
37.780	-25.056	-0.029
37.800	-22.677	-0.014
37.820	-19.959	0.016
37.840	-16.951	0.027
37.860	-13.696	0.050
37.880	-10.221	0.066
37.900	-6.596	0.087
37.920	-2.884	0.102
37.940	0.870	0.123
37.960	4.608	0.128
37.980	8.261	0.145
38.000	11.811	0.157
38.020	15.189	0.166
38.040	18.337	0.170
38.060	21.227	0.172
38.080	23.794	0.172
38.100	25.991	0.170
38.120	27.812	0.165
38.140	29.219	0.161
38.160	30.196	0.150
38.180	30.739	0.137
38.200	30.819	0.124
38.220	30.459	0.115
38.240	29.638	0.091
38.260	28.386	0.072
38.280	26.727	0.055
38.300	24.691	0.034
38.320	22.231	0.013
38.340	19.476	-0.009
38.360	16.441	-0.033
38.380	13.132	-0.046
38.400	9.663	-0.069
38.420	6.048	-0.083
38.440	2.326	-0.106
38.460	-1.407	-0.117
38.480	-5.129	-0.133
38.500	-8.787	-0.139
38.520	-12.316	-0.157
38.540	-15.651	-0.157
38.560	-18.772	-0.170
38.580	-21.613	-0.164
38.600	-24.105	-0.171
38.620	-26.270	-0.164
38.640	-28.059	-0.167
38.660	-29.417	-0.150
38.680	-30.325	-0.145
38.700	-30.776	-0.128
38.720	-30.825	-0.119
38.740	-30.400	-0.103
38.760	-29.536	-0.087
38.780	-28.225	-0.068
38.800	-26.474	-0.049
38.820	-24.369	-0.032
38.840	-21.882	-0.012
38.860	-19.067	0.008
38.880	-15.990	0.029
38.900	-12.681	0.048
38.920	-9.136	0.067
38.940	-5.484	0.088
38.960	-1.767	0.105
38.980	1.982	0.121
39.000	5.704	0.127
39.020	9.324	0.146
39.040	12.842	0.151
39.060	16.146	0.163
39.080	19.229	0.160
39.100	22.021	0.168
39.120	24.481	0.161
39.140	26.571	0.170
39.160	28.252	0.154
39.180	29.562	0.153
39.200	30.406	0.132
39.220	30.803	0.131
39.240	30.750	0.114
39.260	30.261	0.103
39.280	29.315	0.075
39.300	27.946	0.062
39.320	26.168	0.043
39.340	24.014	0.021
39.360	21.458	-0.002
39.380	18.616	-0.021
39.400	15.501	-0.041
39.420	12.133	-0.062
39.440	8.626	-0.079
39.460	4.979	-0.100
39.480	1.257	-0.114
39.500	-2.492	-0.130
39.520	-6.204	-0.141
39.540	-9.829	-0.158
39.560	-13.293	-0.166
39.580	-16.559	-0.171
39.600	-19.610	-0.175
39.620	-22.349	-0.175
39.640	-24.766	-0.178
39.660	-26.823	-0.170
39.680	-28.472	-0.173
39.700	-29.697	-0.155
39.720	-30.492	-0.152
39.740	-30.825	-0.130
39.760	-30.739	-0.124
39.780	-30.175	-0.105
39.800	-29.181	-0.091
39.820	-27.720	-0.071
39.840	-25.873	-0.054
39.860	-23.665	-0.031
39.880	-21.076	-0.015
39.900	-18.187	0.010
39.920	-15.023	0.030
39.940	-11.650	0.047
39.960	-8.078	0.065
39.980	-4.399	0.085
40.000	-0.671	0.103
40.020	3.104	0.116
40.040	6.794	0.127
40.060	10.382	0.140
40.080	13.857	0.145
40.100	17.075	0.152
40.120	20.088	0.158
40.140	22.790	0.161
40.160	25.131	0.161
40.180	27.119	0.153
40.200	28.687	0.145
40.220	29.847	0.139
40.240	30.562	0.126
40.260	30.830	0.117
40.280	30.658	0.104
40.300	30.019	0.085
40.320	28.966	0.066
40.340	27.468	0.050
40.360	25.583	0.029
40.380	23.294	0.008
40.400	20.657	-0.013
40.420	17.730	-0.034
40.440	14.540	-0.054
40.460	11.134	-0.070
40.480	7.562	-0.092
40.500	3.883	-0.111
40.520	0.172	-0.127
40.540	-3.583	-0.141
40.560	-7.262	-0.155
40.580	-10.882	-0.164
40.600	-14.282	-0.170
40.620	-17.494	-0.177
40.640	-20.464	-0.179
40.660	-23.085	-0.181
40.680	-25.416	-0.178
40.700	-27.350	-0.177
40.720	-28.886	-0.170
40.740	-29.981	-0.161
40.760	-30.615	-0.149
40.780	-30.835	-0.134
40.800	-30.615	-0.121
40.820	-29.933	-0.105
40.840	-28.800	-0.087
40.860	-27.221	-0.069
40.880	-25.266	-0.048
40.900	-22.945	-0.029
40.920	-20.265	-0.008
40.940	-17.284	0.010
40.960	-14.045	0.033
40.980	-10.613	0.053
41.000	-7.015	0.069
41.020	-3.303	0.089
41.040	0.457	0.107
41.060	4.189	0.120
41.080	7.853	0.132
41.100	11.414	0.146
41.120	14.813	0.150
41.140	17.988	0.159
41.160	20.910	0.162
41.180	23.525	0.163
41.200	25.760	0.163
41.220	27.613	0.155
41.240	29.074	0.146
41.260	30.110	0.139
41.280	30.690	0.129
41.300	30.825	0.114
41.320	30.524	0.105
41.340	29.745	0.086
41.360	28.569	0.064
41.380	26.941	0.049
41.400	24.949	0.025
41.420	22.537	0.007
41.440	19.809	-0.013
41.460	16.812	-0.038
41.480	13.535	-0.058
41.500	10.076	-0.075
41.520	6.483	-0.091
41.540	2.788	-0.112
41.560	-0.961	-0.124
41.580	-4.694	-0.142
41.600	-8.363	-0.147
41.620	-11.918	-0.162
41.640	-15.281	-0.163
41.660	-18.423	-0.175
41.680	-21.296	-0.168
41.700	-23.842	-0.180
41.720	-26.061	-0.165
41.740	-27.887	-0.170
41.760	-29.299	-0.156
41.780	-30.271	-0.150
41.800	-30.760	-0.135
41.820	-30.841	-0.126
41.840	-30.497	-0.112
41.860	-29.686	-0.090
41.880	-28.424	-0.076
41.900	-26.737	-0.061
41.920	-24.669	-0.038
41.940	-22.226	-0.015
41.960	-19.465	0.005
41.980	-16.403	0.028
42.000	-13.095	0.043
42.020	-9.593	0.065
42.040	-5.951	0.086
42.060	-2.240	0.100
42.080	1.515	0.116
42.100	5.253	0.132
42.120	8.889	0.146
42.140	12.445	0.154
42.160	15.759	0.165
42.180	18.863	0.165
42.200	21.710	0.170
42.220	24.202	0.167
42.240	26.340	0.172
42.260	28.080	0.159
42.280	29.423	0.157
42.300	30.331	0.144
42.320	30.771	0.138
42.340	30.776	0.116
42.360	30.352	0.107
42.380	29.444	0.087
42.400	28.134	0.069
42.420	26.388	0.051
42.440	24.277	0.031
42.460	21.764	0.013
42.480	18.965	-0.012
42.500	15.872	-0.032
42.520	12.520	-0.058
42.540	9.023	-0.071
42.560	5.398	-0.092
42.580	1.676	-0.109
42.600	-2.073	-0.122
42.620	-5.795	-0.134
42.640	-9.442	-0.146
42.660	-12.934	-0.156
42.680	-16.231	-0.159
42.700	-19.309	-0.165
42.720	-22.086	-0.162
42.740	-24.546	-0.168
42.760	-26.635	-0.160
42.780	-28.354	-0.160
42.800	-29.627	-0.146
42.820	-30.481	-0.146
42.840	-30.825	-0.125
42.860	-30.809	-0.119
42.880	-30.298	-0.097
42.900	-29.353	-0.083
42.920	-27.973	-0.066
42.940	-26.152	-0.045
42.960	-23.982	-0.025
42.980	-21.436	-0.005
43.000	-18.552	0.020
43.020	-15.431	0.039
43.040	-12.080	0.057
43.060	-8.540	0.075
43.080	-4.855	0.098
43.100	-1.123	0.116
43.120	2.637	0.127
43.140	6.349	0.136
43.160	9.958	0.152
43.180	13.438	0.161
43.200	16.709	0.169
43.220	19.739	0.171
43.240	22.478	0.175
43.260	24.874	0.172
43.280	26.888	0.170
43.300	28.526	0.164
43.320	29.734	0.155
43.340	30.508	0.140
43.360	30.830	0.131
43.380	30.712	0.116
43.400	30.132	0.105
43.420	29.106	0.082
43.440	27.656	0.064
43.460	25.819	0.044
43.480	23.579	0.021
43.500	20.979	0.000
43.520	18.095	-0.022
43.540	14.916	-0.036
43.560	11.542	-0.055
43.580	7.976	-0.075
43.600	4.318	-0.097
43.620	0.591	-0.109
43.640	-3.153	-0.133
43.660	-6.848	-0.138
43.680	-10.479	-0.154
43.700	-13.900	-0.159
43.720	-17.134	-0.166
43.740	-20.125	-0.168
43.760	-22.800	-0.170
43.780	-25.164	-0.167
43.800	-27.162	-0.162
43.820	-28.746	-0.162
43.840	-29.879	-0.146
43.860	-30.588	-0.145
43.880	-30.852	-0.127
43.900	-30.674	-0.114
43.920	-30.041	-0.096
43.940	-28.961	-0.078
43.960	-27.452	-0.066
43.980	-25.534	-0.041
44.000	-23.241	-0.025
44.020	-20.598	-0.002
44.040	-17.655	0.014
44.060	-14.443	0.037
44.080	-11.027	0.056
44.100	-7.444	0.076
44.120	-3.744	0.092
44.140	-0.005	0.110
44.160	3.754	0.125
44.180	7.417	0.138
44.200	11.016	0.148
44.220	14.427	0.157
44.240	17.628	0.162
44.260	20.577	0.161
44.280	23.225	0.164
44.300	25.513	0.165
44.320	27.409	0.160
44.340	28.918	0.154
44.360	30.014	0.146
44.380	30.642	0.132
44.400	30.835	0.121
44.420	30.588	0.106
44.440	29.869	0.086
44.460	28.730	0.067
44.480	27.146	0.049
44.500	25.201	0.033
44.520	22.854	0.008
44.540	20.163	-0.008
44.560	17.193	-0.037
44.580	13.938	-0.048
44.600	10.506	-0.080
44.620	6.934	-0.081
44.640	3.239	-0.120
44.660	-0.505	-0.116
44.680	-4.238	-0.146
44.700	-7.922	-0.147
44.720	-11.478	-0.167
44.740	-14.851	-0.167
44.760	-18.036	-0.179
44.780	-20.937	-0.175
44.800	-23.531	-0.179
44.820	-25.776	-0.175
44.840	-27.640	-0.170
44.860	-29.117	-0.170
44.880	-30.126	-0.151
44.900	-30.674	-0.151
44.920	-30.841	-0.133
44.940	-30.513	-0.124
44.960	-29.767	-0.098
44.980	-28.563	-0.090
45.000	-26.915	-0.067
45.020	-24.874	-0.046
45.040	-22.478	-0.028
45.060	-19.755	-0.005
45.080	-16.726	0.014
45.100	-13.465	0.037
45.120	-9.985	0.052
45.140	-6.349	0.078
45.160	-2.653	0.087
45.180	1.117	0.113
45.200	4.839	0.118
45.220	8.492	0.137
45.240	12.042	0.140
45.260	15.383	0.155
45.280	18.530	0.152
45.300	21.388	0.161
45.320	23.928	0.159
45.340	26.109	0.160
45.360	27.897	0.151
45.380	29.283	0.145
45.400	30.239	0.132
45.420	30.744	0.127
45.440	30.803	0.109
45.460	30.417	0.098
45.480	29.579	0.077
45.500	28.311	0.058
45.520	26.608	0.044
45.540	24.562	0.019
45.560	22.086	-0.001
45.580	19.320	-0.021
45.600	16.264	-0.044
45.620	12.950	-0.059
45.640	9.469	-0.087
45.660	5.849	-0.096
45.680	2.138	-0.125
45.700	-1.611	-0.127
45.720	-5.323	-0.154
45.740	-8.986	-0.151
45.760	-12.499	-0.173
45.780	-15.796	-0.166
45.800	-18.933	-0.183
45.820	-21.748	-0.175
45.840	-24.224	-0.183
45.860	-26.367	-0.175
45.880	-28.134	-0.172
45.900	-29.460	-0.163
45.920	-30.368	-0.154
45.940	-30.760	-0.146
45.960	-30.792	-0.127
45.980	-30.341	-0.117
46.000	-29.471	-0.092
46.020	-28.128	-0.083
46.040	-26.367	-0.058
46.060	-24.240	-0.038
46.080	-21.737	-0.019
46.100	-18.912	0.008
46.120	-15.796	0.024
46.140	-12.488	0.045
46.160	-8.948	0.061
46.180	-5.285	0.087
46.200	-1.552	0.099
46.220	2.197	0.118
46.240	5.908	0.128
46.260	9.539	0.143
46.280	13.036	0.149
46.300	16.339	0.162
46.320	19.384	0.161
46.340	22.161	0.168
46.360	24.605	0.162
46.380	26.673	0.161
46.400	28.343	0.153
46.420	29.616	0.150
46.440	30.438	0.137
46.460	30.809	0.131
46.480	30.733	0.108
46.500	30.207	0.099
46.520	29.251	0.073
46.540	27.844	0.062
46.560	26.050	0.039
46.580	23.853	0.023
46.600	21.291	-0.000
46.620	18.439	-0.015
46.640	15.302	-0.045
46.660	11.935	-0.060
46.680	8.406	-0.083
46.700	4.743	-0.094
46.720	1.026	-0.118
46.740	-2.734	-0.127
46.760	-6.424	-0.144
46.780	-10.076	-0.151
46.800	-13.535	-0.166
46.820	-16.795	-0.165
46.840	-19.830	-0.174
46.860	-22.537	-0.174
46.880	-24.943	-0.170
46.900	-26.968	-0.165
46.920	-28.617	-0.165
46.940	-29.815	-0.150
46.960	-30.578	-0.146
46.980	-30.857	-0.131
47.000	-30.760	-0.115
47.020	-30.175	-0.103
47.040	-29.144	-0.082
47.060	-27.693	-0.071
47.080	-25.824	-0.042
47.100	-23.563	-0.027
47.120	-20.974	0.003
47.140	-18.047	0.020
47.160	-14.867	0.040
47.180	-11.483	0.057
47.200	-7.890	0.075
47.220	-4.216	0.095
47.240	-0.467	0.114
47.260	3.282	0.127
47.280	6.977	0.139
47.300	10.565	0.157
47.320	14.013	0.161
47.340	17.247	0.172
47.360	20.228	0.165
47.380	22.924	0.175
47.400	25.250	0.167
47.420	27.210	0.168
47.440	28.762	0.160
47.460	29.890	0.156
47.480	30.594	0.141
47.500	30.825	0.130
47.520	30.637	0.112
47.540	29.965	0.102
47.560	28.880	0.080
47.580	27.344	0.062
47.600	25.459	0.045
47.620	23.133	0.020
47.640	20.485	0.005
47.660	17.537	-0.026
47.680	14.330	-0.032
47.700	10.909	-0.070
47.720	7.332	-0.069
47.740	3.658	-0.102
47.760	-0.086	-0.106
47.780	-3.819	-0.137
47.800	-7.514	-0.129
47.820	-11.107	-0.158
47.840	-14.491	-0.153
47.860	-17.692	-0.169
47.880	-20.657	-0.164
47.900	-23.257	-0.169
47.920	-25.566	-0.163
47.940	-27.473	-0.163
47.960	-28.993	-0.156
47.980	-30.073	-0.144
48.000	-30.664	-0.136
48.020	-30.868	-0.119
48.040	-30.615	-0.112
48.060	-29.912	-0.088
48.080	-28.757	-0.077
48.100	-27.151	-0.051
48.120	-25.180	-0.038
48.140	-22.800	-0.013
48.160	-20.125	0.003
48.180	-17.112	0.023
48.200	-13.884	0.046
48.220	-10.415	0.063
48.240	-6.805	0.089
48.260	-3.099	0.098
48.280	0.645	0.125
48.300	4.399	0.125
48.320	8.051	0.149
48.340	11.618	0.152
48.360	15.001	0.171
48.380	18.154	0.166
48.400	21.071	0.176
48.420	23.644	0.165
48.440	25.862	0.174
48.460	27.715	0.160
48.480	29.149	0.162
48.500	30.137	0.142
48.520	30.712	0.141
48.540	30.830	0.120
48.560	30.497	0.114
48.580	29.702	0.089
48.600	28.478	0.071
48.620	26.823	0.053
48.640	24.825	0.031
48.660	22.408	0.013
48.680	19.658	-0.009
48.700	16.634	-0.029
48.720	13.353	-0.047
48.740	9.883	-0.070
48.760	6.279	-0.087
48.780	2.567	-0.108
48.800	-1.171	-0.120
48.820	-4.888	-0.137
48.840	-8.572	-0.146
48.860	-12.085	-0.162
48.880	-15.437	-0.162
48.900	-18.568	-0.175
48.920	-21.436	-0.169
48.940	-23.955	-0.175
48.960	-26.146	-0.168
48.980	-27.951	-0.171
49.000	-29.321	-0.151
49.020	-30.277	-0.154
49.040	-30.750	-0.134
49.060	-30.830	-0.132
49.080	-30.417	-0.109
49.100	-29.605	-0.095
49.120	-28.311	-0.075
49.140	-26.592	-0.058
49.160	-24.498	-0.035
49.180	-22.038	-0.021
49.200	-19.250	0.007
49.220	-16.167	0.026
49.240	-12.896	0.045
49.260	-9.356	0.062
49.280	-5.715	0.084
49.300	-1.993	0.100
49.320	1.762	0.114
49.340	5.484	0.127
49.360	9.120	0.137
49.380	12.638	0.149
49.400	15.968	0.158
49.420	19.035	0.157
49.440	21.866	0.162
49.460	24.336	0.161
49.480	26.458	0.163
49.500	28.177	0.152
49.520	29.493	0.150
49.540	30.368	0.132
49.560	30.792	0.127
49.580	30.771	0.107
49.600	30.309	0.097
49.620	29.375	0.072
49.640	28.026	0.058
49.660	26.286	0.037
49.680	24.148	0.018
49.700	21.619	-0.003
49.720	18.799	-0.023
49.740	15.705	-0.047
49.760	12.327	-0.064
49.780	8.846	-0.086
49.800	5.205	-0.103
49.820	1.488	-0.122
49.840	-2.256	-0.134
49.860	-5.983	-0.148
49.880	-9.625	-0.160
49.900	-13.095	-0.169
49.920	-16.382	-0.175
49.940	-19.427	-0.176
49.960	-22.199	-0.179
49.980	-24.637	-0.176
50.000	-26.710	-0.176
50.020	-28.397	-0.172
50.040	-29.638	-0.164
50.060	-30.449	-0.155
50.080	-30.814	-0.143
50.100	-30.739	-0.127
50.120	-30.218	-0.112
50.140	-29.251	-0.091
50.160	-27.844	-0.079
50.180	-26.007	-0.057
50.200	-23.815	-0.036
50.220	-21.248	-0.016
50.240	-18.364	0.005
50.260	-15.216	0.026
50.280	-11.870	0.045
50.300	-8.298	0.062
50.320	-4.630	0.080
50.340	-0.870	0.100
50.360	2.868	0.116
50.380	6.563	0.128
50.400	10.157	0.141
50.420	13.637	0.150
50.440	16.897	0.157
50.460	19.895	0.158
50.480	22.645	0.162
50.500	24.986	0.159
50.520	27.006	0.155
50.540	28.601	0.149
50.560	29.804	0.141
50.580	30.540	0.131
50.600	30.825	0.116
50.620	30.685	0.105
50.640	30.083	0.086
50.660	29.036	0.070
50.680	27.548	0.049
50.700	25.706	0.038
50.720	23.429	0.008
50.740	20.829	-0.006
50.760	17.913	-0.031
50.780	14.744	-0.046
50.800	11.338	-0.071
50.820	7.783	-0.085
50.840	4.104	-0.108
50.860	0.392	-0.125
50.880	-3.362	-0.137
50.900	-7.058	-0.152
50.920	-10.656	-0.159
50.940	-14.083	-0.170
50.960	-17.316	-0.176
50.980	-20.292	-0.179
51.000	-22.972	-0.177
51.020	-25.282	-0.179
51.040	-27.248	-0.172
51.060	-28.827	-0.168
51.080	-29.949	-0.156
51.100	-30.615	-0.148
51.120	-30.852	-0.135
51.140	-30.653	-0.120
51.160	-30.019	-0.104
51.180	-28.907	-0.085
51.200	-27.366	-0.071
51.220	-25.432	-0.046
51.240	-23.096	-0.027
51.260	-20.469	0.000
51.280	-17.478	0.012
51.300	-14.276	0.037
51.320	-10.839	0.054
51.340	-7.246	0.078
51.360	-3.545	0.093
51.380	0.204	0.107
51.400	3.942	0.122
51.420	7.622	0.138
51.440	11.193	0.145
51.460	14.609	0.157
51.480	17.800	0.161
51.500	20.732	0.166
51.520	23.370	0.163
51.540	25.625	0.166
51.560	27.516	0.161
51.580	28.993	0.156
51.600	30.051	0.148
51.620	30.680	0.137
51.640	30.841	0.118
51.660	30.551	0.106
51.680	29.810	0.087
51.700	28.644	0.070
51.720	27.060	0.054
51.740	25.078	0.033
51.760	22.687	0.012
51.780	19.986	-0.002
51.800	16.994	-0.030
51.820	13.739	-0.050
51.840	10.296	-0.073
51.860	6.698	-0.083
51.880	3.019	-0.108
51.900	-0.741	-0.117
51.920	-4.479	-0.137
51.940	-8.159	-0.141
51.960	-11.704	-0.156
51.980	-15.082	-0.163
52.000	-18.246	-0.169
52.020	-21.151	-0.166
52.040	-23.703	-0.169
52.060	-25.937	-0.166
52.080	-27.801	-0.164
52.100	-29.240	-0.154
52.120	-30.245	-0.146
52.140	-30.744	-0.138
52.160	-30.852	-0.122
52.180	-30.524	-0.104
52.200	-29.750	-0.091
52.220	-28.526	-0.074
52.240	-26.845	-0.054
52.260	-24.804	-0.032
52.280	-22.387	-0.010
52.300	-19.626	0.012
52.320	-16.570	0.030
52.340	-13.315	0.054
52.360	-9.802	0.068
52.380	-6.182	0.090
52.400	-2.444	0.108
52.420	1.300	0.125
52.440	5.027	0.131
52.460	8.680	0.149
52.480	12.214	0.157
52.500	15.571	0.165
52.520	18.665	0.169
52.540	21.549	0.176
52.560	24.068	0.172
52.580	26.232	0.174
52.600	28.000	0.165
52.620	29.353	0.161
52.640	30.288	0.149
52.660	30.776	0.141
52.680	30.787	0.122
52.700	30.390	0.116
52.720	29.520	0.089
52.740	28.209	0.072
52.760	26.512	0.053
52.780	24.422	0.035
52.800	21.941	0.013
52.820	19.143	-0.007
52.840	16.076	-0.026
52.860	12.756	-0.046
52.880	9.249	-0.067
52.900	5.629	-0.084
52.920	1.907	-0.104
52.940	-1.842	-0.118
52.960	-5.548	-0.130
52.980	-9.206	-0.146
53.000	-12.692	-0.154
53.020	-16.017	-0.163
53.040	-19.121	-0.164
53.060	-21.914	-0.167
53.080	-24.374	-0.165
53.100	-26.501	-0.165
53.120	-28.236	-0.162
53.140	-29.541	-0.151
53.160	-30.400	-0.142
53.180	-30.819	-0.132
53.200	-30.787	-0.119
53.220	-30.320	-0.098
53.240	-29.417	-0.085
53.260	-28.053	-0.061
53.280	-26.270	-0.048
53.300	-24.100	-0.024
53.320	-21.581	-0.009
53.340	-18.724	0.017
53.360	-15.603	0.033
53.380	-12.278	0.054
53.400	-8.733	0.074
53.420	-5.070	0.090
53.440	-1.327	0.109
53.460	2.412	0.124
53.480	6.128	0.136
53.500	9.738	0.148
53.520	13.245	0.157
53.540	16.521	0.165
53.560	19.556	0.172
53.580	22.344	0.171
53.600	24.745	0.173
53.620	26.796	0.163
53.640	28.424	0.160
53.660	29.670	0.149
53.680	30.470	0.136
53.700	30.809	0.128
53.720	30.723	0.116
53.740	30.175	0.099
53.760	29.176	0.079
53.780	27.752	0.062
53.800	25.948	0.045
53.820	23.729	0.024
53.840	21.146	-0.002
53.860	18.256	-0.019
53.880	15.130	-0.040
53.900	11.747	-0.058
53.920	8.212	-0.079
53.940	4.549	-0.096
53.960	0.833	-0.116
53.980	-2.922	-0.131
54.000	-6.617	-0.144
54.020	-10.243	-0.155
54.040	-13.696	-0.163
54.060	-16.924	-0.171
54.080	-19.943	-0.173
54.100	-22.661	-0.178
54.120	-25.019	-0.171
54.140	-27.038	-0.173
54.160	-28.639	-0.164
54.180	-29.826	-0.158
54.200	-30.535	-0.148
54.220	-30.841	-0.136
54.240	-30.674	-0.121
54.260	-30.089	-0.108
54.280	-29.036	-0.090
54.300	-27.532	-0.071
54.320	-25.642	-0.048
54.340	-23.375	-0.030
54.360	-20.775	-0.009
54.380	-17.832	0.014
54.400	-14.636	0.033
54.420	-11.242	0.050
54.440	-7.665	0.070
54.460	-3.969	0.087
54.480	-0.215	0.103
54.500	3.523	0.119
54.520	7.219	0.132
54.540	10.785	0.141
54.560	14.228	0.154
54.580	17.445	0.157
54.600	20.399	0.161
54.620	23.096	0.161
54.640	25.368	0.157
54.660	27.323	0.156
54.680	28.848	0.148
54.700	29.955	0.138
54.720	30.621	0.129
54.740	30.841	0.115
54.760	30.615	0.100
54.780	29.928	0.085
54.800	28.816	0.066
54.820	27.269	0.047
54.840	25.335	0.028
54.860	22.988	0.007
54.880	20.330	-0.013
54.900	17.386	-0.035
54.920	14.158	-0.053
54.940	10.721	-0.075
54.960	7.154	-0.089
54.980	3.459	-0.114
55.000	-0.258	-0.129
55.020	-4.023	-0.146
55.040	-7.702	-0.150
55.060	-11.274	-0.168
55.080	-14.658	-0.169
55.100	-17.843	-0.185
55.120	-20.786	-0.175
55.140	-23.375	-0.187
55.160	-25.652	-0.175
55.180	-27.527	-0.179
55.200	-29.047	-0.162
55.220	-30.089	-0.162
55.240	-30.653	-0.150
55.260	-30.841	-0.137
55.280	-30.545	-0.123
55.300	-29.836	-0.101
55.320	-28.644	-0.090
55.340	-27.033	-0.066
55.360	-25.008	-0.050
55.380	-22.645	-0.025
55.400	-19.943	-0.004
55.420	-16.919	0.014
55.440	-13.675	0.037
55.460	-10.200	0.050
55.480	-6.585	0.076
55.500	-2.874	0.090
55.520	0.870	0.110
55.540	4.619	0.118
55.560	8.271	0.136
55.580	11.811	0.142
55.600	15.189	0.154
55.620	18.332	0.155
55.640	21.232	0.166
55.660	23.794	0.157
55.680	25.996	0.163
55.700	27.812	0.154
55.720	29.219	0.149
55.740	30.191	0.136
55.760	30.733	0.127
55.780	30.825	0.114
55.800	30.465	0.102
55.820	29.643	0.081
55.840	28.397	0.062
55.860	26.737	0.049
55.880	24.696	0.025
55.900	22.247	0.009
55.920	19.486	-0.018
55.940	16.457	-0.035
55.960	13.154	-0.060
55.980	9.673	-0.074
56.000	6.069	-0.100
56.020	2.358	-0.110
56.040	-1.396	-0.129
56.060	-5.108	-0.143
56.080	-8.782	-0.148
56.100	-12.311	-0.165
56.120	-15.635	-0.166
56.140	-18.767	-0.179
56.160	-21.597	-0.169
56.180	-24.122	-0.182
56.200	-26.281	-0.158
56.220	-28.053	-0.179
56.240	-29.412	-0.151
56.260	-30.325	-0.160
56.280	-30.776	-0.137
56.300	-30.830	-0.129
56.320	-30.427	-0.108
56.340	-29.552	-0.094
56.360	-28.241	-0.078
56.380	-26.522	-0.055
56.400	-24.396	-0.038
56.420	-21.925	-0.009
56.440	-19.116	0.005
56.460	-16.011	0.032
56.480	-12.697	0.048
56.500	-9.190	0.069
56.520	-5.516	0.086
56.540	-1.794	0.103
56.560	1.955	0.114
56.580	5.677	0.132
56.600	9.313	0.145
56.620	12.826	0.155
56.640	16.129	0.163
56.660	19.202	0.165
56.680	22.016	0.173
56.700	24.460	0.169
56.720	26.571	0.170
56.740	28.252	0.161
56.760	29.546	0.154
56.780	30.400	0.142
56.800	30.798	0.136
56.820	30.755	0.111
56.840	30.261	0.107
56.860	29.315	0.084
56.880	27.951	0.067
56.900	26.173	0.048
56.920	24.014	0.028
56.940	21.474	0.007
56.960	18.611	-0.012
56.980	15.512	-0.036
57.000	12.128	-0.058
57.020	8.604	-0.073
57.040	4.963	-0.090
57.060	1.246	-0.111
57.080	-2.498	-0.121
57.100	-6.214	-0.136
57.120	-9.851	-0.144
57.140	-13.326	-0.160
57.160	-16.597	-0.158
57.180	-19.637	-0.166
57.200	-22.381	-0.163
57.220	-24.820	-0.166
57.240	-26.861	-0.162
57.260	-28.521	-0.161
57.280	-29.740	-0.144
57.300	-30.535	-0.144
57.320	-30.841	-0.129
57.340	-30.750	-0.114
57.360	-30.218	-0.100
57.380	-29.219	-0.080
57.400	-27.795	-0.065
57.420	-25.937	-0.042
57.440	-23.708	-0.021
57.460	-21.130	0.002
57.480	-18.219	0.023
57.500	-15.066	0.041
57.520	-11.671	0.060
57.540	-8.105	0.080
57.560	-4.431	0.102
57.580	-0.687	0.116
57.600	3.062	0.128
57.620	6.762	0.141
57.640	10.355	0.159
57.660	13.831	0.161
57.680	17.059	0.174
57.700	20.066	0.169
57.720	22.790	0.178
57.740	25.121	0.170
57.760	27.097	0.171
57.780	28.676	0.164
57.800	29.853	0.157
57.820	30.567	0.143
57.840	30.830	0.129
57.860	30.664	0.119
57.880	30.019	0.103
57.900	28.966	0.082
57.920	27.473	0.064
57.940	25.583	0.046
57.960	23.300	0.021
57.980	20.668	0.007
58.000	17.735	-0.022
58.020	14.540	-0.034
58.040	11.140	-0.061
58.060	7.568	-0.071
58.080	3.883	-0.097
58.100	0.161	-0.111
58.120	-3.593	-0.128
58.140	-7.278	-0.138
58.160	-10.882	-0.152
58.180	-14.266	-0.162
58.200	-17.499	-0.163
58.220	-20.469	-0.170
58.240	-23.096	-0.166
58.260	-25.421	-0.170
58.280	-27.344	-0.162
58.300	-28.896	-0.158
58.320	-29.992	-0.146
58.340	-30.626	-0.138
58.360	-30.868	-0.125
58.380	-30.626	-0.116
58.400	-29.949	-0.095
58.420	-28.811	-0.080
58.440	-27.237	-0.055
58.460	-25.271	-0.038
58.480	-22.951	-0.020
58.500	-20.281	0.000
58.520	-17.284	0.022
58.540	-14.067	0.045
58.560	-10.624	0.060
58.580	-7.036	0.081
58.600	-3.319	0.095
58.620	0.419	0.116
58.640	4.184	0.128
58.660	7.842	0.144
58.680	11.408	0.153
58.700	14.813	0.161
58.720	17.972	0.165
58.740	20.894	0.169
58.760	23.509	0.169
58.780	25.749	0.170
58.800	27.602	0.163
58.820	29.074	0.157
58.840	30.105	0.143
58.860	30.690	0.132
58.880	30.825	0.121
58.900	30.519	0.103
58.920	29.750	0.088
58.940	28.569	0.063
58.960	26.941	0.050
58.980	24.954	0.030
59.000	22.548	0.012
59.020	19.819	-0.011
59.040	16.833	-0.031
59.060	13.557	-0.049
59.080	10.108	-0.072
59.100	6.510	-0.088
59.120	2.809	-0.107
59.140	-0.935	-0.121
59.160	-4.657	-0.139
59.180	-8.336	-0.150
59.200	-11.881	-0.161
59.220	-15.232	-0.168
59.240	-18.380	-0.174
59.260	-21.275	-0.174
59.280	-23.805	-0.177
59.300	-26.012	-0.173
59.320	-27.838	-0.172
59.340	-29.262	-0.160
59.360	-30.229	-0.158
59.380	-30.712	-0.138
59.400	-30.814	-0.133
59.420	-30.438	-0.118
59.440	-29.643	-0.094
59.460	-28.392	-0.085
59.480	-26.694	-0.062
59.500	-24.632	-0.045
59.520	-22.188	-0.021
59.540	-19.417	-0.004
59.560	-16.344	0.020
59.580	-13.079	0.035
59.600	-9.577	0.060
59.620	-5.935	0.074
59.640	-2.208	0.094
59.660	1.547	0.108
59.680	5.258	0.123
59.700	8.895	0.136
59.720	12.429	0.145
59.740	15.764	0.156
59.760	18.863	0.157
59.780	21.705	0.163
59.800	24.208	0.157
59.820	26.340	0.158
59.840	28.075	0.153
59.860	29.428	0.148
59.880	30.325	0.133
59.900	30.771	0.127
59.920	30.787	0.104
59.940	30.352	0.095
59.960	29.450	0.074
59.980	28.139	0.056
60.000	26.394	0.038
60.020	24.288	0.017
60.040	21.791	-0.000
60.060	18.992	-0.025
60.080	15.888	-0.043
60.100	12.568	-0.067
60.120	9.061	-0.080
60.140	5.425	-0.103
60.160	1.724	-0.116
60.180	-2.030	-0.135
60.200	-5.752	-0.144
60.220	-9.389	-0.162
60.240	-12.891	-0.166
60.260	-16.172	-0.176
60.280	-19.255	-0.175
60.300	-22.038	-0.182
60.320	-24.492	-0.179
60.340	-26.587	-0.175
60.360	-28.295	-0.173
60.380	-29.573	-0.161
60.400	-30.417	-0.154
60.420	-30.792	-0.141
60.440	-30.760	-0.129
60.460	-30.266	-0.112
60.480	-29.326	-0.094
60.500	-27.946	-0.079
60.520	-26.136	-0.058
60.540	-23.950	-0.034
60.560	-21.420	-0.016
60.580	-18.541	0.008
60.600	-15.415	0.032
60.620	-12.063	0.045
60.640	-8.524	0.066
60.660	-4.834	0.084
60.680	-1.123	0.105
60.700	2.637	0.115
60.720	6.338	0.134
60.740	9.947	0.141
60.760	13.433	0.153
60.780	16.699	0.154
60.800	19.733	0.164
60.820	22.478	0.165
60.840	24.863	0.165
60.860	26.877	0.157
60.880	28.521	0.156
60.900	29.734	0.146
60.920	30.508	0.141
60.940	30.830	0.121
60.960	30.707	0.110
60.980	30.137	0.096
61.000	29.106	0.079
61.020	27.656	0.058
61.040	25.824	0.037
61.060	23.601	0.017
61.080	20.985	-0.002
61.100	18.095	-0.024
61.120	14.932	-0.045
61.140	11.542	-0.064
61.160	7.992	-0.079
61.180	4.334	-0.103
61.200	0.602	-0.116
61.220	-3.153	-0.129
61.240	-6.859	-0.142
61.260	-10.468	-0.154
61.280	-13.906	-0.164
61.300	-17.139	-0.172
61.320	-20.147	-0.171
61.340	-22.816	-0.175
61.360	-25.185	-0.171
61.380	-27.183	-0.169
61.400	-28.751	-0.163
61.420	-29.917	-0.157
61.440	-30.615	-0.142
61.460	-30.852	-0.136
61.480	-30.701	-0.120
61.500	-30.094	-0.104
61.520	-29.015	-0.084
61.540	-27.484	-0.072
61.560	-25.561	-0.042
61.580	-23.289	-0.025
61.600	-20.652	-0.000
61.620	-17.687	0.020
61.640	-14.486	0.041
61.660	-11.070	0.055
61.680	-7.482	0.079
61.700	-3.787	0.098
61.720	-0.038	0.116
61.740	3.733	0.127
61.760	7.396	0.141
61.780	10.979	0.153
61.800	14.400	0.161
61.820	17.606	0.167
61.840	20.566	0.171
61.860	23.219	0.172
61.880	25.502	0.170
61.900	27.409	0.169
61.920	28.918	0.162
61.940	30.008	0.151
61.960	30.653	0.141
61.980	30.825	0.128
62.000	30.588	0.117
62.020	29.874	0.096
62.040	28.725	0.081
62.060	27.146	0.056
62.080	25.207	0.045
62.100	22.854	0.018
62.120	20.158	0.005
62.140	17.187	-0.025
62.160	13.927	-0.035
62.180	10.506	-0.065
62.200	6.918	-0.072
62.220	3.223	-0.100
62.240	-0.505	-0.108
62.260	-4.249	-0.130
62.280	-7.938	-0.133
62.300	-11.489	-0.151
62.320	-14.867	-0.157
62.340	-18.058	-0.162
62.360	-20.969	-0.166
62.380	-23.563	-0.165
62.400	-25.792	-0.162
62.420	-27.667	-0.158
62.440	-29.144	-0.150
62.460	-30.159	-0.144
62.480	-30.712	-0.136
62.500	-30.862	-0.120
62.520	-30.540	-0.105
62.540	-29.793	-0.090
62.560	-28.596	-0.072
62.580	-26.958	-0.051
62.600	-24.922	-0.029
62.620	-22.521	-0.013
62.640	-19.782	0.015
62.660	-16.752	0.028
62.680	-13.492	0.054
62.700	-10.017	0.066
62.720	-6.386	0.091
62.740	-2.675	0.111
62.760	1.096	0.124
62.780	4.812	0.131
62.800	8.459	0.150
62.820	12.026	0.158
62.840	15.372	0.172
62.860	18.509	0.169
62.880	21.382	0.176
62.900	23.923	0.172
62.920	26.104	0.174
62.940	27.897	0.165
62.960	29.283	0.159
62.980	30.245	0.147
63.000	30.744	0.137
63.020	30.809	0.123
63.040	30.422	0.114
63.060	29.579	0.088
63.080	28.316	0.074
63.100	26.614	0.051
63.120	24.567	0.040
63.140	22.091	0.010
63.160	19.314	-0.008
63.180	16.269	-0.029
63.200	12.971	-0.042
63.220	9.475	-0.074
63.240	5.854	-0.085
63.260	2.148	-0.109
63.280	-1.595	-0.117
63.300	-5.307	-0.137
63.320	-8.975	-0.140
63.340	-12.482	-0.162
63.360	-15.802	-0.161
63.380	-18.922	-0.169
63.400	-21.731	-0.167
63.420	-24.224	-0.170
63.440	-26.367	-0.168
63.460	-28.139	-0.165
63.480	-29.466	-0.154
63.500	-30.357	-0.150
63.520	-30.787	-0.136
63.540	-30.792	-0.123
63.560	-30.352	-0.108
63.580	-29.466	-0.090
63.600	-28.123	-0.075
63.620	-26.372	-0.048
63.640	-24.229	-0.031
63.660	-21.726	-0.011
63.680	-18.901	0.010
63.700	-15.791	0.031
63.720	-12.482	0.048
63.740	-8.959	0.067
63.760	-5.296	0.087
63.780	-1.552	0.106
63.800	2.197	0.121
63.820	5.908	0.131
63.840	9.523	0.147
63.860	13.036	0.151
63.880	16.333	0.161
63.900	19.374	0.166
63.920	22.172	0.170
63.940	24.605	0.165
63.960	26.673	0.168
63.980	28.343	0.155
64.000	29.605	0.151
64.020	30.443	0.136
64.040	30.803	0.128
64.060	30.733	0.111
64.080	30.212	0.096
64.100	29.256	0.076
64.120	27.849	0.057
64.140	26.066	0.040
64.160	23.875	0.018
64.180	21.312	-0.003
64.200	18.455	-0.021
64.220	15.324	-0.041
64.240	11.961	-0.064
64.260	8.422	-0.082
64.280	4.780	-0.099
64.300	1.063	-0.118
64.320	-2.680	-0.133
64.340	-6.392	-0.148
64.360	-10.039	-0.157
64.380	-13.481	-0.170
64.400	-16.747	-0.173
64.420	-19.766	-0.177
64.440	-22.489	-0.179
64.460	-24.884	-0.178
64.480	-26.920	-0.175
64.500	-28.569	-0.170
64.520	-29.750	-0.161
64.540	-30.497	-0.150
64.560	-30.803	-0.141
64.580	-30.701	-0.126
64.600	-30.132	-0.114
64.620	-29.117	-0.094
64.640	-27.629	-0.077
64.660	-25.776	-0.054
64.680	-23.525	-0.037
64.700	-20.937	-0.014
64.720	-18.009	0.007
64.740	-14.830	0.029
64.760	-11.457	0.047
64.780	-7.879	0.066
64.800	-4.200	0.087
64.820	-0.451	0.101
64.840	3.303	0.117
64.860	6.977	0.128
64.880	10.581	0.140
64.900	14.029	0.152
64.920	17.257	0.159
64.940	20.244	0.158
64.960	22.929	0.164
64.980	25.250	0.160
65.000	27.210	0.156
65.020	28.757	0.152
65.040	29.890	0.141
65.060	30.599	0.132
65.080	30.841	0.120
65.100	30.642	0.103
65.120	29.965	0.087
65.140	28.886	0.064
65.160	27.344	0.050
65.180	25.464	0.032
65.200	23.160	0.009
65.220	20.501	-0.009
65.240	17.574	-0.035
65.260	14.352	-0.050
65.280	10.941	-0.072
65.300	7.369	-0.088
65.320	3.679	-0.108
65.340	-0.054	-0.127
65.360	-3.781	-0.137
65.380	-7.477	-0.154
65.400	-11.059	-0.160
65.420	-14.454	-0.172
65.440	-17.666	-0.172
65.460	-20.609	-0.180
65.480	-23.235	-0.177
65.500	-25.513	-0.175
65.520	-27.452	-0.174
65.540	-28.966	-0.166
65.560	-30.035	-0.157
65.580	-30.658	-0.146
65.600	-30.835	-0.137
65.620	-30.583	-0.120
65.640	-29.896	-0.107
65.660	-28.741	-0.086
65.680	-27.151	-0.072
65.700	-25.164	-0.046
65.720	-22.806	-0.028
65.740	-20.120	-0.003
65.760	-17.118	0.018
65.780	-13.890	0.038
65.800	-10.436	0.054
65.820	-6.821	0.075
65.840	-3.110	0.093
65.860	0.655	0.111
65.880	4.372	0.124
65.900	8.051	0.139
65.920	11.607	0.148
65.940	14.985	0.156
65.960	18.154	0.162
65.980	21.055	0.167
66.000	23.649	0.164
66.020	25.867	0.167
66.040	27.709	0.160
66.060	29.138	0.157
66.080	30.143	0.145
66.100	30.707	0.136
66.120	30.825	0.115
66.140	30.502	0.106
66.160	29.708	0.085
66.180	28.478	0.069
66.200	26.834	0.049
66.220	24.831	0.033
66.240	22.414	0.008
66.260	19.669	-0.005
66.280	16.645	-0.033
66.300	13.363	-0.050
66.320	9.899	-0.071
66.340	6.263	-0.088
66.360	2.583	-0.109
66.380	-1.176	-0.125
66.400	-4.904	-0.135
66.420	-8.572	-0.149
66.440	-12.112	-0.156
66.460	-15.442	-0.167
66.480	-18.600	-0.169
66.500	-21.468	-0.170
66.520	-23.987	-0.172
66.540	-26.179	-0.168
66.560	-27.978	-0.170
66.580	-29.358	-0.152
66.600	-30.325	-0.151
66.620	-30.787	-0.137
66.640	-30.830	-0.126
66.660	-30.459	-0.106
66.680	-29.638	-0.094
66.700	-28.349	-0.076
66.720	-26.641	-0.055
66.740	-24.546	-0.031
66.760	-22.081	-0.006
66.780	-19.288	0.016
66.800	-16.205	0.031
66.820	-12.928	0.050
66.840	-9.394	0.072
66.860	-5.758	0.088
66.880	-2.014	0.111
66.900	1.729	0.123
66.920	5.446	0.136
66.940	9.088	0.152
66.960	12.617	0.161
66.980	15.936	0.165
67.000	19.030	0.170
67.020	21.866	0.175
67.040	24.320	0.174
67.060	26.447	0.174
67.080	28.161	0.165
67.100	29.482	0.163
67.120	30.363	0.149
67.140	30.787	0.137
67.160	30.766	0.124
67.180	30.309	0.113
67.200	29.385	0.091
67.220	28.026	0.074
67.240	26.297	0.053
67.260	24.159	0.033
67.280	21.624	0.016
67.300	18.799	-0.008
67.320	15.694	-0.029
67.340	12.337	-0.048
67.360	8.835	-0.068
67.380	5.199	-0.085
67.400	1.477	-0.104
67.420	-2.267	-0.120
67.440	-5.973	-0.131
67.460	-9.625	-0.146
67.480	-13.100	-0.154
67.500	-16.393	-0.162
67.520	-19.438	-0.162
67.540	-22.226	-0.163
67.560	-24.659	-0.162
67.580	-26.732	-0.162
67.600	-28.424	-0.154
67.620	-29.659	-0.146
67.640	-30.465	-0.144
67.660	-30.830	-0.130
67.680	-30.782	-0.115
67.700	-30.250	-0.099
67.720	-29.283	-0.082
67.740	-27.849	-0.059
67.760	-26.044	-0.040
67.780	-23.832	-0.024
67.800	-21.286	-0.006
67.820	-18.391	0.018
67.840	-15.232	0.040
67.860	-11.897	0.058
67.880	-8.325	0.079
67.900	-4.651	0.093
67.920	-0.892	0.116
67.940	2.847	0.127
67.960	6.558	0.140
67.980	10.157	0.152
68.000	13.610	0.161
68.020	16.876	0.170
68.040	19.878	0.170
68.060	22.645	0.172
68.080	24.976	0.172
68.100	27.000	0.170
68.120	28.596	0.161
68.140	29.799	0.155
68.160	30.540	0.141
68.180	30.830	0.130
68.200	30.690	0.117
68.220	30.083	0.101
68.240	29.042	0.082
68.260	27.559	0.061
68.280	25.706	0.043
68.300	23.434	0.021
68.320	20.834	0.004
68.340	17.918	-0.024
68.360	14.754	-0.038
68.380	11.344	-0.062
68.400	7.793	-0.075
68.420	4.120	-0.099
68.440	0.387	-0.112
68.460	-3.352	-0.132
68.480	-7.052	-0.137
68.500	-10.640	-0.151
68.520	-14.062	-0.162
68.540	-17.300	-0.170
68.560	-20.281	-0.170
68.580	-22.940	-0.172
68.600	-25.271	-0.167
68.620	-27.231	-0.167
68.640	-28.800	-0.159
68.660	-29.928	-0.153
68.680	-30.599	-0.142
68.700	-30.862	-0.129
68.720	-30.626	-0.118
68.740	-29.981	-0.100
68.760	-28.902	-0.083
68.780	-27.339	-0.066
68.800	-25.400	-0.044
68.820	-23.096	-0.025
68.840	-20.442	-0.002
68.860	-17.472	0.015
68.880	-14.266	0.037
68.900	-10.828	0.053
68.920	-7.246	0.076
68.940	-3.540	0.092
68.960	0.215	0.114
68.980	3.948	0.120
69.000	7.627	0.138
69.020	11.204	0.145
69.040	14.604	0.158
69.060	17.800	0.157
69.080	20.727	0.165
69.100	23.354	0.159
69.120	25.625	0.165
69.140	27.521	0.160
69.160	28.988	0.155
69.180	30.062	0.139
69.200	30.658	0.132
69.220	30.825	0.114
69.240	30.556	0.102
69.260	29.810	0.087
69.280	28.649	0.066
69.300	27.060	0.049
69.320	25.094	0.028
69.340	22.725	0.008
69.360	20.013	-0.012
69.380	17.021	-0.036
69.400	13.777	-0.054
69.420	10.312	-0.075
69.440	6.725	-0.090
69.460	3.040	-0.112
69.480	-0.698	-0.127
69.500	-4.431	-0.142
69.520	-8.121	-0.155
69.540	-11.661	-0.170
69.560	-15.034	-0.170
69.580	-18.192	-0.179
69.600	-21.092	-0.174
69.620	-23.665	-0.183
69.640	-25.889	-0.174
69.660	-27.731	-0.177
69.680	-29.170	-0.162
69.700	-30.164	-0.161
69.720	-30.701	-0.146
69.740	-30.825	-0.136
69.760	-30.476	-0.119
69.780	-29.708	-0.103
69.800	-28.478	-0.087
69.820	-26.807	-0.067
69.840	-24.750	-0.047
69.860	-22.344	-0.027
69.880	-19.594	-0.002
69.900	-16.538	0.018
69.920	-13.288	0.037
69.940	-9.786	0.056
69.960	-6.171	0.079
69.980	-2.433	0.093
70.000	1.321	0.108
70.020	5.027	0.120
70.040	8.674	0.136
70.060	12.219	0.147
70.080	15.576	0.153
70.100	18.670	0.159
70.120	21.543	0.163
70.140	24.068	0.164
70.160	26.222	0.161
70.180	27.994	0.151
70.200	29.348	0.148
70.220	30.288	0.134
70.240	30.760	0.126
70.260	30.787	0.110
70.280	30.379	0.098
70.300	29.520	0.078
70.320	28.236	0.060
70.340	26.517	0.044
70.360	24.433	0.021
70.380	21.946	0.001
70.400	19.153	-0.017
70.420	16.086	-0.040
70.440	12.772	-0.058
70.460	9.271	-0.079
70.480	5.656	-0.096
70.500	1.944	-0.114
70.520	-1.810	-0.127
70.540	-5.527	-0.145
70.560	-9.195	-0.153
70.580	-12.681	-0.167
70.600	-15.995	-0.170
70.620	-19.094	-0.177
70.640	-21.887	-0.174
70.660	-24.363	-0.175
70.680	-26.490	-0.173
70.700	-28.214	-0.169
70.720	-29.530	-0.160
70.740	-30.417	-0.151
70.760	-30.792	-0.140
70.780	-30.798	-0.129
70.800	-30.336	-0.111
70.820	-29.417	-0.092
70.840	-28.053	-0.075
70.860	-26.286	-0.054
70.880	-24.132	-0.036
70.900	-21.624	-0.011
70.920	-18.750	0.008
70.940	-15.635	0.026
70.960	-12.305	0.049
70.980	-8.755	0.068
71.000	-5.092	0.086
71.020	-1.348	0.103
71.040	2.396	0.117
71.060	6.102	0.132
71.080	9.727	0.149
71.100	13.218	0.156
71.120	16.505	0.165
71.140	19.540	0.164
71.160	22.338	0.170
71.180	24.718	0.164
71.200	26.786	0.169
71.220	28.424	0.157
71.240	29.675	0.154
71.260	30.470	0.141
71.280	30.814	0.128
71.300	30.723	0.111
71.320	30.186	0.102
71.340	29.181	0.079
71.360	27.769	0.062
71.380	25.953	0.045
71.400	23.729	0.024
71.420	21.151	0.005
71.440	18.262	-0.014
71.460	15.130	-0.041
71.480	11.747	-0.061
71.500	8.196	-0.077
71.520	4.555	-0.096
71.540	0.811	-0.111
71.560	-2.922	-0.129
71.580	-6.628	-0.138
71.600	-10.253	-0.150
71.620	-13.707	-0.156
71.640	-16.962	-0.163
71.660	-19.975	-0.166
71.680	-22.666	-0.169
71.700	-25.062	-0.165
71.720	-27.070	-0.161
71.740	-28.687	-0.160
71.760	-29.858	-0.148
71.780	-30.594	-0.141
71.800	-30.846	-0.122
71.820	-30.712	-0.117
71.840	-30.143	-0.096
71.860	-29.095	-0.081
71.880	-27.602	-0.061
71.900	-25.695	-0.039
71.920	-23.429	-0.021
71.940	-20.813	0.004
71.960	-17.880	0.022
71.980	-14.701	0.041
72.000	-11.285	0.062
72.020	-7.702	0.080
72.040	-4.001	0.100
72.060	-0.258	0.120
