0.000	12.523	0.109
0.020	15.874	0.118
0.040	18.990	0.126
0.060	21.825	0.130
0.080	24.312	0.130
0.100	26.461	0.135
0.120	28.185	0.129
0.140	29.511	0.128
0.160	30.376	0.122
0.180	30.811	0.116
0.200	30.784	0.105
0.220	30.306	0.098
0.240	29.366	0.083
0.260	27.991	0.070
0.280	26.224	0.055
0.300	24.060	0.041
0.320	21.503	0.028
0.340	18.651	0.014
0.360	15.525	-0.003
0.380	12.131	-0.017
0.400	8.596	-0.035
0.420	4.944	-0.048
0.440	1.200	-0.064
0.460	-2.586	-0.077
0.480	-6.308	-0.088
0.500	-9.928	-0.095
0.520	-13.436	-0.108
0.540	-16.723	-0.117
0.560	-19.758	-0.123
0.580	-22.513	-0.125
0.600	-24.908	-0.127
0.620	-26.928	-0.127
0.640	-28.598	-0.123
0.660	-29.775	-0.119
0.680	-30.543	-0.116
0.700	-30.838	-0.106
0.720	-30.698	-0.098
0.740	-30.108	-0.089
0.760	-29.060	-0.081
0.780	-27.567	-0.067
0.800	-25.644	-0.052
0.820	-23.378	-0.034
0.840	-20.751	-0.022
0.860	-17.786	-0.003
0.880	-14.607	0.014
0.900	-11.164	0.030
0.920	-7.587	0.044
0.940	-3.870	0.056
0.960	-0.089	0.074
0.980	3.666	0.085
1.000	7.377	0.097
1.020	10.976	0.106
1.040	14.435	0.113
1.060	17.641	0.123
1.080	20.601	0.130
1.100	23.270	0.130
1.120	25.548	0.138
1.140	27.476	0.132
1.160	28.964	0.132
1.180	30.049	0.124
1.200	30.672	0.117
1.220	30.844	0.105
1.240	30.580	0.101
1.260	29.834	0.089
1.280	28.674	0.072
1.300	27.062	0.062
1.320	25.075	0.050
1.340	22.690	0.031
1.360	19.978	0.018
1.380	16.948	-0.002
1.400	13.672	-0.017
1.420	10.224	-0.034
1.440	6.598	-0.045
1.460	2.876	-0.063
1.480	-0.884	-0.075
1.500	-4.611	-0.090
1.520	-8.333	-0.094
1.540	-11.894	-0.113
1.560	-15.246	-0.113
1.580	-18.393	-0.123
1.600	-21.310	-0.127
1.620	-23.850	-0.131
1.640	-26.042	-0.127
1.660	-27.884	-0.135
1.680	-29.281	-0.124
1.700	-30.253	-0.124
1.720	-30.725	-0.114
1.740	-30.806	-0.110
1.760	-30.398	-0.096
1.780	-29.549	-0.087
1.800	-28.271	-0.075
1.820	-26.525	-0.064
1.840	-24.430	-0.049
1.860	-21.954	-0.030
1.880	-19.124	-0.018
1.900	-16.030	0.002
1.920	-12.727	0.011
1.940	-9.193	0.029
1.960	-5.508	0.047
1.980	-1.775	0.060
2.000	1.995	0.072
2.020	5.750	0.083
2.040	9.381	0.093
2.060	12.909	0.103
2.080	16.229	0.110
2.100	19.317	0.114
2.120	22.115	0.122
2.140	24.565	0.121
2.160	26.665	0.126
2.180	28.351	0.121
2.200	29.630	0.121
2.220	30.446	0.109
2.240	30.822	0.105
2.260	30.758	0.091
2.280	30.226	0.086
2.300	29.243	0.068
2.320	27.820	0.056
2.340	26.020	0.043
2.360	23.807	0.029
2.380	21.224	0.013
2.400	18.334	-0.002
2.420	15.192	-0.022
2.440	11.787	-0.035
2.460	8.220	-0.046
2.480	4.568	-0.068
2.500	0.824	-0.077
2.520	-2.951	-0.097
2.540	-6.679	-0.099
2.560	-10.283	-0.114
2.580	-13.758	-0.123
2.600	-17.024	-0.133
2.620	-20.037	-0.139
2.640	-22.739	-0.139
2.660	-25.096	-0.142
2.680	-27.105	-0.140
2.700	-28.711	-0.141
2.720	-29.844	-0.132
2.740	-30.553	-0.131
2.760	-30.795	-0.119
2.780	-30.629	-0.112
2.800	-30.000	-0.101
2.820	-28.894	-0.088
2.840	-27.363	-0.079
2.860	-25.403	-0.061
2.880	-23.104	-0.047
2.900	-20.445	-0.030
2.920	-17.464	-0.015
2.940	-14.225	0.002
2.960	-10.772	0.016
2.980	-7.173	0.036
3.000	-3.451	0.048
3.020	0.330	0.060
3.040	4.069	0.074
3.060	7.759	0.085
3.080	11.346	0.099
3.100	14.768	0.104
3.120	17.948	0.113
3.140	20.885	0.118
3.160	23.539	0.119
3.180	25.779	0.124
3.200	27.637	0.118
3.220	29.103	0.119
3.240	30.140	0.114
3.260	30.715	0.107
3.280	30.844	0.100
3.300	30.521	0.087
3.320	29.737	0.076
3.340	28.518	0.064
3.360	26.880	0.051
3.380	24.855	0.038
3.400	22.427	0.020
3.420	19.666	0.005
3.440	16.610	-0.013
3.460	13.318	-0.024
3.480	9.848	-0.044
3.500	6.212	-0.052
3.520	2.473	-0.073
3.540	-1.270	-0.081
3.560	-5.003	-0.100
3.580	-8.698	-0.104
3.600	-12.238	-0.120
3.620	-15.584	-0.119
3.640	-18.732	-0.132
3.660	-21.594	-0.133
3.680	-24.103	-0.139
3.700	-26.278	-0.138
3.720	-28.061	-0.135
3.740	-29.415	-0.131
3.760	-30.355	-0.125
3.780	-30.752	-0.122
3.800	-30.784	-0.112
3.820	-30.360	-0.103
3.840	-29.479	-0.090
3.860	-28.136	-0.082
3.880	-26.348	-0.064
3.900	-24.210	-0.048
3.920	-21.713	-0.031
3.940	-18.834	-0.014
3.960	-15.729	0.002
3.980	-12.378	0.018
4.000	-8.822	0.030
4.020	-5.132	0.052
4.040	-1.399	0.064
4.060	2.387	0.076
4.080	6.110	0.087
4.100	9.751	0.101
4.120	13.253	0.108
4.140	16.546	0.117
4.160	19.613	0.120
4.180	22.384	0.130
4.200	24.801	0.122
4.220	26.864	0.129
4.240	28.496	0.123
4.260	29.732	0.122
4.280	30.516	0.118
4.300	30.833	0.109
4.320	30.725	0.101
4.340	30.145	0.089
4.360	29.119	0.078
4.380	27.653	0.061
4.400	25.811	0.051
4.420	23.560	0.035
4.440	20.928	0.022
4.460	18.007	0.002
4.480	14.832	-0.013
4.500	11.400	-0.027
4.520	7.823	-0.042
4.540	4.149	-0.064
4.560	0.384	-0.069
4.580	-3.386	-0.084
4.600	-7.093	-0.095
4.620	-10.707	-0.102
4.640	-14.139	-0.113
4.660	-17.400	-0.116
4.680	-20.370	-0.128
4.700	-23.034	-0.127
4.720	-25.381	-0.127
4.740	-27.325	-0.128
4.760	-28.872	-0.128
4.780	-29.968	-0.121
4.800	-30.650	-0.118
4.820	-30.827	-0.109
4.840	-30.602	-0.098
4.860	-29.941	-0.086
4.880	-28.808	-0.077
4.900	-27.213	-0.063
4.920	-25.231	-0.048
4.940	-22.884	-0.030
4.960	-20.171	-0.015
4.980	-17.153	0.002
5.000	-13.914	0.020
5.020	-10.423	0.035
5.040	-6.819	0.047
5.060	-3.070	0.065
5.080	0.706	0.081
5.100	4.445	0.093
5.120	8.129	0.101
5.140	11.706	0.112
5.160	15.122	0.120
5.180	18.270	0.130
5.200	21.181	0.133
5.220	23.781	0.134
5.240	25.983	0.135
5.260	27.820	0.136
5.280	29.232	0.133
5.300	30.215	0.130
5.320	30.752	0.118
5.340	30.827	0.109
5.360	30.462	0.100
5.380	29.619	0.089
5.400	28.373	0.073
5.420	26.681	0.062
5.440	24.608	0.046
5.460	22.153	0.033
5.480	19.355	0.013
5.500	16.293	-0.002
5.520	12.963	-0.019
5.540	9.461	-0.029
5.560	5.820	-0.048
5.580	2.097	-0.061
5.600	-1.684	-0.074
5.620	-5.401	-0.090
5.640	-9.091	-0.098
5.660	-12.625	-0.107
5.680	-15.928	-0.115
5.700	-19.038	-0.122
5.720	-21.863	-0.127
5.740	-24.350	-0.131
5.760	-26.471	-0.129
5.780	-28.228	-0.129
5.800	-29.517	-0.122
5.820	-30.376	-0.118
5.840	-30.795	-0.109
5.860	-30.774	-0.106
5.880	-30.269	-0.093
5.900	-29.334	-0.077
5.920	-27.938	-0.069
5.940	-26.128	-0.053
5.960	-23.947	-0.040
5.980	-21.412	-0.022
6.000	-18.506	-0.011
6.020	-15.364	0.008
6.040	-12.002	0.025
6.060	-8.430	0.039
6.080	-4.724	0.052
6.100	-0.980	0.068
6.120	2.801	0.080
6.140	6.523	0.094
6.160	10.149	0.101
6.180	13.624	0.109
6.200	16.895	0.118
6.220	19.935	0.125
6.240	22.685	0.130
6.260	25.037	0.127
6.280	27.057	0.130
6.300	28.647	0.127
6.320	29.834	0.122
6.340	30.564	0.113
6.360	30.838	0.105
6.380	30.693	0.097
6.400	30.043	0.084
6.420	28.990	0.072
6.440	27.492	0.060
6.460	25.601	0.050
6.480	23.292	0.031
6.500	20.638	0.014
6.520	17.690	-0.002
6.540	14.489	-0.021
6.560	11.046	-0.034
6.580	7.458	-0.049
6.600	3.768	-0.067
6.620	0.019	-0.079
6.640	-3.746	-0.092
6.660	-7.452	-0.102
6.680	-11.030	-0.115
6.700	-14.456	-0.120
6.720	-17.700	-0.130
6.740	-20.633	-0.130
6.760	-23.270	-0.139
6.780	-25.564	-0.135
6.800	-27.465	-0.143
6.820	-28.985	-0.132
6.840	-30.059	-0.135
6.860	-30.629	-0.127
6.880	-30.811	-0.121
6.900	-30.516	-0.110
6.920	-29.807	-0.097
6.940	-28.615	-0.082
6.960	-26.987	-0.072
6.980	-24.962	-0.057
7.000	-22.561	-0.040
7.020	-19.838	-0.027
7.040	-16.798	-0.007
7.060	-13.522	0.006
7.080	-10.025	0.025
7.100	-6.400	0.035
7.120	-2.656	0.056
7.140	1.125	0.064
7.160	4.869	0.080
7.180	8.527	0.091
7.200	12.082	0.097
7.220	15.477	0.109
7.240	18.592	0.112
7.260	21.492	0.120
7.280	24.038	0.121
7.300	26.203	0.125
7.320	27.975	0.118
7.340	29.366	0.118
7.360	30.296	0.108
7.380	30.779	0.108
7.400	30.806	0.090
7.420	30.392	0.086
7.440	29.517	0.070
7.460	28.222	0.060
7.480	26.477	0.048
7.500	24.366	0.032
7.520	21.879	0.017
7.540	19.054	-0.003
7.560	15.944	-0.016
7.580	12.598	-0.031
7.600	9.096	-0.046
7.620	5.438	-0.065
7.640	1.700	-0.075
7.660	-2.033	-0.089
7.680	-5.793	-0.102
7.700	-9.472	-0.115
7.720	-12.958	-0.123
7.740	-16.256	-0.131
7.760	-19.344	-0.135
7.780	-22.132	-0.138
7.800	-24.575	-0.143
7.820	-26.670	-0.140
7.840	-28.357	-0.144
7.860	-29.624	-0.129
7.880	-30.441	-0.135
7.900	-30.774	-0.119
7.920	-30.720	-0.118
7.940	-30.199	-0.102
7.960	-29.195	-0.091
7.980	-27.755	-0.078
8.000	-25.924	-0.064
8.020	-23.695	-0.048
8.040	-21.106	-0.031
8.060	-18.178	-0.013
8.080	-15.015	0.005
8.100	-11.631	0.019
8.120	-8.043	0.035
8.140	-4.337	0.048
8.160	-0.594	0.066
8.180	3.193	0.074
8.200	6.905	0.087
8.220	10.509	0.098
8.240	13.968	0.107
8.260	17.228	0.118
8.280	20.230	0.119
8.300	22.937	0.125
8.320	25.268	0.125
8.340	27.234	0.121
8.360	28.786	0.122
8.380	29.925	0.120
8.400	30.623	0.115
8.420	30.844	0.106
8.440	30.639	0.094
8.460	29.968	0.085
8.480	28.840	0.068
8.500	27.299	0.060
8.520	25.381	0.043
8.540	23.007	0.026
8.560	20.332	0.018
8.580	17.357	-0.005
8.600	14.123	-0.018
8.620	10.659	-0.035
8.640	7.055	-0.050
8.660	3.370	-0.066
8.680	-0.389	-0.076
8.700	-4.165	-0.092
8.720	-7.855	-0.097
8.740	-11.438	-0.114
8.760	-14.859	-0.119
8.780	-18.028	-0.129
8.800	-20.961	-0.133
8.820	-23.550	-0.135
8.840	-25.832	-0.130
8.860	-27.712	-0.135
8.880	-29.168	-0.130
8.900	-30.172	-0.123
8.920	-30.709	-0.118
8.940	-30.833	-0.112
8.960	-30.521	-0.106
8.980	-29.737	-0.090
9.000	-28.518	-0.077
9.020	-26.837	-0.066
9.040	-24.769	-0.049
9.060	-22.330	-0.029
9.080	-19.575	-0.015
9.100	-16.508	0.003
9.120	-13.194	0.019
9.140	-9.692	0.035
9.160	-6.040	0.051
9.180	-2.302	0.065
9.200	1.490	0.079
9.220	5.234	0.090
9.240	8.876	0.106
9.260	12.453	0.111
9.280	15.799	0.121
9.300	18.898	0.127
9.320	21.761	0.134
9.340	24.275	0.131
9.360	26.402	0.136
9.380	28.147	0.130
9.400	29.479	0.133
9.420	30.371	0.125
9.440	30.801	0.118
9.460	30.779	0.107
9.480	30.323	0.103
9.500	29.388	0.088
9.520	28.045	0.072
9.540	26.267	0.060
9.560	24.124	0.043
9.580	21.578	0.031
9.600	18.726	0.011
9.620	15.595	-0.006
9.640	12.217	-0.023
9.660	8.704	-0.035
9.680	5.025	-0.047
9.700	1.281	-0.065
9.720	-2.468	-0.078
9.740	-6.185	-0.089
9.760	-9.864	-0.097
9.780	-13.344	-0.110
9.800	-16.610	-0.114
9.820	-19.698	-0.123
9.840	-22.438	-0.122
9.860	-24.823	-0.130
9.880	-26.885	-0.126
9.900	-28.555	-0.128
9.920	-29.759	-0.120
9.940	-30.521	-0.119
9.960	-30.833	-0.111
9.980	-30.693	-0.093
10.000	-30.108	-0.090
10.020	-29.109	-0.074
10.040	-27.605	-0.065
10.060	-25.703	-0.048
10.080	-23.464	-0.036
10.100	-20.821	-0.018
10.120	-17.883	-0.002
10.140	-14.703	0.017
10.160	-11.271	0.032
10.180	-7.662	0.047
10.200	-3.940	0.064
10.220	-0.196	0.076
10.240	3.574	0.091
10.260	7.281	0.098
10.280	10.895	0.109
10.300	14.327	0.116
10.320	17.555	0.129
10.340	20.531	0.130
10.360	23.190	0.137
10.380	25.483	0.135
10.400	27.422	0.136
10.420	28.937	0.137
10.440	30.032	0.130
10.460	30.661	0.122
10.480	30.844	0.109
10.500	30.596	0.101
10.520	29.866	0.090
10.540	28.695	0.076
10.560	27.100	0.061
10.580	25.150	0.050
10.600	22.755	0.027
10.620	20.042	0.018
10.640	17.045	-0.004
10.660	13.769	-0.018
10.680	10.294	-0.035
10.700	6.695	-0.044
10.720	2.994	-0.066
10.740	-0.765	-0.074
10.760	-4.536	-0.092
10.780	-8.226	-0.101
10.800	-11.771	-0.110
10.820	-15.176	-0.118
10.840	-18.329	-0.124
10.860	-21.213	-0.131
10.880	-23.781	-0.131
10.900	-26.004	-0.135
10.920	-27.820	-0.131
10.940	-29.232	-0.131
10.960	-30.226	-0.125
10.980	-30.693	-0.118
11.000	-30.817	-0.113
11.020	-30.419	-0.099
11.040	-29.597	-0.087
11.060	-28.308	-0.077
11.080	-26.606	-0.063
11.100	-24.484	-0.047
11.120	-22.013	-0.032
11.140	-19.226	-0.017
11.160	-16.127	-0.000
11.180	-12.802	0.014
11.200	-9.289	0.032
11.220	-5.632	0.047
11.240	-1.861	0.060
11.260	1.920	0.073
11.280	5.632	0.085
11.300	9.284	0.098
11.320	12.829	0.105
11.340	16.148	0.110
11.360	19.220	0.119
11.380	22.046	0.120
11.400	24.511	0.122
11.420	26.606	0.122
11.440	28.314	0.121
11.460	29.597	0.119
11.480	30.435	0.110
11.500	30.817	0.105
11.520	30.758	0.093
11.540	30.226	0.089
11.560	29.275	0.071
11.580	27.873	0.058
11.600	26.079	0.047
11.620	23.866	0.028
11.640	21.299	0.012
11.660	18.415	-0.003
11.680	15.262	-0.022
11.700	11.878	-0.033
11.720	8.355	-0.052
11.740	4.649	-0.068
11.760	0.910	-0.081
11.780	-2.828	-0.096
11.800	-6.577	-0.105
11.820	-10.208	-0.116
11.840	-13.677	-0.123
11.860	-16.922	-0.132
11.880	-19.962	-0.139
11.900	-22.679	-0.143
11.920	-25.043	-0.142
11.940	-27.057	-0.148
11.960	-28.674	-0.136
11.980	-29.823	-0.139
12.000	-30.543	-0.132
12.020	-30.790	-0.126
12.040	-30.634	-0.111
12.060	-30.016	-0.105
12.080	-28.931	-0.090
12.100	-27.395	-0.078
12.120	-25.462	-0.065
12.140	-23.179	-0.043
12.160	-20.510	-0.032
12.180	-17.518	-0.013
12.200	-14.317	0.001
12.220	-10.874	0.022
12.240	-7.264	0.033
12.260	-3.531	0.051
12.280	0.201	0.063
12.300	3.972	0.077
12.320	7.689	0.088
12.340	11.260	0.101
12.360	14.682	0.109
12.380	17.888	0.114
12.400	20.826	0.119
12.420	23.464	0.123
12.440	25.703	0.126
12.460	27.605	0.121
12.480	29.066	0.121
12.500	30.108	0.116
12.520	30.704	0.109
12.540	30.838	0.101
12.560	30.537	0.091
12.580	29.753	0.078
12.600	28.550	0.066
12.620	26.906	0.055
12.640	24.919	0.039
12.660	22.497	0.021
12.680	19.731	0.009
12.700	16.718	-0.011
12.720	13.430	-0.027
12.740	9.923	-0.043
12.760	6.314	-0.059
12.780	2.613	-0.072
12.800	-1.163	-0.085
12.820	-4.933	-0.095
12.840	-8.613	-0.104
12.860	-12.147	-0.120
12.880	-15.504	-0.122
12.900	-18.673	-0.135
12.920	-21.525	-0.133
12.940	-24.054	-0.140
12.960	-26.230	-0.135
12.980	-28.024	-0.139
13.000	-29.383	-0.131
13.020	-30.312	-0.131
13.040	-30.768	-0.119
13.060	-30.790	-0.117
13.080	-30.376	-0.104
13.100	-29.501	-0.097
13.120	-28.179	-0.082
13.140	-26.428	-0.067
13.160	-24.269	-0.049
13.180	-21.772	-0.028
13.200	-18.925	-0.012
13.220	-15.821	0.006
13.240	-12.474	0.014
13.260	-8.908	0.035
13.280	-5.256	0.048
13.300	-1.480	0.067
13.320	2.291	0.080
13.340	6.013	0.091
13.360	9.649	0.104
13.380	13.183	0.109
13.400	16.470	0.118
13.420	19.527	0.122
13.440	22.320	0.129
13.460	24.753	0.130
13.480	26.804	0.133
13.500	28.453	0.122
13.520	29.705	0.127
13.540	30.500	0.118
13.560	30.833	0.118
13.580	30.731	0.100
13.600	30.161	0.097
13.620	29.152	0.080
13.640	27.691	0.069
13.660	25.854	0.052
13.680	23.603	0.039
13.700	21.004	0.022
13.720	18.093	0.008
13.740	14.907	-0.008
13.760	11.497	-0.024
13.780	7.936	-0.038
13.800	4.235	-0.061
13.820	0.481	-0.068
13.840	-3.263	-0.088
13.860	-6.980	-0.090
13.880	-10.616	-0.106
13.900	-14.059	-0.110
13.920	-17.298	-0.120
13.940	-20.289	-0.126
13.960	-23.002	-0.129
13.980	-25.317	-0.132
14.000	-27.288	-0.127
14.020	-28.862	-0.131
14.040	-29.963	-0.118
14.060	-30.634	-0.119
14.080	-30.817	-0.109
14.100	-30.623	-0.106
14.120	-29.968	-0.085
14.140	-28.845	-0.077
14.160	-27.256	-0.062
14.180	-25.290	-0.048
14.200	-22.943	-0.027
14.220	-20.246	-0.017
14.240	-17.228	0.002
14.260	-14.000	0.023
14.280	-10.541	0.031
14.300	-6.899	0.049
14.320	-3.172	0.068
14.340	0.604	0.085
14.360	4.343	0.090
14.380	8.054	0.106
14.400	11.615	0.114
14.420	15.020	0.124
14.440	18.200	0.130
14.460	21.127	0.136
14.480	23.716	0.134
14.500	25.924	0.138
14.520	27.782	0.138
14.540	29.200	0.134
14.560	30.199	0.134
14.580	30.741	0.119
14.600	30.833	0.112
14.620	30.484	0.102
14.640	29.662	0.093
14.660	28.400	0.074
14.680	26.719	0.062
14.700	24.677	0.047
14.720	22.212	0.031
14.740	19.419	0.015
14.760	16.390	-0.004
14.780	13.054	-0.019
14.800	9.552	-0.035
14.820	5.911	-0.044
14.840	2.205	-0.069
14.860	-1.576	-0.073
14.880	-5.331	-0.093
14.900	-8.999	-0.095
14.920	-12.512	-0.114
14.940	-15.853	-0.113
14.960	-18.979	-0.127
14.980	-21.782	-0.122
15.000	-24.285	-0.131
15.020	-26.434	-0.130
15.040	-28.196	-0.131
15.060	-29.495	-0.122
15.080	-30.371	-0.122
15.100	-30.774	-0.116
15.120	-30.758	-0.104
15.140	-30.285	-0.093
15.160	-29.356	-0.077
15.180	-27.970	-0.073
15.200	-26.192	-0.053
15.220	-24.006	-0.043
15.240	-21.455	-0.022
15.260	-18.603	-0.008
15.280	-15.450	0.006
15.300	-12.066	0.023
15.320	-8.510	0.038
15.340	-4.847	0.056
15.360	-1.066	0.068
15.380	2.704	0.083
15.400	6.405	0.091
15.420	10.036	0.105
15.440	13.549	0.108
15.460	16.814	0.122
15.480	19.833	0.122
15.500	22.620	0.137
15.520	24.994	0.133
15.540	27.014	0.137
15.560	28.604	0.131
15.580	29.818	0.127
15.600	30.553	0.118
15.620	30.849	0.109
15.640	30.693	0.101
15.660	30.075	0.089
15.680	29.023	0.076
15.700	27.524	0.063
15.720	25.644	0.051
15.740	23.362	0.031
15.760	20.719	0.015
15.780	17.781	-0.006
15.800	14.553	-0.016
15.820	11.164	-0.034
15.840	7.571	-0.048
15.860	3.875	-0.067
15.880	0.110	-0.076
15.900	-3.634	-0.094
15.920	-7.340	-0.107
15.940	-10.954	-0.112
15.960	-14.360	-0.123
15.980	-17.598	-0.125
16.000	-20.547	-0.138
16.020	-23.217	-0.135
16.040	-25.499	-0.143
16.060	-27.433	-0.139
16.080	-28.969	-0.139
16.100	-30.006	-0.132
16.120	-30.639	-0.125
16.140	-30.827	-0.118
16.160	-30.527	-0.109
16.180	-29.834	-0.098
16.200	-28.663	-0.082
16.220	-27.041	-0.073
16.240	-25.016	-0.055
16.260	-22.647	-0.043
16.280	-19.903	-0.024
16.300	-16.857	-0.010
16.320	-13.629	0.006
16.340	-10.127	0.021
16.360	-6.480	0.038
16.380	-2.742	0.056
16.400	1.018	0.068
16.420	4.756	0.079
16.440	8.435	0.091
16.460	12.007	0.102
16.480	15.375	0.109
16.500	18.522	0.115
16.520	21.423	0.120
16.540	23.963	0.122
16.560	26.149	0.122
16.580	27.948	0.119
16.600	29.340	0.118
16.620	30.269	0.115
16.640	30.774	0.106
16.660	30.806	0.097
16.680	30.425	0.089
16.700	29.544	0.072
16.720	28.239	0.062
16.740	26.536	0.050
16.760	24.436	0.033
16.780	21.944	0.018
16.800	19.124	-0.000
16.820	16.046	-0.018
16.840	12.711	-0.030
16.860	9.193	-0.047
16.880	5.530	-0.064
16.900	1.807	-0.076
16.920	-1.958	-0.091
16.940	-5.701	-0.105
16.960	-9.359	-0.114
16.980	-12.866	-0.121
17.000	-16.180	-0.132
17.020	-19.263	-0.133
17.040	-22.046	-0.143
17.060	-24.516	-0.138
17.080	-26.638	-0.144
17.100	-28.319	-0.139
17.120	-29.603	-0.136
17.140	-30.430	-0.133
17.160	-30.763	-0.122
17.180	-30.731	-0.114
17.200	-30.199	-0.106
17.220	-29.243	-0.090
17.240	-27.803	-0.081
17.260	-25.993	-0.064
17.280	-23.764	-0.048
17.300	-21.181	-0.030
17.320	-18.286	-0.014
17.340	-15.122	0.003
17.360	-11.712	0.019
17.380	-8.145	0.035
17.400	-4.450	0.048
17.420	-0.679	0.067
17.440	3.091	0.075
17.460	6.792	0.093
17.480	10.406	0.102
17.500	13.887	0.108
17.520	17.147	0.117
17.540	20.139	0.124
17.560	22.873	0.124
17.580	25.215	0.129
17.600	27.186	0.129
17.620	28.749	0.126
17.640	29.909	0.120
17.660	30.607	0.119
17.680	30.849	0.109
17.700	30.650	0.098
17.720	29.973	0.088
17.740	28.888	0.074
17.760	27.358	0.062
17.780	25.419	0.048
17.800	23.077	0.028
17.820	20.429	0.015
17.840	17.459	-0.004
17.860	14.198	-0.019
17.880	10.777	-0.035
17.900	7.178	-0.052
17.920	3.446	-0.067
17.940	-0.298	-0.077
17.960	-4.058	-0.094
17.980	-7.753	-0.102
18.000	-11.346	-0.113
18.020	-14.757	-0.119
18.040	-17.958	-0.131
18.060	-20.902	-0.130
18.080	-23.507	-0.140
18.100	-25.762	-0.132
18.120	-27.653	-0.139
18.140	-29.135	-0.127
18.160	-30.151	-0.128
18.180	-30.693	-0.114
18.200	-30.811	-0.114
18.220	-30.527	-0.102
18.240	-29.785	-0.096
18.260	-28.545	-0.073
18.280	-26.880	-0.070
18.300	-24.828	-0.048
18.320	-22.411	-0.032
18.340	-19.650	-0.010
18.360	-16.583	0.003
18.380	-13.307	0.021
18.400	-9.783	0.033
18.420	-6.115	0.054
18.440	-2.393	0.064
18.460	1.372	0.081
18.480	5.137	0.089
18.500	8.801	0.108
18.520	12.351	0.111
18.540	15.702	0.127
18.560	18.823	0.126
18.580	21.707	0.138
18.600	24.199	0.132
18.620	26.353	0.141
18.640	28.099	0.133
18.660	29.447	0.137
18.680	30.349	0.124
18.700	30.795	0.129
18.720	30.795	0.106
18.740	30.333	0.104
18.760	29.426	0.085
18.780	28.083	0.077
18.800	26.326	0.062
18.820	24.189	0.049
18.840	21.637	0.033
18.860	18.796	0.014
18.880	15.697	-0.007
18.900	12.335	-0.015
18.920	8.790	-0.035
18.940	5.137	-0.046
18.960	1.399	-0.067
18.980	-2.377	-0.077
19.000	-6.115	-0.091
19.020	-9.740	-0.102
19.040	-13.232	-0.113
19.060	-16.540	-0.115
19.080	-19.602	-0.125
19.100	-22.357	-0.127
19.120	-24.780	-0.137
19.140	-26.837	-0.127
19.160	-28.507	-0.135
19.180	-29.726	-0.120
19.200	-30.500	-0.123
19.220	-30.827	-0.106
19.240	-30.720	-0.104
19.260	-30.145	-0.085
19.280	-29.119	-0.075
19.300	-27.664	-0.065
19.320	-25.789	-0.054
19.340	-23.523	-0.034
19.360	-20.896	-0.019
19.380	-17.974	-0.003
19.400	-14.768	0.017
19.420	-11.346	0.031
19.440	-7.769	0.044
19.460	-4.052	0.060
19.480	-0.287	0.073
19.500	3.489	0.087
19.520	7.168	0.098
19.540	10.788	0.114
19.560	14.252	0.118
19.580	17.469	0.130
19.600	20.445	0.132
19.620	23.131	0.136
19.640	25.446	0.137
19.660	27.363	0.138
19.680	28.899	0.134
19.700	30.000	0.130
19.720	30.661	0.120
19.740	30.849	0.116
19.760	30.607	0.098
19.780	29.882	0.095
19.800	28.733	0.073
19.820	27.159	0.063
19.840	25.198	0.051
19.860	22.819	0.031
19.880	20.128	0.015
19.900	17.131	-0.002
19.920	13.849	-0.016
19.940	10.401	-0.033
19.960	6.792	-0.042
19.980	3.080	-0.065
20.000	-0.674	-0.077
20.020	-4.418	-0.093
20.040	-8.118	-0.100
20.060	-11.696	-0.113
20.080	-15.063	-0.120
20.100	-18.232	-0.128
20.120	-21.154	-0.129
20.140	-23.721	-0.135
20.160	-25.940	-0.133
20.180	-27.798	-0.134
20.200	-29.200	-0.132
20.220	-30.183	-0.124
20.240	-30.688	-0.118
20.260	-30.822	-0.111
20.280	-30.435	-0.102
20.300	-29.614	-0.087
20.320	-28.335	-0.079
20.340	-26.633	-0.063
20.360	-24.543	-0.049
20.380	-22.105	-0.032
20.400	-19.290	-0.019
20.420	-16.197	-0.004
20.440	-12.915	0.015
20.460	-9.386	0.031
20.480	-5.701	0.045
20.500	-1.969	0.056
20.520	1.791	0.077
20.540	5.535	0.084
20.560	9.203	0.097
20.580	12.732	0.104
20.600	16.057	0.114
20.620	19.156	0.120
20.640	21.981	0.128
20.660	24.457	0.126
20.680	26.557	0.130
20.700	28.265	0.124
20.720	29.565	0.125
20.740	30.414	0.111
20.760	30.817	0.109
20.780	30.774	0.096
20.800	30.269	0.087
20.820	29.302	0.074
20.840	27.922	0.061
20.860	26.128	0.051
20.880	23.942	0.031
20.900	21.364	0.015
20.920	18.490	-0.004
20.940	15.375	-0.018
20.960	11.969	-0.035
20.980	8.419	-0.051
21.000	4.761	-0.068
21.020	1.034	-0.080
21.040	-2.742	-0.094
21.060	-6.475	-0.107
21.080	-10.095	-0.116
21.100	-13.565	-0.122
21.120	-16.857	-0.130
21.140	-19.892	-0.137
21.160	-22.588	-0.141
21.180	-24.984	-0.144
21.200	-27.025	-0.145
21.220	-28.620	-0.143
21.240	-29.802	-0.138
21.260	-30.532	-0.132
21.280	-30.795	-0.124
21.300	-30.656	-0.114
21.320	-30.032	-0.103
21.340	-28.964	-0.093
21.360	-27.449	-0.079
21.380	-25.526	-0.065
21.400	-23.227	-0.044
21.420	-20.579	-0.031
21.440	-17.625	-0.011
21.460	-14.397	0.003
21.480	-10.965	0.021
21.500	-7.361	0.033
21.520	-3.655	0.051
21.540	0.121	0.066
21.560	3.886	0.078
21.580	7.576	0.089
21.600	11.164	0.102
21.620	14.601	0.105
21.640	17.802	0.119
21.660	20.740	0.118
21.680	23.410	0.123
21.700	25.677	0.126
21.720	27.546	0.126
21.740	29.033	0.123
21.760	30.097	0.118
21.780	30.704	0.112
21.800	30.844	0.104
21.820	30.559	0.093
21.840	29.785	0.083
21.860	28.604	0.066
21.880	26.966	0.056
21.900	24.973	0.042
21.920	22.556	0.024
21.940	19.822	0.009
21.960	16.787	-0.009
21.980	13.484	-0.024
22.000	10.047	-0.040
22.020	6.410	-0.056
22.040	2.683	-0.070
22.060	-1.082	-0.084
22.080	-4.821	-0.094
22.100	-8.516	-0.105
22.120	-12.082	-0.119
22.140	-15.412	-0.123
22.160	-18.576	-0.131
22.180	-21.460	-0.133
22.200	-23.990	-0.140
22.220	-26.181	-0.139
22.240	-27.981	-0.136
22.260	-29.350	-0.133
22.280	-30.339	-0.127
22.300	-30.752	-0.125
22.320	-30.784	-0.118
22.340	-30.392	-0.105
22.360	-29.544	-0.094
22.380	-28.233	-0.083
22.400	-26.466	-0.065
22.420	-24.355	-0.052
22.440	-21.863	-0.035
22.460	-19.011	-0.014
22.480	-15.890	0.002
22.500	-12.571	0.018
22.520	-9.021	0.031
22.540	-5.331	0.050
22.560	-1.587	0.064
22.580	2.178	0.077
22.600	5.927	0.090
22.620	9.563	0.101
22.640	13.081	0.110
22.660	16.385	0.120
22.680	19.457	0.130
22.700	22.260	0.130
22.720	24.677	0.133
22.740	26.751	0.135
22.760	28.421	0.131
22.780	29.678	0.130
22.800	30.478	0.121
22.820	30.827	0.118
22.840	30.741	0.102
22.860	30.188	0.093
22.880	29.184	0.082
22.900	27.744	0.069
22.920	25.924	0.055
22.940	23.684	0.039
22.960	21.068	0.023
22.980	18.168	0.006
23.000	15.010	-0.008
23.020	11.583	-0.023
23.040	8.016	-0.043
23.060	4.353	-0.056
23.080	0.604	-0.071
23.100	-3.172	-0.082
23.120	-6.905	-0.094
23.140	-10.514	-0.103
23.160	-13.962	-0.114
23.180	-17.228	-0.117
23.200	-20.225	-0.124
23.220	-22.916	-0.127
23.240	-25.258	-0.132
23.260	-27.250	-0.134
23.280	-28.840	-0.127
23.300	-29.952	-0.127
23.320	-30.618	-0.114
23.340	-30.817	-0.114
23.360	-30.650	-0.098
23.380	-29.990	-0.088
23.400	-28.862	-0.077
23.420	-27.309	-0.061
23.440	-25.344	-0.048
23.460	-23.012	-0.029
23.480	-20.305	-0.015
23.500	-17.324	0.002
23.520	-14.086	0.018
23.540	-10.605	0.035
23.560	-7.007	0.047
23.580	-3.284	0.067
23.600	0.513	0.078
23.620	4.262	0.094
23.640	7.941	0.102
23.660	11.534	0.118
23.680	14.950	0.120
23.700	18.114	0.133
23.720	21.047	0.135
23.740	23.652	0.138
23.760	25.891	0.140
23.780	27.723	0.135
23.800	29.168	0.137
23.820	30.177	0.131
23.840	30.741	0.125
23.860	30.833	0.114
23.880	30.489	0.101
23.900	29.683	0.093
23.920	28.443	0.077
23.940	26.767	0.063
23.960	24.720	0.051
23.980	22.287	0.031
24.000	19.510	0.018
24.020	16.460	-0.000
24.040	13.119	-0.016
24.060	9.660	-0.031
24.080	6.013	-0.047
24.100	2.285	-0.061
24.120	-1.480	-0.073
24.140	-5.207	-0.089
24.160	-8.892	-0.100
24.180	-12.421	-0.110
24.200	-15.761	-0.118
24.220	-18.898	-0.124
24.240	-21.729	-0.131
24.260	-24.221	-0.131
24.280	-26.385	-0.132
24.300	-28.142	-0.131
24.320	-29.463	-0.124
24.340	-30.349	-0.126
24.360	-30.774	-0.113
24.380	-30.768	-0.110
24.400	-30.290	-0.091
24.420	-29.399	-0.082
24.440	-28.034	-0.070
24.460	-26.224	-0.057
24.480	-24.065	-0.044
24.500	-21.541	-0.025
24.520	-18.656	-0.014
24.540	-15.536	0.006
24.560	-12.174	0.023
24.580	-8.607	0.037
24.600	-4.923	0.051
24.620	-1.174	0.070
24.640	2.586	0.080
24.660	6.330	0.093
24.680	9.961	0.101
24.700	13.436	0.110
24.720	16.734	0.117
24.740	19.763	0.128
24.760	22.551	0.131
24.780	24.925	0.135
24.800	26.955	0.135
24.820	28.572	0.126
24.840	29.780	0.126
24.860	30.532	0.115
24.880	30.838	0.109
24.900	30.704	0.100
24.920	30.102	0.093
24.940	29.055	0.076
24.960	27.556	0.064
24.980	25.703	0.048
25.000	23.437	0.031
25.020	20.794	0.016
25.040	17.862	-0.001
25.060	14.666	-0.019
25.080	11.239	-0.036
25.100	7.656	-0.048
25.120	3.983	-0.065
25.140	0.239	-0.079
25.160	-3.542	-0.094
25.180	-7.259	-0.100
25.200	-10.868	-0.114
25.220	-14.279	-0.122
25.240	-17.507	-0.129
25.260	-20.483	-0.135
25.280	-23.136	-0.141
25.300	-25.446	-0.138
25.320	-27.385	-0.141
25.340	-28.915	-0.137
25.360	-29.995	-0.135
25.380	-30.618	-0.126
25.400	-30.817	-0.119
25.420	-30.553	-0.110
25.440	-29.844	-0.098
25.460	-28.668	-0.086
25.480	-27.073	-0.073
25.500	-25.091	-0.056
25.520	-22.696	-0.044
25.540	-19.972	-0.025
25.560	-16.965	-0.011
25.580	-13.710	0.008
25.600	-10.208	0.022
25.620	-6.593	0.039
25.640	-2.855	0.051
25.660	0.921	0.069
25.680	4.676	0.080
25.700	8.333	0.092
25.720	11.905	0.101
25.740	15.305	0.110
25.760	18.442	0.114
25.780	21.326	0.122
25.800	23.899	0.123
25.820	26.101	0.127
25.840	27.900	0.125
25.860	29.302	0.122
25.880	30.258	0.115
25.900	30.768	0.105
25.920	30.817	0.100
25.940	30.430	0.091
25.960	29.571	0.077
25.980	28.292	0.062
26.000	26.584	0.052
26.020	24.490	0.032
26.040	22.013	0.023
26.060	19.204	-0.000
26.080	16.127	-0.015
26.100	12.786	-0.031
26.120	9.284	-0.044
26.140	5.637	-0.065
26.160	1.899	-0.075
26.180	-1.872	-0.089
26.200	-5.594	-0.103
26.220	-9.273	-0.110
26.240	-12.797	-0.123
26.260	-16.089	-0.125
26.280	-19.188	-0.137
26.300	-21.987	-0.135
26.320	-24.473	-0.145
26.340	-26.552	-0.137
26.360	-28.287	-0.143
26.380	-29.565	-0.133
26.400	-30.403	-0.132
26.420	-30.774	-0.123
26.440	-30.725	-0.113
26.460	-30.231	-0.106
26.480	-29.275	-0.088
26.500	-27.863	-0.083
26.520	-26.031	-0.065
26.540	-23.823	-0.052
26.560	-21.245	-0.030
26.580	-18.340	-0.019
26.600	-15.192	0.002
26.620	-11.819	0.016
26.640	-8.237	0.033
26.660	-4.536	0.050
26.680	-0.792	0.065
26.700	2.978	0.075
26.720	6.706	0.091
26.740	10.326	0.103
26.760	13.796	0.112
26.780	17.061	0.119
26.800	20.074	0.120
26.820	22.814	0.127
26.840	25.150	0.127
26.860	27.148	0.127
26.880	28.722	0.123
26.900	29.898	0.121
26.920	30.591	0.118
26.940	30.849	0.112
26.960	30.672	0.101
26.980	30.011	0.090
27.000	28.915	0.076
27.020	27.363	0.064
27.040	25.483	0.048
27.060	23.157	0.032
27.080	20.483	0.017
27.100	17.529	-0.002
27.120	14.301	-0.015
27.140	10.858	-0.036
27.160	7.248	-0.050
27.180	3.558	-0.068
27.200	-0.196	-0.076
27.220	-3.956	-0.093
27.240	-7.678	-0.100
27.260	-11.255	-0.114
27.280	-14.655	-0.117
27.300	-17.894	-0.125
27.320	-20.832	-0.133
27.340	-23.437	-0.132
27.360	-25.703	-0.137
27.380	-27.621	-0.135
27.400	-29.098	-0.132
27.420	-30.135	-0.125
27.440	-30.715	-0.123
27.460	-30.833	-0.114
27.480	-30.559	-0.106
27.500	-29.802	-0.092
27.520	-28.577	-0.084
27.540	-26.944	-0.069
27.560	-24.892	-0.048
27.580	-22.475	-0.036
27.600	-19.715	-0.010
27.620	-16.669	0.002
27.640	-13.393	0.022
27.660	-9.869	0.035
27.680	-6.222	0.051
27.700	-2.490	0.064
27.720	1.297	0.081
27.740	5.030	0.091
27.760	8.688	0.109
27.780	12.265	0.114
27.800	15.633	0.123
27.820	18.748	0.127
27.840	21.621	0.135
27.860	24.146	0.135
27.880	26.310	0.138
27.900	28.061	0.137
27.920	29.420	0.138
27.940	30.323	0.128
27.960	30.790	0.125
27.980	30.811	0.110
28.000	30.360	0.102
28.020	29.458	0.089
28.040	28.126	0.078
28.060	26.380	0.065
28.080	24.237	0.052
28.100	21.713	0.032
28.120	18.882	0.017
28.140	15.783	-0.004
28.160	12.405	-0.016
28.180	8.908	-0.036
28.200	5.223	-0.044
28.220	1.507	-0.064
28.240	-2.275	-0.074
28.260	-5.997	-0.086
28.280	-9.671	-0.098
28.300	-13.178	-0.110
28.320	-16.444	-0.119
28.340	-19.521	-0.123
28.360	-22.287	-0.127
28.380	-24.726	-0.125
28.400	-26.799	-0.131
28.420	-28.464	-0.126
28.440	-29.683	-0.121
28.460	-30.489	-0.118
28.480	-30.817	-0.112
28.500	-30.715	-0.102
28.520	-30.161	-0.090
28.540	-29.162	-0.076
28.560	-27.691	-0.065
28.580	-25.816	-0.051
28.600	-23.582	-0.033
28.620	-20.988	-0.023
28.640	-18.033	-0.004
28.660	-14.838	0.011
28.680	-11.448	0.034
28.700	-7.861	0.045
28.720	-4.144	0.059
28.740	-0.395	0.072
28.760	3.381	0.085
28.780	7.087	0.100
28.800	10.702	0.109
28.820	14.139	0.122
28.840	17.389	0.127
28.860	20.386	0.136
28.880	23.066	0.137
28.900	25.381	0.137
28.920	27.331	0.134
28.940	28.862	0.135
28.960	29.973	0.127
28.980	30.650	0.124
29.000	30.849	0.112
29.020	30.618	0.104
29.040	29.904	0.092
29.060	28.781	0.079
29.080	27.186	0.065
29.100	25.268	0.050
29.120	22.884	0.033
29.140	20.198	0.018
29.160	17.206	0.002
29.180	13.951	-0.016
29.200	10.503	-0.029
29.220	6.888	-0.044
29.240	3.177	-0.063
29.260	-0.545	-0.076
29.280	-4.326	-0.088
29.300	-8.038	-0.100
29.320	-11.594	-0.112
29.340	-14.988	-0.115
29.360	-18.173	-0.125
29.380	-21.084	-0.128
29.400	-23.646	-0.137
29.420	-25.891	-0.131
29.440	-27.750	-0.137
29.460	-29.184	-0.127
29.480	-30.167	-0.131
29.500	-30.698	-0.118
29.520	-30.806	-0.113
29.540	-30.441	-0.098
29.560	-29.630	-0.089
29.580	-28.384	-0.079
29.600	-26.686	-0.065
29.620	-24.618	-0.052
29.640	-22.164	-0.034
29.660	-19.376	-0.022
29.680	-16.304	0.001
29.700	-12.985	0.012
29.720	-9.461	0.029
29.740	-5.820	0.044
29.760	-2.081	0.060
29.780	1.705	0.072
29.800	5.449	0.085
29.820	9.091	0.097
29.840	12.641	0.104
29.860	15.982	0.113
29.880	19.070	0.119
29.900	21.901	0.126
29.920	24.393	0.125
29.940	26.514	0.128
29.960	28.212	0.124
29.980	29.538	0.123
30.000	30.398	0.111
30.020	30.822	0.109
30.040	30.768	0.093
30.060	30.280	0.095
30.080	29.340	0.073
30.100	27.965	0.064
30.120	26.176	0.047
30.140	23.990	0.031
30.160	21.449	0.018
30.180	18.587	0.001
30.200	15.439	-0.018
30.220	12.050	-0.032
30.240	8.527	-0.046
30.260	4.869	-0.064
30.280	1.104	-0.078
30.300	-2.661	-0.095
30.320	-6.378	-0.103
30.340	-10.014	-0.115
30.360	-13.500	-0.121
30.380	-16.755	-0.131
30.400	-19.801	-0.139
30.420	-22.551	-0.137
30.440	-24.930	-0.145
30.460	-26.949	-0.139
30.480	-28.588	-0.142
30.500	-29.780	-0.133
30.520	-30.521	-0.136
30.540	-30.795	-0.122
30.560	-30.645	-0.119
30.580	-30.049	-0.102
30.600	-29.012	-0.095
30.620	-27.492	-0.079
30.640	-25.574	-0.065
30.660	-23.308	-0.046
30.680	-20.660	-0.031
30.700	-17.690	-0.014
30.720	-14.499	-0.000
30.740	-11.073	0.016
30.760	-7.463	0.033
30.780	-3.725	0.048
30.800	0.013	0.068
30.820	3.768	0.076
30.840	7.474	0.089
30.860	11.078	0.101
30.880	14.510	0.108
30.900	17.717	0.118
30.920	20.676	0.122
30.940	23.335	0.124
30.960	25.607	0.130
30.980	27.508	0.124
31.000	29.001	0.124
31.020	30.070	0.118
31.040	30.688	0.112
31.060	30.838	0.107
31.080	30.570	0.093
31.100	29.823	0.086
31.120	28.625	0.068
31.140	27.019	0.062
31.160	25.032	0.042
31.180	22.626	0.030
31.200	19.881	0.010
31.220	16.873	-0.006
31.240	13.597	-0.025
31.260	10.116	-0.040
31.280	6.491	-0.053
31.300	2.774	-0.070
31.320	-0.964	-0.084
31.340	-4.735	-0.095
31.360	-8.430	-0.102
31.380	-11.969	-0.119
31.400	-15.343	-0.120
31.420	-18.501	-0.135
31.440	-21.380	-0.132
31.460	-23.915	-0.143
31.480	-26.138	-0.136
31.500	-27.948	-0.141
31.520	-29.323	-0.131
31.540	-30.280	-0.131
31.560	-30.741	-0.121
31.580	-30.801	-0.115
31.600	-30.425	-0.102
31.620	-29.565	-0.093
31.640	-28.249	-0.081
31.660	-26.525	-0.065
31.680	-24.409	-0.054
31.700	-21.901	-0.031
31.720	-19.086	-0.019
31.740	-15.992	0.004
31.760	-12.652	0.014
31.780	-9.117	0.032
31.800	-5.449	0.048
31.820	-1.695	0.063
31.840	2.076	0.076
31.860	5.825	0.088
31.880	9.456	0.103
31.900	12.990	0.110
31.920	16.315	0.119
31.940	19.365	0.124
31.960	22.196	0.131
31.980	24.629	0.132
32.000	26.719	0.134
32.020	28.378	0.127
32.040	29.656	0.130
32.060	30.478	0.120
32.080	30.833	0.119
32.100	30.747	0.105
32.120	30.210	0.097
32.140	29.216	0.085
32.160	27.798	0.068
32.180	25.967	0.057
32.200	23.727	0.039
32.220	21.154	0.029
32.240	18.254	0.007
32.260	15.079	-0.007
32.280	11.674	-0.022
32.300	8.129	-0.038
32.320	4.434	-0.057
32.340	0.679	-0.065
32.360	-3.080	-0.085
32.380	-6.786	-0.093
32.400	-10.417	-0.104
32.420	-13.892	-0.111
32.440	-17.131	-0.119
32.460	-20.139	-0.128
32.480	-22.846	-0.128
32.500	-25.198	-0.131
32.520	-27.202	-0.128
32.540	-28.776	-0.132
32.560	-29.925	-0.123
32.580	-30.607	-0.120
32.600	-30.822	-0.110
32.620	-30.666	-0.102
32.640	-30.016	-0.086
32.660	-28.905	-0.078
32.680	-27.347	-0.063
32.700	-25.386	-0.047
32.720	-23.088	-0.031
32.740	-20.402	-0.015
32.760	-17.389	0.002
32.780	-14.182	0.021
32.800	-10.713	0.035
32.820	-7.093	0.046
32.840	-3.360	0.067
32.860	0.395	0.080
32.880	4.149	0.093
32.900	7.866	0.101
32.920	11.438	0.114
32.940	14.854	0.123
32.960	18.039	0.131
32.980	20.971	0.134
33.000	23.582	0.137
33.020	25.822	0.139
33.040	27.675	0.139
33.060	29.135	0.138
33.080	30.156	0.134
33.100	30.731	0.124
33.120	30.838	0.114
33.140	30.516	0.102
33.160	29.710	0.093
33.180	28.480	0.079
33.200	26.826	0.066
33.220	24.790	0.053
33.240	22.363	0.035
33.260	19.575	0.020
33.280	16.535	-0.002
33.300	13.242	-0.016
33.320	9.740	-0.035
33.340	6.099	-0.039
33.360	2.387	-0.065
33.380	-1.372	-0.070
33.400	-5.137	-0.090
33.420	-8.817	-0.096
33.440	-12.335	-0.112
33.460	-15.681	-0.115
33.480	-18.823	-0.126
33.500	-21.664	-0.129
33.520	-24.146	-0.130
33.540	-26.326	-0.132
33.560	-28.099	-0.129
33.580	-29.426	-0.129
33.600	-30.344	-0.123
33.620	-30.763	-0.116
33.640	-30.779	-0.104
33.660	-30.333	-0.095
33.680	-29.399	-0.083
33.700	-28.061	-0.070
33.720	-26.305	-0.056
33.740	-24.140	-0.040
33.760	-21.594	-0.027
33.780	-18.759	-0.013
33.800	-15.633	0.006
33.820	-12.276	0.022
33.840	-8.709	0.035
33.860	-5.035	0.051
33.880	-1.276	0.065
33.900	2.511	0.081
33.920	6.212	0.091
33.940	9.843	0.102
33.960	13.371	0.112
33.980	16.653	0.118
34.000	19.688	0.126
34.020	22.475	0.134
34.040	24.860	0.131
34.060	26.901	0.134
34.080	28.534	0.130
34.100	29.753	0.130
34.120	30.532	0.118
34.140	30.838	0.109
34.160	30.720	0.101
34.180	30.102	0.091
34.200	29.087	0.078
34.220	27.615	0.064
34.240	25.757	0.051
34.260	23.469	0.035
34.280	20.864	0.018
34.300	17.942	0.002
34.320	14.736	-0.017
34.340	11.314	-0.033
34.360	7.769	-0.044
34.380	4.085	-0.065
34.400	0.314	-0.077
34.420	-3.435	-0.093
34.440	-7.157	-0.102
34.460	-10.756	-0.111
34.480	-14.193	-0.120
34.500	-17.432	-0.127
34.520	-20.407	-0.134
34.540	-23.077	-0.135
34.560	-25.381	-0.137
34.580	-27.336	-0.141
34.600	-28.883	-0.134
34.620	-29.973	-0.134
34.640	-30.607	-0.123
34.660	-30.811	-0.122
34.680	-30.575	-0.107
34.700	-29.882	-0.102
34.720	-28.717	-0.087
34.740	-27.127	-0.077
34.760	-25.129	-0.059
34.780	-22.776	-0.045
34.800	-20.053	-0.031
34.820	-17.040	-0.011
34.840	-13.801	-0.000
34.860	-10.321	0.023
34.880	-6.690	0.039
34.900	-2.946	0.052
34.920	0.814	0.067
34.940	4.563	0.077
34.960	8.247	0.092
34.980	11.824	0.102
35.000	15.203	0.109
35.020	18.372	0.114
35.040	21.278	0.118
35.060	23.834	0.119
35.080	26.036	0.130
35.100	27.857	0.122
35.120	29.281	0.122
35.140	30.237	0.112
35.160	30.763	0.112
35.180	30.811	0.096
35.200	30.435	0.091
35.220	29.597	0.077
35.240	28.330	0.066
35.260	26.622	0.051
35.280	24.559	0.039
35.300	22.083	0.018
35.320	19.269	0.004
35.340	16.213	-0.015
35.360	12.872	-0.029
35.380	9.375	-0.042
35.400	5.718	-0.063
35.420	2.006	-0.076
35.440	-1.759	-0.090
35.460	-5.519	-0.097
35.480	-9.177	-0.113
35.500	-12.673	-0.118
35.520	-16.014	-0.129
35.540	-19.118	-0.132
35.560	-21.906	-0.138
35.580	-24.404	-0.142
35.600	-26.520	-0.141
35.620	-28.260	-0.142
35.640	-29.544	-0.135
35.660	-30.392	-0.137
35.680	-30.747	-0.123
35.700	-30.731	-0.121
35.720	-30.263	-0.103
35.740	-29.297	-0.096
35.760	-27.889	-0.078
35.780	-26.090	-0.065
35.800	-23.877	-0.048
35.820	-21.326	-0.035
35.840	-18.442	-0.015
35.860	-15.283	0.001
35.880	-11.905	0.016
35.900	-8.312	0.032
35.920	-4.643	0.047
35.940	-0.867	0.061
35.960	2.892	0.075
35.980	6.615	0.088
36.000	10.224	0.101
36.020	13.704	0.112
36.040	16.981	0.118
36.060	19.994	0.122
36.080	22.749	0.122
36.100	25.096	0.124
36.120	27.094	0.128
36.140	28.679	0.122
36.160	29.855	0.121
36.180	30.580	0.118
36.200	30.854	0.113
36.220	30.672	0.099
36.240	30.032	0.090
36.260	28.953	0.074
36.280	27.427	0.064
36.300	25.537	0.050
36.320	23.200	0.035
36.340	20.558	0.017
36.360	17.604	0.002
36.380	14.386	-0.014
36.400	10.933	-0.031
36.420	7.366	-0.048
36.440	3.660	-0.065
36.460	-0.099	-0.073
36.480	-3.859	-0.090
36.500	-7.560	-0.097
36.520	-11.180	-0.117
36.540	-14.596	-0.118
36.560	-17.786	-0.129
36.580	-20.746	-0.128
36.600	-23.388	-0.137
36.620	-25.666	-0.130
36.640	-27.573	-0.135
36.660	-29.071	-0.129
36.680	-30.102	-0.127
36.700	-30.704	-0.120
36.720	-30.844	-0.111
36.740	-30.564	-0.102
36.760	-29.823	-0.089
36.780	-28.625	-0.084
36.800	-26.998	-0.068
36.820	-24.946	-0.049
36.840	-22.545	-0.034
36.860	-19.795	-0.015
36.880	-16.750	0.004
36.900	-13.473	0.019
36.920	-9.971	0.035
36.940	-6.330	0.048
36.960	-2.565	0.064
36.980	1.195	0.077
37.000	4.939	0.091
37.020	8.613	0.107
37.040	12.174	0.111
37.060	15.541	0.126
37.080	18.673	0.129
37.100	21.562	0.139
37.120	24.076	0.135
37.140	26.251	0.139
37.160	28.029	0.136
37.180	29.399	0.138
37.200	30.317	0.129
37.220	30.790	0.124
37.240	30.801	0.109
37.260	30.382	0.103
37.280	29.485	0.092
37.300	28.158	0.077
37.320	26.418	0.066
37.340	24.312	0.051
37.360	21.782	0.034
37.380	18.947	0.015
37.400	15.880	-0.000
37.420	12.517	-0.015
37.440	8.972	-0.033
37.460	5.320	-0.044
37.480	1.603	-0.064
37.500	-2.167	-0.072
37.520	-5.922	-0.095
37.540	-9.574	-0.095
37.560	-13.060	-0.110
37.580	-16.379	-0.110
37.600	-19.457	-0.127
37.620	-22.212	-0.123
37.640	-24.667	-0.131
37.660	-26.756	-0.123
37.680	-28.437	-0.131
37.700	-29.673	-0.119
37.720	-30.462	-0.121
37.740	-30.817	-0.104
37.760	-30.747	-0.102
37.780	-30.188	-0.086
37.800	-29.184	-0.076
37.820	-27.739	-0.063
37.840	-25.886	-0.047
37.860	-23.646	-0.030
37.880	-21.036	-0.024
37.900	-18.119	-0.000
37.920	-14.961	0.013
37.940	-11.545	0.034
37.960	-7.941	0.041
37.980	-4.251	0.057
38.000	-0.486	0.072
38.020	3.301	0.087
38.040	6.985	0.097
38.060	10.589	0.109
38.080	14.059	0.114
38.100	17.319	0.133
38.120	20.295	0.131
38.140	23.002	0.138
38.160	25.327	0.137
38.180	27.288	0.140
38.200	28.829	0.130
38.220	29.957	0.132
38.240	30.629	0.121
38.260	30.860	0.114
38.280	30.634	0.101
38.300	29.947	0.098
38.320	28.808	0.074
38.340	27.256	0.067
38.360	25.322	0.048
38.380	22.943	0.035
38.400	20.284	0.019
38.420	17.298	0.003
38.440	14.027	-0.015
38.460	10.589	-0.029
38.480	7.001	-0.043
38.500	3.284	-0.057
38.520	-0.486	-0.076
38.540	-4.235	-0.088
38.560	-7.925	-0.101
38.580	-11.502	-0.107
38.600	-14.907	-0.118
38.620	-18.093	-0.125
38.640	-21.014	-0.130
38.660	-23.587	-0.134
38.680	-25.843	-0.135
38.700	-27.701	-0.134
38.720	-29.162	-0.131
38.740	-30.151	-0.128
38.760	-30.677	-0.124
38.780	-30.817	-0.114
38.800	-30.441	-0.105
38.820	-29.667	-0.087
38.840	-28.427	-0.081
38.860	-26.745	-0.064
38.880	-24.667	-0.051
38.900	-22.239	-0.031
38.920	-19.446	-0.022
38.940	-16.358	-0.005
38.960	-13.076	0.006
38.980	-9.574	0.030
39.000	-5.900	0.039
39.020	-2.156	0.057
39.040	1.598	0.067
39.060	5.347	0.083
39.080	9.010	0.094
39.100	12.539	0.103
39.120	15.885	0.110
39.140	19.006	0.118
39.160	21.842	0.122
39.180	24.328	0.126
39.200	26.461	0.128
39.220	28.185	0.128
39.240	29.517	0.118
39.260	30.392	0.112
39.280	30.806	0.106
39.300	30.774	0.097
39.320	30.312	0.088
39.340	29.366	0.075
39.360	27.997	0.061
39.380	26.214	0.050
39.400	24.076	0.032
39.420	21.503	0.020
39.440	18.656	-0.002
39.460	15.525	-0.016
39.480	12.157	-0.028
39.500	8.618	-0.049
39.520	4.939	-0.065
39.540	1.227	-0.080
39.560	-2.549	-0.090
39.580	-6.292	-0.106
39.600	-9.923	-0.114
39.620	-13.404	-0.123
39.640	-16.680	-0.131
39.660	-19.736	-0.138
39.680	-22.465	-0.142
39.700	-24.882	-0.144
39.720	-26.923	-0.147
39.740	-28.550	-0.143
39.760	-29.737	-0.135
39.780	-30.500	-0.130
39.800	-30.801	-0.127
39.820	-30.677	-0.114
39.840	-30.075	-0.105
39.860	-29.033	-0.088
39.880	-27.546	-0.084
39.900	-25.639	-0.065
39.920	-23.367	-0.048
39.940	-20.708	-0.035
39.960	-17.781	-0.016
39.980	-14.569	-0.001
40.000	-11.164	0.018
40.020	-7.554	0.033
40.040	-3.854	0.048
40.060	-0.083	0.061
40.080	3.703	0.074
40.100	7.383	0.085
40.120	10.970	0.100
40.140	14.429	0.102
40.160	17.647	0.115
40.180	20.601	0.118
40.200	23.260	0.125
40.220	25.553	0.125
40.240	27.476	0.124
40.260	28.969	0.122
40.280	30.049	0.118
40.300	30.682	0.113
40.320	30.844	0.104
40.340	30.580	0.093
40.360	29.828	0.085
40.380	28.668	0.070
40.400	27.078	0.061
40.420	25.091	0.043
40.440	22.685	0.022
40.460	19.967	0.013
40.480	16.965	-0.009
40.500	13.677	-0.021
40.520	10.202	-0.040
40.540	6.604	-0.053
40.560	2.887	-0.070
40.580	-0.878	-0.081
40.600	-4.627	-0.096
40.620	-8.312	-0.106
40.640	-11.878	-0.115
40.660	-15.262	-0.122
40.680	-18.404	-0.131
40.700	-21.299	-0.137
40.720	-23.845	-0.135
40.740	-26.063	-0.140
40.760	-27.873	-0.137
40.780	-29.291	-0.137
40.800	-30.258	-0.130
40.820	-30.720	-0.123
40.840	-30.784	-0.116
40.860	-30.408	-0.103
40.880	-29.581	-0.093
40.900	-28.281	-0.082
40.920	-26.552	-0.069
40.940	-24.452	-0.050
40.960	-21.992	-0.036
40.980	-19.145	-0.017
41.000	-16.041	-0.001
41.020	-12.738	0.016
41.040	-9.214	0.031
41.060	-5.524	0.046
41.080	-1.775	0.063
41.100	1.985	0.076
41.120	5.728	0.087
41.140	9.386	0.102
41.160	12.915	0.105
41.180	16.218	0.116
41.200	19.301	0.122
41.220	22.115	0.130
41.240	24.565	0.128
41.260	26.654	0.133
41.280	28.346	0.130
41.300	29.624	0.130
41.320	30.446	0.120
41.340	30.822	0.116
41.360	30.752	0.102
41.380	30.220	0.096
41.400	29.248	0.080
41.420	27.809	0.068
41.440	26.020	0.056
41.460	23.818	0.039
41.480	21.224	0.025
41.500	18.329	0.010
41.520	15.187	-0.007
41.540	11.781	-0.021
41.560	8.215	-0.040
41.580	4.541	-0.052
41.600	0.814	-0.069
41.620	-2.962	-0.083
41.640	-6.695	-0.090
41.660	-10.321	-0.106
41.680	-13.769	-0.109
41.700	-17.045	-0.121
41.720	-20.074	-0.126
41.740	-22.749	-0.127
41.760	-25.123	-0.131
41.780	-27.137	-0.132
41.800	-28.727	-0.128
41.820	-29.882	-0.125
41.840	-30.580	-0.119
41.860	-30.817	-0.108
41.880	-30.639	-0.102
41.900	-30.016	-0.090
41.920	-28.921	-0.079
41.940	-27.379	-0.063
41.960	-25.435	-0.051
41.980	-23.125	-0.030
42.000	-20.429	-0.020
42.020	-17.480	0.003
42.040	-14.258	0.014
42.060	-10.766	0.032
42.080	-7.178	0.043
42.100	-3.467	0.063
42.120	0.309	0.079
42.140	4.074	0.088
42.160	7.753	0.101
42.180	11.341	0.114
42.200	14.773	0.121
42.220	17.969	0.130
42.240	20.891	0.134
42.260	23.533	0.136
42.280	25.773	0.138
42.300	27.653	0.136
42.320	29.109	0.135
42.340	30.145	0.131
42.360	30.720	0.124
42.380	30.849	0.115
42.400	30.521	0.101
42.420	29.737	0.095
42.440	28.518	0.076
42.460	26.880	0.067
42.480	24.855	0.049
42.500	22.422	0.034
42.520	19.677	0.018
42.540	16.632	0.002
42.560	13.307	-0.016
42.580	9.843	-0.031
42.600	6.217	-0.046
42.620	2.495	-0.063
42.640	-1.281	-0.073
42.660	-5.014	-0.090
42.680	-8.698	-0.093
42.700	-12.243	-0.114
42.720	-15.584	-0.110
42.740	-18.716	-0.129
42.760	-21.568	-0.123
42.780	-24.103	-0.135
42.800	-26.251	-0.130
42.820	-28.045	-0.134
42.840	-29.393	-0.127
42.860	-30.312	-0.127
42.880	-30.763	-0.114
42.900	-30.784	-0.108
42.920	-30.328	-0.095
42.940	-29.431	-0.086
42.960	-28.104	-0.074
42.980	-26.348	-0.060
43.000	-24.183	-0.042
43.020	-21.697	-0.027
43.040	-18.828	-0.015
43.060	-15.702	0.004
43.080	-12.356	0.020
43.100	-8.817	0.038
43.120	-5.132	0.051
43.140	-1.362	0.067
43.160	2.387	0.080
43.180	6.126	0.091
43.200	9.767	0.104
43.220	13.269	0.108
43.240	16.562	0.118
43.260	19.607	0.122
43.280	22.422	0.133
43.300	24.801	0.130
43.320	26.858	0.136
43.340	28.496	0.126
43.360	29.742	0.129
43.380	30.505	0.114
43.400	30.827	0.115
43.420	30.715	0.097
43.440	30.156	0.093
43.460	29.119	0.074
43.480	27.664	0.067
43.500	25.816	0.053
43.520	23.566	0.038
43.540	20.928	0.019
43.560	18.007	-0.001
43.580	14.838	-0.017
43.600	11.432	-0.031
43.620	7.850	-0.043
43.640	4.155	-0.065
43.660	0.432	-0.078
43.680	-3.333	-0.088
43.700	-7.055	-0.098
43.720	-10.670	-0.112
43.740	-14.107	-0.123
43.760	-17.357	-0.128
43.780	-20.343	-0.135
43.800	-23.002	-0.136
43.820	-25.311	-0.143
43.840	-27.315	-0.143
43.860	-28.851	-0.140
43.880	-29.936	-0.133
43.900	-30.596	-0.129
43.920	-30.822	-0.124
43.940	-30.580	-0.109
43.960	-29.904	-0.100
43.980	-28.749	-0.089
44.000	-27.170	-0.073
44.020	-25.188	-0.062
44.040	-22.846	-0.044
44.060	-20.123	-0.027
44.080	-17.126	-0.013
44.100	-13.876	0.003
44.120	-10.396	0.022
44.140	-6.770	0.037
44.160	-3.059	0.050
44.180	0.722	0.061
44.200	4.482	0.077
44.220	8.140	0.085
44.240	11.728	0.101
44.260	15.128	0.105
44.280	18.297	0.114
44.300	21.192	0.120
44.320	23.770	0.119
44.340	25.988	0.126
44.360	27.809	0.123
44.380	29.238	0.122
44.400	30.215	0.114
44.420	30.747	0.108
44.440	30.827	0.100
44.460	30.462	0.090
44.480	29.619	0.076
44.500	28.378	0.066
44.520	26.681	0.050
44.540	24.618	0.038
44.560	22.153	0.018
44.580	19.360	0.009
44.600	16.293	-0.018
44.620	12.963	-0.027
44.640	9.472	-0.047
44.660	5.846	-0.060
44.680	2.103	-0.075
44.700	-1.668	-0.088
44.720	-5.395	-0.101
44.740	-9.064	-0.110
44.760	-12.603	-0.122
44.780	-15.923	-0.125
44.800	-19.032	-0.134
44.820	-21.863	-0.138
44.840	-24.339	-0.140
44.860	-26.455	-0.144
44.880	-28.196	-0.140
44.900	-29.506	-0.138
44.920	-30.387	-0.132
44.940	-30.747	-0.123
44.960	-30.736	-0.120
44.980	-30.263	-0.105
45.000	-29.323	-0.094
45.020	-27.954	-0.082
45.040	-26.133	-0.066
45.060	-23.926	-0.052
45.080	-21.396	-0.032
45.100	-18.506	-0.018
45.120	-15.348	-0.002
45.140	-11.986	0.014
45.160	-8.430	0.027
45.180	-4.719	0.049
45.200	-0.964	0.058
45.220	2.790	0.076
45.240	6.512	0.085
45.260	10.154	0.099
45.280	13.624	0.105
45.300	16.900	0.118
45.320	19.929	0.119
45.340	22.679	0.125
45.360	25.032	0.126
45.380	27.041	0.127
45.400	28.657	0.122
45.420	29.834	0.121
45.440	30.564	0.115
45.460	30.838	0.110
45.480	30.677	0.099
45.500	30.043	0.088
45.520	28.990	0.077
45.540	27.492	0.061
45.560	25.585	0.050
45.580	23.297	0.031
45.600	20.644	0.016
45.620	17.679	0.001
45.640	14.478	-0.015
45.660	11.056	-0.032
45.680	7.452	-0.044
45.700	3.762	-0.065
45.720	0.030	-0.077
45.740	-3.736	-0.087
45.760	-7.469	-0.102
45.780	-11.046	-0.111
45.800	-14.467	-0.119
45.820	-17.700	-0.125
45.840	-20.655	-0.135
45.860	-23.292	-0.135
45.880	-25.569	-0.135
45.900	-27.503	-0.138
45.920	-29.001	-0.131
45.940	-30.054	-0.132
45.960	-30.666	-0.121
45.980	-30.806	-0.113
46.000	-30.543	-0.102
46.020	-29.839	-0.095
46.040	-28.631	-0.081
46.060	-27.009	-0.069
46.080	-24.989	-0.049
46.100	-22.604	-0.033
46.120	-19.844	-0.016
46.140	-16.814	-0.001
46.160	-13.554	0.014
46.180	-10.025	0.032
46.200	-6.405	0.043
46.220	-2.672	0.061
46.240	1.115	0.077
46.260	4.858	0.089
46.280	8.521	0.101
46.300	12.082	0.110
46.320	15.466	0.119
46.340	18.603	0.127
46.360	21.476	0.132
46.380	24.022	0.135
46.400	26.203	0.138
46.420	27.970	0.137
46.440	29.366	0.135
46.460	30.290	0.126
46.480	30.779	0.120
46.500	30.811	0.109
46.520	30.387	0.102
46.540	29.511	0.091
46.560	28.212	0.072
46.580	26.482	0.064
46.600	24.371	0.048
46.620	21.852	0.034
46.640	19.043	0.016
46.660	15.960	-0.002
46.680	12.603	-0.015
46.700	9.091	-0.030
46.720	5.427	-0.046
46.740	1.695	-0.064
46.760	-2.076	-0.075
46.780	-5.793	-0.084
46.800	-9.461	-0.098
46.820	-12.969	-0.110
46.840	-16.277	-0.117
46.860	-19.333	-0.122
46.880	-22.137	-0.127
46.900	-24.608	-0.129
46.920	-26.670	-0.129
46.940	-28.400	-0.128
46.960	-29.624	-0.123
46.980	-30.435	-0.121
47.000	-30.790	-0.109
47.020	-30.709	-0.102
47.040	-30.204	-0.091
47.060	-29.221	-0.077
47.080	-27.777	-0.065
47.100	-25.913	-0.049
47.120	-23.689	-0.037
47.140	-21.122	-0.023
47.160	-18.184	-0.005
47.180	-15.004	0.013
47.200	-11.620	0.028
47.220	-8.049	0.042
47.240	-4.337	0.058
47.260	-0.577	0.072
47.280	3.172	0.085
47.300	6.899	0.097
47.320	10.525	0.106
47.340	13.984	0.118
47.360	17.217	0.126
47.380	20.225	0.131
47.400	22.943	0.134
47.420	25.263	0.135
47.440	27.234	0.135
47.460	28.797	0.132
47.480	29.936	0.131
47.500	30.618	0.123
47.520	30.854	0.114
47.540	30.639	0.105
47.560	29.968	0.095
47.580	28.856	0.079
47.600	27.288	0.064
47.620	25.365	0.053
47.640	23.023	0.031
47.660	20.343	0.018
47.680	17.362	0.004
47.700	14.129	-0.015
47.720	10.697	-0.028
47.740	7.082	-0.041
47.760	3.376	-0.062
47.780	-0.363	-0.072
47.800	-4.122	-0.090
47.820	-7.839	-0.097
47.840	-11.395	-0.111
47.860	-14.800	-0.119
47.880	-18.007	-0.123
47.900	-20.928	-0.127
47.920	-23.523	-0.133
47.940	-25.768	-0.131
47.960	-27.658	-0.136
47.980	-29.114	-0.129
48.000	-30.129	-0.128
48.020	-30.666	-0.120
48.040	-30.811	-0.114
48.060	-30.462	-0.102
48.080	-29.699	-0.091
48.100	-28.459	-0.081
48.120	-26.783	-0.065
48.140	-24.737	-0.051
48.160	-22.293	-0.034
48.180	-19.505	-0.020
48.200	-16.470	-0.002
48.220	-13.178	0.009
48.240	-9.628	0.030
48.260	-5.991	0.043
48.280	-2.264	0.060
48.300	1.517	0.072
48.320	5.261	0.084
48.340	8.908	0.096
48.360	12.458	0.102
48.380	15.815	0.113
48.400	18.920	0.118
48.420	21.761	0.124
48.440	24.269	0.124
48.460	26.407	0.127
48.480	28.153	0.125
48.500	29.485	0.121
48.520	30.365	0.111
48.540	30.801	0.108
48.560	30.790	0.094
48.580	30.328	0.092
48.600	29.393	0.073
48.620	28.045	0.062
48.640	26.283	0.052
48.660	24.124	0.033
48.680	21.573	0.018
48.700	18.748	-0.000
48.720	15.611	-0.015
48.740	12.227	-0.029
48.760	8.709	-0.044
48.780	5.052	-0.065
48.800	1.319	-0.079
48.820	-2.468	-0.090
48.840	-6.169	-0.102
48.860	-9.832	-0.113
48.880	-13.323	-0.123
48.900	-16.594	-0.130
48.920	-19.634	-0.131
48.940	-22.400	-0.138
48.960	-24.817	-0.142
48.980	-26.869	-0.139
49.000	-28.518	-0.143
49.020	-29.721	-0.133
49.040	-30.484	-0.135
49.060	-30.784	-0.124
49.080	-30.672	-0.117
49.100	-30.086	-0.103
49.120	-29.050	-0.094
49.140	-27.578	-0.081
49.160	-25.687	-0.064
49.180	-23.437	-0.050
49.200	-20.805	-0.034
49.220	-17.851	-0.019
49.240	-14.660	0.001
49.260	-11.250	0.014
49.280	-7.662	0.031
49.300	-3.924	0.042
49.320	-0.169	0.063
49.340	3.585	0.072
49.360	7.281	0.086
49.380	10.906	0.097
49.400	14.327	0.103
49.420	17.545	0.114
49.440	20.531	0.120
49.460	23.206	0.123
49.480	25.489	0.127
49.500	27.427	0.123
49.520	28.942	0.124
49.540	30.027	0.115
49.560	30.666	0.110
49.580	30.849	0.104
49.600	30.591	0.091
49.620	29.871	0.083
49.640	28.706	0.068
49.660	27.100	0.058
49.680	25.145	0.043
49.700	22.755	0.022
49.720	20.048	0.010
49.740	17.034	-0.008
49.760	13.774	-0.020
49.780	10.321	-0.042
49.800	6.690	-0.052
49.820	2.989	-0.073
49.840	-0.755	-0.080
49.860	-4.525	-0.098
49.880	-8.231	-0.102
49.900	-11.776	-0.117
49.920	-15.144	-0.123
49.940	-18.318	-0.132
49.960	-21.219	-0.134
49.980	-23.764	-0.142
50.000	-25.983	-0.139
50.020	-27.830	-0.139
50.040	-29.259	-0.136
50.060	-30.210	-0.135
50.080	-30.715	-0.124
50.100	-30.790	-0.118
50.120	-30.408	-0.106
50.140	-29.614	-0.094
50.160	-28.308	-0.085
50.180	-26.600	-0.069
50.200	-24.500	-0.052
50.220	-22.013	-0.035
50.240	-19.215	-0.020
50.260	-16.137	-0.001
50.280	-12.829	0.014
50.300	-9.268	0.028
50.320	-5.610	0.045
50.340	-1.883	0.060
50.360	1.893	0.076
50.380	5.642	0.084
50.400	9.279	0.103
50.420	12.802	0.105
50.440	16.148	0.118
50.460	19.220	0.121
50.480	22.035	0.129
50.500	24.500	0.127
50.520	26.616	0.129
50.540	28.308	0.126
50.560	29.597	0.125
50.580	30.430	0.117
50.600	30.817	0.114
50.620	30.758	0.103
50.640	30.231	0.094
50.660	29.275	0.080
50.680	27.868	0.065
50.700	26.085	0.055
50.720	23.866	0.039
50.740	21.299	0.023
50.760	18.415	0.010
50.780	15.262	-0.011
50.800	11.857	-0.024
50.820	8.323	-0.040
50.840	4.654	-0.056
50.860	0.900	-0.072
50.880	-2.865	-0.078
50.900	-6.577	-0.095
50.920	-10.213	-0.103
50.940	-13.683	-0.115
50.960	-16.948	-0.120
50.980	-19.967	-0.127
51.000	-22.696	-0.127
51.020	-25.064	-0.131
51.040	-27.073	-0.128
51.060	-28.684	-0.130
51.080	-29.855	-0.124
51.100	-30.553	-0.118
51.120	-30.806	-0.112
51.140	-30.634	-0.101
51.160	-30.016	-0.094
51.180	-28.948	-0.079
51.200	-27.422	-0.069
51.220	-25.483	-0.050
51.240	-23.195	-0.035
51.260	-20.515	-0.015
51.280	-17.545	-0.002
51.300	-14.311	0.016
51.320	-10.890	0.034
51.340	-7.281	0.046
51.360	-3.542	0.064
51.380	0.212	0.077
51.400	3.961	0.090
51.420	7.651	0.101
51.440	11.277	0.116
51.460	14.682	0.120
51.480	17.872	0.131
51.500	20.826	0.134
51.520	23.469	0.138
51.540	25.714	0.139
51.560	27.605	0.137
51.580	29.066	0.136
51.600	30.113	0.130
51.620	30.704	0.127
51.640	30.838	0.111
51.660	30.532	0.102
51.680	29.764	0.093
51.700	28.566	0.080
51.720	26.906	0.067
51.740	24.919	0.054
51.760	22.497	0.030
51.780	19.741	0.022
51.800	16.707	0.002
51.820	13.430	-0.010
51.840	9.934	-0.030
51.860	6.303	-0.040
51.880	2.586	-0.060
51.900	-1.163	-0.072
51.920	-4.906	-0.085
51.940	-8.607	-0.096
51.960	-12.147	-0.108
51.980	-15.493	-0.117
52.000	-18.651	-0.120
52.020	-21.498	-0.125
52.040	-24.033	-0.128
52.060	-26.214	-0.129
52.080	-28.013	-0.131
52.100	-29.350	-0.123
52.120	-30.274	-0.123
52.140	-30.731	-0.110
52.160	-30.806	-0.107
52.180	-30.349	-0.094
52.200	-29.469	-0.085
52.220	-28.131	-0.069
52.240	-26.391	-0.061
52.260	-24.248	-0.041
52.280	-21.740	-0.027
52.300	-18.893	-0.009
52.320	-15.788	0.006
52.340	-12.442	0.020
52.360	-8.892	0.037
52.380	-5.223	0.053
52.400	-1.469	0.066
52.420	2.302	0.081
52.440	6.051	0.097
52.460	9.665	0.105
52.480	13.183	0.114
52.500	16.503	0.120
52.520	19.537	0.130
52.540	22.341	0.131
52.560	24.758	0.133
52.580	26.815	0.133
52.600	28.459	0.131
52.620	29.699	0.128
52.640	30.505	0.119
52.660	30.833	0.116
52.680	30.725	0.100
52.700	30.161	0.094
52.720	29.146	0.079
52.740	27.696	0.067
52.760	25.865	0.054
52.780	23.614	0.036
52.800	21.020	0.021
52.820	18.103	0.004
52.840	14.918	-0.015
52.860	11.497	-0.024
52.880	7.963	-0.042
52.900	4.278	-0.062
52.920	0.524	-0.075
52.940	-3.247	-0.089
52.960	-6.953	-0.100
52.980	-10.589	-0.114
53.000	-14.027	-0.117
53.020	-17.260	-0.127
53.040	-20.252	-0.129
53.060	-22.943	-0.139
53.080	-25.258	-0.134
53.100	-27.240	-0.139
53.120	-28.813	-0.134
53.140	-29.925	-0.135
53.160	-30.602	-0.123
53.180	-30.817	-0.121
53.200	-30.586	-0.107
53.220	-29.925	-0.098
53.240	-28.792	-0.084
53.260	-27.218	-0.073
53.280	-25.241	-0.061
53.300	-22.905	-0.042
53.320	-20.198	-0.027
53.340	-17.217	-0.012
53.360	-13.957	0.006
53.380	-10.514	0.019
53.400	-6.878	0.036
53.420	-3.139	0.048
53.440	0.615	0.068
53.460	4.369	0.079
53.480	8.043	0.093
53.500	11.631	0.101
53.520	15.042	0.108
53.540	18.200	0.115
53.560	21.122	0.122
53.580	23.721	0.120
53.600	25.934	0.127
53.620	27.782	0.118
53.640	29.211	0.122
53.660	30.194	0.114
53.680	30.741	0.112
53.700	30.827	0.098
53.720	30.484	0.091
53.740	29.662	0.077
53.760	28.405	0.065
53.780	26.713	0.051
53.800	24.677	0.037
53.820	22.223	0.019
53.840	19.425	0.008
53.860	16.379	-0.013
53.880	13.054	-0.026
53.900	9.558	-0.048
53.920	5.911	-0.060
53.940	2.194	-0.075
53.960	-1.560	-0.087
53.980	-5.315	-0.101
54.000	-9.015	-0.109
54.020	-12.501	-0.127
54.040	-15.847	-0.125
54.060	-18.973	-0.140
54.080	-21.782	-0.133
54.100	-24.291	-0.144
54.120	-26.428	-0.136
54.140	-28.190	-0.145
54.160	-29.501	-0.135
54.180	-30.376	-0.137
54.200	-30.768	-0.120
54.220	-30.747	-0.119
54.240	-30.306	-0.102
54.260	-29.361	-0.094
54.280	-27.986	-0.081
54.300	-26.203	-0.066
54.320	-24.017	-0.052
54.340	-21.476	-0.034
54.360	-18.603	-0.018
54.380	-15.471	-0.000
54.400	-12.093	0.014
54.420	-8.521	0.030
54.440	-4.842	0.047
54.460	-1.082	0.060
54.480	2.688	0.076
54.500	6.410	0.085
54.520	10.031	0.101
54.540	13.527	0.106
54.560	16.825	0.118
54.580	19.844	0.119
54.600	22.604	0.126
54.620	24.984	0.124
54.640	27.014	0.130
54.660	28.615	0.123
54.680	29.818	0.121
54.700	30.548	0.115
54.720	30.844	0.113
54.740	30.698	0.099
54.760	30.086	0.090
54.780	29.007	0.076
54.800	27.535	0.062
54.820	25.639	0.048
54.840	23.329	0.031
54.860	20.703	0.015
54.880	17.776	-0.002
54.900	14.558	-0.015
54.920	11.121	-0.033
54.940	7.549	-0.049
54.960	3.854	-0.065
54.980	0.089	-0.072
55.000	-3.682	-0.092
55.020	-7.383	-0.099
55.040	-10.992	-0.112
55.060	-14.413	-0.119
55.080	-17.641	-0.123
55.100	-20.601	-0.132
55.120	-23.249	-0.134
55.140	-25.548	-0.135
55.160	-27.487	-0.132
55.180	-29.007	-0.135
55.200	-30.086	-0.127
55.220	-30.688	-0.123
55.240	-30.833	-0.115
55.260	-30.613	-0.107
55.280	-29.887	-0.092
55.300	-28.700	-0.080
55.320	-27.089	-0.069
55.340	-25.059	-0.056
55.360	-22.674	-0.034
55.380	-19.967	-0.014
55.400	-16.922	-0.001
55.420	-13.645	0.018
55.440	-10.176	0.031
55.460	-6.529	0.048
55.480	-2.785	0.061
55.500	0.980	0.080
55.520	4.724	0.087
55.540	8.414	0.103
55.560	11.991	0.112
55.580	15.364	0.120
55.600	18.511	0.126
55.620	21.417	0.133
55.640	23.963	0.133
55.660	26.138	0.138
55.680	27.943	0.136
55.700	29.329	0.134
55.720	30.269	0.125
55.740	30.774	0.124
55.760	30.817	0.109
55.780	30.419	0.101
55.800	29.544	0.092
55.820	28.239	0.076
55.840	26.531	0.063
55.860	24.430	0.048
55.880	21.949	0.033
55.900	19.102	0.020
55.920	16.025	-0.002
55.940	12.684	-0.014
55.960	9.177	-0.034
55.980	5.513	-0.044
56.000	1.786	-0.064
56.020	-1.974	-0.070
56.040	-5.728	-0.094
56.060	-9.391	-0.096
56.080	-12.888	-0.114
56.100	-16.207	-0.109
56.120	-19.306	-0.124
56.140	-22.089	-0.125
56.160	-24.538	-0.127
56.180	-26.643	-0.127
56.200	-28.357	-0.129
56.220	-29.630	-0.124
56.240	-30.446	-0.117
56.260	-30.811	-0.113
56.280	-30.768	-0.099
56.300	-30.231	-0.091
56.320	-29.259	-0.072
56.340	-27.820	-0.065
56.360	-26.004	-0.048
56.380	-23.770	-0.037
56.400	-21.186	-0.022
56.420	-18.281	-0.005
56.440	-15.122	0.012
56.460	-11.733	0.031
56.480	-8.124	0.042
56.500	-4.455	0.061
56.520	-0.690	0.074
56.540	3.091	0.090
56.560	6.813	0.098
56.580	10.412	0.109
56.600	13.892	0.118
56.620	17.153	0.130
56.640	20.144	0.131
56.660	22.873	0.137
56.680	25.209	0.138
56.700	27.202	0.139
56.720	28.760	0.138
56.740	29.904	0.134
56.760	30.607	0.122
56.780	30.844	0.113
56.800	30.661	0.105
56.820	29.979	0.094
56.840	28.872	0.083
56.860	27.358	0.067
56.880	25.424	0.059
56.900	23.077	0.035
56.920	20.424	0.020
56.940	17.459	0.005
56.960	14.215	-0.012
56.980	10.766	-0.028
57.000	7.178	-0.043
57.020	3.489	-0.056
57.040	-0.282	-0.069
57.060	-4.036	-0.088
57.080	-7.742	-0.098
57.100	-11.330	-0.108
57.120	-14.741	-0.116
57.140	-17.921	-0.120
57.160	-20.848	-0.127
57.180	-23.490	-0.130
57.200	-25.725	-0.133
57.220	-27.610	-0.132
57.240	-29.103	-0.128
57.260	-30.108	-0.127
57.280	-30.672	-0.118
57.300	-30.838	-0.111
57.320	-30.484	-0.102
57.340	-29.721	-0.090
57.360	-28.512	-0.079
57.380	-26.842	-0.063
57.400	-24.780	-0.046
57.420	-22.368	-0.034
57.440	-19.613	-0.019
57.460	-16.535	-0.004
57.480	-13.259	0.013
57.500	-9.757	0.028
57.520	-6.104	0.046
57.540	-2.350	0.062
57.560	1.415	0.076
57.580	5.154	0.087
57.600	8.811	0.099
57.620	12.378	0.105
57.640	15.724	0.113
57.660	18.834	0.119
57.680	21.702	0.126
57.700	24.210	0.127
57.720	26.348	0.132
57.740	28.099	0.126
57.760	29.452	0.124
57.780	30.355	0.116
57.800	30.806	0.109
57.820	30.795	0.097
57.840	30.333	0.090
57.860	29.436	0.077
57.880	28.094	0.066
57.900	26.326	0.051
57.920	24.189	0.035
57.940	21.648	0.018
57.960	18.812	0.002
57.980	15.697	-0.015
58.000	12.345	-0.029
58.020	8.811	-0.043
58.040	5.143	-0.061
58.060	1.421	-0.076
58.080	-2.344	-0.090
58.100	-6.083	-0.101
58.120	-9.751	-0.111
58.140	-13.216	-0.120
58.160	-16.519	-0.129
58.180	-19.570	-0.132
58.200	-22.325	-0.139
58.220	-24.753	-0.141
58.240	-26.815	-0.142
58.260	-28.491	-0.139
58.280	-29.694	-0.134
58.300	-30.478	-0.130
58.320	-30.784	-0.121
58.340	-30.677	-0.116
58.360	-30.135	-0.101
58.380	-29.109	-0.091
58.400	-27.615	-0.081
58.420	-25.762	-0.062
58.440	-23.496	-0.050
58.460	-20.880	-0.032
58.480	-17.953	-0.015
58.500	-14.752	-0.000
58.520	-11.336	0.014
58.540	-7.737	0.033
58.560	-4.047	0.047
58.580	-0.282	0.064
58.600	3.489	0.074
58.620	7.195	0.088
58.640	10.782	0.098
58.660	14.247	0.107
58.680	17.480	0.109
58.700	20.450	0.119
58.720	23.131	0.121
58.740	25.440	0.126
58.760	27.368	0.123
58.780	28.899	0.120
58.800	29.995	0.115
58.820	30.650	0.114
58.840	30.854	0.102
58.860	30.607	0.093
58.880	29.893	0.082
58.900	28.749	0.067
58.920	27.164	0.057
58.940	25.204	0.042
58.960	22.819	0.026
58.980	20.123	0.010
59.000	17.136	-0.009
59.020	13.860	-0.021
59.040	10.396	-0.040
59.060	6.802	-0.052
59.080	3.091	-0.073
59.100	-0.690	-0.081
59.120	-4.434	-0.097
59.140	-8.118	-0.104
59.160	-11.696	-0.119
59.180	-15.069	-0.121
59.200	-18.259	-0.135
59.220	-21.149	-0.131
59.240	-23.721	-0.144
59.260	-25.950	-0.134
59.280	-27.782	-0.144
59.300	-29.227	-0.132
59.320	-30.210	-0.133
59.340	-30.715	-0.127
59.360	-30.790	-0.119
59.380	-30.435	-0.106
59.400	-29.646	-0.094
59.420	-28.378	-0.083
59.440	-26.670	-0.068
59.460	-24.565	-0.055
59.480	-22.121	-0.035
59.500	-19.317	-0.018
59.520	-16.229	0.001
59.540	-12.909	0.010
59.560	-9.397	0.030
59.580	-5.718	0.047
59.600	-1.974	0.063
59.620	1.781	0.074
59.640	5.524	0.089
59.660	9.177	0.104
59.680	12.732	0.108
59.700	16.057	0.119
59.720	19.135	0.121
59.740	21.981	0.127
59.760	24.457	0.123
59.780	26.552	0.129
59.800	28.260	0.124
59.820	29.571	0.126
59.840	30.419	0.120
59.860	30.817	0.118
59.880	30.768	0.100
59.900	30.274	0.097
59.920	29.313	0.077
59.940	27.922	0.068
59.960	26.122	0.056
59.980	23.936	0.039
60.000	21.369	0.022
60.020	18.485	0.006
60.040	15.343	-0.006
60.060	11.959	-0.025
60.080	8.403	-0.040
60.100	4.713	-0.056
60.120	0.996	-0.069
60.140	-2.780	-0.084
60.160	-6.507	-0.094
60.180	-10.159	-0.102
60.200	-13.608	-0.113
60.220	-16.889	-0.123
60.240	-19.929	-0.124
60.260	-22.653	-0.130
60.280	-25.032	-0.134
60.300	-27.073	-0.130
60.320	-28.690	-0.129
60.340	-29.844	-0.123
60.360	-30.586	-0.119
60.380	-30.833	-0.113
60.400	-30.698	-0.104
60.420	-30.086	-0.094
60.440	-29.007	-0.081
60.460	-27.476	-0.066
60.480	-25.574	-0.053
60.500	-23.281	-0.031
60.520	-20.612	-0.016
60.540	-17.652	0.001
60.560	-14.451	0.015
60.580	-10.992	0.034
60.600	-7.383	0.045
60.620	-3.671	0.063
60.640	0.089	0.078
60.660	3.875	0.088
60.680	7.565	0.103
60.700	11.142	0.114
60.720	14.585	0.120
60.740	17.802	0.131
60.760	20.735	0.134
60.780	23.388	0.139
60.800	25.671	0.139
60.820	27.546	0.138
60.840	29.028	0.138
60.860	30.092	0.134
60.880	30.698	0.128
60.900	30.844	0.114
60.920	30.564	0.105
60.940	29.785	0.094
60.960	28.593	0.085
60.980	26.966	0.068
61.000	24.978	0.058
61.020	22.556	0.035
61.040	19.817	0.023
61.060	16.798	0.004
61.080	13.495	-0.008
61.100	10.014	-0.031
61.120	6.405	-0.040
61.140	2.672	-0.059
61.160	-1.088	-0.071
61.180	-4.821	-0.085
61.200	-8.510	-0.097
61.220	-12.066	-0.107
61.240	-15.439	-0.114
61.260	-18.560	-0.122
61.280	-21.449	-0.124
61.300	-23.974	-0.130
61.320	-26.181	-0.131
61.340	-27.965	-0.133
61.360	-29.356	-0.126
61.380	-30.280	-0.121
61.400	-30.741	-0.114
61.420	-30.817	-0.104
61.440	-30.371	-0.092
61.460	-29.506	-0.081
61.480	-28.206	-0.073
61.500	-26.428	-0.054
61.520	-24.312	-0.041
61.540	-21.831	-0.028
61.560	-18.990	-0.009
61.580	-15.853	0.006
61.600	-12.539	0.022
61.620	-9.005	0.035
61.640	-5.331	0.055
61.660	-1.560	0.068
61.680	2.189	0.083
61.700	5.922	0.095
61.720	9.569	0.106
61.740	13.103	0.114
61.760	16.395	0.123
61.780	19.451	0.130
61.800	22.282	0.135
61.820	24.699	0.133
61.840	26.751	0.135
61.860	28.427	0.132
61.880	29.678	0.130
61.900	30.484	0.122
61.920	30.827	0.116
61.940	30.736	0.103
61.960	30.183	0.097
61.980	29.189	0.080
62.000	27.739	0.067
62.020	25.924	0.056
62.040	23.684	0.034
62.060	21.084	0.022
62.080	18.173	0.006
62.100	15.010	-0.013
62.120	11.615	-0.026
62.140	8.043	-0.043
62.160	4.359	-0.058
62.180	0.626	-0.073
62.200	-3.150	-0.085
62.220	-6.878	-0.102
62.240	-10.482	-0.106
62.260	-13.941	-0.114
62.280	-17.190	-0.122
62.300	-20.198	-0.130
62.320	-22.867	-0.132
62.340	-25.220	-0.135
62.360	-27.207	-0.137
62.380	-28.786	-0.135
62.400	-29.914	-0.132
62.420	-30.580	-0.127
62.440	-30.827	-0.116
62.460	-30.591	-0.107
62.480	-29.952	-0.097
62.500	-28.840	-0.085
62.520	-27.266	-0.070
62.540	-25.311	-0.056
62.560	-22.975	-0.040
62.580	-20.279	-0.028
62.600	-17.292	-0.009
62.620	-14.064	0.006
62.640	-10.589	0.020
62.660	-6.964	0.039
62.680	-3.263	0.049
62.700	0.508	0.067
62.720	4.289	0.079
62.740	7.957	0.091
62.760	11.545	0.100
62.780	14.950	0.105
62.800	18.141	0.115
62.820	21.047	0.121
62.840	23.652	0.122
62.860	25.886	0.130
62.880	27.734	0.122
62.900	29.173	0.125
62.920	30.167	0.114
62.940	30.736	0.109
62.960	30.844	0.099
62.980	30.489	0.090
63.000	29.678	0.077
63.020	28.443	0.065
63.040	26.772	0.052
63.060	24.731	0.035
63.080	22.287	0.019
63.100	19.516	0.006
63.120	16.476	-0.015
63.140	13.135	-0.024
63.160	9.655	-0.044
63.180	6.029	-0.057
63.200	2.302	-0.073
63.220	-1.464	-0.088
63.240	-5.213	-0.102
63.260	-8.881	-0.110
63.280	-12.415	-0.122
63.300	-15.756	-0.127
63.320	-18.871	-0.135
63.340	-21.702	-0.136
63.360	-24.216	-0.145
63.380	-26.353	-0.141
63.400	-28.131	-0.143
63.420	-29.436	-0.134
63.440	-30.344	-0.131
63.460	-30.736	-0.123
63.480	-30.747	-0.118
63.500	-30.301	-0.102
63.520	-29.366	-0.097
63.540	-28.029	-0.081
63.560	-26.214	-0.065
63.580	-24.049	-0.053
63.600	-21.530	-0.036
63.620	-18.667	-0.021
63.640	-15.520	-0.001
63.660	-12.157	0.015
63.680	-8.618	0.031
63.700	-4.939	0.043
63.720	-1.157	0.061
63.740	2.597	0.076
63.760	6.314	0.086
63.780	9.939	0.099
63.800	13.457	0.106
63.820	16.723	0.116
63.840	19.763	0.120
63.860	22.556	0.127
63.880	24.925	0.125
63.900	26.949	0.128
63.920	28.572	0.122
63.940	29.775	0.123
63.960	30.543	0.113
63.980	30.844	0.110
64.000	30.704	0.094
64.020	30.097	0.088
64.040	29.060	0.075
64.060	27.556	0.061
64.080	25.698	0.048
64.100	23.431	0.031
64.120	20.789	0.016
64.140	17.840	-0.001
64.160	14.650	-0.017
64.180	11.239	-0.034
64.200	7.656	-0.048
64.220	3.934	-0.064
64.240	0.201	-0.077
64.260	-3.553	-0.093
64.280	-7.281	-0.096
64.300	-10.885	-0.116
64.320	-14.311	-0.118
64.340	-17.539	-0.129
64.360	-20.531	-0.134
64.380	-23.168	-0.134
64.400	-25.478	-0.134
64.420	-27.427	-0.135
64.440	-28.964	-0.130
64.460	-30.043	-0.127
64.480	-30.661	-0.122
64.500	-30.817	-0.116
64.520	-30.607	-0.106
64.540	-29.898	-0.098
64.560	-28.717	-0.088
64.580	-27.121	-0.073
64.600	-25.123	-0.060
64.620	-22.755	-0.034
64.640	-20.005	-0.018
64.660	-16.991	-0.002
64.680	-13.747	0.011
64.700	-10.245	0.030
64.720	-6.609	0.050
64.740	-2.887	0.060
64.760	0.894	0.076
64.780	4.659	0.091
64.800	8.317	0.102
64.820	11.884	0.112
64.840	15.283	0.122
64.860	18.452	0.125
64.880	21.337	0.134
64.900	23.893	0.134
64.920	26.090	0.139
64.940	27.900	0.134
64.960	29.297	0.137
64.980	30.263	0.126
65.000	30.774	0.119
65.020	30.811	0.109
65.040	30.435	0.102
65.060	29.571	0.091
65.080	28.281	0.076
65.100	26.573	0.064
65.120	24.490	0.048
65.140	21.976	0.032
65.160	19.204	0.018
65.180	16.121	-0.000
65.200	12.770	-0.017
65.220	9.262	-0.031
65.240	5.615	-0.048
65.260	1.893	-0.059
65.280	-1.888	-0.075
65.300	-5.626	-0.087
65.320	-9.279	-0.098
65.340	-12.802	-0.112
65.360	-16.127	-0.113
65.380	-19.226	-0.123
65.400	-22.024	-0.125
65.420	-24.500	-0.127
65.440	-26.616	-0.129
65.460	-28.319	-0.131
65.480	-29.597	-0.123
65.500	-30.451	-0.119
65.520	-30.801	-0.108
65.540	-30.747	-0.104
65.560	-30.253	-0.089
65.580	-29.286	-0.077
65.600	-27.884	-0.067
65.620	-26.042	-0.051
65.640	-23.829	-0.036
65.660	-21.261	-0.020
65.680	-18.356	-0.002
65.700	-15.208	0.014
65.720	-11.814	0.029
65.740	-8.253	0.045
65.760	-4.541	0.059
65.780	-0.776	0.075
65.800	2.978	0.086
65.820	6.700	0.101
65.840	10.326	0.111
65.860	13.801	0.121
65.880	17.051	0.128
65.900	20.074	0.136
65.920	22.814	0.138
65.940	25.145	0.138
65.960	27.137	0.139
65.980	28.722	0.138
66.000	29.893	0.135
66.020	30.602	0.126
66.040	30.849	0.116
66.060	30.656	0.103
66.080	30.022	0.096
66.100	28.921	0.083
66.120	27.385	0.068
66.140	25.478	0.057
66.160	23.157	0.039
66.180	20.499	0.023
66.200	17.523	0.005
66.220	14.306	-0.010
66.240	10.868	-0.029
66.260	7.264	-0.036
66.280	3.558	-0.059
66.300	-0.169	-0.065
66.320	-3.940	-0.085
66.340	-7.651	-0.090
66.360	-11.250	-0.108
66.380	-14.623	-0.114
66.400	-17.840	-0.120
66.420	-20.783	-0.125
66.440	-23.399	-0.128
66.460	-25.677	-0.127
66.480	-27.573	-0.132
66.500	-29.066	-0.127
66.520	-30.097	-0.126
66.540	-30.661	-0.118
66.560	-30.833	-0.111
66.580	-30.505	-0.102
66.600	-29.759	-0.086
66.620	-28.545	-0.074
66.640	-26.890	-0.064
66.660	-24.865	-0.046
66.680	-22.443	-0.032
66.700	-19.666	-0.017
66.720	-16.632	-0.001
66.740	-13.366	0.014
66.760	-9.848	0.032
66.780	-6.212	0.048
66.800	-2.463	0.060
66.820	1.302	0.078
66.840	5.073	0.088
66.860	8.720	0.100
66.880	12.276	0.107
66.900	15.638	0.119
66.920	18.769	0.123
66.940	21.627	0.130
66.960	24.151	0.128
66.980	26.310	0.135
67.000	28.067	0.126
67.020	29.431	0.126
67.040	30.333	0.119
67.060	30.790	0.111
67.080	30.801	0.099
67.100	30.360	0.092
67.120	29.452	0.078
67.140	28.115	0.067
67.160	26.391	0.056
67.180	24.248	0.037
67.200	21.707	0.021
67.220	18.898	0.003
67.240	15.794	-0.011
67.260	12.410	-0.025
67.280	8.892	-0.041
67.300	5.240	-0.060
67.320	1.507	-0.075
67.340	-2.269	-0.086
67.360	-5.986	-0.101
67.380	-9.633	-0.110
67.400	-13.124	-0.122
67.420	-16.438	-0.124
67.440	-19.500	-0.133
67.460	-22.250	-0.137
67.480	-24.704	-0.140
67.500	-26.756	-0.140
67.520	-28.453	-0.137
67.540	-29.662	-0.133
67.560	-30.457	-0.131
67.580	-30.784	-0.121
67.600	-30.682	-0.114
67.620	-30.145	-0.102
67.640	-29.135	-0.085
67.660	-27.669	-0.082
67.680	-25.789	-0.061
67.700	-23.550	-0.053
67.720	-20.966	-0.031
67.740	-18.017	-0.017
67.760	-14.827	0.002
67.780	-11.422	0.014
67.800	-7.855	0.032
67.820	-4.133	0.047
67.840	-0.352	0.063
67.860	3.381	0.076
67.880	7.087	0.087
67.900	10.713	0.100
67.920	14.161	0.106
67.940	17.389	0.114
67.960	20.375	0.118
67.980	23.082	0.126
68.000	25.386	0.126
68.020	27.331	0.128
68.040	28.862	0.122
68.060	29.973	0.115
68.080	30.650	0.112
68.100	30.849	0.103
68.120	30.613	0.091
68.140	29.904	0.083
68.160	28.781	0.071
68.180	27.207	0.057
68.200	25.252	0.043
68.220	22.889	0.026
68.240	20.203	0.012
68.260	17.196	-0.008
68.280	13.946	-0.022
68.300	10.509	-0.042
68.320	6.888	-0.052
68.340	3.172	-0.072
68.360	-0.561	-0.078
68.380	-4.321	-0.100
68.400	-8.038	-0.103
68.420	-11.588	-0.119
68.440	-14.961	-0.120
68.460	-18.162	-0.131
68.480	-21.073	-0.134
68.500	-23.657	-0.138
68.520	-25.891	-0.135
68.540	-27.750	-0.140
68.560	-29.195	-0.134
68.580	-30.177	-0.134
68.600	-30.720	-0.125
68.620	-30.801	-0.121
68.640	-30.451	-0.104
68.660	-29.656	-0.096
68.680	-28.373	-0.084
68.700	-26.702	-0.070
68.720	-24.629	-0.055
68.740	-22.185	-0.036
68.760	-19.371	-0.015
68.780	-16.299	-0.007
68.800	-13.017	0.015
68.820	-9.472	0.026
68.840	-5.809	0.048
68.860	-2.087	0.060
68.880	1.695	0.076
68.900	5.454	0.087
68.920	9.080	0.099
68.940	12.630	0.105
68.960	15.976	0.120
68.980	19.065	0.118
69.000	21.901	0.126
69.020	24.382	0.126
69.040	26.520	0.134
69.060	28.222	0.123
69.080	29.538	0.127
69.100	30.398	0.118
69.120	30.806	0.118
69.140	30.774	0.101
69.160	30.285	0.101
69.180	29.340	0.078
69.200	27.954	0.071
69.220	26.176	0.053
69.240	24.001	0.039
69.260	21.423	0.021
69.280	18.576	0.007
69.300	15.439	-0.011
69.320	12.029	-0.023
69.340	8.500	-0.041
69.360	4.837	-0.056
69.380	1.098	-0.070
69.400	-2.688	-0.081
69.420	-6.394	-0.094
69.440	-10.047	-0.107
69.460	-13.532	-0.112
69.480	-16.803	-0.123
69.500	-19.838	-0.127
69.520	-22.567	-0.131
69.540	-24.994	-0.131
69.560	-27.019	-0.131
69.580	-28.647	-0.130
69.600	-29.818	-0.122
69.620	-30.570	-0.123
69.640	-30.827	-0.110
69.660	-30.715	-0.108
69.680	-30.108	-0.095
69.700	-29.055	-0.087
69.720	-27.551	-0.072
69.740	-25.639	-0.056
69.760	-23.329	-0.033
69.780	-20.692	-0.017
69.800	-17.738	-0.000
69.820	-14.515	0.013
69.840	-11.099	0.035
69.860	-7.495	0.046
69.880	-3.779	0.059
69.900	-0.013	0.078
69.920	3.762	0.091
69.940	7.452	0.103
69.960	11.073	0.111
69.980	14.499	0.122
70.000	17.706	0.130
70.020	20.671	0.136
70.040	23.340	0.138
70.060	25.607	0.142
70.080	27.503	0.137
70.100	28.996	0.138
70.120	30.075	0.132
70.140	30.698	0.129
70.160	30.849	0.114
70.180	30.564	0.105
70.200	29.818	0.099
70.220	28.636	0.082
70.240	27.019	0.072
70.260	25.021	0.051
70.280	22.626	0.039
70.300	19.886	0.022
70.320	16.857	0.006
70.340	13.581	-0.009
70.360	10.122	-0.028
70.380	6.491	-0.040
70.400	2.763	-0.056
70.420	-0.980	-0.070
70.440	-4.729	-0.081
70.460	-8.446	-0.091
70.480	-11.975	-0.110
