0.000	-23.998	-0.035
0.020	-21.468	-0.019
0.040	-18.573	-0.004
0.060	-15.437	0.008
0.080	-12.069	0.025
0.100	-8.486	0.035
0.120	-4.775	0.058
0.140	-1.015	0.064
0.160	2.771	0.078
0.180	6.488	0.088
0.200	10.108	0.100
0.220	13.600	0.104
0.240	16.881	0.117
0.260	19.932	0.119
0.280	22.671	0.126
0.300	25.051	0.124
0.320	27.054	0.127
0.340	28.644	0.124
0.360	29.815	0.122
0.380	30.540	0.113
0.400	30.819	0.110
0.420	30.631	0.095
0.440	29.998	0.091
0.460	28.913	0.075
0.480	27.393	0.069
0.500	25.491	0.058
0.520	23.166	0.043
0.540	20.485	0.025
0.560	17.526	0.012
0.580	14.276	-0.001
0.600	10.850	-0.017
0.620	7.278	-0.032
0.640	3.561	-0.045
0.660	-0.204	-0.054
0.680	-3.985	-0.070
0.700	-7.713	-0.079
0.720	-11.312	-0.094
0.740	-14.711	-0.100
0.760	-17.886	-0.104
0.780	-20.851	-0.108
0.800	-23.466	-0.113
0.820	-25.733	-0.115
0.840	-27.624	-0.120
0.860	-29.122	-0.113
0.880	-30.137	-0.111
0.900	-30.696	-0.106
0.920	-30.835	-0.100
0.940	-30.497	-0.088
0.960	-29.718	-0.081
0.980	-28.483	-0.070
1.000	-26.802	-0.058
1.020	-24.755	-0.048
1.040	-22.338	-0.029
1.060	-19.551	-0.019
1.080	-16.484	-0.002
1.100	-13.170	0.011
1.120	-9.636	0.028
1.140	-5.973	0.040
1.160	-2.224	0.053
1.180	1.542	0.065
1.200	5.280	0.077
1.220	8.932	0.090
1.240	12.499	0.095
1.260	15.861	0.102
1.280	18.976	0.107
1.300	21.839	0.112
1.320	24.315	0.114
1.340	26.437	0.120
1.360	28.171	0.112
1.380	29.487	0.116
1.400	30.357	0.107
1.420	30.787	0.104
1.440	30.739	0.091
1.460	30.250	0.087
1.480	29.326	0.075
1.500	27.940	0.062
1.520	26.146	0.051
1.540	23.960	0.037
1.560	21.377	0.024
1.580	18.498	0.008
1.600	15.372	-0.009
1.620	11.994	-0.021
1.640	8.449	-0.036
1.660	4.753	-0.051
1.680	0.994	-0.062
1.700	-2.788	-0.079
1.720	-6.515	-0.083
1.740	-10.141	-0.100
1.760	-13.621	-0.100
1.780	-16.903	-0.115
1.800	-19.927	-0.115
1.820	-22.671	-0.121
1.840	-25.051	-0.124
1.860	-27.086	-0.125
1.880	-28.703	-0.124
1.900	-29.847	-0.120
1.920	-30.562	-0.117
1.940	-30.825	-0.110
1.960	-30.664	-0.104
1.980	-30.051	-0.093
2.000	-28.950	-0.084
2.020	-27.430	-0.071
2.040	-25.480	-0.061
2.060	-23.182	-0.042
2.080	-20.501	-0.029
2.100	-17.499	-0.013
2.120	-14.282	0.004
2.140	-10.780	0.014
2.160	-7.197	0.034
2.180	-3.480	0.044
2.200	0.290	0.060
2.220	4.066	0.067
2.240	7.777	0.085
2.260	11.371	0.091
2.280	14.808	0.104
2.300	17.993	0.103
2.320	20.915	0.116
2.340	23.536	0.114
2.360	25.787	0.121
2.380	27.640	0.115
2.400	29.111	0.118
2.420	30.121	0.108
2.440	30.696	0.107
2.460	30.814	0.097
2.480	30.476	0.090
2.500	29.665	0.080
2.520	28.424	0.068
2.540	26.748	0.056
2.560	24.707	0.043
2.580	22.263	0.028
2.600	19.481	0.016
2.620	16.441	0.001
2.640	13.095	-0.016
2.660	9.582	-0.025
2.680	5.935	-0.046
2.700	2.191	-0.054
2.720	-1.584	-0.067
2.740	-5.301	-0.078
2.760	-8.997	-0.086
2.780	-12.547	-0.098
2.800	-15.893	-0.101
2.820	-19.019	-0.116
2.840	-21.860	-0.114
2.860	-24.363	-0.121
2.880	-26.490	-0.118
2.900	-28.247	-0.124
2.920	-29.562	-0.115
2.940	-30.443	-0.118
2.960	-30.814	-0.106
2.980	-30.798	-0.102
3.000	-30.336	-0.087
3.020	-29.417	-0.079
3.040	-28.005	-0.068
3.060	-26.195	-0.055
3.080	-23.993	-0.043
3.100	-21.420	-0.024
3.120	-18.514	-0.009
3.140	-15.372	0.005
3.160	-12.015	0.018
3.180	-8.433	0.036
3.200	-4.716	0.048
3.220	-0.940	0.059
3.240	2.847	0.074
3.260	6.585	0.087
3.280	10.205	0.099
3.300	13.691	0.105
3.320	16.962	0.116
3.340	19.986	0.118
3.360	22.730	0.124
3.380	25.094	0.126
3.400	27.113	0.126
3.420	28.682	0.121
3.440	29.858	0.124
3.460	30.562	0.115
3.480	30.819	0.104
3.500	30.626	0.101
3.520	29.976	0.095
3.540	28.864	0.080
3.560	27.328	0.068
3.580	25.421	0.056
3.600	23.096	0.041
3.620	20.426	0.030
3.640	17.424	0.012
3.660	14.180	0.001
3.680	10.721	-0.018
3.700	7.111	-0.024
3.720	3.411	-0.045
3.740	-0.328	-0.048
3.760	-4.109	-0.068
3.780	-7.831	-0.071
3.800	-11.430	-0.089
3.820	-14.835	-0.097
3.840	-18.036	-0.101
3.860	-20.969	-0.108
3.880	-23.574	-0.108
3.900	-25.835	-0.116
3.920	-27.731	-0.111
3.940	-29.181	-0.113
3.960	-30.196	-0.106
3.980	-30.733	-0.101
4.000	-30.857	-0.092
4.020	-30.529	-0.083
4.040	-29.729	-0.075
4.060	-28.472	-0.067
4.080	-26.807	-0.054
4.100	-24.718	-0.038
4.120	-22.274	-0.026
4.140	-19.481	-0.009
4.160	-16.414	0.000
4.180	-13.111	0.026
4.200	-9.577	0.033
4.220	-5.914	0.053
4.240	-2.143	0.059
4.260	1.649	0.078
4.280	5.382	0.088
4.300	9.029	0.104
4.320	12.568	0.103
4.340	15.941	0.118
4.360	19.046	0.118
4.380	21.898	0.133
4.400	24.396	0.129
4.420	26.501	0.134
4.440	28.209	0.128
4.460	29.525	0.126
4.480	30.379	0.120
4.500	30.787	0.113
4.520	30.733	0.104
4.540	30.239	0.097
4.560	29.278	0.085
4.580	27.887	0.072
4.600	26.093	0.063
4.620	23.901	0.051
4.640	21.318	0.030
4.660	18.417	0.020
4.680	15.259	0.003
4.700	11.859	-0.006
4.720	8.331	-0.025
4.740	4.657	-0.034
4.760	0.902	-0.059
4.780	-2.879	-0.060
4.800	-6.628	-0.080
4.820	-10.270	-0.079
4.840	-13.729	-0.102
4.860	-16.989	-0.098
4.880	-20.013	-0.109
4.900	-22.741	-0.110
4.920	-25.110	-0.115
4.940	-27.113	-0.117
4.960	-28.746	-0.113
4.980	-29.874	-0.112
5.000	-30.572	-0.108
5.020	-30.857	-0.100
5.040	-30.647	-0.087
5.060	-30.003	-0.084
5.080	-28.913	-0.069
5.100	-27.355	-0.068
5.120	-25.400	-0.046
5.140	-23.096	-0.038
5.160	-20.421	-0.020
5.180	-17.418	-0.005
5.200	-14.174	0.011
5.220	-10.699	0.024
5.240	-7.068	0.037
5.260	-3.352	0.053
5.280	0.392	0.064
5.300	4.179	0.076
5.320	7.863	0.090
5.340	11.467	0.099
5.360	14.889	0.105
5.380	18.090	0.112
5.400	21.017	0.114
5.420	23.611	0.123
5.440	25.846	0.124
5.460	27.704	0.122
5.480	29.144	0.115
5.500	30.159	0.112
5.520	30.707	0.107
5.540	30.809	0.098
5.560	30.454	0.094
5.580	29.638	0.077
5.600	28.397	0.067
5.620	26.710	0.060
5.640	24.648	0.045
5.660	22.183	0.026
5.680	19.384	0.016
5.700	16.333	-0.002
5.720	13.014	-0.013
5.740	9.518	-0.029
5.760	5.860	-0.040
5.780	2.116	-0.061
5.800	-1.665	-0.067
5.820	-5.409	-0.080
5.840	-9.072	-0.093
5.860	-12.584	-0.105
5.880	-15.931	-0.112
5.900	-19.067	-0.112
5.920	-21.882	-0.120
5.940	-24.385	-0.123
5.960	-26.517	-0.125
5.980	-28.236	-0.126
6.000	-29.541	-0.117
6.020	-30.406	-0.117
6.040	-30.782	-0.112
6.060	-30.760	-0.105
6.080	-30.255	-0.095
6.100	-29.305	-0.085
6.120	-27.903	-0.074
6.140	-26.093	-0.062
6.160	-23.885	-0.049
6.180	-21.302	-0.033
6.200	-18.401	-0.019
6.220	-15.232	-0.000
6.240	-11.843	0.012
6.260	-8.288	0.028
6.280	-4.576	0.037
6.300	-0.811	0.054
6.320	2.970	0.066
6.340	6.698	0.078
6.360	10.329	0.091
6.380	13.831	0.097
6.400	17.069	0.107
6.420	20.072	0.110
6.440	22.816	0.118
6.460	25.158	0.116
6.480	27.156	0.117
6.500	28.725	0.115
6.520	29.869	0.108
6.540	30.578	0.104
6.560	30.825	0.100
6.580	30.621	0.091
6.600	29.938	0.083
6.620	28.843	0.070
6.640	27.280	0.060
6.660	25.357	0.045
6.680	23.026	0.032
6.700	20.346	0.021
6.720	17.370	0.004
6.740	14.110	-0.005
6.760	10.651	-0.025
6.780	7.031	-0.038
6.800	3.314	-0.056
6.820	-0.424	-0.063
6.840	-4.184	-0.082
6.860	-7.896	-0.083
6.880	-11.478	-0.106
6.900	-14.899	-0.102
6.920	-18.090	-0.114
6.940	-21.049	-0.116
6.960	-23.611	-0.125
6.980	-25.862	-0.121
7.000	-27.736	-0.129
7.020	-29.192	-0.121
7.040	-30.186	-0.116
7.060	-30.712	-0.112
7.080	-30.835	-0.104
7.100	-30.486	-0.093
7.120	-29.708	-0.088
7.140	-28.429	-0.078
7.160	-26.743	-0.062
7.180	-24.653	-0.050
7.200	-22.204	-0.033
7.220	-19.390	-0.017
7.240	-16.317	-0.005
7.260	-13.014	0.008
7.280	-9.496	0.026
7.300	-5.806	0.045
7.320	-2.041	0.053
7.340	1.746	0.073
7.360	5.495	0.077
7.380	9.152	0.099
7.400	12.692	0.098
7.420	16.022	0.118
7.440	19.126	0.110
7.460	21.968	0.120
7.480	24.433	0.120
7.500	26.555	0.126
7.520	28.263	0.120
7.540	29.562	0.121
7.560	30.400	0.112
7.580	30.782	0.113
7.600	30.733	0.099
7.620	30.218	0.095
7.640	29.246	0.082
7.660	27.828	0.066
7.680	26.034	0.060
7.700	23.832	0.041
7.720	21.243	0.033
7.740	18.337	0.014
7.760	15.173	0.000
7.780	11.757	-0.013
7.800	8.196	-0.021
7.820	4.533	-0.046
7.840	0.773	-0.054
7.860	-2.992	-0.069
7.880	-6.735	-0.075
7.900	-10.388	-0.085
7.920	-13.868	-0.097
7.940	-17.134	-0.099
7.960	-20.142	-0.112
7.980	-22.849	-0.108
8.000	-25.201	-0.122
8.020	-27.205	-0.109
8.040	-28.816	-0.119
8.060	-29.949	-0.106
8.080	-30.647	-0.112
8.100	-30.835	-0.100
8.120	-30.690	-0.098
8.140	-30.030	-0.079
8.160	-28.934	-0.071
8.180	-27.355	-0.057
8.200	-25.368	-0.045
8.220	-23.058	-0.030
8.240	-20.367	-0.013
8.260	-17.381	-0.002
8.280	-14.126	0.017
8.300	-10.656	0.032
8.320	-7.009	0.048
8.340	-3.255	0.055
8.360	0.521	0.074
8.380	4.254	0.083
8.400	7.949	0.099
8.420	11.542	0.106
8.440	14.958	0.116
8.460	18.154	0.120
8.480	21.087	0.128
8.500	23.687	0.134
8.520	25.910	0.136
8.540	27.752	0.137
8.560	29.176	0.128
8.580	30.180	0.125
8.600	30.723	0.113
8.620	30.798	0.109
8.640	30.433	0.100
8.660	29.605	0.097
8.680	28.359	0.078
8.700	26.657	0.069
8.720	24.583	0.055
8.740	22.113	0.040
8.760	19.298	0.024
8.780	16.226	0.010
8.800	12.896	-0.005
8.820	9.410	-0.021
8.840	5.758	-0.032
8.860	2.003	-0.048
8.880	-1.772	-0.056
8.900	-5.543	-0.071
8.920	-9.228	-0.075
8.940	-12.719	-0.096
8.960	-16.043	-0.098
8.980	-19.159	-0.100
9.000	-21.984	-0.106
9.020	-24.449	-0.108
9.040	-26.582	-0.114
9.060	-28.322	-0.112
9.080	-29.589	-0.113
9.100	-30.443	-0.104
9.120	-30.835	-0.101
9.140	-30.776	-0.092
9.160	-30.250	-0.083
9.180	-29.294	-0.072
9.200	-27.865	-0.064
9.220	-26.034	-0.049
9.240	-23.837	-0.038
9.260	-21.259	-0.023
9.280	-18.342	-0.009
9.300	-15.152	0.008
9.320	-11.763	0.022
9.340	-8.159	0.039
9.360	-4.469	0.054
9.380	-0.714	0.062
9.400	3.051	0.075
9.420	6.794	0.091
9.440	10.420	0.098
9.460	13.900	0.107
9.480	17.171	0.111
9.500	20.168	0.122
9.520	22.886	0.124
9.540	25.223	0.127
9.560	27.194	0.127
9.580	28.762	0.127
9.600	29.906	0.120
9.620	30.588	0.112
9.640	30.825	0.107
9.660	30.604	0.096
9.680	29.933	0.092
9.700	28.805	0.075
9.720	27.248	0.066
9.740	25.303	0.057
9.760	22.935	0.037
9.780	20.249	0.024
9.800	17.284	0.009
9.820	14.024	-0.010
9.840	10.554	-0.017
9.860	6.939	-0.033
9.880	3.223	-0.045
9.900	-0.553	-0.063
9.920	-4.308	-0.073
9.940	-8.008	-0.083
9.960	-11.575	-0.093
9.980	-14.980	-0.107
10.000	-18.170	-0.110
10.020	-21.087	-0.113
10.040	-23.681	-0.120
10.060	-25.910	-0.116
10.080	-27.785	-0.128
10.100	-29.203	-0.115
10.120	-30.196	-0.123
10.140	-30.717	-0.103
10.160	-30.825	-0.107
10.180	-30.454	-0.092
10.200	-29.632	-0.086
10.220	-28.375	-0.075
10.240	-26.678	-0.065
10.260	-24.583	-0.051
10.280	-22.107	-0.034
10.300	-19.298	-0.020
10.320	-16.199	-0.003
10.340	-12.864	0.006
10.360	-9.346	0.025
10.380	-5.693	0.036
10.400	-1.934	0.053
10.420	1.853	0.062
10.440	5.602	0.078
10.460	9.265	0.085
10.480	12.815	0.099
10.500	16.119	0.099
10.520	19.202	0.109
10.540	22.048	0.113
10.560	24.503	0.115
10.580	26.608	0.117
10.600	28.295	0.114
10.620	29.589	0.112
10.640	30.417	0.107
10.660	30.798	0.104
10.680	30.728	0.094
10.700	30.186	0.088
10.720	29.213	0.074
10.740	27.774	0.066
10.760	25.958	0.049
10.780	23.762	0.040
10.800	21.178	0.020
10.820	18.267	0.008
10.840	15.098	-0.009
10.860	11.677	-0.024
10.880	8.121	-0.032
10.900	4.420	-0.055
10.920	0.698	-0.062
10.940	-3.078	-0.079
10.960	-6.794	-0.082
10.980	-10.436	-0.102
11.000	-13.906	-0.103
11.020	-17.182	-0.115
11.040	-20.190	-0.115
11.060	-22.865	-0.126
11.080	-25.217	-0.125
11.100	-27.205	-0.130
11.120	-28.794	-0.125
11.140	-29.917	-0.121
11.160	-30.604	-0.118
11.180	-30.825	-0.108
11.200	-30.615	-0.103
11.220	-29.971	-0.092
11.240	-28.843	-0.085
11.260	-27.269	-0.070
11.280	-25.287	-0.056
11.300	-22.940	-0.042
11.320	-20.238	-0.025
11.340	-17.230	-0.010
11.360	-14.013	0.007
11.380	-10.533	0.020
11.400	-6.891	0.035
11.420	-3.142	0.047
11.440	0.634	0.063
11.460	4.404	0.075
11.480	8.073	0.088
11.500	11.650	0.093
11.520	15.055	0.109
11.540	18.235	0.107
11.560	21.157	0.122
11.580	23.751	0.120
11.600	25.980	0.123
11.620	27.801	0.119
11.640	29.208	0.122
11.660	30.191	0.116
11.680	30.728	0.116
11.700	30.787	0.102
11.720	30.411	0.097
11.740	29.568	0.082
11.760	28.295	0.075
11.780	26.598	0.061
11.800	24.535	0.045
11.820	22.043	0.030
11.840	19.229	0.020
11.860	16.135	0.003
11.880	12.772	-0.008
11.900	9.276	-0.023
11.920	5.634	-0.037
11.940	1.917	-0.056
11.960	-1.891	-0.062
11.980	-5.629	-0.080
12.000	-9.313	-0.081
12.020	-12.853	-0.100
12.040	-16.156	-0.098
12.060	-19.266	-0.111
12.080	-22.064	-0.111
12.100	-24.551	-0.124
12.120	-26.662	-0.116
12.140	-28.386	-0.121
12.160	-29.648	-0.116
12.180	-30.497	-0.117
12.200	-30.857	-0.102
12.220	-30.792	-0.101
12.240	-30.266	-0.088
12.260	-29.289	-0.075
12.280	-27.860	-0.069
12.300	-26.012	-0.054
12.320	-23.783	-0.038
12.340	-21.205	-0.021
12.360	-18.283	-0.006
12.380	-15.098	0.008
12.400	-11.698	0.023
12.420	-8.089	0.038
12.440	-4.383	0.049
12.460	-0.607	0.064
12.480	3.153	0.081
12.500	6.864	0.092
12.520	10.495	0.102
12.540	13.976	0.103
12.560	17.236	0.124
12.580	20.244	0.120
12.600	22.967	0.133
12.620	25.282	0.126
12.640	27.253	0.134
12.660	28.789	0.126
12.680	29.933	0.133
12.700	30.599	0.118
12.720	30.819	0.116
12.740	30.588	0.100
12.760	29.901	0.100
12.780	28.768	0.082
12.800	27.194	0.075
12.820	25.244	0.060
12.840	22.865	0.045
12.860	20.163	0.033
12.880	17.166	0.015
12.900	13.911	0.005
12.920	10.458	-0.017
12.940	6.837	-0.025
12.960	3.110	-0.044
12.980	-0.650	-0.050
13.000	-4.431	-0.067
13.020	-8.148	-0.071
13.040	-11.693	-0.087
13.060	-15.082	-0.091
13.080	-18.283	-0.100
13.100	-21.189	-0.104
13.120	-23.762	-0.108
13.140	-26.007	-0.115
13.160	-27.849	-0.112
13.180	-29.283	-0.115
13.200	-30.255	-0.102
13.220	-30.750	-0.105
13.240	-30.852	-0.092
13.260	-30.470	-0.086
13.280	-29.648	-0.074
13.300	-28.349	-0.066
13.320	-26.641	-0.055
13.340	-24.541	-0.043
13.360	-22.054	-0.025
13.380	-19.239	-0.012
13.400	-16.135	0.008
13.420	-12.794	0.019
13.440	-9.233	0.034
13.460	-5.591	0.051
13.480	-1.842	0.062
13.500	1.923	0.076
13.520	5.688	0.087
13.540	9.351	0.100
13.560	12.891	0.106
13.580	16.226	0.116
13.600	19.298	0.120
13.620	22.118	0.126
13.640	24.557	0.125
13.660	26.651	0.131
13.680	28.343	0.124
13.700	29.616	0.123
13.720	30.433	0.116
13.740	30.809	0.112
13.760	30.717	0.103
13.780	30.186	0.095
13.800	29.181	0.085
13.820	27.752	0.072
13.840	25.910	0.062
13.860	23.665	0.048
13.880	21.076	0.033
13.900	18.192	0.015
13.920	15.023	0.005
13.940	11.596	-0.012
13.960	8.030	-0.028
13.980	4.324	-0.040
14.000	0.569	-0.053
14.020	-3.212	-0.065
14.040	-6.907	-0.079
14.060	-10.538	-0.087
14.080	-13.992	-0.100
14.100	-17.252	-0.101
14.120	-20.265	-0.111
14.140	-22.961	-0.111
14.160	-25.314	-0.118
14.180	-27.269	-0.113
14.200	-28.837	-0.119
14.220	-29.955	-0.112
14.240	-30.621	-0.111
14.260	-30.852	-0.104
14.280	-30.604	-0.092
14.300	-29.922	-0.089
14.320	-28.811	-0.071
14.340	-27.215	-0.067
14.360	-25.239	-0.049
14.380	-22.875	-0.040
14.400	-20.158	-0.021
14.420	-17.128	-0.012
14.440	-13.890	0.008
14.460	-10.431	0.018
14.480	-6.794	0.037
14.500	-3.045	0.047
14.520	0.736	0.063
14.540	4.501	0.074
14.560	8.191	0.086
14.580	11.784	0.096
14.600	15.163	0.103
14.620	18.315	0.109
14.640	21.232	0.114
14.660	23.815	0.114
14.680	26.023	0.122
14.700	27.854	0.115
14.720	29.256	0.118
14.740	30.223	0.108
14.760	30.728	0.107
14.780	30.787	0.093
14.800	30.400	0.093
14.820	29.541	0.077
14.840	28.252	0.069
14.860	26.533	0.054
14.880	24.465	0.045
14.900	21.984	0.024
14.920	19.169	0.018
14.940	16.070	-0.006
14.960	12.697	-0.013
14.980	9.179	-0.035
15.000	5.527	-0.041
15.020	1.815	-0.060
15.040	-1.944	-0.074
15.060	-5.709	-0.079
15.080	-9.378	-0.092
15.100	-12.907	-0.106
15.120	-16.231	-0.109
15.140	-19.331	-0.115
15.160	-22.102	-0.123
15.180	-24.567	-0.126
15.200	-26.667	-0.130
15.220	-28.381	-0.124
15.240	-29.632	-0.122
15.260	-30.459	-0.122
15.280	-30.792	-0.110
15.300	-30.739	-0.106
15.320	-30.212	-0.093
15.340	-29.213	-0.088
15.360	-27.752	-0.075
15.380	-25.910	-0.066
15.400	-23.670	-0.049
15.420	-21.060	-0.034
15.440	-18.160	-0.016
15.460	-14.985	-0.003
15.480	-11.580	0.011
15.500	-7.981	0.029
15.520	-4.254	0.041
15.540	-0.473	0.057
15.560	3.303	0.067
15.580	7.004	0.078
15.600	10.603	0.091
15.620	14.078	0.099
15.640	17.327	0.109
15.660	20.324	0.113
15.680	23.031	0.117
15.700	25.357	0.117
15.720	27.307	0.117
15.740	28.832	0.116
15.760	29.938	0.114
15.780	30.610	0.108
15.800	30.825	0.101
15.820	30.572	0.093
15.840	29.863	0.084
15.860	28.730	0.074
15.880	27.140	0.062
15.900	25.185	0.048
15.920	22.806	0.036
15.940	20.088	0.021
15.960	17.080	0.007
15.980	13.798	-0.009
16.000	10.345	-0.023
16.020	6.746	-0.037
16.040	3.024	-0.050
16.060	-0.752	-0.061
16.080	-4.517	-0.082
16.100	-8.223	-0.083
16.120	-11.811	-0.098
16.140	-15.206	-0.098
16.160	-18.364	-0.115
16.180	-21.264	-0.116
16.200	-23.848	-0.121
16.220	-26.050	-0.121
16.240	-27.908	-0.122
16.260	-29.315	-0.116
16.280	-30.282	-0.120
16.300	-30.771	-0.110
16.320	-30.825	-0.104
16.340	-30.481	-0.099
16.360	-29.622	-0.083
16.380	-28.322	-0.077
16.400	-26.598	-0.061
16.420	-24.471	-0.050
16.440	-22.005	-0.029
16.460	-19.186	-0.015
16.480	-16.060	0.000
16.500	-12.729	0.013
16.520	-9.174	0.027
16.540	-5.484	0.042
16.560	-1.719	0.052
16.580	2.036	0.071
16.600	5.774	0.079
16.620	9.426	0.095
16.640	12.966	0.100
16.660	16.301	0.114
16.680	19.379	0.120
16.700	22.193	0.122
16.720	24.616	0.124
16.740	26.700	0.125
16.760	28.375	0.123
16.780	29.643	0.122
16.800	30.454	0.120
16.820	30.803	0.116
16.840	30.712	0.103
16.860	30.148	0.098
16.880	29.154	0.083
16.900	27.704	0.071
16.920	25.856	0.060
16.940	23.601	0.046
16.960	20.990	0.033
16.980	18.068	0.017
17.000	14.905	0.007
17.020	11.494	-0.008
17.040	7.912	-0.021
17.060	4.211	-0.042
17.080	0.457	-0.051
17.100	-3.330	-0.067
17.120	-7.074	-0.074
17.140	-10.667	-0.083
17.160	-14.104	-0.096
17.180	-17.359	-0.099
17.200	-20.356	-0.108
17.220	-23.053	-0.108
17.240	-25.411	-0.120
17.260	-27.355	-0.112
17.280	-28.907	-0.117
17.300	-30.008	-0.108
17.320	-30.674	-0.102
17.340	-30.857	-0.096
17.360	-30.637	-0.090
17.380	-29.938	-0.080
17.400	-28.794	-0.068
17.420	-27.205	-0.059
17.440	-25.212	-0.044
17.460	-22.833	-0.030
17.480	-20.104	-0.010
17.500	-17.075	-0.004
17.520	-13.820	0.022
17.540	-10.312	0.030
17.560	-6.703	0.046
17.580	-2.959	0.058
17.600	0.816	0.074
17.620	4.587	0.086
17.640	8.282	0.098
17.660	11.854	0.103
17.680	15.254	0.115
17.700	18.407	0.120
17.720	21.296	0.132
17.740	23.869	0.132
17.760	26.066	0.134
17.780	27.876	0.132
17.800	29.272	0.130
17.820	30.239	0.125
17.840	30.739	0.117
17.860	30.787	0.110
17.880	30.395	0.101
17.900	29.514	0.092
17.920	28.209	0.080
17.940	26.496	0.066
17.960	24.379	0.057
17.980	21.871	0.037
18.000	19.078	0.024
18.020	15.984	0.008
18.040	12.617	-0.004
18.060	9.099	-0.021
18.080	5.414	-0.032
18.100	1.676	-0.047
18.120	-2.084	-0.060
18.140	-5.806	-0.075
18.160	-9.496	-0.079
18.180	-12.987	-0.094
18.200	-16.323	-0.103
18.220	-19.427	-0.104
18.240	-22.209	-0.110
18.260	-24.637	-0.112
18.280	-26.727	-0.114
18.300	-28.424	-0.116
18.320	-29.686	-0.112
18.340	-30.470	-0.106
18.360	-30.830	-0.100
18.380	-30.723	-0.092
18.400	-30.202	-0.085
18.420	-29.197	-0.073
18.440	-27.736	-0.067
18.460	-25.867	-0.048
18.480	-23.622	-0.040
18.500	-21.012	-0.025
18.520	-18.063	-0.015
18.540	-14.878	0.008
18.560	-11.478	0.019
18.580	-7.885	0.035
18.600	-4.173	0.045
18.620	-0.392	0.062
18.640	3.384	0.071
18.660	7.122	0.089
18.680	10.721	0.094
18.700	14.158	0.103
18.720	17.413	0.110
18.740	20.389	0.116
18.760	23.090	0.120
18.780	25.416	0.124
18.800	27.355	0.121
18.820	28.875	0.125
18.840	29.976	0.115
18.860	30.626	0.113
18.880	30.825	0.103
18.900	30.572	0.095
18.920	29.853	0.084
18.940	28.687	0.074
18.960	27.076	0.062
18.980	25.137	0.054
19.000	22.747	0.032
19.020	20.029	0.023
19.040	17.016	0.002
19.060	13.723	-0.007
19.080	10.237	-0.026
19.100	6.628	-0.034
19.120	2.933	-0.055
19.140	-0.833	-0.063
19.160	-4.614	-0.079
19.180	-8.314	-0.086
19.200	-11.886	-0.103
19.220	-15.265	-0.107
19.240	-18.439	-0.113
19.260	-21.318	-0.112
19.280	-23.864	-0.125
19.300	-26.077	-0.122
19.320	-27.919	-0.129
19.340	-29.310	-0.121
19.360	-30.277	-0.121
19.380	-30.733	-0.112
19.400	-30.809	-0.109
19.420	-30.400	-0.095
19.440	-29.557	-0.087
19.460	-28.241	-0.075
19.480	-26.506	-0.067
19.500	-24.358	-0.051
19.520	-21.882	-0.037
19.540	-19.051	-0.022
19.560	-15.941	-0.009
19.580	-12.611	0.007
19.600	-9.056	0.022
19.620	-5.355	0.036
19.640	-1.595	0.049
19.660	2.191	0.062
19.680	5.892	0.074
19.700	9.544	0.086
19.720	13.079	0.095
19.740	16.398	0.103
19.760	19.470	0.107
19.780	22.269	0.115
19.800	24.696	0.114
19.820	26.764	0.118
19.840	28.418	0.112
19.860	29.659	0.115
19.880	30.470	0.107
19.900	30.809	0.105
19.920	30.690	0.092
19.940	30.121	0.089
19.960	29.111	0.072
19.980	27.650	0.064
20.000	25.813	0.050
20.020	23.547	0.033
20.040	20.931	0.026
20.060	18.004	0.006
20.080	14.797	-0.005
20.100	11.397	-0.023
20.120	7.831	-0.031
20.140	4.146	-0.051
20.160	0.376	-0.061
20.180	-3.405	-0.076
20.200	-7.138	-0.083
20.220	-10.764	-0.098
20.240	-14.190	-0.108
20.260	-17.429	-0.114
20.280	-20.399	-0.116
20.300	-23.080	-0.120
20.320	-25.421	-0.126
20.340	-27.366	-0.125
20.360	-28.923	-0.125
20.380	-30.019	-0.118
20.400	-30.637	-0.118
20.420	-30.841	-0.106
20.440	-30.615	-0.100
20.460	-29.896	-0.091
20.480	-28.725	-0.077
20.500	-27.119	-0.067
20.520	-25.121	-0.053
20.540	-22.757	-0.039
20.560	-20.045	-0.024
20.580	-16.989	-0.010
20.600	-13.723	0.008
20.620	-10.221	0.021
20.640	-6.569	0.037
20.660	-2.841	0.046
20.680	0.918	0.066
20.700	4.684	0.074
20.720	8.368	0.093
20.740	11.961	0.096
20.760	15.351	0.112
20.780	18.509	0.113
20.800	21.398	0.122
20.820	23.944	0.121
20.840	26.125	0.124
20.860	27.930	0.120
20.880	29.321	0.121
20.900	30.261	0.116
20.920	30.750	0.118
20.940	30.776	0.103
20.960	30.363	0.097
20.980	29.493	0.084
21.000	28.182	0.071
21.020	26.437	0.062
21.040	24.320	0.047
21.060	21.796	0.034
21.080	18.976	0.018
21.100	15.882	0.004
21.120	12.509	-0.008
21.140	8.986	-0.022
21.160	5.317	-0.039
21.180	1.563	-0.059
21.200	-2.224	-0.061
21.220	-5.962	-0.078
21.240	-9.614	-0.082
21.260	-13.116	-0.100
21.280	-16.425	-0.100
21.300	-19.502	-0.112
21.320	-22.295	-0.110
21.340	-24.750	-0.122
21.360	-26.845	-0.117
21.380	-28.515	-0.121
21.400	-29.729	-0.112
21.420	-30.545	-0.112
21.440	-30.841	-0.104
21.460	-30.755	-0.100
21.480	-30.218	-0.085
21.500	-29.213	-0.074
21.520	-27.736	-0.063
21.540	-25.846	-0.048
21.560	-23.601	-0.038
21.580	-20.979	-0.018
21.600	-18.020	-0.007
21.620	-14.819	0.013
21.640	-11.387	0.024
21.660	-7.804	0.042
21.680	-4.104	0.053
21.700	-0.317	0.069
21.720	3.470	0.081
21.740	7.187	0.094
21.760	10.812	0.103
21.780	14.276	0.109
21.800	17.483	0.119
21.820	20.458	0.124
21.840	23.149	0.132
21.860	25.454	0.131
21.880	27.387	0.133
21.900	28.907	0.130
21.920	30.003	0.127
21.940	30.631	0.120
21.960	30.809	0.113
21.980	30.551	0.102
22.000	29.799	0.100
22.020	28.644	0.083
22.040	27.022	0.074
22.060	25.040	0.062
22.080	22.655	0.049
22.100	19.943	0.032
22.120	16.914	0.016
22.140	13.600	0.005
22.160	10.141	-0.015
22.180	6.499	-0.025
22.200	2.777	-0.040
22.220	-0.972	-0.050
22.240	-4.732	-0.070
22.260	-8.433	-0.072
22.280	-11.988	-0.089
22.300	-15.377	-0.094
22.320	-18.541	-0.100
22.340	-21.436	-0.103
22.360	-23.982	-0.109
22.380	-26.168	-0.110
22.400	-27.978	-0.112
22.420	-29.369	-0.108
22.440	-30.325	-0.106
22.460	-30.782	-0.100
22.480	-30.841	-0.093
22.500	-30.400	-0.082
22.520	-29.546	-0.075
22.540	-28.236	-0.067
22.560	-26.485	-0.055
22.580	-24.320	-0.040
22.600	-21.823	-0.022
22.620	-18.965	-0.016
22.640	-15.866	0.005
22.660	-12.536	0.019
22.680	-8.980	0.033
22.700	-5.280	0.049
22.720	-1.499	0.064
22.740	2.272	0.075
22.760	6.026	0.089
22.780	9.657	0.098
22.800	13.148	0.103
22.820	16.468	0.112
22.840	19.535	0.123
22.860	22.328	0.125
22.880	24.750	0.126
22.900	26.818	0.133
22.920	28.456	0.125
22.940	29.697	0.126
22.960	30.481	0.115
22.980	30.792	0.111
23.000	30.685	0.103
23.020	30.105	0.091
23.040	29.063	0.082
23.060	27.586	0.072
23.080	25.754	0.062
23.100	23.477	0.047
23.120	20.856	0.029
23.140	17.913	0.018
23.160	14.706	-0.003
23.180	11.274	-0.016
23.200	7.702	-0.030
23.220	4.023	-0.045
23.240	0.279	-0.055
23.260	-3.502	-0.071
23.280	-7.235	-0.075
23.300	-10.871	-0.092
23.320	-14.298	-0.099
23.340	-17.547	-0.107
23.360	-20.496	-0.110
23.380	-23.144	-0.121
23.400	-25.459	-0.117
23.420	-27.436	-0.121
23.440	-28.961	-0.118
23.460	-30.041	-0.117
23.480	-30.658	-0.108
23.500	-30.846	-0.106
23.520	-30.578	-0.095
23.540	-29.863	-0.087
23.560	-28.687	-0.075
23.580	-27.065	-0.065
23.600	-25.029	-0.053
23.620	-22.661	-0.038
23.640	-19.937	-0.024
23.660	-16.903	-0.011
23.680	-13.626	0.005
23.700	-10.125	0.019
23.720	-6.461	0.035
23.740	-2.718	0.045
23.760	1.069	0.062
23.780	4.802	0.070
23.800	8.465	0.086
23.820	12.047	0.091
23.840	15.431	0.104
23.860	18.584	0.104
23.880	21.474	0.115
23.900	24.025	0.109
23.920	26.179	0.120
23.940	27.962	0.112
23.960	29.332	0.120
23.980	30.277	0.107
24.000	30.744	0.107
24.020	30.776	0.096
24.040	30.347	0.093
24.060	29.450	0.077
24.080	28.128	0.067
24.100	26.394	0.053
24.120	24.256	0.042
24.140	21.731	0.023
24.160	18.879	0.017
24.180	15.759	-0.005
24.200	12.423	-0.014
24.220	8.900	-0.030
24.240	5.231	-0.046
24.260	1.488	-0.060
24.280	-2.304	-0.071
24.300	-6.037	-0.084
24.320	-9.722	-0.092
24.340	-13.197	-0.108
24.360	-16.468	-0.108
24.380	-19.551	-0.115
24.400	-22.333	-0.119
24.420	-24.766	-0.126
24.440	-26.829	-0.123
24.460	-28.526	-0.128
24.480	-29.734	-0.120
24.500	-30.508	-0.119
24.520	-30.825	-0.111
24.540	-30.707	-0.104
24.560	-30.148	-0.090
24.580	-29.111	-0.083
24.600	-27.640	-0.073
24.620	-25.749	-0.063
24.640	-23.488	-0.046
24.660	-20.856	-0.029
24.680	-17.913	-0.017
24.700	-14.711	-0.001
24.720	-11.279	0.015
24.740	-7.654	0.030
24.760	-3.942	0.045
24.780	-0.199	0.057
24.800	3.583	0.069
24.820	7.294	0.081
24.840	10.903	0.093
24.860	14.357	0.100
24.880	17.606	0.106
24.900	20.550	0.115
24.920	23.208	0.120
24.940	25.513	0.124
24.960	27.441	0.120
24.980	28.950	0.117
25.000	30.008	0.118
25.020	30.642	0.110
25.040	30.819	0.103
25.060	30.540	0.095
25.080	29.793	0.087
25.100	28.606	0.072
25.120	26.990	0.066
25.140	24.986	0.052
25.160	22.580	0.037
25.180	19.841	0.017
25.200	16.828	0.006
25.220	13.535	-0.005
25.240	10.049	-0.022
25.260	6.408	-0.036
25.280	2.691	-0.053
25.300	-1.106	-0.062
25.320	-4.850	-0.077
25.340	-8.535	-0.081
25.360	-12.106	-0.098
25.380	-15.447	-0.100
25.400	-18.627	-0.111
25.420	-21.517	-0.113
25.440	-24.057	-0.118
25.460	-26.265	-0.117
25.480	-28.048	-0.123
25.500	-29.423	-0.115
25.520	-30.341	-0.116
25.540	-30.787	-0.105
25.560	-30.835	-0.101
25.580	-30.417	-0.095
25.600	-29.536	-0.087
25.620	-28.198	-0.075
25.640	-26.469	-0.059
25.660	-24.320	-0.045
25.680	-21.774	-0.025
25.700	-18.912	-0.010
25.720	-15.775	0.002
25.740	-12.434	0.015
25.760	-8.895	0.031
25.780	-5.210	0.047
25.800	-1.445	0.061
25.820	2.347	0.072
25.840	6.091	0.087
25.860	9.749	0.099
25.880	13.267	0.103
25.900	16.554	0.116
25.920	19.604	0.121
25.940	22.392	0.128
25.960	24.809	0.125
25.980	26.855	0.131
26.000	28.504	0.126
26.020	29.718	0.126
26.040	30.492	0.120
26.060	30.803	0.115
26.080	30.674	0.104
26.100	30.067	0.099
26.120	29.031	0.083
26.140	27.538	0.076
26.160	25.668	0.066
26.180	23.402	0.046
26.200	20.775	0.037
26.220	17.832	0.019
26.240	14.615	0.010
26.260	11.172	-0.009
26.280	7.579	-0.017
26.300	3.873	-0.039
26.320	0.140	-0.050
26.340	-3.615	-0.064
26.360	-7.348	-0.069
26.380	-10.968	-0.086
26.400	-14.411	-0.091
26.420	-17.649	-0.099
26.440	-20.630	-0.104
26.460	-23.251	-0.108
26.480	-25.561	-0.116
26.500	-27.489	-0.112
26.520	-29.009	-0.112
26.540	-30.100	-0.108
26.560	-30.685	-0.105
26.580	-30.873	-0.092
26.600	-30.594	-0.085
26.620	-29.890	-0.079
26.640	-28.682	-0.067
26.660	-27.027	-0.057
26.680	-25.013	-0.041
26.700	-22.612	-0.025
26.720	-19.846	-0.015
26.740	-16.828	0.001
26.760	-13.567	0.017
26.780	-10.049	0.034
26.800	-6.392	0.048
26.820	-2.637	0.058
26.840	1.144	0.075
26.860	4.920	0.083
26.880	8.572	0.099
26.900	12.133	0.104
26.920	15.501	0.115
26.940	18.648	0.119
26.960	21.533	0.127
26.980	24.079	0.127
27.000	26.249	0.133
27.020	28.010	0.127
27.040	29.375	0.128
27.060	30.282	0.121
27.080	30.755	0.117
27.100	30.766	0.104
27.120	30.309	0.101
27.140	29.417	0.089
27.160	28.075	0.077
27.180	26.340	0.064
27.200	24.202	0.052
27.220	21.667	0.037
27.240	18.804	0.021
27.260	15.689	0.005
27.280	12.305	-0.005
27.300	8.787	-0.024
27.320	5.135	-0.032
27.340	1.386	-0.050
27.360	-2.385	-0.059
27.380	-6.145	-0.075
27.400	-9.813	-0.079
27.420	-13.304	-0.098
27.440	-16.586	-0.100
27.460	-19.642	-0.108
27.480	-22.408	-0.108
27.500	-24.831	-0.115
27.520	-26.904	-0.117
27.540	-28.563	-0.115
27.560	-29.767	-0.112
27.580	-30.540	-0.107
27.600	-30.841	-0.106
27.620	-30.707	-0.092
27.640	-30.121	-0.087
27.660	-29.101	-0.069
27.680	-27.597	-0.067
27.700	-25.674	-0.047
27.720	-23.407	-0.035
27.740	-20.786	-0.021
27.760	-17.832	-0.010
27.780	-14.620	0.004
27.800	-11.183	0.019
27.820	-7.579	0.033
27.840	-3.819	0.053
27.860	-0.059	0.062
27.880	3.679	0.074
27.900	7.391	0.082
27.920	11.000	0.095
27.940	14.454	0.100
27.960	17.676	0.110
27.980	20.641	0.113
28.000	23.316	0.116
28.020	25.577	0.118
28.040	27.479	0.120
28.060	28.972	0.117
28.080	30.046	0.112
28.100	30.658	0.106
28.120	30.798	0.099
28.140	30.519	0.094
28.160	29.767	0.084
28.180	28.574	0.067
28.200	26.931	0.060
28.220	24.938	0.049
28.240	22.516	0.029
28.260	19.760	0.022
28.280	16.720	-0.000
28.300	13.449	-0.011
28.320	9.963	-0.024
28.340	6.338	-0.039
28.360	2.600	-0.056
28.380	-1.176	-0.070
28.400	-4.952	-0.076
28.420	-8.642	-0.092
28.440	-12.171	-0.100
28.460	-15.533	-0.112
28.480	-18.665	-0.113
28.500	-21.554	-0.117
28.520	-24.084	-0.121
28.540	-26.265	-0.126
28.560	-28.053	-0.125
28.580	-29.407	-0.122
28.600	-30.336	-0.117
28.620	-30.760	-0.110
28.640	-30.792	-0.108
28.660	-30.357	-0.095
28.680	-29.460	-0.088
28.700	-28.102	-0.077
28.720	-26.345	-0.067
28.740	-24.208	-0.049
28.760	-21.672	-0.034
28.780	-18.804	-0.022
28.800	-15.657	-0.007
28.820	-12.305	0.007
28.840	-8.739	0.023
28.860	-5.054	0.038
28.880	-1.316	0.051
28.900	2.465	0.063
28.920	6.220	0.077
28.940	9.845	0.088
28.960	13.374	0.095
28.980	16.672	0.103
29.000	19.707	0.111
29.020	22.462	0.112
29.040	24.863	0.119
29.060	26.909	0.117
29.080	28.542	0.114
29.100	29.745	0.112
29.120	30.508	0.109
29.140	30.814	0.103
29.160	30.669	0.095
29.180	30.062	0.087
29.200	28.999	0.075
29.220	27.521	0.063
29.240	25.620	0.053
29.260	23.327	0.036
29.280	20.695	0.025
29.300	17.762	0.009
29.320	14.556	-0.004
29.340	11.102	-0.018
29.360	7.503	-0.030
29.380	3.797	-0.052
29.400	0.027	-0.058
29.420	-3.728	-0.078
29.440	-7.444	-0.079
29.460	-11.043	-0.097
29.480	-14.480	-0.103
29.500	-17.725	-0.114
29.520	-20.673	-0.109
29.540	-23.321	-0.121
29.560	-25.615	-0.121
29.580	-27.543	-0.125
29.600	-29.047	-0.119
29.620	-30.100	-0.121
29.640	-30.685	-0.110
29.660	-30.852	-0.106
29.680	-30.572	-0.099
29.700	-29.831	-0.088
29.720	-28.639	-0.077
29.740	-27.011	-0.067
29.760	-24.954	-0.053
29.780	-22.542	-0.035
29.800	-19.771	-0.020
29.820	-16.731	-0.007
29.840	-13.433	0.011
29.860	-9.958	0.017
29.880	-6.300	0.040
29.900	-2.551	0.053
29.920	1.230	0.069
29.940	5.011	0.074
29.960	8.685	0.093
29.980	12.246	0.096
30.000	15.603	0.112
30.020	18.724	0.116
30.040	21.608	0.121
30.060	24.127	0.120
30.080	26.292	0.123
30.100	28.059	0.118
30.120	29.412	0.122
30.140	30.309	0.116
30.160	30.766	0.116
30.180	30.755	0.103
30.200	30.304	0.098
30.220	29.380	0.087
30.240	28.021	0.074
30.260	26.270	0.061
30.280	24.127	0.049
30.300	21.586	0.036
30.320	18.718	0.023
30.340	15.598	0.005
30.360	12.192	-0.009
30.380	8.658	-0.021
30.400	4.974	-0.038
30.420	1.251	-0.056
30.440	-2.524	-0.062
30.460	-6.257	-0.075
30.480	-9.937	-0.079
30.500	-13.422	-0.100
30.520	-16.720	-0.096
30.540	-19.782	-0.110
30.560	-22.510	-0.107
30.580	-24.911	-0.121
30.600	-26.974	-0.110
30.620	-28.633	-0.119
30.640	-29.826	-0.106
30.660	-30.588	-0.108
30.680	-30.873	-0.096
30.700	-30.723	-0.096
30.720	-30.148	-0.083
30.740	-29.090	-0.072
30.760	-27.591	-0.063
30.780	-25.668	-0.045
30.800	-23.359	-0.033
30.820	-20.716	-0.017
30.840	-17.762	-0.005
30.860	-14.566	0.016
30.880	-11.113	0.025
30.900	-7.509	0.044
30.920	-3.765	0.053
30.940	0.032	0.066
30.960	3.803	0.084
30.980	7.487	0.091
31.000	11.086	0.102
31.020	14.523	0.107
31.040	17.751	0.120
31.060	20.711	0.124
31.080	23.375	0.132
31.100	25.642	0.131
31.120	27.516	0.137
31.140	29.009	0.127
31.160	30.062	0.129
31.180	30.658	0.116
31.200	30.803	0.114
31.220	30.502	0.099
31.240	29.713	0.098
31.260	28.526	0.078
31.280	26.893	0.074
31.300	24.874	0.059
31.320	22.451	0.044
31.340	19.680	0.031
31.360	16.629	0.014
31.380	13.326	0.004
31.400	9.840	-0.015
31.420	6.209	-0.025
31.440	2.498	-0.045
31.460	-1.273	-0.051
31.480	-5.043	-0.071
31.500	-8.766	-0.073
31.520	-12.300	-0.089
31.540	-15.646	-0.095
31.560	-18.777	-0.104
31.580	-21.629	-0.106
31.600	-24.175	-0.110
31.620	-26.340	-0.115
31.640	-28.128	-0.114
31.660	-29.471	-0.112
31.680	-30.384	-0.107
31.700	-30.782	-0.100
31.720	-30.819	-0.090
31.740	-30.357	-0.087
31.760	-29.455	-0.071
31.780	-28.085	-0.067
31.800	-26.297	-0.049
31.820	-24.116	-0.042
31.840	-21.597	-0.022
31.860	-18.750	-0.013
31.880	-15.592	0.004
31.900	-12.208	0.018
31.920	-8.642	0.033
31.940	-4.936	0.048
31.960	-1.198	0.062
31.980	2.573	0.074
32.000	6.295	0.085
32.020	9.937	0.096
32.040	13.460	0.104
32.060	16.758	0.112
32.080	19.792	0.112
32.100	22.559	0.124
32.120	24.933	0.120
32.140	26.968	0.127
32.160	28.569	0.120
32.180	29.777	0.117
32.200	30.524	0.115
32.220	30.803	0.105
32.240	30.658	0.101
32.260	30.030	0.090
32.280	28.966	0.078
32.300	27.457	0.064
32.320	25.572	0.058
32.340	23.268	0.039
32.360	20.598	0.028
32.380	17.633	0.010
32.400	14.432	0.001
32.420	11.011	-0.019
32.440	7.412	-0.031
32.460	3.706	-0.050
32.480	-0.064	-0.056
32.500	-3.846	-0.075
32.520	-7.557	-0.079
32.540	-11.140	-0.092
32.560	-14.550	-0.100
32.580	-17.784	-0.109
32.600	-20.749	-0.112
32.620	-23.364	-0.118
32.640	-25.668	-0.117
32.660	-27.570	-0.121
32.680	-29.063	-0.120
32.700	-30.105	-0.116
32.720	-30.685	-0.112
32.740	-30.841	-0.108
32.760	-30.519	-0.096
32.780	-29.767	-0.087
32.800	-28.558	-0.075
32.820	-26.909	-0.067
32.840	-24.868	-0.052
32.860	-22.457	-0.035
32.880	-19.685	-0.025
32.900	-16.613	-0.011
32.920	-13.315	0.004
32.940	-9.808	0.016
32.960	-6.171	0.033
32.980	-2.428	0.045
33.000	1.354	0.062
33.020	5.113	0.071
33.040	8.787	0.085
33.060	12.364	0.094
33.080	15.727	0.102
33.100	18.826	0.105
33.120	21.683	0.111
33.140	24.202	0.112
33.160	26.356	0.119
33.180	28.091	0.110
33.200	29.439	0.114
33.220	30.331	0.106
33.240	30.766	0.104
33.260	30.750	0.095
33.280	30.293	0.087
33.300	29.358	0.074
33.320	27.994	0.064
33.340	26.216	0.054
33.360	24.041	0.037
33.380	21.511	0.026
33.400	18.659	0.011
33.420	15.517	-0.001
33.440	12.123	-0.018
33.460	8.588	-0.031
33.480	4.909	-0.046
33.500	1.149	-0.061
33.520	-2.621	-0.071
33.540	-6.338	-0.085
33.560	-9.990	-0.094
33.580	-13.465	-0.106
33.600	-16.763	-0.111
33.620	-19.830	-0.114
33.640	-22.564	-0.118
33.660	-24.965	-0.122
33.680	-27.000	-0.125
33.700	-28.617	-0.125
33.720	-29.820	-0.121
33.740	-30.551	-0.121
33.760	-30.835	-0.108
33.780	-30.680	-0.102
33.800	-30.073	-0.095
33.820	-29.025	-0.079
33.840	-27.495	-0.076
33.860	-25.577	-0.057
33.880	-23.273	-0.039
33.900	-20.620	-0.025
33.920	-17.628	-0.015
33.940	-14.432	0.003
33.960	-11.011	0.014
33.980	-7.391	0.036
34.000	-3.636	0.040
34.020	0.140	0.062
34.040	3.916	0.070
34.060	7.627	0.088
34.080	11.204	0.088
34.100	14.620	0.105
34.120	17.832	0.106
34.140	20.786	0.118
34.160	23.434	0.119
34.180	25.706	0.124
34.200	27.575	0.120
34.220	29.052	0.122
34.240	30.083	0.116
34.260	30.685	0.116
34.280	30.814	0.103
34.300	30.492	0.095
34.320	29.713	0.086
34.340	28.478	0.073
34.360	26.834	0.063
34.380	24.825	0.049
34.400	22.387	0.033
34.420	19.610	0.023
34.440	16.559	0.004
34.460	13.218	-0.004
34.480	9.738	-0.025
34.500	6.091	-0.031
34.520	2.374	-0.054
34.540	-1.380	-0.064
34.560	-5.140	-0.077
34.580	-8.852	-0.078
34.600	-12.402	-0.101
34.620	-15.753	-0.100
34.640	-18.906	-0.111
34.660	-21.721	-0.109
34.680	-24.229	-0.121
34.700	-26.410	-0.112
34.720	-28.187	-0.121
34.740	-29.520	-0.114
34.760	-30.422	-0.117
34.780	-30.792	-0.104
34.800	-30.803	-0.100
34.820	-30.374	-0.090
34.840	-29.455	-0.079
34.860	-28.085	-0.069
34.880	-26.259	-0.057
34.900	-24.089	-0.041
34.920	-21.527	-0.021
34.940	-18.691	-0.007
34.960	-15.549	0.008
34.980	-12.144	0.020
35.000	-8.583	0.037
35.020	-4.855	0.049
35.040	-1.090	0.062
35.060	2.696	0.079
35.080	6.402	0.087
35.100	10.039	0.102
35.120	13.535	0.107
35.140	16.817	0.117
35.160	19.878	0.121
35.180	22.634	0.129
35.200	25.002	0.129
35.220	27.006	0.130
35.240	28.623	0.126
35.260	29.799	0.130
35.280	30.535	0.117
35.300	30.809	0.112
35.320	30.658	0.104
35.340	30.003	0.100
35.360	28.934	0.086
35.380	27.425	0.074
35.400	25.523	0.063
35.420	23.198	0.047
35.440	20.528	0.035
35.460	17.563	0.018
35.480	14.319	0.005
35.500	10.887	-0.011
35.520	7.315	-0.024
35.540	3.604	-0.040
35.560	-0.167	-0.048
35.580	-3.942	-0.067
35.600	-7.681	-0.070
35.620	-11.263	-0.082
35.640	-14.685	-0.092
35.660	-17.875	-0.099
35.680	-20.818	-0.104
35.700	-23.466	-0.102
35.720	-25.728	-0.110
35.740	-27.634	-0.111
35.760	-29.133	-0.110
35.780	-30.159	-0.107
35.800	-30.696	-0.099
35.820	-30.857	-0.092
35.840	-30.540	-0.080
35.860	-29.777	-0.076
35.880	-28.537	-0.064
35.900	-26.861	-0.052
35.920	-24.820	-0.041
35.940	-22.403	-0.025
35.960	-19.615	-0.013
35.980	-16.548	0.002
36.000	-13.240	0.015
36.020	-9.711	0.033
36.040	-6.042	0.046
36.060	-2.304	0.060
36.080	1.456	0.075
36.100	5.205	0.085
36.120	8.884	0.099
36.140	12.439	0.102
36.160	15.818	0.107
36.180	18.933	0.117
36.200	21.791	0.125
36.220	24.272	0.124
36.240	26.399	0.132
36.260	28.145	0.122
36.280	29.477	0.126
36.300	30.352	0.115
36.320	30.776	0.115
36.340	30.750	0.102
36.360	30.282	0.097
36.380	29.332	0.082
36.400	27.957	0.072
36.420	26.168	0.066
36.440	23.993	0.048
36.460	21.425	0.033
36.480	18.557	0.021
36.500	15.437	0.003
36.520	12.053	-0.010
36.540	8.497	-0.026
36.560	4.807	-0.038
36.580	1.053	-0.050
36.600	-2.718	-0.067
36.620	-6.467	-0.071
36.640	-10.103	-0.087
36.660	-13.551	-0.095
36.680	-16.849	-0.104
36.700	-19.889	-0.108
36.720	-22.628	-0.112
36.740	-25.013	-0.115
36.760	-27.049	-0.117
36.780	-28.655	-0.121
36.800	-29.820	-0.112
36.820	-30.562	-0.110
36.840	-30.835	-0.102
36.860	-30.669	-0.096
36.880	-30.051	-0.081
36.900	-28.961	-0.075
36.920	-27.462	-0.063
36.940	-25.497	-0.051
36.960	-23.208	-0.037
36.980	-20.550	-0.025
37.000	-17.537	-0.013
37.020	-14.309	0.005
37.040	-10.855	0.017
37.060	-7.262	0.034
37.080	-3.534	0.045
37.100	0.236	0.062
37.120	4.018	0.071
37.140	7.713	0.087
37.160	11.312	0.093
37.180	14.749	0.100
37.200	17.939	0.103
37.220	20.861	0.115
37.240	23.509	0.109
37.260	25.760	0.117
37.280	27.634	0.115
37.300	29.095	0.116
37.320	30.116	0.109
37.340	30.696	0.103
37.360	30.809	0.099
37.380	30.486	0.091
37.400	29.675	0.080
37.420	28.445	0.067
37.440	26.780	0.058
37.460	24.734	0.045
37.480	22.306	0.027
37.500	19.535	0.014
37.520	16.489	-0.000
37.540	13.148	-0.014
37.560	9.657	-0.028
37.580	6.000	-0.042
37.600	2.261	-0.057
37.620	-1.488	-0.067
37.640	-5.226	-0.084
37.660	-8.911	-0.089
37.680	-12.450	-0.108
37.700	-15.796	-0.108
37.720	-18.949	-0.118
37.740	-21.774	-0.115
37.760	-24.256	-0.126
37.780	-26.399	-0.127
37.800	-28.177	-0.129
37.820	-29.503	-0.121
37.840	-30.390	-0.117
37.860	-30.771	-0.111
37.880	-30.760	-0.107
37.900	-30.298	-0.094
37.920	-29.375	-0.085
37.940	-27.983	-0.079
37.960	-26.179	-0.063
37.980	-23.977	-0.047
38.000	-21.431	-0.030
38.020	-18.530	-0.021
38.040	-15.383	-0.003
38.060	-12.026	0.009
38.080	-8.438	0.026
38.100	-4.737	0.041
38.120	-0.972	0.053
38.140	2.804	0.065
38.160	6.547	0.078
38.180	10.157	0.086
38.200	13.643	0.095
38.220	16.924	0.103
38.240	19.937	0.107
38.260	22.714	0.116
38.280	25.067	0.117
38.300	27.076	0.117
38.320	28.671	0.115
38.340	29.826	0.113
38.360	30.545	0.107
38.380	30.825	0.103
38.400	30.637	0.094
38.420	29.987	0.088
38.440	28.891	0.073
38.460	27.376	0.062
38.480	25.464	0.053
38.500	23.149	0.036
38.520	20.458	0.023
38.540	17.488	0.004
38.560	14.239	-0.003
38.580	10.791	-0.023
38.600	7.197	-0.033
38.620	3.513	-0.053
38.640	-0.252	-0.054
38.660	-4.034	-0.079
38.680	-7.756	-0.081
38.700	-11.360	-0.093
38.720	-14.776	-0.100
38.740	-17.977	-0.106
38.760	-20.894	-0.113
38.780	-23.531	-0.118
38.800	-25.781	-0.120
38.820	-27.661	-0.120
38.840	-29.160	-0.120
38.860	-30.169	-0.115
38.880	-30.739	-0.111
38.900	-30.835	-0.104
38.920	-30.529	-0.100
38.940	-29.756	-0.084
38.960	-28.510	-0.077
38.980	-26.850	-0.063
39.000	-24.761	-0.048
39.020	-22.328	-0.032
39.040	-19.551	-0.011
39.060	-16.479	-0.004
39.080	-13.181	0.015
39.100	-9.641	0.027
39.120	-5.962	0.041
39.140	-2.208	0.053
39.160	1.568	0.067
39.180	5.296	0.079
39.200	8.970	0.097
39.220	12.515	0.099
39.240	15.882	0.109
39.260	18.998	0.113
39.280	21.855	0.125
39.300	24.353	0.122
39.320	26.458	0.127
39.340	28.182	0.124
39.360	29.498	0.123
39.380	30.379	0.120
39.400	30.792	0.115
39.420	30.744	0.104
39.440	30.245	0.099
39.460	29.305	0.085
39.480	27.897	0.073
39.500	26.125	0.065
39.520	23.917	0.046
39.540	21.345	0.039
39.560	18.471	0.017
39.580	15.308	0.009
39.600	11.924	-0.011
39.620	8.395	-0.017
39.640	4.694	-0.040
39.660	0.945	-0.054
39.680	-2.841	-0.064
39.700	-6.580	-0.074
39.720	-10.243	-0.079
39.740	-13.707	-0.096
39.760	-16.957	-0.096
39.780	-19.997	-0.106
39.800	-22.704	-0.108
39.820	-25.110	-0.117
39.840	-27.140	-0.108
39.860	-28.725	-0.117
39.880	-29.896	-0.104
39.900	-30.604	-0.108
39.920	-30.846	-0.096
39.940	-30.690	-0.091
39.960	-30.067	-0.080
39.980	-28.966	-0.069
40.000	-27.409	-0.058
40.020	-25.480	-0.040
40.040	-23.166	-0.030
40.060	-20.485	-0.013
40.080	-17.504	-0.002
40.100	-14.250	0.016
40.120	-10.774	0.027
40.140	-7.149	0.047
40.160	-3.443	0.055
40.180	0.322	0.074
40.200	4.098	0.081
40.220	7.799	0.097
40.240	11.403	0.103
40.260	14.840	0.109
40.280	18.020	0.118
40.300	20.958	0.125
40.320	23.574	0.129
40.340	25.797	0.134
40.360	27.683	0.128
40.380	29.122	0.130
40.400	30.132	0.120
40.420	30.696	0.115
40.440	30.809	0.106
40.460	30.470	0.103
40.480	29.654	0.093
40.500	28.413	0.079
40.520	26.732	0.070
40.540	24.686	0.055
40.560	22.204	0.040
40.580	19.443	0.025
40.600	16.387	0.011
40.620	13.084	-0.002
40.640	9.561	-0.021
40.660	5.903	-0.029
40.680	2.165	-0.046
40.700	-1.622	-0.054
40.720	-5.360	-0.072
40.740	-9.018	-0.077
40.760	-12.552	-0.091
40.780	-15.893	-0.097
40.800	-19.035	-0.102
40.820	-21.882	-0.106
40.840	-24.353	-0.111
40.860	-26.485	-0.112
40.880	-28.225	-0.115
40.900	-29.541	-0.110
40.920	-30.417	-0.107
40.940	-30.809	-0.101
40.960	-30.771	-0.091
40.980	-30.277	-0.084
41.000	-29.348	-0.071
41.020	-27.951	-0.064
41.040	-26.130	-0.049
41.060	-23.917	-0.036
41.080	-21.355	-0.025
41.100	-18.460	-0.010
41.120	-15.292	0.005
41.140	-11.913	0.022
41.160	-8.363	0.033
41.180	-4.641	0.044
41.200	-0.886	0.062
41.220	2.911	0.072
41.240	6.639	0.083
41.260	10.264	0.093
41.280	13.771	0.100
41.300	17.016	0.109
41.320	20.018	0.114
41.340	22.768	0.120
41.360	25.121	0.120
41.380	27.124	0.121
41.400	28.703	0.118
41.420	29.869	0.116
41.440	30.567	0.112
41.460	30.825	0.105
41.480	30.631	0.096
41.500	29.955	0.088
41.520	28.864	0.073
41.540	27.317	0.066
41.560	25.395	0.051
41.580	23.080	0.033
41.600	20.394	0.025
41.620	17.418	0.006
41.640	14.158	-0.009
41.660	10.715	-0.021
41.680	7.101	-0.034
41.700	3.373	-0.048
41.720	-0.344	-0.066
41.740	-4.130	-0.075
41.760	-7.842	-0.087
41.780	-11.430	-0.098
41.800	-14.840	-0.107
41.820	-18.042	-0.113
41.840	-20.985	-0.117
41.860	-23.563	-0.123
41.880	-25.819	-0.124
41.900	-27.688	-0.127
41.920	-29.160	-0.119
41.940	-30.169	-0.121
41.960	-30.696	-0.110
41.980	-30.825	-0.109
42.000	-30.497	-0.095
42.020	-29.670	-0.090
42.040	-28.440	-0.075
42.060	-26.748	-0.071
42.080	-24.664	-0.049
42.100	-22.215	-0.040
42.120	-19.406	-0.023
42.140	-16.339	-0.009
42.160	-13.041	0.007
42.180	-9.518	0.016
42.200	-5.854	0.034
42.220	-2.095	0.045
42.240	1.703	0.064
42.260	5.457	0.072
42.280	9.099	0.090
42.300	12.627	0.093
42.320	15.979	0.103
42.340	19.073	0.104
42.360	21.925	0.114
42.380	24.412	0.113
42.400	26.528	0.120
42.420	28.236	0.109
42.440	29.536	0.113
42.460	30.390	0.103
42.480	30.782	0.104
42.500	30.739	0.091
42.520	30.234	0.090
42.540	29.267	0.072
42.560	27.876	0.064
42.580	26.077	0.052
42.600	23.875	0.038
42.620	21.280	0.023
42.640	18.396	0.008
42.660	15.238	-0.008
42.680	11.827	-0.017
42.700	8.271	-0.034
42.720	4.619	-0.049
42.740	0.870	-0.060
42.760	-2.900	-0.075
42.780	-6.649	-0.079
42.800	-10.302	-0.096
42.820	-13.771	-0.103
42.840	-17.037	-0.109
42.860	-20.029	-0.114
42.880	-22.747	-0.119
42.900	-25.126	-0.125
42.920	-27.146	-0.121
42.940	-28.757	-0.125
42.960	-29.896	-0.121
42.980	-30.594	-0.117
43.000	-30.825	-0.104
43.020	-30.658	-0.101
43.040	-30.008	-0.090
43.060	-28.907	-0.078
43.080	-27.344	-0.067
43.100	-25.378	-0.056
43.120	-23.069	-0.038
43.140	-20.399	-0.023
43.160	-17.397	-0.013
43.180	-14.153	0.004
43.200	-10.683	0.017
43.220	-7.063	0.034
43.240	-3.303	0.049
43.260	0.467	0.062
43.280	4.195	0.076
43.300	7.906	0.087
43.320	11.494	0.095
43.340	14.926	0.103
43.360	18.106	0.112
43.380	21.039	0.118
43.400	23.644	0.118
43.420	25.862	0.121
43.440	27.720	0.121
43.460	29.160	0.119
43.480	30.169	0.118
43.500	30.707	0.113
43.520	30.809	0.107
43.540	30.443	0.096
43.560	29.627	0.090
43.580	28.365	0.071
43.600	26.700	0.066
43.620	24.616	0.047
43.640	22.134	0.037
43.660	19.336	0.022
43.680	16.280	0.005
43.700	12.955	-0.007
43.720	9.458	-0.019
43.740	5.790	-0.038
43.760	2.068	-0.055
43.780	-1.729	-0.061
43.800	-5.484	-0.076
43.820	-9.174	-0.079
43.840	-12.660	-0.098
43.860	-16.017	-0.097
43.880	-19.137	-0.109
43.900	-21.968	-0.112
43.920	-24.449	-0.117
43.940	-26.565	-0.115
43.960	-28.316	-0.119
43.980	-29.611	-0.112
44.000	-30.470	-0.108
44.020	-30.825	-0.102
44.040	-30.782	-0.097
44.060	-30.304	-0.087
44.080	-29.337	-0.075
44.100	-27.940	-0.064
44.120	-26.120	-0.049
44.140	-23.901	-0.036
44.160	-21.334	-0.017
44.180	-18.412	-0.004
44.200	-15.238	0.010
44.220	-11.849	0.024
44.240	-8.239	0.038
44.260	-4.555	0.053
44.280	-0.790	0.065
44.300	2.970	0.082
44.320	6.714	0.091
44.340	10.350	0.103
44.360	13.847	0.108
44.380	17.118	0.117
44.400	20.099	0.122
44.420	22.838	0.129
44.440	25.169	0.130
44.460	27.167	0.132
44.480	28.735	0.129
44.500	29.885	0.130
44.520	30.588	0.119
44.540	30.819	0.113
44.560	30.626	0.105
44.580	29.933	0.098
44.600	28.821	0.086
44.620	27.264	0.072
44.640	25.325	0.062
44.660	22.972	0.046
44.680	20.303	0.033
44.700	17.322	0.017
44.720	14.083	0.006
44.740	10.603	-0.010
44.760	6.982	-0.024
44.780	3.266	-0.040
44.800	-0.494	-0.048
44.820	-4.249	-0.067
44.840	-7.955	-0.072
44.860	-11.532	-0.083
44.880	-14.937	-0.095
44.900	-18.133	-0.097
44.920	-21.060	-0.103
44.940	-23.687	-0.105
44.960	-25.894	-0.112
44.980	-27.763	-0.112
45.000	-29.208	-0.111
45.020	-30.196	-0.108
45.040	-30.728	-0.100
45.060	-30.857	-0.093
45.080	-30.481	-0.081
45.100	-29.681	-0.075
45.120	-28.413	-0.058
45.140	-26.727	-0.054
45.160	-24.643	-0.036
45.180	-22.167	-0.026
45.200	-19.341	-0.007
45.220	-16.253	0.003
45.240	-12.960	0.020
45.260	-9.426	0.028
45.280	-5.769	0.051
45.300	-1.993	0.062
45.320	1.772	0.074
45.340	5.543	0.082
45.360	9.195	0.095
45.380	12.751	0.102
45.400	16.060	0.111
45.420	19.159	0.116
45.440	21.995	0.126
45.460	24.471	0.123
45.480	26.582	0.130
45.500	28.284	0.123
45.520	29.579	0.122
45.540	30.400	0.115
45.560	30.803	0.108
45.580	30.733	0.103
45.600	30.202	0.099
45.620	29.246	0.082
45.640	27.817	0.072
45.660	26.001	0.061
45.680	23.799	0.048
45.700	21.210	0.028
45.720	18.326	0.016
45.740	15.152	0.000
45.760	11.736	-0.013
45.780	8.175	-0.029
45.800	4.485	-0.038
45.820	0.757	-0.058
45.840	-3.008	-0.065
45.860	-6.735	-0.080
45.880	-10.377	-0.087
45.900	-13.852	-0.103
45.920	-17.118	-0.106
45.940	-20.158	-0.107
45.960	-22.822	-0.113
45.980	-25.180	-0.112
46.000	-27.188	-0.120
46.020	-28.784	-0.119
46.040	-29.912	-0.117
46.060	-30.588	-0.111
46.080	-30.846	-0.103
46.100	-30.626	-0.098
46.120	-29.981	-0.085
46.140	-28.864	-0.076
46.160	-27.285	-0.067
46.180	-25.319	-0.050
46.200	-22.972	-0.035
46.220	-20.281	-0.024
46.240	-17.290	-0.012
46.260	-14.056	0.002
46.280	-10.581	0.020
46.300	-6.945	0.031
46.320	-3.201	0.047
46.340	0.580	0.060
46.360	4.345	0.071
46.380	8.014	0.082
46.400	11.591	0.093
46.420	15.007	0.101
46.440	18.203	0.103
46.460	21.119	0.111
46.480	23.719	0.110
46.500	25.948	0.116
46.520	27.763	0.113
46.540	29.192	0.114
46.560	30.180	0.107
46.580	30.728	0.103
46.600	30.792	0.095
46.620	30.433	0.088
46.640	29.584	0.079
46.660	28.327	0.064
46.680	26.641	0.058
46.700	24.562	0.041
46.720	22.070	0.027
46.740	19.288	0.012
46.760	16.194	-0.001
46.780	12.837	-0.016
46.800	9.367	-0.028
46.820	5.731	-0.042
46.840	1.987	-0.060
46.860	-1.794	-0.071
46.880	-5.559	-0.083
46.900	-9.233	-0.092
46.920	-12.778	-0.107
46.940	-16.070	-0.107
46.960	-19.180	-0.116
46.980	-21.984	-0.116
47.000	-24.460	-0.127
47.020	-26.576	-0.122
47.040	-28.295	-0.128
47.060	-29.589	-0.119
47.080	-30.433	-0.124
47.100	-30.792	-0.110
47.120	-30.760	-0.105
47.140	-30.223	-0.094
47.160	-29.256	-0.084
47.180	-27.849	-0.073
47.200	-26.001	-0.058
47.220	-23.799	-0.048
47.240	-21.221	-0.029
47.260	-18.294	-0.020
47.280	-15.114	-0.002
47.300	-11.736	0.012
47.320	-8.121	0.032
47.340	-4.410	0.041
47.360	-0.650	0.057
47.380	3.094	0.067
47.400	6.832	0.082
47.420	10.452	0.091
47.440	13.938	0.099
47.460	17.209	0.105
47.480	20.206	0.111
47.500	22.913	0.118
47.520	25.244	0.120
47.540	27.210	0.122
47.560	28.768	0.116
47.580	29.912	0.120
47.600	30.599	0.107
47.620	30.819	0.106
47.640	30.604	0.091
47.660	29.922	0.083
47.680	28.789	0.072
47.700	27.231	0.066
47.720	25.276	0.052
47.740	22.908	0.033
47.760	20.201	0.025
47.780	17.225	0.003
47.800	13.976	-0.000
47.820	10.522	-0.027
47.840	6.896	-0.028
47.860	3.174	-0.058
47.880	-0.585	-0.057
47.900	-4.377	-0.080
47.920	-8.089	-0.075
47.940	-11.645	-0.098
47.960	-15.028	-0.095
47.980	-18.240	-0.111
48.000	-21.157	-0.109
48.020	-23.724	-0.120
48.040	-25.969	-0.115
48.060	-27.838	-0.117
48.080	-29.256	-0.117
48.100	-30.245	-0.112
48.120	-30.755	-0.109
48.140	-30.841	-0.098
48.160	-30.492	-0.095
48.180	-29.675	-0.080
48.200	-28.386	-0.075
48.220	-26.678	-0.059
48.240	-24.600	-0.048
48.260	-22.118	-0.025
48.280	-19.304	-0.012
48.300	-16.194	0.002
48.320	-12.864	0.015
48.340	-9.313	0.029
48.360	-5.672	0.047
48.380	-1.928	0.054
48.400	1.864	0.076
48.420	5.629	0.081
48.440	9.276	0.100
48.460	12.832	0.100
48.480	16.167	0.113
48.500	19.245	0.113
48.520	22.059	0.128
48.540	24.530	0.123
48.560	26.625	0.130
48.580	28.311	0.124
48.600	29.605	0.128
48.620	30.422	0.118
48.640	30.803	0.113
48.660	30.717	0.107
48.680	30.186	0.096
48.700	29.197	0.088
48.720	27.769	0.073
48.740	25.942	0.068
48.760	23.713	0.045
48.780	21.130	0.038
48.800	18.229	0.018
48.820	15.066	0.012
48.840	11.639	-0.009
48.860	8.062	-0.018
48.880	4.361	-0.036
48.900	0.612	-0.048
48.920	-3.147	-0.060
48.940	-6.875	-0.072
48.960	-10.500	-0.079
48.980	-13.976	-0.096
49.000	-17.236	-0.092
49.020	-20.244	-0.108
49.040	-22.951	-0.102
49.060	-25.282	-0.117
49.080	-27.253	-0.105
49.100	-28.848	-0.117
49.120	-29.976	-0.107
49.140	-30.653	-0.104
49.160	-30.857	-0.093
49.180	-30.631	-0.085
49.200	-29.981	-0.074
49.220	-28.864	-0.062
49.240	-27.280	-0.052
49.260	-25.298	-0.038
49.280	-22.940	-0.028
49.300	-20.222	-0.011
49.320	-17.209	0.000
49.340	-13.976	0.019
49.360	-10.500	0.029
49.380	-6.859	0.046
49.400	-3.121	0.052
49.420	0.666	0.074
49.440	4.442	0.083
49.460	8.132	0.098
49.480	11.714	0.105
49.500	15.093	0.107
49.520	18.262	0.121
49.540	21.184	0.123
49.560	23.772	0.128
49.580	25.991	0.130
49.600	27.828	0.131
49.620	29.235	0.124
49.640	30.202	0.124
49.660	30.723	0.116
49.680	30.787	0.109
49.700	30.400	0.099
49.720	29.562	0.091
49.740	28.279	0.075
49.760	26.576	0.068
49.780	24.514	0.054
49.800	22.011	0.037
49.820	19.207	0.022
49.840	16.124	0.008
49.860	12.751	-0.005
49.880	9.244	-0.021
49.900	5.581	-0.033
49.920	1.880	-0.049
49.940	-1.885	-0.058
49.960	-5.656	-0.075
49.980	-9.335	-0.077
50.000	-12.842	-0.093
50.020	-16.183	-0.099
50.040	-19.271	-0.106
50.060	-22.081	-0.107
50.080	-24.530	-0.113
50.100	-26.635	-0.117
50.120	-28.354	-0.113
50.140	-29.616	-0.116
50.160	-30.454	-0.108
50.180	-30.819	-0.101
50.200	-30.739	-0.095
50.220	-30.229	-0.086
50.240	-29.240	-0.072
50.260	-27.806	-0.068
50.280	-25.937	-0.048
50.300	-23.708	-0.035
50.320	-21.125	-0.025
50.340	-18.203	-0.010
50.360	-15.028	0.005
50.380	-11.628	0.020
50.400	-8.035	0.033
50.420	-4.313	0.048
50.440	-0.537	0.055
50.460	3.228	0.074
50.480	6.939	0.083
50.500	10.533	0.096
50.520	14.024	0.102
50.540	17.279	0.108
50.560	20.287	0.113
50.580	23.004	0.116
50.600	25.319	0.119
50.620	27.264	0.119
50.640	28.805	0.120
50.660	29.933	0.112
50.680	30.610	0.110
50.700	30.814	0.103
50.720	30.588	0.096
50.740	29.869	0.082
50.760	28.757	0.074
50.780	27.188	0.059
50.800	25.228	0.049
50.820	22.849	0.031
50.840	20.142	0.021
50.860	17.139	0.006
50.880	13.857	-0.007
50.900	10.415	-0.023
50.920	6.816	-0.036
50.940	3.094	-0.054
50.960	-0.687	-0.067
50.980	-4.442	-0.080
51.000	-8.164	-0.084
51.020	-11.741	-0.098
51.040	-15.109	-0.107
51.060	-18.289	-0.117
51.080	-21.184	-0.115
51.100	-23.762	-0.127
51.120	-25.991	-0.120
51.140	-27.860	-0.133
51.160	-29.256	-0.117
51.180	-30.239	-0.125
51.200	-30.728	-0.108
51.220	-30.803	-0.112
51.240	-30.433	-0.096
51.260	-29.611	-0.087
51.280	-28.300	-0.077
51.300	-26.576	-0.061
51.320	-24.465	-0.050
51.340	-22.021	-0.032
51.360	-19.186	-0.024
51.380	-16.081	-0.005
51.400	-12.756	0.004
51.420	-9.201	0.023
51.440	-5.516	0.037
51.460	-1.783	0.050
51.480	1.982	0.060
51.500	5.736	0.073
51.520	9.389	0.083
51.540	12.944	0.096
51.560	16.264	0.103
51.580	19.341	0.107
51.600	22.140	0.114
51.620	24.589	0.113
51.640	26.667	0.120
51.660	28.354	0.114
51.680	29.627	0.113
51.700	30.449	0.106
51.720	30.803	0.106
51.740	30.712	0.092
51.760	30.169	0.089
51.780	29.170	0.072
51.800	27.720	0.065
51.820	25.894	0.050
51.840	23.660	0.038
51.860	21.044	0.026
51.880	18.133	0.009
51.900	14.980	-0.000
51.920	11.559	-0.020
51.940	7.992	-0.030
51.960	4.297	-0.052
51.980	0.526	-0.057
52.000	-3.250	-0.079
52.020	-6.961	-0.081
52.040	-10.576	-0.096
52.060	-14.013	-0.099
52.080	-17.295	-0.108
52.100	-20.297	-0.112
52.120	-22.983	-0.120
52.140	-25.335	-0.121
52.160	-27.307	-0.125
52.180	-28.859	-0.123
52.200	-29.981	-0.113
52.220	-30.642	-0.115
52.240	-30.835	-0.101
52.260	-30.615	-0.098
52.280	-29.944	-0.083
52.300	-28.811	-0.075
52.320	-27.221	-0.063
52.340	-25.239	-0.051
52.360	-22.870	-0.034
52.380	-20.174	-0.017
52.400	-17.118	-0.006
52.420	-13.863	0.009
52.440	-10.393	0.023
52.460	-6.768	0.039
52.480	-3.029	0.051
52.500	0.752	0.067
52.520	4.522	0.074
52.540	8.207	0.091
52.560	11.822	0.096
52.580	15.211	0.108
52.600	18.348	0.110
52.620	21.259	0.117
52.640	23.837	0.120
52.660	26.039	0.128
52.680	27.871	0.119
52.700	29.267	0.124
52.720	30.229	0.117
52.740	30.739	0.111
52.760	30.792	0.101
52.780	30.395	0.094
52.800	29.530	0.086
52.820	28.241	0.074
52.840	26.512	0.066
52.860	24.417	0.046
52.880	21.930	0.040
52.900	19.126	0.020
52.920	16.017	0.008
52.940	12.670	-0.008
52.960	9.125	-0.019
52.980	5.473	-0.035
53.000	1.724	-0.056
53.020	-2.036	-0.063
53.040	-5.769	-0.075
53.060	-9.453	-0.079
53.080	-12.977	-0.095
53.100	-16.296	-0.095
53.120	-19.395	-0.108
53.140	-22.204	-0.107
53.160	-24.643	-0.117
53.180	-26.721	-0.111
53.200	-28.429	-0.121
53.220	-29.686	-0.107
53.240	-30.497	-0.108
53.260	-30.825	-0.100
53.280	-30.771	-0.092
53.300	-30.239	-0.087
53.320	-29.251	-0.071
53.340	-27.795	-0.063
53.360	-25.942	-0.042
53.380	-23.681	-0.032
53.400	-21.076	-0.013
53.420	-18.138	-0.003
53.440	-14.958	0.015
53.460	-11.548	0.027
53.480	-7.965	0.042
53.500	-4.254	0.051
53.520	-0.457	0.071
53.540	3.319	0.081
53.560	7.047	0.092
53.580	10.646	0.104
53.600	14.104	0.107
53.620	17.365	0.121
53.640	20.356	0.122
53.660	23.058	0.130
53.680	25.368	0.128
53.700	27.323	0.129
53.720	28.859	0.128
53.740	29.965	0.127
53.760	30.621	0.116
53.780	30.825	0.115
53.800	30.578	0.104
53.820	29.858	0.099
53.840	28.698	0.082
53.860	27.129	0.074
53.880	25.164	0.059
53.900	22.779	0.045
53.920	20.056	0.033
53.940	17.053	0.014
53.960	13.766	0.008
53.980	10.280	-0.017
54.000	6.676	-0.025
54.020	2.986	-0.042
54.040	-0.773	-0.050
54.060	-4.555	-0.067
54.080	-8.261	-0.071
54.100	-11.838	-0.087
54.120	-15.243	-0.093
54.140	-18.407	-0.104
54.160	-21.286	-0.100
54.180	-23.837	-0.109
54.200	-26.055	-0.112
54.220	-27.887	-0.114
54.240	-29.305	-0.109
54.260	-30.277	-0.104
54.280	-30.755	-0.100
54.300	-30.830	-0.089
54.320	-30.438	-0.084
54.340	-29.611	-0.071
54.360	-28.273	-0.063
54.380	-26.539	-0.045
54.400	-24.422	-0.035
54.420	-21.930	-0.022
54.440	-19.116	-0.013
54.460	-16.011	0.008
54.480	-12.681	0.017
54.500	-9.109	0.034
54.520	-5.409	0.049
54.540	-1.654	0.058
54.560	2.122	0.074
54.580	5.844	0.082
54.600	9.480	0.097
54.620	13.020	0.100
54.640	16.344	0.114
54.660	19.417	0.118
54.680	22.247	0.124
54.700	24.664	0.124
54.720	26.716	0.128
54.740	28.397	0.120
54.760	29.648	0.121
54.780	30.449	0.112
54.800	30.798	0.108
54.820	30.701	0.099
54.840	30.126	0.096
54.860	29.138	0.082
54.880	27.693	0.068
54.900	25.851	0.056
54.920	23.595	0.041
54.940	20.974	0.029
54.960	18.042	0.012
54.980	14.851	-0.000
55.000	11.467	-0.012
55.020	7.901	-0.029
55.040	4.211	-0.045
55.060	0.440	-0.058
55.080	-3.346	-0.068
55.100	-7.084	-0.081
55.120	-10.710	-0.091
55.140	-14.121	-0.102
55.160	-17.359	-0.107
55.180	-20.362	-0.114
55.200	-23.042	-0.112
55.220	-25.378	-0.121
55.240	-27.339	-0.119
55.260	-28.896	-0.121
55.280	-30.008	-0.113
55.300	-30.604	-0.112
55.320	-30.830	-0.104
55.340	-30.588	-0.098
55.360	-29.885	-0.089
55.380	-28.746	-0.075
55.400	-27.129	-0.068
55.420	-25.147	-0.050
55.440	-22.784	-0.036
55.460	-20.050	-0.025
55.480	-17.037	-0.012
55.500	-13.745	0.004
55.520	-10.264	0.016
55.540	-6.606	0.033
55.560	-2.890	0.046
55.580	0.875	0.062
55.600	4.646	0.071
55.620	8.320	0.082
55.640	11.913	0.097
55.660	15.313	0.102
55.680	18.466	0.105
55.700	21.350	0.113
55.720	23.907	0.114
55.740	26.098	0.120
55.760	27.892	0.113
55.780	29.299	0.113
55.800	30.245	0.104
55.820	30.744	0.103
55.840	30.782	0.099
55.860	30.384	0.087
55.880	29.503	0.078
55.900	28.198	0.066
55.920	26.474	0.056
55.940	24.363	0.042
55.960	21.850	0.025
55.980	19.035	0.012
56.000	15.952	-0.000
56.020	12.579	-0.012
56.040	9.056	-0.033
56.060	5.403	-0.043
56.080	1.649	-0.061
56.100	-2.138	-0.073
56.120	-5.865	-0.079
56.140	-9.518	-0.094
56.160	-13.030	-0.101
56.180	-16.344	-0.109
56.200	-19.443	-0.115
56.220	-22.236	-0.120
56.240	-24.659	-0.121
56.260	-26.753	-0.125
56.280	-28.435	-0.129
56.300	-29.665	-0.121
56.320	-30.481	-0.117
56.340	-30.803	-0.108
56.360	-30.733	-0.103
56.380	-30.169	-0.093
56.400	-29.160	-0.083
56.420	-27.709	-0.070
56.440	-25.830	-0.055
56.460	-23.590	-0.042
56.480	-20.969	-0.030
56.500	-18.025	-0.012
56.520	-14.813	0.000
56.540	-11.414	0.013
56.560	-7.831	0.033
56.580	-4.130	0.041
56.600	-0.354	0.058
56.620	3.427	0.067
56.640	7.149	0.082
56.660	10.774	0.091
56.680	14.228	0.103
56.700	17.440	0.105
56.720	20.426	0.118
56.740	23.123	0.116
56.760	25.421	0.124
56.780	27.366	0.118
56.800	28.896	0.119
56.820	29.998	0.118
56.840	30.631	0.116
56.860	30.819	0.101
56.880	30.567	0.095
56.900	29.836	0.087
56.920	28.666	0.073
56.940	27.060	0.064
56.960	25.088	0.049
56.980	22.720	0.037
57.000	19.986	0.026
57.020	16.973	0.009
57.040	13.669	-0.003
57.060	10.205	-0.019
57.080	6.563	-0.033
57.100	2.836	-0.054
57.120	-0.908	-0.060
57.140	-4.662	-0.078
57.160	-8.368	-0.079
57.180	-11.929	-0.096
57.200	-15.340	-0.093
57.220	-18.503	-0.113
57.240	-21.404	-0.108
57.260	-23.923	-0.121
57.280	-26.130	-0.117
57.300	-27.978	-0.123
57.320	-29.369	-0.113
57.340	-30.320	-0.117
57.360	-30.787	-0.104
57.380	-30.830	-0.106
57.400	-30.443	-0.085
57.420	-29.579	-0.083
57.440	-28.284	-0.063
57.460	-26.528	-0.058
57.480	-24.390	-0.038
57.500	-21.887	-0.021
57.520	-19.030	-0.009
57.540	-15.947	0.004
57.560	-12.617	0.020
57.580	-9.045	0.034
57.600	-5.344	0.049
57.620	-1.579	0.062
57.640	2.191	0.074
57.660	5.951	0.089
57.680	9.566	0.099
57.700	13.089	0.107
57.720	16.419	0.115
57.740	19.486	0.124
57.760	22.295	0.126
57.780	24.723	0.126
57.800	26.791	0.132
57.820	28.440	0.127
57.840	29.681	0.128
57.860	30.476	0.117
57.880	30.814	0.117
57.900	30.696	0.103
57.920	30.116	0.103
57.940	29.090	0.083
57.960	27.640	0.079
57.980	25.792	0.060
58.000	23.531	0.055
58.020	20.899	0.033
58.040	17.966	0.026
58.060	14.749	0.003
58.080	11.322	-0.005
58.100	7.767	-0.026
58.120	4.071	-0.034
58.140	0.328	-0.051
58.160	-3.459	-0.062
58.180	-7.203	-0.070
58.200	-10.823	-0.081
58.220	-14.260	-0.093
58.240	-17.488	-0.100
58.260	-20.458	-0.099
58.280	-23.139	-0.112
58.300	-25.443	-0.104
58.320	-27.409	-0.117
58.340	-28.966	-0.107
58.360	-30.046	-0.109
58.380	-30.669	-0.094
58.400	-30.878	-0.098
58.420	-30.604	-0.082
58.440	-29.901	-0.077
58.460	-28.719	-0.064
58.480	-27.092	-0.052
58.500	-25.088	-0.037
58.520	-22.709	-0.030
58.540	-19.986	-0.012
58.560	-16.957	0.003
58.580	-13.702	0.016
58.600	-10.178	0.033
58.620	-6.542	0.045
58.640	-2.777	0.062
58.660	0.994	0.069
58.680	4.727	0.089
58.700	8.411	0.095
58.720	11.988	0.106
58.740	15.377	0.109
58.760	18.546	0.121
58.780	21.441	0.127
58.800	23.987	0.127
58.820	26.152	0.132
58.840	27.935	0.125
58.860	29.332	0.125
58.880	30.266	0.117
58.900	30.750	0.117
58.920	30.776	0.103
58.940	30.352	0.104
58.960	29.482	0.084
58.980	28.171	0.081
59.000	26.431	0.061
59.020	24.304	0.057
59.040	21.774	0.031
59.060	18.938	0.025
59.080	15.845	0.005
59.100	12.504	-0.005
59.120	8.970	-0.021
59.140	5.301	-0.033
59.160	1.547	-0.052
59.180	-2.224	-0.062
59.200	-5.989	-0.074
59.220	-9.652	-0.082
59.240	-13.116	-0.090
59.260	-16.425	-0.106
59.280	-19.508	-0.106
59.300	-22.279	-0.109
59.320	-24.723	-0.112
59.340	-26.818	-0.119
59.360	-28.499	-0.116
59.380	-29.708	-0.113
59.400	-30.492	-0.109
59.420	-30.825	-0.100
59.440	-30.701	-0.095
59.460	-30.164	-0.084
59.480	-29.133	-0.075
59.500	-27.640	-0.063
59.520	-25.776	-0.054
59.540	-23.525	-0.034
59.560	-20.904	-0.028
59.580	-17.950	-0.005
59.600	-14.738	0.001
59.620	-11.312	0.023
59.640	-7.708	0.028
59.660	-4.012	0.053
59.680	-0.258	0.057
59.700	3.534	0.077
59.720	7.240	0.079
59.740	10.860	0.097
59.760	14.319	0.099
59.780	17.563	0.110
59.800	20.518	0.107
59.820	23.198	0.120
59.840	25.486	0.120
59.860	27.403	0.123
59.880	28.929	0.117
59.900	30.008	0.112
59.920	30.647	0.107
59.940	30.830	0.099
59.960	30.551	0.094
59.980	29.804	0.079
60.000	28.633	0.070
60.020	27.006	0.058
60.040	25.029	0.049
60.060	22.618	0.028
60.080	19.905	0.020
60.100	16.892	-0.000
60.120	13.600	-0.008
60.140	10.125	-0.028
60.160	6.488	-0.039
60.180	2.761	-0.058
60.200	-1.021	-0.067
60.220	-4.753	-0.078
60.240	-8.438	-0.087
60.260	-12.004	-0.102
60.280	-15.383	-0.110
60.300	-18.557	-0.111
60.320	-21.431	-0.119
60.340	-23.971	-0.120
60.360	-26.157	-0.127
60.380	-27.962	-0.124
60.400	-29.348	-0.124
60.420	-30.282	-0.115
60.440	-30.744	-0.112
60.460	-30.798	-0.100
60.480	-30.368	-0.100
60.500	-29.509	-0.083
60.520	-28.193	-0.078
60.540	-26.442	-0.065
60.560	-24.293	-0.046
60.580	-21.764	-0.038
60.600	-18.912	-0.017
60.620	-15.786	-0.009
60.640	-12.461	0.013
60.660	-8.905	0.021
60.680	-5.237	0.040
60.700	-1.461	0.049
60.720	2.326	0.069
60.740	6.069	0.072
60.760	9.716	0.091
60.780	13.229	0.094
60.800	16.516	0.105
60.820	19.562	0.106
60.840	22.371	0.116
60.860	24.782	0.113
60.880	26.845	0.119
60.900	28.488	0.117
60.920	29.718	0.112
60.940	30.492	0.108
60.960	30.809	0.103
60.980	30.696	0.099
61.000	30.094	0.085
61.020	29.052	0.078
61.040	27.581	0.061
61.060	25.722	0.055
61.080	23.466	0.033
61.100	20.834	0.027
61.120	17.896	0.007
61.140	14.685	-0.002
61.160	11.258	-0.021
61.180	7.659	-0.034
61.200	3.958	-0.049
61.220	0.242	-0.060
61.240	-3.534	-0.071
61.260	-7.272	-0.087
61.280	-10.887	-0.092
61.300	-14.330	-0.105
61.320	-17.585	-0.104
61.340	-20.561	-0.117
61.360	-23.176	-0.114
61.380	-25.502	-0.122
61.400	-27.441	-0.117
61.420	-28.966	-0.121
61.440	-30.062	-0.114
61.460	-30.674	-0.113
61.480	-30.852	-0.104
61.500	-30.599	-0.095
61.520	-29.869	-0.089
61.540	-28.692	-0.071
61.560	-27.076	-0.065
61.580	-25.040	-0.046
61.600	-22.655	-0.038
61.620	-19.916	-0.012
61.640	-16.876	-0.009
61.660	-13.610	0.017
61.680	-10.114	0.024
61.700	-6.440	0.045
61.720	-2.691	0.050
61.740	1.101	0.072
61.760	4.850	0.074
61.780	8.508	0.095
61.800	12.090	0.097
61.820	15.458	0.107
61.840	18.600	0.112
61.860	21.500	0.122
61.880	24.041	0.121
61.900	26.222	0.128
61.920	27.994	0.124
61.940	29.353	0.124
61.960	30.293	0.119
61.980	30.755	0.112
62.000	30.766	0.105
62.020	30.347	0.095
62.040	29.434	0.087
62.060	28.118	0.074
62.080	26.372	0.067
62.100	24.240	0.049
62.120	21.705	0.038
62.140	18.853	0.024
62.160	15.732	0.010
62.180	12.354	-0.005
62.200	8.841	-0.021
62.220	5.183	-0.032
62.240	1.423	-0.054
62.260	-2.347	-0.058
62.280	-6.102	-0.075
62.300	-9.781	-0.075
62.320	-13.277	-0.095
62.340	-16.554	-0.092
62.360	-19.631	-0.108
62.380	-22.403	-0.104
62.400	-24.809	-0.117
62.420	-26.898	-0.110
62.440	-28.574	-0.119
62.460	-29.777	-0.108
62.480	-30.545	-0.106
62.500	-30.819	-0.096
62.520	-30.755	-0.091
62.540	-30.175	-0.080
62.560	-29.133	-0.071
62.580	-27.640	-0.061
62.600	-25.733	-0.042
62.620	-23.493	-0.031
62.640	-20.856	-0.016
62.660	-17.896	-0.002
62.680	-14.701	0.017
62.700	-11.242	0.030
62.720	-7.627	0.045
62.740	-3.899	0.053
62.760	-0.140	0.070
62.780	3.609	0.083
62.800	7.332	0.095
62.820	10.941	0.104
62.840	14.405	0.109
62.860	17.623	0.120
62.880	20.598	0.124
62.900	23.262	0.132
62.920	25.534	0.132
62.940	27.452	0.135
62.960	28.961	0.128
62.980	30.030	0.128
63.000	30.653	0.117
63.020	30.814	0.115
63.040	30.535	0.101
63.060	29.788	0.099
63.080	28.601	0.082
63.100	26.979	0.077
63.120	24.965	0.057
63.140	22.553	0.044
63.160	19.798	0.030
63.180	16.769	0.015
63.200	13.503	-0.000
63.220	10.017	-0.016
63.240	6.386	-0.029
63.260	2.653	-0.043
63.280	-1.106	-0.051
63.300	-4.888	-0.069
63.320	-8.588	-0.070
63.340	-12.112	-0.095
63.360	-15.479	-0.093
63.380	-18.638	-0.106
63.400	-21.527	-0.101
63.420	-24.046	-0.114
63.440	-26.249	-0.112
63.460	-28.026	-0.112
63.480	-29.380	-0.107
63.500	-30.325	-0.108
63.520	-30.771	-0.102
63.540	-30.814	-0.094
63.560	-30.368	-0.083
63.580	-29.482	-0.072
63.600	-28.128	-0.067
63.620	-26.394	-0.046
63.640	-24.245	-0.039
63.660	-21.705	-0.021
63.680	-18.847	-0.011
63.700	-15.710	0.008
63.720	-12.348	0.017
63.740	-8.803	0.035
63.760	-5.135	0.048
63.780	-1.370	0.061
63.800	2.406	0.076
63.820	6.166	0.083
63.840	9.792	0.096
63.860	13.336	0.103
63.880	16.618	0.109
63.900	19.647	0.112
63.920	22.446	0.123
63.940	24.847	0.120
63.960	26.893	0.127
63.980	28.515	0.116
64.000	29.734	0.128
64.020	30.502	0.111
64.040	30.819	0.109
64.060	30.685	0.096
64.080	30.067	0.092
64.100	29.025	0.078
64.120	27.527	0.067
64.140	25.668	0.058
64.160	23.359	0.039
64.180	20.743	0.025
64.200	17.811	0.011
64.220	14.604	-0.004
64.240	11.167	-0.017
64.260	7.568	-0.029
64.280	3.867	-0.050
64.300	0.091	-0.056
64.320	-3.647	-0.075
64.340	-7.353	-0.079
64.360	-10.962	-0.096
64.380	-14.416	-0.100
64.400	-17.649	-0.111
64.420	-20.620	-0.115
64.440	-23.262	-0.118
64.460	-25.545	-0.124
64.480	-27.479	-0.124
64.500	-28.993	-0.123
64.520	-30.046	-0.116
64.540	-30.653	-0.112
64.560	-30.830	-0.104
64.580	-30.529	-0.100
64.600	-29.820	-0.087
64.620	-28.628	-0.082
64.640	-26.990	-0.066
64.660	-24.949	-0.055
64.680	-22.564	-0.035
64.700	-19.798	-0.027
64.720	-16.736	-0.006
64.740	-13.487	0.000
64.760	-9.979	0.020
64.780	-6.333	0.031
64.800	-2.578	0.045
64.820	1.214	0.058
64.840	4.974	0.071
64.860	8.653	0.080
64.880	12.187	0.094
64.900	15.555	0.101
64.920	18.691	0.106
64.940	21.576	0.109
64.960	24.116	0.115
64.980	26.275	0.118
65.000	28.042	0.114
65.020	29.396	0.113
65.040	30.298	0.104
65.060	30.766	0.103
65.080	30.766	0.096
65.100	30.320	0.091
65.120	29.412	0.075
65.140	28.064	0.065
65.160	26.318	0.049
65.180	24.181	0.039
65.200	21.646	0.024
65.220	18.788	0.014
65.240	15.667	-0.005
65.260	12.284	-0.018
65.280	8.739	-0.032
65.300	5.086	-0.050
65.320	1.354	-0.059
65.340	-2.412	-0.077
65.360	-6.166	-0.080
65.380	-9.818	-0.100
65.400	-13.326	-0.099
65.420	-16.629	-0.113
65.440	-19.685	-0.110
65.460	-22.419	-0.126
65.480	-24.847	-0.119
65.500	-26.898	-0.132
65.520	-28.547	-0.119
65.540	-29.772	-0.122
65.560	-30.524	-0.115
65.580	-30.814	-0.110
65.600	-30.690	-0.101
65.620	-30.100	-0.091
65.640	-29.074	-0.083
65.660	-27.570	-0.070
65.680	-25.658	-0.055
65.700	-23.354	-0.042
65.720	-20.743	-0.026
65.740	-17.794	-0.014
65.760	-14.583	-0.000
65.780	-11.150	0.020
65.800	-7.536	0.033
65.820	-3.797	0.048
65.840	-0.021	0.059
65.860	3.760	0.070
65.880	7.428	0.084
65.900	11.043	0.091
65.920	14.486	0.104
65.940	17.703	0.107
65.960	20.673	0.120
65.980	23.337	0.119
66.000	25.615	0.123
66.020	27.511	0.121
66.040	28.993	0.123
66.060	30.057	0.112
66.080	30.669	0.119
66.100	30.814	0.097
66.120	30.513	0.100
66.140	29.740	0.082
66.160	28.558	0.076
66.180	26.925	0.061
66.200	24.917	0.053
66.220	22.489	0.034
66.240	19.733	0.024
66.260	16.688	0.003
66.280	13.385	-0.005
66.300	9.899	-0.024
66.320	6.284	-0.033
66.340	2.562	-0.055
66.360	-1.230	-0.057
66.380	-4.995	-0.075
66.400	-8.712	-0.083
66.420	-12.273	-0.098
66.440	-15.592	-0.101
66.460	-18.740	-0.107
66.480	-21.603	-0.110
66.500	-24.148	-0.121
66.520	-26.324	-0.118
66.540	-28.107	-0.120
66.560	-29.455	-0.113
66.580	-30.390	-0.116
66.600	-30.787	-0.102
66.620	-30.825	-0.100
66.640	-30.400	-0.089
66.660	-29.509	-0.083
66.680	-28.128	-0.070
66.700	-26.345	-0.057
66.720	-24.213	-0.037
66.740	-21.678	-0.025
66.760	-18.799	-0.005
66.780	-15.662	0.003
66.800	-12.311	0.026
66.820	-8.717	0.036
66.840	-5.011	0.054
66.860	-1.268	0.060
66.880	2.498	0.079
66.900	6.230	0.088
66.920	9.877	0.103
66.940	13.401	0.103
66.960	16.709	0.115
66.980	19.750	0.119
67.000	22.521	0.130
67.020	24.895	0.127
67.040	26.925	0.130
67.060	28.558	0.126
67.080	29.772	0.124
67.100	30.513	0.120
67.120	30.819	0.114
67.140	30.669	0.106
67.160	30.057	0.099
67.180	28.993	0.083
67.200	27.500	0.077
67.220	25.609	0.064
67.240	23.289	0.046
67.260	20.641	0.036
67.280	17.708	0.020
67.300	14.507	0.007
67.320	11.064	-0.011
67.340	7.471	-0.026
67.360	3.754	-0.038
67.380	0.000	-0.050
67.400	-3.792	-0.064
67.420	-7.498	-0.074
67.440	-11.102	-0.080
67.460	-14.513	-0.094
67.480	-17.751	-0.100
67.500	-20.695	-0.101
67.520	-23.343	-0.109
67.540	-25.652	-0.110
67.560	-27.564	-0.112
67.580	-29.052	-0.112
67.600	-30.110	-0.103
67.620	-30.696	-0.100
67.640	-30.868	-0.093
67.660	-30.545	-0.086
67.680	-29.815	-0.077
67.700	-28.617	-0.063
67.720	-26.968	-0.051
67.740	-24.922	-0.037
67.760	-22.494	-0.027
67.780	-19.744	-0.012
67.800	-16.677	0.003
67.820	-13.379	0.018
67.840	-9.872	0.033
67.860	-6.241	0.048
67.880	-2.492	0.061
67.900	1.284	0.073
67.920	5.054	0.084
67.940	8.733	0.097
67.960	12.305	0.103
67.980	15.667	0.113
68.000	18.772	0.120
68.020	21.646	0.123
68.040	24.165	0.128
68.060	26.324	0.129
68.080	28.075	0.131
68.100	29.434	0.125
68.120	30.325	0.119
68.140	30.760	0.112
68.160	30.766	0.105
68.180	30.298	0.099
68.200	29.385	0.087
68.220	28.021	0.070
68.240	26.249	0.066
68.260	24.100	0.046
68.280	21.576	0.037
68.300	18.713	0.018
68.320	15.582	0.007
68.340	12.182	-0.009
68.360	8.642	-0.025
68.380	4.968	-0.037
68.400	1.214	-0.050
68.420	-2.546	-0.063
68.440	-6.268	-0.076
68.460	-9.920	-0.082
68.480	-13.412	-0.103
68.500	-16.704	-0.100
68.520	-19.776	-0.112
68.540	-22.505	-0.109
68.560	-24.906	-0.121
68.580	-26.947	-0.115
68.600	-28.596	-0.121
68.620	-29.772	-0.112
68.640	-30.535	-0.112
68.660	-30.835	-0.106
68.680	-30.680	-0.095
68.700	-30.073	-0.089
68.720	-29.036	-0.074
68.740	-27.505	-0.071
68.760	-25.599	-0.053
68.780	-23.300	-0.038
68.800	-20.641	-0.023
68.820	-17.671	-0.013
68.840	-14.480	0.005
68.860	-11.048	0.017
68.880	-7.428	0.033
68.900	-3.690	0.045
68.920	0.081	0.061
68.940	3.873	0.071
68.960	7.573	0.085
68.980	11.150	0.092
69.000	14.583	0.100
69.020	17.800	0.106
69.040	20.759	0.111
69.060	23.396	0.116
69.080	25.668	0.117
69.100	27.575	0.116
69.120	29.031	0.116
69.140	30.067	0.110
69.160	30.674	0.106
69.180	30.814	0.101
69.200	30.502	0.087
69.220	29.713	0.082
69.240	28.510	0.067
69.260	26.866	0.061
69.280	24.868	0.044
69.300	22.419	0.028
69.320	19.664	0.019
69.340	16.618	-0.002
69.360	13.277	-0.013
69.380	9.797	-0.029
69.400	6.177	-0.042
69.420	2.471	-0.054
69.440	-1.300	-0.067
69.460	-5.065	-0.083
69.480	-8.771	-0.090
69.500	-12.311	-0.103
69.520	-15.673	-0.108
69.540	-18.788	-0.117
69.560	-21.629	-0.118
69.580	-24.165	-0.125
69.600	-26.340	-0.127
69.620	-28.112	-0.127
69.640	-29.444	-0.121
69.660	-30.357	-0.124
69.680	-30.744	-0.114
69.700	-30.782	-0.109
69.720	-30.331	-0.094
69.740	-29.423	-0.087
69.760	-28.048	-0.077
69.780	-26.249	-0.062
69.800	-24.079	-0.050
69.820	-21.549	-0.034
69.840	-18.686	-0.022
69.860	-15.539	-0.004
69.880	-12.176	0.010
69.900	-8.610	0.027
69.920	-4.898	0.037
69.940	-1.123	0.053
69.960	2.643	0.063
69.980	6.359	0.079
70.000	9.985	0.086
70.020	13.498	0.095
70.040	16.785	0.102
70.060	19.830	0.109
70.080	22.591	0.116
70.100	24.965	0.117
70.120	26.984	0.120
70.140	28.596	0.116
70.160	29.793	0.116
70.180	30.540	0.107
70.200	30.809	0.105
70.220	30.658	0.095
70.240	30.008	0.091
70.260	28.961	0.074
70.280	27.457	0.063
70.300	25.556	0.051
70.320	23.241	0.036
70.340	20.577	0.025
70.360	17.606	0.007
70.380	14.395	-0.004
70.400	10.968	-0.021
70.420	7.385	-0.029
70.440	3.668	-0.051
70.460	-0.097	-0.058
70.480	-3.878	-0.082
70.500	-7.600	-0.079
70.520	-11.204	-0.096
70.540	-14.604	-0.095
70.560	-17.821	-0.111
