0.000	-30.758	-0.080
0.020	-30.752	-0.081
0.040	-30.290	-0.069
0.060	-29.366	-0.068
0.080	-27.986	-0.055
0.100	-26.187	-0.055
0.120	-23.952	-0.039
0.140	-21.406	-0.035
0.160	-18.495	-0.020
0.180	-15.310	-0.014
0.200	-11.900	0.002
0.220	-8.296	0.011
0.240	-4.547	0.023
0.260	-0.765	0.032
0.280	3.037	0.041
0.300	6.802	0.049
0.320	10.460	0.058
0.340	13.941	0.067
0.360	17.249	0.069
0.380	20.257	0.082
0.400	22.996	0.081
0.420	25.344	0.088
0.440	27.309	0.088
0.460	28.862	0.087
0.480	29.984	0.084
0.500	30.645	0.084
0.520	30.838	0.081
0.540	30.596	0.073
0.560	29.861	0.071
0.580	28.684	0.062
0.600	27.057	0.056
0.620	25.064	0.044
0.640	22.631	0.036
0.660	19.870	0.018
0.680	16.836	0.015
0.700	13.506	-0.002
0.720	9.988	-0.010
0.740	6.346	-0.022
0.760	2.586	-0.035
0.780	-1.227	-0.043
0.800	-4.998	-0.055
0.820	-8.736	-0.060
0.840	-12.308	-0.074
0.860	-15.676	-0.077
0.880	-18.839	-0.081
0.900	-21.697	-0.087
0.920	-24.210	-0.097
0.940	-26.402	-0.094
0.960	-28.174	-0.096
0.980	-29.485	-0.094
1.000	-30.344	-0.096
1.020	-30.763	-0.089
1.040	-30.720	-0.089
1.060	-30.220	-0.080
1.080	-29.264	-0.076
1.100	-27.836	-0.066
1.120	-25.977	-0.062
1.140	-23.743	-0.051
1.160	-21.154	-0.043
1.180	-18.189	-0.028
1.200	-14.993	-0.022
1.220	-11.572	-0.008
1.240	-7.936	0.001
1.260	-4.198	0.016
1.280	-0.411	0.023
1.300	3.419	0.036
1.320	7.141	0.041
1.340	10.788	0.052
1.360	14.268	0.056
1.380	17.534	0.068
1.400	20.536	0.069
1.420	23.238	0.079
1.440	25.542	0.077
1.460	27.481	0.084
1.480	28.990	0.079
1.500	30.070	0.083
1.520	30.693	0.077
1.540	30.833	0.072
1.560	30.537	0.067
1.580	29.759	0.061
1.600	28.545	0.052
1.620	26.890	0.048
1.640	24.849	0.037
1.660	22.384	0.028
1.680	19.613	0.014
1.700	16.524	0.004
1.720	13.173	-0.005
1.740	9.655	-0.012
1.760	5.959	-0.026
1.780	2.199	-0.040
1.800	-1.582	-0.051
1.820	-5.368	-0.062
1.840	-9.091	-0.068
1.860	-12.641	-0.071
1.880	-16.009	-0.083
1.900	-19.145	-0.085
1.920	-21.987	-0.092
1.940	-24.468	-0.093
1.960	-26.600	-0.099
1.980	-28.346	-0.097
2.000	-29.603	-0.097
2.020	-30.441	-0.093
2.040	-30.774	-0.093
2.060	-30.725	-0.081
2.080	-30.172	-0.081
2.100	-29.173	-0.077
2.120	-27.696	-0.067
2.140	-25.795	-0.060
2.160	-23.555	-0.045
2.180	-20.896	-0.042
2.200	-17.926	-0.022
2.220	-14.714	-0.017
2.240	-11.244	-0.003
2.260	-7.603	0.004
2.280	-3.865	0.016
2.300	-0.051	0.028
2.320	3.746	0.040
2.340	7.474	0.049
2.360	11.126	0.057
2.380	14.585	0.061
2.400	17.819	0.073
2.420	20.805	0.077
2.440	23.464	0.077
2.460	25.741	0.088
2.480	27.658	0.082
2.500	29.119	0.088
2.520	30.151	0.081
2.540	30.725	0.082
2.560	30.833	0.078
2.580	30.484	0.077
2.600	29.667	0.065
2.620	28.400	0.061
2.640	26.702	0.053
2.660	24.618	0.046
2.680	22.137	0.030
2.700	19.312	0.024
2.720	16.197	0.007
2.740	12.840	0.003
2.760	9.279	-0.006
2.780	5.589	-0.022
2.800	1.834	-0.035
2.820	-1.995	-0.048
2.840	-5.766	-0.055
2.860	-9.467	-0.060
2.880	-13.011	-0.068
2.900	-16.358	-0.072
2.920	-19.457	-0.078
2.940	-22.287	-0.081
2.960	-24.731	-0.093
2.980	-26.826	-0.090
3.000	-28.523	-0.091
3.020	-29.748	-0.087
3.040	-30.532	-0.090
3.060	-30.827	-0.085
3.080	-30.720	-0.085
3.100	-30.156	-0.070
3.120	-29.082	-0.069
3.140	-27.583	-0.055
3.160	-25.655	-0.053
3.180	-23.324	-0.032
3.200	-20.655	-0.028
3.220	-17.652	-0.018
3.240	-14.403	-0.007
3.260	-10.917	0.007
3.280	-7.291	0.015
3.300	-3.505	0.028
3.320	0.309	0.037
3.340	4.090	0.048
3.360	7.839	0.054
3.380	11.459	0.066
3.400	14.907	0.072
3.420	18.130	0.079
3.440	21.073	0.086
3.460	23.695	0.086
3.480	25.950	0.095
3.500	27.793	0.094
3.520	29.232	0.093
3.540	30.220	0.093
3.560	30.752	0.090
3.580	30.817	0.087
3.600	30.430	0.077
3.620	29.571	0.076
3.640	28.271	0.065
3.660	26.536	0.060
3.680	24.414	0.046
3.700	21.874	0.041
3.720	19.022	0.030
3.740	15.912	0.022
3.760	12.507	0.006
3.780	8.935	-0.003
3.800	5.256	-0.018
3.820	1.469	-0.028
3.840	-2.334	-0.036
3.860	-6.099	-0.043
3.880	-9.800	-0.047
3.900	-13.318	-0.063
3.920	-16.621	-0.063
3.940	-19.720	-0.072
3.960	-22.486	-0.074
3.980	-24.914	-0.081
4.000	-26.960	-0.084
4.020	-28.620	-0.084
4.040	-29.812	-0.082
4.060	-30.548	-0.083
4.080	-30.833	-0.080
4.100	-30.650	-0.071
4.120	-30.027	-0.069
4.140	-28.915	-0.056
4.160	-27.363	-0.054
4.180	-25.392	-0.044
4.200	-23.050	-0.038
4.220	-20.348	-0.026
4.240	-17.308	-0.021
4.260	-14.053	-0.008
4.280	-10.552	0.006
4.300	-6.878	0.016
4.320	-3.123	0.034
4.340	0.669	0.040
4.360	4.488	0.048
4.380	8.194	0.057
4.400	11.808	0.066
4.420	15.240	0.069
4.440	18.420	0.076
4.460	21.347	0.080
4.480	23.931	0.086
4.500	26.133	0.089
4.520	27.954	0.088
4.540	29.361	0.090
4.560	30.301	0.081
4.580	30.774	0.088
4.600	30.795	0.077
4.620	30.371	0.082
4.640	29.458	0.065
4.660	28.104	0.061
4.680	26.337	0.048
4.700	24.173	0.045
4.720	21.616	0.030
4.740	18.753	0.025
4.760	15.595	0.008
4.780	12.179	0.002
4.800	8.623	-0.015
4.820	4.901	-0.024
4.840	1.120	-0.035
4.860	-2.661	-0.041
4.880	-6.448	-0.053
4.900	-10.122	-0.059
4.920	-13.608	-0.064
4.940	-16.916	-0.075
4.960	-19.983	-0.077
4.980	-22.712	-0.082
5.000	-25.102	-0.084
5.020	-27.111	-0.087
5.040	-28.722	-0.087
5.060	-29.882	-0.088
5.080	-30.570	-0.087
5.100	-30.827	-0.089
5.120	-30.596	-0.081
5.140	-29.920	-0.076
5.160	-28.781	-0.068
5.180	-27.180	-0.064
5.200	-25.188	-0.057
5.220	-22.808	-0.041
5.240	-20.042	-0.038
5.260	-17.008	-0.020
5.280	-13.715	-0.014
5.300	-10.197	-0.001
5.320	-6.539	0.006
5.340	-2.763	0.018
5.360	1.061	0.028
5.380	4.847	0.038
5.400	8.537	0.047
5.420	12.147	0.051
5.440	15.547	0.059
5.460	18.716	0.068
5.480	21.621	0.076
5.500	24.162	0.077
5.520	26.326	0.077
5.540	28.099	0.077
5.560	29.458	0.078
5.580	30.365	0.076
5.600	30.801	0.077
5.620	30.774	0.065
5.640	30.280	0.067
5.660	29.350	0.055
5.680	27.970	0.047
5.700	26.155	0.040
5.720	23.942	0.033
5.740	21.358	0.023
5.760	18.469	0.012
5.780	15.278	0.001
5.800	11.862	-0.011
5.820	8.253	-0.020
5.840	4.547	-0.033
5.860	0.771	-0.041
5.880	-3.032	-0.054
5.900	-6.797	-0.060
5.920	-10.455	-0.071
5.940	-13.957	-0.076
5.960	-17.233	-0.084
5.980	-20.241	-0.089
6.000	-22.948	-0.089
6.020	-25.306	-0.098
6.040	-27.299	-0.093
6.060	-28.867	-0.098
6.080	-29.963	-0.098
6.100	-30.613	-0.101
6.120	-30.795	-0.094
6.140	-30.548	-0.086
6.160	-29.839	-0.087
6.180	-28.636	-0.075
6.200	-27.009	-0.068
6.220	-24.973	-0.060
6.240	-22.551	-0.050
6.260	-19.779	-0.033
6.280	-16.712	-0.030
6.300	-13.393	-0.013
6.320	-9.843	-0.006
6.340	-6.185	0.008
6.360	-2.393	0.015
6.380	1.421	0.029
6.400	5.191	0.040
6.420	8.897	0.045
6.440	12.469	0.057
6.460	15.864	0.061
6.480	19.006	0.067
6.500	21.868	0.076
6.520	24.382	0.077
6.540	26.520	0.080
6.560	28.249	0.081
6.580	29.571	0.081
6.600	30.425	0.077
6.620	30.811	0.077
6.640	30.752	0.068
6.660	30.220	0.066
6.680	29.238	0.057
6.700	27.798	0.055
6.720	25.967	0.043
6.740	23.727	0.032
6.760	21.095	0.021
6.780	18.152	0.016
6.800	14.967	-0.001
6.820	11.508	-0.005
6.840	7.898	-0.016
6.860	4.192	-0.028
6.880	0.379	-0.040
6.900	-3.419	-0.051
6.920	-7.162	-0.063
6.940	-10.831	-0.066
6.960	-14.290	-0.074
6.980	-17.550	-0.078
7.000	-20.574	-0.083
7.020	-23.238	-0.089
7.040	-25.553	-0.088
7.060	-27.503	-0.098
7.080	-29.028	-0.089
7.100	-30.097	-0.102
7.120	-30.704	-0.089
7.140	-30.817	-0.089
7.160	-30.543	-0.082
7.180	-29.769	-0.076
7.200	-28.550	-0.068
7.220	-26.880	-0.064
7.240	-24.796	-0.050
7.260	-22.346	-0.041
7.280	-19.543	-0.028
7.300	-16.427	-0.016
7.320	-13.114	-0.005
7.340	-9.552	0.007
7.360	-5.836	0.017
7.380	-2.065	0.028
7.400	1.754	0.033
7.420	5.546	0.046
7.440	9.219	0.054
7.460	12.781	0.063
7.480	16.170	0.073
7.500	19.274	0.075
7.520	22.132	0.086
7.540	24.597	0.081
7.560	26.692	0.091
7.580	28.389	0.086
7.600	29.673	0.092
7.620	30.478	0.086
7.640	30.822	0.086
7.660	30.725	0.072
7.680	30.156	0.081
7.700	29.119	0.061
7.720	27.637	0.065
7.740	25.773	0.046
7.760	23.474	0.044
7.780	20.816	0.029
7.800	17.867	0.027
7.820	14.639	0.015
7.840	11.153	0.002
7.860	7.560	-0.011
7.880	3.805	-0.019
7.900	0.024	-0.030
7.920	-3.768	-0.044
7.940	-7.538	-0.048
7.960	-11.164	-0.062
7.980	-14.607	-0.059
8.000	-17.862	-0.070
8.020	-20.843	-0.073
8.040	-23.458	-0.080
8.060	-25.768	-0.082
8.080	-27.675	-0.080
8.100	-29.141	-0.084
8.120	-30.161	-0.078
8.140	-30.709	-0.079
8.160	-30.817	-0.076
8.180	-30.468	-0.076
8.200	-29.656	-0.064
8.220	-28.400	-0.058
8.240	-26.670	-0.052
8.260	-24.565	-0.041
8.280	-22.073	-0.028
8.300	-19.231	-0.018
8.320	-16.111	-0.010
8.340	-12.748	0.003
8.360	-9.171	0.012
8.380	-5.460	0.023
8.400	-1.689	0.032
8.420	2.130	0.044
8.440	5.900	0.043
8.460	9.569	0.066
8.480	13.135	0.063
8.500	16.470	0.079
8.520	19.570	0.077
8.540	22.400	0.088
8.560	24.817	0.084
8.580	26.880	0.090
8.600	28.529	0.086
8.620	29.759	0.091
8.640	30.527	0.082
8.660	30.833	0.082
8.680	30.698	0.078
8.700	30.081	0.077
8.720	28.996	0.063
8.740	27.487	0.057
8.760	25.574	0.051
8.780	23.249	0.036
8.800	20.563	0.031
8.820	17.572	0.015
8.840	14.317	0.004
8.860	10.836	-0.006
8.880	7.211	-0.015
8.900	3.456	-0.027
8.920	-0.320	-0.037
8.940	-4.133	-0.043
8.960	-7.877	-0.051
8.980	-11.459	-0.057
9.000	-14.918	-0.067
9.020	-18.119	-0.070
9.040	-21.073	-0.084
9.060	-23.668	-0.080
9.080	-25.907	-0.089
9.100	-27.798	-0.081
9.120	-29.227	-0.089
9.140	-30.210	-0.084
9.160	-30.715	-0.084
9.180	-30.801	-0.084
9.200	-30.387	-0.076
9.220	-29.533	-0.075
9.240	-28.217	-0.060
9.260	-26.477	-0.060
9.280	-24.323	-0.045
9.300	-21.777	-0.040
9.320	-18.930	-0.022
9.340	-15.788	-0.018
9.360	-12.405	-0.006
9.380	-8.817	0.002
9.400	-5.100	0.018
9.420	-1.286	0.027
9.440	2.495	0.036
9.460	6.265	0.041
9.480	9.945	0.050
9.500	13.468	0.058
9.520	16.787	0.065
9.540	19.860	0.072
9.560	22.631	0.074
9.580	25.021	0.077
9.600	27.078	0.077
9.620	28.668	0.079
9.640	29.850	0.079
9.660	30.596	0.076
9.680	30.844	0.076
9.700	30.656	0.066
9.720	29.979	0.062
9.740	28.872	0.054
9.760	27.309	0.045
9.780	25.365	0.037
9.800	23.002	0.030
9.820	20.295	0.013
9.840	17.260	0.007
9.860	14.000	-0.008
9.880	10.492	-0.011
9.900	6.845	-0.026
9.920	3.123	-0.037
9.940	-0.701	-0.047
9.960	-4.488	-0.054
9.980	-8.210	-0.062
10.000	-11.808	-0.072
10.020	-15.224	-0.079
10.040	-18.404	-0.086
10.060	-21.326	-0.089
10.080	-23.909	-0.093
10.100	-26.122	-0.093
10.120	-27.959	-0.101
10.140	-29.345	-0.093
10.160	-30.269	-0.102
10.180	-30.720	-0.089
10.200	-30.768	-0.091
10.220	-30.333	-0.084
10.240	-29.431	-0.080
10.260	-28.061	-0.067
10.280	-26.283	-0.066
10.300	-24.081	-0.054
10.320	-21.546	-0.042
10.340	-18.630	-0.033
10.360	-15.461	-0.022
10.380	-12.072	-0.010
10.400	-8.478	0.000
10.420	-4.735	0.013
10.440	-0.948	0.023
10.460	2.860	0.032
10.480	6.625	0.038
10.500	10.278	0.045
10.520	13.801	0.052
10.540	17.088	0.064
10.560	20.128	0.065
10.580	22.873	0.076
10.600	25.247	0.075
10.620	27.218	0.081
10.640	28.797	0.073
10.660	29.952	0.079
10.680	30.634	0.073
10.700	30.854	0.074
10.720	30.613	0.063
10.740	29.898	0.061
10.760	28.749	0.046
10.780	27.148	0.045
10.800	25.166	0.038
10.820	22.749	0.027
10.840	20.005	0.020
10.860	16.981	0.003
10.880	13.651	-0.002
10.900	10.143	-0.018
10.920	6.512	-0.022
10.940	2.731	-0.042
10.960	-1.066	-0.044
10.980	-4.837	-0.057
11.000	-8.586	-0.062
11.020	-12.152	-0.072
11.040	-15.531	-0.076
11.060	-18.726	-0.080
11.080	-21.605	-0.088
11.100	-24.140	-0.088
11.120	-26.337	-0.094
11.140	-28.120	-0.093
11.160	-29.458	-0.100
11.180	-30.365	-0.092
11.200	-30.763	-0.094
11.220	-30.763	-0.082
11.240	-30.290	-0.083
11.260	-29.356	-0.070
11.280	-27.948	-0.066
11.300	-26.101	-0.061
11.320	-23.883	-0.045
11.340	-21.294	-0.037
11.360	-18.377	-0.025
11.380	-15.181	-0.018
11.400	-11.776	-0.001
11.420	-8.135	0.003
11.440	-4.402	0.020
11.460	-0.604	0.024
11.480	3.204	0.040
11.500	6.948	0.042
11.520	10.611	0.061
11.540	14.118	0.061
11.560	17.384	0.073
11.580	20.397	0.072
11.600	23.120	0.081
11.620	25.435	0.080
11.640	27.401	0.081
11.660	28.926	0.086
11.680	30.032	0.081
11.700	30.666	0.081
11.720	30.844	0.076
11.740	30.570	0.071
11.760	29.807	0.066
11.780	28.609	0.061
11.800	26.966	0.050
11.820	24.941	0.044
11.840	22.491	0.032
11.860	19.731	0.028
11.880	16.653	0.011
11.900	13.307	0.008
11.920	9.800	-0.006
11.940	6.131	-0.014
11.960	2.371	-0.024
11.980	-1.415	-0.041
12.000	-5.229	-0.045
12.020	-8.956	-0.057
12.040	-12.501	-0.062
12.060	-15.896	-0.075
12.080	-19.027	-0.072
12.100	-21.885	-0.081
12.120	-24.398	-0.080
12.140	-26.541	-0.086
12.160	-28.287	-0.085
12.180	-29.581	-0.086
12.200	-30.446	-0.084
12.220	-30.790	-0.082
12.240	-30.752	-0.078
12.260	-30.247	-0.066
12.280	-29.243	-0.066
12.300	-27.793	-0.052
12.320	-25.913	-0.054
12.340	-23.673	-0.028
12.360	-21.036	-0.029
12.380	-18.082	-0.013
12.400	-14.865	-0.009
12.420	-11.411	0.008
12.440	-7.791	0.017
12.460	-4.031	0.028
12.480	-0.223	0.033
12.500	3.558	0.048
12.520	7.318	0.052
12.540	10.965	0.068
12.560	14.424	0.070
12.580	17.684	0.076
12.600	20.676	0.083
12.620	23.362	0.085
12.640	25.639	0.093
12.660	27.556	0.088
12.680	29.060	0.095
12.700	30.108	0.088
12.720	30.704	0.086
12.740	30.838	0.081
12.760	30.516	0.077
12.780	29.716	0.072
12.800	28.469	0.061
12.820	26.794	0.054
12.840	24.737	0.041
12.860	22.266	0.037
12.880	19.446	0.028
12.900	16.358	0.018
12.920	12.995	0.003
12.940	9.461	-0.006
12.960	5.771	-0.021
12.980	2.038	-0.028
13.000	-1.797	-0.039
13.020	-5.567	-0.047
13.040	-9.279	-0.051
13.060	-12.818	-0.064
13.080	-16.164	-0.064
13.100	-19.301	-0.076
13.120	-22.110	-0.078
13.140	-24.565	-0.084
13.160	-26.697	-0.080
13.180	-28.421	-0.083
13.200	-29.662	-0.084
13.220	-30.468	-0.084
13.240	-30.811	-0.076
13.260	-30.704	-0.076
13.280	-30.129	-0.072
13.300	-29.114	-0.063
13.320	-27.605	-0.057
13.340	-25.703	-0.046
13.360	-23.405	-0.042
13.380	-20.751	-0.023
13.400	-17.776	-0.019
13.420	-14.515	-0.009
13.440	-11.062	0.000
13.460	-7.431	0.016
13.480	-3.671	0.027
13.500	0.148	0.036
13.520	3.934	0.041
13.540	7.678	0.050
13.560	11.298	0.057
13.580	14.762	0.066
13.600	17.996	0.073
13.620	20.939	0.077
13.640	23.593	0.081
13.660	25.854	0.081
13.680	27.723	0.083
13.700	29.184	0.081
13.720	30.177	0.079
13.740	30.736	0.078
13.760	30.811	0.073
13.780	30.451	0.071
13.800	29.608	0.061
13.820	28.330	0.055
13.840	26.606	0.042
13.860	24.511	0.039
13.880	22.003	0.025
13.900	19.167	0.020
13.920	16.062	0.002
13.940	12.657	-0.005
13.960	9.117	-0.022
13.980	5.460	-0.027
14.000	1.662	-0.043
14.020	-2.151	-0.042
14.040	-5.911	-0.059
14.060	-9.612	-0.064
14.080	-13.151	-0.072
14.100	-16.465	-0.080
14.120	-19.570	-0.084
14.140	-22.346	-0.091
14.160	-24.790	-0.090
14.180	-26.880	-0.093
14.200	-28.539	-0.093
14.220	-29.748	-0.095
14.240	-30.494	-0.091
14.260	-30.801	-0.093
14.280	-30.661	-0.080
14.300	-30.038	-0.080
14.320	-28.974	-0.070
14.340	-27.438	-0.066
14.360	-25.489	-0.060
14.380	-23.168	-0.046
14.400	-20.477	-0.037
14.420	-17.443	-0.020
14.440	-14.193	-0.019
14.460	-10.707	-0.004
14.480	-7.066	0.000
14.500	-3.301	0.019
14.520	0.508	0.026
14.540	4.316	0.038
14.560	8.022	0.040
14.580	11.647	0.053
14.600	15.090	0.055
14.620	18.275	0.067
14.640	21.213	0.069
14.660	23.829	0.074
14.680	26.042	0.078
14.700	27.857	0.077
14.720	29.302	0.076
14.740	30.253	0.074
14.760	30.763	0.074
14.780	30.811	0.062
14.800	30.392	0.062
14.820	29.506	0.053
14.840	28.174	0.046
14.860	26.445	0.041
14.880	24.285	0.033
14.900	21.734	0.022
14.920	18.898	0.011
14.940	15.735	-0.005
14.960	12.329	-0.011
14.980	8.779	-0.019
15.000	5.068	-0.031
15.020	1.292	-0.042
15.040	-2.495	-0.055
15.060	-6.276	-0.060
15.080	-9.950	-0.070
15.100	-13.468	-0.075
15.120	-16.777	-0.084
15.140	-19.854	-0.089
15.160	-22.583	-0.091
15.180	-25.000	-0.094
15.200	-27.046	-0.094
15.220	-28.668	-0.096
15.240	-29.839	-0.097
15.260	-30.553	-0.095
15.280	-30.795	-0.090
15.300	-30.607	-0.081
15.320	-29.973	-0.076
15.340	-28.856	-0.072
15.360	-27.266	-0.067
15.380	-25.284	-0.054
15.400	-22.927	-0.041
15.420	-20.193	-0.035
15.440	-17.179	-0.023
15.460	-13.908	-0.010
15.480	-10.364	0.000
15.500	-6.722	0.010
15.520	-2.946	0.014
15.540	0.857	0.029
15.560	4.654	0.038
15.580	8.360	0.050
15.600	11.986	0.058
15.620	15.375	0.061
15.640	18.560	0.069
15.660	21.487	0.075
15.680	24.033	0.077
15.700	26.230	0.083
15.720	28.029	0.075
15.740	29.409	0.082
15.760	30.323	0.077
15.780	30.784	0.077
15.800	30.779	0.069
15.820	30.323	0.069
15.840	29.388	0.060
15.860	28.034	0.053
15.880	26.240	0.045
15.900	24.054	0.035
15.920	21.487	0.024
15.940	18.581	0.017
15.960	15.412	0.000
15.980	12.007	-0.002
16.000	8.398	-0.013
16.020	4.692	-0.023
16.040	0.932	-0.040
16.060	-2.908	-0.047
16.080	-6.668	-0.063
16.100	-10.321	-0.063
16.120	-13.828	-0.075
16.140	-17.126	-0.076
16.160	-20.139	-0.086
16.180	-22.905	-0.087
16.200	-25.258	-0.090
16.220	-27.250	-0.093
16.240	-28.856	-0.091
16.260	-29.979	-0.091
16.280	-30.639	-0.085
16.300	-30.833	-0.084
16.320	-30.602	-0.076
16.340	-29.914	-0.072
16.360	-28.749	-0.061
16.380	-27.148	-0.063
16.400	-25.129	-0.046
16.420	-22.712	-0.038
16.440	-19.956	-0.022
16.460	-16.895	-0.012
16.480	-13.592	-0.002
16.500	-10.068	0.012
16.520	-6.384	0.020
16.540	-2.597	0.029
16.560	1.211	0.040
16.580	5.009	0.051
16.600	8.704	0.051
16.620	12.302	0.067
16.640	15.702	0.073
16.660	18.855	0.079
16.680	21.729	0.087
16.700	24.264	0.088
16.720	26.434	0.091
16.740	28.169	0.092
16.760	29.511	0.092
16.780	30.387	0.085
16.800	30.801	0.084
16.820	30.758	0.079
16.840	30.269	0.077
16.860	29.291	0.064
16.880	27.868	0.060
16.900	26.047	0.048
16.920	23.823	0.041
16.940	21.213	0.031
16.960	18.297	0.027
16.980	15.095	0.010
17.000	11.663	0.000
17.020	8.065	-0.012
17.040	4.353	-0.024
17.060	0.551	-0.033
17.080	-3.252	-0.043
17.100	-7.001	-0.050
17.120	-10.670	-0.059
17.140	-14.129	-0.061
17.160	-17.410	-0.070
17.180	-20.429	-0.071
17.200	-23.098	-0.080
17.220	-25.451	-0.079
17.240	-27.427	-0.084
17.260	-28.969	-0.083
17.280	-30.054	-0.085
17.300	-30.645	-0.079
17.320	-30.844	-0.076
17.340	-30.548	-0.072
17.360	-29.812	-0.069
17.380	-28.598	-0.057
17.400	-26.939	-0.053
17.420	-24.876	-0.044
17.440	-22.443	-0.029
17.460	-19.661	-0.021
17.480	-16.562	-0.017
17.500	-13.237	-0.008
17.520	-9.692	0.012
17.540	-5.997	0.020
17.560	-2.221	0.032
17.580	1.593	0.039
17.600	5.385	0.048
17.620	9.053	0.054
17.640	12.635	0.063
17.660	16.014	0.070
17.680	19.135	0.077
17.700	22.008	0.084
17.720	24.495	0.081
17.740	26.611	0.090
17.760	28.314	0.083
17.780	29.608	0.090
17.800	30.446	0.077
17.820	30.811	0.083
17.840	30.736	0.071
17.860	30.188	0.071
17.880	29.173	0.059
17.900	27.723	0.051
17.920	25.865	0.042
17.940	23.582	0.036
17.960	20.945	0.025
17.980	18.012	0.014
18.000	14.784	0.000
18.020	11.320	-0.007
18.040	7.737	-0.019
18.060	3.993	-0.031
18.080	0.212	-0.037
18.100	-3.591	-0.051
18.120	-7.345	-0.053
18.140	-10.981	-0.066
18.160	-14.435	-0.072
18.180	-17.695	-0.077
18.200	-20.681	-0.083
18.220	-23.335	-0.086
18.240	-25.634	-0.091
18.260	-27.562	-0.087
18.280	-29.050	-0.093
18.300	-30.113	-0.087
18.320	-30.672	-0.089
18.340	-30.806	-0.081
18.360	-30.478	-0.078
18.380	-29.694	-0.076
18.400	-28.443	-0.065
18.420	-26.735	-0.061
18.440	-24.645	-0.048
18.460	-22.185	-0.039
18.480	-19.344	-0.031
18.500	-16.256	-0.025
18.520	-12.915	-0.007
18.540	-9.332	-0.001
18.560	-5.653	0.016
18.580	-1.845	0.021
18.600	1.969	0.034
18.620	5.734	0.037
18.640	9.413	0.050
18.660	12.985	0.055
18.680	16.320	0.063
18.700	19.430	0.068
18.720	22.271	0.074
18.740	24.694	0.076
18.760	26.788	0.077
18.780	28.459	0.077
18.800	29.721	0.076
18.820	30.516	0.073
18.840	30.827	0.071
18.860	30.709	0.066
18.880	30.097	0.061
18.900	29.055	0.048
18.920	27.551	0.040
18.940	25.671	0.039
18.960	23.362	0.025
18.980	20.698	0.015
19.000	17.706	0.007
19.020	14.467	-0.006
19.040	11.003	-0.012
19.060	7.366	-0.028
19.080	3.639	-0.034
19.100	-0.148	-0.050
19.120	-3.956	-0.055
19.140	-7.699	-0.067
19.160	-11.293	-0.069
19.180	-14.752	-0.084
19.200	-17.980	-0.084
19.220	-20.939	-0.093
19.240	-23.566	-0.095
19.260	-25.827	-0.097
19.280	-27.712	-0.101
19.300	-29.173	-0.096
19.320	-30.167	-0.099
19.340	-30.688	-0.093
19.360	-30.784	-0.094
19.380	-30.419	-0.081
19.400	-29.592	-0.082
19.420	-28.276	-0.068
19.440	-26.557	-0.067
19.460	-24.425	-0.050
19.480	-21.922	-0.045
19.500	-19.081	-0.031
19.520	-15.939	-0.025
19.540	-12.560	-0.010
19.560	-8.994	0.002
19.580	-5.282	0.014
19.600	-1.474	0.023
19.620	2.323	0.034
19.640	6.094	0.041
19.660	9.767	0.048
19.680	13.307	0.058
19.700	16.648	0.063
19.720	19.709	0.066
19.740	22.491	0.077
19.760	24.914	0.077
19.780	26.960	0.081
19.800	28.598	0.077
19.820	29.812	0.080
19.840	30.559	0.073
19.860	30.833	0.075
19.880	30.666	0.061
19.900	30.027	0.063
19.920	28.931	0.049
19.940	27.390	0.051
19.960	25.467	0.034
19.980	23.125	0.033
20.000	20.407	0.019
20.020	17.400	0.011
20.040	14.134	-0.003
20.060	10.637	-0.011
20.080	7.017	-0.021
20.100	3.274	-0.035
20.120	-0.540	-0.043
20.140	-4.326	-0.059
20.160	-8.059	-0.060
20.180	-11.679	-0.072
20.200	-15.095	-0.072
20.220	-18.318	-0.083
20.240	-21.240	-0.082
20.260	-23.818	-0.092
20.280	-26.058	-0.090
20.300	-27.900	-0.097
20.320	-29.334	-0.094
20.340	-30.301	-0.094
20.360	-30.758	-0.093
20.380	-30.811	-0.083
20.400	-30.392	-0.081
20.420	-29.528	-0.068
20.440	-28.179	-0.065
20.460	-26.434	-0.057
20.480	-24.237	-0.041
20.500	-21.707	-0.038
20.520	-18.823	-0.019
20.540	-15.654	-0.013
20.560	-12.281	-0.001
20.580	-8.682	0.005
20.600	-4.933	0.022
20.620	-1.147	0.028
20.640	2.661	0.045
20.660	6.437	0.044
20.680	10.090	0.064
20.700	13.629	0.062
20.720	16.927	0.074
20.740	19.978	0.074
20.760	22.744	0.086
20.780	25.123	0.084
20.800	27.143	0.090
20.820	28.733	0.085
20.840	29.898	0.088
20.860	30.602	0.086
20.880	30.838	0.081
20.900	30.629	0.073
20.920	29.947	0.071
20.940	28.792	0.059
20.960	27.218	0.056
20.980	25.258	0.044
21.000	22.867	0.036
21.020	20.128	0.028
21.040	17.115	0.016
21.060	13.796	0.007
21.080	10.299	-0.005
21.100	6.663	-0.016
21.120	2.892	-0.023
21.140	-0.905	-0.041
21.160	-4.681	-0.044
21.180	-8.435	-0.055
21.200	-12.029	-0.058
21.220	-15.428	-0.069
21.240	-18.608	-0.068
21.260	-21.498	-0.078
21.280	-24.060	-0.078
21.300	-26.273	-0.084
21.320	-28.083	-0.081
21.340	-29.426	-0.087
21.360	-30.355	-0.079
21.380	-30.774	-0.080
21.400	-30.795	-0.076
21.420	-30.323	-0.072
21.440	-29.409	-0.063
21.460	-28.008	-0.052
21.480	-26.192	-0.052
21.500	-24.011	-0.032
21.520	-21.444	-0.026
21.540	-18.501	-0.016
21.560	-15.332	-0.009
21.580	-11.905	0.007
21.600	-8.306	0.016
21.620	-4.584	0.028
21.640	-0.776	0.036
21.660	3.043	0.048
21.680	6.786	0.054
21.700	10.449	0.063
21.720	13.957	0.070
21.740	17.233	0.077
21.760	20.257	0.085
21.780	22.996	0.086
21.800	25.338	0.094
21.820	27.315	0.090
21.840	28.856	0.090
21.860	29.979	0.086
21.880	30.645	0.086
21.900	30.833	0.080
21.920	30.591	0.076
21.940	29.839	0.072
21.960	28.674	0.059
21.980	27.052	0.052
22.000	25.043	0.041
22.020	22.620	0.035
22.040	19.865	0.025
22.060	16.803	0.017
22.080	13.500	0.001
22.100	9.971	-0.004
22.120	6.303	-0.023
22.140	2.554	-0.028
22.160	-1.238	-0.039
22.180	-5.041	-0.047
22.200	-8.752	-0.051
22.220	-12.302	-0.066
22.240	-15.708	-0.068
22.260	-18.866	-0.080
22.280	-21.718	-0.080
22.300	-24.259	-0.087
22.320	-26.418	-0.084
22.340	-28.190	-0.091
22.360	-29.490	-0.082
22.380	-30.387	-0.086
22.400	-30.779	-0.080
22.420	-30.736	-0.080
22.440	-30.242	-0.072
22.460	-29.270	-0.068
22.480	-27.841	-0.055
22.500	-25.993	-0.054
22.520	-23.754	-0.042
22.540	-21.143	-0.032
22.560	-18.200	-0.021
22.580	-14.999	-0.014
22.600	-11.567	0.001
22.620	-7.947	0.010
22.640	-4.192	0.025
22.660	-0.395	0.032
22.680	3.397	0.040
22.700	7.152	0.047
22.720	10.804	0.059
22.740	14.274	0.063
22.760	17.539	0.071
22.780	20.542	0.074
22.800	23.238	0.081
22.820	25.553	0.079
22.840	27.481	0.082
22.860	28.990	0.078
22.880	30.059	0.080
22.900	30.688	0.074
22.920	30.827	0.073
22.940	30.532	0.068
22.960	29.748	0.061
22.980	28.539	0.048
23.000	26.874	0.041
23.020	24.833	0.035
23.040	22.395	0.023
23.060	19.580	0.012
23.080	16.513	0.003
23.100	13.173	-0.003
23.120	9.628	-0.019
23.140	5.954	-0.026
23.160	2.210	-0.044
23.180	-1.614	-0.047
23.200	-5.385	-0.061
23.220	-9.096	-0.066
23.240	-12.678	-0.075
23.260	-16.009	-0.081
23.280	-19.129	-0.087
23.300	-21.992	-0.093
23.320	-24.468	-0.094
23.340	-26.600	-0.099
23.360	-28.324	-0.097
23.380	-29.608	-0.099
23.400	-30.430	-0.093
23.420	-30.774	-0.092
23.440	-30.704	-0.087
23.460	-30.167	-0.084
23.480	-29.135	-0.077
23.500	-27.685	-0.066
23.520	-25.789	-0.061
23.540	-23.517	-0.046
23.560	-20.880	-0.043
23.580	-17.921	-0.025
23.600	-14.671	-0.020
23.620	-11.228	-0.006
23.640	-7.576	0.000
23.660	-3.822	0.019
23.680	-0.024	0.024
23.700	3.768	0.040
23.720	7.495	0.040
23.740	11.132	0.054
23.760	14.607	0.057
23.780	17.851	0.068
23.800	20.800	0.070
23.820	23.480	0.074
23.840	25.752	0.076
23.860	27.648	0.076
23.880	29.125	0.080
23.900	30.151	0.074
23.920	30.715	0.077
23.940	30.827	0.066
23.960	30.484	0.068
23.980	29.662	0.055
24.000	28.394	0.047
24.020	26.692	0.042
24.040	24.624	0.036
24.060	22.105	0.022
24.080	19.296	0.013
24.100	16.213	0.000
24.120	12.818	-0.008
24.140	9.289	-0.020
24.160	5.610	-0.027
24.180	1.818	-0.043
24.200	-1.969	-0.054
24.220	-5.750	-0.058
24.240	-9.450	-0.068
24.260	-13.001	-0.071
24.280	-16.315	-0.083
24.300	-19.446	-0.083
24.320	-22.250	-0.093
24.340	-24.688	-0.092
24.360	-26.799	-0.094
24.380	-28.486	-0.096
24.400	-29.716	-0.097
24.420	-30.505	-0.093
24.440	-30.795	-0.089
24.460	-30.677	-0.084
24.480	-30.102	-0.078
24.500	-29.066	-0.073
24.520	-27.535	-0.061
24.540	-25.601	-0.061
24.560	-23.292	-0.039
24.580	-20.612	-0.035
24.600	-17.631	-0.020
24.620	-14.392	-0.013
24.640	-10.901	-0.002
24.660	-7.254	0.007
24.680	-3.494	0.023
24.700	0.314	0.032
24.720	4.122	0.040
24.740	7.839	0.051
24.760	11.465	0.059
24.780	14.924	0.065
24.800	18.119	0.073
24.820	21.079	0.077
24.840	23.700	0.079
24.860	25.945	0.085
24.880	27.793	0.082
24.900	29.238	0.086
24.920	30.215	0.081
24.940	30.747	0.078
24.960	30.817	0.071
24.980	30.425	0.068
25.000	29.554	0.065
25.020	28.255	0.052
25.040	26.520	0.051
25.060	24.382	0.039
25.080	21.858	0.028
25.100	19.022	0.018
25.120	15.869	0.007
25.140	12.490	-0.002
25.160	8.929	-0.011
25.180	5.229	-0.023
25.200	1.448	-0.031
25.220	-2.350	-0.047
25.240	-6.131	-0.060
25.260	-9.826	-0.060
25.280	-13.334	-0.069
25.300	-16.664	-0.072
25.320	-19.741	-0.080
25.340	-22.513	-0.081
25.360	-24.962	-0.091
25.380	-27.009	-0.088
25.400	-28.652	-0.088
25.420	-29.839	-0.087
25.440	-30.591	-0.087
25.460	-30.817	-0.084
25.480	-30.688	-0.079
25.500	-30.049	-0.069
25.520	-28.953	-0.061
25.540	-27.385	-0.056
25.560	-25.424	-0.043
25.580	-23.082	-0.034
25.600	-20.359	-0.023
25.620	-17.335	-0.013
25.640	-14.070	0.000
25.660	-10.552	0.011
25.680	-6.921	0.021
25.700	-3.123	0.032
25.720	0.690	0.038
25.740	4.466	0.052
25.760	8.194	0.056
25.780	11.808	0.069
25.800	15.224	0.077
25.820	18.426	0.081
25.840	21.353	0.084
25.860	23.926	0.088
25.880	26.149	0.094
25.900	27.959	0.092
25.920	29.356	0.094
25.940	30.296	0.085
25.960	30.779	0.087
25.980	30.795	0.081
26.000	30.360	0.079
26.020	29.447	0.069
26.040	28.104	0.061
26.060	26.332	0.048
26.080	24.173	0.043
26.100	21.611	0.033
26.120	18.721	0.025
26.140	15.563	0.007
26.160	12.179	0.005
26.180	8.586	-0.014
26.200	4.880	-0.022
26.220	1.109	-0.033
26.240	-2.710	-0.040
26.260	-6.459	-0.050
26.280	-10.138	-0.051
26.300	-13.656	-0.062
26.320	-16.965	-0.074
26.340	-19.994	-0.072
26.360	-22.744	-0.083
26.380	-25.129	-0.079
26.400	-27.148	-0.087
26.420	-28.765	-0.081
26.440	-29.914	-0.084
26.460	-30.602	-0.080
26.480	-30.849	-0.076
26.500	-30.607	-0.076
26.520	-29.941	-0.073
26.540	-28.797	-0.063
26.560	-27.191	-0.055
26.580	-25.193	-0.049
26.600	-22.781	-0.033
26.620	-20.069	-0.024
26.640	-17.008	-0.014
26.660	-13.704	-0.009
26.680	-10.208	0.008
26.700	-6.518	0.018
26.720	-2.758	0.031
26.740	1.050	0.036
26.760	4.847	0.042
26.780	8.548	0.057
26.800	12.136	0.064
26.820	15.552	0.073
26.840	18.716	0.072
26.860	21.611	0.081
26.880	24.156	0.081
26.900	26.332	0.085
26.920	28.094	0.081
26.940	29.458	0.087
26.960	30.355	0.077
26.980	30.790	0.082
27.000	30.768	0.070
27.020	30.280	0.073
27.040	29.345	0.058
27.060	27.932	0.051
27.080	26.149	0.043
27.100	23.942	0.037
27.120	21.342	0.025
27.140	18.447	0.014
27.160	15.267	0.001
27.180	11.819	-0.007
27.200	8.247	-0.013
27.220	4.552	-0.032
27.240	0.744	-0.041
27.260	-3.053	-0.052
27.280	-6.813	-0.057
27.300	-10.487	-0.068
27.320	-13.957	-0.076
27.340	-17.239	-0.081
27.360	-20.279	-0.085
27.380	-22.969	-0.089
27.400	-25.322	-0.093
27.420	-27.315	-0.089
27.440	-28.862	-0.097
27.460	-29.973	-0.092
27.480	-30.613	-0.094
27.500	-30.811	-0.091
27.520	-30.553	-0.084
27.540	-29.812	-0.078
27.560	-28.647	-0.069
27.580	-26.998	-0.066
27.600	-24.957	-0.053
27.620	-22.561	-0.047
27.640	-19.768	-0.031
27.660	-16.696	-0.024
27.680	-13.387	-0.014
27.700	-9.864	-0.004
27.720	-6.163	0.011
27.740	-2.404	0.019
27.760	1.426	0.032
27.780	5.207	0.037
27.800	8.892	0.047
27.820	12.490	0.055
27.840	15.869	0.060
27.860	18.990	0.069
27.880	21.879	0.074
27.900	24.382	0.076
27.920	26.520	0.077
27.940	28.249	0.078
27.960	29.565	0.079
27.980	30.419	0.070
28.000	30.811	0.075
28.020	30.747	0.065
28.040	30.220	0.061
28.060	29.238	0.050
28.080	27.798	0.046
28.100	25.956	0.039
28.120	23.700	0.030
28.140	21.084	0.014
28.160	18.157	0.011
28.180	14.940	-0.006
28.200	11.491	-0.010
28.220	7.904	-0.026
28.240	4.160	-0.036
28.260	0.389	-0.048
28.280	-3.408	-0.055
28.300	-7.173	-0.064
28.320	-10.815	-0.070
28.340	-14.263	-0.080
28.360	-17.555	-0.083
28.380	-20.536	-0.092
28.400	-23.217	-0.095
28.420	-25.531	-0.097
28.440	-27.470	-0.097
28.460	-28.996	-0.097
28.480	-30.059	-0.098
28.500	-30.634	-0.092
28.520	-30.795	-0.091
28.540	-30.500	-0.081
28.560	-29.742	-0.080
28.580	-28.507	-0.071
28.600	-26.831	-0.067
28.620	-24.753	-0.052
28.640	-22.303	-0.043
28.660	-19.489	-0.032
28.680	-16.401	-0.025
28.700	-13.076	-0.009
28.720	-9.510	0.003
28.740	-5.814	0.012
28.760	-2.033	0.020
28.780	1.791	0.033
28.800	5.556	0.038
28.820	9.246	0.050
28.840	12.823	0.058
28.860	16.164	0.065
28.880	19.285	0.069
28.900	22.142	0.077
28.920	24.597	0.075
28.940	26.713	0.084
28.960	28.394	0.077
28.980	29.667	0.084
29.000	30.478	0.076
29.020	30.822	0.081
29.040	30.720	0.067
29.060	30.145	0.069
29.080	29.114	0.059
29.100	27.626	0.056
29.120	25.757	0.041
29.140	23.464	0.032
29.160	20.816	0.018
29.180	17.840	0.013
29.200	14.612	-0.001
29.220	11.158	-0.009
29.240	7.517	-0.018
29.260	3.800	-0.034
29.280	-0.003	-0.041
29.300	-3.805	-0.055
29.320	-7.554	-0.060
29.340	-11.164	-0.071
29.360	-14.628	-0.072
29.380	-17.883	-0.078
29.400	-20.853	-0.082
29.420	-23.480	-0.093
29.440	-25.773	-0.090
29.460	-27.653	-0.093
29.480	-29.168	-0.093
29.500	-30.172	-0.090
29.520	-30.725	-0.090
29.540	-30.822	-0.085
29.560	-30.500	-0.082
29.580	-29.699	-0.073
29.600	-28.405	-0.068
29.620	-26.708	-0.061
29.640	-24.581	-0.045
29.660	-22.083	-0.037
29.680	-19.253	-0.020
29.700	-16.111	-0.012
29.720	-12.770	0.002
29.740	-9.203	0.007
29.760	-5.476	0.022
29.780	-1.684	0.030
29.800	2.119	0.044
29.820	5.900	0.049
29.840	9.585	0.063
29.860	13.124	0.068
29.880	16.481	0.077
29.900	19.564	0.077
29.920	22.363	0.088
29.940	24.817	0.084
29.960	26.874	0.092
29.980	28.523	0.087
30.000	29.759	0.094
30.020	30.527	0.085
30.040	30.827	0.083
30.060	30.688	0.078
30.080	30.059	0.076
30.100	28.990	0.065
30.120	27.465	0.057
30.140	25.553	0.050
30.160	23.227	0.040
30.180	20.531	0.032
30.200	17.539	0.019
30.220	14.284	0.011
30.240	10.799	-0.001
30.260	7.173	-0.014
30.280	3.435	-0.023
30.300	-0.357	-0.035
30.320	-4.155	-0.043
30.340	-7.887	-0.051
30.360	-11.529	-0.055
30.380	-14.950	-0.068
30.400	-18.173	-0.070
30.420	-21.111	-0.077
30.440	-23.711	-0.078
30.460	-25.967	-0.088
30.480	-27.825	-0.085
30.500	-29.264	-0.084
30.520	-30.242	-0.080
30.540	-30.736	-0.080
30.560	-30.827	-0.075
30.580	-30.419	-0.068
30.600	-29.576	-0.068
30.620	-28.244	-0.052
30.640	-26.488	-0.052
30.660	-24.334	-0.031
30.680	-21.820	-0.032
30.700	-18.952	-0.017
30.720	-15.794	-0.014
30.740	-12.426	0.009
30.760	-8.822	0.014
30.780	-5.100	0.025
30.800	-1.319	0.033
30.820	2.495	0.045
30.840	6.271	0.051
30.860	9.934	0.062
30.880	13.484	0.072
30.900	16.787	0.077
30.920	19.849	0.081
30.940	22.631	0.083
30.960	25.021	0.092
30.980	27.057	0.090
31.000	28.674	0.089
31.020	29.861	0.085
31.040	30.575	0.085
31.060	30.838	0.083
31.080	30.639	0.075
31.100	29.968	0.073
31.120	28.862	0.061
31.140	27.304	0.059
31.160	25.365	0.042
31.180	22.986	0.036
31.200	20.268	0.025
31.220	17.260	0.015
31.240	13.957	0.000
31.260	10.487	-0.006
31.280	6.840	-0.024
31.300	3.075	-0.029
31.320	-0.706	-0.040
31.340	-4.498	-0.045
31.360	-8.247	-0.055
31.380	-11.824	-0.064
31.400	-15.240	-0.071
31.420	-18.447	-0.078
31.440	-21.353	-0.084
31.460	-23.915	-0.088
31.480	-26.138	-0.089
31.500	-27.959	-0.093
31.520	-29.340	-0.086
31.540	-30.296	-0.092
31.560	-30.741	-0.083
31.580	-30.779	-0.086
31.600	-30.333	-0.076
31.620	-29.415	-0.073
31.640	-28.088	-0.061
31.660	-26.273	-0.058
31.680	-24.097	-0.045
31.700	-21.519	-0.036
31.720	-18.624	-0.023
31.740	-15.471	-0.017
31.760	-12.061	-0.006
31.780	-8.457	0.005
31.800	-4.735	0.018
31.820	-0.937	0.027
31.840	2.876	0.037
31.860	6.615	0.040
31.880	10.283	0.056
31.900	13.817	0.061
31.920	17.088	0.072
31.940	20.134	0.073
31.960	22.878	0.077
31.980	25.236	0.076
32.000	27.223	0.082
32.020	28.792	0.077
32.040	29.947	0.080
32.060	30.629	0.073
32.080	30.838	0.073
32.100	30.607	0.069
32.120	29.887	0.065
32.140	28.733	0.048
32.160	27.148	0.043
32.180	25.145	0.035
32.200	22.744	0.025
32.220	19.999	0.013
32.240	16.959	0.002
32.260	13.629	-0.008
32.280	10.149	-0.017
32.300	6.480	-0.030
32.320	2.737	-0.043
32.340	-1.055	-0.050
32.360	-4.869	-0.061
32.380	-8.575	-0.064
32.400	-12.157	-0.077
32.420	-15.552	-0.081
32.440	-18.716	-0.090
32.460	-21.594	-0.094
32.480	-24.146	-0.094
32.500	-26.332	-0.100
32.520	-28.104	-0.097
32.540	-29.442	-0.102
32.560	-30.349	-0.099
32.580	-30.747	-0.097
32.600	-30.741	-0.089
32.620	-30.269	-0.087
32.640	-29.318	-0.077
32.660	-27.895	-0.070
32.680	-26.090	-0.064
32.700	-23.845	-0.051
32.720	-21.272	-0.042
32.740	-18.350	-0.026
32.760	-15.144	-0.022
32.780	-11.722	-0.010
32.800	-8.118	0.003
32.820	-4.380	0.015
32.840	-0.561	0.019
32.860	3.225	0.035
32.880	6.996	0.040
32.900	10.632	0.048
32.920	14.118	0.055
32.940	17.400	0.066
32.960	20.402	0.068
32.980	23.115	0.077
33.000	25.456	0.076
33.020	27.401	0.081
33.040	28.926	0.080
33.060	30.032	0.077
33.080	30.661	0.074
33.100	30.827	0.071
33.120	30.564	0.069
33.140	29.802	0.062
33.160	28.604	0.051
33.180	26.955	0.042
33.200	24.941	0.039
33.220	22.491	0.025
33.240	19.704	0.019
33.260	16.653	0.006
33.280	13.307	-0.006
33.300	9.789	-0.014
33.320	6.131	-0.026
33.340	2.366	-0.039
33.360	-1.442	-0.052
33.380	-5.229	-0.056
33.400	-8.935	-0.064
33.420	-12.501	-0.070
33.440	-15.858	-0.080
33.460	-19.027	-0.082
33.480	-21.885	-0.088
33.500	-24.382	-0.090
33.520	-26.525	-0.093
33.540	-28.276	-0.096
33.560	-29.587	-0.092
33.580	-30.430	-0.094
33.600	-30.795	-0.090
33.620	-30.768	-0.089
33.640	-30.237	-0.083
33.660	-29.248	-0.074
33.680	-27.782	-0.063
33.700	-25.918	-0.061
33.720	-23.662	-0.043
33.740	-21.025	-0.042
33.760	-18.076	-0.019
33.780	-14.865	-0.014
33.800	-11.422	0.000
33.820	-7.775	0.010
33.840	-4.020	0.023
33.860	-0.234	0.032
33.880	3.574	0.040
33.900	7.318	0.048
33.920	10.949	0.060
33.940	14.446	0.066
33.960	17.695	0.070
33.980	20.671	0.073
34.000	23.367	0.080
34.020	25.650	0.083
34.040	27.546	0.083
34.060	29.060	0.087
34.080	30.097	0.081
34.100	30.704	0.081
34.120	30.822	0.077
34.140	30.516	0.074
34.160	29.705	0.069
34.180	28.459	0.058
34.200	26.778	0.050
34.220	24.726	0.046
34.240	22.228	0.032
34.260	19.419	0.023
34.280	16.336	0.013
34.300	12.969	0.002
34.320	9.434	-0.007
34.340	5.766	-0.021
34.360	1.985	-0.032
34.380	-1.818	-0.040
34.400	-5.589	-0.050
34.420	-9.311	-0.059
34.440	-12.856	-0.068
34.460	-16.202	-0.068
34.480	-19.344	-0.080
34.500	-22.158	-0.077
34.520	-24.629	-0.088
34.540	-26.756	-0.084
34.560	-28.448	-0.086
34.580	-29.705	-0.088
34.600	-30.527	-0.086
34.620	-30.801	-0.083
34.640	-30.725	-0.078
34.660	-30.161	-0.072
34.680	-29.125	-0.063
34.700	-27.626	-0.057
34.720	-25.714	-0.051
34.740	-23.442	-0.037
34.760	-20.778	-0.028
34.780	-17.776	-0.013
34.800	-14.548	-0.006
34.820	-11.067	0.009
34.840	-7.436	0.019
34.860	-3.677	0.028
34.880	0.142	0.037
34.900	3.940	0.048
34.920	7.667	0.057
34.940	11.303	0.070
34.960	14.757	0.071
34.980	17.974	0.079
35.000	20.950	0.082
35.020	23.598	0.089
35.040	25.854	0.093
35.060	27.728	0.094
35.080	29.184	0.094
35.100	30.183	0.091
35.120	30.736	0.088
35.140	30.811	0.078
35.160	30.457	0.079
35.180	29.597	0.069
35.200	28.330	0.062
35.220	26.611	0.052
35.240	24.500	0.050
35.260	21.992	0.034
35.280	19.156	0.028
35.300	16.030	0.011
35.320	12.646	0.005
35.340	9.107	-0.010
35.360	5.406	-0.018
35.380	1.641	-0.032
35.400	-2.167	-0.039
35.420	-5.948	-0.051
35.440	-9.628	-0.056
35.460	-13.178	-0.063
35.480	-16.503	-0.071
35.500	-19.591	-0.072
35.520	-22.368	-0.080
35.540	-24.812	-0.081
35.560	-26.885	-0.086
35.580	-28.550	-0.087
35.600	-29.764	-0.089
35.620	-30.521	-0.085
35.640	-30.833	-0.086
35.660	-30.656	-0.079
35.680	-30.059	-0.073
35.700	-28.985	-0.068
35.720	-27.438	-0.055
35.740	-25.494	-0.053
35.760	-23.152	-0.035
35.780	-20.472	-0.029
35.800	-17.459	-0.018
35.820	-14.209	-0.011
35.840	-10.707	0.006
35.860	-7.066	0.011
35.880	-3.284	0.028
35.900	0.513	0.032
35.920	4.310	0.046
35.940	8.038	0.051
35.960	11.653	0.061
35.980	15.079	0.067
36.000	18.291	0.072
36.020	21.213	0.079
36.040	23.829	0.081
36.060	26.047	0.083
36.080	27.879	0.081
36.100	29.297	0.085
36.120	30.269	0.080
36.140	30.758	0.081
36.160	30.801	0.070
36.180	30.387	0.074
36.200	29.501	0.057
36.220	28.174	0.054
36.240	26.412	0.046
36.260	24.285	0.036
36.280	21.740	0.025
36.300	18.861	0.015
36.320	15.719	0.004
36.340	12.329	-0.010
36.360	8.752	-0.019
36.380	5.062	-0.031
36.400	1.297	-0.042
36.420	-2.538	-0.048
36.440	-6.287	-0.058
36.460	-9.961	-0.067
36.480	-13.473	-0.075
36.500	-16.782	-0.080
36.520	-19.854	-0.087
36.540	-22.594	-0.089
36.560	-25.005	-0.093
36.580	-27.057	-0.097
36.600	-28.674	-0.101
36.620	-29.844	-0.097
36.640	-30.553	-0.097
36.660	-30.817	-0.090
36.680	-30.629	-0.089
36.700	-29.957	-0.084
36.720	-28.829	-0.073
36.740	-27.261	-0.069
36.760	-25.274	-0.059
36.780	-22.905	-0.047
36.800	-20.198	-0.037
36.820	-17.147	-0.026
36.840	-13.855	-0.016
36.860	-10.369	-0.006
36.880	-6.684	0.007
36.900	-2.914	0.015
36.920	0.878	0.028
36.940	4.686	0.034
36.960	8.387	0.044
36.980	11.986	0.054
37.000	15.407	0.058
37.020	18.571	0.065
37.040	21.476	0.069
37.060	24.049	0.075
37.080	26.246	0.077
37.100	28.029	0.076
37.120	29.415	0.078
37.140	30.323	0.075
37.160	30.784	0.073
37.180	30.774	0.066
37.200	30.328	0.061
37.220	29.393	0.053
37.240	28.024	0.043
37.260	26.240	0.040
37.280	24.065	0.030
37.300	21.471	0.017
37.320	18.576	0.009
37.340	15.418	-0.008
37.360	11.980	-0.011
37.380	8.414	-0.025
37.400	4.702	-0.032
37.420	0.905	-0.048
37.440	-2.871	-0.053
37.460	-6.631	-0.063
37.480	-10.315	-0.071
37.500	-13.806	-0.079
37.520	-17.083	-0.086
37.540	-20.139	-0.091
37.560	-22.857	-0.093
37.580	-25.215	-0.094
37.600	-27.234	-0.101
37.620	-28.819	-0.098
37.640	-29.936	-0.105
37.660	-30.607	-0.095
37.680	-30.801	-0.097
37.700	-30.575	-0.084
37.720	-29.882	-0.081
37.740	-28.722	-0.072
37.760	-27.111	-0.068
37.780	-25.070	-0.055
37.800	-22.679	-0.047
37.820	-19.908	-0.036
37.840	-16.846	-0.023
37.860	-13.559	-0.013
37.880	-10.020	-0.002
37.900	-6.346	0.008
37.920	-2.586	0.021
37.940	1.238	0.030
37.960	5.030	0.041
37.980	8.725	0.048
38.000	12.324	0.058
38.020	15.702	0.065
38.040	18.850	0.071
38.060	21.745	0.075
38.080	24.280	0.075
38.100	26.428	0.083
38.120	28.179	0.077
38.140	29.522	0.084
38.160	30.382	0.073
38.180	30.801	0.078
38.200	30.758	0.069
38.220	30.263	0.070
38.240	29.275	0.058
38.260	27.863	0.057
38.280	26.042	0.040
38.300	23.802	0.036
38.320	21.202	0.022
38.340	18.286	0.019
38.360	15.079	0.001
38.380	11.642	-0.004
38.400	8.049	-0.018
38.420	4.326	-0.031
38.440	0.540	-0.039
38.460	-3.268	-0.051
38.480	-7.033	-0.059
38.500	-10.686	-0.070
38.520	-14.156	-0.073
38.540	-17.437	-0.078
38.560	-20.440	-0.086
38.580	-23.152	-0.089
38.600	-25.489	-0.090
38.620	-27.427	-0.094
38.640	-28.990	-0.097
38.660	-30.065	-0.093
38.680	-30.682	-0.089
38.700	-30.822	-0.086
38.720	-30.575	-0.082
38.740	-29.834	-0.073
38.760	-28.615	-0.070
38.780	-26.960	-0.060
38.800	-24.914	-0.048
38.820	-22.448	-0.034
38.840	-19.656	-0.025
38.860	-16.567	-0.013
38.880	-13.259	0.000
38.900	-9.703	0.009
38.920	-6.018	0.021
38.940	-2.216	0.028
38.960	1.593	0.040
38.980	5.363	0.050
39.000	9.069	0.059
39.020	12.652	0.065
39.040	16.009	0.072
39.060	19.151	0.078
39.080	22.013	0.089
39.100	24.484	0.088
39.120	26.616	0.091
39.140	28.319	0.089
39.160	29.614	0.094
39.180	30.446	0.086
39.200	30.822	0.086
39.220	30.741	0.078
39.240	30.161	0.078
39.260	29.162	0.065
39.280	27.712	0.059
39.300	25.854	0.050
39.320	23.576	0.043
39.340	20.939	0.031
39.360	17.985	0.021
39.380	14.773	0.014
39.400	11.314	-0.001
39.420	7.689	-0.011
39.440	3.961	-0.022
39.460	0.191	-0.034
39.480	-3.623	-0.043
39.500	-7.366	-0.049
39.520	-11.003	-0.055
39.540	-14.478	-0.066
39.560	-17.717	-0.068
39.580	-20.708	-0.080
39.600	-23.362	-0.078
39.620	-25.666	-0.084
39.640	-27.578	-0.084
39.660	-29.087	-0.084
39.680	-30.129	-0.081
39.700	-30.672	-0.079
39.720	-30.833	-0.079
39.740	-30.478	-0.076
39.760	-29.710	-0.070
39.780	-28.453	-0.058
39.800	-26.761	-0.056
39.820	-24.661	-0.041
39.840	-22.185	-0.036
39.860	-19.365	-0.018
39.880	-16.245	-0.018
39.900	-12.926	0.000
39.920	-9.348	0.011
39.940	-5.621	0.022
39.960	-1.850	0.029
39.980	1.952	0.040
40.000	5.750	0.048
40.020	9.429	0.057
40.040	12.985	0.064
40.060	16.342	0.076
40.080	19.435	0.077
40.100	22.260	0.081
40.120	24.715	0.084
40.140	26.799	0.088
40.160	28.459	0.088
40.180	29.721	0.090
40.200	30.505	0.081
40.220	30.827	0.082
40.240	30.704	0.073
40.260	30.097	0.074
40.280	29.060	0.060
40.300	27.551	0.054
40.320	25.671	0.046
40.340	23.329	0.037
40.360	20.676	0.025
40.380	17.700	0.018
40.400	14.451	0.004
40.420	10.960	-0.008
40.440	7.366	-0.020
40.460	3.634	-0.027
40.480	-0.175	-0.043
40.500	-3.967	-0.048
40.520	-7.710	-0.053
40.540	-11.341	-0.065
40.560	-14.757	-0.072
40.580	-17.996	-0.076
40.600	-20.966	-0.081
40.620	-23.593	-0.090
40.640	-25.854	-0.089
40.660	-27.712	-0.095
40.680	-29.162	-0.091
40.700	-30.188	-0.091
40.720	-30.704	-0.085
40.740	-30.817	-0.087
40.760	-30.414	-0.078
40.780	-29.576	-0.075
40.800	-28.303	-0.061
40.820	-26.557	-0.059
40.840	-24.420	-0.048
40.860	-21.933	-0.040
40.880	-19.032	-0.028
40.900	-15.923	-0.022
40.920	-12.571	-0.011
40.940	-8.978	0.003
40.960	-5.266	0.014
40.980	-1.480	0.026
41.000	2.339	0.035
41.020	6.110	0.040
41.040	9.767	0.052
41.060	13.312	0.057
41.080	16.642	0.065
41.100	19.709	0.069
41.120	22.524	0.076
41.140	24.930	0.074
41.160	26.971	0.081
41.180	28.609	0.074
41.200	29.818	0.081
41.220	30.564	0.070
41.240	30.833	0.077
41.260	30.666	0.061
41.280	30.027	0.065
41.300	28.921	0.048
41.320	27.379	0.044
41.340	25.462	0.032
41.360	23.115	0.028
41.380	20.413	0.012
41.400	17.400	0.006
41.420	14.139	-0.006
41.440	10.643	-0.016
41.460	7.017	-0.026
41.480	3.252	-0.041
41.500	-0.524	-0.047
41.520	-4.300	-0.059
41.540	-8.070	-0.065
41.560	-11.674	-0.074
41.580	-15.090	-0.082
41.600	-18.286	-0.088
41.620	-21.208	-0.091
41.640	-23.802	-0.095
41.660	-26.031	-0.098
41.680	-27.873	-0.098
41.700	-29.291	-0.101
41.720	-30.242	-0.096
41.740	-30.715	-0.098
41.760	-30.768	-0.089
41.780	-30.365	-0.089
41.800	-29.501	-0.079
41.820	-28.115	-0.072
41.840	-26.353	-0.064
41.860	-24.199	-0.053
41.880	-21.659	-0.044
41.900	-18.769	-0.033
41.920	-15.611	-0.026
41.940	-12.217	-0.009
41.960	-8.618	-0.002
41.980	-4.923	0.014
42.000	-1.098	0.018
42.020	2.704	0.031
42.040	6.453	0.038
42.060	10.127	0.050
42.080	13.635	0.055
42.100	16.943	0.063
42.120	20.010	0.069
42.140	22.760	0.076
42.160	25.134	0.073
42.180	27.154	0.075
42.200	28.733	0.076
42.220	29.898	0.077
42.240	30.607	0.076
42.260	30.838	0.069
42.280	30.634	0.067
42.300	29.936	0.059
42.320	28.797	0.053
42.340	27.223	0.042
42.360	25.258	0.036
42.380	22.878	0.029
42.400	20.144	0.015
42.420	17.088	0.003
42.440	13.812	-0.001
42.460	10.304	-0.015
42.480	6.657	-0.023
42.500	2.903	-0.038
42.520	-0.905	-0.044
42.540	-4.708	-0.058
42.560	-8.419	-0.066
42.580	-12.007	-0.072
42.600	-15.418	-0.080
42.620	-18.592	-0.080
42.640	-21.509	-0.090
42.660	-24.049	-0.093
42.680	-26.240	-0.098
42.700	-28.051	-0.100
42.720	-29.426	-0.097
42.740	-30.344	-0.098
42.760	-30.758	-0.093
42.780	-30.784	-0.091
42.800	-30.333	-0.080
42.820	-29.409	-0.078
42.840	-28.029	-0.062
42.860	-26.224	-0.068
42.880	-24.011	-0.046
42.900	-21.423	-0.038
42.920	-18.522	-0.022
42.940	-15.321	-0.021
42.960	-11.927	0.001
42.980	-8.317	0.007
43.000	-4.563	0.019
43.020	-0.771	0.027
43.040	3.032	0.039
43.060	6.802	0.044
43.080	10.449	0.057
43.100	13.951	0.062
43.120	17.244	0.072
43.140	20.268	0.073
43.160	23.002	0.081
43.180	25.349	0.081
43.200	27.320	0.081
43.220	28.862	0.084
43.240	29.984	0.084
43.260	30.645	0.083
43.280	30.838	0.081
43.300	30.580	0.067
43.320	29.828	0.069
43.340	28.663	0.052
43.360	27.025	0.055
43.380	25.037	0.042
43.400	22.610	0.034
43.420	19.838	0.021
43.440	16.798	0.015
43.460	13.468	0.007
43.480	9.945	-0.003
43.500	6.292	-0.019
43.520	2.511	-0.031
43.540	-1.276	-0.039
43.560	-5.068	-0.047
43.580	-8.790	-0.058
43.600	-12.378	-0.068
43.620	-15.751	-0.070
43.640	-18.909	-0.078
43.660	-21.772	-0.081
43.680	-24.302	-0.085
43.700	-26.471	-0.085
43.720	-28.233	-0.087
43.740	-29.554	-0.084
43.760	-30.403	-0.082
43.780	-30.774	-0.081
43.800	-30.752	-0.076
43.820	-30.269	-0.074
43.840	-29.313	-0.066
43.860	-27.857	-0.055
43.880	-26.010	-0.052
43.900	-23.781	-0.036
43.920	-21.181	-0.027
43.940	-18.216	-0.014
43.960	-15.004	-0.006
43.980	-11.588	0.008
44.000	-7.952	0.015
44.020	-4.214	0.028
44.040	-0.400	0.033
44.060	3.413	0.050
44.080	7.162	0.052
44.100	10.793	0.066
44.120	14.290	0.069
44.140	17.550	0.082
44.160	20.536	0.081
44.180	23.249	0.090
44.200	25.558	0.091
44.220	27.481	0.095
44.240	29.001	0.092
44.260	30.075	0.093
44.280	30.698	0.086
44.300	30.827	0.083
44.320	30.527	0.077
44.340	29.748	0.073
44.360	28.529	0.063
44.380	26.874	0.055
44.400	24.828	0.051
44.420	22.352	0.034
44.440	19.580	0.027
44.460	16.487	0.014
44.480	13.124	0.006
44.500	9.628	-0.010
44.520	5.948	-0.017
44.540	2.167	-0.029
44.560	-1.625	-0.038
44.580	-5.395	-0.048
44.600	-9.123	-0.053
44.620	-12.678	-0.061
44.640	-16.041	-0.064
44.660	-19.177	-0.072
44.680	-21.992	-0.085
44.700	-24.495	-0.079
44.720	-26.622	-0.090
44.740	-28.351	-0.085
44.760	-29.614	-0.087
44.780	-30.446	-0.081
44.800	-30.795	-0.080
44.820	-30.709	-0.077
44.840	-30.161	-0.072
44.860	-29.141	-0.068
44.880	-27.691	-0.059
44.900	-25.779	-0.054
44.920	-23.517	-0.034
44.940	-20.869	-0.032
44.960	-17.899	-0.017
44.980	-14.698	-0.015
45.000	-11.207	0.005
45.020	-7.576	0.011
45.040	-3.832	0.024
45.060	-0.008	0.034
45.080	3.773	0.042
45.100	7.490	0.048
45.120	11.153	0.059
45.140	14.617	0.064
45.160	17.851	0.072
45.180	20.826	0.077
45.200	23.485	0.078
45.220	25.757	0.087
45.240	27.653	0.081
45.260	29.125	0.084
45.280	30.151	0.080
45.300	30.725	0.079
45.320	30.822	0.073
45.340	30.478	0.074
45.360	29.651	0.064
45.380	28.389	0.055
45.400	26.692	0.047
45.420	24.608	0.036
45.440	22.110	0.030
45.460	19.285	0.015
45.480	16.191	0.007
45.500	12.829	-0.002
45.520	9.273	-0.017
45.540	5.578	-0.026
45.560	1.834	-0.039
45.580	-1.979	-0.048
45.600	-5.755	-0.058
45.620	-9.461	-0.063
45.640	-13.001	-0.075
45.660	-16.331	-0.078
45.680	-19.451	-0.085
45.700	-22.239	-0.091
45.720	-24.704	-0.094
45.740	-26.794	-0.092
45.760	-28.480	-0.098
45.780	-29.699	-0.095
45.800	-30.468	-0.097
45.820	-30.784	-0.089
45.840	-30.656	-0.087
45.860	-30.081	-0.083
45.880	-29.023	-0.073
45.900	-27.508	-0.069
45.920	-25.585	-0.059
45.940	-23.270	-0.046
45.960	-20.590	-0.039
45.980	-17.598	-0.028
46.000	-14.338	-0.018
46.020	-10.874	-0.006
46.040	-7.227	0.004
46.060	-3.467	0.015
46.080	0.363	0.024
46.100	4.128	0.036
46.120	7.882	0.041
46.140	11.486	0.054
46.160	14.918	0.057
46.180	18.152	0.065
46.200	21.095	0.065
46.220	23.716	0.077
46.240	25.956	0.077
46.260	27.793	0.077
46.280	29.232	0.079
46.300	30.215	0.077
46.320	30.741	0.075
46.340	30.806	0.067
46.360	30.419	0.062
46.380	29.554	0.057
46.400	28.244	0.046
46.420	26.514	0.041
46.440	24.398	0.034
46.460	21.858	0.021
46.480	19.006	0.014
46.500	15.890	-0.002
46.520	12.496	-0.007
46.540	8.929	-0.022
46.560	5.250	-0.029
46.580	1.458	-0.047
46.600	-2.355	-0.051
46.620	-6.099	-0.061
46.640	-9.794	-0.068
46.660	-13.328	-0.075
46.680	-16.637	-0.084
46.700	-19.725	-0.086
46.720	-22.491	-0.095
46.740	-24.903	-0.093
46.760	-26.976	-0.101
46.780	-28.604	-0.096
46.800	-29.802	-0.099
46.820	-30.532	-0.093
46.840	-30.801	-0.097
46.860	-30.639	-0.084
46.880	-30.000	-0.084
46.900	-28.910	-0.072
46.920	-27.363	-0.065
46.940	-25.376	-0.056
46.960	-23.045	-0.042
46.980	-20.332	-0.035
47.000	-17.303	-0.022
47.020	-14.037	-0.014
47.040	-10.535	0.001
47.060	-6.867	0.006
47.080	-3.102	0.021
47.100	0.696	0.031
47.120	4.498	0.040
47.140	8.210	0.050
47.160	11.808	0.059
47.180	15.246	0.061
47.200	18.442	0.069
47.220	21.347	0.075
47.240	23.952	0.080
47.260	26.144	0.086
47.280	27.959	0.079
47.300	29.361	0.086
47.320	30.296	0.075
47.340	30.774	0.082
47.360	30.790	0.069
47.380	30.365	0.070
47.400	29.447	0.062
47.420	28.094	0.057
47.440	26.326	0.043
47.460	24.151	0.040
47.480	21.600	0.023
47.500	18.716	0.015
47.520	15.541	0.006
47.540	12.141	-0.001
47.560	8.575	-0.014
47.580	4.864	-0.027
47.600	1.072	-0.034
47.620	-2.731	-0.049
47.640	-6.496	-0.055
47.660	-10.176	-0.066
47.680	-13.667	-0.072
47.700	-16.986	-0.078
47.720	-20.026	-0.084
47.740	-22.776	-0.089
47.760	-25.177	-0.089
47.780	-27.186	-0.094
47.800	-28.792	-0.094
47.820	-29.925	-0.093
47.840	-30.629	-0.089
47.860	-30.811	-0.084
47.880	-30.623	-0.081
47.900	-29.968	-0.068
47.920	-28.808	-0.065
47.940	-27.202	-0.054
47.960	-25.215	-0.046
47.980	-22.835	-0.037
48.000	-20.080	-0.024
48.020	-17.024	-0.016
48.040	-13.753	-0.002
48.060	-10.213	0.008
48.080	-6.545	0.019
48.100	-2.774	0.028
48.120	1.050	0.043
48.140	4.842	0.049
48.160	8.548	0.058
48.180	12.157	0.065
48.200	15.552	0.072
48.220	18.710	0.079
48.240	21.621	0.086
48.260	24.162	0.086
48.280	26.332	0.094
48.300	28.104	0.090
48.320	29.469	0.094
48.340	30.360	0.087
48.360	30.795	0.088
48.380	30.768	0.082
48.400	30.280	0.077
48.420	29.340	0.068
48.440	27.938	0.063
48.460	26.144	0.052
48.480	23.931	0.046
48.500	21.337	0.030
48.520	18.431	0.025
48.540	15.235	0.014
48.560	11.824	0.005
48.580	8.220	-0.012
48.600	4.504	-0.018
48.620	0.722	-0.034
48.640	-3.075	-0.038
48.660	-6.840	-0.052
48.680	-10.498	-0.050
48.700	-13.984	-0.064
48.720	-17.276	-0.063
48.740	-20.311	-0.076
48.760	-23.007	-0.075
48.780	-25.370	-0.080
48.800	-27.320	-0.081
48.820	-28.910	-0.083
48.840	-30.016	-0.080
48.860	-30.623	-0.079
48.880	-30.854	-0.078
48.900	-30.575	-0.073
48.920	-29.855	-0.070
48.940	-28.657	-0.057
48.960	-27.019	-0.054
48.980	-24.973	-0.040
49.000	-22.545	-0.033
49.020	-19.763	-0.019
49.040	-16.718	-0.015
49.060	-13.398	-0.005
49.080	-9.832	0.011
49.100	-6.163	0.019
49.120	-2.387	0.035
49.140	1.426	0.038
49.160	5.213	0.049
49.180	8.919	0.054
49.200	12.485	0.068
49.220	15.874	0.073
49.240	19.011	0.079
49.260	21.885	0.081
49.280	24.393	0.088
49.300	26.536	0.087
49.320	28.255	0.086
49.340	29.576	0.090
49.360	30.425	0.084
49.380	30.811	0.086
49.400	30.747	0.077
49.420	30.220	0.076
49.440	29.232	0.058
49.460	27.798	0.057
49.480	25.945	0.045
49.500	23.700	0.040
49.520	21.079	0.026
49.540	18.130	0.019
49.560	14.924	0.004
49.580	11.481	-0.001
49.600	7.877	-0.018
49.620	4.176	-0.025
49.640	0.368	-0.039
49.660	-3.440	-0.044
49.680	-7.184	-0.051
49.700	-10.831	-0.059
49.720	-14.295	-0.068
49.740	-17.539	-0.082
49.760	-20.552	-0.076
49.780	-23.227	-0.088
49.800	-25.537	-0.089
49.820	-27.465	-0.094
49.840	-28.985	-0.089
49.860	-30.065	-0.090
49.880	-30.661	-0.084
49.900	-30.806	-0.087
49.920	-30.489	-0.076
49.940	-29.726	-0.073
49.960	-28.502	-0.062
49.980	-26.826	-0.059
50.000	-24.742	-0.048
50.020	-22.298	-0.041
50.040	-19.484	-0.027
50.060	-16.368	-0.020
50.080	-13.054	-0.010
50.100	-9.499	0.007
50.120	-5.793	0.015
50.140	-2.017	0.025
50.160	1.797	0.033
50.180	5.583	0.040
50.200	9.262	0.052
50.220	12.840	0.055
50.240	16.186	0.065
50.260	19.296	0.067
50.280	22.142	0.077
50.300	24.618	0.076
50.320	26.719	0.083
50.340	28.389	0.076
50.360	29.673	0.081
50.380	30.478	0.072
50.400	30.827	0.077
50.420	30.720	0.061
50.440	30.151	0.066
50.460	29.103	0.051
50.480	27.615	0.046
50.500	25.762	0.039
50.520	23.453	0.032
50.540	20.794	0.015
50.560	17.845	0.005
50.580	14.601	-0.005
50.600	11.148	-0.013
50.620	7.538	-0.025
50.640	3.789	-0.036
50.660	0.003	-0.047
50.680	-3.784	-0.060
50.700	-7.533	-0.062
50.720	-11.158	-0.073
50.740	-14.596	-0.080
50.760	-17.856	-0.084
50.780	-20.810	-0.089
50.800	-23.437	-0.091
50.820	-25.736	-0.099
50.840	-27.637	-0.097
50.860	-29.114	-0.101
50.880	-30.129	-0.096
50.900	-30.682	-0.097
50.920	-30.806	-0.091
50.940	-30.446	-0.084
50.960	-29.635	-0.077
50.980	-28.362	-0.072
51.000	-26.627	-0.065
51.020	-24.500	-0.053
51.040	-22.046	-0.047
51.060	-19.194	-0.029
51.080	-16.068	-0.022
51.100	-12.727	-0.008
51.120	-9.139	-0.006
51.140	-5.444	0.016
51.160	-1.662	0.019
51.180	2.162	0.032
51.200	5.938	0.040
51.220	9.601	0.052
51.240	13.173	0.057
51.260	16.497	0.062
51.280	19.575	0.068
51.300	22.416	0.074
51.320	24.823	0.077
51.340	26.880	0.081
51.360	28.545	0.080
51.380	29.759	0.078
51.400	30.521	0.076
51.420	30.827	0.073
51.440	30.693	0.069
51.460	30.049	0.062
51.480	28.990	0.055
51.500	27.476	0.051
51.520	25.542	0.040
51.540	23.206	0.030
51.560	20.542	0.017
51.580	17.550	0.011
51.600	14.268	-0.004
51.620	10.804	-0.008
51.640	7.184	-0.025
51.660	3.435	-0.034
51.680	-0.352	-0.044
51.700	-4.171	-0.049
51.720	-7.898	-0.065
51.740	-11.508	-0.066
51.760	-14.945	-0.079
51.780	-18.173	-0.074
51.800	-21.100	-0.090
51.820	-23.721	-0.093
51.840	-25.983	-0.093
51.860	-27.814	-0.096
51.880	-29.270	-0.093
51.900	-30.253	-0.100
51.920	-30.741	-0.091
51.940	-30.801	-0.090
51.960	-30.414	-0.077
51.980	-29.565	-0.076
52.000	-28.249	-0.063
52.020	-26.493	-0.062
52.040	-24.344	-0.042
52.060	-21.793	-0.041
52.080	-18.941	-0.023
52.100	-15.778	-0.019
52.120	-12.399	0.000
52.140	-8.838	0.006
52.160	-5.111	0.021
52.180	-1.308	0.028
52.200	2.511	0.034
52.220	6.271	0.047
52.240	9.934	0.054
52.260	13.479	0.067
52.280	16.777	0.069
52.300	19.865	0.073
52.320	22.631	0.081
52.340	25.027	0.086
52.360	27.078	0.087
52.380	28.679	0.086
52.400	29.866	0.087
52.420	30.580	0.081
52.440	30.844	0.081
52.460	30.645	0.071
52.480	29.963	0.072
52.500	28.862	0.057
52.520	27.288	0.057
52.540	25.349	0.045
52.560	22.980	0.037
52.580	20.262	0.025
52.600	17.233	0.017
52.620	13.951	0.007
52.640	10.455	-0.001
52.660	6.808	-0.014
52.680	3.064	-0.023
52.700	-0.739	-0.038
52.720	-4.536	-0.044
52.740	-8.258	-0.054
52.760	-11.867	-0.060
52.780	-15.283	-0.067
52.800	-18.458	-0.079
52.820	-21.396	-0.076
52.840	-23.969	-0.087
52.860	-26.181	-0.081
52.880	-27.986	-0.090
52.900	-29.383	-0.087
52.920	-30.323	-0.089
52.940	-30.752	-0.080
52.960	-30.801	-0.079
52.980	-30.365	-0.072
53.000	-29.458	-0.065
53.020	-28.094	-0.057
53.040	-26.294	-0.050
53.060	-24.108	-0.036
53.080	-21.557	-0.027
53.100	-18.667	-0.016
53.120	-15.477	-0.009
53.140	-12.072	0.007
53.160	-8.484	0.019
53.180	-4.724	0.027
53.200	-0.937	0.038
53.220	2.865	0.048
53.240	6.641	0.053
53.260	10.283	0.065
53.280	13.806	0.070
53.300	17.104	0.081
53.320	20.134	0.082
53.340	22.878	0.089
53.360	25.252	0.093
53.380	27.223	0.094
53.400	28.797	0.090
53.420	29.952	0.091
53.440	30.629	0.083
53.460	30.844	0.085
53.480	30.607	0.077
53.500	29.887	0.077
53.520	28.733	0.062
53.540	27.127	0.057
53.560	25.145	0.045
53.580	22.744	0.037
53.600	19.983	0.028
53.620	16.959	0.018
53.640	13.629	0.007
53.660	10.122	-0.005
53.680	6.480	-0.018
53.700	2.710	-0.026
53.720	-1.088	-0.037
53.740	-4.880	-0.049
53.760	-8.607	-0.051
53.780	-12.174	-0.060
53.800	-15.563	-0.062
53.820	-18.742	-0.072
53.840	-21.621	-0.080
53.860	-24.146	-0.077
53.880	-26.343	-0.085
53.900	-28.131	-0.081
53.920	-29.452	-0.088
53.940	-30.344	-0.083
53.960	-30.768	-0.085
53.980	-30.763	-0.080
54.000	-30.263	-0.072
54.020	-29.318	-0.070
54.040	-27.927	-0.055
54.060	-26.079	-0.051
54.080	-23.856	-0.039
54.100	-21.256	-0.035
54.120	-18.329	-0.021
54.140	-15.144	-0.012
54.160	-11.717	0.001
54.180	-8.086	0.008
54.200	-4.359	0.027
54.220	-0.567	0.030
54.240	3.252	0.041
54.260	6.996	0.049
54.280	10.643	0.058
54.300	14.139	0.065
54.320	17.410	0.075
54.340	20.413	0.078
54.360	23.125	0.077
54.380	25.446	0.085
54.400	27.406	0.082
54.420	28.937	0.084
54.440	30.032	0.081
54.460	30.666	0.080
54.480	30.827	0.077
54.500	30.564	0.073
54.520	29.802	0.061
54.540	28.598	0.054
54.560	26.955	0.044
54.580	24.925	0.040
54.600	22.486	0.028
54.620	19.720	0.017
54.640	16.648	0.007
54.660	13.307	-0.004
54.680	9.778	-0.014
54.700	6.115	-0.027
54.720	2.350	-0.037
54.740	-1.437	-0.045
54.760	-5.223	-0.055
54.780	-8.951	-0.062
54.800	-12.496	-0.068
54.820	-15.869	-0.079
54.840	-19.011	-0.084
54.860	-21.858	-0.086
54.880	-24.366	-0.093
54.900	-26.525	-0.093
54.920	-28.265	-0.100
54.940	-29.538	-0.093
54.960	-30.392	-0.097
54.980	-30.774	-0.088
55.000	-30.725	-0.090
55.020	-30.199	-0.080
55.040	-29.211	-0.077
55.060	-27.744	-0.068
55.080	-25.881	-0.065
55.100	-23.619	-0.048
55.120	-20.988	-0.041
55.140	-18.033	-0.027
55.160	-14.827	-0.022
55.180	-11.363	-0.008
55.200	-7.742	0.005
55.220	-4.004	0.015
55.240	-0.180	0.026
55.260	3.607	0.031
55.280	7.345	0.042
55.300	10.987	0.049
55.320	14.451	0.058
55.340	17.695	0.067
55.360	20.698	0.069
55.380	23.367	0.077
55.400	25.666	0.076
55.420	27.578	0.079
55.440	29.055	0.077
55.460	30.102	0.076
55.480	30.698	0.073
55.500	30.833	0.069
55.520	30.505	0.062
55.540	29.694	0.056
55.560	28.464	0.044
55.580	26.772	0.042
55.600	24.715	0.032
55.620	22.234	0.024
55.640	19.425	0.009
55.660	16.342	0.000
55.680	12.979	-0.008
55.700	9.440	-0.018
55.720	5.755	-0.027
55.740	2.011	-0.043
55.760	-1.807	-0.051
55.780	-5.589	-0.064
55.800	-9.284	-0.067
55.820	-12.834	-0.076
55.840	-16.180	-0.078
55.860	-19.323	-0.089
55.880	-22.132	-0.090
55.900	-24.586	-0.097
55.920	-26.692	-0.092
55.940	-28.400	-0.097
55.960	-29.667	-0.097
55.980	-30.468	-0.095
56.000	-30.779	-0.094
56.020	-30.682	-0.086
56.040	-30.124	-0.083
56.060	-29.082	-0.074
56.080	-27.605	-0.063
56.100	-25.687	-0.061
56.120	-23.383	-0.043
56.140	-20.730	-0.038
56.160	-17.760	-0.020
56.180	-14.510	-0.020
56.200	-11.035	0.001
56.220	-7.393	0.003
56.240	-3.634	0.025
56.260	0.164	0.024
56.280	3.956	0.043
56.300	7.694	0.046
56.320	11.320	0.062
56.340	14.768	0.060
56.360	18.001	0.072
56.380	20.955	0.073
56.400	23.603	0.078
56.420	25.854	0.082
56.440	27.728	0.077
56.460	29.178	0.086
56.480	30.194	0.076
56.500	30.731	0.083
56.520	30.811	0.071
56.540	30.451	0.073
56.560	29.603	0.060
56.580	28.319	0.057
56.600	26.595	0.043
56.620	24.500	0.042
56.640	21.970	0.025
56.660	19.135	0.016
56.680	16.025	0.007
56.700	12.641	-0.002
56.720	9.085	-0.009
56.740	5.395	-0.030
56.760	1.609	-0.032
56.780	-2.194	-0.056
56.800	-5.954	-0.051
56.820	-9.671	-0.071
56.840	-13.205	-0.066
56.860	-16.519	-0.084
56.880	-19.623	-0.078
56.900	-22.427	-0.091
56.920	-24.839	-0.085
56.940	-26.928	-0.094
56.960	-28.598	-0.090
56.980	-29.780	-0.090
57.000	-30.575	-0.093
57.020	-30.817	-0.084
57.040	-30.709	-0.089
57.060	-30.092	-0.068
57.080	-29.001	-0.075
57.100	-27.454	-0.047
57.120	-25.521	-0.055
57.140	-23.200	-0.030
57.160	-20.493	-0.031
57.180	-17.469	-0.007
57.200	-14.204	-0.003
57.220	-10.729	0.011
57.240	-7.060	0.019
57.260	-3.301	0.023
57.280	0.502	0.043
57.300	4.316	0.044
57.320	8.027	0.061
57.340	11.653	0.057
57.360	15.095	0.080
57.380	18.297	0.070
57.400	21.224	0.089
57.420	23.834	0.080
57.440	26.042	0.102
57.460	27.879	0.085
57.480	29.297	0.100
57.500	30.258	0.083
57.520	30.774	0.090
57.540	30.811	0.079
57.560	30.387	0.079
57.580	29.506	0.069
57.600	28.169	0.061
57.620	26.423	0.059
57.640	24.280	0.043
57.660	21.713	0.037
57.680	18.871	0.023
57.700	15.713	0.021
57.720	12.319	-0.001
57.740	8.747	-0.002
57.760	5.046	-0.023
57.780	1.265	-0.022
57.800	-2.543	-0.043
57.820	-6.319	-0.047
57.840	-9.998	-0.053
57.860	-13.479	-0.062
57.880	-16.820	-0.061
57.900	-19.897	-0.080
57.920	-22.636	-0.070
57.940	-25.037	-0.089
57.960	-27.068	-0.075
57.980	-28.722	-0.093
58.000	-29.866	-0.072
58.020	-30.575	-0.084
58.040	-30.838	-0.071
58.060	-30.618	-0.078
58.080	-29.963	-0.064
58.100	-28.835	-0.063
58.120	-27.272	-0.053
58.140	-25.268	-0.043
58.160	-22.910	-0.035
58.180	-20.198	-0.018
58.200	-17.153	-0.018
58.220	-13.871	0.000
58.240	-10.342	0.007
58.260	-6.695	0.024
58.280	-2.908	0.028
58.300	0.900	0.043
58.320	4.665	0.044
58.340	8.403	0.057
58.360	12.007	0.064
58.380	15.418	0.073
58.400	18.592	0.077
58.420	21.509	0.083
58.440	24.060	0.086
58.460	26.251	0.084
58.480	28.040	0.090
58.500	29.426	0.087
58.520	30.333	0.086
58.540	30.795	0.082
58.560	30.790	0.080
58.580	30.328	0.071
58.600	29.388	0.067
58.620	28.029	0.053
58.640	26.230	0.050
58.660	24.044	0.038
58.680	21.476	0.031
58.700	18.571	0.018
58.720	15.402	0.005
58.740	12.007	0.000
58.760	8.398	-0.018
58.780	4.692	-0.023
58.800	0.927	-0.039
58.820	-2.898	-0.040
58.840	-6.641	-0.055
58.860	-10.321	-0.055
58.880	-13.817	-0.072
58.900	-17.104	-0.074
58.920	-20.128	-0.080
58.940	-22.851	-0.086
58.960	-25.225	-0.088
58.980	-27.218	-0.093
59.000	-28.808	-0.090
59.020	-29.936	-0.092
59.040	-30.586	-0.083
59.060	-30.822	-0.087
59.080	-30.564	-0.075
59.100	-29.866	-0.078
59.120	-28.684	-0.065
59.140	-27.073	-0.060
59.160	-25.059	-0.051
59.180	-22.642	-0.040
59.200	-19.892	-0.033
59.220	-16.825	-0.021
59.240	-13.511	-0.011
59.260	-10.009	0.003
59.280	-6.330	0.009
59.300	-2.527	0.025
59.320	1.265	0.032
59.340	5.052	0.040
59.360	8.763	0.047
59.380	12.335	0.054
59.400	15.729	0.063
59.420	18.877	0.069
59.440	21.766	0.077
59.460	24.291	0.077
59.480	26.445	0.079
59.500	28.196	0.076
59.520	29.522	0.080
59.540	30.392	0.073
59.560	30.806	0.077
59.580	30.768	0.063
59.600	30.269	0.066
59.620	29.291	0.049
59.640	27.868	0.046
59.660	26.036	0.037
59.680	23.818	0.035
59.700	21.208	0.018
59.720	18.286	0.008
59.740	15.095	-0.002
59.760	11.658	-0.013
59.780	8.054	-0.022
59.800	4.348	-0.039
59.820	0.551	-0.047
59.840	-3.252	-0.058
59.860	-6.985	-0.060
59.880	-10.659	-0.074
59.900	-14.139	-0.075
59.920	-17.394	-0.089
59.940	-20.418	-0.089
59.960	-23.093	-0.096
59.980	-25.413	-0.099
60.000	-27.395	-0.097
60.020	-28.942	-0.102
60.040	-30.006	-0.096
60.060	-30.634	-0.094
60.080	-30.790	-0.086
60.100	-30.516	-0.086
60.120	-29.780	-0.079
60.140	-28.572	-0.076
60.160	-26.912	-0.060
60.180	-24.833	-0.055
60.200	-22.406	-0.043
60.220	-19.607	-0.034
60.240	-16.519	-0.026
60.260	-13.210	-0.012
60.280	-9.644	-0.004
60.300	-5.954	0.011
60.320	-2.173	0.018
60.340	1.619	0.033
60.360	5.417	0.040
60.380	9.101	0.053
60.400	12.668	0.056
60.420	16.052	0.067
60.440	19.156	0.065
60.460	22.019	0.077
60.480	24.511	0.075
60.500	26.627	0.082
60.520	28.335	0.077
60.540	29.630	0.081
60.560	30.457	0.075
60.580	30.822	0.077
60.600	30.736	0.065
60.620	30.188	0.063
60.640	29.168	0.056
60.660	27.707	0.049
60.680	25.854	0.041
60.700	23.576	0.030
60.720	20.934	0.020
60.740	18.007	0.011
60.760	14.768	0.001
60.780	11.309	-0.014
60.800	7.710	-0.022
60.820	3.967	-0.035
60.840	0.164	-0.041
60.860	-3.617	-0.053
60.880	-7.383	-0.064
60.900	-11.024	-0.069
60.920	-14.451	-0.077
60.940	-17.717	-0.080
60.960	-20.698	-0.090
60.980	-23.340	-0.090
61.000	-25.687	-0.097
61.020	-27.578	-0.096
61.040	-29.071	-0.101
61.060	-30.113	-0.094
61.080	-30.693	-0.098
61.100	-30.811	-0.082
61.120	-30.510	-0.084
61.140	-29.710	-0.076
61.160	-28.459	-0.067
61.180	-26.756	-0.060
61.200	-24.656	-0.046
61.220	-22.201	-0.043
61.240	-19.349	-0.026
61.260	-16.245	-0.020
61.280	-12.883	-0.001
61.300	-9.327	0.002
61.320	-5.637	0.020
61.340	-1.845	0.021
61.360	1.995	0.039
61.380	5.744	0.044
61.400	9.429	0.057
61.420	12.995	0.065
61.440	16.336	0.070
61.460	19.451	0.073
61.480	22.282	0.084
61.500	24.720	0.083
61.520	26.799	0.086
61.540	28.475	0.088
61.560	29.726	0.086
61.580	30.516	0.086
61.600	30.827	0.081
61.620	30.704	0.071
61.640	30.097	0.071
61.660	29.050	0.063
61.680	27.551	0.057
61.700	25.650	0.048
61.720	23.324	0.040
61.740	20.665	0.029
61.760	17.679	0.019
61.780	14.429	0.006
61.800	10.970	-0.001
61.820	7.334	-0.014
61.840	3.607	-0.022
61.860	-0.180	-0.037
61.880	-4.004	-0.043
61.900	-7.742	-0.055
61.920	-11.363	-0.060
61.940	-14.811	-0.069
61.960	-18.028	-0.072
61.980	-20.977	-0.080
62.000	-23.598	-0.084
62.020	-25.881	-0.084
62.040	-27.755	-0.086
62.060	-29.216	-0.083
62.080	-30.220	-0.085
62.100	-30.720	-0.081
62.120	-30.811	-0.075
62.140	-30.446	-0.072
62.160	-29.614	-0.068
62.180	-28.319	-0.055
62.200	-26.584	-0.051
62.220	-24.447	-0.035
62.240	-21.933	-0.030
62.260	-19.070	-0.016
62.280	-15.949	-0.010
62.300	-12.555	0.003
62.320	-8.978	0.018
62.340	-5.261	0.027
62.360	-1.469	0.033
62.380	2.344	0.048
62.400	6.110	0.054
62.420	9.789	0.067
62.440	13.334	0.069
62.460	16.642	0.081
62.480	19.731	0.081
62.500	22.534	0.090
62.520	24.925	0.089
62.540	26.998	0.094
62.560	28.615	0.093
62.580	29.823	0.095
62.600	30.570	0.086
62.620	30.838	0.082
62.640	30.666	0.078
62.660	30.027	0.077
62.680	28.931	0.062
62.700	27.374	0.057
62.720	25.446	0.048
62.740	23.109	0.039
62.760	20.386	0.034
62.780	17.394	0.017
62.800	14.129	0.008
62.820	10.627	-0.005
62.840	7.001	-0.016
62.860	3.268	-0.026
62.880	-0.545	-0.038
62.900	-4.353	-0.045
62.920	-8.075	-0.050
62.940	-11.674	-0.057
62.960	-15.095	-0.067
62.980	-18.291	-0.072
63.000	-21.235	-0.081
63.020	-23.823	-0.080
63.040	-26.042	-0.085
63.060	-27.895	-0.084
63.080	-29.297	-0.089
63.100	-30.274	-0.081
63.120	-30.741	-0.080
63.140	-30.790	-0.077
63.160	-30.360	-0.073
63.180	-29.490	-0.071
63.200	-28.147	-0.057
63.220	-26.364	-0.057
63.240	-24.178	-0.039
63.260	-21.643	-0.035
63.280	-18.759	-0.019
63.300	-15.584	-0.016
63.320	-12.206	0.004
63.340	-8.629	0.007
63.360	-4.880	0.027
63.380	-1.093	0.030
63.400	2.704	0.043
63.420	6.491	0.046
63.440	10.116	0.060
63.460	13.667	0.064
63.480	16.965	0.073
63.500	19.999	0.077
63.520	22.787	0.078
63.540	25.150	0.083
63.560	27.154	0.085
63.580	28.749	0.085
63.600	29.904	0.081
63.620	30.607	0.081
63.640	30.849	0.078
63.660	30.634	0.070
63.680	29.952	0.064
63.700	28.792	0.053
63.720	27.218	0.048
63.740	25.258	0.040
63.760	22.857	0.031
63.780	20.123	0.019
63.800	17.115	0.008
63.820	13.790	-0.002
63.840	10.294	-0.011
63.860	6.657	-0.026
63.880	2.882	-0.035
63.900	-0.900	-0.047
63.920	-4.681	-0.051
63.940	-8.425	-0.064
63.960	-11.991	-0.067
63.980	-15.396	-0.082
64.000	-18.592	-0.081
64.020	-21.476	-0.092
64.040	-24.022	-0.089
64.060	-26.230	-0.093
64.080	-28.034	-0.095
64.100	-29.399	-0.095
64.120	-30.306	-0.095
64.140	-30.725	-0.089
64.160	-30.736	-0.090
64.180	-30.285	-0.083
64.200	-29.366	-0.078
64.220	-27.975	-0.069
64.240	-26.149	-0.062
64.260	-23.947	-0.048
64.280	-21.385	-0.043
64.300	-18.447	-0.028
64.320	-15.289	-0.023
64.340	-11.873	-0.006
64.360	-8.242	0.001
64.380	-4.536	0.015
64.400	-0.728	0.023
64.420	3.096	0.037
64.440	6.840	0.040
64.460	10.498	0.052
64.480	14.005	0.057
64.500	17.271	0.066
64.520	20.284	0.069
64.540	23.023	0.074
64.560	25.354	0.078
64.580	27.342	0.078
64.600	28.883	0.078
64.620	29.984	0.074
64.640	30.661	0.077
64.660	30.838	0.069
64.680	30.596	0.062
64.700	29.844	0.057
64.720	28.668	0.046
64.740	27.041	0.041
64.760	25.043	0.036
64.780	22.620	0.027
64.800	19.860	0.012
64.820	16.803	0.002
64.840	13.468	-0.005
64.860	9.977	-0.019
64.880	6.292	-0.028
64.900	2.532	-0.039
64.920	-1.254	-0.051
64.940	-5.046	-0.060
64.960	-8.774	-0.068
64.980	-12.324	-0.073
65.000	-15.708	-0.080
65.020	-18.887	-0.084
65.040	-21.723	-0.092
65.060	-24.253	-0.093
65.080	-26.428	-0.097
65.100	-28.179	-0.101
65.120	-29.517	-0.100
65.140	-30.376	-0.099
65.160	-30.752	-0.096
65.180	-30.736	-0.088
65.200	-30.220	-0.083
65.220	-29.254	-0.076
65.240	-27.841	-0.063
65.260	-25.988	-0.063
65.280	-23.738	-0.047
65.300	-21.116	-0.039
65.320	-18.173	-0.021
65.340	-14.972	-0.020
65.360	-11.540	-0.005
65.380	-7.925	0.004
65.400	-4.192	0.019
65.420	-0.368	0.028
65.440	3.424	0.036
65.460	7.173	0.048
65.480	10.815	0.058
65.500	14.301	0.059
65.520	17.572	0.072
65.540	20.574	0.073
65.560	23.254	0.077
65.580	25.569	0.085
65.600	27.487	0.081
65.620	28.996	0.082
65.640	30.081	0.077
65.660	30.693	0.081
65.680	30.844	0.073
65.700	30.527	0.068
65.720	29.748	0.064
65.740	28.534	0.052
65.760	26.874	0.050
65.780	24.817	0.038
65.800	22.352	0.028
65.820	19.553	0.019
65.840	16.481	0.009
65.860	13.151	-0.001
65.880	9.590	-0.007
65.900	5.916	-0.018
65.920	2.156	-0.035
65.940	-1.652	-0.047
65.960	-5.444	-0.056
65.980	-9.134	-0.067
66.000	-12.716	-0.072
66.020	-16.068	-0.077
66.040	-19.188	-0.085
66.060	-22.035	-0.085
66.080	-24.511	-0.095
66.100	-26.638	-0.089
66.120	-28.384	-0.101
66.140	-29.651	-0.090
66.160	-30.478	-0.096
66.180	-30.795	-0.080
66.200	-30.747	-0.085
66.220	-30.215	-0.072
66.240	-29.162	-0.074
66.260	-27.712	-0.052
66.280	-25.800	-0.055
66.300	-23.539	-0.038
66.320	-20.896	-0.030
66.340	-17.910	-0.017
66.360	-14.677	-0.004
66.380	-11.234	0.003
66.400	-7.587	0.019
66.420	-3.832	0.028
66.440	-0.019	0.038
66.460	3.779	0.048
66.480	7.522	0.056
66.500	11.148	0.069
66.520	14.628	0.071
66.540	17.856	0.079
66.560	20.826	0.083
66.580	23.485	0.088
66.600	25.762	0.092
66.620	27.664	0.095
66.640	29.125	0.090
66.660	30.151	0.094
66.680	30.720	0.082
66.700	30.822	0.090
66.720	30.484	0.076
66.740	29.662	0.076
66.760	28.394	0.054
66.780	26.681	0.058
66.800	24.613	0.042
66.820	22.094	0.040
66.840	19.274	0.026
66.860	16.175	0.019
66.880	12.802	0.003
66.900	9.252	-0.002
66.920	5.583	-0.017
66.940	1.781	-0.031
66.960	-1.995	-0.035
66.980	-5.777	-0.051
67.000	-9.493	-0.048
67.020	-13.011	-0.065
67.040	-16.358	-0.060
67.060	-19.462	-0.077
67.080	-22.277	-0.075
67.100	-24.726	-0.084
67.120	-26.804	-0.082
67.140	-28.507	-0.088
67.160	-29.732	-0.084
67.180	-30.521	-0.084
67.200	-30.817	-0.081
67.220	-30.677	-0.073
67.240	-30.092	-0.070
67.260	-29.044	-0.059
67.280	-27.540	-0.060
67.300	-25.585	-0.042
67.320	-23.276	-0.039
67.340	-20.606	-0.018
67.360	-17.577	-0.018
67.380	-14.349	-0.001
67.400	-10.868	0.008
67.420	-7.216	0.021
67.440	-3.451	0.028
67.460	0.357	0.039
67.480	4.160	0.047
67.500	7.882	0.055
67.520	11.513	0.068
67.540	14.950	0.069
67.560	18.157	0.081
67.580	21.106	0.082
67.600	23.732	0.089
67.620	25.972	0.089
67.640	27.814	0.094
67.660	29.243	0.089
67.680	30.226	0.090
67.700	30.758	0.082
67.720	30.817	0.077
67.740	30.425	0.075
67.760	29.554	0.069
67.780	28.244	0.059
67.800	26.520	0.046
67.820	24.382	0.042
67.840	21.847	0.030
67.860	19.011	0.028
67.880	15.864	0.006
67.900	12.469	0.003
67.920	8.935	-0.019
67.940	5.218	-0.019
67.960	1.448	-0.039
67.980	-2.355	-0.039
68.000	-6.126	-0.055
68.020	-9.810	-0.052
68.040	-13.328	-0.069
68.060	-16.653	-0.072
68.080	-19.720	-0.078
68.100	-22.481	-0.083
68.120	-24.930	-0.084
68.140	-26.976	-0.091
68.160	-28.598	-0.088
68.180	-29.796	-0.093
68.200	-30.521	-0.086
68.220	-30.817	-0.086
68.240	-30.634	-0.077
68.260	-30.006	-0.078
68.280	-28.883	-0.068
68.300	-27.315	-0.064
68.320	-25.360	-0.051
68.340	-23.029	-0.040
68.360	-20.295	-0.035
68.380	-17.287	-0.021
68.400	-14.000	-0.012
68.420	-10.498	0.003
68.440	-6.851	0.011
68.460	-3.086	0.025
68.480	0.744	0.029
68.500	4.520	0.039
68.520	8.237	0.045
68.540	11.857	0.060
68.560	15.257	0.060
68.580	18.452	0.070
68.600	21.390	0.073
68.620	23.952	0.080
68.640	26.160	0.077
68.660	27.970	0.077
68.680	29.361	0.080
68.700	30.301	0.075
68.720	30.784	0.077
68.740	30.806	0.065
68.760	30.355	0.064
68.780	29.447	0.056
68.800	28.104	0.047
68.820	26.326	0.040
68.840	24.156	0.032
68.860	21.611	0.021
68.880	18.710	0.008
68.900	15.557	-0.003
68.920	12.152	-0.010
68.940	8.570	-0.024
68.960	4.874	-0.032
68.980	1.098	-0.047
69.000	-2.731	-0.051
69.020	-6.469	-0.062
69.040	-10.143	-0.067
69.060	-13.656	-0.080
69.080	-16.954	-0.085
69.100	-20.005	-0.093
69.120	-22.728	-0.093
69.140	-25.107	-0.100
69.160	-27.137	-0.099
69.180	-28.727	-0.100
69.200	-29.871	-0.098
69.220	-30.575	-0.094
69.240	-30.795	-0.093
69.260	-30.580	-0.087
69.280	-29.909	-0.084
69.300	-28.765	-0.071
69.320	-27.164	-0.069
69.340	-25.156	-0.057
69.360	-22.771	-0.047
69.380	-20.026	-0.037
69.400	-16.986	-0.024
69.420	-13.688	-0.010
69.440	-10.170	-0.006
69.460	-6.480	0.007
69.480	-2.710	0.018
69.500	1.082	0.029
69.520	4.885	0.039
69.540	8.591	0.045
69.560	12.184	0.059
69.580	15.595	0.058
69.600	18.742	0.074
69.620	21.632	0.071
69.640	24.178	0.080
69.660	26.359	0.080
69.680	28.120	0.078
69.700	29.474	0.078
69.720	30.371	0.079
69.740	30.801	0.075
69.760	30.774	0.068
69.780	30.280	0.061
69.800	29.340	0.057
69.820	27.927	0.048
69.840	26.128	0.044
69.860	23.936	0.033
69.880	21.326	0.022
69.900	18.426	0.018
69.920	15.246	-0.002
69.940	11.798	-0.002
69.960	8.226	-0.025
69.980	4.525	-0.029
70.000	0.712	-0.047
70.020	-3.070	-0.046
70.040	-6.845	-0.063
70.060	-10.525	-0.067
70.080	-13.989	-0.077
70.100	-17.249	-0.077
70.120	-20.316	-0.093
70.140	-22.996	-0.088
70.160	-25.354	-0.094
70.180	-27.347	-0.097
70.200	-28.905	-0.093
70.220	-29.990	-0.101
70.240	-30.629	-0.088
70.260	-30.806	-0.095
70.280	-30.570	-0.077
70.300	-29.850	-0.083
70.320	-28.668	-0.064
70.340	-27.030	-0.064
70.360	-24.973	-0.049
70.380	-22.577	-0.045
70.400	-19.779	-0.027
70.420	-16.685	-0.018
70.440	-13.393	-0.004
70.460	-9.843	0.002
70.480	-6.153	0.016
70.500	-2.382	0.027
70.520	1.442	0.036
70.540	5.218	0.048
70.560	8.908	0.051
70.580	12.507	0.065
70.600	15.896	0.068
70.620	19.016	0.075
70.640	21.890	0.080
70.660	24.398	0.084
70.680	26.525	0.086
70.700	28.265	0.087
70.720	29.576	0.086
70.740	30.430	0.084
70.760	30.822	0.080
70.780	30.752	0.073
70.800	30.215	0.076
70.820	29.227	0.059
70.840	27.798	0.062
70.860	25.950	0.045
70.880	23.695	0.045
70.900	21.068	0.027
70.920	18.125	0.024
70.940	14.907	0.004
70.960	11.470	0.007
70.980	7.871	-0.016
71.000	4.133	-0.022
71.020	0.341	-0.037
71.040	-3.456	-0.042
71.060	-7.221	-0.051
71.080	-10.863	-0.058
71.100	-14.317	-0.063
71.120	-17.598	-0.077
71.140	-20.590	-0.076
71.160	-23.243	-0.086
71.180	-25.591	-0.084
71.200	-27.508	-0.089
71.220	-29.044	-0.084
71.240	-30.102	-0.089
71.260	-30.682	-0.083
71.280	-30.806	-0.079
71.300	-30.516	-0.072
71.320	-29.748	-0.068
71.340	-28.539	-0.055
71.360	-26.831	-0.052
71.380	-24.769	-0.040
71.400	-22.298	-0.031
71.420	-19.500	-0.018
71.440	-16.390	-0.008
71.460	-13.065	0.000
71.480	-9.488	0.017
71.500	-5.798	0.023
71.520	-2.017	0.036
71.540	1.807	0.042
71.560	5.578	0.054
71.580	9.262	0.062
71.600	12.850	0.071
71.620	16.191	0.079
71.640	19.312	0.082
71.660	22.153	0.092
71.680	24.618	0.092
71.700	26.729	0.094
71.720	28.416	0.091
71.740	29.673	0.097
71.760	30.484	0.085
71.780	30.827	0.090
71.800	30.720	0.078
71.820	30.156	0.077
71.840	29.109	0.063
71.860	27.621	0.060
71.880	25.741	0.052
71.900	23.442	0.043
71.920	20.810	0.032
71.940	17.835	0.025
71.960	14.591	0.011
71.980	11.153	-0.003
72.000	7.517	-0.014
72.020	3.789	-0.022
72.040	0.008	-0.038
72.060	-3.816	-0.040
72.080	-7.549	-0.053
72.100	-11.175	-0.059
72.120	-14.623	-0.063
72.140	-17.851	-0.069
72.160	-20.832	-0.079
72.180	-23.469	-0.080
72.200	-25.746	-0.084
72.220	-27.653	-0.081
72.240	-29.109	-0.086
72.260	-30.151	-0.083
72.280	-30.672	-0.080
72.300	-30.817	-0.078
72.320	-30.451	-0.072
72.340	-29.640	-0.072
72.360	-28.346	-0.059
72.380	-26.627	-0.058
72.400	-24.532	-0.042
72.420	-22.024	-0.035
72.440	-19.177	-0.021
72.460	-16.062	-0.018
72.480	-12.684	0.002
72.500	-9.139	0.011
72.520	-5.427	0.022
72.540	-1.635	0.028
72.560	2.162	0.040
72.580	5.959	0.045
72.600	9.633	0.057
72.620	13.167	0.066
72.640	16.508	0.072
72.660	19.596	0.079
72.680	22.416	0.080
72.700	24.833	0.088
72.720	26.901	0.085
72.740	28.539	0.086
72.760	29.759	0.081
72.780	30.537	0.081
72.800	30.838	0.078
72.820	30.688	0.072
72.840	30.059	0.069
72.860	28.990	0.055
72.880	27.476	0.054
72.900	25.548	0.041
72.920	23.222	0.034
72.940	20.531	0.021
72.960	17.550	0.013
72.980	14.279	-0.002
73.000	10.788	-0.006
73.020	7.168	-0.024
73.040	3.451	-0.031
73.060	-0.379	-0.047
73.080	-4.144	-0.050
73.100	-7.893	-0.063
73.120	-11.508	-0.065
73.140	-14.934	-0.076
73.160	-18.152	-0.080
73.180	-21.090	-0.089
73.200	-23.678	-0.089
73.220	-25.929	-0.094
73.240	-27.809	-0.097
73.260	-29.232	-0.093
73.280	-30.210	-0.097
73.300	-30.688	-0.087
73.320	-30.768	-0.094
73.340	-30.376	-0.076
73.360	-29.517	-0.081
73.380	-28.196	-0.064
73.400	-26.439	-0.068
73.420	-24.269	-0.048
73.440	-21.782	-0.046
73.460	-18.909	-0.026
73.480	-15.735	-0.022
73.500	-12.388	-0.010
73.520	-8.779	0.001
73.540	-5.052	0.013
73.560	-1.270	0.023
73.580	2.549	0.031
73.600	6.308	0.041
73.620	9.961	0.044
73.640	13.500	0.060
73.660	16.825	0.062
73.680	19.876	0.069
73.700	22.669	0.072
73.720	25.059	0.076
73.740	27.078	0.077
73.760	28.684	0.079
73.780	29.866	0.078
73.800	30.591	0.074
73.820	30.844	0.071
73.840	30.650	0.062
73.860	29.979	0.063
73.880	28.856	0.048
73.900	27.288	0.048
73.920	25.354	0.033
73.940	22.953	0.032
73.960	20.257	0.011
73.980	17.255	0.013
74.000	13.951	-0.009
74.020	10.455	-0.007
74.040	6.824	-0.031
74.060	3.070	-0.037
74.080	-0.728	-0.050
74.100	-4.504	-0.058
74.120	-8.258	-0.064
74.140	-11.835	-0.076
74.160	-15.235	-0.080
74.180	-18.452	-0.085
74.200	-21.347	-0.089
74.220	-23.915	-0.098
74.240	-26.133	-0.091
74.260	-27.959	-0.104
74.280	-29.340	-0.093
74.300	-30.290	-0.102
74.320	-30.725	-0.089
74.340	-30.758	-0.090
74.360	-30.306	-0.082
74.380	-29.426	-0.080
74.400	-28.051	-0.068
74.420	-26.257	-0.063
74.440	-24.060	-0.047
74.460	-21.519	-0.042
74.480	-18.597	-0.028
74.500	-15.434	-0.018
74.520	-12.034	-0.002
74.540	-8.435	0.004
74.560	-4.708	0.015
74.580	-0.900	0.023
74.600	2.908	0.036
74.620	6.652	0.045
74.640	10.310	0.055
74.660	13.828	0.060
74.680	17.120	0.069
74.700	20.150	0.072
74.720	22.921	0.078
74.740	25.252	0.081
74.760	27.256	0.086
74.780	28.819	0.086
74.800	29.957	0.081
74.820	30.634	0.081
74.840	30.844	0.074
74.860	30.613	0.069
74.880	29.893	0.066
74.900	28.727	0.056
74.920	27.137	0.051
74.940	25.129	0.041
74.960	22.728	0.029
74.980	19.978	0.021
75.000	16.927	0.007
75.020	13.624	0.002
75.040	10.122	-0.007
75.060	6.448	-0.019
75.080	2.699	-0.031
75.100	-1.093	-0.043
75.120	-4.912	-0.049
75.140	-8.618	-0.067
75.160	-12.200	-0.072
75.180	-15.606	-0.081
75.200	-18.769	-0.082
75.220	-21.643	-0.088
75.240	-24.183	-0.089
75.260	-26.375	-0.097
75.280	-28.163	-0.095
75.300	-29.490	-0.097
75.320	-30.403	-0.093
75.340	-30.768	-0.086
75.360	-30.768	-0.080
75.380	-30.312	-0.075
75.400	-29.361	-0.073
75.420	-27.943	-0.055
75.440	-26.112	-0.055
75.460	-23.883	-0.035
75.480	-21.283	-0.037
75.500	-18.356	-0.015
75.520	-15.160	-0.010
75.540	-11.712	0.007
75.560	-8.113	0.012
75.580	-4.359	0.028
75.600	-0.567	0.033
75.620	3.236	0.046
75.640	7.001	0.055
75.660	10.659	0.064
75.680	14.134	0.072
75.700	17.421	0.077
75.720	20.429	0.086
75.740	23.131	0.085
75.760	25.472	0.096
75.780	27.422	0.091
75.800	28.942	0.095
75.820	30.032	0.086
75.840	30.672	0.090
75.860	30.838	0.081
75.880	30.559	0.078
75.900	29.802	0.073
75.920	28.604	0.063
75.940	26.949	0.059
75.960	24.919	0.048
75.980	22.481	0.039
76.000	19.688	0.029
76.020	16.642	0.021
76.040	13.302	0.004
76.060	9.751	0.003
76.080	6.094	-0.018
76.100	2.344	-0.020
76.120	-1.469	-0.038
76.140	-5.256	-0.042
76.160	-8.972	-0.056
76.180	-12.539	-0.059
76.200	-15.890	-0.069
76.220	-19.032	-0.073
76.240	-21.890	-0.077
76.260	-24.398	-0.084
76.280	-26.536	-0.080
76.300	-28.298	-0.089
76.320	-29.565	-0.084
76.340	-30.435	-0.086
76.360	-30.806	-0.075
76.380	-30.747	-0.081
76.400	-30.199	-0.067
76.420	-29.200	-0.068
76.440	-27.755	-0.051
76.460	-25.897	-0.052
76.480	-23.619	-0.037
76.500	-20.993	-0.029
76.520	-18.033	-0.012
76.540	-14.816	-0.009
76.560	-11.379	0.004
76.580	-7.737	0.015
76.600	-3.977	0.024
76.620	-0.185	0.037
76.640	3.617	0.045
76.660	7.361	0.056
76.680	10.997	0.062
76.700	14.462	0.075
76.720	17.727	0.077
76.740	20.698	0.083
76.760	23.378	0.085
76.780	25.677	0.092
76.800	27.583	0.089
76.820	29.066	0.090
76.840	30.118	0.090
76.860	30.720	0.083
76.880	30.838	0.080
76.900	30.516	0.072
76.920	29.716	0.069
76.940	28.453	0.057
76.960	26.778	0.054
76.980	24.720	0.042
77.000	22.218	0.036
77.020	19.419	0.022
77.040	16.347	0.014
77.060	12.979	0.002
77.080	9.445	-0.010
77.100	5.744	-0.021
77.120	1.969	-0.035
77.140	-1.813	-0.040
77.160	-5.589	-0.053
77.180	-9.300	-0.055
77.200	-12.845	-0.064
77.220	-16.180	-0.072
77.240	-19.312	-0.080
77.260	-22.115	-0.084
77.280	-24.597	-0.086
77.300	-26.702	-0.089
77.320	-28.416	-0.089
77.340	-29.651	-0.089
77.360	-30.457	-0.088
77.380	-30.811	-0.084
77.400	-30.682	-0.080
77.420	-30.118	-0.076
77.440	-29.082	-0.068
77.460	-27.567	-0.058
77.480	-25.671	-0.050
77.500	-23.372	-0.040
77.520	-20.708	-0.032
77.540	-17.717	-0.023
77.560	-14.494	-0.012
77.580	-11.008	-0.002
77.600	-7.356	0.011
77.620	-3.634	0.018
77.640	0.191	0.030
77.660	3.988	0.037
77.680	7.710	0.048
77.700	11.346	0.053
77.720	14.800	0.063
77.740	18.012	0.073
77.760	20.977	0.077
77.780	23.614	0.077
77.800	25.865	0.078
77.820	27.734	0.079
77.840	29.195	0.079
77.860	30.194	0.078
77.880	30.736	0.077
77.900	30.811	0.069
77.920	30.462	0.065
77.940	29.597	0.057
77.960	28.319	0.048
77.980	26.606	0.040
78.000	24.500	0.036
78.020	21.965	0.022
78.040	19.156	0.014
78.060	16.025	-0.002
78.080	12.646	-0.007
78.100	9.096	-0.022
78.120	5.401	-0.031
78.140	1.635	-0.046
78.160	-2.167	-0.051
78.180	-5.948	-0.062
78.200	-9.638	-0.065
78.220	-13.167	-0.080
78.240	-16.492	-0.080
78.260	-19.591	-0.091
78.280	-22.373	-0.090
78.300	-24.806	-0.098
78.320	-26.864	-0.095
78.340	-28.539	-0.104
78.360	-29.737	-0.099
78.380	-30.500	-0.099
78.400	-30.795	-0.094
78.420	-30.634	-0.088
78.440	-30.027	-0.087
78.460	-28.964	-0.075
78.480	-27.411	-0.071
78.500	-25.451	-0.063
78.520	-23.104	-0.047
78.540	-20.424	-0.039
78.560	-17.432	-0.027
78.580	-14.156	-0.019
78.600	-10.659	-0.004
78.620	-7.028	0.005
78.640	-3.247	0.019
78.660	0.567	0.028
78.680	4.343	0.038
78.700	8.081	0.044
78.720	11.685	0.053
78.740	15.112	0.060
78.760	18.318	0.067
78.780	21.251	0.069
78.800	23.850	0.077
78.820	26.074	0.079
78.840	27.906	0.078
