--- Pendolo di torsione ---
Tempo.Forzante.Pendolo
0.000	-25.569	0.149
0.020	-23.292	0.175
0.040	-20.687	0.204
0.060	-17.770	0.232
0.080	-14.628	0.253
0.100	-11.325	0.266
0.120	-7.710	0.278
0.140	-4.133	0.287
0.160	-0.352	0.288
0.180	3.370	0.291
0.200	7.012	0.285
0.220	10.578	0.276
0.240	13.989	0.264
0.260	17.196	0.254
0.280	20.080	0.233
0.300	22.846	0.211
0.320	25.150	0.184
0.340	27.121	0.157
0.360	28.674	0.124
0.380	29.828	0.092
0.400	30.553	0.061
0.420	30.844	0.029
0.440	30.693	-0.008
0.460	30.081	-0.038
0.480	29.082	-0.075
0.500	27.594	-0.109
0.520	25.822	-0.138
0.540	23.550	-0.169
0.560	20.966	-0.195
0.580	18.119	-0.221
0.600	14.983	-0.237
0.620	11.615	-0.254
0.640	8.108	-0.267
0.660	4.498	-0.275
0.680	0.798	-0.277
0.700	-2.898	-0.282
0.720	-6.582	-0.276
0.740	-10.154	-0.269
0.760	-13.570	-0.256
0.780	-16.798	-0.241
0.800	-19.790	-0.219
0.820	-22.497	-0.197
0.840	-24.860	-0.172
0.860	-26.847	-0.144
0.880	-28.529	-0.116
0.900	-29.726	-0.081
0.920	-30.543	-0.047
0.940	-30.817	-0.017
0.960	-30.768	0.019
0.980	-30.237	0.056
1.000	-29.254	0.086
1.020	-27.857	0.120
1.040	-26.031	0.148
1.060	-23.883	0.175
1.080	-21.342	0.209
1.100	-18.501	0.232
1.120	-15.375	0.256
1.140	-12.072	0.273
1.160	-8.564	0.289
1.180	-4.917	0.297
1.200	-1.227	0.304
1.220	2.495	0.304
1.240	6.169	0.299
1.260	9.730	0.289
1.280	13.205	0.277
1.300	16.454	0.263
1.320	19.468	0.243
1.340	22.218	0.222
1.360	24.575	0.196
1.380	26.670	0.169
1.400	28.292	0.136
1.420	29.592	0.106
1.440	30.414	0.070
1.460	30.817	0.039
1.480	30.752	0.003
1.500	30.301	-0.030
1.520	29.340	-0.067
1.540	27.991	-0.100
1.560	26.246	-0.133
1.580	24.119	-0.158
1.600	21.686	-0.192
1.620	18.818	-0.213
1.640	15.767	-0.237
1.660	12.442	-0.245
1.680	9.074	-0.267
1.700	5.379	-0.274
1.720	1.700	-0.288
1.740	-2.011	-0.284
1.760	-5.685	-0.280
1.780	-9.300	-0.274
1.800	-12.759	-0.263
1.820	-15.933	-0.247
1.840	-19.097	-0.229
1.860	-21.858	-0.209
1.880	-24.312	-0.181
1.900	-26.439	-0.157
1.920	-28.147	-0.126
1.940	-29.469	-0.100
1.960	-30.349	-0.062
1.980	-30.768	-0.034
2.000	-30.806	0.006
2.020	-30.365	0.033
2.040	-29.506	0.071
2.060	-28.206	0.103
2.080	-26.461	0.138
2.100	-24.393	0.164
2.120	-22.013	0.192
2.140	-19.172	0.219
2.160	-16.116	0.240
2.180	-12.861	0.258
2.200	-9.467	0.273
2.220	-5.766	0.283
2.240	-2.189	0.285
2.260	1.619	0.289
2.280	5.304	0.288
2.300	8.913	0.281
2.320	12.410	0.268
2.340	15.713	0.254
2.360	18.785	0.236
2.380	21.611	0.215
2.400	24.092	0.192
2.420	26.230	0.165
2.440	27.938	0.133
2.460	29.340	0.105
2.480	30.274	0.064
2.500	30.763	0.037
2.520	30.811	-0.002
2.540	30.441	-0.034
2.560	29.592	-0.067
2.580	28.357	-0.108
2.600	26.681	-0.133
2.620	24.677	-0.166
2.640	22.250	-0.192
2.660	19.586	-0.219
2.680	16.519	-0.248
2.700	13.253	-0.260
2.720	9.918	-0.281
2.740	6.249	-0.283
2.760	2.581	-0.297
2.780	-1.120	-0.300
2.800	-4.815	-0.296
2.820	-8.441	-0.286
2.840	-11.943	-0.279
2.860	-15.257	-0.263
2.880	-18.377	-0.247
2.900	-21.213	-0.223
2.920	-23.743	-0.201
2.940	-25.940	-0.173
2.960	-27.718	-0.146
2.980	-29.189	-0.113
3.000	-30.177	-0.080
3.020	-30.688	-0.050
3.040	-30.817	-0.012
3.060	-30.484	0.019
3.080	-29.764	0.059
3.100	-28.550	0.088
3.120	-26.928	0.121
3.140	-24.925	0.148
3.160	-22.572	0.182
3.180	-19.865	0.203
3.200	-16.879	0.241
3.220	-13.661	0.248
3.240	-10.229	0.269
3.260	-6.631	0.274
3.280	-2.989	0.285
3.300	0.744	0.287
3.320	4.434	0.289
3.340	8.054	0.281
3.360	11.594	0.275
3.380	14.940	0.256
3.400	18.076	0.247
3.420	20.875	0.222
3.440	23.533	0.199
3.460	25.757	0.173
3.480	27.589	0.145
3.500	29.007	0.113
3.520	30.081	0.078
3.540	30.682	0.049
3.560	30.838	0.011
3.580	30.575	-0.499
3.600	29.861	-0.055
3.620	28.695	-0.089
3.640	27.127	-0.127
3.660	25.198	-0.150
3.680	22.846	-0.185
3.700	20.193	-0.205
3.720	17.239	-0.233
3.740	14.134	-0.252
3.760	10.648	-0.268
3.780	7.098	-0.275
3.800	3.446	-0.287
3.820	-0.244	-0.287
3.840	-3.956	-0.287
3.860	-7.614	-0.283
3.880	-11.142	-0.267
3.900	-14.505	-0.258
3.920	-17.615	-0.236
3.940	-20.622	-0.224
3.960	-23.211	-0.197
3.980	-25.489	-0.174
4.000	-27.406	-0.142
4.020	-28.899	-0.109
4.040	-30.011	-0.075
4.060	-30.666	-0.046
4.080	-30.844	-0.017
4.100	-30.650	0.024
4.120	-30.032	0.058
4.140	-28.915	0.090
4.160	-27.390	0.122
4.180	-25.472	0.155
4.200	-23.200	0.183
4.220	-20.569	0.215
4.240	-17.641	0.239
4.260	-14.472	0.259
4.280	-11.089	0.273
4.300	-7.538	0.283
4.320	-3.886	0.292
4.340	-0.164	0.297
4.360	3.548	0.299
4.380	7.178	0.289
4.400	10.745	0.283
4.420	14.156	0.272
4.440	17.335	0.257
4.460	20.284	0.239
4.480	22.964	0.212
4.500	25.247	0.186
4.520	27.197	0.160
4.540	28.695	0.129
4.560	29.882	0.096
4.580	30.553	0.065
4.600	30.844	0.029
4.620	30.672	-0.003
4.640	30.043	-0.038
4.660	28.990	-0.071
4.680	27.530	-0.104
4.700	25.682	-0.134
4.720	23.426	-0.166
4.740	20.848	-0.190
4.760	17.964	-0.222
4.780	14.913	-0.235
4.800	11.470	-0.252
4.820	8.049	-0.266
4.840	4.326	-0.276
4.860	0.739	-0.276
4.880	-3.070	-0.282
4.900	-6.749	-0.276
4.920	-10.310	-0.266
4.940	-13.715	-0.254
4.960	-16.846	-0.237
4.980	-19.919	-0.221
5.000	-22.545	-0.196
5.020	-24.978	-0.169
5.040	-26.949	-0.144
5.060	-28.582	-0.111
5.080	-29.780	-0.084
5.100	-30.527	-0.046
5.120	-30.838	-0.017
5.140	-30.720	0.019
5.160	-30.188	0.052
5.180	-29.184	0.082
5.200	-27.771	0.116
5.220	-25.956	0.149
5.240	-23.732	0.174
5.260	-21.219	0.207
5.280	-18.329	0.231
5.300	-15.240	0.255
5.320	-11.916	0.263
5.340	-8.382	0.281
5.360	-4.745	0.289
5.380	-1.034	0.296
5.400	2.677	0.293
5.420	6.351	0.296
5.440	9.907	0.282
5.460	13.366	0.271
5.480	16.610	0.255
5.500	19.607	0.240
5.520	22.352	0.215
5.540	24.737	0.192
5.560	26.724	0.160
5.580	28.400	0.136
5.600	29.624	0.099
5.620	30.451	0.066
5.640	30.817	0.029
5.660	30.747	-0.003
5.680	30.242	-0.041
5.700	29.281	-0.068
5.720	27.911	-0.109
5.740	26.155	-0.137
5.760	24.076	-0.169
5.780	21.492	-0.196
5.800	18.689	-0.224
5.820	15.606	-0.240
5.840	12.292	-0.266
5.860	8.817	-0.274
5.880	5.207	-0.287
5.900	1.635	-0.292
5.920	-2.178	-0.292
5.940	-5.836	-0.292
5.960	-9.477	-0.281
5.980	-12.926	-0.274
6.000	-16.170	-0.256
6.020	-19.210	-0.243
6.040	-21.976	-0.217
6.060	-24.425	-0.192
6.080	-26.509	-0.171
6.100	-28.228	-0.133
6.120	-29.501	-0.109
6.140	-30.376	-0.069
6.160	-30.763	-0.047
6.180	-30.784	-0.003
6.200	-30.349	0.026
6.220	-29.474	0.066
6.240	-28.126	0.091
6.260	-26.391	0.128
6.280	-24.291	0.155
6.300	-21.842	0.189
6.320	-19.022	0.215
6.340	-15.976	0.236
6.360	-12.700	0.255
6.380	-9.225	0.268
6.400	-5.599	0.280
6.420	-1.920	0.285
6.440	1.802	0.289
6.460	5.476	0.281
6.480	9.074	0.278
6.500	12.496	0.265
6.520	15.864	0.256
6.540	18.844	0.234
6.560	21.734	0.215
6.580	24.146	0.186
6.600	26.316	0.160
6.620	28.051	0.132
6.640	29.366	0.096
6.660	30.301	0.066
6.680	30.774	0.029
6.700	30.806	0.004
6.720	30.414	-0.041
6.740	29.549	-0.063
6.760	28.287	-0.111
6.780	26.649	-0.132
6.800	24.559	-0.176
6.820	22.132	-0.541
6.840	19.457	-0.227
6.860	16.358	-0.243
6.880	13.092	-0.274
6.900	9.655	-0.284
6.920	6.083	-0.299
6.940	2.414	-0.303
6.960	-1.195	-0.303
6.980	-4.976	-0.308
7.000	-8.527	-0.289
7.020	-12.115	-0.291
7.040	-15.418	-0.263
7.060	-18.522	-0.256
7.080	-21.353	-0.225
7.100	-23.861	-0.210
7.120	-26.052	-0.175
7.140	-27.852	-0.151
7.160	-29.232	-0.117
7.180	-30.226	-0.082
7.200	-30.720	-0.058
7.220	-30.827	-0.013
7.240	-30.489	0.014
7.260	-29.710	0.055
7.280	-28.502	0.078
7.300	-26.906	0.125
7.320	-24.844	0.149
7.340	-22.524	0.198
7.360	-19.747	0.207
7.380	-16.750	0.245
7.400	-13.516	0.249
7.420	-10.073	0.275
7.440	-6.491	0.274
7.460	-2.806	0.289
7.480	0.900	0.285
7.500	4.600	0.289
7.520	8.124	0.281
7.540	11.744	0.278
7.560	15.079	0.260
7.580	18.205	0.252
7.600	21.073	0.221
7.620	23.641	0.203
7.640	25.843	0.173
7.660	27.637	0.141
7.680	29.109	0.113
7.700	30.118	0.083
7.720	30.682	0.046
7.740	30.838	0.012
7.760	30.543	-0.016
7.780	29.791	-0.051
7.800	28.657	-0.087
7.820	27.019	-0.123
7.840	25.075	-0.148
7.860	22.722	-0.180
7.880	20.048	-0.208
7.900	17.174	-0.229
7.920	13.882	-0.247
7.940	10.482	-0.261
7.960	6.921	-0.268
7.980	3.268	-0.283
8.000	-0.432	-0.284
8.020	-4.144	-0.281
8.040	-7.678	-0.275
8.060	-11.309	-0.267
8.080	-14.671	-0.255
8.100	-17.840	-0.234
8.120	-20.751	-0.221
8.140	-23.260	-0.189
8.160	-25.585	-0.165
8.180	-27.460	-0.136
8.200	-29.001	-0.109
8.220	-30.059	-0.072
8.240	-30.666	-0.043
8.260	-30.849	-0.007
8.280	-30.629	0.030
8.300	-29.984	0.064
8.320	-28.840	0.095
8.340	-27.304	0.130
8.360	-25.360	0.157
8.380	-23.072	0.187
8.400	-20.424	0.215
8.420	-17.502	0.241
8.440	-14.327	0.262
8.460	-10.901	0.277
8.480	-7.361	0.289
8.500	-3.693	0.299
8.520	0.003	0.303
8.540	3.719	0.305
8.560	7.372	0.294
8.580	10.911	0.289
8.600	14.306	0.273
8.620	17.491	0.257
8.640	20.418	0.238
8.660	23.072	0.215
8.680	25.349	0.186
8.700	27.277	0.161
8.720	28.797	0.132
8.740	29.887	0.097
8.760	30.602	0.061
8.780	30.849	0.030
8.800	30.656	-0.005
8.820	30.016	-0.038
8.840	28.969	-0.074
8.860	27.465	-0.110
8.880	25.585	-0.138
8.900	23.324	-0.171
8.920	20.724	-0.191
8.940	17.819	-0.227
8.960	14.677	-0.237
8.980	11.303	-0.266
9.000	7.791	-0.265
9.020	4.273	-0.284
9.040	0.481	-0.279
9.060	-3.236	-0.286
9.080	-6.894	-0.273
9.100	-10.471	-0.272
9.120	-13.780	-0.257
9.140	-17.094	-0.242
9.160	-20.048	-0.222
9.180	-22.722	-0.203
9.200	-25.059	-0.175
9.220	-26.998	-0.147
9.240	-28.657	-0.119
9.260	-29.796	-0.084
9.280	-30.548	-0.054
9.300	-30.860	-0.021
9.320	-30.709	0.017
9.340	-30.151	0.049
9.360	-29.119	0.079
9.380	-27.696	0.115
9.400	-25.838	0.146
9.420	-23.614	0.173
9.440	-21.068	0.200
9.460	-18.184	0.224
9.480	-15.090	0.251
9.500	-11.722	0.265
9.520	-8.210	0.280
9.540	-4.563	0.286
9.560	-0.867	0.293
9.580	2.849	0.290
9.600	6.534	0.287
9.620	10.090	0.279
9.640	13.452	0.269
9.660	16.760	0.252
9.680	19.682	0.234
9.700	22.470	0.208
9.720	24.785	0.183
9.740	26.864	0.154
9.760	28.432	0.127
9.780	29.699	0.094
9.800	30.478	-0.430
9.820	30.827	0.024
9.840	30.731	-0.008
9.860	30.215	-0.042
9.880	29.238	-0.075
9.900	27.841	-0.112
9.920	26.063	-0.145
9.940	23.899	-0.175
9.960	21.369	-0.203
9.980	18.544	-0.227
10.000	15.461	-0.249
10.020	12.125	-0.266
10.040	8.650	-0.278
10.060	5.041	-0.287
10.080	1.362	-0.294
10.100	-2.339	-0.293
10.120	-6.024	-0.290
10.140	-9.526	-0.280
10.160	-13.065	-0.273
10.180	-16.240	-0.257
10.200	-19.355	-0.240
10.220	-22.105	-0.216
10.240	-24.538	-0.187
10.260	-26.579	-0.166
10.280	-28.292	-0.132
10.300	-29.554	-0.104
10.320	-30.414	-0.066
10.340	-30.779	-0.041
10.360	-30.752	0.000
10.380	-30.296	0.033
10.400	-29.388	0.066
10.420	-28.051	0.096
10.440	-26.305	0.130
10.460	-24.173	0.157
10.480	-21.707	0.189
10.500	-18.877	0.211
10.520	-15.821	0.241
10.540	-12.539	0.256
10.560	-9.053	0.271
10.580	-5.438	0.280
10.600	-1.738	0.285
10.620	1.969	0.285
10.640	5.653	0.285
10.660	9.252	0.277
10.680	12.721	0.268
10.700	16.009	0.256
10.720	19.059	0.236
10.740	21.858	0.214
10.760	24.307	0.187
10.780	26.402	0.167
10.800	28.077	0.130
10.820	29.447	0.103
10.840	30.328	0.066
10.860	30.784	0.034
10.880	30.795	0.000
10.900	30.365	-0.033
10.920	29.501	-0.066
10.940	28.206	-0.104
10.960	26.520	-0.135
10.980	24.457	-0.165
11.000	22.008	-0.192
11.020	19.312	-0.216
11.040	16.213	-0.242
11.060	12.926	-0.258
11.080	9.477	-0.273
11.100	5.895	-0.279
11.120	2.323	-0.291
11.140	-1.474	-0.292
11.160	-5.164	-0.289
11.180	-8.801	-0.280
11.200	-12.286	-0.269
11.220	-15.600	-0.255
11.240	-18.673	-0.237
11.260	-21.503	-0.214
11.280	-24.017	-0.191
11.300	-26.171	-0.164
11.320	-27.965	-0.133
11.340	-29.334	-0.103
11.360	-30.274	-0.069
11.380	-30.752	-0.042
11.400	-30.833	-0.003
11.420	-30.484	0.034
11.440	-29.694	0.067
11.460	-28.491	0.098
11.480	-26.778	0.132
11.500	-24.763	0.158
11.520	-22.357	0.194
11.540	-19.618	0.215
11.560	-16.610	0.248
11.580	-13.371	0.261
11.600	-9.928	0.276
11.620	-6.335	0.282
11.640	-2.640	0.289
11.660	1.082	0.291
11.680	4.772	0.298
11.700	8.371	0.287
11.720	11.910	0.278
11.740	15.235	0.263
11.760	18.340	0.253
11.780	21.219	0.228
11.800	23.759	0.204
11.820	25.934	0.178
11.840	27.750	0.149
11.860	29.168	0.118
11.880	30.129	0.084
11.900	30.709	0.055
11.920	30.833	0.015
11.940	30.510	-0.014
11.960	29.742	-0.049
11.980	28.555	-0.085
12.000	26.944	-0.117
12.020	25.037	-0.146
12.040	22.599	-0.177
12.060	19.913	-0.200
12.080	16.959	-0.226
12.100	13.720	-0.240
12.120	10.315	-0.263
12.140	6.760	-0.271
12.160	3.204	-0.276
12.180	-0.594	-0.280
12.200	-4.300	-0.281
12.220	-7.936	-0.272
12.240	-11.470	-0.263
12.260	-14.827	-0.251
12.280	-17.969	-0.233
12.300	-20.875	-0.212
12.320	-23.448	-0.192
12.340	-25.671	-0.161
12.360	-27.573	-0.137
12.380	-29.028	-0.104
12.400	-30.097	-0.071
12.420	-30.661	-0.038
12.440	-30.892	-0.004
12.460	-30.596	0.032
12.480	-29.914	0.065
12.500	-28.792	0.091
12.520	-27.191	0.132
12.540	-25.263	0.156
12.560	-22.932	0.186
12.580	-20.300	0.215
12.600	-17.324	0.239
12.620	-14.134	0.262
12.640	-10.740	0.274
12.660	-7.270	0.285
12.680	-3.521	0.295
12.700	0.201	0.298
12.720	3.902	0.299
12.740	7.549	0.292
12.760	11.089	0.282
12.780	14.472	0.271
12.800	17.641	0.254
12.820	20.558	0.231
12.840	23.195	0.207
12.860	25.446	0.182
12.880	27.352	0.153
12.900	28.824	0.124
12.920	29.957	0.090
12.940	30.618	0.057
12.960	30.849	0.021
12.980	30.629	-0.009
13.000	29.995	-0.046
13.020	28.883	-0.083
13.040	27.358	-0.114
13.060	25.494	-0.143
13.080	23.217	-0.173
13.100	20.601	-0.201
13.120	17.690	-0.229
13.140	14.526	-0.244
13.160	11.158	-0.263
13.180	7.635	-0.273
13.200	3.993	-0.282
13.220	0.303	-0.290
13.240	-3.413	-0.287
13.260	-7.071	-0.285
13.280	-10.637	-0.275
13.300	-14.021	-0.266
13.320	-17.228	-0.248
13.340	-20.166	-0.228
13.360	-22.830	-0.210
13.380	-25.150	-0.178
13.400	-27.100	-0.157
13.420	-28.668	-0.123
13.440	-29.844	-0.093
13.460	-30.543	-0.061
13.480	-30.817	-0.027
13.500	-30.682	0.006
13.520	-30.092	0.042
13.540	-29.066	0.074
13.560	-27.583	0.108
13.580	-25.730	0.139
13.600	-23.501	0.167
13.620	-20.928	0.193
13.640	-18.044	0.218
13.660	-14.913	0.246
13.680	-11.567	0.262
13.700	-8.022	0.272
13.720	-4.391	0.283
13.740	-0.674	0.285
13.760	3.037	0.287
13.780	6.674	0.281
13.800	10.245	0.272
13.820	13.688	0.264
13.840	16.911	0.248
13.860	19.870	0.227
13.880	22.599	0.207
13.900	24.941	0.178
13.920	26.939	0.153
13.940	28.534	0.119
13.960	29.742	0.090
13.980	30.505	0.056
14.000	30.833	0.021
14.020	30.725	-0.013
14.040	30.156	-0.043
14.060	29.200	-0.080
14.080	27.777	-0.115
14.100	25.972	-0.148
14.120	23.791	-0.174
14.140	21.245	-0.204
14.160	18.404	-0.227
14.180	15.305	-0.250
14.200	11.969	-0.265
14.220	8.478	-0.279
14.240	4.966	-0.289
14.260	1.174	-0.292
14.280	-2.532	-0.295
14.300	-6.196	-0.290
14.320	-9.789	-0.282
14.340	-13.216	-0.270
14.360	-16.454	-0.254
14.380	-19.494	-0.236
14.400	-22.228	-0.212
14.420	-24.624	-0.185
14.440	-26.676	-0.158
14.460	-28.362	-0.127
14.480	-29.608	-0.098
14.500	-30.441	-0.063
14.520	-30.801	-0.036
14.540	-30.758	0.003
14.560	-30.274	0.036
14.580	-29.345	0.070
14.600	-27.997	0.102
14.620	-26.219	0.137
14.640	-24.065	0.165
14.660	-21.589	0.195
14.680	-18.753	0.218
14.700	-15.676	0.247
14.720	-12.383	0.257
14.740	-8.886	0.274
14.760	-5.282	0.285
14.780	-1.576	0.286
14.800	2.135	0.289
14.820	5.820	0.283
14.840	9.407	0.278
14.860	12.872	0.269
14.880	16.164	0.256
14.900	19.183	0.238
14.920	21.970	0.213
14.940	24.409	0.191
14.960	26.498	0.166
14.980	28.185	0.134
15.000	29.495	0.101
15.020	30.365	0.068
15.040	30.801	0.033
15.060	30.779	0.001
15.080	30.365	-0.032
15.100	29.447	-0.066
15.120	28.142	-0.102
15.140	26.466	-0.131
15.160	24.334	-0.162
15.180	21.885	-0.191
15.200	19.097	-0.213
15.220	16.057	-0.239
15.240	12.770	-0.253
15.260	9.305	-0.268
15.280	5.809	-0.280
15.300	2.049	-0.284
15.320	-1.657	-0.283
15.340	-5.363	-0.283
15.360	-8.978	-0.271
15.380	-12.448	-0.263
15.400	-15.740	-0.246
15.420	-18.823	-0.229
15.440	-21.648	-0.207
15.460	-24.135	-0.183
15.480	-26.257	-0.158
15.500	-28.040	-0.125
15.520	-29.393	-0.098
15.540	-30.328	-0.061
15.560	-30.758	-0.032
15.580	-30.833	0.004
15.600	-30.451	0.038
15.620	-29.646	0.074
15.640	-28.389	0.104
15.660	-26.702	0.140
15.680	-24.645	0.162
15.700	-22.244	0.200
15.720	-19.484	0.219
15.740	-16.449	0.252
15.760	-13.221	0.265
15.780	-9.751	0.284
15.800	-6.158	0.294
15.820	-2.468	0.301
15.840	1.260	0.303
15.860	4.933	0.298
15.880	8.553	0.290
15.900	12.055	0.281
15.920	15.396	0.267
15.940	18.485	0.252
15.960	21.347	0.230
15.980	23.872	0.209
16.000	26.042	0.178
16.020	27.820	0.148
16.040	29.227	0.122
16.060	30.172	0.085
16.080	30.731	0.053
16.100	30.827	0.020
16.120	30.500	-0.015
16.140	29.694	-0.049
16.160	28.491	-0.085
16.180	26.874	-0.118
16.200	24.935	-0.149
16.220	22.470	-0.178
16.240	19.779	-0.201
16.260	16.814	-0.231
16.280	13.570	-0.244
16.300	10.149	-0.261
16.320	6.593	-0.272
16.340	2.941	-0.279
16.360	-0.749	-0.280
16.380	-4.477	-0.280
16.400	-8.016	-0.273
16.420	-11.636	-0.265
16.440	-14.875	-0.251
16.460	-18.093	-0.236
16.480	-20.982	-0.215
16.500	-23.533	-0.191
16.520	-25.768	-0.162
16.540	-27.615	-0.136
16.560	-29.087	-0.108
16.580	-30.108	-0.073
16.600	-30.688	-0.042
16.620	-30.854	-0.008
16.640	-30.559	0.028
16.660	-29.828	0.064
16.680	-28.690	0.092
16.700	-27.105	0.128
16.720	-25.129	0.155
16.740	-22.819	0.188
16.760	-20.150	0.209
16.780	-17.174	0.237
16.800	-13.984	0.257
16.820	-10.573	0.269
16.840	-7.017	0.280
16.860	-3.338	0.289
16.880	0.384	0.296
16.900	4.079	0.294
16.920	7.705	0.286
16.940	11.260	0.276
16.960	14.617	0.263
16.980	17.786	0.252
17.000	20.681	0.226
17.020	23.297	0.202
17.040	25.553	0.180
17.060	27.395	0.145
17.080	28.921	0.116
17.100	30.011	0.082
17.120	30.639	0.053
17.140	30.838	0.016
17.160	30.613	-0.016
17.180	29.925	-0.052
17.200	28.813	-0.087
17.220	27.277	-0.121
17.240	25.392	-0.154
17.260	23.093	-0.183
17.280	20.472	-0.207
17.300	17.550	-0.234
17.320	14.472	-0.251
17.340	10.981	-0.271
17.360	7.452	-0.280
17.380	3.822	-0.289
17.400	0.121	-0.295
17.420	-3.585	-0.294
17.440	-7.232	-0.288
17.460	-10.782	-0.279
17.480	-14.086	-0.266
17.500	-17.362	-0.251
17.520	-20.230	-0.231
17.540	-22.943	-0.208
17.560	-25.177	-0.179
17.580	-27.207	-0.154
17.600	-28.717	-0.125
17.620	-29.877	-0.093
17.640	-30.564	-0.060
17.660	-30.817	-0.029
17.680	-30.639	0.008
17.700	-30.059	0.043
17.720	-29.007	0.077
17.740	-27.497	0.109
17.760	-25.623	0.141
17.780	-23.383	0.169
17.800	-20.805	0.197
17.820	-17.905	0.226
17.840	-14.746	0.244
17.860	-11.395	0.261
17.880	-7.855	0.274
17.900	-4.208	0.280
17.920	-0.513	0.286
17.940	3.215	0.286
17.960	6.856	0.281
17.980	10.423	0.270
18.000	13.844	0.260
18.020	17.061	0.246
18.040	19.946	0.228
18.060	22.722	0.205
18.080	25.048	0.181
18.100	27.014	0.152
18.120	28.598	0.122
18.140	29.802	0.086
18.160	30.532	-0.434
18.180	30.827	0.022
18.200	30.704	-0.010
18.220	30.140	-0.046
18.240	29.130	-0.082
18.260	27.685	-0.114
18.280	25.875	-0.144
18.300	23.732	-0.175
18.320	21.116	-0.199
18.340	18.259	-0.230
18.360	15.144	-0.249
18.380	11.798	-0.263
18.400	8.312	-0.277
18.420	4.670	-0.287
18.440	0.991	-0.291
18.460	-2.726	-0.291
18.480	-6.384	-0.287
18.500	-9.971	-0.278
18.520	-13.393	-0.266
18.540	-16.642	-0.251
18.560	-19.650	-0.229
18.580	-22.368	-0.212
18.600	-24.758	-0.180
18.620	-26.799	-0.159
18.640	-28.453	-0.121
18.660	-29.694	-0.096
18.680	-30.500	-0.060
18.700	-30.817	-0.030
18.720	-30.763	0.008
18.740	-30.258	0.041
18.760	-29.340	0.079
18.780	-27.922	0.107
18.800	-26.155	0.140
18.820	-23.985	0.170
18.840	-21.482	0.197
18.860	-18.646	0.224
18.880	-15.552	0.248
18.900	-12.238	0.262
18.920	-8.822	0.277
18.940	-5.111	0.285
18.960	-1.421	0.292
18.980	2.291	0.289
19.000	5.975	0.291
19.020	9.552	0.281
19.040	13.028	0.275
19.060	16.299	0.259
19.080	19.317	0.241
19.100	22.094	0.219
19.120	24.511	0.195
19.140	26.590	0.169
19.160	28.265	0.139
19.180	29.554	0.107
19.200	30.387	0.075
19.220	30.806	0.041
19.240	30.768	0.007
19.260	30.306	-0.031
19.280	29.393	-0.059
19.300	28.072	-0.099
19.320	26.337	-0.126
19.340	24.296	-0.156
19.360	21.750	-0.185
19.380	18.952	-0.211
19.400	15.901	-0.236
19.420	12.695	-0.248
19.440	9.139	-0.266
19.460	5.551	-0.274
19.480	1.872	-0.276
19.500	-1.818	-0.279
19.520	-5.524	-0.279
19.540	-9.139	-0.270
19.560	-12.587	-0.258
19.580	-15.890	-0.245
19.600	-18.963	-0.225
19.620	-21.766	-0.206
19.640	-24.221	-0.178
19.660	-26.326	-0.156
19.680	-28.120	-0.121
19.700	-29.420	-0.098
19.720	-30.349	-0.059
19.740	-30.763	-0.029
19.760	-30.833	0.008
19.780	-30.419	0.039
19.800	-29.581	0.076
19.820	-28.314	0.107
19.840	-26.595	0.144
19.860	-24.516	0.164
19.880	-22.094	0.200
19.900	-19.333	0.221
19.920	-16.309	0.249
19.940	-13.049	0.261
19.960	-9.590	0.282
19.980	-5.975	0.289
20.000	-2.285	0.299
20.020	1.426	0.303
20.040	5.127	0.298
20.060	8.720	0.289
20.080	12.243	0.277
20.100	15.541	0.264
20.120	18.624	0.248
20.140	21.406	0.224
20.160	23.974	0.201
20.180	26.128	0.173
20.200	27.895	0.145
20.220	29.259	0.115
20.240	30.226	0.080
20.260	30.752	0.046
20.280	30.827	0.007
20.300	30.462	-0.017
20.320	29.673	-0.058
20.340	28.421	-0.092
20.360	26.772	-0.123
20.380	24.780	-0.155
20.400	22.368	-0.180
20.420	19.731	-0.205
20.440	16.669	-0.233
20.460	13.414	-0.247
20.480	9.993	-0.268
20.500	6.427	-0.276
20.520	2.758	-0.285
20.540	-0.943	-0.285
20.560	-4.643	-0.288
20.580	-8.274	-0.278
20.600	-11.787	-0.270
20.620	-15.101	-0.255
20.640	-18.238	-0.240
20.660	-21.100	-0.215
20.680	-23.641	-0.190
20.700	-25.848	-0.169
20.720	-27.707	-0.141
20.740	-29.125	-0.110
20.760	-30.156	-0.078
20.780	-30.704	-0.048
20.800	-30.833	-0.012
20.820	-30.527	0.022
20.840	-29.785	0.057
20.860	-28.636	0.088
20.880	-27.014	0.122
20.900	-25.032	0.148
20.920	-22.685	0.179
20.940	-19.999	0.202
20.960	-17.029	0.231
20.980	-13.833	0.251
21.000	-10.401	0.268
21.020	-6.819	0.276
21.040	-3.156	0.281
21.060	0.561	0.286
21.080	4.257	0.286
21.100	7.893	0.277
21.120	11.406	0.273
21.140	14.789	0.256
21.160	17.921	0.243
21.180	20.816	0.223
21.200	23.410	0.194
21.220	25.650	0.172
21.240	27.519	0.140
21.260	28.980	0.114
21.280	30.038	0.078
21.300	30.661	0.047
21.320	30.849	0.008
21.340	30.586	-0.021
21.360	29.877	-0.058
21.380	28.749	-0.092
21.400	27.207	-0.128
21.420	25.295	-0.155
21.440	22.975	-0.187
21.460	20.332	-0.211
21.480	17.405	-0.237
21.500	14.215	-0.253
21.520	10.836	-0.274
21.540	7.297	-0.283
21.560	3.634	-0.291
21.580	-0.046	-0.298
21.600	-3.752	-0.293
21.620	-7.399	-0.290
21.640	-10.970	-0.279
21.660	-14.333	-0.265
21.680	-17.502	-0.252
21.700	-20.434	-0.228
21.720	-23.050	-0.206
21.740	-25.370	-0.179
21.760	-27.288	-0.153
21.780	-28.819	-0.121
21.800	-29.920	-0.090
21.820	-30.591	-0.057
21.840	-30.811	-0.023
21.860	-30.629	0.014
21.880	-30.006	0.045
21.900	-28.942	0.079
21.920	-27.427	0.111
21.940	-25.537	0.144
21.960	-23.286	0.170
21.980	-20.687	0.200
22.000	-17.835	0.227
22.020	-14.617	0.248
22.040	-11.239	0.263
22.060	-7.689	0.278
22.080	-4.047	0.284
22.100	-0.352	0.289
22.120	3.376	0.288
22.140	6.942	0.285
22.160	10.589	0.273
22.180	13.989	0.266
22.200	17.190	0.249
22.220	20.074	0.227
22.240	22.841	0.203
22.260	25.145	0.183
22.280	27.111	0.152
22.300	28.668	0.121
22.320	29.818	0.087
22.340	30.553	0.059
22.360	30.854	0.022
22.380	30.682	-0.009
22.400	30.081	-0.044
22.420	29.093	-0.076
22.440	27.599	-0.115
22.460	25.773	-0.142
22.480	23.555	-0.171
22.500	20.971	-0.199
22.520	18.125	-0.222
22.540	14.993	-0.241
22.560	11.626	-0.261
22.580	8.124	-0.277
22.600	4.509	-0.286
22.620	0.814	-0.287
22.640	-2.801	-0.288
22.660	-6.555	-0.280
22.680	-10.165	-0.276
22.700	-13.581	-0.261
22.720	-16.803	-0.246
22.740	-19.790	-0.223
22.760	-22.502	-0.205
22.780	-24.876	-0.176
22.800	-26.847	-0.153
22.820	-28.539	-0.118
22.840	-29.753	-0.087
22.860	-30.521	-0.052
22.880	-30.838	-0.026
22.900	-30.747	0.015
22.920	-30.269	0.049
22.940	-29.286	0.081
22.960	-27.846	0.113
22.980	-26.052	0.146
23.000	-23.872	0.176
23.020	-21.364	0.207
23.040	-18.511	0.233
23.060	-15.396	0.258
23.080	-12.082	0.269
23.100	-8.570	0.284
23.120	-4.928	0.290
23.140	-1.238	0.297
23.160	2.479	0.298
23.180	6.142	0.296
23.200	9.735	0.289
23.220	13.194	0.278
23.240	16.449	0.260
23.260	19.462	0.243
23.280	22.218	0.220
23.300	24.629	0.195
23.320	26.670	0.171
23.340	28.292	0.139
23.360	29.597	0.105
23.380	30.425	0.076
23.400	30.817	0.040
23.420	30.752	0.005
23.440	30.296	-0.030
23.460	29.345	-0.064
23.480	27.991	-0.094
23.500	26.300	-0.129
23.520	24.135	-0.155
23.540	21.621	-0.184
23.560	18.818	-0.212
23.580	15.761	-0.234
23.600	12.448	-0.249
23.620	8.989	-0.265
23.640	5.379	-0.271
23.660	1.705	-0.280
23.680	-2.011	-0.280
23.700	-5.680	-0.278
23.720	-9.295	-0.274
23.740	-12.759	-0.255
23.760	-16.052	-0.249
23.780	-19.081	-0.226
23.800	-21.885	-0.211
23.820	-24.323	-0.178
23.840	-26.423	-0.156
23.860	-28.163	-0.122
23.880	-29.490	-0.094
23.900	-30.344	-0.059
23.920	-30.817	-0.031
23.940	-30.833	0.007
23.960	-30.371	0.037
23.980	-29.528	0.074
24.000	-28.222	0.107
24.020	-26.509	0.138
24.040	-24.393	0.165
24.060	-21.970	0.197
24.080	-19.188	0.225
24.100	-16.143	0.244
24.120	-12.872	0.263
24.140	-9.391	0.277
24.160	-5.787	0.289
24.180	-2.103	0.292
24.200	1.609	0.294
24.220	5.304	0.295
24.240	8.903	0.285
24.260	12.394	0.274
24.280	15.708	0.260
24.300	18.775	0.244
24.320	21.541	0.220
24.340	24.081	0.194
24.360	26.224	0.171
24.380	27.981	0.139
24.400	29.345	0.108
24.420	30.269	0.073
24.440	30.763	0.046
24.460	30.817	0.007
24.480	30.430	-0.027
24.500	29.592	-0.063
24.520	28.357	-0.098
24.540	26.686	-0.128
24.560	24.677	-0.159
24.580	22.250	-0.189
24.600	19.510	-0.212
24.620	16.519	-0.241
24.640	13.253	-0.251
24.660	9.826	-0.273
24.680	6.249	-0.279
24.700	2.597	-0.291
24.720	-1.109	-0.293
24.740	-4.804	-0.291
24.760	-8.451	-0.285
24.780	-11.937	-0.274
24.800	-15.251	-0.259
24.820	-18.366	-0.247
24.840	-21.229	-0.224
24.860	-23.743	-0.197
24.880	-25.934	-0.175
24.900	-27.760	-0.145
24.920	-29.178	-0.113
24.940	-30.135	-0.081
24.960	-30.704	-0.051
24.980	-30.822	-0.014
25.000	-30.505	0.020
25.020	-29.748	0.055
25.040	-28.539	0.086
25.060	-26.933	0.121
25.080	-24.908	0.148
25.100	-22.551	0.179
25.120	-19.860	0.202
25.140	-16.889	0.233
25.160	-13.651	0.246
25.180	-10.240	0.265
25.200	-6.663	0.273
25.220	-2.973	0.283
25.240	0.739	0.286
25.260	4.428	0.285
25.280	8.054	0.277
25.300	11.588	0.268
25.320	14.940	0.256
25.340	18.060	0.239
25.360	20.950	0.218
25.380	23.533	0.192
25.400	25.736	0.171
25.420	27.589	0.139
25.440	29.050	0.109
25.460	30.075	0.076
25.480	30.682	0.043
25.500	30.844	0.006
25.520	30.564	-0.026
25.540	29.828	-0.061
25.560	28.690	-0.096
25.580	27.132	-0.127
25.600	25.252	-0.154
25.620	22.851	-0.188
25.640	20.203	-0.211
25.660	17.265	-0.236
25.680	14.048	-0.253
25.700	10.654	-0.270
25.720	7.125	-0.279
25.740	3.467	-0.291
25.760	-0.228	-0.293
25.780	-3.940	-0.292
25.800	-7.581	-0.284
25.820	-11.110	-0.274
25.840	-14.478	-0.266
25.860	-17.657	-0.245
25.880	-20.590	-0.228
25.900	-23.179	-0.198
25.920	-25.408	-0.176
25.940	-27.395	-0.146
25.960	-28.894	-0.121
25.980	-29.990	-0.084
26.000	-30.623	-0.053
26.020	-30.844	-0.020
26.040	-30.634	0.018
26.060	-30.000	0.050
26.080	-28.905	0.085
26.100	-27.379	0.120
26.120	-25.462	0.148
26.140	-23.190	0.178
26.160	-20.563	0.204
26.180	-17.636	0.236
26.200	-14.467	0.251
26.220	-11.089	0.265
26.240	-7.533	0.275
26.260	-3.865	0.284
26.280	-0.175	0.287
26.300	3.537	0.289
26.320	7.195	0.282
26.340	10.745	0.277
26.360	14.139	0.260
26.380	17.330	0.253
26.400	20.279	0.227
26.420	22.959	0.207
26.440	25.231	0.179
26.460	27.202	0.154
26.480	28.738	0.124
26.500	29.882	0.094
26.520	30.586	0.058
26.540	30.844	0.027
26.560	30.682	-0.010
26.580	30.049	-0.044
26.600	29.007	-0.076
26.620	27.530	-0.110
26.640	25.698	-0.133
26.660	23.431	-0.174
26.680	20.853	-0.191
26.700	17.969	-0.222
26.720	14.918	-0.233
26.740	11.470	-0.260
26.760	7.957	-0.263
26.780	4.332	-0.282
26.800	0.636	-0.276
26.820	-3.075	-0.283
26.840	-6.738	-0.275
26.860	-10.326	-0.269
26.880	-13.737	-0.254
26.900	-16.938	-0.237
26.920	-19.940	-0.220
26.940	-22.615	-0.198
26.960	-24.968	-0.170
26.980	-26.987	-0.143
27.000	-28.588	-0.117
27.020	-29.780	-0.083
27.040	-30.564	-0.051
27.060	-30.844	-0.017
27.080	-30.747	0.016
27.100	-30.204	0.050
27.120	-29.216	0.085
27.140	-27.777	0.118
27.160	-25.961	0.151
27.180	-23.829	0.178
27.200	-21.224	0.211
27.220	-18.356	0.229
27.240	-15.246	0.258
27.260	-11.932	0.270
27.280	-8.382	0.289
27.300	-4.772	0.294
27.320	-1.045	0.302
27.340	2.651	0.302
27.360	6.330	0.302
27.380	9.902	0.287
27.400	13.361	0.278
27.420	16.610	0.260
27.440	19.602	0.244
27.460	22.346	0.220
27.480	24.720	0.195
27.500	26.751	0.168
27.520	28.400	0.139
27.540	29.651	0.105
27.560	30.451	0.072
27.580	30.833	0.040
27.600	30.741	0.003
27.620	30.253	-0.030
27.640	29.286	-0.066
27.660	27.911	-0.099
27.680	26.155	-0.132
27.700	24.076	-0.157
27.720	21.492	-0.191
27.740	18.689	-0.212
27.760	15.611	-0.235
27.780	12.308	-0.249
27.800	8.806	-0.266
27.820	5.304	-0.274
27.840	1.539	-0.282
27.860	-2.167	-0.279
27.880	-5.846	-0.281
27.900	-9.467	-0.273
27.920	-12.915	-0.259
27.940	-16.191	-0.249
27.960	-19.135	-0.227
27.980	-21.976	-0.211
28.000	-24.430	-0.178
28.020	-26.514	-0.158
28.040	-28.222	-0.123
28.060	-29.517	-0.096
28.080	-30.382	-0.063
28.100	-30.774	-0.032
28.120	-30.795	0.005
28.140	-30.339	0.035
28.160	-29.458	0.073
28.180	-28.126	0.104
28.200	-26.402	0.139
28.220	-24.269	0.166
28.240	-21.825	0.194
28.260	-19.049	0.218
28.280	-15.998	0.240
28.300	-12.705	0.257
28.320	-9.219	0.273
28.340	-5.610	0.279
28.360	-1.920	0.285
28.380	1.786	0.288
28.400	5.476	0.287
28.420	9.080	0.279
28.440	12.555	0.271
28.460	15.853	0.256
28.480	18.904	0.236
28.500	21.740	0.215
28.520	24.210	0.189
28.540	26.321	0.165
28.560	28.045	0.132
28.580	29.388	0.103
28.600	30.296	0.068
28.620	30.779	0.036
28.640	30.811	0.003
28.660	30.408	-0.034
28.680	29.554	-0.071
28.700	28.292	-0.100
28.720	26.654	-0.137
28.740	24.570	-0.164
28.760	22.132	-0.195
28.780	19.382	-0.214
28.800	16.379	-0.241
28.820	13.092	-0.257
28.840	9.655	-0.276
28.860	6.088	-0.283
28.880	2.409	-0.292
28.900	-1.292	-0.295
28.920	-4.976	-0.292
28.940	-8.607	-0.285
28.960	-12.082	-0.275
28.980	-15.412	-0.262
29.000	-18.517	-0.245
29.020	-21.347	-0.220
29.040	-23.866	-0.201
29.060	-26.031	-0.170
29.080	-27.830	-0.145
29.100	-29.238	-0.114
29.120	-30.199	-0.080
29.140	-30.720	-0.049
29.160	-30.806	-0.013
29.180	-30.484	0.022
29.200	-29.699	0.058
29.220	-28.491	0.086
29.240	-26.837	0.124
29.260	-24.823	0.149
29.280	-22.454	0.185
29.300	-19.715	0.206
29.320	-16.744	0.236
29.340	-13.516	0.249
29.360	-10.057	0.267
29.380	-6.480	0.277
29.400	-2.801	0.285
29.420	0.905	0.288
29.440	4.600	0.290
29.460	8.215	0.281
29.480	11.739	0.275
29.500	15.090	0.260
29.520	18.200	0.247
29.540	21.079	0.223
29.560	23.641	0.196
29.580	25.832	0.172
29.600	27.664	0.139
29.620	29.103	0.118
29.640	30.118	-0.411
29.660	30.688	0.049
29.680	30.838	0.010
29.700	30.559	-0.019
29.720	29.796	-0.059
29.740	28.625	-0.089
29.760	27.025	-0.125
29.780	25.134	-0.151
29.800	22.728	-0.185
29.820	20.069	-0.207
29.840	17.104	-0.235
29.860	13.898	-0.255
29.880	10.487	-0.269
29.900	6.937	-0.283
29.920	3.284	-0.285
29.940	-0.411	-0.293
29.960	-4.112	-0.285
29.980	-7.775	-0.288
30.000	-11.303	-0.267
30.020	-14.650	-0.265
30.040	-17.824	-0.239
30.060	-20.740	-0.226
30.080	-23.319	-0.199
30.100	-25.585	-0.176
30.120	-27.476	-0.146
30.140	-28.974	-0.118
30.160	-30.049	-0.084
30.180	-30.666	-0.050
30.200	-30.844	-0.018
30.220	-30.639	0.021
30.240	-29.968	0.051
30.260	-28.872	0.090
30.280	-27.309	0.118
30.300	-25.370	0.151
30.320	-23.066	0.179
30.340	-20.424	0.210
30.360	-17.496	0.239
30.380	-14.327	0.260
30.400	-10.933	0.272
30.420	-7.377	0.282
30.440	-3.714	0.289
30.460	0.013	0.301
30.480	3.714	0.294
30.500	7.345	0.292
30.520	10.901	0.285
30.540	14.295	0.273
30.560	17.469	0.256
30.580	20.407	0.238
30.600	23.066	0.215
30.620	25.338	0.189
30.640	27.213	0.157
30.660	28.797	0.131
30.680	29.914	0.096
30.700	30.591	0.062
30.720	30.844	0.031
30.740	30.656	-0.006
30.760	30.011	-0.038
30.780	28.942	-0.075
30.800	27.465	-0.106
30.820	25.580	-0.137
30.840	23.324	-0.166
30.860	20.719	-0.189
30.880	17.835	-0.220
30.900	14.677	-0.235
30.920	11.406	-0.253
30.940	7.780	-0.267
30.960	4.155	-0.279
30.980	0.475	-0.277
31.000	-3.247	-0.281
31.020	-6.905	-0.273
31.040	-10.487	-0.271
31.060	-13.882	-0.251
31.080	-17.072	-0.245
31.100	-20.053	-0.216
31.120	-22.728	-0.202
31.140	-25.064	-0.167
31.160	-27.078	-0.150
31.180	-28.657	-0.113
31.200	-29.828	-0.084
31.220	-30.553	-0.050
31.240	-30.838	-0.020
31.260	-30.725	0.013
31.280	-30.135	0.049
31.300	-29.146	0.082
31.320	-27.728	0.113
31.340	-25.848	0.148
31.360	-23.646	0.178
31.380	-21.063	0.201
31.400	-18.211	0.235
31.420	-15.069	0.252
31.440	-11.755	0.269
31.460	-8.210	0.284
31.480	-4.579	0.289
31.500	-0.878	0.298
31.520	2.849	0.296
31.540	6.502	0.295
31.560	10.079	0.283
31.580	13.516	0.277
31.600	16.675	0.257
31.620	19.741	0.241
31.640	22.475	0.216
31.660	24.828	0.189
31.680	26.858	0.160
31.700	28.464	0.135
31.720	29.689	0.099
31.740	30.478	0.068
31.760	30.838	0.036
31.780	30.741	-0.003
31.800	30.199	-0.034
31.820	29.232	-0.071
31.840	27.841	-0.105
31.860	26.063	-0.141
31.880	23.904	-0.162
31.900	21.433	-0.193
31.920	18.544	-0.217
31.940	15.471	-0.241
31.960	12.125	-0.258
31.980	8.661	-0.269
32.000	5.046	-0.277
32.020	1.362	-0.284
32.040	-2.344	-0.287
32.060	-6.018	-0.283
32.080	-9.526	-0.280
32.100	-13.071	-0.262
32.120	-16.240	-0.257
32.140	-19.360	-0.232
32.160	-22.083	-0.216
32.180	-24.522	-0.183
32.200	-26.606	-0.165
32.220	-28.287	-0.132
32.240	-29.549	-0.104
32.260	-30.398	-0.064
32.280	-30.779	-0.038
32.300	-30.758	0.000
32.320	-30.317	0.032
32.340	-29.399	0.066
32.360	-28.051	0.098
32.380	-26.310	0.134
32.400	-24.173	0.160
32.420	-21.707	0.189
32.440	-18.904	0.217
32.460	-15.826	0.239
32.480	-12.550	0.256
32.500	-9.058	0.268
32.520	-5.438	0.277
32.540	-1.748	0.285
32.560	1.979	0.286
32.580	5.658	0.285
32.600	9.241	0.276
32.620	12.727	0.269
32.640	15.923	0.252
32.660	19.049	0.233
32.680	21.874	0.211
32.700	24.307	0.186
32.720	26.396	0.159
32.740	28.077	0.131
32.760	29.447	0.100
32.780	30.328	0.066
32.800	30.784	0.033
32.820	30.790	-0.001
32.840	30.392	-0.036
32.860	29.501	-0.069
32.880	28.212	-0.108
32.900	26.525	-0.138
32.920	24.457	-0.168
32.940	22.003	-0.194
32.960	19.242	-0.223
32.980	16.223	-0.241
33.000	12.947	-0.259
33.020	9.590	-0.271
33.040	5.911	-0.286
33.060	2.242	-0.291
33.080	-1.469	-0.298
33.100	-5.148	-0.288
33.120	-8.682	-0.285
33.140	-12.254	-0.273
33.160	-15.488	-0.261
33.180	-18.667	-0.241
33.200	-21.471	-0.221
33.220	-23.969	-0.199
33.240	-26.128	-0.169
33.260	-27.922	-0.142
33.280	-29.302	-0.113
33.300	-30.237	-0.078
33.320	-30.709	-0.046
33.340	-30.811	-0.012
33.360	-30.435	0.021
33.380	-29.662	0.063
33.400	-28.437	0.089
33.420	-26.772	0.128
33.440	-24.726	0.151
33.460	-22.320	0.185
33.480	-19.596	0.206
33.500	-16.594	0.240
33.520	-13.430	0.252
33.540	-9.891	0.273
33.560	-6.324	0.276
33.580	-2.640	0.288
33.600	1.098	0.285
33.620	4.767	0.288
33.640	8.392	0.283
33.660	11.814	0.274
33.680	15.246	0.258
33.700	18.350	0.244
33.720	21.202	0.222
33.740	23.754	0.202
33.760	25.886	0.173
33.780	27.750	0.141
33.800	29.168	0.115
33.820	30.129	0.080
33.840	30.709	0.047
33.860	30.833	0.011
33.880	30.510	-0.024
33.900	29.742	-0.056
33.920	28.561	-0.088
33.940	27.003	-0.122
33.960	24.989	-0.153
33.980	22.610	-0.177
34.000	19.994	-0.203
34.020	16.965	-0.229
34.040	13.737	-0.246
34.060	10.326	-0.456
34.080	6.856	-0.272
34.100	3.113	-0.277
34.120	-0.588	-0.282
34.140	-4.192	-0.278
34.160	-7.947	-0.276
34.180	-11.379	-0.266
34.200	-14.811	-0.251
34.220	-17.888	-0.233
34.240	-20.783	-0.217
34.260	-23.421	-0.190
34.280	-25.660	-0.164
34.300	-27.556	-0.140
34.320	-29.017	-0.107
34.340	-30.059	-0.075
34.360	-30.672	-0.042
34.380	-30.817	-0.009
34.400	-30.586	0.029
34.420	-29.936	0.062
34.440	-28.765	0.095
34.460	-27.197	0.128
34.480	-25.247	0.157
34.500	-22.932	0.187
34.520	-20.273	0.214
34.540	-17.335	0.242
34.560	-14.225	0.263
34.580	-10.750	0.274
34.600	-7.178	0.289
34.620	-3.526	0.295
34.640	0.185	0.301
34.660	3.795	0.298
34.680	7.544	0.297
34.700	10.997	0.284
34.720	14.467	0.273
34.740	17.625	0.253
34.760	20.552	0.237
34.780	23.195	0.215
34.800	25.392	0.190
34.820	27.342	0.155
34.840	28.862	0.132
34.860	29.947	0.095
34.880	30.623	0.064
34.900	30.854	0.028
34.920	30.645	-0.003
34.940	29.990	-0.041
34.960	28.878	-0.073
34.980	27.352	-0.109
35.000	25.494	-0.138
35.020	23.222	-0.170
35.040	20.595	-0.191
35.060	17.760	-0.222
35.080	14.537	-0.237
35.100	11.228	-0.253
35.120	7.646	-0.269
35.140	3.993	-0.277
35.160	0.389	-0.282
35.180	-3.403	-0.279
35.200	-6.964	-0.279
35.220	-10.621	-0.267
35.240	-13.925	-0.255
35.260	-17.222	-0.244
35.280	-20.182	-0.219
35.300	-22.744	-0.196
35.320	-25.150	-0.168
35.340	-27.068	-0.147
35.360	-28.690	-0.113
35.380	-29.844	-0.084
35.400	-30.564	-0.051
35.420	-30.811	-0.019
35.440	-30.682	0.016
35.460	-30.081	0.049
35.480	-29.082	0.082
35.500	-27.589	0.115
35.520	-25.719	0.150
35.540	-23.560	0.173
35.560	-20.918	0.204
35.580	-18.055	0.230
35.600	-14.902	0.253
35.620	-11.663	0.264
35.640	-8.043	0.282
35.660	-4.482	0.285
35.680	-0.696	0.289
35.700	3.032	0.290
35.720	6.684	0.287
35.740	10.251	0.280
35.760	13.602	0.271
35.780	16.911	0.252
35.800	19.876	0.235
35.820	22.540	0.210
35.840	24.941	0.186
35.860	26.885	0.155
35.880	28.529	0.128
35.900	29.742	0.091
35.920	30.500	0.066
35.940	30.833	0.026
35.960	30.725	-0.007
35.980	30.172	-0.045
36.000	29.216	-0.077
36.020	27.777	-0.111
36.040	25.977	-0.142
36.060	23.797	-0.173
36.080	21.245	-0.199
36.100	18.404	-0.228
36.120	15.310	-0.244
36.140	12.061	-0.265
36.160	8.484	-0.278
36.180	4.960	-0.286
36.200	1.190	-0.291
36.220	-2.506	-0.290
36.240	-6.104	-0.290
36.260	-9.783	-0.280
36.280	-13.140	-0.270
36.300	-16.444	-0.254
36.320	-19.408	-0.235
36.340	-22.201	-0.215
36.360	-24.581	-0.188
36.380	-26.665	-0.165
36.400	-28.324	-0.133
36.420	-29.587	-0.104
36.440	-30.419	-0.068
36.460	-30.784	-0.039
36.480	-30.768	-0.001
36.500	-30.263	0.032
36.520	-29.372	0.069
36.540	-27.970	0.097
36.560	-26.251	0.132
36.580	-24.071	0.160
36.600	-21.643	0.191
36.620	-18.748	0.219
36.640	-15.649	0.240
36.660	-12.458	0.254
36.680	-8.876	0.269
36.700	-5.352	0.275
36.720	-1.571	0.286
36.740	2.140	0.287
36.760	5.734	0.285
36.780	9.407	0.277
36.800	12.797	0.267
36.820	16.154	0.250
36.840	19.199	0.234
36.860	21.987	0.211
36.880	24.361	0.186
36.900	26.498	0.164
36.920	28.185	0.132
36.940	29.495	0.099
36.960	30.360	0.066
36.980	30.795	0.032
37.000	30.779	-0.001
37.020	30.365	-0.034
37.040	29.479	-0.068
37.060	28.185	-0.104
37.080	26.477	-0.134
37.100	24.404	-0.161
37.120	21.885	-0.193
37.140	19.113	-0.218
37.160	16.148	-0.241
37.180	12.861	-0.254
37.200	9.322	-0.270
37.220	5.744	-0.283
37.240	2.071	-0.288
37.260	-1.539	-0.287
37.280	-5.325	-0.284
37.300	-8.860	-0.278
37.320	-12.415	-0.267
37.340	-15.708	-0.257
37.360	-18.807	-0.238
37.380	-21.557	-0.214
37.400	-24.092	-0.189
37.420	-26.214	-0.163
37.440	-27.965	-0.136
37.460	-29.329	-0.104
37.480	-30.274	-0.068
37.500	-30.747	-0.038
37.520	-30.774	0.000
37.540	-30.446	0.032
37.560	-29.608	0.066
37.580	-28.389	0.096
37.600	-26.681	0.132
37.620	-24.624	0.157
37.640	-22.223	0.190
37.660	-19.457	0.211
37.680	-16.524	0.244
37.700	-13.199	0.258
37.720	-9.832	0.273
37.740	-6.158	0.281
37.760	-2.554	0.289
37.780	1.254	0.292
37.800	4.949	0.290
37.820	8.548	0.283
37.840	12.066	0.277
37.860	15.310	0.263
37.880	18.409	0.248
37.900	21.347	0.227
37.920	23.872	0.202
37.940	26.042	0.177
37.960	27.787	0.144
37.980	29.216	0.115
38.000	30.188	0.082
38.020	30.731	0.052
38.040	30.822	0.015
38.060	30.505	-0.017
38.080	29.705	-0.053
38.100	28.534	-0.086
38.120	26.874	-0.122
38.140	24.882	-0.146
38.160	22.481	-0.178
38.180	19.795	-0.203
38.200	16.814	-0.229
38.220	13.586	-0.241
38.240	10.256	-0.257
38.260	6.609	-0.270
38.280	2.951	-0.276
38.300	-0.760	-0.283
38.320	-4.450	-0.276
38.340	-8.011	-0.271
38.360	-11.615	-0.266
38.380	-14.950	-0.253
38.400	-18.082	-0.232
38.420	-20.966	-0.215
38.440	-23.533	-0.189
38.460	-25.746	-0.160
38.480	-27.567	-0.136
38.500	-29.071	-0.103
38.520	-30.086	-0.071
38.540	-30.666	-0.040
38.560	-30.844	-0.007
38.580	-30.559	0.029
38.600	-29.839	0.065
38.620	-28.738	0.094
38.640	-27.121	0.128
38.660	-25.182	0.154
38.680	-22.808	0.190
38.700	-20.128	0.214
38.720	-17.190	0.240
38.740	-13.989	0.262
38.760	-10.578	0.277
38.780	-7.012	0.287
38.800	-3.429	0.292
38.820	0.379	0.298
38.840	4.069	0.296
38.860	7.619	0.291
38.880	11.255	0.285
38.900	14.537	0.269
38.920	17.786	0.254
38.940	20.617	0.232
38.960	23.297	0.207
38.980	25.548	0.184
39.000	27.449	0.154
39.020	28.921	0.126
39.040	30.006	0.090
39.060	30.645	0.059
39.080	30.844	0.020
39.100	30.613	-0.006
39.120	29.947	-0.049
39.140	28.819	-0.080
39.160	27.277	-0.115
39.180	25.408	-0.144
39.200	23.098	-0.175
39.220	20.547	-0.200
39.240	17.566	-0.226
39.260	14.376	-0.245
39.280	11.008	-0.255
39.300	7.474	-0.279
39.320	3.924	-0.279
39.340	0.148	-0.291
39.360	-3.478	-0.284
39.380	-7.227	-0.288
39.400	-10.772	-0.267
39.420	-14.070	-0.261
39.440	-17.346	-0.244
39.460	-20.295	-0.223
39.480	-22.927	-0.204
39.500	-25.225	-0.175
39.520	-27.197	-0.150
39.540	-28.738	-0.116
39.560	-29.844	-0.089
39.580	-30.564	-0.056
39.600	-30.817	-0.027
39.620	-30.639	0.010
39.640	-30.070	0.045
39.660	-28.985	0.079
39.680	-27.551	0.107
39.700	-25.677	0.143
39.720	-23.383	0.169
39.740	-20.880	0.198
39.760	-17.899	0.225
39.780	-14.843	0.248
39.800	-11.406	0.260
39.820	-7.844	0.271
39.840	-4.305	0.282
39.860	-0.508	0.286
39.880	3.102	0.285
39.900	6.856	0.282
39.920	10.331	0.274
39.940	13.844	0.261
39.960	17.045	0.249
39.980	19.929	0.227
40.000	22.722	0.208
40.020	24.978	0.178
40.040	27.014	0.149
40.060	28.593	0.121
40.080	29.796	0.087
40.100	30.510	0.057
40.120	30.844	0.023
40.140	30.704	-0.013
40.160	30.145	-0.042
40.180	29.125	-0.082
40.200	27.696	-0.117
40.220	25.886	-0.146
40.240	23.684	-0.175
40.260	21.127	-0.203
40.280	18.281	-0.226
40.300	15.240	-0.248
40.320	11.808	-0.262
40.340	8.317	-0.282
40.360	4.708	-0.287
40.380	1.109	-0.293
40.400	-2.688	-0.291
40.420	-6.346	-0.290
40.440	-9.864	-0.279
40.460	-13.366	-0.269
40.480	-16.524	-0.257
40.500	-19.623	-0.233
40.520	-22.266	-0.215
40.540	-24.710	-0.184
40.560	-26.761	-0.162
40.580	-28.384	-0.128
40.600	-29.635	-0.101
40.620	-30.430	-0.065
40.640	-30.774	-0.034
40.660	-30.731	0.003
40.680	-30.215	0.035
40.700	-29.286	0.072
40.720	-27.932	0.102
40.740	-26.112	0.136
40.760	-23.952	0.166
40.780	-21.449	0.194
40.800	-18.614	0.223
40.820	-15.509	0.241
40.840	-12.302	0.258
40.860	-8.709	0.272
40.880	-5.084	0.280
40.900	-1.388	0.289
40.920	2.312	0.289
40.940	5.900	0.285
40.960	9.563	0.278
40.980	13.049	0.268
41.000	16.304	0.255
41.020	19.323	0.238
41.040	22.030	0.213
41.060	24.511	0.190
41.080	26.590	0.163
41.100	28.228	0.129
41.120	29.549	0.099
41.140	30.371	0.065
41.160	30.801	0.032
41.180	30.774	-0.001
41.200	30.333	-0.032
41.220	29.426	-0.068
41.240	28.077	-0.100
41.260	26.337	-0.133
41.280	24.296	-0.164
41.300	21.761	-0.191
41.320	18.979	-0.214
41.340	15.917	-0.241
41.360	12.625	-0.249
41.380	9.257	-0.271
41.400	5.573	-0.276
41.420	1.893	-0.285
41.440	-1.818	-0.288
41.460	-5.487	-0.287
41.480	-9.117	-0.273
41.500	-12.496	-0.266
41.520	-15.858	-0.249
41.540	-18.925	-0.229
41.560	-21.664	-0.210
41.580	-24.205	-0.184
41.600	-26.273	-0.158
41.620	-28.077	-0.130
41.640	-29.409	-0.100
41.660	-30.312	-0.062
41.680	-30.741	-0.038
41.700	-30.811	0.003
41.720	-30.398	0.036
41.740	-29.571	0.073
41.760	-28.281	0.100
41.780	-26.573	0.140
41.800	-24.506	0.165
41.820	-22.083	0.197
41.840	-19.398	0.220
41.860	-16.304	0.247
41.880	-13.038	0.264
41.900	-9.671	0.279
41.920	-5.970	0.290
41.940	-2.382	0.298
41.960	1.437	0.298
41.980	5.127	0.298
42.000	8.720	0.294
42.020	12.147	0.280
42.040	15.547	0.265
42.060	18.565	0.250
42.080	21.482	0.231
42.100	23.985	0.207
42.120	26.079	0.178
42.140	27.889	0.145
42.160	29.275	0.118
42.180	30.231	0.085
42.200	30.731	0.053
42.220	30.822	0.015
42.240	30.484	-0.018
42.260	29.673	-0.053
42.280	28.421	-0.089
42.300	26.794	-0.117
42.320	24.790	-0.150
42.340	22.379	-0.175
42.360	19.725	-0.203
42.380	16.669	-0.226
42.400	13.430	-0.246
42.420	9.998	-0.260
42.440	6.432	-0.270
42.460	2.865	-0.276
42.480	-0.927	-0.279
42.500	-4.622	-0.278
42.520	-8.156	-0.272
42.540	-11.760	-0.262
42.560	-15.095	-0.249
42.580	-18.141	-0.233
42.600	-21.084	-0.210
42.620	-23.566	-0.188
42.640	-25.843	-0.160
42.660	-27.642	-0.135
42.680	-29.114	-0.101
42.700	-30.108	-0.071
42.720	-30.677	-0.040
42.740	-30.822	-0.005
42.760	-30.543	0.027
42.780	-29.796	0.063
42.800	-28.615	0.095
42.820	-27.057	0.130
42.840	-25.010	0.155
42.860	-22.690	0.188
42.880	-19.994	0.213
42.900	-17.104	0.240
42.920	-13.903	0.257
42.940	-10.401	0.275
42.960	-6.910	0.281
42.980	-3.150	0.291
43.000	0.556	0.291
43.020	4.257	0.295
43.040	7.887	0.288
43.060	11.325	0.277
43.080	14.773	0.266
43.100	17.856	0.250
43.120	20.821	0.225
43.140	23.421	0.207
43.160	25.585	0.178
43.180	27.519	0.153
43.200	28.953	0.119
43.220	30.049	0.086
43.240	30.650	0.053
43.260	30.849	0.016
43.280	30.602	-0.017
43.300	29.877	-0.055
43.320	28.754	-0.082
43.340	27.266	-0.118
43.360	25.295	-0.147
43.380	22.975	-0.178
43.400	20.338	-0.203
43.420	17.491	-0.230
43.440	14.220	-0.248
43.460	10.831	-0.262
43.480	7.388	-0.276
43.500	3.660	-0.287
43.520	0.056	-0.289
43.540	-3.752	-0.291
43.560	-7.393	-0.281
43.580	-10.938	-0.273
43.600	-14.225	-0.263
43.620	-17.421	-0.249
43.640	-20.418	-0.227
43.660	-22.975	-0.204
43.680	-25.322	-0.178
43.700	-27.218	-0.152
43.720	-28.824	-0.120
43.740	-29.909	-0.089
43.760	-30.580	-0.058
43.780	-30.806	-0.023
43.800	-30.639	0.012
43.820	-30.016	0.042
43.840	-28.964	0.079
43.860	-27.427	0.111
43.880	-25.521	0.144
43.900	-23.281	0.171
43.920	-20.746	0.197
43.940	-17.754	0.223
43.960	-14.607	0.247
43.980	-11.325	0.258
44.000	-7.694	0.270
44.020	-4.133	0.282
44.040	-0.330	0.285
44.060	3.376	0.288
44.080	7.028	0.277
44.100	10.578	0.273
44.120	13.903	0.263
44.140	17.196	0.246
44.160	20.074	0.227
44.180	22.846	0.203
44.200	25.145	0.178
44.220	27.073	0.149
44.240	28.668	0.121
44.260	29.818	0.089
44.280	30.548	0.057
44.300	30.838	0.020
44.320	30.704	-0.016
44.340	30.102	-0.045
44.360	29.098	-0.084
44.380	27.599	-0.115
44.400	25.832	-0.148
44.420	23.566	-0.178
44.440	20.998	-0.204
44.460	18.125	-0.224
44.480	15.074	-0.250
44.500	11.733	-0.261
44.520	8.140	-0.280
44.540	4.616	-0.282
44.560	0.830	-0.294
44.580	-2.796	-0.287
44.600	-6.555	-0.289
44.620	-10.138	-0.275
44.640	-13.468	-0.265
44.660	-16.777	-0.249
44.680	-19.715	-0.229
44.700	-22.486	-0.212
44.720	-24.806	-0.182
44.740	-26.821	-0.158
44.760	-28.512	-0.125
44.780	-29.694	-0.097
44.800	-30.516	-0.059
44.820	-30.811	-0.034
44.840	-30.752	0.008
44.860	-30.242	0.041
44.880	-29.286	0.076
44.900	-27.863	0.105
44.920	-26.101	0.139
44.940	-23.883	0.169
44.960	-21.364	0.196
44.980	-18.522	0.223
45.000	-15.407	0.304
45.020	-12.179	0.260
45.040	-8.580	0.274
45.060	-5.041	0.279
45.080	-1.243	0.288
45.100	2.468	0.288
45.120	6.051	0.285
45.140	9.724	0.281
45.160	13.194	0.268
45.180	16.449	0.257
45.200	19.382	0.237
45.220	22.212	0.215
45.240	24.618	0.191
45.260	26.676	0.162
45.280	28.292	0.134
45.300	29.592	0.102
45.320	30.414	0.071
45.340	30.817	0.037
45.360	30.758	0.003
45.380	30.296	-0.031
45.400	29.350	-0.065
45.420	28.024	-0.099
45.440	26.246	-0.131
45.460	24.130	-0.156
45.480	21.686	-0.187
45.500	18.823	-0.204
45.520	15.842	-0.235
45.540	12.448	-0.245
45.560	8.978	-0.270
45.580	5.481	-0.275
45.600	1.716	-0.281
45.620	-1.915	-0.280
45.640	-5.685	-0.283
45.660	-9.322	-0.270
45.680	-12.775	-0.262
45.700	-16.046	-0.246
45.720	-19.113	-0.229
45.740	-21.825	-0.212
45.760	-24.350	-0.179
45.780	-26.455	-0.157
45.800	-28.147	-0.125
45.820	-29.501	-0.094
45.840	-30.382	-0.061
45.860	-30.790	-0.035
45.880	-30.827	0.008
45.900	-30.408	0.035
45.920	-29.565	0.078
45.940	-28.271	0.106
45.960	-26.547	0.141
45.980	-24.484	0.167
46.000	-21.987	0.199
46.020	-19.285	0.223
46.040	-16.148	0.244
46.060	-12.909	0.269
46.080	-9.418	0.282
46.100	-5.814	0.298
46.120	-2.199	0.301
46.140	1.587	0.303
46.160	5.191	0.298
46.180	8.876	0.293
46.200	12.383	0.284
46.220	15.692	0.269
46.240	18.769	0.250
46.260	21.541	0.230
46.280	24.076	0.206
46.300	26.171	0.177
46.320	27.981	0.145
46.340	29.340	0.121
46.360	30.263	0.082
46.380	30.758	0.057
46.400	30.833	0.018
46.420	30.451	-0.013
46.440	29.592	-0.051
46.460	28.394	-0.087
46.480	26.681	-0.122
46.500	24.726	-0.150
46.520	22.260	-0.184
46.540	19.521	-0.202
46.560	16.519	-0.231
46.580	13.350	-0.241
46.600	9.826	-0.267
46.620	6.255	-0.267
46.640	2.592	-0.283
46.660	-1.109	-0.281
46.680	-4.713	-0.280
46.700	-8.344	-0.274
46.720	-11.948	-0.265
46.740	-15.171	-0.255
46.760	-18.377	-0.232
46.780	-21.149	-0.216
46.800	-23.748	0.030
46.820	-25.897	-0.164
46.840	-27.777	-0.137
46.860	-29.205	-0.106
46.880	-30.167	-0.074
46.900	-30.731	-0.040
46.920	-30.838	-0.008
46.940	-30.510	0.029
46.960	-29.764	0.064
46.980	-28.588	0.089
47.000	-26.955	0.128
47.020	-24.978	0.153
47.040	-22.588	0.184
47.060	-19.870	0.211
47.080	-16.900	0.236
47.100	-13.677	0.256
47.120	-10.337	0.267
47.140	-6.668	0.281
47.160	-3.075	0.285
47.180	0.717	0.290
47.200	4.332	0.289
47.220	8.049	0.285
47.240	11.486	0.273
47.260	14.924	0.262
47.280	18.066	0.241
47.300	20.950	0.223
47.320	23.523	0.200
47.340	25.687	0.173
47.360	27.589	0.143
47.380	29.012	0.114
47.400	30.075	0.078
47.420	30.682	0.045
47.440	30.844	0.012
47.460	30.564	-0.021
47.480	29.866	-0.060
47.500	28.695	-0.090
47.520	27.164	-0.129
47.540	25.198	-0.154
47.560	22.916	-0.186
47.580	20.198	-0.210
47.600	17.265	-0.236
47.620	14.145	-0.252
47.640	10.659	-0.270
47.660	7.130	-0.280
47.680	3.569	-0.289
47.700	-0.223	-0.293
47.720	-3.918	-0.291
47.740	-7.571	-0.284
47.760	-11.024	-0.277
47.780	-14.483	-0.264
47.800	-17.561	-0.251
47.820	-20.563	-0.229
47.840	-23.174	-0.203
47.860	-25.392	-0.177
47.880	-27.374	-0.154
47.900	-28.840	-0.121
47.920	-29.947	-0.091
47.940	-30.602	-0.054
47.960	-30.817	-0.026
47.980	-30.613	0.014
48.000	-29.979	0.046
48.020	-28.888	0.079
48.040	-27.395	0.113
48.060	-25.424	0.141
48.080	-23.174	0.174
48.100	-20.547	0.197
48.120	-17.615	0.225
48.140	-14.456	0.246
48.160	-11.073	0.265
48.180	-7.619	0.269
48.200	-3.870	0.283
48.220	-0.164	0.285
48.240	3.542	0.287
48.260	7.200	0.279
48.280	10.664	0.275
48.300	14.161	0.263
48.320	17.260	0.248
48.340	20.284	0.227
48.360	22.959	0.205
48.380	25.188	0.178
48.400	27.197	0.152
48.420	28.706	0.121
48.440	29.877	0.086
48.460	30.586	0.053
48.480	30.844	0.020
48.500	30.682	-0.010
48.520	30.075	-0.048
48.540	29.033	-0.081
48.560	27.535	-0.118
48.580	25.693	-0.145
48.600	23.458	-0.178
48.620	20.859	-0.201
48.640	18.066	-0.225
48.660	14.929	-0.247
48.680	11.481	-0.262
48.700	7.968	-0.276
48.720	4.332	-0.285
48.740	0.733	-0.288
48.760	-3.064	-0.289
48.780	-6.631	-0.284
48.800	-10.299	-0.271
48.820	-13.629	-0.262
48.840	-16.943	-0.250
48.860	-19.929	-0.225
48.880	-22.604	-0.206
48.900	-24.973	-0.179
48.920	-26.933	-0.153
48.940	-28.598	-0.123
48.960	-29.791	-0.092
48.980	-30.521	-0.058
49.000	-30.811	-0.030
49.020	-30.763	0.012
49.040	-30.194	0.041
49.060	-29.221	0.081
49.080	-27.803	0.110
49.100	-26.015	0.144
49.120	-23.834	0.172
49.140	-21.229	0.200
49.160	-18.436	0.227
49.180	-15.251	0.255
49.200	-11.921	0.265
49.220	-8.494	0.280
49.240	-4.767	0.286
49.260	-1.157	0.290
49.280	2.640	0.295
49.300	6.222	0.288
49.320	9.896	0.282
49.340	13.355	0.273
49.360	16.583	0.260
49.380	19.521	0.243
49.400	22.341	0.217
49.420	24.720	0.194
49.440	26.719	0.167
49.460	28.394	0.140
49.480	29.619	0.107
49.500	30.425	0.074
49.520	30.817	0.037
49.540	30.741	0.003
49.560	30.247	-0.030
49.580	29.281	-0.066
49.600	27.911	-0.100
49.620	26.171	-0.127
49.640	24.076	-0.157
49.660	21.492	-0.186
49.680	18.683	-0.212
49.700	15.616	-0.233
49.720	12.378	-0.244
49.740	8.817	-0.267
49.760	5.213	-0.270
49.780	1.625	-0.280
49.800	-2.173	-0.279
49.820	-5.852	-0.276
49.840	-9.381	-0.269
49.860	-12.829	-0.258
49.880	-16.180	-0.244
49.900	-19.231	-0.225
49.920	-21.933	-0.204
49.940	-24.436	-0.175
49.960	-26.471	-0.156
49.980	-28.222	-0.121
50.000	-29.501	-0.090
50.020	-30.392	-0.058
50.040	-30.790	-0.028
50.060	-30.801	0.008
50.080	-30.349	0.042
50.100	-29.511	0.078
50.120	-28.169	0.107
50.140	-26.461	0.144
50.160	-24.328	0.169
50.180	-21.906	0.202
50.200	-19.065	0.225
50.220	-16.014	0.245
50.240	-12.807	0.264
50.260	-9.252	0.280
50.280	-5.712	0.289
50.300	-1.952	0.298
50.320	1.689	0.300
50.340	5.385	0.297
50.360	9.053	0.286
50.380	12.464	0.281
50.400	15.847	0.262
50.420	18.839	0.240
50.440	21.729	0.224
50.460	24.189	0.198
50.480	26.257	0.169
50.500	28.051	0.140
50.520	29.393	0.110
50.540	30.296	0.077
50.560	30.768	0.046
50.580	30.806	0.006
50.600	30.414	-0.021
50.620	29.560	-0.063
50.640	28.287	-0.092
50.660	26.659	-0.130
50.680	24.570	-0.158
50.700	22.148	-0.188
50.720	19.403	-0.209
50.740	16.379	-0.235
50.760	13.189	-0.248
50.780	9.665	-0.269
50.800	6.083	-0.270
50.820	2.516	-0.287
50.840	-1.270	-0.284
50.860	-4.976	-0.286
50.880	-8.521	-0.275
50.900	-12.098	-0.268
50.920	-15.402	-0.257
50.940	-18.431	-0.237
50.960	-21.342	-0.218
50.980	-23.791	-0.191
51.000	-26.031	-0.167
51.020	-27.841	-0.138
51.040	-29.195	-0.107
51.060	-30.215	-0.077
51.080	-30.709	-0.046
51.100	-30.827	-0.010
51.120	-30.494	0.020
51.140	-29.716	0.060
51.160	-28.529	0.088
51.180	-26.842	0.123
51.200	-24.817	0.152
51.220	-22.518	0.182
51.240	-19.741	0.207
51.260	-16.798	0.232
51.280	-13.506	0.251
51.300	-10.149	0.266
51.320	-6.496	0.279
51.340	-2.898	0.283
51.360	0.910	0.288
51.380	4.504	0.286
51.400	8.210	0.280
51.420	11.658	0.268
51.440	15.095	0.257
51.460	18.130	0.242
51.480	21.073	0.219
51.500	23.576	0.193
51.520	25.838	0.171
51.540	27.658	0.138
51.560	29.103	0.111
51.580	30.118	0.073
51.600	30.688	0.046
51.620	30.844	0.008
51.640	30.548	-0.023
51.660	29.796	-0.063
51.680	28.636	-0.092
51.700	27.030	-0.127
51.720	25.156	-0.154
51.740	22.733	-0.188
51.760	20.069	-0.212
51.780	17.201	-0.238
51.800	13.903	-0.254
51.820	10.503	-0.274
51.840	6.942	-0.279
51.860	3.397	-0.291
51.880	-0.293	-0.293
51.900	-4.095	-0.289
51.920	-7.646	-0.284
51.940	-11.277	-0.274
51.960	-14.548	-0.265
51.980	-17.786	-0.246
52.000	-20.698	-0.226
52.020	-23.227	-0.200
52.040	-25.537	-0.176
52.060	-27.390	-0.150
52.080	-28.958	-0.117
52.100	-30.006	-0.088
52.120	-30.613	-0.052
52.140	-30.827	-0.022
52.160	-30.613	0.018
52.180	-29.930	0.048
52.200	-28.840	0.086
52.220	-27.282	0.111
52.240	-25.397	0.149
52.260	-23.066	0.176
52.280	-20.424	0.202
52.300	-17.486	0.228
52.320	-14.322	0.250
52.340	-11.003	0.265
52.360	-7.372	0.281
52.380	-3.698	0.285
52.400	-0.089	0.287
52.420	3.719	0.286
52.440	7.270	0.285
52.460	10.901	0.280
52.480	14.220	0.265
52.500	17.469	0.250
52.520	20.407	0.230
52.540	23.077	0.204
52.560	25.338	0.182
52.580	27.213	0.152
52.600	28.802	0.123
52.620	29.887	0.087
52.640	30.602	0.057
52.660	30.849	0.022
52.680	30.650	-0.011
52.700	30.016	-0.046
52.720	28.942	-0.076
52.740	27.470	-0.115
52.760	25.639	-0.138
52.780	23.335	-0.177
52.800	20.735	-0.197
52.820	17.845	-0.225
52.840	14.762	-0.243
52.860	11.314	-0.261
52.880	7.796	-0.270
52.900	4.251	-0.282
52.920	0.459	-0.283
52.940	-3.247	-0.284
52.960	-6.915	-0.277
52.980	-10.482	-0.269
53.000	-13.892	-0.150
53.020	-17.013	-0.242
53.040	-20.058	-0.223
53.060	-22.674	-0.199
53.080	-25.064	-0.173
53.100	-27.073	-0.150
53.120	-28.647	-0.113
53.140	-29.823	-0.083
53.160	-30.564	-0.051
53.180	-30.811	-0.022
53.200	-30.731	0.019
53.220	-30.204	0.049
53.240	-29.157	0.086
53.260	-27.739	0.119
53.280	-25.870	0.150
53.300	-23.662	0.176
53.320	-21.186	0.209
53.340	-18.227	0.233
53.360	-15.176	0.256
53.380	-11.749	0.270
53.400	-8.328	0.287
53.420	-4.595	0.291
53.440	-0.969	0.302
53.460	2.737	0.297
53.480	6.496	0.299
53.500	10.057	0.285
53.520	13.430	0.277
53.540	16.744	0.260
53.560	19.661	0.245
53.580	22.475	0.219
53.600	24.817	0.197
53.620	26.853	0.170
53.640	28.432	0.138
53.660	29.689	0.106
53.680	30.473	0.072
53.700	30.822	0.038
53.720	30.731	0.005
53.740	30.215	-0.026
53.760	29.270	-0.063
53.780	27.895	-0.100
53.800	26.058	-0.126
53.820	23.958	-0.159
53.840	21.374	-0.188
53.860	18.549	-0.212
53.880	15.471	-0.235
53.900	12.222	-0.246
53.920	8.666	-0.263
53.940	5.046	-0.272
53.960	1.367	-0.279
53.980	-2.253	-0.278
54.000	-6.029	-0.274
54.020	-9.617	-0.270
54.040	-13.071	-0.257
54.060	-16.240	-0.249
54.080	-19.382	-0.052
54.100	-22.030	-0.208
54.120	-24.532	-0.174
54.140	-26.536	-0.156
54.160	-28.314	-0.122
54.180	-29.554	-0.094
54.200	-30.414	-0.059
54.220	-30.795	-0.029
54.240	-30.774	0.010
54.260	-30.328	0.041
54.280	-29.420	0.078
54.300	-28.099	0.107
54.320	-26.321	0.145
54.340	-24.183	0.169
54.360	-21.718	0.195
54.380	-18.914	0.224
54.400	-15.912	0.244
54.420	-12.560	0.261
54.440	-9.144	0.277
54.460	-5.449	0.285
54.480	-1.845	0.294
54.500	1.866	0.293
54.520	5.637	0.290
54.540	9.134	0.281
54.560	12.721	0.277
54.580	15.923	0.257
54.600	19.049	0.239
54.620	21.782	0.224
54.640	24.242	0.194
54.660	26.396	0.170
54.680	28.072	0.138
54.700	29.436	0.107
54.720	30.328	0.074
54.740	30.779	0.040
54.760	30.795	0.004
54.780	30.392	-0.030
54.800	29.501	-0.067
54.820	28.206	-0.099
54.840	26.525	-0.135
54.860	24.532	-0.164
54.880	22.013	-0.191
54.900	19.253	-0.212
54.920	16.309	-0.241
54.940	12.952	-0.252
54.960	9.499	-0.273
54.980	5.916	-0.279
55.000	2.344	-0.291
55.020	-1.458	-0.290
55.040	-5.041	-0.291
55.060	-8.682	-0.281
55.080	-12.249	-0.270
55.100	-15.477	-0.258
55.120	-18.651	-0.242
55.140	-21.390	-0.219
55.160	-23.958	-0.196
55.180	-26.058	-0.169
55.200	-27.916	-0.139
55.220	-29.254	-0.109
55.240	-30.247	-0.077
55.260	-30.704	-0.048
55.280	-30.811	-0.009
55.300	-30.446	0.024
55.320	-29.656	0.060
55.340	-28.453	0.087
55.360	-26.751	0.125
55.380	-24.774	0.149
55.400	-22.320	0.183
55.420	-19.661	0.208
55.440	-16.578	0.237
55.460	-13.350	0.246
55.480	-9.912	0.267
55.500	-6.394	0.275
55.520	-2.726	0.286
55.540	1.072	0.284
55.560	4.767	0.285
55.580	8.382	0.274
55.600	11.808	0.270
55.620	15.160	0.255
55.640	18.340	0.242
55.660	21.143	0.219
55.680	23.754	0.197
55.700	25.934	0.171
55.720	27.707	0.138
55.740	29.162	0.109
55.760	30.161	0.074
55.780	30.709	0.045
55.800	30.833	0.008
55.820	30.521	-0.027
55.840	29.769	-0.063
55.860	28.566	-0.095
55.880	27.003	-0.128
55.900	25.043	-0.156
55.920	22.674	-0.188
55.940	20.005	-0.208
55.960	16.975	-0.237
55.980	13.828	-0.253
56.000	10.326	-0.270
56.020	6.776	-0.279
56.040	3.220	-0.287
56.060	-0.475	-0.293
56.080	-4.181	-0.288
56.100	-7.925	-0.279
56.120	-11.352	-0.270
56.140	-14.789	-0.263
56.160	-17.862	-0.241
56.180	-20.832	-0.225
56.200	-23.426	-0.196
56.220	-25.671	-0.171
56.240	-27.535	-0.144
56.260	-28.990	-0.113
56.280	-30.065	-0.080
56.300	-30.656	-0.051
56.320	-30.838	-0.017
56.340	-30.591	0.022
56.360	-29.909	0.053
56.380	-28.770	0.091
56.400	-27.266	0.121
56.420	-25.268	0.150
56.440	-23.007	0.182
56.460	-20.375	0.207
56.480	-17.341	0.237
56.500	-14.252	0.252
56.520	-10.772	0.270
56.540	-7.302	0.277
56.560	-3.531	0.285
56.580	0.089	0.288
56.600	3.795	0.288
56.620	7.511	0.281
56.640	11.067	0.277
56.660	14.446	0.265
56.680	17.545	0.253
56.700	20.542	0.233
56.720	23.109	0.210
56.740	25.386	0.182
56.760	27.304	0.152
56.780	28.819	0.124
56.800	29.952	0.095
56.820	30.607	0.055
56.840	30.854	0.024
56.860	30.639	-0.008
56.880	29.995	-0.044
56.900	28.915	-0.076
56.920	27.406	-0.112
56.940	25.489	-0.138
56.960	23.281	-0.171
56.980	20.595	-0.191
57.000	17.770	-0.220
57.020	14.607	-0.237
57.040	11.158	-0.255
57.060	7.705	-0.266
57.080	3.983	-0.279
57.100	0.298	-0.279
57.120	-3.419	-0.279
57.140	-6.985	-0.271
57.160	-10.637	-0.265
57.180	-14.021	-0.252
57.200	-17.239	-0.236
57.220	-20.187	-0.216
57.240	-22.787	-0.196
57.260	-25.166	-0.165
57.280	-27.100	-0.143
57.300	-28.717	-0.109
57.320	-29.882	-0.078
57.340	-30.570	-0.046
57.360	-30.827	-0.015
57.380	-30.704	0.022
57.400	-30.145	0.055
57.420	-29.125	0.087
57.440	-27.615	0.120
57.460	-25.822	0.152
57.480	-23.533	0.183
57.500	-20.982	0.211
57.520	-18.082	0.236
57.540	-14.934	0.259
57.560	-11.669	0.270
57.580	-8.059	0.286
57.600	-4.412	0.297
57.620	-0.701	0.303
57.640	3.005	0.301
57.660	6.668	0.299
57.680	10.229	0.289
57.700	13.597	0.277
57.720	16.895	0.258
57.740	19.876	0.244
57.760	22.529	0.217
57.780	24.925	0.194
57.800	26.939	0.167
57.820	28.507	0.134
57.840	29.742	0.100
57.860	30.505	0.070
57.880	30.844	0.037
57.900	30.725	-0.001
57.920	30.167	-0.031
57.940	29.184	-0.067
57.960	27.777	-0.102
57.980	25.983	-0.129
58.000	23.856	-0.163
58.020	21.245	-0.191
58.040	18.415	-0.212
58.060	15.316	-0.236
58.080	12.066	-0.252
58.100	8.484	-0.267
58.120	4.874	-0.275
58.140	1.292	-0.281
58.160	-2.527	-0.287
58.180	-6.196	-0.278
58.200	-9.778	-0.274
58.220	-13.210	-0.256
58.240	-16.487	-0.249
58.260	-19.414	-0.224
58.280	-22.153	-0.208
58.300	-24.629	-0.179
58.320	-26.638	-0.154
58.340	-28.367	-0.125
58.360	-29.571	-0.096
58.380	-30.441	-0.062
58.400	-30.790	-0.032
58.420	-30.763	0.008
58.440	-30.285	0.039
58.460	-29.361	0.076
58.480	-27.991	0.104
58.500	-26.214	0.140
58.520	-24.081	0.166
58.540	-21.584	0.197
58.560	-18.839	0.223
58.580	-15.702	0.245
58.600	-12.485	0.261
58.620	-8.897	0.274
58.640	-5.272	0.281
58.660	-1.576	0.289
58.680	2.140	0.292
58.700	5.734	0.285
58.720	9.397	0.277
58.740	12.797	0.267
58.760	16.148	0.255
58.780	19.102	0.233
58.800	21.965	0.217
58.820	24.350	0.192
58.840	26.450	0.160
58.860	28.179	0.133
58.880	29.463	0.101
58.900	30.365	0.066
58.920	30.795	0.033
58.940	30.779	-0.001
58.960	30.360	-0.033
58.980	29.474	-0.069
59.000	28.142	-0.107
59.020	26.439	-0.137
59.040	24.361	-0.165
59.060	21.879	-0.193
59.080	19.194	-0.220
59.100	16.084	-0.242
59.120	12.877	-0.258
59.140	9.327	-0.274
59.160	5.750	-0.287
59.180	2.076	-0.290
59.200	-1.544	-0.293
59.220	-5.320	-0.291
59.240	-8.849	-0.285
59.260	-12.426	-0.274
59.280	-15.622	-0.264
59.300	-18.791	-0.241
59.320	-21.525	-0.217
59.340	-24.076	-0.194
59.360	-26.155	-0.171
59.380	-27.986	-0.141
59.400	-29.313	-0.111
59.420	-30.280	-0.076
59.440	-30.704	-0.045
59.460	-30.806	-0.005
59.480	-30.414	0.025
59.500	-29.614	0.061
59.520	-28.373	0.091
59.540	-26.708	0.126
59.560	-24.618	0.156
59.580	-22.207	0.182
59.600	-19.468	0.210
59.620	-16.444	0.236
59.640	-13.205	0.256
59.660	-9.826	0.269
59.680	-6.233	0.277
59.700	-2.463	0.286
59.720	1.243	0.287
59.740	4.939	0.084
59.760	8.468	0.279
59.780	12.061	0.275
59.800	15.300	0.257
59.820	18.474	0.240
59.840	21.342	0.219
59.860	23.802	0.195
59.880	26.026	0.170
59.900	27.825	0.137
59.920	29.216	0.111
59.940	30.172	0.077
59.960	30.725	0.046
59.980	30.827	0.008
60.000	30.505	-0.026
60.020	29.705	-0.060
60.040	28.496	-0.095
60.060	26.874	-0.125
60.080	24.941	-0.158
60.100	22.491	-0.183
60.120	19.806	-0.208
60.140	16.820	-0.233
60.160	13.586	-0.250
60.180	10.170	-0.264
60.200	6.598	-0.277
60.220	3.043	-0.283
60.240	-0.663	-0.284
60.260	-4.455	-0.283
60.280	-8.113	-0.279
60.300	-11.604	-0.266
60.320	-14.891	-0.257
60.340	-18.103	-0.237
60.360	-20.923	-0.219
60.380	-23.490	-0.193
60.400	-25.768	-0.168
60.420	-27.594	-0.138
60.440	-29.093	-0.109
60.460	-30.140	-0.076
60.480	-30.709	-0.044
60.500	-30.827	-0.011
60.520	-30.596	0.025
60.540	-29.887	0.058
60.560	-28.770	0.094
60.580	-27.143	0.124
60.600	-25.220	0.155
60.620	-22.841	0.187
60.640	-20.246	0.211
60.660	-17.298	0.241
60.680	-14.016	0.261
60.700	-10.697	0.276
60.720	-7.044	0.281
60.740	-3.365	0.289
60.760	0.250	0.294
60.780	4.052	0.297
60.800	7.592	0.284
60.820	11.234	0.281
60.840	14.521	0.267
60.860	17.776	0.259
60.880	20.595	0.232
60.900	23.286	0.209
60.920	25.489	0.182
60.940	27.438	0.157
60.960	28.921	0.127
60.980	30.006	0.092
61.000	30.639	0.063
61.020	30.844	0.027
61.040	30.623	-0.008
61.060	29.947	-0.038
61.080	28.851	-0.075
61.100	27.277	-0.109
61.120	25.397	-0.141
61.140	23.098	-0.167
61.160	20.467	-0.194
61.180	17.545	-0.225
61.200	14.451	-0.237
61.220	10.997	-0.253
61.240	7.544	-0.265
61.260	3.822	-0.274
61.280	0.212	-0.280
61.300	-3.585	-0.276
61.320	-7.243	-0.274
61.340	-10.713	-0.263
61.360	-14.091	-0.254
61.380	-17.357	-0.236
61.400	-20.316	-0.219
61.420	-22.969	-0.196
61.440	-25.193	-0.164
61.460	-27.223	-0.142
61.480	-28.738	-0.109
61.500	-29.871	-0.082
61.520	-30.575	-0.045
61.540	-30.854	-0.012
61.560	-30.693	0.023
61.580	-30.092	0.056
61.600	-29.007	0.087
61.620	-27.513	0.122
61.640	-25.671	0.152
61.660	-23.421	0.184
61.680	-20.891	0.210
61.700	-17.926	0.234
61.720	-14.789	0.256
61.740	-11.502	0.271
61.760	-7.882	0.282
61.780	-4.235	0.294
61.800	-0.529	0.302
61.820	3.096	0.299
61.840	6.851	0.292
61.860	10.412	0.284
61.880	13.828	0.272
61.900	16.970	0.256
61.920	20.010	0.240
61.940	22.658	0.214
61.960	25.037	0.189
61.980	27.009	0.159
62.000	28.572	0.131
62.020	29.796	0.097
62.040	30.510	0.067
62.060	30.838	0.033
62.080	30.715	-0.005
62.100	30.135	-0.042
62.120	29.130	-0.073
62.140	27.707	-0.109
62.160	25.881	-0.137
62.180	23.738	-0.168
62.200	21.133	-0.193
62.220	18.350	-0.220
62.240	15.165	-0.243
62.260	11.798	-0.472
62.280	8.414	-0.271
62.300	4.697	-0.281
62.320	1.120	-0.289
62.340	-2.683	-0.287
62.360	-6.260	-0.280
62.380	-9.950	-0.273
62.400	-13.280	-0.259
62.420	-16.513	-0.250
62.440	-19.618	-0.229
62.460	-22.330	-0.208
62.480	-24.667	-0.179
62.500	-26.724	-0.160
62.520	-28.427	-0.129
62.540	-29.619	-0.098
62.560	-30.451	-0.060
62.580	-30.795	-0.033
62.600	-30.725	0.007
62.620	-30.237	0.037
62.640	-29.281	0.074
62.660	-27.938	0.103
62.680	-26.106	0.136
62.700	-24.001	0.163
62.720	-21.455	0.192
62.740	-18.683	0.218
62.760	-15.600	0.238
62.780	-12.217	0.256
62.800	-8.811	0.272
62.820	-5.100	0.277
62.840	-1.485	0.283
62.860	2.307	0.286
62.880	5.906	0.285
62.900	9.477	0.274
62.920	13.038	0.269
62.940	16.218	0.248
62.960	19.323	0.232
62.980	22.024	0.209
63.000	24.522	0.184
63.020	26.536	0.159
63.040	28.222	0.130
63.060	29.511	0.096
63.080	30.371	0.061
63.100	30.806	0.032
63.120	30.768	-0.005
63.140	30.317	-0.037
63.160	29.431	-0.072
63.180	28.115	-0.111
63.200	26.348	-0.138
63.220	24.248	-0.170
63.240	21.750	-0.195
63.260	19.049	-0.221
63.280	15.933	-0.244
63.300	12.711	-0.261
63.320	9.182	-0.277
63.340	5.573	-0.283
63.360	1.995	-0.294
63.380	-1.802	-0.290
63.400	-5.390	-0.291
63.420	-9.107	-0.283
63.440	-12.469	-0.270
63.460	-15.783	-0.256
63.480	-18.930	-0.240
63.500	-21.707	-0.219
63.520	-24.119	-0.193
63.540	-26.332	-0.168
63.560	-28.067	-0.134
63.580	-29.372	-0.106
63.600	-30.274	-0.068
63.620	-30.736	-0.040
63.640	-30.784	-0.004
63.660	-30.392	0.027
63.680	-29.565	0.063
63.700	-28.265	0.095
63.720	-26.616	0.129
63.740	-24.554	0.158
63.760	-22.083	0.187
63.780	-19.392	0.215
63.800	-16.282	0.241
63.820	-13.124	0.255
63.840	-9.590	0.271
63.860	-6.077	0.284
63.880	-2.296	0.289
63.900	1.329	0.289
63.920	5.111	0.285
63.940	8.709	0.282
63.960	12.227	0.274
63.980	15.536	0.261
64.000	18.614	0.244
64.020	21.471	0.222
64.040	23.915	0.195
64.060	26.122	0.169
64.080	27.884	0.140
64.100	29.238	0.112
64.120	30.231	0.074
64.140	30.752	0.047
64.160	30.822	0.009
64.180	30.489	-0.025
64.200	29.651	-0.059
64.220	28.432	-0.092
64.240	26.794	-0.125
64.260	24.780	-0.154
64.280	22.432	-0.185
64.300	19.666	-0.207
64.320	16.739	-0.234
64.340	13.414	-0.247
64.360	9.998	-0.262
64.380	6.523	-0.276
64.400	2.769	-0.281
64.420	-0.857	-0.285
64.440	-4.643	-0.280
64.460	-8.204	-0.279
64.480	-11.798	-0.264
64.500	-15.031	-0.254
64.520	-18.184	-0.233
64.540	-21.133	-0.214
64.560	-23.609	-0.188
64.580	-25.886	-0.164
64.600	-27.685	-0.134
64.620	-29.157	-0.103
64.640	-30.145	-0.069
64.660	-30.715	-0.040
64.680	-30.865	-0.005
64.700	-30.586	0.030
64.720	-29.866	0.066
64.740	-28.700	0.099
64.760	-27.068	0.132
64.780	-25.113	0.160
64.800	-22.717	0.190
64.820	-20.048	0.217
64.840	-17.126	0.245
64.860	-13.946	0.260
64.880	-10.439	0.280
64.900	-6.872	0.288
64.920	-3.284	0.298
64.940	0.518	0.297
64.960	4.230	0.303
64.980	7.764	0.293
65.000	11.400	0.288
65.020	14.677	0.271
65.040	17.910	0.260
65.060	20.746	0.233
65.080	23.410	0.211
65.100	25.644	0.186
65.120	27.465	0.159
65.140	28.980	0.128
65.160	30.038	0.091
65.180	30.661	0.058
65.200	30.844	0.024
65.220	30.586	-0.010
65.240	29.877	-0.041
65.260	28.786	-0.076
65.280	27.261	-0.112
65.300	25.290	-0.142
65.320	22.980	-0.166
65.340	20.338	-0.192
65.360	17.480	-0.221
65.380	14.215	-0.236
65.400	10.911	-0.255
65.420	7.291	-0.266
65.440	3.644	-0.277
65.460	0.056	-0.280
65.480	-3.762	-0.278
65.500	-7.420	-0.274
65.520	-10.960	-0.267
65.540	-14.327	-0.252
65.560	-17.432	-0.237
65.580	-20.440	-0.216
65.600	-23.002	-0.196
65.620	-25.354	-0.170
65.640	-27.234	-0.144
65.660	-28.845	-0.113
65.680	-29.914	-0.081
65.700	-30.613	-0.046
65.720	-30.876	-0.011
65.740	-30.634	0.024
65.760	-30.027	0.053
65.780	-28.985	0.086
65.800	-27.460	0.123
65.820	-25.591	0.152
65.840	-23.286	0.178
65.860	-20.751	0.205
65.880	-17.776	0.235
65.900	-14.698	0.253
65.920	-11.341	0.270
65.940	-7.705	0.279
65.960	-4.133	0.289
65.980	-0.341	0.294
66.000	3.274	0.295
66.020	7.007	0.287
66.040	10.573	0.279
66.060	13.984	0.266
66.080	17.201	0.254
66.100	20.144	0.233
66.120	22.835	0.211
66.140	25.075	0.185
66.160	27.100	0.155
66.180	28.663	0.127
66.200	29.807	0.094
66.220	30.553	0.061
66.240	30.849	0.024
66.260	30.693	-0.007
66.280	30.081	-0.046
66.300	29.071	-0.076
66.320	27.599	-0.115
66.340	25.789	-0.140
66.360	23.576	-0.172
66.380	21.063	-0.200
66.400	18.141	-0.224
66.420	15.010	-0.245
66.440	11.663	-0.263
66.460	8.156	-0.274
66.480	4.536	-0.283
66.500	0.846	-0.288
66.520	-2.860	-0.292
66.540	-6.529	-0.284
66.560	-10.116	-0.277
66.580	-13.538	-0.266
66.600	-16.750	-0.256
66.620	-19.747	-0.233
66.640	-22.459	-0.212
66.660	-24.763	-0.183
66.680	-26.858	-0.158
66.700	-28.491	-0.128
66.720	-29.689	-0.101
66.740	-30.489	-0.060
66.760	-30.795	-0.036
66.780	-30.720	0.006
66.800	-30.220	0.036
66.820	-29.227	0.073
66.840	-27.830	0.102
66.860	-26.026	0.136
66.880	-23.845	0.163
66.900	-21.310	0.194
66.920	-18.469	0.221
66.940	-15.461	0.243
66.960	-12.066	0.254
66.980	-8.553	0.272
67.000	-4.912	0.280
67.020	-1.217	0.285
67.040	2.490	0.285
67.060	6.169	0.281
67.080	9.735	0.277
67.100	13.114	0.269
67.120	16.438	0.251
67.140	19.457	0.230
67.160	22.212	0.207
67.180	24.618	0.180
67.200	26.670	0.157
67.220	28.292	0.124
67.240	29.592	0.094
67.260	30.414	0.062
67.280	30.817	0.028
67.300	30.758	-0.006
67.320	30.269	-0.040
67.340	29.345	-0.071
67.360	28.008	-0.109
67.380	26.262	-0.138
67.400	24.194	-0.169
67.420	21.627	-0.197
67.440	18.828	-0.223
67.460	15.772	-0.241
67.480	12.464	-0.259
67.500	9.005	-0.270
67.520	5.395	-0.284
67.540	1.721	-0.285
67.560	-1.985	-0.292
67.580	-5.669	-0.285
67.600	-9.198	-0.283
67.620	-12.748	-0.265
67.640	-15.933	-0.256
67.660	-19.059	-0.235
67.680	-21.858	-0.214
67.700	-24.307	-0.187
67.720	-26.412	-0.162
67.740	-28.120	-0.133
67.760	-29.452	-0.104
67.780	-30.328	-0.066
67.800	-30.763	-0.038
67.820	-30.811	-0.001
67.840	-30.387	0.031
67.860	-29.544	0.069
67.880	-28.233	0.100
67.900	-26.520	0.132
67.920	-24.430	0.162
67.940	-22.008	0.190
67.960	-19.210	0.220
67.980	-16.175	0.248
68.000	-12.893	0.260
68.020	-9.429	0.275
68.040	-5.820	0.283
68.060	-2.119	0.288
68.080	1.593	0.289
68.100	5.277	0.287
68.120	8.876	0.281
68.140	12.378	0.272
68.160	15.681	0.257
68.180	18.753	0.244
68.200	21.584	0.219
68.220	24.081	0.196
68.240	26.219	0.169
68.260	27.970	0.141
68.280	29.334	0.112
68.300	30.253	0.078
68.320	30.763	0.046
68.340	30.811	0.010
68.360	30.435	-0.027
68.380	29.597	-0.054
68.400	28.362	-0.092
68.420	26.692	-0.122
68.440	24.737	-0.151
68.460	22.255	-0.182
68.480	19.527	-0.204
68.500	16.524	-0.231
68.520	13.259	-0.242
68.540	9.837	-0.262
68.560	6.249	-0.271
68.580	2.581	-0.279
68.600	-1.120	-0.279
68.620	-4.821	-0.281
68.640	-8.446	-0.274
68.660	-11.943	-0.265
68.680	-15.192	-0.246
68.700	-18.388	-0.233
68.720	-21.251	-0.211
68.740	-23.764	-0.184
68.760	-25.988	-0.158
68.780	-27.793	-0.133
68.800	-29.195	-0.099
68.820	-30.199	-0.066
68.840	-30.731	-0.035
68.860	-30.844	0.001
68.880	-30.537	0.032
68.900	-29.802	0.071
68.920	-28.577	0.100
68.940	-26.960	0.139
68.960	-24.973	0.161
68.980	-22.583	0.194
69.000	-19.892	0.221
69.020	-16.927	0.247
69.040	-13.694	0.264
69.060	-10.267	0.279
69.080	-6.684	0.286
69.100	-3.010	0.302
69.120	0.706	0.305
69.140	4.402	0.304
69.160	8.027	0.292
69.180	11.545	0.289
69.200	14.918	0.273
69.220	18.050	0.256
69.240	20.939	0.229
69.260	23.523	0.207
69.280	25.741	0.180
69.300	27.589	0.153
69.320	29.039	0.125
69.340	30.075	0.087
69.360	30.682	0.061
69.380	30.844	0.020
69.400	30.570	-0.013
69.420	29.834	-0.049
69.440	28.695	-0.081
69.460	27.137	-0.110
69.480	25.252	-0.145
69.500	22.857	-0.174
69.520	20.273	-0.198
69.540	17.260	-0.225
69.560	14.059	-0.242
69.580	10.675	-0.259
69.600	7.125	-0.269
69.620	3.472	-0.280
69.640	-0.234	-0.284
69.660	-3.929	-0.282
69.680	-7.565	-0.277
69.700	-11.121	-0.266
69.720	-14.494	-0.256
69.740	-17.652	-0.242
69.760	-20.579	-0.218
69.780	-23.179	-0.197
69.800	-25.429	-0.171
69.820	-27.368	-0.143
69.840	-28.862	-0.111
69.860	-29.984	-0.080
69.880	-30.607	-0.050
69.900	-30.844	-0.016
69.920	-30.602	0.021
69.940	-29.990	0.053
69.960	-28.899	0.087
69.980	-27.352	0.119
70.000	-25.456	0.151
70.020	-23.233	0.176
70.040	-20.558	0.207
70.060	-17.615	0.233
70.080	-14.467	0.252
70.100	-11.094	0.269
70.120	-7.614	0.277
70.140	-3.875	0.285
70.160	-0.255	0.290
70.180	3.537	0.289
70.200	7.178	0.282
70.220	10.745	0.278
70.240	14.145	0.263
70.260	17.335	0.248
70.280	20.273	0.227
70.300	22.953	0.206
70.320	25.182	0.180
70.340	27.191	0.149
70.360	28.727	0.122
70.380	29.882	0.089
70.400	30.570	0.056
70.420	30.849	0.020
70.440	30.672	-0.014
70.460	30.054	-0.049
70.480	29.007	-0.084
70.500	27.530	-0.116
70.520	25.693	-0.147
70.540	23.464	-0.178
70.560	20.869	-0.201
70.580	17.990	-0.232
70.600	14.929	-0.249
70.620	11.486	-0.264
70.640	8.081	-0.280
70.660	4.353	-0.286
70.680	0.669	-0.291
70.700	-3.043	-0.293
70.720	-6.711	-0.287
70.740	-10.181	-0.280
70.760	-13.694	-0.265
70.780	-16.900	-0.253
70.800	-19.892	-0.233
70.820	-22.588	-0.214
70.840	-24.925	-0.183
70.860	-26.933	-0.160
70.880	-28.518	-0.126
70.900	-29.737	-0.097
70.920	-30.510	-0.063
70.940	-30.817	-0.030
70.960	-30.709	0.000
70.980	-30.172	0.037
71.000	-29.205	0.076
71.020	-27.766	0.106
71.040	-25.924	0.138
71.060	-23.738	0.165
71.080	-21.197	0.194
71.100	-18.345	0.221
71.120	-15.235	0.240
71.140	-11.921	0.256
71.160	-8.398	0.273
71.180	-4.751	0.281
71.200	-1.055	0.287
71.220	2.667	0.286
71.240	6.330	0.282
71.260	9.896	0.276
71.280	13.264	0.265
71.300	16.599	0.255
71.320	19.602	0.233
71.340	22.341	0.208
71.360	24.720	0.190
71.380	26.719	0.158
71.400	28.400	0.125
71.420	29.651	0.095
71.440	30.430	0.064
71.460	30.827	0.029
71.480	30.752	-0.005
71.500	30.237	-0.039
71.520	29.329	-0.071
71.540	27.911	-0.109
71.560	26.165	-0.137
71.580	24.028	-0.167
71.600	21.498	-0.193
71.620	18.689	-0.219
71.640	15.627	-0.243
71.660	12.388	-0.256
71.680	8.822	-0.269
71.700	5.229	-0.280
71.720	1.539	-0.286
71.740	-2.173	-0.287
71.760	-5.841	-0.285
71.780	-9.456	-0.274
71.800	-12.899	-0.267
71.820	-16.170	-0.249
71.840	-19.167	-0.232
71.860	-21.992	-0.212
71.880	-24.436	-0.183
71.900	-26.531	-0.162
71.920	-28.260	-0.126
71.940	-29.517	-0.101
71.960	-30.403	-0.060
71.980	-30.790	-0.034
72.000	-30.801	0.004
72.020	-30.387	0.031
72.040	-29.490	0.072
72.060	-28.169	0.104
72.080	-26.445	0.136
72.100	-24.339	0.164
72.120	-21.944	0.198
72.140	-19.070	0.220
72.160	-16.019	0.253
72.180	-12.759	0.262
72.200	-9.279	0.277
72.220	-5.658	0.287
72.240	-1.963	0.289
72.260	1.759	0.293
72.280	5.444	0.291
72.300	9.042	0.284
72.320	12.539	0.277
72.340	15.826	0.267
72.360	18.887	0.246
72.380	21.713	0.226
72.400	24.189	0.198
72.420	26.310	0.172
72.440	28.045	0.144
72.460	29.388	0.113
72.480	30.290	0.080
72.500	30.774	0.049
72.520	30.806	0.013
72.540	30.414	-0.020
72.560	29.560	-0.054
72.580	28.292	-0.092
72.600	26.611	-0.116
72.620	24.570	-0.152
72.640	22.137	-0.177
72.660	19.387	-0.204
72.680	16.368	-0.231
72.700	13.092	-0.241
72.720	9.655	-0.261
72.740	6.088	-0.270
72.760	2.425	-0.275
72.780	-1.286	-0.279
72.800	-4.976	-0.280
72.820	-8.532	-0.269
72.840	-12.098	-0.262
72.860	-15.412	-0.245
72.880	-18.522	-0.229
72.900	-21.385	-0.210
72.920	-23.818	-0.182
72.940	-26.069	-0.159
72.960	-27.857	-0.126
72.980	-29.270	-0.099
73.000	-30.237	-0.067
73.020	-30.715	-0.035
73.040	-30.865	0.001
73.060	-30.500	0.032
73.080	-29.742	0.070
73.100	-28.550	0.099
73.120	-26.864	0.135
73.140	-24.839	0.161
73.160	-22.486	0.195
73.180	-19.763	0.219
73.200	-16.755	0.247
73.220	-13.527	0.259
73.240	-10.111	0.279
73.260	-6.507	0.282
73.280	-2.828	0.298
73.300	0.884	0.298
73.320	4.579	0.300
73.340	8.199	0.289
73.360	11.733	0.283
73.380	15.069	0.265
73.400	18.205	0.252
73.420	21.068	0.229
73.440	23.635	0.206
73.460	25.832	0.178
73.480	27.664	0.149
73.500	29.109	0.122
73.520	30.124	0.085
73.540	30.698	0.057
73.560	30.838	0.016
73.580	30.548	-0.012
73.600	29.802	-0.049
73.620	28.636	-0.088
73.640	27.052	-0.121
73.660	25.145	-0.146
73.680	22.728	-0.176
73.700	20.080	-0.202
73.720	17.120	-0.234
73.740	13.914	-0.243
73.760	10.514	-0.266
73.780	6.953	-0.271
73.800	3.301	-0.283
73.820	-0.400	-0.284
73.840	-4.101	-0.287
73.860	-7.737	-0.275
73.880	-11.282	-0.270
73.900	-14.628	-0.257
73.920	-17.781	-0.246
73.940	-20.703	-0.216
73.960	-23.270	-0.196
73.980	-25.553	-0.170
74.000	-27.454	-0.145
74.020	-28.958	-0.115
74.040	-30.016	-0.082
74.060	-30.629	-0.049
74.080	-30.833	-0.015
74.100	-30.596	0.019
74.120	-29.957	0.053
74.140	-28.829	0.083
74.160	-27.288	0.119
74.180	-25.327	0.148
74.200	-23.045	0.175
74.220	-20.413	0.202
74.240	-17.480	0.231
74.260	-14.295	0.248
74.280	-10.901	0.265
74.300	-7.350	0.273
74.320	-3.709	0.280
74.340	0.008	0.287
74.360	3.623	0.288
74.380	7.356	0.280
74.400	10.895	0.271
74.420	14.306	0.261
74.440	17.480	0.244
74.460	20.402	0.226
74.480	23.055	0.199
74.500	25.338	0.178
74.520	27.272	0.146
74.540	28.792	0.115
74.560	29.920	0.084
74.580	30.602	0.054
74.600	30.844	0.016
74.620	30.650	-0.017
74.640	30.016	-0.054
74.660	28.948	-0.087
74.680	27.470	-0.122
74.700	25.650	-0.148
74.720	23.345	-0.178
74.740	20.805	-0.206
74.760	17.851	-0.231
74.780	14.779	-0.248
74.800	11.341	-0.267
74.820	7.818	-0.278
74.840	4.187	-0.287
74.860	0.502	-0.293
74.880	-3.123	-0.292
74.900	-6.883	-0.286
74.920	-10.347	-0.279
74.940	-13.844	-0.266
74.960	-17.045	-0.254
74.980	-20.037	-0.229
75.000	-22.690	-0.209
75.020	-25.037	-0.180
75.040	-27.014	-0.155
75.060	-28.588	-0.121
75.080	-29.791	-0.096
75.100	-30.543	-0.060
75.120	-30.811	-0.029
75.140	-30.698	0.010
75.160	-30.145	0.041
75.180	-29.125	0.078
75.200	-27.680	0.109
75.220	-25.843	0.142
75.240	-23.625	0.169
75.260	-21.068	0.198
75.280	-18.200	0.224
75.300	-15.085	0.246
75.320	-11.739	0.261
75.340	-8.220	0.274
75.360	-4.573	0.284
75.380	-0.884	0.288
75.400	2.833	0.289
75.420	6.486	0.285
75.440	10.063	0.279
75.460	13.516	0.268
75.480	16.744	0.252
75.500	19.731	0.232
75.520	22.475	0.210
75.540	24.833	0.184
75.560	26.847	0.158
75.580	28.464	0.128
75.600	29.689	0.098
75.620	30.468	0.064
75.640	30.838	0.029
75.660	30.747	-0.005
75.680	30.199	-0.039
75.700	29.238	-0.071
75.720	27.841	-0.105
75.740	26.074	-0.133
75.760	23.963	-0.167
75.780	21.369	-0.192
75.800	18.560	-0.214
75.820	15.477	-0.240
75.840	12.131	-0.256
75.860	8.661	-0.272
75.880	5.046	-0.280
75.900	1.356	-0.291
75.920	-2.344	-0.284
75.940	-6.029	-0.282
75.960	-9.649	-0.273
75.980	-13.076	-0.265
76.000	-16.347	-0.245
76.020	-19.376	-0.225
76.040	-22.067	-0.208
76.060	-24.527	-0.179
76.080	-26.622	-0.155
76.100	-28.324	-0.120
76.120	-29.587	-0.094
76.140	-30.457	-0.055
76.160	-30.811	-0.030
76.180	-30.795	0.008
76.200	-30.349	0.041
76.220	-29.452	0.078
76.240	-28.094	0.109
76.260	-26.348	0.145
76.280	-24.232	0.172
76.300	-21.766	0.204
76.320	-18.930	0.227
76.340	-15.874	0.254
76.360	-12.598	0.266
76.380	-9.091	0.283
76.400	-5.476	0.291
76.420	-1.791	0.298
76.440	1.931	0.304
76.460	5.621	0.298
76.480	9.214	0.289
76.500	12.700	0.280
76.520	15.987	0.265
76.540	19.027	0.248
76.560	21.831	0.224
76.580	24.291	0.199
76.600	26.396	0.174
76.620	28.110	0.144
76.640	29.436	0.118
76.660	30.328	0.078
76.680	30.784	0.050
76.700	30.790	0.013
76.720	30.365	-0.017
76.740	29.533	-0.055
76.760	28.222	-0.088
76.780	26.520	-0.121
76.800	24.463	-0.154
76.820	22.024	-0.180
76.840	19.253	-0.202
76.860	16.229	-0.232
76.880	13.028	-0.240
76.900	9.493	-0.262
76.920	5.916	-0.269
76.940	2.253	-0.283
76.960	-1.458	-0.279
76.980	-5.154	-0.279
77.000	-8.790	-0.270
77.020	-12.260	-0.262
77.040	-15.563	-0.249
77.060	-18.651	-0.226
77.080	-21.482	-0.208
77.100	-23.995	-0.182
77.120	-26.095	-0.159
77.140	-27.943	-0.129
77.160	-29.270	-0.099
77.180	-30.258	-0.067
77.200	-30.741	-0.036
77.220	-30.849	0.000
77.240	-30.473	0.035
77.260	-29.678	0.069
77.280	-28.453	0.103
77.300	-26.772	0.136
77.320	-24.753	0.159
77.340	-22.341	0.195
77.360	-19.613	0.215
77.380	-16.589	0.245
77.400	-13.382	0.256
77.420	-9.923	0.276
77.440	-6.330	0.288
77.460	-2.651	0.291
77.480	1.072	0.296
77.500	4.756	0.293
77.520	8.360	0.283
77.540	11.894	0.278
77.560	15.235	0.268
77.580	18.264	0.248
77.600	21.202	0.230
77.620	23.759	0.200
77.640	25.934	0.177
77.660	27.750	0.145
77.680	29.130	0.117
77.700	30.161	0.078
77.720	30.720	0.053
77.740	30.844	0.011
77.760	30.516	-0.019
77.780	29.742	-0.055
77.800	28.566	-0.084
77.820	27.003	-0.121
77.840	25.000	-0.151
77.860	22.626	-0.184
77.880	19.935	-0.204
77.900	16.970	-0.234
77.920	13.758	-0.247
77.940	10.353	-0.267
77.960	6.878	-0.274
77.980	3.129	-0.288
78.000	-0.561	-0.288
78.020	-4.267	-0.290
78.040	-7.904	-0.282
78.060	-11.432	-0.274
78.080	-14.784	-0.261
78.100	-17.931	-0.248
78.120	-20.810	-0.223
78.140	-23.340	-0.202
78.160	-25.644	-0.174
78.180	-27.519	-0.148
78.200	-29.023	-0.118
78.220	-30.049	-0.082
78.240	-30.639	-0.054
78.260	-30.833	-0.015
78.280	-30.580	0.016
78.300	-29.887	0.050
78.320	-28.770	0.080
78.340	-27.175	0.114
78.360	-25.258	0.148
78.380	-22.959	0.173
78.400	-20.279	0.202
78.420	-17.330	0.227
78.440	-14.156	0.251
78.460	-10.756	0.263
78.480	-7.195	0.275
78.500	-3.515	0.280
78.520	0.099	0.286
78.540	3.891	0.281
78.560	7.522	0.280
78.580	11.073	0.270
78.600	14.456	0.261
78.620	17.625	0.240
78.640	20.536	0.224
78.660	23.168	0.201
78.680	25.440	0.173
78.700	27.342	0.145
78.720	28.819	0.119
78.740	29.952	0.082
78.760	30.618	0.049
78.780	30.844	0.014
78.800	30.639	-0.021
78.820	29.957	-0.051
78.840	28.883	-0.084
78.860	27.406	-0.122
78.880	25.505	-0.150
78.900	23.222	-0.179
78.920	20.617	-0.206
78.940	17.695	-0.233
78.960	14.548	-0.249
78.980	11.164	-0.270
79.000	7.640	-0.275
79.020	4.004	-0.288
79.040	0.422	-0.290
79.060	-3.403	-0.291
79.080	-6.948	-0.287
79.100	-10.616	-0.279
79.120	-13.914	-0.265
79.140	-17.196	-0.250
79.160	-20.166	-0.228
79.180	-22.819	-0.207
79.200	-25.134	-0.179
79.220	-27.127	-0.154
79.240	-28.706	-0.120
79.260	-29.861	-0.090
79.280	-30.548	-0.056
79.300	-30.822	-0.024
79.320	-30.693	0.012
79.340	-30.129	0.046
79.360	-29.093	0.081
79.380	-27.621	0.111
79.400	-25.768	0.142
79.420	-23.593	0.173
79.440	-20.977	0.200
79.460	-18.076	0.230
79.480	-14.934	0.250
79.500	-11.599	0.263
79.520	-8.065	0.278
79.540	-4.418	0.286
79.560	-0.712	0.289
79.580	2.994	0.289
79.600	6.657	0.285
79.620	10.224	0.282
79.640	13.667	0.272
79.660	16.879	0.259
79.680	19.860	0.236
79.700	22.594	0.211
79.720	24.930	0.188
79.740	26.933	0.162
79.760	28.529	0.128
79.780	29.732	0.099
79.800	30.489	0.066
79.820	30.833	0.029
79.840	30.715	-0.004
79.860	30.167	-0.039
79.880	29.184	-0.067
79.900	27.777	-0.104
79.920	26.026	-0.133
79.940	23.797	-0.165
79.960	21.256	-0.192
79.980	18.415	-0.213
80.000	15.305	-0.237
80.020	11.969	-0.254
80.040	8.494	-0.267
80.060	4.874	-0.274
80.080	1.184	-0.279
80.100	-2.532	-0.278
80.120	-6.201	-0.277
80.140	-9.800	-0.268
80.160	-13.226	-0.259
80.180	-16.481	-0.243
80.200	-19.510	-0.221
80.220	-22.250	-0.204
80.240	-24.645	-0.173
80.260	-26.670	-0.152
80.280	-28.405	-0.117
80.300	-29.630	-0.089
80.320	-30.484	-0.054
80.340	-30.806	-0.025
80.360	-30.784	0.014
80.380	-30.301	0.046
80.400	-29.383	0.082
80.420	-28.024	0.111
80.440	-26.240	0.150
80.460	-24.119	0.174
80.480	-21.621	0.207
80.500	-18.802	0.231
80.520	-15.713	0.255
80.540	-12.448	0.267
80.560	-8.913	0.285
80.580	-5.293	0.293
80.600	-1.609	0.298
80.620	2.124	0.304
80.640	5.798	0.299
80.660	9.375	0.294
80.680	12.786	0.283
80.700	16.137	0.262
80.720	19.172	0.246
80.740	21.960	0.221
80.760	24.409	0.199
80.780	26.488	0.173
80.800	28.142	0.144
80.820	29.495	0.113
80.840	30.355	0.079
80.860	30.795	0.047
80.880	30.779	0.008
80.900	30.355	-0.021
80.920	29.447	-0.060
80.940	28.142	-0.089
80.960	26.477	-0.123
80.980	24.355	-0.154
81.000	21.885	-0.185
81.020	19.118	-0.205
81.040	16.089	-0.232
81.060	12.775	-0.246
81.080	9.338	-0.263
81.100	5.755	-0.271
81.120	2.065	-0.279
81.140	-1.539	-0.283
81.160	-5.320	-0.277
81.180	-8.854	-0.274
81.200	-12.426	-0.262
81.220	-15.611	-0.249
81.240	-18.796	-0.229
81.260	-21.611	-0.209
81.280	-24.081	-0.184
81.300	-26.230	-0.158
81.320	-27.959	-0.129
81.340	-29.361	-0.102
81.360	-30.285	-0.063
81.380	-30.758	-0.034
81.400	-30.838	0.000
81.420	-30.435	0.037
81.440	-29.640	0.070
81.460	-28.384	0.100
81.480	-26.686	0.135
81.500	-24.618	0.162
81.520	-22.239	0.191
81.540	-19.457	0.215
81.560	-16.454	0.242
81.580	-13.216	0.258
81.600	-9.740	0.272
81.620	-6.163	0.282
81.640	-2.463	0.289
81.660	1.238	0.294
81.680	4.933	0.289
81.700	8.543	0.281
81.720	12.055	0.276
81.740	15.375	0.263
81.760	18.409	0.245
81.780	21.342	0.223
81.800	23.802	0.196
81.820	26.020	0.171
81.840	27.825	0.136
81.860	29.216	0.112
81.880	30.167	0.073
81.900	30.731	0.045
81.920	30.827	0.003
81.940	30.505	-0.026
81.960	29.710	-0.063
81.980	28.496	-0.094
82.000	26.880	-0.129
82.020	24.892	-0.153
82.040	22.572	-0.192
82.060	19.817	-0.209
82.080	16.916	-0.238
82.100	13.592	-0.248
82.120	10.176	-0.274
82.140	6.631	-0.277
82.160	3.059	-0.289
82.180	-0.744	-0.287
82.200	-4.428	-0.291
82.220	-8.075	-0.286
82.240	-11.594	-0.276
82.260	-14.929	-0.262
82.280	-18.066	-0.246
82.300	-20.875	-0.223
82.320	-23.512	-0.204
82.340	-25.725	-0.175
82.360	-27.605	-0.147
82.380	-29.066	-0.115
82.400	-30.081	-0.084
82.420	-30.645	-0.051
82.440	-30.833	-0.015
82.460	-30.559	0.017
82.480	-29.834	0.052
82.500	-28.695	0.086
82.520	-27.084	0.117
82.540	-25.145	0.150
82.560	-22.830	0.178
82.580	-20.150	0.202
82.600	-17.190	0.227
82.620	-14.000	0.250
82.640	-10.594	0.266
82.660	-7.012	0.278
82.680	-3.344	0.281
82.700	0.357	0.289
82.720	4.063	0.282
82.740	7.694	0.278
82.760	11.228	0.273
82.780	14.537	0.260
82.800	17.760	0.241
82.820	20.671	0.225
82.840	23.286	0.199
82.860	25.531	0.178
82.880	27.427	0.142
82.900	28.910	0.115
82.920	29.995	0.082
82.940	30.639	0.054
82.960	30.854	0.012
82.980	30.613	-0.019
83.000	29.930	-0.051
83.020	28.829	-0.087
83.040	27.277	-0.122
83.060	25.446	-0.150
83.080	23.098	-0.183
83.100	20.472	-0.202
83.120	17.561	-0.230
83.140	14.386	-0.249
83.160	10.997	-0.264
83.180	7.479	-0.271
83.200	3.827	-0.286
83.220	0.137	-0.286
83.240	-3.472	-0.288
83.260	-7.238	-0.284
83.280	-10.793	-0.275
83.300	-14.166	-0.263
83.320	-17.362	-0.245
83.340	-20.300	-0.224
83.360	-22.953	-0.202
83.380	-25.258	-0.175
83.400	-27.207	-0.150
83.420	-28.776	-0.117
83.440	-29.898	-0.084
83.460	-30.607	-0.052
83.480	-30.817	-0.021
83.500	-30.688	0.016
83.520	-30.070	0.047
83.540	-29.033	0.087
83.560	-27.535	0.116
83.580	-25.671	0.149
83.600	-23.431	0.177
83.620	-20.843	0.203
83.640	-17.937	0.227
83.660	-14.795	0.252
83.680	-11.448	0.265
83.700	-7.904	0.282
83.720	-4.348	0.286
83.740	-0.551	0.289
83.760	3.177	0.289
83.780	6.829	0.291
83.800	10.396	0.282
83.820	13.812	0.273
83.840	16.948	0.258
83.860	19.989	0.239
83.880	22.712	0.214
83.900	25.027	0.188
83.920	27.009	0.157
83.940	28.593	0.133
83.960	29.785	0.099
83.980	30.510	0.069
84.000	30.838	0.031
84.020	30.709	0.001
84.040	30.135	-0.036
84.060	29.125	-0.067
84.080	27.701	-0.102
84.100	25.881	-0.132
84.120	23.689	-0.163
84.140	21.122	-0.189
84.160	18.270	-0.216
84.180	15.165	-0.235
84.200	11.803	-0.251
84.220	8.312	-0.264
84.240	4.697	-0.271
84.260	1.109	-0.279
84.280	-2.715	-0.279
84.300	-6.384	-0.274
84.320	-9.966	-0.267
84.340	-13.398	-0.254
84.360	-16.642	-0.240
84.380	-19.650	-0.219
84.400	-22.363	-0.202
84.420	-24.753	-0.169
84.440	-26.788	-0.150
84.460	-28.475	-0.116
84.480	-29.673	-0.087
84.500	-30.473	-0.052
84.520	-30.822	-0.025
84.540	-30.768	0.016
84.560	-30.269	0.050
84.580	-29.334	0.084
84.600	-27.943	0.115
84.620	-26.155	0.149
84.640	-23.979	0.177
84.660	-21.503	0.206
84.680	-18.635	0.227
84.700	-15.563	0.254
84.720	-12.270	0.268
84.740	-8.747	0.280
84.760	-5.132	0.290
84.780	-1.517	0.302
84.800	2.280	0.302
84.820	5.970	0.298
84.840	9.552	0.285
84.860	13.022	0.277
84.880	16.288	0.263
84.900	19.312	0.242
84.920	22.078	0.221
84.940	24.506	0.195
84.960	26.573	0.170
84.980	28.260	0.140
85.000	29.544	0.104
85.020	30.392	0.073
85.040	30.806	0.039
85.060	30.774	0.004
85.080	30.312	-0.026
85.100	29.426	-0.067
85.120	28.077	-0.094
85.140	26.337	-0.126
85.160	24.248	-0.158
85.180	21.766	-0.185
85.200	19.049	-0.209
85.220	15.928	-0.237
85.240	12.711	-0.248
85.260	9.171	-0.266
85.280	5.578	-0.274
85.300	1.995	-0.283
85.320	-1.823	-0.283
85.340	-5.492	-0.282
85.360	-9.117	-0.274
85.380	-12.576	-0.262
85.400	-15.853	-0.251
85.420	-18.941	-0.230
85.440	-21.734	-0.213
85.460	-24.183	-0.185
85.480	-26.321	-0.162
85.500	-28.067	-0.131
85.520	-29.404	-0.102
85.540	-30.333	-0.064
85.560	-30.758	-0.034
85.580	-30.811	0.003
85.600	-30.414	0.030
85.620	-29.549	0.069
85.640	-28.292	0.096
85.660	-26.595	0.135
85.680	-24.511	0.156
85.700	-22.099	0.189
85.720	-19.328	0.211
85.740	-16.299	0.241
85.760	-13.049	0.253
85.780	-9.585	0.271
85.800	-5.991	0.279
85.820	-2.296	0.286
85.840	1.421	0.289
85.860	5.121	0.285
85.880	8.715	0.278
85.900	12.211	0.269
85.920	15.531	0.254
85.940	18.619	0.240
85.960	21.471	0.219
85.980	23.963	0.192
86.000	26.112	0.167
86.020	27.884	0.133
86.040	29.275	0.107
86.060	30.226	0.070
86.080	30.741	0.040
86.100	30.827	0.001
86.120	30.462	-0.030
86.140	29.651	-0.066
86.160	28.432	-0.099
86.180	26.804	-0.131
86.200	24.790	-0.162
86.220	22.400	-0.190
86.240	19.741	-0.215
86.260	16.685	-0.241
86.280	13.430	-0.258
86.300	10.014	-0.271
86.320	6.443	-0.284
86.340	2.780	-0.287
86.360	-0.910	-0.294
86.380	-4.514	-0.287
86.400	-8.258	-0.285
86.420	-11.744	-0.274
86.440	-15.085	-0.265
86.460	-18.205	-0.245
86.480	-21.079	-0.224
86.500	-23.619	-0.199
86.520	-25.838	-0.173
86.540	-27.669	-0.144
86.560	-29.125	-0.114
86.580	-30.129	-0.081
86.600	-30.677	-0.050
86.620	-30.827	-0.016
86.640	-30.527	0.020
86.660	-29.812	0.054
86.680	-28.625	0.088
86.700	-27.019	0.120
86.720	-25.037	0.148
86.740	-22.690	0.182
86.760	-20.026	0.205
86.780	-17.040	0.235
86.800	-13.828	0.252
86.820	-10.412	0.269
86.840	-6.926	0.280
86.860	-3.172	0.285
86.880	0.529	0.288
86.900	4.230	0.290
86.920	7.769	0.281
86.940	11.395	0.277
86.960	14.757	0.263
86.980	17.910	0.248
87.000	20.810	0.227
87.020	23.340	0.202
87.040	25.644	0.177
87.060	27.460	0.143
87.080	28.980	0.118
87.100	30.038	0.081
87.120	30.661	0.053
87.140	30.844	0.016
87.160	30.591	-0.020
87.180	29.877	-0.052
87.200	28.754	-0.086
87.220	27.213	-0.121
87.240	25.306	-0.146
87.260	22.986	-0.183
87.280	20.343	-0.202
87.300	17.416	-0.231
87.320	14.220	-0.249
87.340	10.831	-0.266
87.360	7.302	-0.274
87.380	3.650	-0.284
87.400	-0.056	-0.285
87.420	-3.768	-0.287
87.440	-7.415	-0.279
87.460	-10.960	-0.270
87.480	-14.338	-0.258
87.500	-17.512	-0.243
87.520	-20.450	-0.221
87.540	-23.072	-0.199
87.560	-25.392	-0.171
87.580	-27.272	-0.145
87.600	-28.856	-0.113
87.620	-29.963	-0.080
87.640	-30.639	-0.047
87.660	-30.844	-0.018
87.680	-30.672	0.022
87.700	-30.070	0.052
87.720	-28.990	0.086
87.740	-27.465	0.120
87.760	-25.569	0.153
87.780	-23.329	0.181
87.800	-20.724	0.206
87.820	-17.808	0.237
87.840	-14.650	0.257
87.860	-11.287	0.268
87.880	-7.726	0.283
87.900	-4.074	0.289
87.920	-0.373	0.298
87.940	3.344	0.294
87.960	6.905	0.295
87.980	10.557	0.284
88.000	13.957	0.271
88.020	17.169	0.257
88.040	20.134	0.239
88.060	22.824	0.214
88.080	25.123	0.195
88.100	27.057	0.160
88.120	28.657	0.136
88.140	29.818	0.098
88.160	30.548	0.068
88.180	30.838	0.032
88.200	30.682	-0.001
88.220	30.081	-0.036
88.240	29.060	-0.068
88.260	27.605	-0.101
88.280	25.795	-0.131
88.300	23.571	-0.161
88.320	21.068	-0.189
88.340	18.135	-0.219
88.360	15.010	-0.234
88.380	11.739	-0.253
88.400	8.145	-0.263
88.420	4.525	-0.276
88.440	0.841	-0.282
88.460	-2.865	-0.279
88.480	-6.539	-0.274
88.500	-10.122	-0.268
88.520	-13.532	-0.254
88.540	-16.782	-0.243
88.560	-19.774	-0.220
88.580	-22.454	-0.200
88.600	-24.833	-0.169
88.620	-26.885	-0.148
88.640	-28.534	-0.114
88.660	-29.721	-0.087
88.680	-30.500	-0.051
88.700	-30.833	-0.019
88.720	-30.763	0.017
88.740	-30.215	0.049
88.760	-29.275	0.085
88.780	-27.846	0.114
88.800	-26.052	0.148
88.820	-23.883	0.172
88.840	-21.353	0.204
88.860	-18.511	0.227
88.880	-15.418	0.252
88.900	-12.077	0.267
88.920	-8.570	0.279
88.940	-4.939	0.293
88.960	-1.249	0.296
88.980	2.463	0.298
89.000	6.147	0.294
89.020	9.730	0.281
89.040	13.194	0.269
89.060	16.438	0.261
89.080	19.446	0.240
89.100	22.212	0.218
89.120	24.554	0.193
89.140	26.670	0.166
89.160	28.324	0.136
89.180	29.592	0.105
89.200	30.414	0.071
89.220	30.811	0.037
89.240	30.758	0.001
89.260	30.269	-0.030
89.280	29.356	-0.067
89.300	28.008	-0.100
89.320	26.267	-0.133
89.340	24.151	-0.162
89.360	21.691	-0.192
89.380	18.839	-0.215
89.400	15.788	-0.242
89.420	12.464	-0.257
89.440	9.005	-0.270
89.460	5.406	-0.277
89.480	1.727	-0.284
89.500	-1.974	-0.287
89.520	-5.653	-0.283
89.540	-9.182	-0.275
89.560	-12.721	-0.269
89.580	-15.998	-0.254
89.600	-19.070	-0.234
89.620	-21.847	-0.213
89.640	-24.226	-0.189
89.660	-26.402	-0.162
89.680	-28.142	-0.133
89.700	-29.452	-0.104
89.720	-30.360	-0.071
89.740	-30.774	-0.041
89.760	-30.790	-0.003
89.780	-30.371	0.032
89.800	-29.506	0.066
89.820	-28.249	0.095
89.840	-26.493	0.131
89.860	-24.398	0.157
89.880	-21.965	0.189
89.900	-19.188	0.211
89.920	-16.137	0.239
89.940	-12.888	0.256
89.960	-9.413	0.268
89.980	-5.803	0.278
90.000	-2.124	0.286
90.020	1.587	0.285
90.040	5.288	0.282
90.060	8.881	0.274
90.080	12.372	0.267
90.100	15.692	0.252
90.120	18.748	0.236
90.140	21.584	0.216
90.160	24.076	0.190
90.180	26.208	0.164
90.200	27.975	0.128
90.220	29.334	0.103
90.240	30.253	0.067
90.260	30.763	0.037
90.280	30.817	-0.001
90.300	30.446	-0.033
90.320	29.603	-0.067
90.340	28.405	-0.100
90.360	26.692	-0.136
90.380	24.683	-0.160
90.400	22.277	-0.195
90.420	19.537	-0.214
90.440	16.610	-0.240
90.460	13.280	-0.260
90.480	9.848	-0.271
90.500	6.276	-0.284
90.520	2.618	-0.288
90.540	-1.088	-0.294
90.560	-4.794	-0.289
90.580	-8.425	-0.285
90.600	-11.927	-0.274
90.620	-15.240	-0.261
90.640	-18.350	-0.243
90.660	-21.219	-0.224
90.680	-23.727	-0.198
90.700	-25.924	-0.171
90.720	-27.718	-0.144
90.740	-29.178	-0.109
90.760	-30.145	-0.080
90.780	-30.715	-0.046
90.800	-30.817	-0.013
90.820	-30.494	0.025
90.840	-29.748	0.057
90.860	-28.577	0.091
90.880	-26.955	0.126
90.900	-24.941	0.152
90.920	-22.588	0.184
90.940	-19.881	0.207
90.960	-16.895	0.237
90.980	-13.699	0.253
91.000	-10.272	0.269
91.020	-6.679	0.277
91.040	-3.016	0.285
91.060	0.706	0.286
91.080	4.402	0.288
91.100	8.022	0.282
91.120	11.556	0.275
91.140	14.924	0.260
91.160	18.044	0.249
91.180	20.934	0.225
91.200	23.512	0.199
91.220	25.730	0.178
91.240	27.589	0.144
91.260	29.039	-0.363
91.280	30.065	0.082
91.300	30.677	0.049
91.320	30.844	0.017
91.340	30.564	-0.021
91.360	29.834	-0.051
91.380	28.695	-0.087
91.400	27.137	-0.121
91.420	25.204	-0.149
91.440	22.857	-0.183
91.460	20.203	-0.203
91.480	17.276	-0.230
91.500	14.059	-0.244
91.520	10.664	-0.263
91.540	7.205	-0.274
91.560	3.467	-0.283
91.580	-0.218	-0.280
91.600	-3.832	-0.280
91.620	-7.603	-0.274
91.640	-11.132	-0.268
91.660	-14.483	-0.254
91.680	-17.663	-0.237
91.700	-20.585	-0.214
91.720	-23.211	-0.196
91.740	-25.478	-0.166
91.760	-27.395	-0.140
91.780	-28.915	-0.110
91.800	-30.006	-0.073
91.820	-30.650	-0.043
91.840	-30.833	-0.013
91.860	-30.656	0.027
91.880	-30.006	0.060
91.900	-28.921	0.095
91.920	-27.385	0.127
91.940	-25.483	0.155
91.960	-23.211	0.186
91.980	-20.590	0.212
92.000	-17.657	0.239
92.020	-14.483	0.262
92.040	-11.126	0.273
92.060	-7.565	0.286
92.080	-3.907	0.298
92.100	-0.191	0.300
92.120	3.521	0.300
92.140	7.162	0.294
92.160	10.718	0.285
92.180	14.129	0.274
92.200	17.319	0.258
92.220	20.273	0.067
92.240	30.849	0.028
92.260	30.677	-0.002
92.280	30.059	-0.038
92.300	29.012	-0.069
92.320	27.589	-0.104
92.340	25.698	-0.133
92.360	23.464	-0.164
92.380	20.875	-0.192
92.400	17.990	-0.217
92.420	14.859	-0.240
92.440	11.486	-0.252
92.460	8.075	-0.264
92.480	4.348	-0.273
92.500	0.669	-0.282
92.520	-3.048	-0.279
92.540	-6.706	-0.273
92.560	-10.288	-0.267
92.580	-13.704	-0.254
92.600	-16.820	-0.244
92.620	-19.919	-0.220
92.640	-22.518	-0.200
92.660	-24.957	-0.172
92.680	-26.955	-0.148
92.700	-28.572	-0.117
92.720	-29.769	-0.088
92.740	-30.494	-0.054
92.760	-30.854	-0.021
92.780	-30.720	0.017
92.800	-30.194	0.045
92.820	-29.205	0.084
92.840	-27.766	0.114
92.860	-25.956	0.149
92.880	-23.738	0.174
92.900	-21.224	0.204
92.920	-18.415	0.227
92.940	-15.257	0.252
92.960	-11.932	0.266
92.980	-8.408	0.279
93.000	-4.767	0.289
93.020	-1.055	0.295
93.040	2.651	0.297
93.060	6.319	0.289
93.080	9.896	0.281
93.100	13.339	0.272
93.120	16.599	0.256
93.140	19.586	0.236
93.160	22.341	0.217
93.180	24.715	0.190
93.200	26.745	0.158
93.220	28.400	0.132
93.240	29.651	0.103
93.260	30.435	0.070
93.280	30.822	0.030
93.300	30.747	0.000
93.320	30.253	-0.038
93.340	29.291	-0.071
93.360	27.922	-0.109
93.380	26.165	-0.133
93.400	24.092	-0.165
93.420	21.503	-0.196
93.440	18.705	-0.220
93.460	15.638	-0.242
93.480	12.388	-0.256
93.500	8.838	-0.274
93.520	5.234	-0.282
93.540	1.560	-0.291
93.560	-2.162	-0.290
93.580	-5.836	-0.287
93.600	-9.450	-0.279
93.620	-12.888	-0.270
93.640	-16.154	-0.254
93.660	-19.204	-0.237
93.680	-21.970	-0.217
93.700	-24.404	-0.191
93.720	-26.445	-0.167
93.740	-28.201	-0.134
93.760	-29.485	-0.104
93.780	-30.376	-0.071
93.800	-30.774	-0.039
93.820	-30.774	-0.003
93.840	-30.344	0.028
93.860	-29.474	0.066
93.880	-28.136	0.095
93.900	-26.396	0.132
93.920	-24.296	0.157
93.940	-21.847	0.188
93.960	-19.054	0.214
93.980	-15.982	0.240
94.000	-12.721	0.254
94.020	-9.230	0.271
94.040	-5.632	0.277
94.060	-1.947	0.285
94.080	1.764	0.288
94.100	5.363	0.281
94.120	9.048	0.276
94.140	12.453	0.269
94.160	15.842	0.252
94.180	18.898	0.237
94.200	21.707	0.215
94.220	24.183	0.190
94.240	26.310	0.164
94.260	28.045	0.134
94.280	29.383	0.104
94.300	30.296	0.068
94.320	30.763	0.041
94.340	30.811	0.001
94.360	30.408	-0.030
94.380	29.581	-0.067
94.400	28.303	-0.099
94.420	26.611	-0.133
94.440	24.581	-0.161
94.460	22.148	-0.191
94.480	19.403	-0.216
94.500	16.379	-0.240
94.520	13.119	-0.256
94.540	9.687	-0.271
94.560	6.104	-0.279
94.580	2.447	-0.289
94.600	-1.281	-0.288
94.620	-4.955	-0.289
94.640	-8.602	-0.279
94.660	-12.093	-0.272
94.680	-15.402	-0.257
94.700	-18.501	-0.237
94.720	-21.342	-0.220
94.740	-23.856	-0.194
94.760	-26.031	-0.167
94.780	-27.809	-0.138
94.800	-29.259	-0.107
94.820	-30.220	-0.075
94.840	-30.731	-0.043
94.860	-30.817	-0.008
94.880	-30.500	0.031
94.900	-29.737	0.062
94.920	-28.512	0.095
94.940	-26.880	0.127
94.960	-24.844	0.157
94.980	-22.481	0.185
95.000	-19.758	0.212
95.020	-16.771	0.240
95.040	-13.543	0.256
95.060	-10.095	0.270
95.080	-6.523	0.285
95.100	-2.828	0.286
95.120	0.873	0.289
95.140	4.568	0.290
95.160	8.199	0.285
95.180	11.722	0.276
95.200	15.063	0.262
95.220	18.178	0.251
95.240	21.057	0.227
95.260	23.630	0.202
95.280	25.832	0.178
95.300	27.658	0.144
95.320	29.098	0.119
95.340	30.118	0.084
95.360	30.698	0.053
95.380	30.838	0.016
95.400	30.548	-0.015
95.420	29.796	-0.051
95.440	28.636	-0.082
95.460	27.041	-0.119
95.480	25.102	-0.142
95.500	22.792	-0.179
95.520	20.069	-0.197
95.540	17.120	-0.228
95.560	13.903	-0.241
95.580	10.514	-0.260
95.600	6.953	-0.267
95.620	3.290	-0.277
95.640	-0.303	-0.282
95.660	-4.112	-0.280
95.680	-7.753	-0.274
95.700	-11.287	-0.264
95.720	-14.650	-0.248
95.740	-17.813	-0.236
95.760	-20.724	-0.214
95.780	-23.254	-0.187
95.800	-25.569	-0.165
95.820	-27.476	-0.137
95.840	-28.990	-0.104
95.860	-30.038	-0.072
95.880	-30.656	-0.040
95.900	-30.865	-0.009
95.920	-30.629	0.028
95.940	-29.984	0.063
95.960	-28.872	0.098
95.980	-27.320	0.129
96.000	-25.365	0.158
96.020	-23.077	0.189
96.040	-20.456	0.218
96.060	-17.512	0.241
96.080	-14.338	0.261
96.100	-10.949	0.277
96.120	-7.383	0.289
96.140	-3.730	0.296
96.160	-0.013	0.303
96.180	3.709	0.301
96.200	7.329	0.298
96.220	10.895	0.285
96.240	14.290	0.273
96.260	17.469	0.256
96.280	20.397	0.237
96.300	23.055	0.213
96.320	25.333	0.194
96.340	27.213	0.157
96.360	28.792	0.134
96.380	29.909	0.095
96.400	30.596	0.066
96.420	30.838	0.028
96.440	30.650	-0.003
96.460	30.016	-0.040
96.480	28.942	-0.075
96.500	27.465	-0.107
