0.000	-12.007	-0.252
0.020	-15.316	-0.232
0.040	-18.436	-0.215
0.060	-21.299	-0.187
0.080	-23.818	-0.165
0.100	-26.004	-0.132
0.120	-27.809	-0.107
0.140	-29.232	-0.072
0.160	-30.215	-0.041
0.180	-30.736	-0.012
0.200	-30.865	0.027
0.220	-30.537	0.055
0.240	-29.791	0.094
0.260	-28.604	0.121
0.280	-26.987	0.155
0.300	-24.951	0.177
0.320	-22.610	0.207
0.340	-19.913	0.225
0.360	-16.922	0.249
0.380	-13.710	0.263
0.400	-10.283	0.287
0.420	-6.711	0.283
0.440	-3.016	0.293
0.460	0.685	0.286
0.480	4.385	0.289
0.500	8.000	0.274
0.520	11.534	0.267
0.540	14.886	0.244
0.560	18.028	0.229
0.580	20.832	0.204
0.600	23.507	0.179
0.620	25.709	0.149
0.640	27.578	0.117
0.660	29.028	0.089
0.680	30.065	0.056
0.700	30.656	0.024
0.720	30.844	-0.015
0.740	30.575	-0.044
0.760	29.861	-0.078
0.780	28.717	-0.113
0.800	27.148	-0.149
0.820	25.231	-0.170
0.840	22.969	-0.204
0.860	20.252	-0.219
0.880	17.319	-0.244
0.900	14.220	-0.258
0.920	10.745	-0.272
0.940	7.195	-0.272
0.960	3.553	-0.282
0.980	-0.132	-0.280
1.000	-3.838	-0.279
1.020	-7.495	-0.267
1.040	-11.040	-0.256
1.060	-14.392	-0.242
1.080	-17.566	-0.220
1.100	-20.504	-0.198
1.120	-23.120	-0.171
1.140	-25.403	-0.142
1.160	-27.342	-0.119
1.180	-28.856	-0.082
1.200	-29.957	-0.048
1.220	-30.629	-0.016
1.240	-30.870	0.010
1.260	-30.661	0.051
1.280	-30.032	0.076
1.300	-28.931	0.109
1.320	-27.444	0.138
1.340	-25.580	0.169
1.360	-23.292	0.192
1.380	-20.687	0.217
1.400	-17.749	0.233
1.420	-14.617	0.253
1.440	-11.325	0.265
1.460	-7.705	0.283
1.480	-4.133	0.280
1.500	-0.341	0.284
1.520	3.365	0.275
1.540	7.023	0.270
1.560	10.557	0.259
1.580	13.903	0.245
1.600	17.163	0.221
1.620	20.128	0.199
1.640	22.814	0.173
1.660	25.123	0.148
1.680	27.078	0.113
1.700	28.647	0.087
1.720	29.818	0.053
1.740	30.548	0.024
1.760	30.833	-0.014
1.780	30.704	-0.044
1.800	30.097	-0.080
1.820	29.076	-0.108
1.840	27.648	-0.147
1.860	25.816	-0.177
1.880	23.598	-0.211
1.900	21.095	-0.227
1.920	18.178	-0.253
1.940	15.058	-0.263
1.960	11.739	-0.281
1.980	8.215	-0.286
2.000	4.590	-0.293
2.020	0.910	-0.296
2.040	-2.796	-0.294
2.060	-6.453	-0.280
2.080	-9.955	-0.274
2.100	-13.473	-0.256
2.120	-16.599	-0.238
2.140	-19.688	-0.214
2.160	-22.395	-0.189
2.180	-24.780	-0.162
2.200	-26.826	-0.136
2.220	-28.427	-0.102
2.240	-29.667	-0.074
2.260	-30.446	-0.032
2.280	-30.795	-0.010
2.300	-30.763	0.031
2.320	-30.237	0.059
2.340	-29.275	0.091
2.360	-27.895	0.123
2.380	-26.085	0.153
2.400	-23.958	0.174
2.420	-21.433	0.202
2.440	-18.673	0.218
2.460	-15.504	0.241
2.480	-12.184	0.244
2.500	-8.693	0.268
2.520	-5.084	0.268
2.540	-1.388	0.280
2.560	2.328	0.271
2.580	5.997	0.274
2.600	9.574	0.257
2.620	13.054	0.247
2.640	16.309	0.220
2.660	19.317	0.207
2.680	22.030	0.177
2.700	24.516	0.158
2.720	26.584	0.123
2.740	28.222	0.097
2.760	29.538	0.063
2.780	30.398	0.034
2.800	30.801	-0.003
2.820	30.774	-0.035
2.840	30.312	-0.070
2.860	29.431	-0.098
2.880	28.077	-0.142
2.900	26.359	-0.169
2.920	24.323	-0.197
2.940	21.782	-0.223
2.960	19.006	-0.244
2.980	15.966	-0.258
3.000	12.646	-0.272
3.020	9.203	-0.284
3.040	5.615	-0.285
3.060	1.942	-0.292
3.080	-1.775	-0.286
3.100	-5.444	-0.283
3.120	-9.053	-0.273
3.140	-12.544	-0.258
3.160	-15.810	-0.239
3.180	-18.823	-0.219
3.200	-21.686	-0.194
3.220	-24.108	-0.166
3.240	-26.310	-0.141
3.260	-28.051	-0.106
3.280	-29.409	-0.079
3.300	-30.333	-0.044
3.320	-30.768	-0.014
3.340	-30.806	0.025
3.360	-30.451	0.051
3.380	-29.635	0.094
3.400	-28.378	0.119
3.420	-26.670	0.152
3.440	-24.608	0.175
3.460	-22.212	0.206
3.480	-19.468	0.220
3.500	-16.427	0.245
3.520	-13.269	0.252
3.540	-9.735	0.267
3.560	-6.115	0.272
3.580	-2.441	0.276
3.600	1.265	0.270
3.620	4.960	0.272
3.640	8.564	0.262
3.660	12.093	0.250
3.680	15.391	0.230
3.700	18.490	0.209
3.720	21.353	0.188
3.740	23.866	0.161
3.760	26.031	0.134
3.780	27.825	0.101
3.800	29.216	0.076
3.820	30.172	0.039
3.840	30.720	0.007
3.860	30.827	-0.031
3.880	30.489	-0.057
3.900	29.705	-0.095
3.920	28.496	-0.123
3.940	26.874	-0.154
3.960	24.941	-0.175
3.980	22.502	-0.207
4.000	19.811	-0.222
4.020	16.906	-0.247
4.040	13.602	-0.256
4.060	10.176	-0.279
4.080	6.620	-0.286
4.100	2.968	-0.290
4.120	-0.749	-0.290
4.140	-4.439	-0.281
4.160	-8.065	-0.276
4.180	-11.599	-0.257
4.200	-14.945	-0.245
4.220	-18.076	-0.220
4.240	-20.955	-0.200
4.260	-23.512	-0.170
4.280	-25.752	-0.143
4.300	-27.615	-0.115
4.320	-29.087	-0.083
4.340	-30.124	-0.053
4.360	-30.693	-0.020
4.380	-30.860	0.014
4.400	-30.596	0.047
4.420	-29.904	0.080
4.440	-28.776	0.114
4.460	-27.191	0.143
4.480	-25.236	0.173
4.500	-22.910	0.204
4.520	-20.316	0.222
4.540	-17.308	0.242
4.560	-14.193	0.260
4.580	-10.697	0.269
4.600	-7.227	0.276
4.620	-3.483	0.283
4.640	0.234	0.277
4.660	3.945	0.275
4.680	7.571	0.267
4.700	11.115	0.254
4.720	14.494	0.241
4.740	17.652	0.223
4.760	20.563	0.196
4.780	23.206	0.172
4.800	25.467	0.146
4.820	27.368	0.113
4.840	28.867	0.083
4.860	29.963	0.047
4.880	30.623	0.018
4.900	30.849	-0.018
4.920	30.634	-0.051
4.940	29.952	-0.086
4.960	28.878	-0.117
4.980	27.347	-0.148
5.000	25.489	-0.169
5.020	23.222	-0.206
5.040	20.606	-0.218
5.060	17.690	-0.247
5.080	14.617	-0.256
5.100	11.158	-0.273
5.120	7.640	-0.275
5.140	4.020	-0.285
5.160	0.314	-0.279
5.180	-3.376	-0.280
5.200	-6.948	-0.272
5.220	-10.616	-0.261
5.240	-13.898	-0.245
5.260	-17.206	-0.223
5.280	-20.150	-0.203
5.300	-22.803	-0.178
5.320	-25.145	-0.148
5.340	-27.057	-0.123
5.360	-28.700	-0.091
5.380	-29.818	-0.062
5.400	-30.564	-0.024
5.420	-30.849	0.004
5.440	-30.704	0.045
5.460	-30.124	0.072
5.480	-29.103	0.109
5.500	-27.632	0.134
5.520	-25.800	0.166
5.540	-23.582	0.188
5.560	-21.020	0.216
5.580	-18.119	0.228
5.600	-14.999	0.250
5.620	-11.674	0.254
5.640	-8.140	0.272
5.660	-4.504	0.271
5.680	-0.798	0.272
5.700	2.908	0.267
5.720	6.572	0.264
5.740	10.143	0.248
5.760	13.581	0.239
5.780	16.798	0.211
5.800	19.784	0.196
5.820	22.513	0.168
5.840	24.855	0.146
5.860	26.874	0.109
5.880	28.486	0.084
5.900	29.710	0.046
5.920	30.484	0.015
5.940	30.827	-0.020
5.960	30.731	-0.052
5.980	30.194	-0.086
6.000	29.227	-0.113
6.020	27.836	-0.150
6.040	26.052	-0.177
6.060	23.909	-0.206
6.080	21.364	-0.229
6.100	18.538	-0.245
6.120	15.455	-0.268
6.140	12.125	-0.277
6.160	8.656	-0.285
6.180	5.143	-0.291
6.200	1.367	-0.295
6.220	-2.248	-0.290
6.240	-6.008	-0.285
6.260	-9.520	-0.274
6.280	-13.049	-0.257
6.300	-16.218	-0.244
6.320	-19.333	-0.214
6.340	-22.019	-0.194
6.360	-24.506	-0.165
6.380	-26.584	-0.140
6.400	-28.281	-0.106
6.420	-29.544	-0.080
6.440	-30.408	-0.039
6.460	-30.768	-0.016
6.480	-30.779	0.026
6.500	-30.333	0.053
6.520	-29.431	0.092
6.540	-28.088	0.117
6.560	-26.316	0.153
6.580	-24.216	0.175
6.600	-21.756	0.200
6.620	-19.032	0.216
6.640	-15.890	0.239
6.660	-12.705	0.248
6.680	-9.134	0.265
6.700	-5.519	0.265
6.720	-1.834	0.269
6.740	1.883	0.265
6.760	5.546	0.262
6.780	9.144	0.248
6.800	12.635	0.238
6.820	15.912	0.216
6.840	18.968	0.198
6.860	21.702	0.175
6.880	24.237	0.148
6.900	26.343	0.118
6.920	28.077	0.087
6.940	29.372	0.059
6.960	30.301	0.023
6.980	30.768	-0.006
7.000	30.801	-0.043
7.020	30.403	-0.073
7.040	29.538	-0.110
7.060	28.265	-0.140
7.080	26.584	-0.169
7.100	24.543	-0.195
7.120	22.089	-0.220
7.140	19.425	-0.238
7.160	16.342	-0.259
7.180	13.156	-0.268
7.200	9.638	-0.283
7.220	6.147	-0.287
7.240	2.387	-0.292
7.260	-1.217	-0.289
7.280	-5.003	-0.282
7.300	-8.650	-0.270
7.320	-12.131	-0.255
7.340	-15.434	-0.242
7.360	-18.458	-0.222
7.380	-21.380	-0.197
7.400	-23.834	-0.167
7.420	-26.074	-0.141
7.440	-27.836	-0.114
7.460	-29.275	-0.082
7.480	-30.242	-0.043
7.500	-30.752	-0.019
7.520	-30.838	0.017
7.540	-30.537	0.051
7.560	-29.742	0.088
7.580	-28.566	0.113
7.600	-26.896	0.147
7.620	-24.898	0.171
7.640	-22.529	0.199
7.660	-19.801	0.219
7.680	-16.793	0.239
7.700	-13.592	0.255
7.720	-10.256	0.264
7.740	-6.577	0.273
7.760	-2.903	0.275
7.780	0.808	0.273
7.800	4.509	0.271
7.820	8.049	0.262
7.840	11.663	0.250
7.860	14.999	0.235
7.880	18.135	0.205
7.900	21.004	0.191
7.920	23.576	0.160
7.940	25.784	0.138
7.960	27.632	0.102
7.980	29.071	0.076
8.000	30.097	0.039
8.020	30.688	0.012
8.040	30.838	-0.025
8.060	30.559	-0.054
8.080	29.812	-0.094
8.100	28.674	-0.122
8.120	27.084	-0.578
8.140	25.209	-0.176
8.160	22.803	-0.206
8.180	20.155	-0.223
8.200	17.206	-0.243
8.220	14.016	-0.257
8.240	10.600	-0.272
8.260	7.060	-0.278
8.280	3.413	-0.282
8.300	-0.271	-0.286
8.320	-3.983	-0.275
8.340	-7.640	-0.269
8.360	-11.164	-0.253
8.380	-14.531	-0.242
8.400	-17.711	-0.218
8.420	-20.617	-0.194
8.440	-23.217	-0.169
8.460	-25.494	-0.140
8.480	-27.401	-0.109
8.500	-28.921	-0.078
8.520	-30.006	-0.050
8.540	-30.639	-0.013
8.560	-30.870	0.014
8.580	-30.661	0.053
8.600	-30.022	0.080
8.620	-28.926	0.121
8.640	-27.379	0.144
8.660	-25.489	0.179
8.680	-23.195	0.200
8.700	-20.606	0.223
8.720	-17.684	0.242
8.740	-14.580	0.258
8.760	-11.148	0.266
8.780	-7.576	0.280
8.800	-3.940	0.281
8.820	-0.218	0.280
8.840	3.494	0.275
8.860	7.055	0.271
8.880	10.697	0.257
8.900	14.102	0.245
8.920	17.281	0.219
8.940	20.225	0.200
8.960	22.905	0.171
8.980	25.204	0.154
9.000	27.111	0.114
9.020	28.711	0.088
9.040	29.861	0.051
9.060	30.575	0.020
9.080	30.838	-0.015
9.100	30.682	-0.046
9.120	30.075	-0.077
9.140	29.066	-0.113
9.160	27.589	-0.144
9.180	25.736	-0.169
9.200	23.576	-0.199
9.220	20.928	-0.219
9.240	18.066	-0.241
9.260	14.934	-0.258
9.280	11.679	-0.269
9.300	8.070	-0.279
9.320	4.455	-0.283
9.340	0.776	-0.284
9.360	-2.946	-0.282
9.380	-6.588	-0.268
9.400	-10.170	-0.260
9.420	-13.586	-0.245
9.440	-16.814	-0.227
9.460	-19.806	-0.202
9.480	-22.508	-0.181
9.500	-24.882	-0.149
9.520	-26.896	-0.129
9.540	-28.545	-0.091
9.560	-29.721	-0.063
9.580	-30.516	-0.024
9.600	-30.827	-0.000
9.620	-30.736	0.038
9.640	-30.226	0.068
9.660	-29.243	0.104
9.680	-27.857	0.130
9.700	-26.031	0.165
9.720	-23.866	0.184
9.740	-21.347	0.213
9.760	-18.490	0.225
9.780	-15.407	0.250
9.800	-12.082	0.254
9.820	-8.580	0.270
9.840	-4.944	0.271
9.860	-1.254	0.273
9.880	2.457	0.265
9.900	6.136	0.267
9.920	9.703	0.250
9.940	13.167	0.241
9.960	16.427	0.216
9.980	19.435	0.196
10.000	22.207	0.171
10.020	24.597	0.146
10.040	26.654	0.115
10.060	28.303	0.084
10.080	29.581	0.055
10.100	30.392	0.019
10.120	30.817	-0.014
10.140	30.758	-0.052
10.160	30.296	-0.082
10.180	29.366	-0.115
10.200	28.024	-0.145
10.220	26.289	-0.177
10.240	24.178	-0.201
10.260	21.686	-0.225
10.280	18.887	-0.243
10.300	15.842	-0.268
10.320	12.539	-0.272
10.340	9.166	-0.288
10.360	5.481	-0.289
10.380	1.818	-0.296
10.400	-1.888	-0.293
10.420	-5.578	-0.285
10.440	-9.187	-0.274
10.460	-12.641	-0.260
10.480	-15.928	-0.245
10.500	-18.979	-0.219
10.520	-21.697	-0.198
10.540	-24.232	-0.169
10.560	-26.300	-0.143
10.580	-28.104	-0.110
10.600	-29.415	-0.081
10.620	-30.333	-0.044
10.640	-30.747	-0.015
10.660	-30.795	0.026
10.680	-30.398	0.054
10.700	-29.554	0.091
10.720	-28.276	0.116
10.740	-26.563	0.150
10.760	-24.500	0.171
10.780	-22.083	0.200
10.800	-19.312	0.219
10.820	-16.277	0.242
10.840	-13.038	0.251
10.860	-9.558	0.264
10.880	-5.975	0.268
10.900	-2.285	0.270
10.920	1.442	0.272
10.940	5.116	0.267
10.960	8.715	0.254
10.980	12.211	0.243
11.000	15.536	0.222
11.020	18.614	0.202
11.040	21.449	0.182
11.060	23.893	0.151
11.080	26.106	0.127
11.100	27.889	0.088
11.120	29.264	0.063
11.140	30.220	0.030
11.160	30.731	-0.002
11.180	30.827	-0.037
11.200	30.462	-0.070
11.220	29.662	-0.106
11.240	28.448	-0.135
11.260	26.853	-0.165
11.280	24.812	-0.190
11.300	22.406	-0.218
11.320	19.709	-0.242
11.340	16.803	-0.255
11.360	13.473	-0.268
11.380	10.063	-0.274
11.400	6.582	-0.290
11.420	2.833	-0.289
11.440	-0.862	-0.291
11.460	-4.568	-0.280
11.480	-8.210	-0.274
11.500	-11.722	-0.258
11.520	-15.036	-0.241
11.540	-18.184	-0.224
11.560	-21.052	-0.197
11.580	-23.609	-0.172
11.600	-25.827	-0.141
11.620	-27.648	-0.112
11.640	-29.119	-0.081
11.660	-30.156	-0.048
11.680	-30.715	-0.015
11.700	-30.844	0.015
11.720	-30.613	0.055
11.740	-29.887	0.084
11.760	-28.733	0.113
11.780	-27.116	0.149
11.800	-25.166	0.174
11.820	-22.835	0.202
11.840	-20.160	0.219
11.860	-17.190	0.242
11.880	-13.994	0.253
11.900	-10.584	0.268
11.920	-7.012	0.276
11.940	-3.338	0.279
11.960	0.368	0.279
11.980	4.074	0.275
12.000	7.705	0.270
12.020	11.234	0.256
12.040	14.607	0.242
12.060	17.754	0.214
12.080	20.671	0.191
12.100	23.286	0.169
12.120	25.531	0.141
12.140	27.422	0.108
12.160	28.910	0.083
12.180	29.963	0.047
12.200	30.645	0.016
12.220	30.854	-0.022
12.240	30.618	-0.053
12.260	29.936	-0.088
12.280	28.829	-0.117
12.300	27.282	-0.150
12.320	25.413	-0.173
12.340	23.109	-0.205
12.360	20.493	-0.223
12.380	17.588	-0.241
12.400	14.413	-0.258
12.420	11.035	-0.268
12.440	7.506	-0.276
12.460	3.870	-0.279
12.480	0.164	-0.281
12.500	-3.537	-0.276
12.520	-7.189	-0.265
12.540	-10.750	-0.258
12.560	-14.134	-0.238
12.580	-17.303	-0.218
12.600	-20.289	-0.198
12.620	-22.910	-0.172
12.640	-25.172	-0.141
12.660	-27.213	-0.119
12.680	-28.786	-0.083
12.700	-29.898	-0.051
12.720	-30.591	-0.015
12.740	-30.892	0.013
12.760	-30.698	0.051
12.780	-30.108	0.077
12.800	-29.066	0.117
12.820	-27.599	0.141
12.840	-25.714	0.175
12.860	-23.571	0.196
12.880	-20.934	0.225
12.900	-18.098	0.238
12.920	-14.886	0.260
12.940	-11.642	0.268
12.960	-8.027	0.280
12.980	-4.364	0.276
13.000	-0.669	0.279
13.020	3.043	0.275
13.040	6.620	0.274
13.060	10.261	0.260
13.080	13.683	0.245
13.100	16.911	0.218
13.120	19.876	0.201
13.140	22.594	0.173
13.160	24.935	0.153
13.180	26.939	0.116
13.200	28.534	0.090
13.220	29.742	0.055
13.240	30.510	0.025
13.260	30.833	-0.013
13.280	30.720	-0.043
13.300	30.172	-0.074
13.320	29.184	-0.110
13.340	27.777	-0.142
13.360	25.977	-0.173
13.380	23.791	-0.198
13.400	21.272	-0.223
13.420	18.420	-0.238
13.440	15.337	-0.260
13.460	12.002	-0.270
13.480	8.510	-0.280
13.500	4.890	-0.285
13.520	1.217	-0.287
13.540	-2.495	-0.284
13.560	-6.163	-0.274
13.580	-9.740	-0.267
13.600	-13.194	-0.252
13.620	-16.433	-0.234
13.640	-19.451	-0.207
13.660	-22.185	-0.189
13.680	-24.570	-0.155
13.700	-26.665	-0.133
13.720	-28.357	-0.096
13.740	-29.597	-0.066
13.760	-30.435	-0.028
13.780	-30.811	-0.007
13.800	-30.784	0.034
13.820	-30.312	0.058
13.840	-29.372	0.099
13.860	-28.029	0.123
13.880	-26.278	0.160
13.900	-24.135	0.179
13.920	-21.664	0.209
13.940	-18.871	0.221
13.960	-15.772	0.245
13.980	-12.507	0.251
14.000	-9.010	0.266
14.020	-5.401	0.271
14.040	-1.695	0.275
14.060	2.006	0.267
14.080	5.685	0.264
14.100	9.187	0.250
14.120	12.754	0.242
14.140	16.035	0.221
14.160	19.086	0.198
14.180	21.885	0.174
14.200	24.318	0.145
14.220	26.412	0.121
14.240	28.126	0.084
14.260	29.447	0.058
14.280	30.328	0.018
14.300	30.784	-0.008
14.320	30.795	-0.050
14.340	30.365	-0.078
14.360	29.490	-0.115
14.380	28.206	-0.142
14.400	26.520	-0.176
14.420	24.452	-0.197
14.440	22.008	-0.226
14.460	19.247	-0.245
14.480	16.234	-0.260
14.500	13.028	-0.284
14.520	9.510	-0.278
14.540	5.943	-0.303
14.560	2.253	-0.286
14.580	-1.448	-0.308
14.600	-5.030	-0.274
14.620	-8.747	-0.289
14.640	-12.136	-0.256
14.660	-15.541	-0.255
14.680	-18.624	-0.218
14.700	-21.460	-0.208
14.720	-23.947	-0.170
14.740	-26.106	-0.148
14.760	-27.911	-0.112
14.780	-29.281	-0.087
14.800	-30.247	-0.053
14.820	-30.736	-0.019
14.840	-30.811	0.015
14.860	-30.473	0.051
14.880	-29.689	0.081
14.900	-28.432	0.110
14.920	-26.815	0.143
14.940	-24.763	0.167
14.960	-22.395	0.196
14.980	-19.672	0.213
15.000	-16.653	0.239
15.020	-13.452	0.249
15.040	-9.998	0.258
15.060	-6.405	0.270
15.080	-2.726	0.283
15.100	0.889	0.277
15.120	4.665	0.274
15.140	8.280	0.265
15.160	11.798	0.256
15.180	15.144	0.231
15.200	18.254	0.216
15.220	21.122	0.191
15.240	23.668	0.167
15.260	25.859	0.138
15.280	27.696	0.105
15.300	29.114	0.074
15.320	30.124	0.046
15.340	30.709	0.011
15.360	30.844	-0.022
15.380	30.548	-0.060
15.400	29.791	-0.094
15.420	28.647	-0.127
15.440	27.019	-0.171
15.460	25.080	-0.187
15.480	22.728	-0.223
15.500	20.042	-0.235
15.520	17.088	-0.258
15.540	13.892	-0.268
15.560	10.482	-0.280
15.580	6.942	-0.292
15.600	3.279	-0.290
15.620	-0.422	-0.297
15.640	-4.122	-0.285
15.660	-7.764	-0.281
15.680	-11.293	-0.262
15.700	-14.644	-0.248
15.720	-17.829	-0.229
15.740	-20.740	-0.204
15.760	-23.313	-0.183
15.780	-25.574	-0.152
15.800	-27.476	-0.126
15.820	-28.974	-0.090
15.840	-30.065	-0.057
15.860	-30.672	-0.024
15.880	-30.849	0.005
15.900	-30.656	0.043
15.920	-30.000	0.076
15.940	-28.894	0.110
15.960	-27.347	0.138
15.980	-25.419	0.166
16.000	-23.136	0.192
16.020	-20.493	0.218
16.040	-17.566	0.246
16.060	-14.403	0.265
16.080	-11.019	0.270
16.100	-7.442	0.283
16.120	-3.789	0.284
16.140	-0.099	0.288
16.160	3.628	0.276
16.180	7.254	0.279
16.200	10.809	0.262
16.220	14.215	0.249
16.240	17.394	0.223
16.260	20.332	0.205
16.280	22.991	0.176
16.300	25.225	0.159
16.320	27.213	0.118
16.340	28.754	0.099
16.360	29.887	0.057
16.380	30.591	0.033
16.400	30.844	-0.007
16.420	30.661	-0.041
16.440	30.022	-0.071
16.460	28.985	-0.107
16.480	27.513	-0.141
16.500	25.666	-0.173
16.520	23.415	-0.195
16.540	20.826	-0.227
16.560	17.953	-0.227
16.580	14.897	-0.264
16.600	11.438	-0.261
16.620	7.936	-0.287
16.640	4.305	-0.273
16.660	0.706	-0.290
16.680	-3.080	-0.272
16.700	-6.743	-0.276
16.720	-10.321	-0.250
16.740	-13.737	-0.244
16.760	-16.927	-0.223
16.780	-19.935	-0.199
16.800	-22.604	-0.174
16.820	-24.978	-0.144
16.840	-26.982	-0.121
16.860	-28.582	-0.087
16.880	-29.791	-0.065
16.900	-30.532	-0.019
16.920	-30.854	0.003
16.940	-30.752	0.047
16.960	-30.226	0.068
16.980	-29.216	0.112
17.000	-27.803	0.133
17.020	-25.972	0.168
17.040	-23.813	0.191
17.060	-21.251	0.222
17.080	-18.393	0.234
17.100	-15.289	0.254
17.120	-12.045	0.264
17.140	-8.457	0.277
17.160	-4.815	0.286
17.180	-1.109	0.293
17.200	2.592	0.282
17.220	6.265	0.281
17.240	9.837	0.270
17.260	13.296	0.254
17.280	16.530	0.235
17.300	19.532	0.213
17.320	22.277	0.189
17.340	24.677	0.160
17.360	26.724	0.134
17.380	28.362	0.100
17.400	29.619	0.071
17.420	30.430	0.034
17.440	30.817	0.003
17.460	30.752	-0.033
17.480	30.258	-0.061
17.500	29.318	-0.098
17.520	27.965	-0.137
17.540	26.219	-0.164
17.560	24.092	-0.194
17.580	21.578	-0.215
17.600	18.785	-0.235
17.620	15.804	-0.259
17.640	12.410	-0.268
17.660	8.946	-0.279
17.680	5.347	-0.285
17.700	1.684	-0.289
17.720	-1.936	-0.289
17.740	-5.696	-0.277
17.760	-9.230	-0.272
17.780	-12.775	-0.252
17.800	-16.035	-0.239
17.820	-19.092	-0.211
17.840	-21.879	-0.190
17.860	-24.264	-0.160
17.880	-26.439	-0.135
17.900	-28.153	-0.105
17.920	-29.469	-0.075
17.940	-30.371	-0.038
17.960	-30.779	-0.012
17.980	-30.811	0.025
18.000	-30.387	0.055
18.020	-29.528	0.093
18.040	-28.206	0.118
18.060	-26.509	0.151
18.080	-24.409	0.172
18.100	-21.987	0.204
18.120	-19.199	0.219
18.140	-16.170	0.242
18.160	-12.920	0.257
18.180	-9.531	0.275
18.200	-5.841	0.278
18.220	-2.237	0.283
18.240	1.560	0.272
18.260	5.256	0.274
18.280	8.849	0.262
18.300	12.340	0.255
18.320	15.563	0.229
18.340	18.716	0.212
18.360	21.546	0.186
18.380	24.044	0.161
18.400	26.181	0.129
18.420	27.943	0.099
18.440	29.313	0.068
18.460	30.242	0.033
18.480	30.752	0.004
18.500	30.822	-0.033
18.520	30.451	-0.064
18.540	29.635	-0.103
18.560	28.389	-0.136
18.580	26.740	-0.173
18.600	24.785	-0.189
18.620	22.330	-0.225
18.640	19.596	-0.238
18.660	16.615	-0.266
18.680	13.355	-0.269
18.700	9.945	-0.286
18.720	6.464	-0.292
18.740	2.710	-0.298
18.760	-0.991	-0.295
18.780	-4.686	-0.289
18.800	-8.317	-0.280
18.820	-11.814	-0.264
18.840	-15.144	-0.251
18.860	-18.254	-0.224
18.880	-21.127	-0.209
18.900	-23.673	-0.173
18.920	-25.827	-0.150
18.940	-27.718	-0.119
18.960	-29.146	-0.089
18.980	-30.151	-0.054
19.000	-30.682	-0.024
19.020	-30.811	0.009
19.040	-30.537	0.043
19.060	-29.802	0.076
19.080	-28.620	0.112
19.100	-27.019	0.141
19.120	-25.037	0.167
19.140	-22.760	0.193
19.160	-20.015	0.213
19.180	-17.056	0.231
19.200	-13.849	0.248
19.220	-10.412	0.254
19.240	-6.856	0.278
19.260	-3.188	0.276
19.280	0.524	0.282
19.300	4.214	0.274
19.320	7.839	0.268
19.340	11.379	0.255
19.360	14.741	0.238
19.380	17.894	0.214
19.400	20.783	0.200
19.420	23.394	0.169
19.440	25.612	0.146
19.460	27.497	0.111
19.480	28.964	0.084
19.500	30.016	0.051
19.520	30.639	0.018
19.540	30.849	-0.018
19.560	30.591	-0.049
19.580	29.882	-0.087
19.600	28.776	-0.122
19.620	27.229	-0.156
19.640	25.392	-0.178
19.660	23.034	-0.207
19.680	20.386	-0.234
19.700	17.469	-0.249
19.720	14.290	-0.264
19.740	10.901	-0.275
19.760	7.372	-0.281
19.780	3.822	-0.286
19.800	0.035	-0.286
19.820	-3.660	-0.281
19.840	-7.313	-0.271
19.860	-10.885	-0.265
19.880	-14.247	-0.243
19.900	-17.453	-0.229
19.920	-20.402	-0.201
19.940	-23.023	-0.181
19.960	-25.268	-0.147
19.980	-27.272	-0.121
20.000	-28.824	-0.084
20.020	-29.952	-0.058
20.040	-30.639	-0.021
20.060	-30.833	0.001
20.080	-30.709	0.045
20.100	-30.097	0.074
20.120	-29.055	0.109
20.140	-27.551	0.138
20.160	-25.677	0.163
20.180	-23.437	0.193
20.200	-20.816	0.218
20.220	-17.937	0.234
20.240	-14.789	0.258
20.260	-11.422	0.275
20.280	-7.904	0.284
20.300	-4.246	0.286
20.320	-0.540	0.288
20.340	3.161	0.283
20.360	6.835	0.281
20.380	10.385	0.266
20.400	13.817	0.252
20.420	17.029	0.230
20.440	19.983	0.209
20.460	22.706	0.183
20.480	25.016	0.163
20.500	27.009	0.126
20.520	28.582	0.098
20.540	29.780	0.068
20.560	30.521	0.032
20.580	30.838	0.001
20.600	30.709	-0.034
20.620	30.140	-0.069
20.640	29.135	-0.097
20.660	27.744	-0.140
20.680	25.907	-0.165
20.700	23.705	-0.192
20.720	21.159	-0.213
20.740	18.388	-0.233
20.760	15.208	-0.255
20.780	11.857	-0.265
20.800	8.382	-0.274
20.820	4.767	-0.276
20.840	1.072	-0.282
20.860	-2.635	-0.278
20.880	-6.298	-0.268
20.900	-9.907	-0.260
20.920	-13.312	-0.242
20.940	-16.556	-0.224
20.960	-19.591	-0.202
20.980	-22.287	-0.181
21.000	-24.710	-0.148
21.020	-26.751	-0.124
21.040	-28.416	-0.090
21.060	-29.651	-0.063
21.080	-30.489	-0.026
21.100	-30.849	0.001
21.120	-30.790	0.039
21.140	-30.296	0.068
21.160	-29.377	0.109
21.180	-27.997	0.130
21.200	-26.203	0.165
21.220	-24.076	0.185
21.240	-21.643	0.215
21.260	-18.775	0.229
21.280	-15.686	0.260
21.300	-12.383	0.271
21.320	-8.897	0.282
21.340	-5.342	0.287
21.360	-1.571	0.291
21.380	2.151	0.284
21.400	5.814	0.283
21.420	9.402	0.271
21.440	12.797	0.260
21.460	16.154	0.236
21.480	19.199	0.212
21.500	21.976	0.193
21.520	24.344	0.163
21.540	26.498	0.136
21.560	28.190	-0.372
21.580	29.463	0.077
21.600	30.365	0.038
21.620	30.790	0.010
21.640	30.784	-0.032
21.660	30.349	-0.058
21.680	29.463	-0.098
21.700	28.153	-0.126
21.720	26.450	-0.166
21.740	24.377	-0.190
21.760	21.911	-0.218
21.780	19.151	-0.236
21.800	16.111	-0.256
21.820	12.823	-0.268
21.840	9.375	-0.279
21.860	5.803	-0.281
21.880	2.119	-0.292
21.900	-1.587	-0.281
21.920	-5.256	-0.289
21.940	-8.881	-0.264
21.960	-12.372	-0.263
21.980	-15.643	-0.233
22.000	-18.742	-0.224
22.020	-21.552	-0.193
22.040	-24.033	-0.171
22.060	-26.198	-0.140
22.080	-27.981	-0.113
22.100	-29.334	-0.077
22.120	-30.269	-0.042
22.140	-30.736	-0.012
22.160	-30.827	0.022
22.180	-30.457	0.055
22.200	-29.640	0.083
22.220	-28.394	0.118
22.240	-26.735	0.144
22.260	-24.694	0.175
22.280	-22.298	0.193
22.300	-19.559	0.221
22.320	-16.540	0.238
22.340	-13.387	0.266
22.360	-9.864	0.267
22.380	-6.276	0.284
22.400	-2.597	0.277
22.420	1.109	0.280
22.440	4.799	0.269
22.460	8.414	0.267
22.480	11.927	0.247
22.500	15.251	0.235
22.520	18.372	0.209
22.540	21.219	0.192
22.560	23.759	0.159
22.580	25.934	0.136
22.600	27.760	0.102
22.620	29.130	0.072
22.640	30.156	0.038
22.660	30.715	0.006
22.680	30.838	-0.026
22.700	30.516	-0.065
22.720	29.742	-0.090
22.740	28.572	-0.138
22.760	26.960	-0.154
22.780	25.005	-0.196
22.800	22.701	-0.208
22.820	19.951	-0.239
22.840	16.986	-0.256
22.860	13.774	-0.279
22.880	10.364	-0.287
22.900	6.813	-0.295
22.920	3.161	-0.306
22.940	-0.534	-0.292
22.960	-4.144	-0.301
22.980	-7.882	-0.274
23.000	-11.416	-0.279
23.020	-14.730	-0.247
23.040	-17.819	-0.239
23.060	-20.800	-0.205
23.080	-23.388	-0.193
23.100	-25.617	-0.152
23.120	-27.508	-0.131
23.140	-28.985	-0.096
23.160	-30.022	-0.063
23.180	-30.656	-0.029
23.200	-30.817	0.002
23.220	-30.596	0.034
23.240	-29.925	0.070
23.260	-28.829	0.095
23.280	-27.245	0.137
23.300	-25.284	0.154
23.320	-23.007	0.192
23.340	-20.381	0.204
23.360	-17.421	0.242
23.380	-14.263	0.252
23.400	-10.852	0.274
23.420	-7.302	0.271
23.440	-3.655	0.280
23.460	0.067	0.275
23.480	3.779	0.282
23.500	7.399	0.263
23.520	10.954	0.258
23.540	14.258	0.238
23.560	17.512	0.223
23.580	20.375	0.199
23.600	23.093	0.169
23.620	25.360	0.149
23.640	27.277	0.112
23.660	28.802	0.086
23.680	29.930	0.050
23.700	30.596	0.022
23.720	30.838	-0.019
23.740	30.650	-0.042
23.760	30.011	-0.086
23.780	28.937	-0.107
23.800	27.460	-0.153
23.820	25.591	-0.175
23.840	23.329	-0.210
23.860	20.730	-0.227
23.880	17.835	-0.250
23.900	14.693	-0.260
23.920	11.314	-0.273
23.940	7.796	-0.280
23.960	4.267	-0.288
23.980	0.481	-0.286
24.000	-3.225	-0.282
24.020	-6.894	-0.273
24.040	-10.455	-0.259
24.060	-13.855	-0.249
24.080	-17.083	-0.225
24.100	-20.053	-0.212
24.120	-22.722	-0.174
24.140	-25.048	-0.156
24.160	-27.057	-0.123
24.180	-28.657	-0.094
24.200	-29.818	-0.061
24.220	-30.575	-0.025
24.240	-30.833	0.001
24.260	-30.741	0.042
24.280	-30.204	0.065
24.300	-29.189	0.109
24.320	-27.760	0.130
24.340	-25.902	0.167
24.360	-23.721	0.184
24.380	-21.176	0.218
24.400	-18.297	0.229
24.420	-15.192	0.263
24.440	-11.841	0.270
24.460	-8.333	0.286
24.480	-4.708	0.285
24.500	-0.991	0.291
24.520	2.720	0.281
24.540	6.384	0.283
24.560	9.950	0.267
24.580	13.414	0.254
24.600	16.642	0.230
24.620	19.639	0.213
24.640	22.384	0.186
24.660	24.753	0.159
24.680	26.794	0.137
24.700	28.378	0.101
24.720	29.662	0.072
24.740	30.462	0.035
24.760	30.817	0.005
24.780	30.741	-0.029
24.800	30.242	-0.065
24.820	29.281	-0.093
24.840	27.906	-0.136
24.860	26.144	-0.160
24.880	24.006	-0.202
24.900	21.482	-0.209
24.920	18.742	-0.243
24.940	15.606	-0.244
24.960	12.276	-0.277
24.980	8.811	-0.268
25.000	5.299	-0.290
25.020	1.528	-0.280
25.040	-2.178	-0.289
25.060	-5.852	-0.269
25.080	-9.456	-0.267
25.100	-12.926	-0.242
25.120	-16.186	-0.235
25.140	-19.237	-0.208
25.160	-21.970	-0.186
25.180	-24.425	-0.156
25.200	-26.536	-0.132
25.220	-28.239	-0.101
25.240	-29.517	-0.064
25.260	-30.408	-0.030
25.280	-30.806	-0.005
25.300	-30.827	0.034
25.320	-30.360	0.062
25.340	-29.522	0.100
25.360	-28.196	0.124
25.380	-26.455	0.156
25.400	-24.344	0.180
25.420	-21.885	0.211
25.440	-19.118	0.223
25.460	-16.062	0.250
25.480	-12.797	0.264
25.500	-9.322	0.284
25.520	-5.701	0.277
25.540	-2.017	0.293
25.560	1.700	0.282
25.580	5.379	0.283
25.600	8.972	0.262
25.620	12.469	0.262
25.640	15.767	0.233
25.660	18.823	0.220
25.680	21.654	0.189
25.700	24.135	0.171
25.720	26.251	0.131
25.740	28.002	0.108
25.760	29.350	0.072
25.780	30.247	0.044
25.800	30.763	0.008
25.820	30.817	-0.024
25.840	30.414	-0.059
25.860	29.587	-0.092
25.880	28.341	-0.131
25.900	26.676	-0.160
25.920	24.651	-0.188
25.940	22.218	-0.214
25.960	19.489	-0.227
25.980	16.583	-0.253
26.000	13.237	-0.264
26.020	9.794	-0.281
26.040	6.249	-0.282
26.060	2.661	-0.290
26.080	-1.136	-0.285
26.100	-4.821	-0.284
26.120	-8.451	-0.272
26.140	-11.937	-0.261
26.160	-15.251	-0.242
26.180	-18.388	-0.219
26.200	-21.229	-0.201
26.220	-23.754	-0.172
26.240	-25.956	-0.147
26.260	-27.750	-0.111
26.280	-29.195	-0.085
26.300	-30.167	-0.048
26.320	-30.715	-0.024
26.340	-30.844	0.018
26.360	-30.516	0.046
26.380	-29.759	0.082
26.400	-28.572	0.108
26.420	-26.966	0.142
26.440	-24.968	0.164
26.460	-22.599	0.192
26.480	-19.924	0.212
26.500	-16.916	0.232
26.520	-13.720	0.246
26.540	-10.294	0.259
26.560	-6.717	0.269
26.580	-3.053	0.279
26.600	0.669	0.278
26.620	4.353	0.271
26.640	7.973	0.259
26.660	11.508	0.250
26.680	14.870	0.233
26.700	18.012	0.212
26.720	20.880	0.188
26.740	23.464	0.162
26.760	25.693	0.136
26.780	27.551	0.106
26.800	29.007	0.075
26.820	30.059	0.043
26.840	30.677	0.010
26.860	30.854	-0.026
26.880	30.591	-0.060
26.900	29.866	-0.091
26.920	28.738	-0.125
26.940	27.175	-0.160
26.960	25.268	-0.192
26.980	22.932	-0.216
27.000	20.295	-0.238
27.020	17.357	-0.262
27.040	14.161	-0.278
27.060	10.777	-0.295
27.080	7.259	-0.297
27.100	3.617	-0.310
27.120	-0.083	-0.305
27.140	-3.779	-0.306
27.160	-7.350	-0.291
27.180	-10.981	-0.285
27.200	-14.349	-0.262
27.220	-17.529	-0.250
27.240	-20.456	-0.223
27.260	-23.061	-0.198
27.280	-25.365	-0.170
27.300	-27.299	-0.140
27.320	-28.824	-0.109
27.340	-29.936	-0.076
27.360	-30.596	-0.042
27.380	-30.844	-0.007
27.400	-30.629	0.031
27.420	-30.038	0.070
27.440	-28.964	0.100
27.460	-27.454	0.130
27.480	-25.558	0.158
27.500	-23.313	0.179
27.520	-20.703	0.209
27.540	-17.786	0.226
27.560	-14.644	0.250
27.580	-11.363	0.261
27.600	-7.748	0.277
27.620	-4.181	0.277
27.640	-0.389	0.282
27.660	3.322	0.276
27.680	6.964	0.272
27.700	10.525	0.254
27.720	13.946	0.246
27.740	17.136	0.220
27.760	20.091	0.206
27.780	22.787	0.176
27.800	25.043	0.150
27.820	27.073	0.121
27.840	28.636	0.088
27.860	29.812	0.059
27.880	30.543	0.025
27.900	30.833	-0.009
27.920	30.693	-0.044
27.940	30.086	-0.077
27.960	29.082	-0.115
27.980	27.653	-0.140
28.000	25.838	-0.173
28.020	23.625	-0.194
28.040	21.052	-0.231
28.060	18.200	-0.241
28.080	15.085	-0.263
28.100	11.739	-0.272
28.120	8.231	-0.280
28.140	4.616	-0.290
28.160	0.937	-0.281
28.180	-2.774	-0.289
28.200	-6.453	-0.271
28.220	-10.036	-0.271
28.240	-13.457	-0.243
28.260	-16.696	-0.237
28.280	-19.698	-0.209
28.300	-22.411	-0.190
28.320	-24.796	-0.152
28.340	-26.837	-0.131
28.360	-28.491	-0.095
28.380	-29.705	-0.070
28.400	-30.521	-0.030
28.420	-30.822	-0.002
28.440	-30.779	0.034
28.460	-30.296	0.069
28.480	-29.340	0.101
28.500	-27.954	0.129
28.520	-26.165	0.157
28.540	-24.001	0.185
28.560	-21.503	0.207
28.580	-18.662	0.229
28.600	-15.579	0.248
28.620	-12.260	0.274
28.640	-8.768	0.278
28.660	-5.132	0.289
28.680	-1.437	0.290
28.700	2.280	0.285
28.720	5.948	0.278
28.740	9.510	0.274
28.760	13.006	0.256
28.780	16.256	0.238
28.800	19.285	0.214
28.820	22.073	0.194
28.840	24.484	0.169
28.860	26.557	0.136
28.880	28.233	0.105
28.900	29.522	0.075
28.920	30.376	0.042
28.940	30.801	0.010
28.960	30.774	-0.024
28.980	30.312	-0.059
29.000	29.420	-0.090
29.020	28.088	-0.132
29.040	26.375	-0.150
29.060	24.285	-0.184
29.080	21.820	-0.204
29.100	19.102	-0.229
29.120	15.987	-0.251
29.140	12.700	-0.265
29.160	9.236	-0.272
29.180	5.648	-0.285
29.200	1.969	-0.283
29.220	-1.625	-0.284
29.240	-5.401	-0.276
29.260	-9.031	-0.264
29.280	-12.501	-0.249
29.300	-15.788	-0.233
29.320	-18.861	-0.210
29.340	-21.680	-0.187
29.360	-24.135	-0.161
29.380	-26.283	-0.131
29.400	-28.029	-0.106
29.420	-29.404	-0.073
29.440	-30.317	-0.038
29.460	-30.758	-0.010
29.480	-30.865	0.029
29.500	-30.435	0.055
29.520	-29.646	0.092
29.540	-28.367	0.118
29.560	-26.686	0.157
29.580	-24.629	0.173
29.600	-22.228	0.204
29.620	-19.468	0.217
29.640	-16.438	0.248
29.660	-13.210	0.254
29.680	-9.821	0.280
29.700	-6.147	0.282
29.720	-2.473	0.290
29.740	1.249	0.282
29.760	4.944	0.281
29.780	8.543	0.269
29.800	12.055	0.259
29.820	15.369	0.240
29.840	18.479	0.221
29.860	21.251	0.196
29.880	23.850	0.171
29.900	26.015	0.143
29.920	27.809	0.111
29.940	29.205	0.078
29.960	30.183	0.043
29.980	30.725	0.014
30.000	30.822	-0.026
30.020	30.500	-0.055
30.040	29.721	-0.089
30.060	28.512	-0.127
30.080	26.885	-0.159
30.100	24.919	-0.185
30.120	22.534	-0.211
30.140	19.833	-0.230
30.160	16.879	-0.252
30.180	13.651	-0.269
30.200	10.235	-0.279
30.220	6.668	-0.287
30.240	3.021	-0.289
30.260	-0.685	-0.292
30.280	-4.380	-0.283
30.300	-8.011	-0.276
30.320	-11.534	-0.260
30.340	-14.865	-0.247
30.360	-18.012	-0.225
30.380	-20.896	-0.203
30.400	-23.469	-0.177
30.420	-25.687	-0.149
30.440	-27.573	-0.119
30.460	-29.055	-0.090
30.480	-30.070	-0.053
30.500	-30.661	-0.024
30.520	-30.838	0.011
30.540	-30.570	0.039
30.560	-29.882	0.074
30.580	-28.743	0.106
30.600	-27.170	0.134
30.620	-25.215	0.163
30.640	-22.916	0.185
30.660	-20.262	0.213
30.680	-17.303	0.229
30.700	-14.118	0.254
30.720	-10.729	0.262
30.740	-7.157	0.271
30.760	-3.489	0.277
30.780	0.212	0.275
30.800	3.918	0.271
30.820	7.554	0.266
30.840	11.089	0.253
30.860	14.472	0.235
30.880	17.636	0.211
30.900	20.547	0.189
30.920	23.179	0.168
30.940	25.451	0.140
30.960	27.342	0.105
30.980	28.813	0.076
31.000	29.963	0.045
31.020	30.618	0.009
31.040	30.844	-0.019
31.060	30.634	-0.060
31.080	29.963	-0.082
31.100	28.888	-0.125
31.120	27.390	-0.151
31.140	25.510	-0.192
31.160	23.227	-0.210
31.180	20.633	-0.236
31.200	17.733	-0.250
31.220	14.574	-0.266
31.240	11.212	-0.282
31.260	7.780	-0.284
31.280	4.052	-0.299
31.300	0.363	-0.289
31.320	-3.349	-0.296
31.340	-7.001	-0.275
31.360	-10.552	-0.271
31.380	-13.951	-0.250
31.400	-17.153	-0.239
31.420	-20.107	-0.208
31.440	-22.776	-0.189
31.460	-25.107	-0.153
31.480	-27.073	-0.131
31.500	-28.684	-0.097
31.520	-29.839	-0.069
31.540	-30.553	-0.032
31.560	-30.822	-0.001
31.580	-30.677	0.029
31.600	-30.140	0.066
31.620	-29.119	0.094
31.640	-27.669	0.126
31.660	-25.816	0.154
31.680	-23.598	0.184
31.700	-21.047	0.203
31.720	-18.157	0.228
31.740	-15.042	0.246
31.760	-11.722	0.257
31.780	-8.177	0.263
31.800	-4.557	0.276
31.820	-0.830	0.280
31.840	2.769	0.278
31.860	6.529	0.270
31.880	10.090	0.258
31.900	13.532	0.248
31.920	16.760	0.225
31.940	19.741	0.204
31.960	22.481	0.180
31.980	24.844	0.155
32.000	26.853	0.121
32.020	28.469	0.092
32.040	29.705	0.061
32.060	30.462	0.031
32.080	30.827	-0.007
32.100	30.731	-0.036
32.120	30.199	-0.077
32.140	29.243	-0.102
32.160	27.895	-0.144
32.180	26.074	-0.168
32.200	23.909	-0.199
32.220	21.374	-0.223
32.240	18.549	-0.242
32.260	15.471	-0.256
32.280	12.141	-0.267
32.300	8.682	-0.280
32.320	5.062	-0.286
32.340	1.383	-0.287
32.360	-2.323	-0.281
32.380	-6.008	-0.270
32.400	-9.617	-0.264
32.420	-13.049	-0.250
32.440	-16.304	-0.229
32.460	-19.344	-0.209
32.480	-22.110	-0.184
32.500	-24.527	-0.160
32.520	-26.616	-0.131
32.540	-28.303	-0.101
32.560	-29.581	-0.067
32.580	-30.446	-0.031
32.600	-30.806	-0.004
32.620	-30.795	0.035
32.640	-30.371	0.066
32.660	-29.506	0.103
32.680	-28.153	0.126
32.700	-26.407	0.160
32.720	-24.275	0.180
32.740	-21.815	0.217
32.760	-19.006	0.225
32.780	-15.955	0.260
32.800	-12.775	0.269
32.820	-9.209	0.282
32.840	-5.578	0.287
32.860	-1.888	0.294
32.880	1.813	0.285
32.900	5.513	0.283
32.920	9.091	0.274
32.940	12.507	0.262
32.960	15.874	0.238
32.980	18.930	0.215
33.000	21.734	0.194
33.020	24.216	0.167
33.040	26.321	0.138
33.060	28.056	0.109
33.080	29.366	0.082
33.100	30.301	0.042
33.120	30.774	0.015
33.140	30.801	-0.024
33.160	30.408	-0.056
33.180	29.544	-0.090
33.200	28.287	-0.127
33.220	26.606	-0.148
33.240	24.565	-0.179
33.260	22.137	-0.204
33.280	19.387	-0.226
33.300	16.374	-0.247
33.320	13.092	-0.266
33.340	9.671	-0.267
33.360	6.094	-0.287
33.380	2.436	-0.282
33.400	-1.270	-0.287
33.420	-4.971	-0.273
33.440	-8.510	-0.272
33.460	-12.088	-0.249
33.480	-15.402	-0.241
33.500	-18.490	-0.216
33.520	-21.353	-0.196
33.540	-23.866	-0.164
33.560	-26.026	-0.138
33.580	-27.863	-0.112
33.600	-29.243	-0.074
33.620	-30.188	-0.044
33.640	-30.720	-0.014
33.660	-30.876	0.021
33.680	-30.527	0.054
33.700	-29.764	0.084
33.720	-28.534	0.118
33.740	-26.912	0.145
33.760	-24.903	0.171
33.780	-22.518	0.204
33.800	-19.811	0.228
33.820	-16.884	0.253
33.840	-13.592	0.262
33.860	-10.235	0.279
33.880	-6.593	0.279
33.900	-3.000	0.287
33.920	0.787	0.282
33.940	4.402	0.283
33.960	8.108	0.269
33.980	11.636	0.263
34.000	14.988	0.238
34.020	18.109	0.221
34.040	20.993	0.193
34.060	23.560	0.172
34.080	25.709	0.139
34.100	27.605	0.111
34.120	29.060	0.080
34.140	30.065	0.047
34.160	30.688	0.014
34.180	30.838	-0.018
34.200	30.559	-0.049
34.220	29.812	-0.086
34.240	28.679	-0.117
34.260	27.100	-0.153
34.280	25.177	-0.180
34.300	22.846	-0.213
34.320	20.257	-0.223
34.340	17.249	-0.256
34.360	14.043	-0.258
34.380	10.643	-0.285
34.400	7.114	-0.278
34.420	3.472	-0.295
34.440	-0.228	-0.284
34.460	-3.929	-0.289
34.480	-7.571	-0.270
34.500	-11.115	-0.264
34.520	-14.483	-0.248
34.540	-17.572	-0.227
34.560	-20.558	-0.208
34.580	-23.168	-0.178
34.600	-25.435	-0.156
34.620	-27.358	-0.121
34.640	-28.894	-0.094
34.660	-29.957	-0.057
34.680	-30.613	-0.028
34.700	-30.844	0.008
34.720	-30.634	0.037
34.740	-30.006	0.074
34.760	-28.915	0.100
34.780	-27.374	0.133
34.800	-25.478	0.160
34.820	-23.200	0.184
34.840	-20.601	0.211
34.860	-17.684	0.232
34.880	-14.521	0.250
34.900	-11.153	0.263
34.920	-7.603	0.270
34.940	-3.945	0.275
34.960	-0.244	0.275
34.980	3.478	0.267
35.000	7.119	0.267
35.020	10.659	0.252
35.040	14.070	0.241
35.060	17.265	0.212
35.080	20.198	0.196
35.100	22.889	0.165
35.120	25.193	0.143
35.140	27.143	0.109
35.160	28.684	0.085
35.180	29.850	0.043
35.200	30.559	0.019
35.220	30.849	-0.023
35.240	30.688	-0.046
35.260	30.081	-0.086
35.280	29.050	-0.114
35.300	27.594	-0.148
35.320	25.768	-0.180
35.340	23.533	-0.210
35.360	20.961	-0.230
35.380	18.087	-0.249
35.400	14.977	-0.265
35.420	11.610	-0.280
35.440	8.113	-0.288
35.460	4.590	-0.293
35.480	0.803	-0.293
35.500	-2.903	-0.287
35.520	-6.539	-0.279
35.540	-10.133	-0.270
35.560	-13.549	-0.256
35.580	-16.777	-0.235
35.600	-19.784	-0.213
35.620	-22.459	-0.189
35.640	-24.833	-0.156
35.660	-26.869	-0.134
35.680	-28.523	-0.098
35.700	-29.726	-0.073
35.720	-30.494	-0.034
35.740	-30.822	-0.005
35.760	-30.731	0.030
35.780	-30.242	0.059
35.800	-29.264	0.100
35.820	-27.868	0.119
35.840	-26.079	0.159
35.860	-23.893	0.174
35.880	-21.380	0.209
35.900	-18.522	0.221
35.920	-15.434	0.248
35.940	-12.125	0.255
35.960	-8.613	0.281
35.980	-5.003	0.278
36.000	-1.297	0.288
36.020	2.414	0.277
36.040	6.094	0.279
36.060	9.665	0.259
36.080	13.140	0.254
36.100	16.299	0.227
36.120	19.392	0.208
36.140	22.158	0.182
36.160	24.511	0.157
36.180	26.627	0.127
36.200	28.292	0.099
36.220	29.576	0.066
36.240	30.387	0.039
36.260	30.811	0.001
36.280	30.768	-0.035
36.300	30.301	-0.066
36.320	29.372	-0.097
36.340	28.045	-0.132
36.360	26.321	-0.168
36.380	24.199	-0.189
36.400	21.707	-0.221
36.420	18.930	-0.236
36.440	15.944	-0.256
36.460	12.566	-0.267
36.480	9.096	-0.274
36.500	5.508	-0.280
36.520	1.829	-0.277
36.540	-1.872	-0.281
36.560	-5.465	-0.271
36.580	-9.182	-0.262
36.600	-12.566	-0.249
36.620	-15.923	-0.232
36.640	-18.995	-0.206
36.660	-21.782	-0.189
36.680	-24.237	-0.156
36.700	-26.316	-0.132
36.720	-28.120	-0.097
36.740	-29.431	-0.069
36.760	-30.360	-0.029
36.780	-30.790	-0.005
36.800	-30.838	0.034
36.820	-30.435	0.063
36.840	-29.608	0.098
36.860	-28.324	0.127
36.880	-26.643	0.158
36.900	-24.549	0.183
36.920	-22.142	0.210
36.940	-19.365	0.227
36.960	-16.325	0.250
36.980	-13.097	0.266
37.000	-9.622	0.279
37.020	-6.029	0.294
37.040	-2.334	0.295
37.060	1.372	0.292
37.080	5.062	0.285
37.100	8.672	0.279
37.120	12.179	0.262
37.140	15.477	0.242
37.160	18.571	0.223
37.180	21.417	0.198
37.200	23.936	0.171
37.220	26.085	0.151
37.240	27.873	0.113
37.260	29.259	0.091
37.280	30.220	0.052
37.300	30.741	0.018
37.320	30.822	-0.011
37.340	30.473	-0.051
37.360	29.673	-0.078
37.380	28.459	-0.123
37.400	26.815	-0.144
37.420	24.823	-0.180
37.440	22.443	-0.196
37.460	19.725	-0.223
37.480	16.760	-0.245
37.500	13.506	-0.272
37.520	10.095	-0.271
37.540	6.534	-0.290
37.560	2.871	-0.282
37.580	-0.733	-0.291
37.600	-4.525	-0.278
37.620	-8.172	-0.272
37.640	-11.669	-0.256
37.660	-15.004	-0.239
37.680	-18.141	-0.223
37.700	-20.998	-0.194
37.720	-23.566	-0.173
37.740	-25.789	-0.140
37.760	-27.642	-0.117
37.780	-29.119	-0.079
37.800	-30.135	-0.051
37.820	-30.688	-0.019
37.840	-30.865	0.015
37.860	-30.553	0.047
37.880	-29.871	0.080
37.900	-28.717	0.108
37.920	-27.116	0.146
37.940	-25.150	0.180
37.960	-22.846	0.211
37.980	-20.166	0.226
38.000	-17.212	0.253
38.020	-14.016	0.258
38.040	-10.605	0.275
38.060	-7.039	0.278
38.080	-3.381	0.286
38.100	0.346	0.279
38.120	3.950	0.283
38.140	7.667	0.270
38.160	11.137	0.266
38.180	14.591	0.237
38.200	17.749	0.222
38.220	20.649	0.195
38.240	23.270	0.174
38.260	25.521	0.145
38.280	27.406	0.111
38.300	28.905	0.082
38.320	29.979	0.047
38.340	30.629	0.020
38.360	30.838	-0.012
38.380	30.623	-0.048
38.400	29.941	-0.082
38.420	28.845	-0.114
38.440	27.336	-0.148
38.460	25.435	-0.169
38.480	23.152	-0.204
38.500	20.515	-0.229
38.520	17.620	-0.249
38.540	14.542	-0.260
38.560	11.062	-0.277
38.580	7.554	-0.283
38.600	3.924	-0.293
38.620	0.228	-0.286
38.640	-3.472	-0.285
38.660	-7.125	-0.274
38.680	-10.702	-0.264
38.700	-14.075	-0.249
38.720	-17.265	-0.230
38.740	-20.236	-0.210
38.760	-22.862	-0.179
38.780	-25.177	-0.159
38.800	-27.164	-0.126
38.820	-28.717	-0.098
38.840	-29.855	-0.059
38.860	-30.564	-0.029
38.880	-30.838	0.003
38.900	-30.688	0.036
38.920	-30.097	0.069
38.940	-29.055	0.101
38.960	-27.583	0.131
38.980	-25.725	0.163
39.000	-23.507	0.183
39.020	-20.923	0.207
39.040	-18.050	0.222
39.060	-14.918	0.247
39.080	-11.572	0.255
39.100	-8.043	0.265
39.120	-4.402	0.268
39.140	-0.696	0.281
39.160	3.016	0.276
39.180	6.668	0.271
39.200	10.229	0.261
39.220	13.672	0.246
39.240	16.884	0.222
39.260	19.860	0.196
39.280	22.583	0.176
39.300	24.919	0.147
39.320	26.923	0.119
39.340	28.523	0.089
39.360	29.732	0.057
39.380	30.505	0.024
39.400	30.827	-0.008
39.420	30.725	-0.044
39.440	30.188	-0.076
39.460	29.200	-0.115
39.480	27.782	-0.147
39.500	25.999	-0.175
39.520	23.829	-0.201
39.540	21.283	-0.218
39.560	18.463	-0.247
39.580	15.369	-0.260
39.600	12.125	-0.279
39.620	8.553	-0.281
39.640	5.035	-0.290
39.660	1.265	-0.286
39.680	-2.436	-0.289
39.700	-6.104	-0.279
39.720	-9.714	-0.272
39.740	-13.151	-0.252
39.760	-16.379	-0.239
39.780	-19.419	-0.214
39.800	-22.164	-0.193
39.820	-24.511	-0.160
39.840	-26.654	-0.137
39.860	-28.319	-0.106
39.880	-29.587	-0.072
39.900	-30.435	-0.038
39.920	-30.784	-0.009
39.940	-30.779	0.029
39.960	-30.317	0.061
39.980	-29.409	0.095
40.000	-28.045	0.121
40.020	-26.294	0.154
40.040	-24.162	0.176
40.060	-21.697	0.205
40.080	-18.887	0.225
40.100	-15.815	0.244
40.120	-12.533	0.255
40.140	-9.042	0.281
40.160	-5.433	0.283
40.180	-1.834	0.288
40.200	1.979	0.279
40.220	5.664	0.281
40.240	9.236	0.264
40.260	12.716	0.263
40.280	15.917	0.231
40.300	19.043	0.213
40.320	21.842	0.189
40.340	24.237	0.166
40.360	26.396	0.134
40.380	28.115	0.108
40.400	29.436	0.070
40.420	30.323	0.042
40.440	30.784	0.005
40.460	30.790	-0.024
40.480	30.365	-0.062
40.500	29.506	-0.091
40.520	28.265	-0.131
40.540	26.536	-0.160
40.560	24.473	-0.182
40.580	22.024	-0.211
40.600	19.269	-0.229
40.620	16.266	-0.251
40.640	12.974	-0.260
40.660	9.531	-0.276
40.680	5.954	-0.272
40.700	2.285	-0.281
40.720	-1.410	-0.274
40.740	-5.105	-0.275
40.760	-8.736	-0.261
40.780	-12.131	-0.250
40.800	-15.525	-0.231
40.820	-18.619	-0.211
40.840	-21.449	-0.185
40.860	-23.947	-0.159
40.880	-26.106	-0.131
40.900	-27.911	-0.101
40.920	-29.307	-0.072
40.940	-30.253	-0.032
40.960	-30.736	-0.008
40.980	-30.833	0.030
41.000	-30.489	0.059
41.020	-29.716	0.095
41.040	-28.480	0.121
41.060	-26.837	0.156
41.080	-24.823	0.175
41.100	-22.438	0.207
41.120	-19.704	0.225
41.140	-16.707	0.248
41.160	-13.490	0.267
41.180	-10.063	0.283
41.200	-6.545	0.290
41.220	-2.790	0.292
41.240	0.927	0.291
41.260	4.627	0.286
41.280	8.237	0.275
41.300	11.765	0.265
41.320	15.095	0.248
41.340	18.141	0.223
41.360	21.084	0.202
41.380	23.646	0.176
41.400	25.838	0.156
41.420	27.642	0.115
41.440	29.114	0.093
41.460	30.124	0.055
41.480	30.698	0.023
41.500	30.838	-0.011
41.520	30.548	-0.045
41.540	29.802	-0.074
41.560	28.636	-0.109
41.580	27.041	-0.142
41.600	25.096	-0.176
41.620	22.744	-0.197
41.640	20.080	-0.220
41.660	17.136	-0.237
41.680	13.914	-0.259
41.700	10.509	-0.264
41.720	6.974	-0.276
41.740	3.327	-0.277
41.760	-0.363	-0.280
41.780	-4.079	-0.272
41.800	-7.737	-0.265
41.820	-11.244	-0.252
41.840	-14.596	-0.236
41.860	-17.760	-0.216
41.880	-20.595	-0.195
41.900	-23.265	-0.169
41.920	-25.537	-0.140
41.940	-27.363	-0.110
41.960	-28.953	-0.081
41.980	-30.032	-0.048
42.000	-30.656	-0.015
42.020	-30.844	0.015
42.040	-30.629	0.052
42.060	-29.957	0.081
42.080	-28.878	0.113
42.100	-27.309	0.146
42.120	-25.408	0.171
42.140	-23.136	0.200
42.160	-20.488	0.218
42.180	-17.582	0.242
42.200	-14.419	0.261
42.220	-11.030	0.278
42.240	-7.458	0.283
42.260	-3.811	0.286
42.280	-0.115	0.288
42.300	3.505	0.283
42.320	7.232	0.275
42.340	10.777	0.265
42.360	14.188	0.250
42.380	17.367	0.224
42.400	20.305	0.202
42.420	22.975	0.180
42.440	25.268	0.153
42.460	27.207	0.120
42.480	28.749	0.095
42.500	29.882	0.054
42.520	30.591	0.029
42.540	30.844	-0.010
42.560	30.688	-0.041
42.580	30.054	-0.073
42.600	28.996	-0.108
42.620	27.535	-0.149
42.640	25.693	-0.174
42.660	23.448	-0.206
42.680	20.859	-0.221
42.700	17.996	-0.249
42.720	14.848	-0.261
42.740	11.481	-0.272
42.760	8.081	-0.285
42.780	4.353	-0.288
42.800	0.679	-0.290
42.820	-3.021	-0.283
42.840	-6.684	-0.277
42.860	-10.261	-0.264
42.880	-13.677	-0.254
42.900	-16.884	-0.232
42.920	-19.876	-0.210
42.940	-22.551	-0.186
42.960	-24.919	-0.157
42.980	-26.874	-0.131
43.000	-28.555	-0.098
43.020	-29.748	-0.070
43.040	-30.516	-0.032
43.060	-30.811	-0.004
43.080	-30.741	0.034
43.100	-30.167	0.060
43.120	-29.200	0.098
43.140	-27.798	0.124
43.160	-25.967	0.155
43.180	-23.802	0.177
43.200	-21.272	0.206
43.220	-18.469	0.221
43.240	-15.300	0.251
43.260	-12.061	0.261
43.280	-8.468	0.275
43.300	-4.837	0.276
43.320	-1.147	0.279
43.340	2.575	0.277
43.360	6.153	0.271
43.380	9.794	0.259
43.400	13.259	0.245
43.420	16.513	0.222
43.440	19.505	0.201
43.460	22.277	0.180
43.480	24.651	0.150
43.500	26.697	0.122
43.520	28.351	0.092
43.540	29.603	0.059
43.560	30.430	0.028
43.580	30.811	-0.003
43.600	30.752	-0.038
43.620	30.258	-0.071
43.640	29.334	-0.105
43.660	27.975	-0.143
43.680	26.283	-0.169
43.700	24.130	-0.199
43.720	21.621	-0.219
43.740	18.807	-0.241
43.760	15.751	-0.259
43.780	12.442	-0.268
43.800	9.069	-0.281
43.820	5.385	-0.289
43.840	1.721	-0.294
43.860	-1.990	-0.285
43.880	-5.669	-0.280
43.900	-9.284	-0.270
43.920	-12.732	-0.254
43.940	-16.003	-0.239
43.960	-19.075	-0.214
43.980	-21.831	-0.194
44.000	-24.312	-0.162
44.020	-26.407	-0.139
44.040	-28.094	-0.107
44.060	-29.458	-0.075
44.080	-30.328	-0.038
44.100	-30.768	-0.011
44.120	-30.806	0.025
44.140	-30.376	0.051
44.160	-29.522	0.090
44.180	-28.233	0.119
44.200	-26.520	0.152
44.220	-24.447	0.173
44.240	-22.019	0.201
44.260	-19.237	0.222
44.280	-16.197	0.248
44.300	-12.947	0.263
44.320	-9.483	0.275
44.340	-5.884	0.281
44.360	-2.194	0.283
44.380	1.517	0.279
44.400	5.213	0.279
44.420	8.827	0.267
44.440	12.222	0.256
44.460	15.611	0.233
44.480	18.689	0.211
44.500	21.525	0.194
44.520	24.011	0.165
44.540	26.160	0.138
44.560	27.932	0.103
44.580	29.297	0.072
44.600	30.242	0.042
44.620	30.747	0.008
44.640	30.817	-0.024
44.660	30.462	-0.052
44.680	29.662	-0.093
44.700	28.405	-0.119
44.720	26.745	-0.160
44.740	24.742	-0.180
44.760	22.346	-0.211
44.780	19.629	-0.223
44.800	16.653	-0.252
44.820	13.404	-0.258
44.840	9.971	-0.272
44.860	6.405	-0.280
44.880	2.742	-0.286
44.900	-0.969	-0.282
44.920	-4.654	-0.275
44.940	-8.301	-0.263
44.960	-11.792	-0.253
44.980	-15.117	-0.235
45.000	-18.264	-0.216
45.020	-21.106	-0.190
45.040	-23.635	-0.164
45.060	-25.865	-0.132
45.080	-27.701	-0.109
45.100	-29.157	-0.076
45.120	-30.172	-0.040
45.140	-30.698	-0.009
45.160	-30.817	0.019
45.180	-30.537	0.055
45.200	-29.844	0.087
45.220	-28.690	0.118
45.240	-27.062	0.151
45.260	-25.070	0.175
45.280	-22.739	0.203
45.300	-20.064	0.226
45.320	-17.083	0.245
45.340	-13.903	0.264
45.360	-10.552	0.279
45.380	-6.905	0.291
45.400	-3.231	0.292
45.420	0.481	0.296
45.440	4.181	0.287
45.460	7.812	0.279
45.480	11.346	0.267
45.500	14.719	0.250
45.520	17.851	0.224
45.540	20.757	0.209
45.560	23.367	0.180
45.580	25.596	0.159
45.600	27.460	0.119
45.620	28.948	0.096
45.640	30.016	0.060
45.660	30.650	0.029
45.680	30.844	-0.007
45.700	30.607	-0.037
45.720	29.909	-0.070
45.740	28.808	-0.107
45.760	27.272	-0.144
45.780	25.360	-0.174
45.800	23.050	-0.195
45.820	20.424	-0.223
45.840	17.507	-0.234
45.860	14.322	-0.260
45.880	10.954	-0.264
45.900	7.409	-0.281
45.920	3.768	-0.277
45.940	0.089	-0.277
45.960	-3.612	-0.273
45.980	-7.254	-0.264
46.000	-10.836	-0.256
46.020	-14.215	-0.240
46.040	-17.400	-0.223
46.060	-20.332	-0.196
46.080	-22.975	-0.176
46.100	-25.247	-0.141
46.120	-27.213	-0.120
46.140	-28.781	-0.084
46.160	-29.909	-0.056
46.180	-30.596	-0.015
46.200	-30.827	0.010
46.220	-30.688	0.050
46.240	-30.075	0.076
46.260	-29.012	0.108
46.280	-27.540	0.138
46.300	-25.644	0.166
46.320	-23.464	0.194
46.340	-20.826	0.216
46.360	-17.937	0.237
46.380	-14.800	0.258
46.400	-11.438	0.271
46.420	-7.893	0.283
46.440	-4.251	0.288
46.460	-0.551	0.287
46.480	3.145	0.283
46.500	6.802	0.274
46.520	10.369	0.267
46.540	13.790	0.246
46.560	16.997	0.228
46.580	19.956	0.205
46.600	22.663	0.185
46.620	24.946	0.159
46.640	26.998	0.122
46.660	28.577	0.093
46.680	29.769	0.062
46.700	30.510	0.029
46.720	30.844	-0.005
46.740	30.715	-0.040
46.760	30.145	-0.074
46.780	29.152	-0.105
46.800	27.718	-0.146
46.820	25.929	-0.170
46.840	23.738	-0.202
46.860	21.176	-0.218
46.880	18.340	-0.245
46.900	15.246	-0.257
46.920	11.916	-0.277
46.940	8.425	-0.280
46.960	4.810	-0.290
46.980	1.222	-0.288
47.000	-2.581	-0.290
47.020	-6.249	-0.277
47.040	-9.843	-0.271
47.060	-13.259	-0.253
47.080	-16.508	-0.235
47.100	-19.516	-0.216
47.120	-22.175	-0.190
47.140	-24.656	-0.164
47.160	-26.697	-0.136
47.180	-28.367	-0.105
47.200	-29.624	-0.072
47.220	-30.446	-0.034
47.240	-30.784	-0.007
47.260	-30.752	0.030
47.280	-30.253	0.056
47.300	-29.361	0.093
47.320	-27.991	0.119
47.340	-26.214	0.151
47.360	-24.092	0.175
47.380	-21.589	0.201
47.400	-18.764	0.219
47.420	-15.692	0.249
47.440	-12.399	0.255
47.460	-8.903	0.269
47.480	-5.277	0.272
47.500	-1.598	0.280
47.520	2.114	0.273
47.540	5.782	0.273
47.560	9.289	0.258
47.580	12.850	0.247
47.600	16.132	0.221
47.620	19.161	0.206
47.640	21.954	0.181
47.660	24.377	0.156
47.680	26.466	0.126
47.700	28.174	0.097
47.720	29.474	0.064
47.740	30.344	0.032
47.760	30.784	-0.003
47.780	30.784	-0.039
47.800	30.360	-0.067
47.820	29.474	-0.107
47.840	28.174	-0.135
47.860	26.471	-0.170
47.880	24.393	-0.196
47.900	21.949	-0.224
47.920	19.167	-0.239
47.940	16.137	-0.260
47.960	12.861	-0.270
47.980	9.510	-0.285
48.000	5.836	-0.290
48.020	2.156	-0.292
48.040	-1.544	-0.289
48.060	-5.218	-0.285
48.080	-8.844	-0.276
48.100	-12.329	-0.260
48.120	-15.616	-0.245
48.140	-18.710	-0.218
48.160	-21.471	-0.198
48.180	-24.017	-0.166
48.200	-26.171	-0.143
48.220	-27.932	-0.108
48.240	-29.307	-0.081
48.260	-30.258	-0.042
48.280	-30.736	-0.018
48.300	-30.822	0.021
48.320	-30.457	0.051
48.340	-29.651	0.086
48.360	-28.400	0.117
48.380	-26.761	0.147
48.400	-24.731	0.171
48.420	-22.320	0.196
48.440	-19.580	0.221
48.460	-16.583	0.241
48.480	-13.344	0.265
48.500	-9.902	0.275
48.520	-6.314	0.279
48.540	-2.635	0.282
48.560	1.077	0.284
48.580	4.756	0.279
48.600	8.365	0.271
48.620	11.884	0.256
48.640	15.224	0.239
48.660	18.254	0.213
48.680	21.186	0.196
48.700	23.743	0.167
48.720	25.924	0.141
48.740	27.739	0.111
48.760	29.162	0.081
48.780	30.140	0.047
48.800	30.715	0.013
48.820	30.838	-0.018
48.840	30.516	-0.053
48.860	29.753	-0.087
48.880	28.577	-0.124
48.900	26.976	-0.144
48.920	25.016	-0.187
48.940	22.658	-0.202
48.960	19.978	-0.236
48.980	17.094	-0.243
49.000	13.801	-0.266
49.020	10.390	-0.273
49.040	6.845	-0.279
49.060	3.193	-0.293
49.080	-0.411	-0.276
49.100	-4.219	-0.290
49.120	-7.850	-0.258
49.140	-11.379	-0.269
49.160	-14.736	-0.231
49.180	-17.867	-0.232
49.200	-20.767	-0.193
49.220	-23.362	-0.177
49.240	-25.607	-0.140
49.260	-27.497	-0.115
49.280	-28.996	-0.083
49.300	-30.049	-0.048
49.320	-30.650	-0.019
49.340	-30.833	0.015
49.360	-30.623	0.052
49.380	-29.936	0.080
49.400	-28.808	0.110
49.420	-27.272	0.146
49.440	-25.322	0.171
49.460	-23.039	0.202
49.480	-20.402	0.225
49.500	-17.469	0.248
49.520	-14.274	0.267
49.540	-10.895	0.275
49.560	-7.345	0.284
49.580	-3.698	0.291
49.600	0.030	0.292
49.620	3.741	0.283
49.640	7.377	0.277
49.660	10.922	0.269
49.680	14.306	0.249
49.700	17.486	0.232
49.720	20.359	0.203
49.740	23.066	0.182
49.760	25.344	0.155
49.780	27.266	0.130
49.800	28.781	0.088
49.820	29.909	0.064
49.840	30.596	0.023
49.860	30.849	-0.002
49.880	30.650	-0.043
49.900	30.016	-0.068
49.920	28.948	-0.106
49.940	27.465	-0.136
49.960	25.612	-0.169
49.980	23.345	-0.199
50.000	20.751	-0.221
50.020	17.862	-0.246
50.040	14.816	-0.248
50.060	11.352	-0.278
50.080	7.850	-0.264
50.100	4.214	-0.298
50.120	0.534	-0.268
50.140	-3.161	-0.296
50.160	-6.835	-0.257
50.180	-10.396	-0.274
50.200	-13.796	-0.234
50.220	-17.018	-0.235
50.240	-19.978	-0.199
50.260	-22.647	-0.185
50.280	-25.000	-0.148
50.300	-27.019	-0.124
50.320	-28.620	-0.093
50.340	-29.780	-0.056
50.360	-30.516	-0.030
50.380	-30.833	0.006
50.400	-30.682	0.034
50.420	-30.161	0.076
50.440	-29.178	0.099
50.460	-27.744	0.137
50.480	-25.913	0.157
50.500	-23.716	0.193
50.520	-21.159	0.211
50.540	-18.297	0.242
50.560	-15.171	0.257
50.580	-11.862	0.269
50.600	-8.344	0.279
50.620	-4.719	0.283
50.640	-1.007	0.287
50.660	2.694	0.281
50.680	6.362	0.274
50.700	9.945	0.265
50.720	13.382	0.254
50.740	16.621	0.227
50.760	19.618	0.211
50.780	22.346	0.181
50.800	24.737	0.164
50.820	26.719	0.120
50.840	28.405	0.099
50.860	29.646	0.060
50.880	30.457	0.033
50.900	30.822	-0.005
50.920	30.752	-0.036
50.940	30.242	-0.073
50.960	29.291	-0.099
50.980	27.922	-0.140
51.000	26.171	-0.169
51.020	24.028	-0.200
51.040	21.509	-0.222
51.060	18.710	-0.246
51.080	15.633	-0.260
51.100	12.313	-0.276
51.120	8.854	-0.286
51.140	5.266	-0.288
51.160	1.571	-0.295
51.180	-2.140	-0.288
51.200	-5.793	-0.285
51.220	-9.402	-0.272
51.240	-12.850	-0.258
51.260	-16.121	-0.237
51.280	-19.183	-0.221
51.300	-21.954	-0.192
51.320	-24.387	-0.170
51.340	-26.477	-0.137
51.360	-28.179	-0.107
51.380	-29.511	-0.078
51.400	-30.376	-0.040
51.420	-30.774	-0.016
51.440	-30.801	0.026
51.460	-30.360	0.049
51.480	-29.506	0.089
51.500	-28.206	0.115
51.520	-26.450	0.151
51.540	-24.361	0.170
51.560	-21.917	0.202
51.580	-19.151	0.213
51.600	-16.100	0.240
51.620	-12.813	0.247
51.640	-9.338	0.266
51.660	-5.739	0.276
51.680	-2.038	0.279
51.700	1.662	0.274
51.720	5.352	0.271
51.740	8.935	0.262
51.760	12.431	0.250
51.780	15.729	0.232
51.800	18.802	0.208
51.820	21.621	0.187
51.840	24.049	0.159
51.860	26.240	0.133
51.880	27.991	0.102
51.900	29.350	0.068
51.920	30.274	0.038
51.940	30.763	0.004
51.960	30.811	-0.031
51.980	30.430	-0.066
52.000	29.592	-0.093
52.020	28.362	-0.132
52.040	26.681	-0.163
52.060	24.672	-0.198
52.080	22.260	-0.215
52.100	19.537	-0.244
52.120	16.513	-0.254
52.140	13.269	-0.273
52.160	9.832	-0.280
52.180	6.260	-0.289
52.200	2.592	-0.289
52.220	-1.109	-0.289
52.240	-4.799	-0.280
52.260	-8.333	-0.277
52.280	-11.927	-0.258
52.300	-15.251	-0.246
52.320	-18.372	-0.225
52.340	-21.235	-0.198
52.360	-23.764	-0.177
52.380	-25.950	-0.143
52.400	-27.771	-0.115
52.420	-29.216	-0.082
52.440	-30.204	-0.048
52.460	-30.715	-0.017
52.480	-30.854	0.018
52.500	-30.548	0.050
52.520	-29.828	0.087
52.540	-28.631	0.108
52.560	-27.019	0.149
52.580	-25.021	0.167
52.600	-22.674	0.200
52.620	-19.978	0.215
52.640	-16.991	0.243
52.660	-13.796	0.254
52.680	-10.358	0.278
52.700	-6.776	0.279
52.720	-3.113	0.288
52.740	0.599	0.283
52.760	4.294	0.282
52.780	7.920	0.268
52.800	11.459	0.265
52.820	14.816	0.242
52.840	17.888	0.220
52.860	20.859	0.194
52.880	23.453	0.173
52.900	25.666	0.149
52.920	27.530	0.114
52.940	29.007	0.087
52.960	30.054	0.054
52.980	30.677	0.022
53.000	30.854	-0.014
53.020	30.591	-0.043
53.040	29.871	-0.081
53.060	28.749	-0.108
53.080	27.218	-0.148
53.100	25.274	-0.171
53.120	22.969	-0.206
53.140	20.305	-0.214
53.160	17.459	-0.246
53.180	14.188	-0.253
53.200	10.793	-0.271
53.220	7.366	-0.272
53.240	3.628	-0.282
53.260	-0.078	-0.279
53.280	-3.773	-0.277
53.300	-7.340	-0.266
53.320	-10.997	-0.254
53.340	-14.354	-0.240
53.360	-17.529	-0.222
53.380	-20.472	-0.200
53.400	-23.093	-0.171
53.420	-25.386	-0.143
53.440	-27.325	-0.112
53.460	-28.862	-0.085
53.480	-29.952	-0.048
53.500	-30.645	-0.015
53.520	-30.860	0.014
53.540	-30.682	0.053
53.560	-30.086	0.080
53.580	-29.017	0.115
53.600	-27.508	0.147
53.620	-25.607	0.180
53.640	-23.356	0.196
53.660	-20.767	0.225
53.680	-17.840	0.234
53.700	-14.714	0.270
53.720	-11.411	0.275
53.740	-7.791	0.291
53.760	-4.138	0.290
53.780	-0.432	0.296
53.800	3.268	0.283
53.820	6.921	0.284
53.840	10.401	0.271
53.860	13.908	0.259
53.880	17.115	0.229
53.900	20.074	0.213
53.920	22.771	0.185
53.940	25.080	0.163
53.960	27.057	0.129
53.980	28.588	0.101
54.000	29.812	0.069
54.020	30.548	0.033
54.040	30.844	0.001
54.060	30.704	-0.032
54.080	30.135	-0.062
54.100	29.098	-0.098
54.120	27.658	-0.135
54.140	25.854	-0.166
54.160	23.652	-0.192
54.180	21.090	-0.220
54.200	18.243	-0.235
54.220	15.128	-0.252
54.240	11.787	-0.266
54.260	8.376	-0.272
54.280	4.676	-0.288
54.300	0.975	-0.280
54.320	-2.715	-0.281
54.340	-6.400	-0.269
54.360	-9.891	-0.263
54.380	-13.420	-0.242
54.400	-16.648	-0.229
54.420	-19.661	-0.203
54.440	-22.357	-0.182
54.460	-24.747	-0.156
54.480	-26.804	-0.126
54.500	-28.443	-0.090
54.520	-29.673	-0.061
54.540	-30.441	-0.026
54.560	-30.838	0.003
54.580	-30.763	0.039
54.600	-30.280	0.067
54.620	-29.340	0.103
54.640	-27.932	0.131
54.660	-26.138	0.160
54.680	-24.011	0.187
54.700	-21.519	0.213
54.720	-18.678	0.231
54.740	-15.573	0.250
54.760	-12.270	0.264
54.780	-8.779	0.280
54.800	-5.175	0.286
54.820	-1.458	0.285
54.840	2.237	0.286
54.860	5.836	0.275
54.880	9.499	0.269
54.900	12.888	0.254
54.920	16.245	0.232
54.940	19.269	0.210
54.960	22.056	0.190
54.980	24.473	0.160
55.000	26.536	0.131
55.020	28.228	0.100
55.040	29.501	0.072
55.060	30.382	0.034
55.080	30.801	0.003
55.100	30.774	-0.030
55.120	30.317	-0.067
55.140	29.431	-0.099
55.160	28.126	-0.138
55.180	26.450	-0.156
55.200	24.312	-0.199
55.220	21.831	-0.207
55.240	19.140	-0.247
55.260	16.025	-0.251
55.280	12.823	-0.287
55.300	9.289	-0.277
55.320	5.696	-0.306
55.340	2.011	-0.293
55.360	-1.576	-0.304
55.380	-5.363	-0.281
55.400	-8.881	-0.286
55.420	-12.464	-0.260
55.440	-15.735	-0.251
55.460	-18.807	-0.228
55.480	-21.621	-0.205
55.500	-24.092	-0.180
55.520	-26.246	-0.147
55.540	-27.997	-0.119
55.560	-29.366	-0.083
55.580	-30.263	-0.052
55.600	-30.741	-0.022
55.620	-30.827	0.015
55.640	-30.430	0.046
55.660	-29.630	0.081
55.680	-28.362	0.107
55.700	-26.676	0.142
55.720	-24.629	0.175
55.740	-22.223	0.206
55.760	-19.473	0.220
55.780	-16.465	0.245
55.800	-13.216	0.254
55.820	-9.853	0.271
55.840	-6.179	0.268
55.860	-2.495	0.278
55.880	1.217	0.270
55.900	4.896	0.272
55.920	8.521	0.259
55.940	12.023	0.256
55.960	15.343	0.225
55.980	18.431	0.211
56.000	21.224	0.180
56.020	23.834	0.163
56.040	25.993	0.128
56.060	27.793	0.104
56.080	29.205	0.068
56.100	30.177	0.039
56.120	30.725	0.005
56.140	30.833	-0.028
56.160	30.505	-0.066
56.180	29.726	-0.092
56.200	28.561	-0.131
56.220	26.923	-0.153
56.240	24.946	-0.189
56.260	22.556	-0.211
56.280	19.940	-0.238
56.300	16.906	-0.255
56.320	13.672	-0.269
56.340	10.267	-0.281
56.360	6.711	-0.284
56.380	3.048	-0.293
56.400	-0.653	-0.289
56.420	-4.337	-0.285
56.440	-7.990	-0.275
56.460	-11.491	-0.260
56.480	-14.843	-0.240
56.500	-17.921	-0.225
56.520	-20.885	-0.198
56.540	-23.453	-0.176
56.560	-25.698	-0.145
56.580	-27.551	-0.116
56.600	-29.023	-0.089
56.620	-30.086	-0.048
56.640	-30.688	-0.023
56.660	-30.827	0.015
56.680	-30.602	0.047
56.700	-29.930	0.084
56.720	-28.781	0.111
56.740	-27.202	0.144
56.760	-25.258	0.167
56.780	-23.029	0.200
56.800	-20.327	0.215
56.820	-17.378	0.238
56.840	-14.182	0.263
56.860	-10.777	0.271
56.880	-7.307	0.286
56.900	-3.558	0.285
56.920	0.153	0.288
56.940	3.870	0.281
56.960	7.501	0.277
56.980	11.030	0.262
57.000	14.424	0.246
57.020	17.512	0.223
57.040	20.515	0.196
57.060	23.157	0.175
57.080	25.419	0.155
57.100	27.277	0.117
57.120	28.840	0.091
57.140	29.947	0.059
57.160	30.613	0.028
57.180	30.838	-0.009
57.200	30.639	-0.044
57.220	29.979	-0.076
57.240	28.910	-0.110
57.260	27.406	-0.139
57.280	25.580	-0.174
57.300	23.265	-0.200
57.320	20.660	-0.221
57.340	17.829	-0.241
57.360	14.596	-0.253
57.380	11.228	-0.266
57.400	7.705	-0.271
57.420	4.074	-0.283
57.440	0.379	-0.279
57.460	-3.333	-0.277
57.480	-6.985	-0.263
57.500	-10.546	-0.256
57.520	-13.946	-0.239
57.540	-17.174	-0.223
57.560	-20.064	-0.198
57.580	-22.798	-0.173
57.600	-25.129	-0.144
57.620	-27.089	-0.118
57.640	-28.700	-0.081
57.660	-29.828	-0.049
57.680	-30.575	-0.016
57.700	-30.838	0.011
57.720	-30.720	0.050
57.740	-30.167	0.079
57.760	-29.152	0.113
57.780	-27.712	0.141
57.800	-25.859	0.170
57.820	-23.652	0.195
57.840	-21.095	0.222
57.860	-18.216	0.239
57.880	-15.101	0.260
57.900	-11.749	0.280
57.920	-8.247	0.287
57.940	-4.611	0.300
57.960	-0.894	0.295
57.980	2.823	0.291
58.000	6.475	0.284
58.020	10.057	0.271
58.040	13.506	0.259
58.060	16.728	0.236
58.080	19.725	0.217
58.100	22.459	0.190
58.120	24.806	0.167
58.140	26.831	0.135
58.160	28.453	0.104
58.180	29.673	0.075
58.200	30.473	0.041
58.220	30.833	0.006
58.240	30.741	-0.023
58.260	30.199	-0.061
58.280	29.248	-0.086
58.300	27.846	-0.132
58.320	26.095	-0.156
58.340	23.942	-0.194
58.360	21.412	-0.211
58.380	18.597	-0.238
58.400	15.595	-0.250
58.420	12.195	-0.267
58.440	8.709	-0.270
58.460	5.111	-0.280
58.480	1.533	-0.281
58.500	-2.285	-0.278
58.520	-5.965	-0.274
58.540	-9.456	-0.257
58.560	-13.006	-0.249
58.580	-16.261	-0.227
58.600	-19.280	-0.206
58.620	-22.030	-0.182
58.640	-24.484	-0.157
58.660	-26.563	-0.129
58.680	-28.271	-0.094
58.700	-29.522	-0.065
58.720	-30.425	-0.030
58.740	-30.784	-0.004
58.760	-30.811	0.036
58.780	-30.339	0.062
58.800	-29.426	0.103
58.820	-28.131	0.126
58.840	-26.407	0.163
58.860	-24.275	0.180
58.880	-21.820	0.215
58.900	-19.092	0.226
58.920	-15.976	0.250
58.940	-12.770	0.258
58.960	-9.209	0.287
58.980	-5.610	0.284
59.000	-2.006	0.293
59.020	1.797	0.285
59.040	5.476	0.282
59.060	9.080	0.269
59.080	12.571	0.267
59.100	15.858	0.238
59.120	18.904	0.217
59.140	21.734	0.190
59.160	24.135	0.165
59.180	26.316	0.138
59.200	28.045	0.106
59.220	29.383	0.079
59.240	30.296	0.043
59.260	30.779	0.010
59.280	30.801	-0.024
59.300	30.414	-0.061
59.320	29.565	-0.090
59.340	28.303	-0.134
59.360	26.616	-0.156
59.380	24.581	-0.187
59.400	22.148	-0.210
59.420	19.414	-0.233
59.440	16.406	-0.254
59.460	13.140	-0.272
59.480	9.708	-0.276
59.500	6.222	-0.289
59.520	2.479	-0.289
59.540	-1.233	-0.291
59.560	-4.912	-0.280
59.580	-8.457	-0.273
59.600	-12.034	-0.258
59.620	-15.343	-0.247
59.640	-18.463	-0.223
59.660	-21.294	-0.202
59.680	-23.818	-0.170
59.700	-25.999	-0.145
59.720	-27.760	-0.113
59.740	-29.200	-0.089
59.760	-30.194	-0.046
59.780	-30.693	-0.021
59.800	-30.838	0.016
59.820	-30.510	0.047
59.840	-29.753	0.083
59.860	-28.539	0.108
59.880	-26.901	0.144
59.900	-24.898	0.165
59.920	-22.534	0.195
59.940	-19.827	0.212
59.960	-16.852	0.234
59.980	-13.629	0.249
60.000	-10.192	0.275
60.020	-6.609	0.279
60.040	-2.951	0.283
60.060	0.760	0.281
60.080	4.450	0.273
60.100	8.086	0.267
60.120	11.604	0.262
60.140	14.961	0.235
60.160	18.093	0.220
60.180	20.885	0.192
60.200	23.528	0.172
60.220	25.741	0.142
60.240	27.589	0.109
60.260	29.044	0.082
60.280	30.075	0.046
60.300	30.682	0.018
60.320	30.838	-0.021
60.340	30.575	-0.053
