0.000	16.454	0.251
0.020	19.462	0.233
0.040	22.218	0.210
0.060	24.570	0.178
0.080	26.670	0.150
0.100	28.330	0.117
0.120	29.597	0.086
0.140	30.419	0.052
0.160	30.817	0.017
0.180	30.768	-0.019
0.200	30.306	-0.057
0.220	29.356	-0.089
0.240	28.013	-0.123
0.260	26.262	-0.153
0.280	24.221	-0.183
0.300	21.659	-0.210
0.320	18.861	-0.227
0.340	15.885	-0.248
0.360	12.512	-0.260
0.380	9.037	-0.275
0.400	5.454	-0.280
0.420	1.770	-0.283
0.440	-1.942	-0.281
0.460	-5.610	-0.275
0.480	-9.230	-0.260
0.500	-12.700	-0.254
0.520	-15.949	-0.227
0.540	-19.038	-0.215
0.560	-21.804	-0.184
0.580	-24.253	-0.160
0.600	-26.375	-0.134
0.620	-28.115	-0.103
0.640	-29.436	-0.070
0.660	-30.317	-0.033
0.680	-30.768	-0.006
0.700	-30.806	0.034
0.720	-30.387	0.065
0.740	-29.528	0.099
0.760	-28.255	0.128
0.780	-26.547	0.158
0.800	-24.479	0.187
0.820	-22.040	0.211
0.840	-19.269	0.231
0.860	-16.240	0.262
0.880	-12.979	0.273
0.900	-9.526	0.286
0.920	-5.916	0.290
0.940	-2.221	0.296
0.960	1.474	0.295
0.980	5.164	0.287
1.000	8.763	0.278
1.020	12.260	0.266
1.040	15.573	0.249
1.060	18.662	0.229
1.080	21.492	0.207
1.100	23.995	0.176
1.120	26.133	0.151
1.140	27.906	0.114
1.160	29.286	0.084
1.180	30.237	0.046
1.200	30.747	0.015
1.220	30.844	-0.017
1.240	30.468	-0.054
1.260	29.689	-0.086
1.280	28.432	-0.124
1.300	26.810	-0.153
1.320	24.790	-0.189
1.340	22.400	-0.208
1.360	19.747	-0.234
1.380	16.696	-0.252
1.400	13.452	-0.271
1.420	10.036	-0.278
1.440	6.464	-0.289
1.460	2.801	-0.290
1.480	-0.873	-0.289
1.500	-4.584	-0.286
1.520	-8.220	-0.271
1.540	-11.733	-0.264
1.560	-15.047	-0.245
1.580	-18.184	-0.228
1.600	-21.057	-0.198
1.620	-23.593	-0.176
1.640	-25.795	-0.145
1.660	-27.664	-0.121
1.680	-29.109	-0.087
1.700	-30.118	-0.053
1.720	-30.666	-0.022
1.740	-30.817	0.018
1.760	-30.543	0.048
1.780	-29.828	0.083
1.800	-28.657	0.113
1.820	-27.073	0.146
1.840	-25.091	0.173
1.860	-22.744	0.199
1.880	-20.085	0.221
1.900	-17.120	0.251
1.920	-13.925	0.266
1.940	-10.509	0.281
1.960	-6.942	0.287
1.980	-3.274	0.297
2.000	0.438	0.293
2.020	4.138	0.292
2.040	7.759	0.281
2.060	11.303	0.270
2.080	14.660	0.254
2.100	17.819	0.238
2.120	20.724	0.212
2.140	23.340	0.186
2.160	25.574	0.156
2.180	27.460	0.129
2.200	28.937	0.096
2.220	30.016	0.058
2.240	30.650	0.026
2.260	30.854	-0.015
2.280	30.613	-0.040
2.300	29.925	-0.083
2.320	28.819	-0.107
2.340	27.282	-0.145
2.360	25.451	-0.173
2.380	23.093	-0.202
2.400	20.467	-0.216
2.420	17.545	-0.248
2.440	14.376	-0.253
2.460	10.981	-0.276
2.480	7.469	-0.273
2.500	3.822	-0.290
2.520	0.121	-0.280
2.540	-3.574	-0.280
2.560	-7.238	-0.268
2.580	-10.793	-0.258
2.600	-14.166	-0.242
2.620	-17.357	-0.223
2.640	-20.316	-0.200
2.660	-22.964	-0.176
2.680	-25.258	-0.146
2.700	-27.207	-0.118
2.720	-28.792	-0.086
2.740	-29.920	-0.053
2.760	-30.613	-0.019
2.780	-30.838	0.015
2.800	-30.688	0.050
2.820	-30.102	0.084
2.840	-29.076	0.116
2.860	-27.589	0.146
2.880	-25.725	0.175
2.900	-23.485	0.200
2.920	-20.907	0.226
2.940	-18.001	0.246
2.960	-14.854	0.277
2.980	-11.518	0.286
3.000	-7.968	0.297
3.020	-4.332	0.302
3.040	-0.615	0.308
3.060	3.080	0.299
3.080	6.733	0.295
3.100	10.299	0.281
3.120	13.731	0.270
3.140	16.948	0.250
3.160	19.929	0.230
3.180	22.631	0.204
3.200	24.978	0.178
3.220	26.966	0.147
3.240	28.550	0.114
3.260	29.753	0.084
3.280	30.510	0.045
3.300	30.844	0.011
3.320	30.736	-0.023
3.340	30.156	-0.058
3.360	29.168	-0.092
3.380	27.744	-0.125
3.400	25.961	-0.156
3.420	23.786	-0.185
3.440	21.229	-0.203
3.460	18.474	-0.228
3.480	15.294	-0.240
3.500	12.045	-0.264
3.520	8.468	-0.266
3.540	4.864	-0.280
3.560	1.174	-0.273
3.580	-2.549	-0.279
3.600	-6.206	-0.261
3.620	-9.789	-0.260
3.640	-13.232	-0.241
3.660	-16.465	-0.228
3.680	-19.494	-0.200
3.700	-22.244	-0.178
3.720	-24.618	-0.148
3.740	-26.681	-0.128
3.760	-28.378	-0.088
3.780	-29.587	-0.059
3.800	-30.457	-0.027
3.820	-30.801	0.007
3.840	-30.795	0.043
3.860	-30.290	0.076
3.880	-29.383	0.109
3.900	-28.024	0.138
3.920	-26.251	0.170
3.940	-24.130	0.196
3.960	-21.627	0.221
3.980	-18.796	0.248
4.000	-15.740	0.270
4.020	-12.437	0.281
4.040	-8.946	0.291
4.060	-5.358	0.299
4.080	-1.652	0.306
4.100	2.049	0.302
4.120	5.739	0.295
4.140	9.322	0.280
4.160	12.807	0.270
4.180	16.084	0.250
4.200	19.118	0.231
4.220	21.922	0.208
4.240	24.350	0.176
4.260	26.450	0.152
4.280	28.158	0.119
4.300	29.463	0.089
4.320	30.328	0.051
4.340	30.801	0.017
4.360	30.795	-0.022
4.380	30.371	-0.056
4.400	29.490	-0.086
4.420	28.201	-0.122
4.440	26.498	-0.157
4.460	24.436	-0.181
4.480	21.965	-0.209
4.500	19.215	-0.229
4.520	16.202	-0.252
4.540	12.909	-0.262
4.560	9.472	-0.275
4.580	5.884	-0.285
4.600	2.312	-0.284
4.620	-1.480	-0.286
4.640	-5.170	-0.275
4.660	-8.790	-0.269
4.680	-12.270	-0.253
4.700	-15.573	-0.235
4.720	-18.656	-0.215
4.740	-21.471	-0.192
4.760	-23.969	-0.165
4.780	-26.128	-0.143
4.800	-27.916	-0.111
4.820	-29.281	-0.078
4.840	-30.242	-0.042
4.860	-30.725	-0.011
4.880	-30.827	0.022
4.900	-30.468	0.057
4.920	-29.667	0.090
4.940	-28.432	0.120
4.960	-26.778	0.153
4.980	-24.742	0.178
5.000	-22.357	0.207
5.020	-19.607	0.232
5.040	-16.615	0.250
5.060	-13.387	0.268
5.080	-9.934	0.279
5.100	-6.362	0.287
5.120	-2.683	0.290
5.140	1.029	0.291
5.160	4.729	0.286
5.180	8.333	0.274
5.200	11.851	0.262
5.220	15.187	0.249
5.240	18.297	0.228
5.260	21.159	0.208
5.280	23.646	0.179
5.300	25.902	0.153
5.320	27.712	0.118
5.340	29.109	0.084
5.360	30.140	0.047
5.380	30.715	0.015
5.400	30.838	-0.021
5.420	30.532	-0.052
5.440	29.785	-0.086
5.460	28.609	-0.119
5.480	27.057	-0.153
5.500	25.059	-0.185
5.520	22.706	-0.207
5.540	20.021	-0.227
5.560	17.072	-0.252
5.580	13.844	-0.265
5.600	10.449	-0.277
5.620	6.910	-0.284
5.640	3.247	-0.288
5.660	-0.443	-0.289
5.680	-4.144	-0.281
5.700	-7.775	-0.273
5.720	-11.309	-0.262
5.740	-14.655	-0.244
5.760	-17.824	-0.227
5.780	-20.724	-0.202
5.800	-23.238	-0.178
5.820	-25.574	-0.144
5.840	-27.470	-0.121
5.860	-28.958	-0.085
5.880	-30.022	-0.053
5.900	-30.645	-0.022
5.920	-30.844	0.012
5.940	-30.618	0.050
5.960	-29.941	0.080
5.980	-28.824	0.114
6.000	-27.282	0.149
6.020	-25.360	0.172
6.040	-23.082	0.202
6.060	-20.450	0.229
6.080	-17.507	0.252
6.100	-14.338	0.266
6.120	-11.040	0.280
6.140	-7.393	0.284
6.160	-3.746	0.292
6.180	-0.035	0.299
6.200	3.671	0.296
6.220	7.313	0.282
6.240	10.879	0.272
6.260	14.274	0.263
6.280	17.448	0.243
6.300	20.381	0.217
6.320	23.034	0.192
6.340	25.263	0.163
6.360	27.256	0.133
6.380	28.776	0.102
6.400	29.904	0.065
6.420	30.602	0.036
6.440	30.844	-0.004
6.460	30.677	-0.036
6.480	30.022	-0.071
6.500	28.974	-0.107
6.520	27.481	-0.139
6.540	25.644	-0.166
6.560	23.394	-0.194
6.580	20.800	-0.212
6.600	17.910	-0.236
6.620	14.768	-0.250
6.640	11.422	-0.266
6.660	7.898	-0.271
6.680	4.267	-0.277
6.700	0.583	-0.279
6.720	-3.118	-0.273
6.740	-6.792	-0.267
6.760	-10.364	-0.255
6.780	-13.780	-0.235
6.800	-16.991	-0.223
6.820	-19.978	-0.195
6.840	-22.642	-0.174
6.860	-24.989	-0.145
6.880	-27.014	-0.119
6.900	-28.620	-0.083
6.920	-29.812	-0.051
6.940	-30.548	-0.018
6.960	-30.827	0.015
6.980	-30.763	0.051
7.000	-30.194	0.084
7.020	-29.205	0.119
7.040	-27.777	0.148
7.060	-25.956	0.179
7.080	-23.759	0.204
7.100	-21.219	0.233
7.120	-18.356	0.257
7.140	-15.257	0.271
7.160	-11.932	0.288
7.180	-8.403	0.299
7.200	-4.772	0.308
7.220	-1.066	0.308
7.240	2.645	0.304
7.260	6.319	0.295
7.280	9.885	0.283
7.300	13.334	0.270
7.320	16.578	0.254
7.340	19.570	0.232
7.360	22.271	0.208
7.380	24.715	0.176
7.400	26.740	0.156
7.420	28.384	0.117
7.440	29.640	0.084
7.460	30.451	0.046
7.480	30.833	0.017
7.500	30.763	-0.021
7.520	30.263	-0.053
7.540	29.307	-0.086
7.560	27.959	-0.125
7.580	26.198	-0.156
7.600	24.076	-0.182
7.620	21.627	-0.209
7.640	18.748	-0.224
7.660	15.692	-0.246
7.680	12.378	-0.260
7.700	8.908	-0.272
7.720	5.395	-0.277
7.740	1.614	-0.278
7.760	-2.076	-0.277
7.780	-5.755	-0.272
7.800	-9.354	-0.261
7.820	-12.802	-0.247
7.840	-16.073	-0.230
7.860	-19.145	-0.210
7.880	-21.895	-0.182
7.900	-24.344	-0.157
7.920	-26.455	-0.132
7.940	-28.185	-0.097
7.960	-29.485	-0.067
7.980	-30.365	-0.031
8.000	-30.779	-0.003
8.020	-30.801	0.036
8.040	-30.355	0.068
8.060	-29.517	0.105
8.080	-28.196	0.127
8.100	-26.498	0.166
8.120	-24.377	0.192
8.140	-21.954	0.221
8.160	-19.167	0.243
8.180	-16.116	0.258
8.200	-12.861	0.275
8.220	-9.391	0.289
8.240	-5.771	0.295
8.260	-2.108	0.297
8.280	1.619	0.295
8.300	5.293	0.288
8.320	8.903	0.277
8.340	12.388	0.265
8.360	15.697	0.250
8.380	18.753	0.227
8.400	21.594	0.208
8.420	24.022	0.173
8.440	26.208	0.151
8.460	27.954	0.113
8.480	29.329	0.086
8.500	30.263	0.046
8.520	30.763	0.016
8.540	30.817	-0.021
8.560	30.457	-0.057
8.580	29.608	-0.089
8.600	28.410	-0.126
8.620	26.740	-0.159
8.640	24.715	-0.188
8.660	22.287	-0.211
8.680	19.634	-0.232
8.700	16.578	-0.252
8.720	13.323	-0.262
8.740	9.988	-0.280
8.760	6.330	-0.286
8.780	2.683	-0.287
8.800	-1.029	-0.289
8.820	-4.735	-0.283
8.840	-8.360	-0.275
8.860	-11.862	-0.263
8.880	-15.176	-0.244
8.900	-18.297	-0.224
8.920	-21.165	-0.199
8.940	-23.695	-0.173
8.960	-25.891	-0.148
8.980	-27.723	-0.119
9.000	-29.135	-0.085
9.020	-30.151	-0.052
9.040	-30.704	-0.016
9.060	-30.833	0.017
9.080	-30.521	0.051
9.100	-29.775	0.082
9.120	-28.609	0.117
9.140	-26.998	0.147
9.160	-25.005	0.175
9.180	-22.663	0.205
9.200	-19.978	0.227
9.220	-16.991	0.250
9.240	-13.801	0.266
9.260	-10.380	0.275
9.280	-6.802	0.284
9.300	-3.139	0.288
9.320	0.572	0.295
9.340	4.273	0.289
9.360	7.898	0.276
9.380	11.427	0.266
9.400	14.795	0.250
9.420	17.931	0.231
9.440	20.816	0.208
9.460	23.421	0.183
9.480	25.644	0.154
9.500	27.524	0.123
9.520	28.985	0.093
9.540	30.049	0.055
9.560	30.666	0.024
9.580	30.849	-0.009
9.600	30.602	-0.045
9.620	29.887	-0.078
9.640	28.760	-0.112
9.660	27.218	-0.149
9.680	25.317	-0.175
9.700	23.050	-0.205
9.720	20.354	-0.225
9.740	17.507	-0.244
9.760	14.258	-0.261
9.780	10.960	-0.272
9.800	7.334	-0.281
9.820	3.687	-0.285
9.840	-0.003	-0.285
9.860	-3.698	-0.280
9.880	-7.372	-0.271
9.900	-10.911	-0.261
9.920	-14.279	-0.244
9.940	-17.464	-0.223
9.960	-20.418	-0.197
9.980	-23.034	-0.179
10.000	-25.344	-0.148
10.020	-27.288	-0.118
10.040	-28.824	-0.086
10.060	-29.920	-0.056
10.080	-30.613	-0.016
10.100	-30.844	0.013
10.120	-30.698	0.044
10.140	-30.049	0.079
10.160	-29.033	0.114
10.180	-27.513	0.148
10.200	-25.634	0.173
10.220	-23.394	0.203
10.240	-20.810	0.229
10.260	-17.894	0.254
10.280	-14.736	0.274
10.300	-11.379	0.282
10.320	-7.834	0.291
10.340	-4.181	0.297
10.360	-0.491	0.302
10.380	3.225	0.299
10.400	6.883	0.287
10.420	10.433	0.279
10.440	13.849	0.265
10.460	17.056	0.246
10.480	20.031	0.223
10.500	22.728	0.200
10.520	25.053	0.171
10.540	27.019	0.144
10.560	28.577	0.106
10.580	29.807	0.076
10.600	30.543	0.039
10.620	30.844	0.006
10.640	30.709	-0.028
10.660	30.151	-0.061
10.680	29.130	-0.099
10.700	27.712	-0.128
10.720	25.886	-0.161
10.740	23.678	-0.186
10.760	21.138	-0.210
10.780	18.356	-0.230
10.800	15.176	-0.244
10.820	11.814	-0.259
10.840	8.344	-0.270
10.860	4.719	-0.276
10.880	1.034	-0.275
10.900	-2.677	-0.273
10.920	-6.330	-0.260
10.940	-9.918	-0.256
10.960	-13.361	-0.236
10.980	-16.594	-0.223
11.000	-19.607	-0.198
11.020	-22.314	-0.178
11.040	-24.720	-0.147
11.060	-26.756	-0.127
11.080	-28.421	-0.087
11.100	-29.673	-0.056
11.120	-30.468	-0.021
11.140	-30.833	0.012
11.160	-30.758	0.042
11.180	-30.285	0.079
11.200	-29.329	0.113
11.220	-27.965	0.140
11.240	-26.176	0.173
11.260	-24.044	0.200
11.280	-21.552	0.230
11.300	-18.775	0.254
11.320	-15.622	0.265
11.340	-12.324	0.286
11.360	-8.822	0.294
11.380	-5.234	0.305
11.400	-1.523	0.305
11.420	2.194	0.301
11.440	5.873	0.295
11.460	9.456	0.286
11.480	12.936	0.268
11.500	16.197	0.251
11.520	19.226	0.229
11.540	22.013	0.209
11.560	24.393	0.180
11.580	26.525	0.150
11.600	28.196	0.118
11.620	29.485	0.088
11.640	30.376	0.049
11.660	30.806	0.013
11.680	30.795	-0.020
11.700	30.360	-0.053
11.720	29.447	-0.090
11.740	28.142	-0.123
11.760	26.423	-0.152
11.780	24.350	-0.182
11.800	21.890	-0.210
11.820	19.118	-0.230
11.840	16.078	-0.248
11.860	12.791	-0.263
11.880	9.332	-0.273
11.900	5.755	-0.282
11.920	2.087	-0.285
11.940	-1.625	-0.280
11.960	-5.293	-0.275
11.980	-8.838	-0.262
12.000	-12.399	-0.251
12.020	-15.616	-0.231
12.040	-18.785	-0.215
12.060	-21.578	-0.188
12.080	-24.044	-0.163
12.100	-26.208	-0.136
12.120	-27.938	-0.109
12.140	-29.350	-0.075
12.160	-30.242	-0.040
12.180	-30.736	-0.007
12.200	-30.811	0.027
12.220	-30.441	0.062
12.240	-29.635	0.096
12.260	-28.378	0.125
12.280	-26.713	0.156
12.300	-24.710	0.183
12.320	-22.277	0.217
12.340	-19.510	0.237
12.360	-16.497	0.255
12.380	-13.264	0.272
12.400	-9.810	0.283
12.420	-6.228	0.289
12.440	-2.629	0.292
12.460	1.174	0.293
12.480	4.853	0.286
12.500	8.462	0.277
12.520	11.980	0.263
12.540	15.310	0.246
12.560	18.409	0.227
12.580	21.267	0.204
12.600	23.813	0.173
12.620	25.972	0.149
12.640	27.777	0.118
12.660	29.152	0.087
12.680	30.172	0.049
12.700	30.725	0.018
12.720	30.838	-0.022
12.740	30.510	-0.052
12.760	29.753	-0.089
12.780	28.545	-0.123
12.800	26.949	-0.157
12.820	24.984	-0.183
12.840	22.604	-0.211
12.860	19.919	-0.232
12.880	16.959	-0.252
12.900	13.731	-0.270
12.920	10.315	-0.281
12.940	6.776	-0.289
12.960	3.209	-0.293
12.980	-0.583	-0.289
13.000	-4.192	-0.290
13.020	-7.914	-0.273
13.040	-11.341	-0.267
13.060	-14.773	-0.247
13.080	-17.851	-0.231
13.100	-20.832	-0.203
13.120	-23.324	-0.178
13.140	-25.639	-0.151
13.160	-27.530	-0.119
13.180	-29.001	-0.090
13.200	-30.065	-0.057
13.220	-30.650	-0.023
13.240	-30.811	0.012
13.260	-30.575	0.047
13.280	-29.898	0.081
13.300	-28.786	0.114
13.320	-27.223	0.148
13.340	-25.274	0.174
13.360	-22.959	0.203
13.380	-20.316	0.225
13.400	-17.378	0.251
13.420	-14.198	0.271
13.440	-10.809	0.283
13.460	-7.259	0.295
13.480	-3.591	0.295
13.500	0.105	0.300
13.520	3.816	0.295
13.540	7.458	0.286
13.560	10.997	0.271
13.580	14.397	0.262
13.600	17.561	0.238
13.620	20.483	0.218
13.640	23.061	0.189
13.660	25.397	0.165
13.680	27.266	0.132
13.700	28.829	0.100
13.720	29.947	0.063
13.740	30.613	0.031
13.760	30.849	-0.007
13.780	30.656	-0.042
13.800	30.006	-0.072
13.820	28.953	-0.109
13.840	27.411	-0.137
13.860	25.569	-0.175
13.880	23.297	-0.191
13.900	20.757	-0.220
13.920	17.802	-0.240
13.940	14.650	-0.259
13.960	11.287	-0.270
13.980	7.769	-0.277
14.000	4.133	-0.284
14.020	0.443	-0.281
14.040	-3.274	-0.283
14.060	-6.937	-0.266
14.080	-10.503	-0.265
14.100	-13.892	-0.235
14.120	-17.099	-0.228
14.140	-20.080	-0.194
14.160	-22.733	-0.176
14.180	-25.091	-0.145
14.200	-27.073	-0.122
14.220	-28.663	-0.084
14.240	-29.812	-0.052
14.260	-30.586	-0.022
14.280	-30.838	0.012
14.300	-30.715	0.046
14.320	-30.204	0.080
14.340	-29.178	0.116
14.360	-27.718	0.149
14.380	-25.875	0.175
14.400	-23.684	0.204
14.420	-21.122	0.226
14.440	-18.264	0.250
14.460	-15.122	0.274
14.480	-11.803	0.288
14.500	-8.280	0.300
14.520	-4.643	0.310
14.540	-1.012	0.312
14.560	2.774	0.306
14.580	6.437	0.297
14.600	9.998	0.287
14.620	13.468	0.275
14.640	16.610	0.249
14.660	19.682	0.230
14.680	22.411	0.207
14.700	24.785	0.180
14.720	26.815	0.148
14.740	28.448	0.117
14.760	29.673	0.089
14.780	30.457	0.051
14.800	30.833	0.014
14.820	30.752	-0.019
14.840	30.253	-0.050
14.860	29.275	-0.090
14.880	27.900	-0.125
14.900	26.128	-0.153
14.920	24.033	-0.182
14.940	21.455	-0.210
14.960	18.646	-0.227
14.980	15.568	-0.245
15.000	12.254	-0.261
15.020	8.758	-0.272
15.040	5.170	-0.274
15.060	1.490	-0.278
15.080	-2.237	-0.277
15.100	-5.900	-0.268
15.120	-9.493	-0.261
15.140	-12.947	-0.245
15.160	-16.197	-0.229
15.180	-19.253	-0.206
15.200	-22.008	-0.179
15.220	-24.452	-0.152
15.240	-26.541	-0.127
15.260	-28.228	-0.096
15.280	-29.511	-0.062
15.300	-30.387	-0.028
15.320	-30.784	0.004
15.340	-30.801	0.041
15.360	-30.333	0.073
15.380	-29.469	0.112
15.400	-28.147	0.134
15.420	-26.412	0.171
15.440	-24.296	0.195
15.460	-21.858	0.219
15.480	-19.070	0.246
15.500	-15.987	0.267
15.520	-12.748	0.279
15.540	-9.257	0.293
15.560	-5.653	0.300
15.580	-1.963	0.304
15.600	1.754	0.299
15.620	5.422	0.295
15.640	9.015	0.283
15.660	12.512	0.269
15.680	15.810	0.253
15.700	18.871	0.233
15.720	21.680	0.208
15.740	24.167	0.176
15.760	26.278	0.154
15.780	27.986	0.119
15.800	29.372	0.088
15.820	30.285	0.055
15.840	30.763	0.016
15.860	30.806	-0.016
15.880	30.446	-0.054
15.900	29.581	-0.087
15.920	28.330	-0.128
15.940	26.670	-0.152
15.960	24.688	-0.183
15.980	22.212	-0.210
16.000	19.462	-0.230
16.020	16.556	-0.249
16.040	13.205	-0.266
16.060	9.859	-0.279
16.080	6.201	-0.286
16.100	2.538	-0.293
16.120	-1.168	-0.289
16.140	-4.864	-0.282
16.160	-8.484	-0.272
16.180	-11.980	-0.259
16.200	-15.300	-0.245
16.220	-18.404	-0.222
16.240	-21.245	-0.200
16.260	-23.770	-0.170
16.280	-25.961	-0.141
16.300	-27.744	-0.112
16.320	-29.205	-0.079
16.340	-30.183	-0.050
16.360	-30.715	-0.012
16.380	-30.822	0.020
16.400	-30.510	0.056
16.420	-29.759	0.090
16.440	-28.555	0.120
16.460	-26.923	0.151
16.480	-24.914	0.177
16.500	-22.572	0.207
16.520	-19.865	0.230
16.540	-16.879	0.255
16.560	-13.677	0.265
16.580	-10.229	0.278
16.600	-6.674	0.287
16.620	-2.994	0.295
16.640	0.717	0.291
16.660	4.418	0.289
16.680	8.038	0.275
16.700	11.561	0.267
16.720	14.907	0.254
16.740	18.050	0.229
16.760	20.923	0.208
16.780	23.517	0.186
16.800	25.677	0.154
16.820	27.583	0.120
16.840	29.039	0.086
16.860	30.075	0.054
16.880	30.682	0.024
16.900	30.849	-0.015
16.920	30.586	-0.045
16.940	29.882	-0.086
16.960	28.717	-0.113
16.980	27.213	-0.153
17.000	25.236	-0.177
17.020	22.980	-0.207
17.040	20.262	-0.226
17.060	17.335	-0.251
17.080	14.150	-0.264
17.100	10.740	-0.277
17.120	7.205	-0.281
17.140	3.569	-0.293
17.160	-0.137	-0.289
17.180	-3.746	-0.285
17.200	-7.490	-0.272
17.220	-11.030	-0.263
17.240	-14.397	-0.245
17.260	-17.582	-0.227
17.280	-20.504	-0.205
17.300	-23.104	-0.177
17.320	-25.397	-0.149
17.340	-27.331	-0.120
17.360	-28.867	-0.088
17.380	-29.941	-0.050
17.400	-30.623	-0.022
17.420	-30.822	0.013
17.440	-30.656	0.050
17.460	-30.032	0.081
17.480	-28.974	0.117
17.500	-27.444	0.146
17.520	-25.542	0.176
17.540	-23.302	0.202
17.560	-20.681	0.232
17.580	-17.770	0.254
17.600	-14.612	0.273
17.620	-11.330	0.281
17.640	-7.699	0.291
17.660	-4.063	0.293
17.680	-0.346	0.301
17.700	3.354	0.291
17.720	7.012	0.288
17.740	10.568	0.278
17.760	13.978	0.266
17.780	17.179	0.245
17.800	20.144	0.222
17.820	22.824	0.195
17.840	25.139	0.167
17.860	27.062	0.139
17.880	28.652	0.105
17.900	29.823	0.074
17.920	30.553	0.038
17.940	30.838	0.009
17.960	30.698	-0.037
17.980	30.092	-0.065
18.000	29.087	-0.103
18.020	27.642	-0.127
18.040	25.865	-0.165
18.060	23.603	-0.186
18.080	21.031	-0.213
18.100	18.168	-0.231
18.120	15.042	-0.253
18.140	11.685	-0.265
18.160	8.194	-0.272
18.180	4.579	-0.279
18.200	0.894	-0.277
18.220	-2.812	-0.278
18.240	-6.491	-0.260
18.260	-10.079	-0.262
18.280	-13.479	-0.236
18.300	-16.734	-0.229
18.320	-19.736	-0.197
18.340	-22.438	-0.179
18.360	-24.737	-0.146
18.380	-26.842	-0.123
18.400	-28.486	-0.084
18.420	-29.699	-0.058
18.440	-30.510	-0.020
18.460	-30.817	0.010
18.480	-30.774	0.047
18.500	-30.242	0.083
18.520	-29.329	0.114
18.540	-27.906	0.147
18.560	-26.122	0.172
18.580	-23.969	0.205
18.600	-21.449	0.225
18.620	-18.603	0.250
18.640	-15.509	0.267
18.660	-12.195	0.294
18.680	-8.801	0.301
18.700	-5.078	0.311
18.720	-1.383	0.308
18.740	2.312	0.306
18.760	6.013	0.298
18.780	9.585	0.291
18.800	13.054	0.270
18.820	16.304	0.256
18.840	19.323	0.235
18.860	22.094	0.210
18.880	24.511	0.183
18.900	26.584	0.153
18.920	28.271	0.119
18.940	29.554	0.088
18.960	30.398	0.051
18.980	30.817	0.018
19.000	30.784	-0.018
19.020	30.317	-0.049
19.040	29.436	-0.088
19.060	28.083	-0.121
19.080	26.353	-0.150
19.100	24.323	-0.177
19.120	21.782	-0.208
19.140	19.075	-0.227
19.160	15.955	-0.245
19.180	12.662	-0.254
19.200	9.203	-0.273
19.220	5.626	-0.278
19.240	1.947	-0.284
19.260	-1.781	-0.278
19.280	-5.433	-0.275
19.300	-9.074	-0.259
19.320	-12.437	-0.251
19.340	-15.804	-0.233
19.360	-18.898	-0.206
19.380	-21.675	-0.186
19.400	-24.140	-0.155
19.420	-26.219	-0.134
19.440	-28.040	-0.100
19.460	-29.366	-0.068
19.480	-30.306	-0.035
19.500	-30.741	-0.004
19.520	-30.827	0.033
19.540	-30.408	0.068
19.560	-29.592	0.100
19.580	-28.319	0.129
19.600	-26.654	0.167
19.620	-24.565	0.188
19.640	-22.148	0.220
19.660	-19.419	0.240
19.680	-16.374	0.258
19.700	-13.146	0.272
19.720	-9.687	0.287
19.740	-6.077	0.292
19.760	-2.393	0.298
19.780	1.313	0.299
19.800	5.003	0.287
19.820	8.596	0.279
19.840	12.104	0.264
19.860	15.434	0.247
19.880	18.517	0.229
19.900	21.369	0.208
19.920	23.888	0.178
19.940	26.047	0.148
19.960	27.836	0.120
19.980	29.232	0.087
20.000	30.194	0.048
20.020	30.736	0.018
20.040	30.833	-0.019
20.060	30.505	-0.056
20.080	29.716	-0.088
20.100	28.507	-0.119
20.120	26.880	-0.151
20.140	24.946	-0.186
20.160	22.524	-0.206
20.180	19.817	-0.230
20.200	16.841	-0.250
20.220	13.608	-0.268
20.240	10.192	-0.281
20.260	6.631	-0.284
20.280	2.984	-0.289
20.300	-0.722	-0.289
20.320	-4.412	-0.285
20.340	-7.957	-0.274
20.360	-11.572	-0.261
20.380	-14.891	-0.245
20.400	-18.033	-0.224
20.420	-20.918	-0.205
20.440	-23.485	-0.177
20.460	-25.709	-0.148
20.480	-27.535	-0.119
20.500	-29.044	-0.084
20.520	-30.075	-0.053
20.540	-30.677	-0.018
20.560	-30.838	0.018
20.580	-30.548	0.047
20.600	-29.861	0.084
20.620	-28.706	0.115
20.640	-27.143	0.148
20.660	-25.198	0.174
20.680	-22.867	0.204
20.700	-20.225	0.229
20.720	-17.244	0.256
20.740	-14.156	0.266
20.760	-10.664	0.283
20.780	-7.114	0.287
20.800	-3.451	0.296
20.820	0.277	0.295
20.840	3.967	0.295
20.860	7.592	0.278
20.880	11.137	0.270
20.900	14.505	0.254
20.920	17.684	0.237
20.940	20.590	0.215
20.960	23.217	0.188
20.980	25.472	0.159
21.000	27.390	0.129
21.020	28.878	0.096
21.040	29.963	0.061
21.060	30.629	0.028
21.080	30.860	-0.003
21.100	30.639	-0.042
21.120	29.957	-0.076
21.140	28.883	-0.109
21.160	27.352	-0.142
21.180	25.489	-0.170
21.200	23.217	-0.199
21.220	20.606	-0.217
21.240	17.695	-0.244
21.260	14.531	-0.259
21.280	11.164	-0.274
21.300	7.726	-0.277
21.320	4.010	-0.289
21.340	0.325	-0.283
21.360	-3.408	-0.283
21.380	-7.050	-0.268
21.400	-10.632	-0.264
21.420	-14.010	-0.247
21.440	-17.217	-0.224
21.460	-20.166	-0.203
21.480	-22.824	-0.175
21.500	-25.145	-0.154
21.520	-27.154	-0.122
21.540	-28.717	-0.087
21.560	-29.850	-0.052
21.580	-30.591	-0.024
21.600	-30.827	0.010
21.620	-30.720	0.047
21.640	-30.151	0.080
21.660	-29.119	0.113
21.680	-27.675	0.146
21.700	-25.816	0.173
21.720	-23.593	0.204
21.740	-21.041	0.225
21.760	-18.130	0.247
21.780	-15.004	0.275
21.800	-11.663	0.286
21.820	-8.145	0.293
21.840	-4.520	0.303
21.860	-0.792	0.306
21.880	2.898	0.301
21.900	6.572	0.292
21.920	10.133	0.283
21.940	13.570	0.269
21.960	16.798	0.253
21.980	19.784	0.233
22.000	22.524	0.204
22.020	24.871	0.180
22.040	26.880	0.147
22.060	28.491	0.116
22.080	29.678	0.087
22.100	30.489	0.047
22.120	30.833	0.019
22.140	30.736	-0.020
22.160	30.204	-0.054
22.180	29.221	-0.092
22.200	27.841	-0.120
22.220	26.052	-0.151
22.240	23.899	-0.181
22.260	21.364	-0.204
22.280	18.533	-0.227
22.300	15.531	-0.241
22.320	12.120	-0.258
22.340	8.623	-0.268
22.360	5.025	-0.276
22.380	1.340	-0.275
22.400	-2.361	-0.273
22.420	-6.029	-0.262
22.440	-9.617	-0.254
22.460	-13.081	-0.241
22.480	-16.325	-0.226
22.500	-19.376	-0.201
22.520	-22.094	-0.174
22.540	-24.527	-0.148
22.560	-26.606	-0.119
22.580	-28.303	-0.090
22.600	-29.571	-0.059
22.620	-30.382	-0.021
22.640	-30.790	0.007
22.660	-30.784	0.046
22.680	-30.333	0.077
22.700	-29.442	0.113
22.720	-28.110	0.141
22.740	-26.348	0.172
22.760	-24.221	0.200
22.780	-21.761	0.226
22.800	-18.957	0.251
22.820	-15.896	0.270
22.840	-12.619	0.285
22.860	-9.123	0.297
22.880	-5.513	0.307
22.900	-1.823	0.303
22.920	1.877	0.303
22.940	5.578	0.294
22.960	9.155	0.284
22.980	12.630	0.270
23.000	15.933	0.254
23.020	18.984	0.233
23.040	21.788	0.212
23.060	24.242	0.182
23.080	26.359	0.154
23.100	28.077	0.118
23.120	29.426	0.088
23.140	30.312	0.052
23.160	30.779	0.021
23.180	30.811	-0.018
23.200	30.408	-0.047
23.220	29.538	-0.086
23.240	28.265	-0.118
23.260	26.627	-0.151
23.280	24.543	-0.181
23.300	22.094	-0.203
23.320	19.430	-0.228
23.340	16.352	-0.245
23.360	13.156	-0.261
23.380	9.649	-0.271
23.400	6.061	-0.276
23.420	2.398	-0.285
23.440	-1.302	-0.281
23.460	-4.998	-0.275
23.480	-8.623	-0.265
23.500	-12.120	-0.254
23.520	-15.423	-0.239
23.540	-18.528	-0.217
23.560	-21.364	-0.190
23.580	-23.866	-0.166
23.600	-26.026	-0.137
23.620	-27.836	-0.109
23.640	-29.243	-0.075
23.660	-30.220	-0.042
23.680	-30.720	-0.010
23.700	-30.827	0.022
23.720	-30.457	0.059
23.740	-29.721	0.093
23.760	-28.502	0.121
23.780	-26.853	0.157
23.800	-24.823	0.179
23.820	-22.448	0.210
23.840	-19.758	0.233
23.860	-16.766	0.254
23.880	-13.543	0.270
23.900	-10.111	0.283
23.920	-6.529	0.288
23.940	-2.849	0.295
23.960	0.851	0.293
23.980	4.541	0.288
24.000	8.167	0.275
24.020	11.685	0.265
24.040	15.026	0.250
24.060	18.146	0.233
24.080	20.955	0.205
24.100	23.598	0.177
24.120	25.816	0.152
24.140	27.594	0.118
24.160	29.076	0.092
24.180	30.075	0.051
24.200	30.698	0.020
24.220	30.854	-0.019
24.240	30.559	-0.048
24.260	29.818	-0.084
24.280	28.706	-0.117
24.300	27.089	-0.151
24.320	25.156	-0.181
24.340	22.803	-0.212
24.360	20.155	-0.229
24.380	17.222	-0.248
24.400	14.102	-0.264
24.420	10.627	-0.279
24.440	7.093	-0.285
24.460	3.435	-0.293
24.480	-0.271	-0.287
24.500	-3.870	-0.284
24.520	-7.608	-0.276
24.540	-11.142	-0.262
24.560	-14.510	-0.248
24.580	-17.674	-0.226
24.600	-20.510	-0.204
24.620	-23.179	-0.177
24.640	-25.462	-0.148
24.660	-27.368	-0.119
24.680	-28.888	-0.090
24.700	-29.968	-0.053
24.720	-30.629	-0.021
24.740	-30.827	0.011
24.760	-30.613	0.048
24.780	-29.995	0.082
24.800	-28.888	0.114
24.820	-27.385	0.142
24.840	-25.440	0.171
24.860	-23.243	0.201
24.880	-20.552	0.228
24.900	-17.647	0.247
24.920	-14.478	0.271
24.940	-11.099	0.281
24.960	-7.554	0.290
24.980	-3.897	0.297
25.000	-0.191	0.299
25.020	3.505	0.296
25.040	7.146	0.279
25.060	10.702	0.274
25.080	14.118	0.258
25.100	17.303	0.241
25.120	20.246	0.220
25.140	22.921	0.192
25.160	25.215	0.164
25.180	27.164	0.135
25.200	28.717	0.096
25.220	29.877	0.067
25.240	30.580	0.038
25.260	30.844	-0.000
25.280	30.688	-0.036
25.300	30.086	-0.069
25.320	29.066	-0.101
25.340	27.583	-0.140
25.360	25.741	-0.168
25.380	23.507	-0.194
25.400	20.928	-0.213
25.420	18.060	-0.238
25.440	14.929	-0.253
25.460	11.551	-0.270
25.480	8.049	-0.273
25.500	4.445	-0.278
25.520	0.846	-0.279
25.540	-2.941	-0.278
25.560	-6.620	-0.268
25.580	-10.208	-0.255
25.600	-13.624	-0.241
25.620	-16.846	-0.223
25.640	-19.827	-0.198
25.660	-22.513	-0.174
25.680	-24.892	-0.148
25.700	-26.912	-0.119
25.720	-28.582	-0.083
25.740	-29.753	-0.053
25.760	-30.553	-0.022
25.780	-30.822	0.011
25.800	-30.774	0.050
25.820	-30.242	0.080
25.840	-29.264	0.115
25.860	-27.868	0.147
25.880	-26.047	0.177
25.900	-23.877	0.204
25.920	-21.353	0.229
25.940	-18.506	0.254
25.960	-15.402	0.274
25.980	-12.072	0.289
26.000	-8.570	0.299
26.020	-4.939	0.304
26.040	-1.249	0.306
26.060	2.473	0.304
26.080	6.136	0.297
26.100	9.708	0.287
26.120	13.183	0.271
26.140	16.438	0.257
26.160	19.435	0.233
26.180	22.218	0.208
26.200	24.602	0.182
26.220	26.659	0.150
26.240	28.324	0.117
26.260	29.592	0.089
26.280	30.419	0.052
26.300	30.817	0.020
26.320	30.768	-0.021
26.340	30.296	-0.051
26.360	29.372	-0.082
26.380	28.024	-0.119
26.400	26.289	-0.151
26.420	24.167	-0.177
26.440	21.686	-0.206
26.460	18.893	-0.226
26.480	15.842	-0.245
26.500	12.528	-0.258
26.520	9.069	-0.268
26.540	5.470	-0.276
26.560	1.802	-0.277
26.580	-1.904	-0.278
26.600	-5.589	-0.272
26.620	-9.209	-0.258
26.640	-12.684	-0.250
26.660	-15.933	-0.231
26.680	-19.000	-0.206
26.700	-21.713	-0.181
26.720	-24.248	-0.157
26.740	-26.310	-0.127
26.760	-28.120	-0.096
26.780	-29.415	-0.066
26.800	-30.344	-0.030
26.820	-30.763	0.001
26.840	-30.854	0.038
26.860	-30.414	0.069
26.880	-29.538	0.105
26.900	-28.276	0.133
26.920	-26.557	0.162
26.940	-24.500	0.194
26.960	-22.083	0.220
26.980	-19.312	0.244
27.000	-16.277	0.265
27.020	-13.017	0.276
27.040	-9.563	0.291
27.060	-5.965	0.297
27.080	-2.269	0.303
27.100	1.442	0.298
27.120	5.127	0.290
27.140	8.725	0.283
27.160	12.238	0.267
27.180	15.541	0.253
27.200	18.630	0.232
27.220	21.471	0.210
27.240	23.974	0.179
27.260	26.117	0.153
27.280	27.895	0.118
27.300	29.275	0.091
27.320	30.226	0.051
27.340	30.747	0.021
27.360	30.827	-0.016
27.380	30.489	-0.049
27.400	29.662	-0.089
27.420	28.448	-0.117
27.440	26.815	-0.154
27.460	24.806	-0.181
27.480	22.422	-0.210
27.500	19.704	-0.230
27.520	16.734	-0.252
27.540	13.473	-0.264
27.560	10.063	-0.278
27.580	6.507	-0.285
27.600	2.849	-0.289
27.620	-0.755	-0.289
27.640	-4.552	-0.283
27.660	-8.097	-0.276
27.680	-11.690	-0.259
27.700	-15.015	-0.247
27.720	-18.135	-0.224
27.740	-21.014	-0.202
27.760	-23.571	-0.176
27.780	-25.795	-0.148
27.800	-27.599	-0.119
27.820	-29.109	-0.083
27.840	-30.102	-0.051
27.860	-30.666	-0.020
27.880	-30.833	0.015
27.900	-30.537	0.053
27.920	-29.834	0.083
27.940	-28.663	0.118
27.960	-27.068	0.149
27.980	-25.118	0.175
28.000	-22.765	0.204
28.020	-20.112	0.229
28.040	-17.136	0.254
28.060	-13.951	0.267
28.080	-10.541	0.281
28.100	-6.958	0.283
28.120	-3.311	0.295
28.140	0.400	0.290
28.160	4.101	0.288
28.180	7.726	0.279
28.200	11.271	0.267
28.220	14.639	0.250
28.240	17.797	0.234
28.260	20.617	0.211
28.280	23.302	0.185
28.300	25.548	0.155
28.320	27.444	0.124
28.340	28.921	0.096
28.360	30.011	0.057
28.380	30.650	0.029
28.400	30.844	-0.011
28.420	30.618	-0.043
28.440	29.947	-0.082
28.460	28.835	-0.114
28.480	27.293	-0.145
28.500	25.467	-0.176
28.520	23.115	-0.203
28.540	20.499	-0.225
28.560	17.577	-0.248
28.580	14.413	-0.266
28.600	11.035	-0.279
28.620	7.506	-0.282
28.640	3.865	-0.288
28.660	0.180	-0.289
28.680	-3.515	-0.285
28.700	-7.195	-0.278
28.720	-10.740	-0.264
28.740	-14.113	-0.252
28.760	-17.239	-0.231
28.780	-20.279	-0.205
28.800	-22.910	-0.184
28.820	-25.220	-0.152
28.840	-27.170	-0.125
28.860	-28.743	-0.091
28.880	-29.887	-0.056
28.900	-30.586	-0.028
28.920	-30.827	0.008
28.940	-30.682	0.047
28.960	-30.118	0.076
28.980	-29.066	0.108
29.000	-27.589	0.142
29.020	-25.709	0.171
29.040	-23.501	0.196
29.060	-20.912	0.224
29.080	-18.109	0.253
29.100	-14.891	0.273
29.120	-11.540	0.279
29.140	-7.990	0.289
29.160	-4.364	0.296
29.180	-0.674	0.301
29.200	3.053	0.299
29.220	6.700	0.286
29.240	10.272	0.274
29.260	13.704	0.267
29.280	16.846	0.246
29.300	19.903	0.224
29.320	22.604	0.200
29.340	24.951	0.172
29.360	26.949	0.143
29.380	28.539	0.109
29.400	29.753	0.074
29.420	30.510	0.045
29.440	30.833	0.013
29.460	30.731	-0.024
29.480	30.167	-0.064
29.500	29.189	-0.093
29.520	27.782	-0.131
29.540	25.988	-0.152
29.560	23.866	-0.188
29.580	21.261	-0.206
29.600	18.426	-0.232
29.620	15.332	-0.248
29.640	11.991	-0.262
29.660	8.494	-0.273
29.680	4.896	-0.280
29.700	1.195	-0.281
29.720	-2.516	-0.276
29.740	-6.174	-0.268
29.760	-9.783	-0.255
29.780	-13.194	-0.243
29.800	-16.454	-0.227
29.820	-19.484	-0.202
29.840	-22.212	-0.177
29.860	-24.624	-0.148
29.880	-26.670	-0.123
29.900	-28.367	-0.089
29.920	-29.592	-0.060
29.940	-30.478	-0.022
29.960	-30.817	0.006
29.980	-30.790	0.046
30.000	-30.317	0.075
30.020	-29.393	0.113
30.040	-28.051	0.138
30.060	-26.273	0.175
30.080	-24.156	0.199
30.100	-21.659	0.226
30.120	-18.844	0.246
30.140	-15.788	0.274
30.160	-12.490	0.286
30.180	-9.010	0.303
30.200	-5.390	0.307
30.220	-1.700	0.310
30.240	2.011	0.304
30.260	5.691	0.299
30.280	9.284	0.291
30.300	12.770	0.275
30.320	16.046	0.256
30.340	19.086	0.237
30.360	21.890	0.212
30.380	24.334	0.183
30.400	26.434	0.154
30.420	28.136	0.122
30.440	29.458	0.095
30.460	30.344	0.052
30.480	30.784	0.023
30.500	30.795	-0.016
30.520	30.371	-0.045
30.540	29.506	-0.086
30.560	28.212	-0.118
30.580	26.520	-0.149
30.600	24.516	-0.173
30.620	22.013	-0.209
30.640	19.258	-0.227
30.660	16.304	-0.248
30.680	12.958	-0.255
30.700	9.601	-0.275
30.720	5.922	-0.278
30.740	2.259	-0.284
30.760	-1.442	-0.281
30.780	-5.137	-0.273
30.800	-8.768	-0.262
30.820	-12.233	-0.252
30.840	-15.536	-0.237
30.860	-18.630	-0.211
30.880	-21.455	-0.190
30.900	-23.958	-0.161
30.920	-26.106	-0.138
30.940	-27.932	-0.102
30.960	-29.270	-0.074
30.980	-30.237	-0.034
31.000	-30.720	-0.007
31.020	-30.849	0.029
31.040	-30.473	0.064
31.060	-29.662	0.098
31.080	-28.459	0.129
31.100	-26.804	0.159
31.120	-24.769	0.184
31.140	-22.389	0.215
31.160	-19.650	0.236
31.180	-16.653	0.258
31.200	-13.425	0.271
31.220	-9.988	0.282
31.240	-6.400	0.291
31.260	-2.720	0.294
31.280	0.996	0.292
31.300	4.692	0.288
31.320	8.290	0.281
31.340	11.814	0.262
31.360	15.133	0.251
31.380	18.264	0.231
31.400	21.138	0.208
31.420	23.695	0.179
31.440	25.832	0.152
31.460	27.701	0.117
31.480	29.130	0.088
31.500	30.135	0.054
31.520	30.704	0.020
31.540	30.838	-0.016
31.560	30.553	-0.053
31.580	29.785	-0.084
31.600	28.615	-0.117
31.620	27.073	-0.149
31.640	25.075	-0.184
31.660	22.728	-0.210
31.680	20.058	-0.231
31.700	17.104	-0.256
31.720	13.887	-0.271
31.740	10.492	-0.285
31.760	6.931	-0.287
31.780	3.284	-0.296
31.800	-0.395	-0.290
31.820	-4.101	-0.290
31.840	-7.753	-0.275
31.860	-11.282	-0.269
31.880	-14.617	-0.245
31.900	-17.797	-0.233
31.920	-20.698	-0.205
31.940	-23.265	-0.181
31.960	-25.531	-0.152
31.980	-27.449	-0.123
32.000	-28.937	-0.090
32.020	-30.000	-0.054
32.040	-30.629	-0.026
32.060	-30.838	0.011
32.080	-30.596	0.043
32.100	-29.920	0.077
32.120	-28.835	0.109
32.140	-27.282	0.143
32.160	-25.370	0.172
32.180	-23.093	0.196
32.200	-20.456	0.215
32.220	-17.512	0.239
32.240	-14.333	0.261
32.260	-10.965	0.283
32.280	-7.420	0.287
32.300	-3.762	0.294
32.320	-0.046	0.295
32.340	3.655	0.289
32.360	7.291	0.282
32.380	10.836	0.274
32.400	14.225	0.255
32.420	17.421	0.242
32.440	20.348	0.218
32.460	23.012	0.192
32.480	25.295	0.164
32.500	27.229	0.132
32.520	28.727	0.097
32.540	29.887	0.063
32.560	30.596	0.035
32.580	30.849	-0.001
32.600	30.672	-0.036
32.620	30.027	-0.072
32.640	28.985	-0.107
32.660	27.524	-0.143
32.680	25.660	-0.170
32.700	23.421	-0.198
32.720	20.821	-0.221
32.740	17.953	-0.243
32.760	14.805	-0.258
32.780	11.432	-0.271
32.800	7.941	-0.278
32.820	4.310	-0.286
32.840	0.701	-0.286
32.860	-3.080	-0.283
32.880	-6.743	-0.273
32.900	-10.315	-0.262
32.920	-13.737	-0.246
32.940	-16.959	-0.227
32.960	-19.924	-0.205
32.980	-22.556	-0.183
33.000	-24.962	-0.152
33.020	-26.992	-0.123
33.040	-28.615	-0.093
33.060	-29.791	-0.053
33.080	-30.553	-0.028
33.100	-30.817	0.009
33.120	-30.747	0.046
33.140	-30.215	0.076
33.160	-29.227	0.112
33.180	-27.809	0.142
33.200	-25.988	0.175
33.220	-23.797	0.203
33.240	-21.251	0.232
33.260	-18.469	0.253
33.280	-15.305	0.274
33.300	-11.975	0.281
33.320	-8.451	0.292
33.340	-4.821	0.299
33.360	-1.109	0.303
33.380	2.602	0.299
33.400	6.271	0.289
33.420	9.837	0.282
33.440	13.291	0.269
33.460	16.546	0.250
33.480	19.543	0.228
33.500	22.228	0.208
33.520	24.683	0.178
33.540	26.735	0.151
33.560	28.362	0.113
33.580	29.630	0.084
33.600	30.446	0.047
33.620	30.817	0.018
33.640	30.763	-0.022
33.660	30.263	-0.050
33.680	29.323	-0.086
33.700	27.965	-0.122
33.720	26.219	-0.152
33.740	24.087	-0.177
33.760	21.578	-0.203
33.780	18.791	-0.230
33.800	15.713	-0.241
33.820	12.405	-0.265
33.840	8.940	-0.266
33.860	5.331	-0.275
33.880	1.652	-0.275
33.900	-2.060	-0.276
33.920	-5.728	-0.264
33.940	-9.241	-0.258
33.960	-12.786	-0.244
33.980	-16.052	-0.229
34.000	-19.118	-0.201
34.020	-21.890	-0.180
34.040	-24.318	-0.152
34.060	-26.428	-0.128
34.080	-28.201	-0.090
34.100	-29.495	-0.060
34.120	-30.349	-0.027
34.140	-30.784	0.005
34.160	-30.827	0.041
34.180	-30.387	0.074
34.200	-29.554	0.106
34.220	-28.233	0.140
34.240	-26.504	0.167
34.260	-24.398	0.200
34.280	-22.040	0.225
34.300	-19.210	0.249
34.320	-16.154	0.262
34.340	-12.920	0.281
34.360	-9.515	0.290
34.380	-5.825	0.302
34.400	-2.130	0.301
34.420	1.560	0.301
34.440	5.261	0.296
34.460	8.860	0.283
34.480	12.356	0.271
34.500	15.654	0.254
34.520	18.737	0.234
34.540	21.568	0.215
34.560	24.054	0.183
34.580	26.192	0.156
34.600	27.948	0.121
34.620	29.313	0.092
34.640	30.247	0.055
34.660	30.752	0.018
34.680	30.811	-0.016
34.700	30.451	-0.049
34.720	29.624	-0.082
34.740	28.400	-0.119
34.760	26.745	-0.152
34.780	24.737	-0.181
34.800	22.341	-0.210
34.820	19.602	-0.223
34.840	16.605	-0.249
34.860	13.355	-0.256
34.880	9.939	-0.279
34.900	6.378	-0.273
34.920	2.801	-0.293
34.940	-0.980	-0.277
34.960	-4.590	-0.287
34.980	-8.323	-0.263
35.000	-11.808	-0.262
35.020	-15.149	-0.238
35.040	-18.275	-0.224
35.060	-21.122	-0.194
35.080	-23.673	-0.169
35.100	-25.865	-0.144
35.120	-27.723	-0.112
35.140	-29.130	-0.083
35.160	-30.156	-0.045
35.180	-30.682	-0.016
35.200	-30.833	0.017
35.220	-30.516	0.052
35.240	-29.780	0.088
35.260	-28.625	0.117
35.280	-27.014	0.154
35.300	-25.021	0.177
35.320	-22.685	0.210
35.340	-19.989	0.230
35.360	-17.024	0.256
35.380	-13.839	0.266
35.400	-10.401	0.278
35.420	-6.829	0.287
35.440	-3.172	0.293
35.460	0.545	0.295
35.480	4.235	0.287
35.500	7.855	0.277
35.520	11.395	0.265
35.540	14.752	0.251
35.560	17.899	0.233
35.580	20.794	0.209
35.600	23.410	0.180
35.620	25.623	0.154
35.640	27.508	0.118
35.660	28.974	0.092
35.680	30.016	0.052
35.700	30.666	0.019
35.720	30.854	-0.012
35.740	30.607	-0.050
35.760	29.893	-0.082
35.780	28.776	-0.119
35.800	27.223	-0.152
35.820	25.344	-0.179
35.840	23.039	-0.209
35.860	20.391	-0.228
35.880	17.469	-0.252
35.900	14.290	-0.260
35.920	10.901	-0.284
35.940	7.388	-0.281
35.960	3.838	-0.297
35.980	0.056	-0.287
36.000	-3.650	-0.290
36.020	-7.302	-0.273
36.040	-10.847	-0.267
36.060	-14.220	-0.248
36.080	-17.400	-0.232
36.100	-20.359	-0.204
36.120	-22.991	-0.184
36.140	-25.284	-0.151
36.160	-27.186	-0.123
36.180	-28.776	-0.091
36.200	-29.904	-0.057
36.220	-30.586	-0.025
36.240	-30.806	0.006
36.260	-30.661	0.044
36.280	-30.043	0.077
36.300	-29.001	0.109
36.320	-27.519	0.141
36.340	-25.644	0.168
36.360	-23.388	0.200
36.380	-20.800	0.221
36.400	-17.894	0.252
36.420	-14.757	0.270
36.440	-11.411	0.278
36.460	-7.871	0.289
36.480	-4.208	0.296
36.500	-0.502	0.300
36.520	3.182	0.290
36.540	6.845	0.284
36.560	10.390	0.271
36.580	13.828	0.264
36.600	17.045	0.243
36.620	20.005	0.221
36.640	22.712	0.197
36.660	25.032	0.169
36.680	27.014	0.134
36.700	28.593	0.106
36.720	29.780	0.069
36.740	30.532	0.038
36.760	30.838	0.004
36.780	30.715	-0.032
36.800	30.140	-0.069
36.820	29.135	-0.096
36.840	27.750	-0.136
36.860	25.907	-0.163
36.880	23.721	-0.194
36.900	21.154	-0.214
36.920	18.383	-0.238
36.940	15.208	-0.251
36.960	11.862	-0.265
36.980	8.360	-0.278
37.000	4.751	-0.281
37.020	1.082	-0.281
37.040	-2.635	-0.278
37.060	-6.308	-0.271
37.080	-9.918	-0.255
37.100	-13.323	-0.244
37.120	-16.578	-0.223
37.140	-19.591	-0.201
37.160	-22.314	-0.176
37.180	-24.694	-0.147
37.200	-26.778	-0.121
37.220	-28.421	-0.089
37.240	-29.662	-0.057
37.260	-30.484	-0.021
37.280	-30.806	0.009
37.300	-30.774	0.046
37.320	-30.306	0.076
37.340	-29.366	0.111
37.360	-27.997	0.141
37.380	-26.219	0.175
37.400	-24.071	0.200
37.420	-21.573	0.229
37.440	-18.769	0.254
37.460	-15.654	0.270
37.480	-12.394	0.288
37.500	-8.876	0.297
37.520	-5.256	0.302
37.540	-1.576	0.308
37.560	2.156	0.305
37.580	5.825	0.299
37.600	9.424	0.287
37.620	12.883	0.272
37.640	16.154	0.258
37.660	19.177	0.233
37.680	21.965	0.209
37.700	24.414	0.179
37.720	26.509	0.158
37.740	28.185	0.119
37.760	29.501	0.088
37.780	30.365	0.052
37.800	30.795	0.020
37.820	30.784	-0.017
37.840	30.360	-0.049
37.860	29.458	-0.085
37.880	28.153	-0.118
37.900	26.445	-0.148
37.920	24.430	-0.173
37.940	21.901	-0.204
37.960	19.135	-0.227
37.980	16.111	-0.243
38.000	12.834	-0.253
38.020	9.375	-0.270
38.040	5.879	-0.274
38.060	2.114	-0.277
38.080	-1.587	-0.278
38.100	-5.282	-0.269
38.120	-8.903	-0.256
38.140	-12.394	-0.248
38.160	-15.676	-0.231
38.180	-18.742	-0.210
38.200	-21.552	-0.183
38.220	-24.049	-0.157
38.240	-26.176	-0.131
38.260	-27.991	-0.099
38.280	-29.329	-0.068
38.300	-30.263	-0.031
38.320	-30.741	0.002
38.340	-30.822	0.032
38.360	-30.468	0.068
38.380	-29.673	0.105
38.400	-28.405	0.134
38.420	-26.735	0.165
38.440	-24.677	0.192
38.460	-22.298	0.217
38.480	-19.559	0.242
38.500	-16.530	0.260
38.520	-13.312	0.277
38.540	-9.859	0.289
38.560	-6.281	0.299
38.580	-2.592	0.300
38.600	1.131	0.299
38.620	4.815	0.291
38.640	8.430	0.283
38.660	11.937	0.269
38.680	15.267	0.253
38.700	18.377	0.232
38.720	21.229	0.213
38.740	23.775	0.183
38.760	25.950	0.158
38.780	27.766	0.119
38.800	29.168	0.095
38.820	30.167	0.055
38.840	30.725	0.030
38.860	30.844	-0.016
38.880	30.516	-0.045
38.900	29.748	-0.086
38.920	28.572	-0.114
38.940	26.955	-0.152
38.960	25.000	-0.177
38.980	22.631	-0.211
39.000	19.951	-0.223
39.020	16.981	-0.249
39.040	13.763	-0.260
39.060	10.353	-0.279
39.080	6.808	-0.282
39.100	3.156	-0.289
39.120	-0.448	-0.285
39.140	-4.230	-0.282
39.160	-7.866	-0.273
39.180	-11.406	-0.264
39.200	-14.736	-0.245
39.220	-17.905	-0.226
39.240	-20.794	-0.202
39.260	-23.367	-0.177
39.280	-25.612	-0.147
39.300	-27.497	-0.120
39.320	-28.974	-0.086
39.340	-30.022	-0.053
39.360	-30.650	-0.021
39.380	-30.827	0.013
39.400	-30.586	0.051
39.420	-29.904	0.078
39.440	-28.792	0.115
39.460	-27.223	0.141
39.480	-25.274	0.174
39.500	-23.039	0.200
39.520	-20.327	0.230
39.540	-17.400	0.246
39.560	-14.236	0.269
39.580	-10.836	0.276
39.600	-7.286	0.287
39.620	-3.617	0.289
39.640	-0.008	0.294
39.660	3.779	0.285
39.680	7.436	0.279
39.700	10.965	0.270
39.720	14.365	0.253
39.740	17.529	0.233
39.760	20.467	0.212
39.780	23.098	0.185
39.800	25.370	0.158
39.820	27.282	0.125
39.840	28.819	0.096
39.860	29.925	0.058
39.880	30.607	0.026
39.900	30.844	-0.008
39.920	30.650	-0.042
39.940	30.016	-0.078
39.960	28.942	-0.110
39.980	27.465	-0.148
40.000	25.591	-0.174
40.020	23.340	-0.203
40.040	20.730	-0.221
40.060	17.835	-0.248
40.080	14.687	-0.260
40.100	11.416	-0.275
40.120	7.807	-0.282
40.140	4.192	-0.287
40.160	0.497	-0.290
40.180	-3.209	-0.285
40.200	-6.872	-0.273
40.220	-10.439	-0.265
40.240	-13.839	-0.248
40.260	-17.040	-0.231
40.280	-20.031	-0.202
40.300	-22.701	-0.185
40.320	-24.973	-0.153
40.340	-27.030	-0.125
40.360	-28.647	-0.092
40.380	-29.807	-0.060
40.400	-30.543	-0.024
40.420	-30.827	0.006
40.440	-30.709	0.042
40.460	-30.156	0.075
40.480	-29.152	0.111
40.500	-27.718	0.141
40.520	-25.907	0.171
40.540	-23.700	0.196
40.560	-21.143	0.227
40.580	-18.286	0.250
40.600	-15.155	0.268
40.620	-11.835	0.279
40.640	-8.317	0.287
40.660	-4.676	0.294
40.680	-0.969	0.303
40.700	2.742	0.295
40.720	6.394	0.282
40.740	9.971	0.279
40.760	13.420	0.267
40.780	16.653	0.252
40.800	19.645	0.225
40.820	22.400	0.200
40.840	24.763	0.171
40.860	26.799	0.143
40.880	28.427	0.110
40.900	29.667	0.080
40.920	30.451	0.042
40.940	30.827	0.013
40.960	30.758	-0.026
40.980	30.242	-0.057
41.000	29.286	-0.090
41.020	27.906	-0.126
41.040	26.144	-0.155
41.060	24.065	-0.184
41.080	21.492	-0.207
41.100	18.673	-0.231
41.120	15.595	-0.246
41.140	12.265	-0.259
41.160	8.811	-0.271
41.180	5.191	-0.273
41.200	1.523	-0.279
41.220	-2.183	-0.275
41.240	-5.879	-0.268
41.260	-9.467	-0.255
41.280	-12.936	-0.242
41.300	-16.191	-0.227
41.320	-19.231	-0.202
41.340	-21.997	-0.177
41.360	-24.425	-0.149
41.380	-26.547	-0.122
41.400	-28.239	-0.092
41.420	-29.538	-0.057
41.440	-30.392	-0.024
41.460	-30.790	0.005
41.480	-30.806	0.043
41.500	-30.371	0.073
41.520	-29.501	0.109
41.540	-28.169	0.140
41.560	-26.466	0.174
41.580	-24.350	0.197
41.600	-21.901	0.229
41.620	-19.108	0.251
41.640	-16.035	0.271
41.660	-12.764	0.285
41.680	-9.300	0.299
41.700	-5.696	0.299
41.720	-2.017	0.307
41.740	1.716	0.304
41.760	5.385	0.299
41.780	8.972	0.287
41.800	12.480	0.273
41.820	15.778	0.256
41.840	18.850	0.238
41.860	21.670	0.213
41.880	24.135	0.183
41.900	26.262	0.159
41.920	27.965	0.123
41.940	29.361	0.093
41.960	30.285	0.052
41.980	30.763	0.028
42.000	30.811	-0.016
42.020	30.451	-0.042
42.040	29.592	-0.081
42.060	28.346	-0.113
42.080	26.681	-0.145
42.100	24.651	-0.173
42.120	22.223	-0.204
42.140	19.494	-0.226
42.160	16.481	-0.241
42.180	13.237	-0.259
42.200	9.805	-0.268
42.220	6.222	-0.275
42.240	2.559	-0.280
42.260	-1.125	-0.280
42.280	-4.826	-0.273
42.300	-8.457	-0.262
42.320	-11.953	-0.250
42.340	-15.187	-0.236
42.360	-18.388	-0.215
42.380	-21.235	-0.190
42.400	-23.764	-0.163
42.420	-25.950	-0.136
42.440	-27.771	-0.106
42.460	-29.178	-0.072
42.480	-30.167	-0.041
42.500	-30.709	-0.009
42.520	-30.827	0.026
42.540	-30.521	0.060
42.560	-29.753	0.091
42.580	-28.577	0.126
42.600	-26.960	0.157
42.620	-24.930	0.188
42.640	-22.604	0.210
42.660	-19.886	0.237
42.680	-16.911	0.257
42.700	-13.710	0.274
42.720	-10.278	0.283
42.740	-6.706	0.291
42.760	-3.021	0.298
42.780	0.679	0.295
42.800	4.380	0.291
42.820	7.995	0.281
42.840	11.534	0.267
42.860	14.865	0.251
42.880	18.012	0.235
42.900	20.826	0.211
42.920	23.480	0.183
42.940	25.709	0.154
42.960	27.562	0.121
42.980	29.017	0.093
43.000	30.065	0.056
43.020	30.682	0.022
43.040	30.844	-0.014
43.060	30.591	-0.049
43.080	29.871	-0.081
43.100	28.738	-0.114
43.120	27.218	-0.151
43.140	25.263	-0.177
43.160	22.927	-0.209
43.180	20.295	-0.226
43.200	17.357	-0.249
43.220	14.166	-0.263
43.240	10.777	-0.283
43.260	7.248	-0.285
43.280	3.601	-0.296
43.300	-0.099	-0.288
43.320	-3.784	-0.289
43.340	-7.447	-0.275
43.360	-10.981	-0.266
43.380	-14.349	-0.246
43.400	-17.443	-0.231
43.420	-20.450	-0.205
43.440	-23.077	-0.181
43.460	-25.365	-0.150
43.480	-27.299	-0.127
43.500	-28.829	-0.090
43.520	-29.930	-0.059
43.540	-30.586	-0.026
43.560	-30.822	0.010
43.580	-30.634	0.044
43.600	-30.016	0.079
43.620	-28.926	0.109
43.640	-27.433	0.141
43.660	-25.531	0.170
43.680	-23.297	0.200
43.700	-20.687	0.225
43.720	-17.781	0.250
43.740	-14.628	0.266
43.760	-11.266	0.276
43.780	-7.732	0.288
43.800	-4.063	0.294
43.820	-0.363	0.295
43.840	3.338	0.290
43.860	6.990	0.281
43.880	10.535	0.273
43.900	13.962	0.256
43.920	17.153	0.239
43.940	20.112	0.215
43.960	22.798	0.194
43.980	25.113	0.163
44.000	27.084	0.131
44.020	28.647	0.105
44.040	29.807	0.067
44.060	30.553	0.034
44.080	30.844	-0.002
44.100	30.693	-0.036
44.120	30.145	-0.072
44.140	29.098	-0.103
44.160	27.653	-0.139
44.180	25.897	-0.165
44.200	23.619	-0.198
44.220	21.057	-0.218
44.240	18.205	-0.241
44.260	15.085	-0.259
44.280	11.744	-0.269
44.300	8.328	-0.277
44.320	4.627	-0.283
44.340	0.948	-0.286
44.360	-2.763	-0.281
44.380	-6.427	-0.274
44.400	-9.934	-0.260
44.420	-13.447	-0.250
44.440	-16.594	-0.226
44.460	-19.688	-0.207
44.480	-22.384	-0.179
44.500	-24.774	-0.153
44.520	-26.810	-0.124
44.540	-28.416	-0.093
44.560	-29.683	-0.065
44.580	-30.478	-0.025
44.600	-30.806	0.005
44.620	-30.758	0.038
44.640	-30.258	0.072
44.660	-29.291	0.109
44.680	-27.959	0.140
44.700	-26.117	0.171
44.720	-24.017	0.199
44.740	-21.460	0.229
44.760	-18.710	0.249
44.780	-15.547	0.270
44.800	-12.249	0.279
44.820	-8.736	0.294
44.840	-5.105	0.301
44.860	-1.410	0.304
44.880	2.307	0.299
44.900	5.975	0.290
44.920	9.552	0.284
44.940	13.028	0.268
44.960	16.272	0.258
44.980	19.306	0.233
45.000	22.024	0.208
45.020	24.500	0.180
45.040	26.520	0.152
45.060	28.249	0.117
45.080	29.533	0.088
45.100	30.371	0.050
45.120	30.811	0.020
45.140	30.784	-0.016
45.160	30.317	-0.048
45.180	29.415	-0.086
45.200	28.094	-0.121
45.220	26.380	-0.149
45.240	24.350	-0.174
45.260	21.809	-0.202
45.280	19.038	-0.222
45.300	16.068	-0.245
45.320	12.695	-0.256
45.340	9.236	-0.267
45.360	5.750	-0.271
45.380	1.985	-0.277
45.400	-1.727	-0.273
45.420	-5.411	-0.268
45.440	-9.026	-0.255
45.460	-12.415	-0.244
45.480	-15.767	-0.229
45.500	-18.855	-0.206
45.520	-21.589	-0.181
45.540	-24.124	-0.154
45.560	-26.203	-0.127
45.580	-28.040	-0.093
45.600	-29.350	-0.060
45.620	-30.296	-0.031
45.640	-30.741	0.003
45.660	-30.827	0.040
45.680	-30.408	0.068
45.700	-29.597	0.108
45.720	-28.341	0.134
45.740	-26.643	0.168
45.760	-24.586	0.196
45.780	-22.196	0.225
45.800	-19.441	0.247
45.820	-16.417	0.271
45.840	-13.178	0.279
45.860	-9.800	0.294
45.880	-6.099	0.303
45.900	-2.441	0.304
45.920	1.276	0.302
45.940	4.960	0.298
45.960	8.548	0.287
45.980	12.072	0.277
46.000	15.402	0.260
46.020	18.415	0.241
46.040	21.347	0.217
46.060	23.802	0.187
46.080	26.031	0.159
46.100	27.820	0.124
46.120	29.221	0.097
46.140	30.172	0.059
46.160	30.736	0.028
46.180	30.833	-0.011
46.200	30.510	-0.040
46.220	29.737	-0.079
46.240	28.518	-0.109
46.260	26.890	-0.145
46.280	24.978	-0.174
46.300	22.545	-0.202
46.320	19.838	-0.219
46.340	16.954	-0.243
46.360	13.635	-0.260
46.380	10.229	-0.269
46.400	6.770	-0.276
46.420	3.021	-0.288
46.440	-0.674	-0.283
46.460	-4.273	-0.281
46.480	-8.006	-0.264
46.500	-11.432	-0.253
46.520	-14.870	-0.241
46.540	-18.012	-0.216
46.560	-20.821	-0.198
46.580	-23.442	-0.166
46.600	-25.634	-0.144
46.620	-27.540	-0.111
46.640	-28.996	-0.082
46.660	-30.038	-0.049
46.680	-30.656	-0.016
46.700	-30.844	0.019
46.720	-30.553	0.054
46.740	-29.866	0.086
46.760	-28.722	0.117
46.780	-27.186	0.148
46.800	-25.198	0.180
46.820	-22.948	0.205
46.840	-20.230	0.232
46.860	-17.276	0.254
46.880	-14.182	0.270
46.900	-10.702	0.280
46.920	-7.232	0.291
46.940	-3.467	0.296
46.960	0.132	0.294
46.980	3.929	0.287
47.000	7.571	0.283
47.020	11.094	0.267
47.040	14.483	0.254
47.060	17.577	0.234
47.080	20.563	0.212
47.100	23.195	0.186
47.120	25.397	0.159
47.140	27.347	0.127
47.160	28.867	0.095
47.180	29.957	0.060
47.200	30.629	0.025
47.220	30.849	-0.013
47.240	30.629	-0.045
47.260	29.957	-0.082
47.280	28.894	-0.111
47.300	27.411	-0.147
47.320	25.515	-0.175
47.340	23.233	-0.204
47.360	20.633	-0.226
47.380	17.727	-0.250
47.400	14.580	-0.260
47.420	11.298	-0.278
47.440	7.683	-0.285
47.460	4.052	-0.293
47.480	0.459	-0.289
47.500	-3.333	-0.289
47.520	-6.985	-0.276
47.540	-10.568	-0.266
47.560	-13.871	-0.249
47.580	-17.147	-0.231
47.600	-20.048	-0.208
47.620	-22.776	-0.182
47.640	-25.080	-0.152
47.660	-27.046	-0.126
47.680	-28.652	-0.092
47.700	-29.791	-0.060
47.720	-30.537	-0.028
47.740	-30.811	0.006
47.760	-30.672	0.042
47.780	-30.118	0.075
47.800	-29.082	0.107
47.820	-27.632	0.140
47.840	-25.789	0.170
47.860	-23.582	0.197
47.880	-21.084	0.228
47.900	-18.141	0.249
47.920	-15.015	0.267
47.940	-11.765	0.279
47.960	-8.145	0.290
47.980	-4.611	0.293
48.000	-0.814	0.297
48.020	2.801	0.293
48.040	6.555	0.288
48.060	10.031	0.275
48.080	13.473	0.262
48.100	16.777	0.245
48.120	19.698	0.225
48.140	22.486	0.196
48.160	24.855	0.172
48.180	26.874	0.142
48.200	28.443	0.106
48.220	29.710	0.076
48.240	30.484	0.041
48.260	30.827	0.006
48.280	30.736	-0.026
48.300	30.220	-0.063
48.320	29.238	-0.094
48.340	27.895	-0.128
48.360	26.079	-0.161
48.380	23.920	-0.190
48.400	21.385	-0.210
48.420	18.565	-0.237
48.440	15.488	-0.256
48.460	12.147	-0.269
48.480	8.677	-0.275
48.500	5.159	-0.282
48.520	1.388	-0.281
48.540	-2.312	-0.281
48.560	-5.889	-0.268
48.580	-9.595	-0.261
48.600	-13.044	-0.247
48.620	-16.207	-0.230
48.640	-19.323	-0.207
48.660	-22.008	-0.183
48.680	-24.447	-0.151
48.700	-26.579	-0.127
48.720	-28.287	-0.091
48.740	-29.528	-0.062
48.760	-30.408	-0.025
48.780	-30.763	0.004
48.800	-30.779	0.043
48.820	-30.323	0.072
48.840	-29.463	0.109
48.860	-28.131	0.138
48.880	-26.348	0.170
48.900	-24.253	0.198
48.920	-21.782	0.221
48.940	-18.984	0.246
48.960	-15.917	0.273
48.980	-12.738	0.285
49.000	-9.246	0.299
49.020	-5.546	0.303
49.040	-1.958	0.308
49.060	1.845	0.304
49.080	5.519	0.299
49.100	9.117	0.291
49.120	12.512	0.278
49.140	15.906	0.258
49.160	18.941	0.237
49.180	21.686	0.215
49.200	24.232	0.188
49.220	26.337	0.155
49.240	28.061	0.129
49.260	29.372	0.097
49.280	30.306	0.062
49.300	30.768	0.027
49.320	30.811	-0.008
49.340	30.419	-0.040
49.360	29.581	-0.078
49.380	28.298	-0.113
49.400	26.643	-0.144
49.420	24.570	-0.170
49.440	22.148	-0.202
49.460	19.392	-0.219
49.480	16.379	-0.244
49.500	13.108	-0.250
49.520	9.671	-0.269
49.540	6.196	-0.270
49.560	2.430	-0.277
49.580	-1.260	-0.273
49.600	-4.864	-0.271
49.620	-8.586	-0.255
49.640	-12.072	-0.247
49.660	-15.300	-0.231
49.680	-18.495	-0.209
49.700	-21.310	-0.187
49.720	-23.770	-0.159
49.740	-26.010	-0.133
49.760	-27.777	-0.099
49.780	-29.238	-0.071
49.800	-30.199	-0.032
49.820	-30.698	-0.005
49.840	-30.811	0.032
49.860	-30.500	0.063
49.880	-29.721	0.105
49.900	-28.545	0.129
49.920	-26.874	0.166
49.940	-24.903	0.190
49.960	-22.486	0.221
49.980	-19.784	0.242
50.000	-16.873	0.266
50.020	-13.565	0.276
50.040	-10.133	0.291
50.060	-6.566	0.297
50.080	-2.984	0.301
50.100	0.728	0.299
50.120	4.514	0.294
50.140	8.140	0.285
50.160	11.669	0.271
50.180	14.993	0.258
50.200	18.135	0.239
50.220	20.939	0.217
50.240	23.582	0.184
50.260	25.784	0.161
50.280	27.637	0.127
50.300	29.066	0.097
50.320	30.075	0.057
50.340	30.682	0.028
50.360	30.849	-0.009
50.380	30.570	-0.040
50.400	29.855	-0.077
50.420	28.722	-0.108
50.440	27.116	-0.146
50.460	25.177	-0.172
50.480	22.851	-0.200
50.500	20.187	-0.226
50.520	17.244	-0.248
50.540	14.043	-0.260
50.560	10.745	-0.274
50.580	7.114	-0.280
50.600	3.564	-0.286
50.620	-0.223	-0.289
50.640	-3.832	-0.281
50.660	-7.571	-0.275
50.680	-11.094	-0.260
50.700	-14.456	-0.246
50.720	-17.550	-0.225
50.740	-20.558	-0.202
50.760	-23.163	-0.177
50.780	-25.381	-0.147
50.800	-27.342	-0.121
50.820	-28.829	-0.087
50.840	-29.952	-0.057
50.860	-30.580	-0.022
50.880	-30.801	0.013
50.900	-30.591	0.049
50.920	-29.963	0.080
50.940	-28.878	0.113
50.960	-27.352	0.140
50.980	-25.446	0.171
51.000	-23.243	0.198
51.020	-20.574	0.229
51.040	-17.738	0.248
51.060	-14.499	0.265
51.080	-11.121	0.279
51.100	-7.576	0.287
51.120	-3.929	0.290
51.140	-0.320	0.296
51.160	3.478	0.289
51.180	7.044	0.279
51.200	10.686	0.270
51.220	14.091	0.257
51.240	17.276	0.237
51.260	20.225	0.216
51.280	22.846	0.188
51.300	25.198	0.161
51.320	27.100	0.132
51.340	28.695	0.097
51.360	29.861	0.067
51.380	30.564	0.031
51.400	30.854	-0.003
51.420	30.693	-0.038
51.440	30.086	-0.072
51.460	29.050	-0.104
51.480	27.599	-0.141
51.500	25.762	-0.170
51.520	23.550	-0.194
51.540	20.966	-0.221
51.560	18.173	-0.244
51.580	14.977	-0.260
51.600	11.696	-0.272
51.620	8.118	-0.281
51.640	4.509	-0.285
51.660	0.910	-0.285
51.680	-2.887	-0.285
51.700	-6.555	-0.273
51.720	-10.138	-0.264
51.740	-13.549	-0.248
51.760	-16.685	-0.232
51.780	-19.758	-0.207
51.800	-22.395	-0.184
51.820	-24.828	-0.151
51.840	-26.858	-0.127
51.860	-28.491	-0.092
51.880	-29.683	-0.060
51.900	-30.478	-0.026
51.920	-30.790	0.002
51.940	-30.720	0.041
51.960	-30.194	0.070
51.980	-29.238	0.107
52.000	-27.884	0.138
52.020	-26.036	0.165
52.040	-23.926	0.196
52.060	-21.342	0.225
52.080	-18.576	0.246
52.100	-15.412	0.266
52.120	-12.088	0.279
52.140	-8.580	0.287
52.160	-4.971	0.293
52.180	-1.367	0.300
52.200	2.441	0.295
52.220	6.115	0.284
52.240	9.687	0.279
52.260	13.140	0.267
52.280	16.315	0.251
52.300	19.408	0.225
52.320	22.099	0.204
52.340	24.586	0.173
52.360	26.649	0.146
52.380	28.265	0.113
52.400	29.587	0.084
52.420	30.403	0.044
52.440	30.806	0.018
52.460	30.774	-0.024
52.480	30.317	-0.054
52.500	29.377	-0.087
52.520	28.088	-0.122
52.540	26.316	-0.153
52.560	24.259	-0.178
52.580	21.702	-0.206
52.600	19.000	-0.225
52.620	15.874	-0.244
52.640	12.652	-0.256
52.660	9.107	-0.273
52.680	5.519	-0.273
52.700	1.942	-0.281
52.720	-1.866	-0.277
52.740	-5.540	-0.270
52.760	-9.074	-0.258
52.780	-12.630	-0.240
52.800	-15.799	-0.229
52.820	-18.952	-0.203
52.840	-21.675	-0.182
52.860	-24.221	-0.150
52.880	-26.337	-0.129
52.900	-28.077	-0.092
52.920	-29.383	-0.060
52.940	-30.306	-0.026
52.960	-30.741	0.001
52.980	-30.811	0.041
53.000	-30.398	0.070
53.020	-29.597	0.107
53.040	-28.276	0.138
53.060	-26.649	0.170
53.080	-24.511	0.196
53.100	-22.105	0.227
53.120	-19.408	0.250
53.140	-16.282	0.266
53.160	-13.140	0.284
53.180	-9.595	0.296
53.200	-5.981	0.305
53.220	-2.296	0.306
53.240	1.410	0.301
53.260	4.992	0.296
53.280	8.688	0.292
53.300	12.115	0.275
53.320	15.520	0.262
53.340	18.533	0.244
53.360	21.433	0.217
53.380	23.947	0.188
53.400	26.052	0.163
53.420	27.879	0.129
53.440	29.264	0.098
53.460	30.220	0.060
53.480	30.741	0.028
53.500	30.833	-0.010
53.520	30.505	-0.040
53.540	29.673	-0.074
53.560	28.496	-0.104
53.580	26.880	-0.140
53.600	24.839	-0.171
53.620	22.438	-0.201
53.640	19.736	-0.221
53.660	16.841	-0.239
53.680	13.527	-0.253
53.700	10.186	-0.271
53.720	6.625	-0.274
53.740	2.887	-0.281
53.760	-0.722	-0.276
53.780	-4.504	-0.272
53.800	-8.140	-0.264
53.820	-11.653	-0.252
53.840	-14.907	-0.235
53.860	-18.114	-0.215
53.880	-20.923	-0.191
53.900	-23.533	-0.165
53.920	-25.762	-0.136
53.940	-27.589	-0.107
53.960	-29.066	-0.073
53.980	-30.059	-0.040
54.000	-30.645	-0.011
54.020	-30.827	0.025
54.040	-30.537	0.059
54.060	-29.818	0.091
54.080	-28.674	0.122
54.100	-27.084	0.159
54.120	-25.161	0.183
54.140	-22.792	0.212
54.160	-20.193	0.236
54.180	-17.169	0.257
54.200	-14.059	0.273
54.220	-10.562	0.286
54.240	-7.007	0.295
54.260	-3.429	0.299
54.280	0.368	0.299
54.300	3.983	0.293
54.340	11.153	0.272
54.360	14.607	0.257
54.380	17.765	0.236
54.400	20.595	0.212
54.420	23.281	0.184
54.440	25.478	0.159
54.460	27.417	0.130
54.480	28.915	0.099
54.500	29.973	0.063
54.520	30.650	0.030
54.540	30.849	-0.009
54.560	30.623	-0.040
54.580	29.947	-0.077
54.600	28.845	-0.110
54.620	27.347	-0.143
54.640	25.440	-0.173
54.660	23.152	-0.200
54.680	20.590	-0.224
54.700	17.615	-0.245
54.720	14.451	-0.261
54.740	11.094	-0.274
54.760	7.640	-0.281
54.780	3.918	-0.291
54.800	0.223	-0.289
54.820	-3.386	-0.285
54.840	-7.135	-0.277
54.860	-10.686	-0.266
54.880	-14.064	-0.250
54.900	-17.196	-0.231
54.920	-20.214	-0.203
54.940	-22.851	-0.181
54.960	-25.118	-0.152
54.980	-27.137	-0.125
55.000	-28.674	-0.091
55.020	-29.855	-0.058
55.040	-30.543	-0.028
55.060	-30.817	0.005
55.080	-30.661	0.040
55.100	-30.086	0.075
55.120	-29.055	0.109
55.140	-27.615	0.138
55.160	-25.703	0.169
55.180	-23.555	0.196
55.200	-20.934	0.225
55.220	-18.050	0.245
55.240	-14.902	0.266
55.260	-11.626	0.275
55.280	-8.027	0.287
55.300	-4.375	0.291
55.320	-0.674	0.295
55.340	3.037	0.287
55.360	6.593	0.280
55.380	10.245	0.274
55.400	13.586	0.262
55.420	16.889	0.240
55.440	19.795	0.217
55.460	22.599	0.195
55.480	24.935	0.165
55.500	26.885	0.137
55.520	28.534	0.105
55.540	29.737	0.071
55.560	30.505	0.034
55.580	30.827	0.005
55.600	30.736	-0.031
55.620	30.204	-0.066
55.640	29.195	-0.099
55.660	27.787	-0.134
55.680	25.993	-0.163
55.700	23.888	-0.190
55.720	21.304	-0.215
55.740	18.452	-0.236
55.760	15.359	-0.255
55.780	12.115	-0.270
55.800	8.537	-0.278
55.820	4.933	-0.286
55.840	1.243	-0.283
55.860	-2.382	-0.285
55.880	-6.126	-0.270
55.900	-9.644	-0.264
55.920	-13.162	-0.246
55.940	-16.352	-0.231
55.960	-19.462	-0.206
55.980	-22.191	-0.184
56.000	-24.602	-0.154
56.020	-26.670	-0.128
56.040	-28.314	-0.094
56.060	-29.619	-0.065
56.080	-30.478	-0.028
56.100	-30.801	0.002
56.120	-30.790	0.040
56.140	-30.349	0.072
56.160	-29.420	0.105
56.180	-28.120	0.138
56.200	-26.326	0.165
56.220	-24.183	0.193
56.240	-21.707	0.225
56.260	-18.898	0.249
56.280	-15.917	0.268
56.300	-12.566	0.282
56.320	-9.053	0.291
56.340	-5.535	0.296
56.360	-1.748	0.308
56.380	1.877	0.301
56.400	5.642	0.292
56.420	9.150	0.283
56.440	12.716	0.273
56.460	15.939	0.254
56.480	19.059	0.233
56.500	21.858	0.212
56.520	24.242	0.179
56.540	26.396	0.157
56.560	28.072	0.121
56.580	29.442	0.093
56.600	30.328	0.053
56.620	30.790	0.026
56.640	30.801	-0.011
56.660	30.398	-0.046
56.680	29.511	-0.081
56.700	28.228	-0.114
56.720	26.541	-0.147
56.740	24.532	-0.171
56.760	22.024	-0.200
56.780	19.280	-0.223
56.800	16.245	-0.236
56.820	13.060	-0.256
56.840	9.526	-0.268
56.860	5.948	-0.271
56.880	2.382	-0.277
56.900	-1.421	-0.271
56.920	-5.014	-0.268
56.940	-8.758	-0.257
56.960	-12.233	-0.244
56.980	-15.455	-0.227
57.000	-18.624	-0.203
57.020	-21.374	-0.183
57.040	-23.963	-0.153
57.060	-26.063	-0.131
57.080	-27.938	-0.094
57.100	-29.264	-0.067
57.120	-30.285	-0.027
57.140	-30.768	0.001
57.160	-30.854	0.034
57.180	-30.484	0.071
57.200	-29.726	0.104
57.220	-28.491	0.136
57.240	-26.885	0.167
57.260	-24.817	0.197
57.280	-22.465	0.225
57.300	-19.758	0.246
57.320	-16.701	0.268
57.340	-13.554	0.281
57.360	-10.041	0.299
57.380	-6.529	0.304
57.400	-2.763	0.311
57.420	0.862	0.306
57.440	4.627	0.299
57.460	8.242	0.291
57.480	11.776	0.279
57.500	15.047	0.260
57.520	18.232	0.241
57.540	21.025	0.219
57.560	23.668	0.187
57.580	25.848	0.169
57.600	27.648	0.128
57.620	29.114	0.102
57.640	30.135	0.063
57.660	30.704	0.030
57.680	30.844	-0.006
57.700	30.559	-0.040
57.720	29.796	-0.077
57.740	28.625	-0.103
57.760	27.035	-0.140
57.780	25.166	-0.166
57.800	22.749	-0.202
57.820	20.080	-0.216
57.840	17.217	-0.245
57.860	13.919	-0.256
57.880	10.514	-0.268
57.900	6.958	-0.274
57.920	3.419	-0.278
57.940	-0.266	-0.285
57.960	-4.074	-0.274
57.980	-7.716	-0.271
58.000	-11.148	-0.254
58.020	-14.601	-0.246
58.040	-17.684	-0.219
58.060	-20.671	-0.198
58.080	-23.195	-0.173
58.100	-25.521	-0.144
58.120	-27.422	-0.114
58.140	-28.894	-0.079
58.160	-29.952	-0.049
58.180	-30.629	-0.016
58.200	-30.838	0.017
58.220	-30.618	0.051
58.240	-29.963	0.084
58.260	-28.878	0.121
58.280	-27.331	0.148
58.300	-25.386	0.174
58.320	-23.109	0.201
58.340	-20.542	0.226
58.360	-17.550	0.246
58.380	-14.397	0.266
58.400	-11.008	0.281
58.420	-7.447	0.292
58.440	-3.886	0.295
58.460	-0.094	0.298
58.480	3.526	0.293
58.500	7.254	0.285
58.520	10.729	0.271
58.540	14.209	0.257
58.560	17.394	0.237
58.580	20.322	0.217
58.600	22.991	0.189
58.620	25.274	0.162
58.640	27.213	0.136
58.660	28.717	0.100
58.680	29.887	0.069
58.700	30.575	0.033
58.720	30.854	-0.000
58.740	30.688	-0.036
58.760	30.086	-0.073
58.780	29.007	-0.111
58.800	27.594	-0.142
58.820	25.693	-0.171
58.840	23.453	-0.199
58.860	20.875	-0.223
58.880	18.066	-0.244
58.900	14.859	-0.262
58.920	11.486	-0.270
58.940	8.070	-0.288
58.960	4.369	-0.284
58.980	0.771	-0.298
59.000	-3.037	-0.284
59.020	-6.690	-0.280
59.040	-10.181	-0.264
59.060	-13.586	-0.253
59.080	-16.895	-0.232
59.100	-19.870	-0.210
59.120	-22.497	-0.190
59.140	-24.898	-0.154
59.160	-26.933	-0.131
59.180	-28.555	-0.094
59.200	-29.705	-0.065
59.220	-30.505	-0.028
59.240	-30.790	0.001
59.260	-30.715	0.041
59.280	-30.194	0.067
59.300	-29.195	0.106
59.320	-27.814	0.132
59.340	-25.961	0.169
59.360	-23.840	0.193
59.380	-21.245	0.223
59.400	-18.383	0.244
59.420	-15.300	0.266
59.440	-12.050	0.277
59.460	-8.462	0.289
59.480	-4.826	0.292
59.500	-1.136	0.296
59.520	2.575	0.292
59.540	6.255	0.285
59.560	9.810	0.275
59.580	13.264	0.261
59.600	16.508	0.246
59.620	19.451	0.225
59.640	22.282	0.200
59.660	24.661	0.168
59.680	26.713	0.146
59.700	28.314	0.105
59.720	29.624	0.077
59.740	30.435	0.041
59.760	30.822	0.007
59.780	30.763	-0.027
59.800	30.301	-0.059
59.820	29.361	-0.095
59.840	27.981	-0.126
59.860	26.240	-0.163
59.880	24.114	-0.185
59.900	21.680	-0.211
59.920	18.893	-0.230
59.940	15.740	-0.254
59.960	12.442	-0.263
59.980	9.069	-0.278
60.000	5.374	-0.279
60.020	1.695	-0.285
60.040	-1.926	-0.280
60.060	-5.691	-0.273
60.080	-9.225	-0.264
60.100	-12.754	-0.252
60.120	-16.046	-0.235
60.140	-19.108	-0.208
60.160	-21.820	-0.190
60.180	-24.334	-0.157
60.200	-26.396	-0.132
60.220	-28.185	-0.099
60.240	-29.490	-0.066
60.260	-30.382	-0.033
60.280	-30.795	-0.000
60.300	-30.833	0.038
60.320	-30.414	0.071
60.340	-29.560	0.105
60.360	-28.260	0.134
60.380	-26.557	0.167
60.400	-24.479	0.194
60.420	-22.046	0.222
60.440	-19.344	0.250
60.460	-16.213	0.268
60.480	-13.049	0.283
60.500	-9.477	0.291
60.520	-5.879	0.302
60.540	-2.183	0.304
60.560	1.523	0.306
60.580	5.121	0.294
60.600	8.811	0.289
60.620	12.227	0.273
60.640	15.627	0.261
60.660	18.630	0.237
60.680	21.530	0.215
60.700	24.022	0.186
60.720	26.122	0.160
60.740	27.943	0.121
60.760	29.313	0.100
60.780	30.247	0.056
60.800	30.752	0.032
60.820	30.833	-0.011
60.840	30.478	-0.040
60.860	29.640	-0.078
60.880	28.410	-0.108
60.900	26.756	-0.142
60.920	24.806	-0.168
60.940	22.352	-0.202
60.960	19.629	-0.220
60.980	16.637	-0.239
61.000	13.473	-0.250
61.020	9.961	-0.268
61.040	6.475	-0.272
61.060	2.737	-0.276
61.080	-0.964	-0.275
61.100	-4.568	-0.270
61.120	-8.296	-0.260
61.140	-11.706	-0.244
61.160	-15.122	-0.234
61.180	-18.178	-0.210
61.200	-21.122	-0.187
61.220	-23.646	-0.160
61.240	-25.795	-0.132
61.260	-27.718	-0.103
61.280	-29.109	-0.069
61.300	-30.167	-0.036
61.320	-30.688	-0.001
61.340	-30.876	0.027
61.360	-30.548	0.067
61.380	-29.812	0.099
61.400	-28.679	0.132
61.420	-27.078	0.163
61.440	-25.075	0.188
61.460	-22.781	0.217
61.480	-20.037	0.246
61.500	-17.142	0.262
61.520	-13.882	0.279
61.540	-10.530	0.289
61.560	-6.878	0.298
61.580	-3.215	0.300
61.600	0.508	0.302
61.620	4.181	0.298
61.640	7.732	0.291
61.660	11.352	0.275
61.680	14.644	0.258
61.700	17.872	0.241
61.720	20.762	0.218
61.740	23.324	0.187
61.760	25.607	0.165
61.780	27.454	0.131
61.800	28.964	0.102
61.820	30.032	0.066
61.840	30.661	0.035
61.860	30.854	-0.003
61.880	30.618	-0.037
61.900	29.941	-0.072
61.920	28.792	-0.105
61.940	27.272	-0.141
61.960	25.360	-0.165
61.980	23.045	-0.195
62.000	20.488	-0.219
62.020	17.512	-0.241
62.040	14.327	-0.256
62.060	11.040	-0.268
62.080	7.415	-0.275
62.100	3.875	-0.284
62.120	0.067	-0.284
62.140	-3.526	-0.281
62.160	-7.275	-0.271
62.180	-10.820	-0.263
62.200	-14.102	-0.245
62.220	-17.367	-0.227
62.240	-20.252	-0.202
62.260	-22.969	-0.181
62.280	-25.204	-0.148
62.300	-27.197	-0.121
62.320	-28.770	-0.089
62.340	-29.861	-0.055
62.360	-30.586	-0.021
62.380	-30.822	0.009
62.400	-30.666	0.047
62.420	-30.043	0.079
62.440	-29.012	0.111
62.460	-27.519	0.144
62.480	-25.687	0.171
62.500	-23.410	0.196
62.520	-20.885	0.225
62.540	-17.910	0.246
62.560	-14.854	0.265
62.580	-11.427	0.283
62.600	-7.968	0.286
62.620	-4.230	0.293
62.640	-0.620	0.292
62.660	3.161	0.287
62.680	6.819	0.279
62.700	10.288	0.270
62.720	13.801	0.258
62.740	16.943	0.240
62.760	19.989	0.218
62.780	22.690	0.192
62.800	25.010	0.163
62.820	27.009	0.134
62.840	28.550	0.099
62.860	29.748	0.067
62.880	30.527	0.034
62.900	30.844	-0.000
62.920	30.720	-0.037
62.940	30.167	-0.066
62.960	29.152	-0.107
62.980	27.723	-0.138
63.000	25.934	-0.169
63.020	23.797	-0.194
63.040	21.186	-0.222
63.060	18.350	-0.239
63.080	15.246	-0.262
63.100	11.991	-0.272
63.120	8.414	-0.282
63.140	4.794	-0.285
63.160	1.222	-0.292
63.180	-2.586	-0.286
63.200	-6.244	-0.279
63.220	-9.848	-0.265
63.240	-13.269	-0.253
63.260	-16.422	-0.237
63.280	-19.457	-0.209
63.300	-22.244	-0.187
63.320	-24.592	-0.157
63.340	-26.702	-0.132
63.360	-28.341	-0.097
63.380	-29.624	-0.066
63.400	-30.435	-0.029
63.420	-30.795	-0.003
63.440	-30.774	0.038
63.460	-30.280	0.072
63.480	-29.377	0.102
63.500	-27.986	0.138
63.520	-26.257	0.167
63.540	-24.071	0.191
63.560	-21.659	0.221
63.580	-18.769	0.246
63.600	-15.681	0.265
63.620	-12.496	0.278
63.640	-8.897	0.284
63.660	-5.385	0.292
63.680	-1.582	0.298
63.700	2.028	0.293
63.720	5.798	0.287
63.740	9.295	0.279
63.760	12.866	0.270
63.780	16.052	0.253
63.800	19.167	0.225
63.820	21.960	0.204
63.840	24.334	0.175
63.860	26.466	0.150
63.880	28.174	0.112
63.900	29.485	0.082
63.920	30.349	0.045
63.940	30.801	0.016
63.960	30.795	-0.022
63.980	30.371	-0.056
64.000	29.474	-0.095
64.020	28.169	-0.124
64.040	26.520	-0.157
64.060	24.452	-0.179
64.080	21.933	-0.209
64.100	19.167	-0.227
64.120	16.218	-0.252
64.140	12.850	-0.262
64.160	9.391	-0.276
64.180	5.809	-0.279
64.200	2.135	-0.285
64.220	-1.469	-0.280
64.240	-5.256	-0.273
64.260	-8.784	-0.264
64.280	-12.362	-0.249
64.300	-15.659	-0.231
64.320	-18.753	-0.208
64.340	-21.546	-0.184
64.360	-24.049	-0.157
64.380	-26.155	-0.128
64.400	-27.986	-0.101
64.420	-29.356	-0.064
64.440	-30.280	-0.030
64.460	-30.774	-0.000
64.480	-30.822	0.039
64.500	-30.494	0.069
64.520	-29.694	0.105
64.540	-28.437	0.139
64.560	-26.810	0.168
64.580	-24.785	0.195
64.600	-22.346	0.224
64.620	-19.607	0.249
64.640	-16.675	0.266
64.660	-13.355	0.284
64.680	-9.993	0.293
64.700	-6.330	0.303
64.720	-2.720	0.305
64.740	1.072	0.306
64.760	4.778	0.299
64.780	8.382	0.291
64.800	11.814	0.275
64.820	15.235	0.264
64.840	18.270	0.238
64.860	21.213	0.221
64.880	23.748	0.192
64.900	25.881	0.166
64.920	27.755	0.129
64.940	29.162	0.102
64.960	30.151	0.063
64.980	30.709	0.038
65.000	30.844	-0.007
65.020	30.543	-0.034
65.040	29.785	-0.076
65.060	28.577	-0.105
65.080	27.019	-0.140
65.100	25.027	-0.164
65.120	22.663	-0.194
65.140	20.042	-0.219
65.160	17.029	-0.235
65.180	13.796	-0.254
65.200	10.390	-0.266
65.220	6.931	-0.274
65.240	3.188	-0.277
65.260	-0.508	-0.278
65.280	-4.214	-0.273
65.300	-7.748	-0.264
65.320	-11.395	-0.252
65.340	-14.741	-0.236
65.360	-17.802	-0.215
65.380	-20.767	-0.191
65.400	-23.351	-0.168
65.420	-25.617	-0.136
65.440	-27.492	-0.109
65.460	-28.985	-0.076
65.480	-30.059	-0.045
65.500	-30.656	-0.009
65.520	-30.876	0.023
65.540	-30.602	0.064
65.560	-29.941	0.090
65.580	-28.835	0.126
65.600	-27.261	0.154
65.620	-25.365	0.184
65.640	-23.023	0.215
65.660	-20.375	0.239
65.680	-17.437	0.258
65.700	-14.274	0.277
65.720	-10.949	0.287
65.740	-7.329	0.296
65.760	-3.752	0.299
65.780	-0.051	0.298
65.800	3.757	0.294
65.820	7.383	0.285
65.840	10.938	0.271
65.860	14.327	0.258
65.880	17.502	0.239
65.900	20.429	0.219
65.920	23.023	0.189
65.940	25.360	0.163
65.960	27.223	0.133
65.980	28.802	0.105
66.000	29.920	0.068
66.020	30.596	0.034
66.040	30.849	-0.003
66.060	30.672	-0.036
66.080	30.022	-0.069
66.100	28.953	-0.105
66.120	27.470	-0.139
66.140	25.666	-0.169
66.160	23.356	-0.198
66.180	20.757	-0.221
66.200	17.872	-0.242
66.220	14.800	-0.260
66.240	11.363	-0.275
66.260	7.850	-0.281
66.280	4.321	-0.286
66.300	0.540	-0.287
66.320	-3.080	-0.287
66.340	-6.835	-0.273
66.360	-10.310	-0.266
66.380	-13.801	-0.247
66.400	-17.002	-0.234
66.420	-19.908	-0.209
66.440	-22.653	-0.185
66.460	-24.925	-0.153
66.480	-26.998	-0.130
66.500	-28.555	-0.095
66.520	-29.780	-0.065
66.540	-30.494	-0.028
66.560	-30.806	0.002
66.580	-30.704	0.042
66.600	-30.140	0.075
66.620	-29.152	0.106
66.640	-27.755	0.138
66.660	-25.875	0.167
66.680	-23.738	0.196
66.700	-21.154	0.220
66.720	-18.345	0.246
66.740	-15.240	0.262
66.760	-11.851	0.274
66.780	-8.323	0.287
66.800	-4.681	0.293
66.820	-0.996	0.295
66.840	2.715	0.291
66.860	6.292	0.284
66.880	9.864	0.275
66.900	13.393	-0.042
66.920	16.562	0.243
66.940	19.629	0.219
66.960	22.309	0.193
66.980	24.747	0.165
67.000	26.788	0.138
67.020	28.373	0.104
67.040	29.662	0.074
67.060	30.435	0.036
67.080	30.833	0.005
67.100	30.758	-0.032
67.120	30.263	-0.063
67.140	29.323	-0.098
67.160	27.965	-0.132
67.180	26.214	-0.163
67.200	24.081	-0.190
67.220	21.519	-0.215
67.240	18.716	-0.235
67.260	15.638	-0.256
67.280	12.399	-0.269
67.300	8.849	-0.279
67.320	5.342	-0.285
67.340	1.560	-0.287
67.360	-2.049	-0.285
67.380	-5.809	-0.277
67.400	-9.322	-0.268
67.420	-12.872	-0.252
67.440	-16.132	-0.238
67.460	-19.113	-0.210
67.480	-21.949	-0.190
67.500	-24.323	-0.158
67.520	-26.439	-0.136
67.540	-28.201	-0.099
67.560	-29.474	-0.071
67.580	-30.376	-0.036
67.600	-30.779	-0.003
67.620	-30.801	0.034
67.640	-30.371	0.071
67.660	-29.522	0.104
67.680	-28.185	0.131
67.700	-26.520	0.163
67.720	-24.377	0.191
67.740	-21.987	0.221
67.760	-19.140	0.247
67.780	-16.164	0.269
67.800	-12.899	0.277
67.820	-9.338	0.288
67.840	-5.739	0.291
67.860	-2.054	0.300
67.880	1.657	0.291
67.900	5.347	0.294
67.920	8.854	0.279
67.940	12.442	0.272
67.960	15.665	0.254
67.980	18.812	0.236
68.000	21.562	0.208
68.020	24.114	0.183
68.040	26.187	0.151
68.060	27.991	0.121
68.080	29.350	0.090
68.100	30.280	0.056
68.120	30.758	0.022
68.140	30.822	-0.016
68.160	30.430	-0.043
68.180	29.597	-0.086
68.200	28.357	-0.111
68.220	26.686	-0.147
68.240	24.720	-0.169
68.260	22.250	-0.206
68.280	19.596	-0.215
68.300	16.594	-0.248
68.320	13.253	-0.252
68.340	9.832	-0.268
68.360	6.346	-0.269
68.380	2.602	-0.280
68.400	-1.018	-0.271
68.420	-4.794	-0.271
68.440	-8.349	-0.260
68.460	-11.927	-0.248
68.480	-15.181	-0.236
68.500	-18.388	-0.207
68.520	-21.165	-0.188
68.540	-23.775	-0.156
68.560	-25.950	-0.132
68.580	-27.739	-0.098
68.600	-29.211	-0.069
68.620	-30.188	-0.034
68.640	-30.704	-0.003
68.660	-30.849	0.032
68.680	-30.548	0.067
68.700	-29.796	0.101
68.720	-28.615	0.131
68.740	-26.976	0.165
68.760	-24.994	0.194
68.780	-22.658	0.223
68.800	-19.956	0.246
68.820	-16.965	0.264
68.840	-13.763	0.284
68.860	-10.331	0.294
68.880	-6.845	0.304
68.900	-3.086	0.304
68.920	0.540	0.305
68.940	4.337	0.304
68.960	7.947	0.292
68.980	11.486	0.279
69.000	14.843	0.263
69.020	17.985	0.244
69.040	20.869	0.225
69.060	23.464	0.192
69.080	25.687	0.167
69.100	27.535	0.134
69.120	29.012	0.105
69.140	30.065	0.068
69.160	30.666	0.037
69.180	30.860	-0.003
69.200	30.591	-0.034
69.220	29.877	-0.068
69.240	28.754	-0.102
69.260	27.207	-0.140
69.280	25.284	-0.165
69.300	22.964	-0.193
69.320	20.386	-0.218
69.340	17.400	-0.239
69.360	14.193	-0.252
69.380	10.906	-0.268
69.400	7.372	-0.273
69.420	3.634	-0.282
69.440	-0.056	-0.279
69.460	-3.757	-0.275
69.480	-7.307	-0.267
69.500	-10.965	-0.255
69.520	-14.241	-0.239
69.540	-17.421	-0.222
69.560	-20.440	-0.198
69.580	-23.066	-0.171
69.600	-25.344	-0.143
69.620	-27.304	-0.115
69.640	-28.819	-0.082
69.660	-29.909	-0.051
69.680	-30.580	-0.015
69.700	-30.827	0.018
69.720	-30.650	0.052
69.740	-30.038	0.085
69.760	-28.985	0.117
69.780	-27.465	0.153
69.800	-25.607	0.176
69.820	-23.329	0.206
69.840	-20.719	0.237
69.860	-17.802	0.253
69.880	-14.660	0.272
69.900	-11.384	0.284
69.920	-7.759	0.293
69.940	-4.192	0.296
69.960	-0.406	0.297
69.980	3.220	0.293
70.000	6.862	0.283
70.020	10.514	0.275
70.040	13.844	0.258
70.060	17.131	0.242
70.080	20.010	0.222
70.100	22.781	0.192
70.120	25.037	0.167
70.140	27.078	0.135
70.160	28.593	0.100
70.180	29.818	0.067
70.200	30.553	0.034
70.220	30.844	-0.000
70.240	30.704	-0.037
70.260	30.118	-0.067
70.280	29.103	-0.103
70.300	27.664	-0.140
70.320	25.859	-0.166
70.340	23.657	-0.194
70.360	21.154	-0.221
70.380	18.243	-0.242
70.400	15.122	-0.262
70.420	11.792	-0.271
70.440	8.371	-0.283
70.460	4.767	-0.289
70.480	1.088	-0.293
70.500	-2.618	-0.285
70.520	-6.373	-0.278
70.540	-9.875	-0.270
70.560	-13.404	-0.252
70.580	-16.540	-0.238
70.600	-19.629	-0.215
70.620	-22.330	-0.190
70.640	-24.726	-0.163
70.660	-26.778	-0.133
70.680	-28.394	-0.099
70.700	-29.646	-0.067
70.720	-30.435	-0.031
70.740	-30.779	-0.002
70.760	-30.747	0.039
70.780	-30.242	0.070
70.800	-29.323	0.104
70.820	-27.922	0.134
70.840	-26.149	0.163
70.860	-23.979	0.194
70.880	-21.476	0.223
70.900	-18.721	0.241
70.920	-15.557	0.263
70.940	-12.243	0.275
70.960	-8.752	0.284
70.980	-5.127	0.297
71.000	-1.539	0.293
71.020	2.259	0.290
71.040	5.948	0.282
71.060	9.515	0.274
71.080	12.899	0.261
71.100	16.256	0.243
71.120	19.274	0.222
71.140	21.992	0.196
71.160	24.479	0.167
71.180	26.547	0.146
71.200	28.190	0.108
71.220	29.528	0.077
71.240	30.376	0.044
71.260	30.806	0.009
71.280	30.801	-0.027
71.300	30.355	-0.055
71.320	29.458	-0.094
71.340	28.120	-0.125
71.360	26.450	-0.159
71.380	24.312	-0.185
71.400	21.836	-0.212
71.420	19.049	-0.233
71.440	16.111	-0.258
71.460	12.716	-0.267
71.480	9.279	-0.278
71.500	5.680	-0.285
71.520	2.103	-0.285
71.540	-1.598	-0.286
71.560	-5.368	-0.274
71.580	-8.924	-0.268
71.600	-12.480	-0.254
71.620	-15.676	-0.239
71.640	-18.839	-0.211
71.660	-21.643	-0.190
71.680	-24.071	-0.161
71.700	-26.251	-0.132
71.720	-28.008	-0.103
71.740	-29.383	-0.068
71.760	-30.285	-0.036
71.780	-30.752	-0.009
71.800	-30.844	0.034
71.820	-30.441	0.068
71.840	-29.656	0.103
71.860	-28.394	0.129
71.880	-26.702	0.166
71.900	-24.715	0.190
71.920	-22.234	0.223
71.940	-19.510	0.249
71.960	-16.465	0.268
71.980	-13.237	0.279
72.000	-9.853	0.288
72.020	-6.190	0.294
72.040	-2.500	0.305
72.060	1.109	0.299
72.080	4.906	0.295
72.100	8.414	0.285
72.120	12.018	0.275
72.140	15.278	0.259
72.160	18.452	0.237
72.180	21.294	0.215
72.200	23.775	0.188
72.220	25.999	0.159
72.240	27.803	0.126
72.260	29.205	0.099
72.280	30.183	0.059
72.300	30.725	0.029
72.320	30.838	-0.007
72.340	30.527	-0.040
72.360	29.748	-0.081
72.380	28.534	-0.110
72.400	26.949	-0.144
72.420	24.935	-0.173
72.440	22.545	-0.195
72.460	19.940	-0.219
72.480	16.889	-0.242
72.500	13.677	-0.250
72.520	10.251	-0.264
72.540	6.786	-0.272
72.560	3.037	-0.276
72.580	-0.647	-0.277
72.600	-4.257	-0.270
72.620	-8.000	-0.258
72.640	-11.411	-0.248
72.660	-14.843	-0.231
72.680	-17.937	-0.210
72.700	-20.891	-0.188
72.720	-23.399	-0.158
72.740	-25.687	-0.137
72.760	-27.513	-0.103
72.780	-29.001	-0.071
72.800	-30.081	-0.038
72.820	-30.656	-0.003
72.840	-30.854	0.029
72.860	-30.596	0.065
72.880	-29.887	0.095
72.900	-28.797	0.133
72.920	-27.202	0.161
72.940	-25.301	0.187
72.960	-22.921	0.220
72.980	-20.327	0.242
73.000	-17.405	0.263
73.020	-14.145	0.279
73.040	-10.852	0.293
73.060	-7.184	0.300
73.080	-3.526	0.306
73.100	0.180	0.301
73.120	3.891	0.298
73.140	7.426	0.291
73.160	11.056	0.280
73.180	14.440	0.265
73.200	17.615	0.244
73.220	20.531	0.221
73.240	23.104	0.195
73.260	25.429	0.167
73.280	27.288	0.137
73.300	28.856	0.109
73.320	29.936	0.073
73.340	30.623	0.037
73.360	30.849	0.004
73.380	30.656	-0.032
73.400	30.016	-0.066
73.420	28.942	-0.099
73.440	27.460	-0.133
73.460	25.591	-0.161
73.480	23.329	-0.190
73.500	20.660	-0.218
73.520	17.765	-0.235
73.540	14.607	-0.252
73.560	11.303	-0.269
73.580	7.716	-0.275
73.600	4.187	-0.281
73.620	0.395	-0.283
73.640	-3.215	-0.277
73.660	-6.964	-0.269
73.680	-10.433	-0.260
73.700	-13.839	-0.245
73.720	-17.126	-0.226
73.740	-20.069	-0.201
73.760	-22.669	-0.175
73.780	-25.091	-0.148
73.800	-27.019	-0.121
73.820	-28.663	-0.087
73.840	-29.775	-0.055
73.860	-30.543	-0.021
73.880	-30.822	0.011
73.900	-30.688	0.049
73.920	-30.118	0.079
73.940	-29.093	0.112
73.960	-27.658	0.146
73.980	-25.795	0.174
74.000	-23.614	0.200
74.020	-21.084	0.229
74.040	-18.162	0.249
74.060	-15.117	0.267
74.080	-11.792	0.280
74.100	-8.199	0.289
74.120	-4.649	0.293
74.140	-0.857	0.298
74.160	2.769	0.295
74.180	6.518	0.281
74.200	10.079	0.273
74.220	13.522	0.258
74.240	16.669	0.238
74.260	19.736	0.220
74.280	22.470	0.196
74.300	24.780	0.167
74.320	26.847	0.136
74.340	28.427	0.103
74.360	29.694	0.075
74.380	30.468	0.037
74.400	30.827	0.005
74.420	30.752	-0.032
74.440	30.242	-0.067
74.460	29.254	-0.099
74.480	27.906	-0.135
74.500	26.101	-0.165
74.520	23.947	-0.192
74.540	21.423	-0.221
74.560	18.603	-0.239
74.580	15.606	-0.264
74.600	12.190	-0.271
74.620	8.720	-0.281
74.640	5.207	-0.287
74.660	1.533	-0.290
74.680	-2.280	-0.291
74.700	-5.948	-0.282
74.720	-9.461	-0.270
74.740	-12.990	-0.256
74.760	-16.240	-0.242
74.780	-19.204	-0.215
74.800	-21.965	-0.190
74.820	-24.457	-0.162
74.840	-26.488	-0.136
74.860	-28.244	-0.103
74.880	-29.495	-0.073
74.900	-30.371	-0.036
74.920	-30.774	-0.003
74.940	-30.763	0.034
74.960	-30.328	0.065
74.980	-29.426	0.100
75.000	-28.104	0.133
75.020	-26.418	0.163
75.040	-24.318	0.193
75.060	-21.809	0.221
75.080	-19.075	0.241
75.100	-15.949	0.262
75.120	-12.668	0.277
75.140	-9.268	0.289
75.160	-5.583	0.291
75.180	-1.904	0.293
75.200	1.807	0.291
75.220	5.411	0.289
75.240	9.080	0.280
75.260	12.576	0.263
75.280	15.869	0.252
75.300	18.855	0.229
75.320	21.740	0.204
75.340	24.210	0.175
75.360	26.262	0.147
75.380	28.056	0.114
75.400	29.393	0.087
75.420	30.301	0.051
75.440	30.768	0.014
75.460	30.817	-0.020
75.480	30.425	-0.051
75.500	29.592	-0.086
75.520	28.308	-0.123
75.540	26.616	-0.157
75.560	24.586	-0.182
75.580	22.158	-0.206
75.600	19.478	-0.231
75.620	16.411	-0.248
75.640	13.221	-0.262
75.660	9.703	-0.276
75.680	6.126	-0.278
75.700	2.549	-0.282
75.720	-1.238	-0.281
75.740	-4.837	-0.278
75.760	-8.564	-0.266
75.780	-12.061	-0.256
75.800	-15.294	-0.236
75.820	-18.426	-0.215
75.840	-21.331	-0.190
75.860	-23.786	-0.166
75.880	-26.031	-0.136
75.900	-27.814	-0.104
75.920	-29.254	-0.069
75.940	-30.204	-0.036
75.960	-30.731	-0.011
75.980	-30.838	0.030
76.000	-30.532	0.065
76.020	-29.796	0.099
76.040	-28.572	0.131
76.060	-26.933	0.164
76.080	-24.914	0.190
76.100	-22.540	0.218
76.120	-19.935	0.247
76.140	-16.852	0.269
76.160	-13.645	0.281
76.180	-10.202	0.291
76.200	-6.615	0.300
76.220	-2.946	0.304
76.240	0.755	0.301
76.260	4.466	0.299
76.280	7.995	0.287
76.300	11.610	0.279
76.320	14.870	0.261
76.340	18.087	0.244
76.360	20.896	0.220
76.380	23.555	0.189
76.400	25.762	0.166
76.420	27.567	0.133
76.440	29.033	0.105
76.460	30.075	0.067
76.480	30.682	0.038
76.500	30.860	-0.002
76.520	30.580	-0.035
76.540	29.877	-0.069
76.560	28.695	-0.101
76.580	27.154	-0.136
76.600	25.204	-0.161
76.620	22.921	-0.188
76.640	20.279	-0.216
76.660	17.265	-0.233
76.680	14.161	-0.252
76.700	10.680	-0.266
76.720	7.135	-0.270
76.740	3.591	-0.277
76.760	-0.218	-0.276
76.780	-3.811	-0.273
76.800	-7.560	-0.264
76.820	-11.115	-0.251
76.840	-14.365	-0.233
76.860	-17.545	-0.216
76.880	-20.552	-0.192
76.900	-23.157	-0.167
76.920	-25.419	-0.138
76.940	-27.309	-0.111
76.960	-28.905	-0.075
76.980	-29.941	-0.045
77.000	-30.613	-0.007
77.020	-30.870	0.022
77.040	-30.650	0.059
77.060	-30.022	0.090
77.080	-28.958	0.126
77.100	-27.417	0.157
77.120	-25.553	0.183
77.140	-23.233	0.214
77.160	-20.628	0.240
77.180	-17.706	0.265
77.200	-14.542	0.276
77.220	-11.250	0.291
77.240	-7.624	0.295
77.260	-3.972	0.308
77.280	-0.271	0.305
77.300	3.435	0.302
77.320	6.990	0.291
77.340	10.637	0.280
77.360	14.048	0.264
77.380	17.244	-0.102
77.400	20.123	0.224
77.420	22.867	0.199
77.440	25.172	0.170
77.460	27.084	0.142
77.480	28.684	0.104
77.500	29.839	0.073
77.520	30.564	0.038
77.540	30.844	0.005
77.560	30.693	-0.032
77.580	30.086	-0.062
77.600	29.093	-0.097
77.620	27.605	-0.134
77.640	25.832	-0.161
77.660	23.555	-0.190
77.680	20.998	-0.220
77.700	18.119	-0.234
77.720	15.090	-0.254
77.740	11.642	-0.267
77.760	8.156	-0.277
77.780	4.638	-0.280
77.800	0.851	-0.286
77.820	-2.860	-0.282
77.840	-6.529	-0.275
77.860	-10.111	-0.261
77.880	-13.527	-0.250
77.900	-16.734	-0.227
77.920	-19.747	-0.210
77.940	-22.443	-0.182
77.960	-24.753	-0.152
77.980	-26.826	-0.128
78.000	-28.427	-0.093
78.020	-29.683	-0.063
78.040	-30.473	-0.026
78.060	-30.817	0.004
78.080	-30.731	0.037
78.100	-30.194	0.071
78.120	-29.238	0.108
78.140	-27.895	0.140
78.160	-26.052	0.167
78.180	-23.942	0.196
78.200	-21.374	0.225
78.220	-18.533	0.243
78.240	-15.428	0.263
78.260	-12.136	0.274
78.280	-8.709	0.285
78.300	-4.998	0.288
78.320	-1.394	0.294
78.340	2.409	0.291
78.360	6.083	0.287
78.380	9.655	0.271
78.400	13.119	0.258
78.420	16.379	0.239
78.440	19.387	0.219
78.460	22.153	0.198
78.480	24.506	0.168
78.500	26.616	0.139
78.520	28.298	0.105
78.540	29.571	0.075
78.560	30.408	0.038
78.580	30.817	0.005
78.600	30.774	-0.028
78.620	30.306	-0.065
78.640	29.388	-0.099
78.660	28.072	-0.134
78.680	26.332	-0.162
78.700	24.226	-0.190
78.720	21.740	-0.213
78.740	19.043	-0.239
78.760	15.906	-0.256
78.780	12.700	-0.271
78.800	9.144	-0.283
78.820	5.556	-0.289
78.840	1.888	-0.292
78.860	-1.823	-0.292
78.880	-5.503	-0.282
78.900	-9.117	-0.271
78.920	-12.566	-0.260
78.940	-15.853	-0.243
78.960	-18.855	-0.220
78.980	-21.723	-0.192
79.000	-24.178	-0.167
79.020	-26.305	-0.139
79.040	-28.067	-0.108
79.060	-29.388	-0.077
79.080	-30.306	-0.040
79.100	-30.747	-0.011
79.120	-30.801	0.027
79.140	-30.408	0.059
79.160	-29.581	0.096
79.180	-28.276	0.128
79.200	-26.600	0.159
79.220	-24.549	0.181
79.240	-22.137	0.214
79.260	-19.376	0.233
79.280	-16.336	0.254
79.300	-13.178	0.275
79.320	-9.633	0.287
79.340	-6.034	0.292
79.360	-2.355	0.297
79.380	1.372	0.292
79.400	5.030	0.294
79.420	8.639	0.284
79.440	12.157	0.272
79.460	15.466	0.254
79.480	18.560	0.233
79.500	21.417	0.212
79.520	23.866	0.184
79.540	26.074	0.154
79.560	27.868	0.125
79.580	29.221	0.091
79.600	30.199	0.055
79.620	30.736	0.019
79.640	30.827	-0.013
79.660	30.484	-0.051
79.680	29.678	-0.078
79.700	28.475	-0.121
79.720	26.831	-0.144
79.740	24.908	-0.184
79.760	22.475	-0.202
79.780	19.763	-0.228
79.800	16.857	-0.246
79.820	13.532	-0.258
79.840	10.116	-0.277
79.860	6.555	-0.278
79.880	3.000	-0.283
79.900	-0.792	-0.281
79.920	-4.488	-0.277
79.940	-8.129	-0.264
79.960	-11.658	-0.254
79.980	-15.004	-0.235
80.000	-18.119	-0.217
80.020	-21.004	-0.191
80.040	-23.555	-0.166
80.060	-25.795	-0.136
80.080	-27.648	-0.103
80.100	-29.114	-0.076
80.120	-30.135	-0.040
80.140	-30.682	-0.011
80.160	-30.844	0.028
80.180	-30.580	0.059
80.200	-29.920	0.099
80.220	-28.733	0.125
80.240	-27.148	0.162
80.260	-25.177	0.186
80.280	-22.873	0.217
80.300	-20.268	0.242
80.320	-17.212	0.268
80.340	-14.134	0.280
80.360	-10.621	0.293
80.380	-7.066	0.295
80.400	-3.392	0.304
80.420	0.293	0.304
80.440	4.015	0.303
80.460	7.640	0.289
80.480	11.175	0.280
80.500	14.569	0.263
80.520	17.717	0.247
80.540	20.638	0.225
80.560	23.254	0.200
80.580	25.505	0.170
80.600	27.401	0.138
80.620	28.899	0.107
80.640	29.984	0.071
80.660	30.634	0.038
80.680	30.849	0.001
80.700	30.623	-0.032
80.720	29.952	-0.065
80.740	28.851	-0.103
80.760	27.347	-0.134
80.780	25.451	-0.161
