0.000	-23.563	-0.090
0.020	-25.776	-0.057
0.040	-27.645	-0.028
0.060	-29.090	0.004
0.080	-30.121	0.043
0.100	-30.701	0.074
0.120	-30.841	0.108
0.140	-30.599	0.139
0.160	-29.928	0.168
0.180	-28.778	0.194
0.200	-27.215	0.220
0.220	-25.282	0.244
0.240	-22.972	0.265
0.260	-20.340	0.275
0.280	-17.386	0.286
0.300	-14.217	0.290
0.320	-10.839	0.294
0.340	-7.289	0.292
0.360	-3.631	0.289
0.380	0.070	0.270
0.400	3.765	0.263
0.420	7.396	0.239
0.440	10.919	0.223
0.460	14.303	0.196
0.480	17.461	0.167
0.500	20.399	0.140
0.520	23.037	0.111
0.540	25.309	0.078
0.560	27.242	0.042
0.580	28.768	0.006
0.600	29.885	-0.030
0.620	30.583	-0.065
0.640	30.846	-0.096
0.660	30.664	-0.127
0.680	30.073	-0.158
0.700	28.993	-0.183
0.720	27.527	-0.219
0.740	25.690	-0.230
0.760	23.461	-0.258
0.780	20.877	-0.266
0.800	18.020	-0.280
0.820	14.910	-0.282
0.840	11.542	-0.289
0.860	8.051	-0.282
0.880	4.533	-0.285
0.900	0.779	-0.269
0.920	-2.922	-0.258
0.940	-6.580	-0.234
0.960	-10.125	-0.216
0.980	-13.546	-0.194
1.000	-16.758	-0.166
1.020	-19.750	-0.138
1.040	-22.462	-0.105
1.060	-24.809	-0.074
1.080	-26.839	-0.042
1.100	-28.483	-0.008
1.120	-29.702	0.024
1.140	-30.497	0.057
1.160	-30.809	0.086
1.180	-30.776	0.124
1.200	-30.266	0.150
1.220	-29.315	0.179
1.240	-27.919	0.202
1.260	-26.152	0.226
1.280	-24.003	0.248
1.300	-21.506	0.266
1.320	-18.697	0.277
1.340	-15.619	0.284
1.360	-12.327	0.282
1.380	-8.846	0.287
1.400	-5.242	0.277
1.420	-1.558	0.273
1.440	2.154	0.256
1.460	5.812	0.244
1.480	9.303	0.221
1.500	12.848	0.201
1.520	16.113	0.174
1.540	19.132	0.146
1.560	21.925	0.113
1.580	24.353	0.083
1.600	26.447	0.051
1.620	28.150	0.013
1.640	29.444	-0.018
1.660	30.331	-0.055
1.680	30.787	-0.088
1.700	30.792	-0.125
1.720	30.374	-0.154
1.740	29.509	-0.182
1.760	28.236	-0.214
1.780	26.549	-0.232
1.800	24.498	-0.258
1.820	22.070	-0.270
1.840	19.320	-0.283
1.860	16.312	-0.289
1.880	13.057	-0.296
1.900	9.620	-0.295
1.920	6.064	-0.295
1.940	2.406	-0.284
1.960	-1.273	-0.274
1.980	-4.963	-0.254
2.000	-8.578	-0.237
2.020	-12.058	-0.213
2.040	-15.351	-0.188
2.060	-18.466	-0.161
2.080	-21.270	-0.132
2.100	-23.799	-0.099
2.120	-25.985	-0.065
2.140	-27.790	-0.035
2.160	-29.203	-0.001
2.180	-30.186	0.037
2.200	-30.712	0.062
2.220	-30.825	0.100
2.240	-30.535	0.127
2.260	-29.777	0.159
2.280	-28.590	0.182
2.300	-26.974	0.211
2.320	-24.986	0.233
2.340	-22.650	0.254
2.360	-19.970	0.263
2.380	-17.010	0.278
2.400	-13.798	0.278
2.420	-10.393	0.281
2.440	-6.837	0.275
2.460	-3.174	0.271
2.480	0.526	0.256
2.500	4.206	0.244
2.520	7.815	0.223
2.540	11.349	0.205
2.560	14.695	0.178
2.580	17.843	0.153
2.600	20.738	0.118
2.620	23.332	0.091
2.640	25.566	0.057
2.660	27.446	0.024
2.680	28.923	-0.012
2.700	29.998	-0.050
2.720	30.637	-0.082
2.740	30.846	-0.116
2.760	30.615	-0.146
2.780	29.949	-0.178
2.800	28.848	-0.203
2.820	27.339	-0.230
2.840	25.454	-0.241
2.860	23.160	-0.270
2.880	20.555	-0.279
2.900	17.671	-0.294
2.920	14.529	-0.292
2.940	11.150	-0.296
2.960	7.643	-0.294
2.980	4.023	-0.290
3.000	0.333	-0.278
3.020	-3.362	-0.259
3.040	-6.999	-0.243
3.060	-10.565	-0.217
3.080	-13.927	-0.196
3.100	-17.139	-0.169
3.120	-20.115	-0.141
3.140	-22.747	-0.106
3.160	-25.072	-0.073
3.180	-27.060	-0.041
3.200	-28.671	-0.009
3.220	-29.826	0.026
3.240	-30.572	0.060
3.260	-30.841	0.094
3.280	-30.733	0.124
3.300	-30.180	0.151
3.320	-29.203	0.179
3.340	-27.774	0.208
3.360	-25.942	0.235
3.380	-23.756	0.254
3.400	-21.227	0.269
3.420	-18.364	0.276
3.440	-15.259	0.283
3.460	-11.961	0.283
3.480	-8.449	0.285
3.500	-4.818	0.279
3.520	-1.128	0.270
3.540	2.567	0.256
3.560	6.225	0.244
3.580	9.786	0.221
3.600	13.240	0.198
3.620	16.479	0.170
3.640	19.476	0.144
3.660	22.215	0.109
3.680	24.616	0.079
3.700	26.662	0.045
3.720	28.311	0.012
3.740	29.584	-0.025
3.760	30.411	-0.056
3.780	30.803	-0.094
3.800	30.766	-0.121
3.820	30.309	-0.154
3.840	29.375	-0.182
3.860	28.048	-0.211
3.880	26.329	-0.229
3.900	24.283	-0.247
3.920	21.748	-0.266
3.940	18.971	-0.274
3.960	15.925	-0.287
3.980	12.638	-0.280
4.000	9.195	-0.292
4.020	5.613	-0.279
4.040	1.950	-0.278
4.060	-1.746	-0.254
4.080	-5.414	-0.244
4.100	-9.018	-0.217
4.120	-12.477	-0.199
4.140	-15.770	-0.169
4.160	-18.831	-0.141
4.180	-21.629	-0.113
4.200	-24.111	-0.075
4.220	-26.243	-0.050
4.240	-28.000	-0.013
4.260	-29.375	0.016
4.280	-30.298	0.057
4.300	-30.776	0.082
4.320	-30.862	0.122
4.340	-30.470	0.145
4.360	-29.681	0.178
4.380	-28.440	0.201
4.400	-26.786	0.227
4.420	-24.766	0.248
4.440	-22.365	0.269
4.460	-19.631	0.279
4.480	-16.656	0.291
4.500	-13.428	0.290
4.520	-9.996	0.291
4.540	-6.413	0.284
4.560	-2.755	0.279
4.580	0.951	0.267
4.600	4.625	0.252
4.620	8.245	0.229
4.640	11.741	0.211
4.660	15.077	0.187
4.680	18.111	0.158
4.700	21.055	0.125
4.720	23.617	0.093
4.740	25.808	0.064
4.760	27.586	0.025
4.780	29.068	-0.009
4.800	30.094	-0.042
4.820	30.680	-0.076
4.840	30.841	-0.107
4.860	30.556	-0.145
4.880	29.826	-0.167
4.900	28.692	-0.203
4.920	27.135	-0.220
4.940	25.201	-0.240
4.960	22.935	-0.261
4.980	20.228	-0.270
5.000	17.311	-0.286
5.020	14.121	-0.285
5.040	10.737	-0.293
5.060	7.208	-0.284
5.080	3.588	-0.286
5.100	-0.091	-0.272
5.120	-3.781	-0.254
5.140	-7.315	-0.233
5.160	-10.968	-0.213
5.180	-14.298	-0.188
5.200	-17.499	-0.163
5.220	-20.421	-0.128
5.240	-23.021	-0.101
5.260	-25.319	-0.066
5.280	-27.253	-0.037
5.300	-28.811	0.000
5.320	-29.912	0.033
5.340	-30.578	0.061
5.360	-30.841	0.097
5.380	-30.674	0.128
5.400	-30.073	0.155
5.420	-29.031	0.182
5.440	-27.532	0.207
5.460	-25.674	0.235
5.480	-23.461	0.252
5.500	-20.856	0.263
5.520	-17.977	0.278
5.540	-14.851	0.279
5.560	-11.510	0.281
5.580	-8.008	0.280
5.600	-4.356	0.272
5.620	-0.671	0.258
5.640	3.013	0.250
5.660	6.590	0.229
5.680	10.227	0.211
5.700	13.637	0.182
5.720	16.849	0.162
5.740	19.819	0.128
5.760	22.537	0.101
5.780	24.868	0.066
5.800	26.866	0.035
5.820	28.483	-0.001
5.840	29.702	-0.037
5.860	30.481	-0.067
5.880	30.835	-0.104
5.900	30.733	-0.139
5.920	30.196	-0.166
5.940	29.246	-0.193
5.960	27.849	-0.224
5.980	26.104	-0.237
6.000	23.955	-0.265
6.020	21.431	-0.274
6.040	18.632	-0.295
6.060	15.571	-0.294
6.080	12.251	-0.300
6.100	8.792	-0.294
6.120	5.291	-0.298
6.140	1.542	-0.287
6.160	-2.148	-0.273
6.180	-5.817	-0.253
6.200	-9.405	-0.232
6.220	-12.864	-0.205
6.240	-16.113	-0.183
6.260	-19.159	-0.152
6.280	-21.909	-0.122
6.300	-24.358	-0.088
6.320	-26.442	-0.060
6.340	-28.161	-0.022
6.360	-29.455	0.008
6.380	-30.352	0.045
6.400	-30.760	0.074
6.420	-30.798	0.111
6.440	-30.390	0.136
6.460	-29.530	0.169
6.480	-28.236	0.192
6.500	-26.555	0.220
6.520	-24.471	0.233
6.540	-22.043	0.262
6.560	-19.293	0.267
6.580	-16.248	0.281
6.600	-13.009	0.279
6.620	-9.566	0.283
6.640	-5.989	0.273
6.660	-2.315	0.271
6.680	1.396	0.258
6.700	5.070	0.244
6.720	8.669	0.221
6.740	12.063	0.198
6.760	15.463	0.169
6.780	18.546	0.147
6.800	21.382	0.113
6.820	23.821	0.084
6.840	26.044	0.048
6.860	27.828	0.016
6.880	29.213	-0.020
6.900	30.169	-0.052
6.920	30.723	-0.092
6.940	30.825	-0.116
6.960	30.508	-0.154
6.980	29.718	-0.177
7.000	28.531	-0.212
7.020	26.920	-0.227
7.040	24.949	-0.254
7.060	22.591	-0.265
7.080	19.970	-0.283
7.100	16.951	-0.288
7.120	13.723	-0.297
7.140	10.323	-0.295
7.160	6.784	-0.289
7.180	3.137	-0.287
7.200	-0.457	-0.270
7.220	-4.232	-0.255
7.240	-7.869	-0.228
7.260	-11.365	-0.211
7.280	-14.728	-0.187
7.300	-17.891	-0.158
7.320	-20.775	-0.125
7.340	-23.348	-0.090
7.360	-25.599	-0.059
7.380	-27.505	-0.030
7.400	-28.993	0.002
7.420	-30.051	0.041
7.440	-30.680	0.073
7.460	-30.830	0.104
7.480	-30.674	0.136
7.500	-30.014	0.165
7.520	-28.918	0.190
7.540	-27.371	0.222
7.560	-25.464	0.238
7.580	-23.192	0.261
7.600	-20.571	0.273
7.620	-17.649	0.281
7.640	-14.497	0.289
7.660	-11.129	0.289
7.680	-7.595	0.283
7.700	-3.953	0.278
7.720	-0.258	0.266
7.740	3.437	0.256
7.760	6.982	0.234
7.780	10.624	0.219
7.800	14.019	0.189
7.820	17.209	0.167
7.840	20.147	0.136
7.860	22.768	0.107
7.880	25.126	0.074
7.900	27.076	0.042
7.920	28.644	0.004
7.940	29.810	-0.030
7.960	30.540	-0.066
7.980	30.835	-0.095
8.000	30.696	-0.129
8.020	30.116	-0.158
8.040	29.101	-0.189
8.060	27.656	-0.212
8.080	25.873	-0.233
8.100	23.724	-0.252
8.120	21.108	-0.266
8.140	18.278	-0.278
8.160	15.168	-0.284
8.180	11.843	-0.288
8.200	8.363	-0.281
8.220	4.770	-0.279
8.240	1.085	-0.267
8.260	-2.621	-0.256
8.280	-6.263	-0.233
8.300	-9.851	-0.215
8.320	-13.267	-0.188
8.340	-16.511	-0.163
8.360	-19.513	-0.132
8.380	-22.242	-0.104
8.400	-24.632	-0.071
8.420	-26.673	-0.039
8.440	-28.354	-0.001
8.460	-29.605	0.028
8.480	-30.454	0.063
8.500	-30.819	0.091
8.520	-30.819	0.127
8.540	-30.347	0.153
8.560	-29.439	0.183
8.580	-28.096	0.204
8.600	-26.340	0.229
8.620	-24.218	0.248
8.640	-21.737	0.270
8.660	-18.955	0.278
8.680	-15.904	0.288
8.700	-12.622	0.286
8.720	-9.158	0.289
8.740	-5.543	0.281
8.760	-1.880	0.272
8.780	1.821	0.261
8.800	5.495	0.242
8.820	9.077	0.223
8.840	12.563	0.202
8.860	15.845	0.176
8.880	18.815	0.148
8.900	21.678	0.119
8.920	24.105	0.082
8.940	26.265	0.051
8.960	28.010	0.016
8.980	29.348	-0.017
9.000	30.277	-0.050
9.020	30.755	-0.081
9.040	30.809	-0.122
9.060	30.427	-0.149
9.080	29.589	-0.183
9.100	28.354	-0.205
9.120	26.694	-0.227
9.140	24.745	-0.249
9.160	22.274	-0.269
9.180	19.631	-0.279
9.200	16.591	-0.290
9.220	13.336	-0.289
9.240	9.920	-0.291
9.260	6.375	-0.287
9.280	2.723	-0.278
9.300	-0.972	-0.269
9.320	-4.651	-0.248
9.340	-8.271	-0.232
9.360	-11.752	-0.208
9.380	-15.082	-0.186
9.400	-18.203	-0.156
9.420	-21.055	-0.125
9.440	-23.601	-0.096
9.460	-25.819	-0.061
9.480	-27.650	-0.034
9.500	-29.101	0.006
9.520	-30.116	0.035
9.540	-30.680	0.067
9.560	-30.841	0.103
9.580	-30.551	0.130
9.600	-29.874	0.157
9.620	-28.703	0.183
9.640	-27.140	0.210
9.660	-25.207	0.235
9.680	-22.849	0.255
9.700	-20.211	0.265
9.720	-17.257	0.273
9.740	-14.099	0.277
9.760	-10.699	0.278
9.780	-7.144	0.271
9.800	-3.502	0.268
9.820	0.193	0.256
9.840	3.899	0.240
9.860	7.514	0.221
9.880	11.043	0.203
9.900	14.421	0.176
9.920	17.574	0.152
9.940	20.496	0.121
9.960	23.128	0.090
9.980	25.389	0.056
10.000	27.301	0.022
10.020	28.805	-0.009
10.040	29.922	-0.049
10.060	30.599	-0.080
10.080	30.846	-0.113
10.100	30.647	-0.146
10.120	30.019	-0.177
10.140	28.966	-0.202
10.160	27.468	-0.227
10.180	25.679	-0.245
10.200	23.391	-0.266
10.220	20.802	-0.284
10.240	17.923	-0.289
10.260	14.797	-0.297
10.280	11.467	-0.296
10.300	7.955	-0.297
10.320	4.334	-0.289
10.340	0.666	-0.278
10.360	-3.029	-0.266
10.380	-6.682	-0.242
10.400	-10.248	-0.222
10.420	-13.562	-0.197
10.440	-16.854	-0.171
10.460	-19.760	-0.138
10.480	-22.516	-0.110
10.500	-24.884	-0.073
10.520	-26.882	-0.046
10.540	-28.521	-0.009
10.560	-29.713	0.020
10.580	-30.508	0.058
10.600	-30.825	0.087
10.620	-30.739	0.121
10.640	-30.234	0.147
10.660	-29.278	0.180
10.680	-27.892	0.203
10.700	-26.093	0.232
10.720	-23.934	0.247
10.740	-21.436	0.265
10.760	-18.600	0.273
10.780	-15.522	0.281
10.800	-12.246	0.277
10.820	-8.744	0.281
10.840	-5.129	0.274
10.860	-1.450	0.267
10.880	2.261	0.254
10.900	5.914	0.238
10.920	9.485	0.215
10.940	12.944	0.191
10.960	16.210	0.165
10.980	19.229	0.140
11.000	22.011	0.104
11.020	24.417	0.073
11.040	26.496	0.043
11.060	28.187	0.007
11.080	29.460	-0.022
11.100	30.352	-0.064
11.120	30.798	-0.093
11.140	30.787	-0.128
11.160	30.363	-0.154
11.180	29.471	-0.187
11.200	28.187	-0.209
11.220	26.479	-0.230
11.240	24.487	-0.252
11.260	21.962	-0.270
11.280	19.218	-0.278
11.300	16.280	-0.286
11.320	12.934	-0.287
11.340	9.496	-0.286
11.360	5.930	-0.285
11.380	2.277	-0.271
11.400	-1.418	-0.262
11.420	-5.017	-0.242
11.440	-8.723	-0.222
11.460	-12.182	-0.196
11.480	-15.496	-0.172
11.500	-18.579	-0.140
11.520	-21.431	-0.114
11.540	-23.917	-0.076
11.560	-26.087	-0.046
11.580	-27.887	-0.015
11.600	-29.272	0.019
11.620	-30.255	0.055
11.640	-30.744	0.085
11.660	-30.846	0.117
11.680	-30.535	0.150
11.700	-29.788	0.177
11.720	-28.596	0.206
11.740	-26.936	0.230
11.760	-24.959	0.248
11.780	-22.612	0.268
11.800	-19.895	0.278
11.820	-16.940	0.290
11.840	-13.718	0.293
11.860	-10.302	0.295
11.880	-6.735	0.287
11.900	-3.078	0.277
11.920	0.612	0.266
11.940	4.308	0.253
11.960	7.922	0.230
11.980	11.457	0.212
12.000	14.797	0.184
12.020	17.918	0.160
12.040	20.813	0.128
12.060	23.407	0.098
12.080	25.631	0.066
12.100	27.457	0.028
12.120	28.961	-0.005
12.140	30.014	-0.039
12.160	30.653	-0.068
12.180	30.852	-0.590
12.200	30.604	-0.135
12.220	29.917	-0.167
12.240	28.800	-0.193
12.260	27.274	-0.219
12.280	25.384	-0.237
12.300	23.090	-0.255
12.320	20.544	-0.269
12.340	17.569	-0.284
12.360	14.405	-0.278
12.380	11.027	-0.285
12.400	7.525	-0.280
12.420	3.883	-0.276
12.440	0.215	-0.262
12.460	-3.470	-0.249
12.480	-7.111	-0.225
12.500	-10.586	-0.210
12.520	-14.045	-0.183
12.540	-17.236	-0.155
12.560	-20.179	-0.125
12.580	-22.806	-0.098
12.600	-25.153	-0.059
12.620	-27.097	-0.033
12.640	-28.698	0.005
12.660	-29.836	0.035
12.680	-30.567	0.066
12.700	-30.868	0.099
12.720	-30.696	0.132
12.740	-30.137	0.159
12.760	-29.133	0.186
12.780	-27.672	0.211
12.800	-25.856	0.239
12.820	-23.644	0.255
12.840	-21.108	0.265
12.860	-18.246	0.281
12.880	-15.130	0.282
12.900	-11.822	0.285
12.920	-8.309	0.283
12.940	-4.678	0.274
12.960	-0.999	0.264
12.980	2.702	0.252
13.000	6.359	0.232
13.020	9.910	0.214
13.040	13.342	0.189
13.060	16.586	0.163
13.080	19.583	0.135
13.100	22.328	0.104
13.120	24.686	0.070
13.140	26.721	0.038
13.160	28.354	-0.001
13.180	29.611	-0.033
13.200	30.427	-0.065
13.220	30.809	-0.098
13.240	30.755	-0.133
13.260	30.266	-0.162
13.280	29.348	-0.189
13.300	28.032	-0.218
13.320	26.265	-0.237
13.340	24.154	-0.256
13.360	21.667	-0.273
13.380	18.885	-0.287
13.400	15.845	-0.291
13.420	12.552	-0.294
13.440	9.099	-0.294
13.460	5.521	-0.287
13.480	1.848	-0.281
13.500	-1.842	-0.264
13.520	-5.414	-0.250
13.540	-9.120	-0.224
13.560	-12.466	-0.208
13.580	-15.823	-0.179
13.600	-18.815	-0.148
13.620	-21.678	-0.118
13.640	-24.165	-0.086
13.660	-26.270	-0.055
13.680	-28.032	-0.021
13.700	-29.375	0.009
13.720	-30.266	0.047
13.740	-30.744	0.075
13.760	-30.809	0.111
13.780	-30.438	0.136
13.800	-29.616	0.166
13.820	-28.359	0.189
13.840	-26.694	0.221
13.860	-24.664	0.239
13.880	-22.279	0.255
13.900	-19.540	0.265
13.920	-16.521	0.273
13.940	-13.320	0.276
13.960	-9.867	0.277
13.980	-6.279	0.273
14.000	-2.621	0.267
14.020	1.074	0.250
14.040	4.764	0.238
14.060	8.352	0.212
14.080	11.865	0.195
14.100	15.189	0.168
14.120	18.289	0.140
14.140	21.146	0.115
14.160	23.633	0.077
14.180	25.878	0.050
14.200	27.693	0.012
14.220	29.084	-0.018
14.240	30.121	-0.058
14.260	30.701	-0.087
14.280	30.830	-0.122
14.300	30.545	-0.151
14.320	29.799	-0.179
14.340	28.671	-0.206
14.360	27.076	-0.234
14.380	25.142	-0.251
14.400	22.795	-0.271
14.420	20.217	-0.281
14.440	17.214	-0.291
14.460	14.099	-0.289
14.480	10.624	-0.295
14.500	7.106	-0.287
14.520	3.459	-0.282
14.540	-0.209	-0.265
14.560	-3.899	-0.254
14.580	-7.546	-0.232
14.600	-11.091	-0.212
14.620	-14.432	-0.187
14.640	-17.515	-0.159
14.660	-20.518	-0.126
14.680	-23.128	-0.097
14.700	-25.400	-0.064
14.720	-27.328	-0.032
14.740	-28.875	-0.001
14.760	-29.955	0.035
14.780	-30.637	0.070
14.800	-30.841	0.099
14.820	-30.680	0.132
14.840	-30.089	0.159
14.860	-29.009	0.186
14.880	-27.527	0.213
14.900	-25.615	0.237
14.920	-23.391	0.258
14.940	-20.808	0.267
14.960	-17.913	0.277
14.980	-14.781	0.279
15.000	-11.430	0.281
15.020	-7.917	0.278
15.040	-4.265	0.276
15.060	-0.575	0.265
15.080	3.126	0.253
15.100	6.773	0.236
15.120	10.307	0.215
15.140	13.745	0.191
15.160	16.871	0.165
15.180	19.916	0.132
15.200	22.602	0.101
15.220	24.938	0.070
15.240	26.882	0.038
15.260	28.526	0.005
15.280	29.740	-0.026
15.300	30.502	-0.062
15.320	30.830	-0.092
15.340	30.723	-0.128
15.360	30.191	-0.628
15.380	29.240	-0.185
15.400	27.817	-0.212
15.420	26.039	-0.229
15.440	23.875	-0.254
15.460	21.350	-0.266
15.480	18.525	-0.276
15.500	15.528	-0.282
15.520	12.128	-0.283
15.540	8.680	-0.278
15.560	5.054	-0.275
15.580	1.402	-0.265
15.600	-2.299	-0.248
15.620	-5.871	-0.229
15.640	-9.561	-0.212
15.660	-12.971	-0.187
15.680	-16.237	-0.158
15.700	-19.277	-0.133
15.720	-22.016	-0.101
15.740	-24.433	-0.067
15.760	-26.522	-0.034
15.780	-28.247	-0.005
15.800	-29.520	0.030
15.820	-30.400	0.066
15.840	-30.776	0.090
15.860	-30.835	0.134
15.880	-30.384	0.156
15.900	-29.541	0.186
15.920	-28.220	0.209
15.940	-26.512	0.237
15.960	-24.406	0.257
15.980	-21.989	0.270
16.000	-19.223	0.282
16.020	-16.199	0.286
16.040	-12.944	0.290
16.060	-9.555	0.290
16.080	-5.871	0.283
16.100	-2.191	0.275
16.120	1.509	0.260
16.140	5.178	0.245
16.160	8.766	0.226
16.180	12.268	0.204
16.200	15.560	0.177
16.220	18.632	0.148
16.240	21.468	0.120
16.260	23.966	0.083
16.280	26.050	0.056
16.300	27.876	0.019
16.320	29.256	-0.015
16.340	30.218	-0.047
16.360	30.728	-0.080
16.380	30.819	-0.116
16.400	30.476	-0.140
16.420	29.686	-0.176
16.440	28.478	-0.200
16.460	26.866	-0.224
16.480	24.874	-0.242
16.500	22.500	-0.262
16.520	19.814	-0.274
16.540	16.844	-0.286
16.560	13.626	-0.286
16.580	10.312	-0.291
16.600	6.676	-0.284
16.620	3.045	-0.276
16.640	-0.655	-0.261
16.660	-4.329	-0.245
16.680	-7.976	-0.225
16.700	-11.478	-0.204
16.720	-14.819	-0.179
16.740	-17.864	-0.148
16.760	-20.840	-0.121
16.780	-23.332	-0.088
16.800	-25.631	-0.057
16.820	-27.500	-0.025
16.840	-29.004	0.010
16.860	-30.046	0.041
16.880	-30.647	0.075
16.900	-30.873	0.107
16.920	-30.604	0.140
16.940	-29.955	0.165
16.960	-28.832	0.188
16.980	-27.296	0.216
17.000	-25.368	0.240
17.020	-23.063	0.256
17.040	-20.453	0.265
17.060	-17.537	0.273
17.080	-14.384	0.282
17.100	-11.005	0.280
17.120	-7.450	0.276
17.140	-3.813	0.268
17.160	-0.107	0.254
17.180	3.566	0.244
17.200	7.219	0.220
17.220	10.748	0.201
17.240	14.137	0.176
17.260	17.236	0.152
17.280	20.249	0.121
17.300	22.908	0.090
17.320	25.207	0.056
17.340	27.146	0.024
17.360	28.687	-0.012
17.380	29.847	-0.044
17.400	30.556	-0.079
17.420	30.841	-0.108
17.440	30.680	-0.143
17.460	30.078	-0.172
17.480	29.063	-0.200
17.500	27.613	-0.227
17.520	25.797	-0.245
17.540	23.595	-0.268
17.560	21.098	-0.277
17.580	18.197	-0.293
17.600	15.071	-0.290
17.620	11.736	-0.298
17.640	8.245	-0.287
17.660	4.651	-0.295
17.680	0.994	-0.271
17.700	-2.702	-0.267
17.720	-6.365	-0.242
17.740	-9.851	-0.224
17.760	-13.353	-0.194
17.780	-16.505	-0.175
17.800	-19.583	-0.138
17.820	-22.295	-0.112
17.840	-24.686	-0.076
17.860	-26.673	-0.049
17.880	-28.386	-0.014
17.900	-29.622	0.018
17.920	-30.449	0.055
17.940	-30.792	0.084
17.960	-30.766	0.120
17.980	-30.288	0.146
18.000	-29.364	0.178
18.020	-28.000	0.199
18.040	-26.308	0.225
18.060	-24.127	0.247
18.080	-21.715	0.263
18.100	-18.853	0.269
18.120	-15.780	0.277
18.140	-12.509	0.279
18.160	-9.040	0.275
18.180	-5.430	0.273
18.200	-1.842	0.260
18.220	1.944	0.247
18.240	5.607	0.234
18.260	9.190	0.214
18.280	12.584	0.187
18.300	15.941	0.163
18.320	18.987	0.136
18.340	21.780	0.104
18.360	24.224	0.069
18.380	26.329	0.044
18.400	28.064	-0.001
18.420	29.391	-0.025
18.440	30.293	-0.067
18.460	30.771	-0.092
18.480	30.798	-0.126
18.500	30.411	-0.156
18.520	29.557	-0.187
18.540	28.306	-0.214
18.560	26.625	-0.232
18.580	24.675	-0.257
18.600	22.204	-0.272
18.620	19.476	-0.283
18.640	16.473	-0.287
18.660	13.218	-0.295
18.680	9.883	-0.289
18.700	6.236	-0.287
18.720	2.594	-0.274
18.740	-1.090	-0.264
18.760	-4.780	-0.242
18.780	-8.406	-0.223
18.800	-11.892	-0.203
18.820	-15.200	-0.178
18.840	-18.240	-0.147
18.860	-21.173	-0.117
18.880	-23.708	-0.084
18.900	-25.905	-0.050
18.920	-27.747	-0.022
18.940	-29.160	0.012
18.960	-30.186	0.049
18.980	-30.717	0.078
19.000	-30.846	0.111
19.020	-30.599	0.143
19.040	-29.869	0.169
19.060	-28.714	0.200
19.080	-27.108	0.221
19.100	-25.147	0.248
19.120	-22.822	0.262
19.140	-20.147	0.276
19.160	-17.193	0.281
19.180	-14.013	0.288
19.200	-10.624	0.288
19.220	-7.058	0.287
19.240	-3.411	0.273
19.260	0.295	0.266
19.280	3.996	0.249
19.300	7.616	0.233
19.320	11.150	0.211
19.340	14.518	0.186
19.360	17.666	0.160
19.380	20.582	0.130
19.400	23.198	0.099
19.420	25.454	0.069
19.440	27.344	0.028
19.460	28.843	-0.004
19.480	29.949	-0.038
19.500	30.615	-0.067
19.520	30.846	-0.102
19.540	30.642	-0.133
19.560	29.992	-0.161
19.580	28.907	-0.192
19.600	27.403	-0.215
19.620	25.615	-0.237
19.640	23.289	-0.251
19.660	20.781	-0.269
19.680	17.837	-0.277
19.700	14.695	-0.280
19.720	11.338	-0.285
19.740	7.820	-0.276
19.760	4.206	-0.271
19.780	0.542	-0.257
19.800	-3.164	-0.245
19.820	-6.816	-0.224
19.840	-10.286	-0.209
19.860	-13.771	-0.180
19.880	-16.892	-0.157
19.900	-19.943	-0.120
19.920	-22.612	-0.096
19.940	-24.954	-0.058
19.960	-26.952	-0.032
19.980	-28.580	0.006
20.000	-29.761	0.039
20.020	-30.508	0.073
20.040	-30.862	0.102
20.060	-30.744	0.135
20.080	-30.218	0.161
20.100	-29.246	0.191
20.120	-27.849	0.211
20.140	-26.028	0.241
20.160	-23.875	0.256
20.180	-21.366	0.269
20.200	-18.514	0.281
20.220	-15.420	0.285
20.240	-12.112	0.287
20.260	-8.615	0.284
20.280	-5.017	0.280
20.300	-1.327	0.266
20.320	2.385	0.254
20.340	6.048	0.240
20.360	9.620	0.218
20.380	13.062	0.194
20.400	16.242	0.168
20.420	19.336	0.139
20.440	22.081	0.109
20.460	24.508	0.073
20.480	26.555	0.045
20.500	28.236	0.003
20.520	29.525	-0.027
20.540	30.374	-0.063
20.560	30.798	-0.088
20.580	30.776	-0.128
20.600	30.357	-0.156
20.620	29.434	-0.189
20.640	28.134	-0.646
20.660	26.469	-0.235
20.680	24.358	-0.249
20.700	21.893	-0.270
20.720	19.132	-0.282
20.740	16.113	-0.289
20.760	12.832	-0.289
20.780	9.399	-0.283
20.800	5.828	-0.283
20.820	2.165	-0.274
20.840	-1.531	-0.262
20.860	-5.188	-0.244
20.880	-8.809	-0.219
20.900	-12.262	-0.198
20.920	-15.565	-0.177
20.940	-18.643	-0.146
20.960	-21.388	-0.117
20.980	-23.955	-0.085
21.000	-26.104	-0.052
21.020	-27.903	-0.018
21.040	-29.262	0.013
21.060	-30.218	0.047
21.080	-30.733	0.075
21.100	-30.825	0.110
21.120	-30.492	0.136
21.140	-29.708	0.164
21.160	-28.483	0.192
21.180	-26.861	0.222
21.200	-24.852	0.240
21.220	-22.478	0.255
21.240	-19.771	0.265
21.260	-16.801	0.273
21.280	-13.583	0.278
21.300	-10.162	0.274
21.320	-6.601	0.271
21.340	-2.938	0.258
21.360	0.768	0.253
21.380	4.437	0.233
21.400	8.051	0.219
21.420	11.553	0.190
21.440	14.910	0.167
21.460	18.042	0.136
21.480	20.915	0.113
21.500	23.482	0.076
21.520	25.685	0.048
21.540	27.548	0.006
21.560	29.004	-0.021
21.580	30.057	-0.057
21.600	30.664	-0.088
21.620	30.846	-0.125
21.640	30.588	-0.150
21.660	29.874	-0.183
21.680	28.757	-0.204
21.700	27.210	-0.228
21.720	25.368	-0.249
21.740	23.026	-0.271
21.760	20.389	-0.279
21.780	17.553	-0.292
21.800	14.314	-0.293
21.820	11.027	-0.295
21.840	7.417	-0.288
21.860	3.889	-0.286
21.880	0.113	-0.270
21.900	-3.577	-0.256
21.920	-7.229	-0.233
21.940	-10.764	-0.217
21.960	-14.131	-0.187
21.980	-17.322	-0.162
22.000	-20.265	-0.131
22.020	-22.892	-0.101
22.040	-25.196	-0.065
22.060	-27.156	-0.035
22.080	-28.735	-0.001
22.100	-29.874	0.028
22.120	-30.562	0.067
22.140	-30.825	0.094
22.160	-30.696	0.132
22.180	-30.110	0.153
22.200	-29.117	0.188
22.220	-27.629	0.207
22.240	-25.797	0.235
22.260	-23.584	0.248
22.280	-21.022	0.264
22.300	-18.160	0.273
22.320	-15.039	0.280
22.340	-11.725	0.274
22.360	-8.207	0.280
22.380	-4.571	0.270
22.400	-0.875	0.261
22.420	2.820	0.248
22.440	6.467	0.232
22.460	10.022	0.203
22.480	13.455	0.188
22.500	16.602	0.156
22.520	19.658	0.130
22.540	22.408	0.096
22.560	24.755	0.066
22.580	26.786	0.032
22.600	28.408	-0.001
22.620	29.648	-0.036
22.640	30.449	-0.071
22.660	30.830	-0.586
22.680	30.755	-0.130
22.700	30.250	-0.163
22.720	29.305	-0.189
22.740	27.951	-0.217
22.760	26.195	-0.238
22.780	24.079	-0.256
22.800	21.624	-0.269
22.820	18.788	-0.283
22.840	15.737	-0.284
22.860	12.434	-0.290
22.880	8.959	-0.281
22.900	5.382	-0.278
22.920	1.713	-0.268
22.940	-1.971	-0.256
22.960	-5.661	-0.231
22.980	-9.260	-0.217
23.000	-12.697	-0.186
23.020	-15.979	-0.162
23.040	-19.035	-0.130
23.060	-21.801	-0.100
23.080	-24.267	-0.068
23.100	-26.383	-0.038
23.120	-28.112	-0.007
23.140	-29.450	0.030
23.160	-30.368	0.065
23.180	-30.771	0.092
23.200	-30.825	0.128
23.220	-30.454	0.154
23.240	-29.616	0.186
23.260	-28.365	0.207
23.280	-26.678	0.234
23.300	-24.626	0.252
23.320	-22.204	0.267
23.340	-19.476	0.279
23.360	-16.457	0.285
23.380	-13.229	0.291
23.400	-9.781	0.290
23.420	-6.198	0.282
23.440	-2.519	0.273
23.460	1.182	0.262
23.480	4.861	0.247
23.500	8.449	0.225
23.520	11.972	0.205
23.540	15.281	0.180
23.560	18.385	0.152
23.580	21.221	0.122
23.600	23.756	0.086
23.620	25.932	0.057
23.640	27.742	0.018
23.660	29.122	-0.013
23.680	30.148	-0.050
23.700	30.701	-0.072
23.720	30.835	-0.114
23.740	30.529	-0.134
23.760	29.767	-0.176
23.780	28.601	-0.195
23.800	27.070	-0.223
23.820	25.067	-0.238
23.840	22.720	-0.259
23.860	20.050	-0.266
23.880	17.112	-0.278
23.900	13.911	-0.280
23.920	10.511	-0.285
23.940	6.988	-0.272
23.960	3.357	-0.270
23.980	-0.344	-0.254
24.000	-4.018	-0.241
24.020	-7.670	-0.220
24.040	-11.177	-0.200
24.060	-14.545	-0.172
24.080	-17.698	-0.146
24.100	-20.582	-0.114
24.120	-23.192	-0.088
24.140	-25.454	-0.052
24.160	-27.371	-0.025
24.180	-28.907	0.014
24.200	-29.976	0.043
24.220	-30.621	0.079
24.240	-30.862	0.107
24.260	-30.637	0.140
24.280	-30.024	0.166
24.300	-28.923	0.193
24.320	-27.457	0.213
24.340	-25.545	0.246
24.360	-23.294	0.256
24.380	-20.706	0.273
24.400	-17.784	0.277
24.420	-14.652	0.285
24.440	-11.295	0.283
24.460	-7.783	0.282
24.480	-4.141	0.269
24.500	-0.451	0.261
24.520	3.260	0.244
24.540	6.913	0.228
24.560	10.447	0.205
24.580	13.847	0.182
24.600	17.048	0.150
24.620	20.007	0.128
24.640	22.714	0.093
24.660	25.019	0.066
24.680	27.006	0.024
24.700	28.569	-0.004
24.720	29.750	-0.040
24.740	30.513	-0.070
24.760	30.830	-0.105
24.780	30.712	-0.136
24.800	30.137	-0.171
24.820	29.165	-0.195
24.840	27.774	-0.224
24.860	25.975	-0.237
24.880	23.799	-0.262
24.900	21.275	-0.268
24.920	18.434	-0.285
24.940	15.361	-0.286
24.960	12.053	-0.291
24.980	8.562	-0.286
25.000	4.968	-0.288
25.020	1.294	-0.274
25.040	-2.385	-0.264
25.060	-6.042	-0.238
25.080	-9.550	-0.218
25.100	-13.079	-0.194
25.120	-16.237	-0.172
25.140	-19.331	-0.138
25.160	-22.081	-0.111
25.180	-24.498	-0.072
25.200	-26.560	-0.050
25.220	-28.268	-0.009
25.240	-29.520	0.016
25.260	-30.395	0.057
25.280	-30.771	0.082
25.300	-30.782	0.120
25.320	-30.336	0.141
25.340	-29.455	0.174
25.360	-28.139	0.195
25.380	-26.415	0.224
25.400	-24.326	0.241
25.420	-21.871	0.259
25.440	-19.083	0.263
25.460	-16.060	0.277
25.480	-12.805	0.275
25.500	-9.340	0.273
25.520	-5.736	0.265
25.540	-2.057	0.256
25.560	1.638	0.247
25.580	5.307	0.232
25.600	8.895	0.209
25.620	12.375	0.190
25.640	15.657	0.159
25.660	18.734	0.131
25.680	21.549	0.101
25.700	24.041	0.069
25.720	26.173	0.041
25.740	27.930	-0.001
25.760	29.289	-0.032
25.780	30.234	-0.067
25.800	30.744	-0.581
25.820	30.825	-0.130
25.840	30.459	-0.156
25.860	29.665	-0.187
25.880	28.445	-0.216
25.900	26.802	-0.236
25.920	24.804	-0.256
25.940	22.414	-0.275
25.960	19.723	-0.283
25.980	16.752	-0.293
26.000	13.524	-0.289
26.020	10.114	-0.296
26.040	6.558	-0.285
26.060	2.917	-0.279
26.080	-0.757	-0.266
26.100	-4.442	-0.250
26.120	-8.067	-0.226
26.140	-11.607	-0.204
26.160	-14.926	-0.176
26.180	-18.052	-0.151
26.200	-20.926	-0.119
26.220	-23.472	-0.088
26.240	-25.706	-0.052
26.260	-27.586	-0.024
26.280	-29.052	0.008
26.300	-30.078	0.043
26.320	-30.685	0.076
26.340	-30.852	0.111
26.360	-30.599	0.137
26.380	-29.933	0.165
26.400	-28.800	0.194
26.420	-27.253	0.219
26.440	-25.325	0.241
26.460	-23.021	0.256
26.480	-20.373	0.273
26.500	-17.456	0.276
26.520	-14.287	0.280
26.540	-10.903	0.281
26.560	-7.369	0.278
26.580	-3.717	0.267
26.600	-0.021	0.261
26.620	3.674	0.248
26.640	7.305	0.228
26.660	10.833	0.203
26.680	14.223	0.180
26.700	17.402	0.151
26.720	20.324	0.125
26.740	22.978	0.091
26.760	25.207	0.063
26.780	27.205	0.024
26.800	28.735	-0.005
26.820	29.879	-0.041
26.840	30.562	-0.070
26.860	30.841	-0.110
26.880	30.674	-0.132
26.900	30.062	-0.169
26.920	29.025	-0.188
26.940	27.570	-0.220
26.960	25.744	-0.233
26.980	23.515	-0.261
27.000	20.953	-0.266
27.020	18.084	-0.281
27.040	14.964	-0.278
27.060	11.612	-0.284
27.080	8.126	-0.277
27.100	4.522	-0.274
27.120	0.838	-0.258
27.140	-2.766	-0.244
27.160	-6.488	-0.226
27.180	-9.985	-0.204
27.200	-13.503	-0.180
27.220	-16.640	-0.152
27.240	-19.728	-0.122
27.260	-22.397	-0.094
27.280	-24.766	-0.056
27.300	-26.812	-0.029
27.320	-28.478	0.008
27.340	-29.697	0.035
27.360	-30.486	0.073
27.380	-30.825	0.099
27.400	-30.771	0.139
27.420	-30.293	0.157
27.440	-29.364	0.194
27.460	-27.983	0.213
27.480	-26.222	0.244
27.500	-24.068	0.253
27.520	-21.597	0.276
27.540	-18.777	0.280
27.560	-15.700	0.290
27.580	-12.434	0.286
27.600	-8.954	0.288
27.620	-5.328	0.275
27.640	-1.638	0.273
27.660	2.052	0.256
27.680	5.726	0.240
27.700	9.308	0.218
27.720	12.772	0.198
27.740	15.963	0.166
27.760	19.078	0.142
27.780	21.860	0.110
27.800	24.310	0.078
27.820	26.394	0.045
27.840	28.107	0.012
27.860	29.434	-0.023
27.880	30.320	-0.053
27.900	30.771	-0.086
27.920	30.798	-0.122
27.940	30.390	-0.150
27.960	29.520	-0.183
27.980	28.252	-0.205
28.000	26.635	-0.230
28.020	24.546	-0.245
28.040	22.118	-0.262
28.060	19.379	-0.271
28.080	16.462	-0.280
28.100	13.122	-0.278
28.120	9.711	-0.284
28.140	6.139	-0.275
28.160	2.476	-0.272
28.180	-1.128	-0.254
28.200	-4.882	-0.237
28.220	-8.411	-0.213
28.240	-11.983	-0.195
28.260	-15.211	-0.172
28.280	-18.401	-0.138
28.300	-21.221	-0.113
28.320	-23.767	-0.078
28.340	-25.942	-0.048
28.360	-27.752	-0.013
28.380	-29.181	0.017
28.400	-30.143	0.049
28.420	-30.707	0.082
28.440	-30.841	0.113
28.460	-30.535	0.143
28.480	-29.783	0.170
28.500	-28.628	0.198
28.520	-27.022	0.223
28.540	-25.035	0.244
28.560	-22.714	0.256
28.580	-20.013	0.267
28.600	-17.064	0.277
28.620	-13.874	0.280
28.640	-10.463	0.278
28.660	-6.918	0.277
28.680	-3.260	0.265
28.700	0.440	0.253
28.720	4.120	0.236
28.740	7.745	0.219
28.760	11.279	0.196
28.780	14.636	0.171
28.800	17.773	0.145
28.820	20.598	0.115
28.840	23.278	0.082
28.860	25.470	0.053
28.880	27.398	0.014
28.900	28.896	-0.017
28.920	29.981	-0.054
28.940	30.631	-0.084
28.960	30.841	-0.121
28.980	30.626	-0.146
29.000	29.981	-0.179
29.020	28.875	-0.202
29.040	27.371	-0.232
29.060	25.502	-0.245
29.080	23.289	-0.269
29.100	20.630	-0.274
29.120	17.746	-0.294
29.140	14.599	-0.288
29.160	11.226	-0.295
29.180	7.718	-0.287
29.200	4.098	-0.285
29.220	0.435	-0.270
29.240	-3.266	-0.261
29.260	-6.907	-0.233
29.280	-10.452	-0.216
29.300	-13.847	-0.189
29.320	-17.026	-0.164
29.340	-20.013	-0.130
29.360	-22.677	-0.101
29.380	-24.992	-0.067
29.400	-26.990	-0.038
29.420	-28.606	-0.006
29.440	-29.756	0.028
29.460	-30.519	0.064
29.480	-30.798	0.088
29.500	-30.712	0.128
29.520	-30.164	0.150
29.540	-29.192	0.182
29.560	-27.758	0.204
29.580	-25.942	0.231
29.600	-23.789	0.245
29.620	-21.237	0.264
29.640	-18.407	0.267
29.660	-15.297	0.277
29.680	-11.999	0.274
29.700	-8.502	0.277
29.720	-4.872	0.266
29.740	-1.187	0.257
29.760	2.508	0.241
29.780	6.166	0.228
29.800	9.722	0.203
29.820	13.175	0.182
29.840	16.414	0.153
29.860	19.347	0.128
29.880	22.172	0.094
29.900	24.578	0.065
29.920	26.625	0.027
29.940	28.290	-0.004
29.960	29.562	-0.037
29.980	30.400	-0.071
30.000	30.798	-0.101
30.020	30.760	-0.133
30.040	30.309	-0.163
30.060	29.412	-0.195
30.080	28.080	-0.218
30.100	26.367	-0.241
30.120	24.336	-0.261
30.140	21.812	-0.272
30.160	19.105	-0.283
30.180	16.006	-0.289
30.200	12.719	-0.289
30.220	9.281	-0.290
30.240	5.693	-0.283
30.260	2.041	-0.269
30.280	-1.558	-0.258
30.300	-5.323	-0.237
30.320	-8.868	-0.219
30.340	-12.391	-0.193
30.360	-15.689	-0.166
30.380	-18.772	-0.138
30.400	-21.560	-0.109
30.420	-24.003	-0.077
30.440	-26.195	-0.046
30.460	-27.946	-0.017
30.480	-29.353	0.018
30.500	-30.282	0.056
30.520	-30.766	0.087
30.540	-30.841	0.121
30.560	-30.502	0.144
30.580	-29.708	0.178
30.600	-28.478	0.200
30.620	-26.839	0.231
30.640	-24.820	0.249
30.660	-22.430	0.263
30.680	-19.744	0.275
30.700	-16.715	0.279
30.720	-13.514	0.287
30.740	-10.076	0.281
30.760	-6.510	0.279
30.780	-2.836	0.269
30.800	0.854	0.262
30.820	4.533	0.242
30.840	8.153	0.225
30.860	11.671	0.202
30.880	14.991	0.178
30.900	18.122	0.147
30.920	20.985	0.124
30.940	23.558	0.083
30.960	25.701	0.055
30.980	27.591	0.018
31.000	29.042	-0.009
31.020	30.057	-0.048
31.040	30.680	-0.075
31.060	30.841	-0.113
31.080	30.567	-0.137
31.100	29.858	-0.171
31.120	28.714	-0.194
31.140	27.151	-0.222
31.160	25.244	-0.238
31.180	22.988	-0.260
31.200	20.292	-0.267
31.220	17.365	-0.276
31.240	14.190	-0.277
31.260	10.817	-0.279
31.280	7.289	-0.269
31.300	3.647	-0.264
31.320	-0.021	-0.251
31.340	-3.722	-0.241
31.360	-7.369	-0.220
31.380	-10.909	-0.200
31.400	-14.260	-0.174
31.420	-17.467	-0.146
31.440	-20.373	-0.112
31.460	-22.994	-0.089
31.480	-25.276	-0.050
31.500	-27.237	-0.021
31.520	-28.778	0.013
31.540	-29.912	0.043
31.560	-30.578	0.081
31.580	-30.868	0.109
31.600	-30.696	0.144
31.620	-30.100	0.168
31.640	-29.068	0.194
31.660	-27.591	0.219
31.680	-25.717	0.243
31.700	-23.509	0.258
31.720	-20.969	0.275
31.740	-18.047	0.279
31.760	-14.932	0.290
31.780	-11.607	0.287
31.800	-8.089	0.285
31.820	-4.447	0.275
31.840	-0.757	0.264
31.860	2.938	0.248
31.880	6.596	0.232
31.900	10.135	0.209
31.920	13.567	0.186
31.940	16.774	0.158
31.960	19.755	0.132
31.980	22.467	0.099
32.000	24.825	0.066
32.020	26.850	0.029
32.040	28.461	-0.002
32.060	29.675	-0.036
32.080	30.465	-0.071
32.100	30.825	-0.100
32.120	30.739	-0.134
32.140	30.218	-0.167
32.160	29.272	-0.187
32.180	27.946	-0.219
32.200	26.136	-0.233
32.220	24.009	-0.258
32.240	21.495	-0.269
32.260	18.702	-0.278
32.280	15.635	-0.281
32.300	12.327	-0.284
32.320	8.868	-0.282
32.340	5.285	-0.276
32.360	1.611	-0.268
32.380	-2.073	-0.254
32.400	-5.742	-0.237
32.420	-9.249	-0.214
32.440	-12.778	-0.193
32.460	-16.043	-0.168
32.480	-19.089	-0.138
32.500	-21.839	-0.107
32.520	-24.283	-0.074
32.540	-26.404	-0.044
32.560	-28.150	-0.013
32.580	-29.450	0.020
32.600	-30.336	0.057
32.620	-30.766	0.083
32.640	-30.814	0.120
32.660	-30.384	0.144
32.680	-29.546	0.174
32.700	-28.279	0.195
32.720	-26.576	0.225
32.740	-24.519	0.242
32.760	-22.097	0.255
32.780	-19.347	0.261
32.800	-16.323	0.273
32.820	-13.084	0.273
32.840	-9.636	0.274
32.860	-6.059	0.268
32.880	-2.390	0.259
32.900	1.305	0.246
32.920	4.995	0.227
32.940	8.594	0.207
32.960	12.090	0.187
32.980	15.394	0.158
33.000	18.477	0.133
33.020	21.323	0.105
33.040	23.837	0.067
33.060	26.012	0.041
33.080	27.795	0.001
33.100	29.197	-0.027
33.120	30.169	-0.070
33.140	30.717	-0.097
33.160	30.835	-0.128
33.180	30.513	-0.160
33.200	29.756	-0.189
33.220	28.569	-0.216
33.240	26.947	-0.237
33.260	25.002	-0.258
33.280	22.655	-0.274
33.300	19.964	-0.279
33.320	17.096	-0.292
33.340	13.814	-0.291
33.360	10.431	-0.294
33.380	6.875	-0.289
33.400	3.239	-0.283
33.420	-0.451	-0.264
33.440	-4.136	-0.254
33.460	-7.772	-0.230
33.480	-11.285	-0.209
33.500	-14.625	-0.183
33.520	-17.784	-0.156
33.540	-20.679	-0.125
33.560	-23.251	-0.094
33.580	-25.502	-0.060
33.600	-27.409	-0.030
33.620	-28.923	0.004
33.640	-29.981	0.037
33.660	-30.610	0.069
33.680	-30.830	0.102
33.700	-30.615	0.134
33.720	-29.992	0.162
33.740	-28.891	0.186
33.760	-27.371	0.211
33.780	-25.470	0.237
33.800	-23.203	0.250
33.820	-20.614	0.265
33.840	-17.703	0.271
33.860	-14.550	0.277
33.880	-11.188	0.280
33.900	-7.659	0.271
33.920	-4.012	0.268
33.940	-0.419	0.255
33.960	3.368	0.243
33.980	6.929	0.222
34.000	10.554	0.200
34.020	13.954	0.178
34.040	17.139	0.145
34.060	20.088	0.121
34.080	22.779	0.087
34.100	25.078	0.056
34.120	27.054	0.022
34.140	28.612	-0.013
34.160	29.767	-0.043
34.180	30.513	-0.079
34.200	30.835	-0.113
34.220	30.701	-0.141
34.240	30.137	-0.171
34.260	29.127	-0.197
34.280	27.709	-0.224
34.300	25.905	-0.243
34.320	23.713	-0.258
34.340	21.167	-0.276
34.360	18.342	-0.287
34.380	15.243	-0.285
34.400	11.913	-0.287
34.420	8.443	-0.285
34.440	4.839	-0.280
34.460	1.155	-0.268
34.480	-2.541	-0.255
34.500	-6.118	-0.233
34.520	-9.781	-0.210
34.540	-13.197	-0.183
34.560	-16.446	-0.161
34.580	-19.465	-0.127
34.600	-22.199	-0.100
34.620	-24.589	-0.065
34.640	-26.651	-0.034
34.660	-28.354	-0.004
34.680	-29.611	0.032
34.700	-30.465	0.070
34.720	-30.814	0.096
34.740	-30.798	0.134
34.760	-30.363	0.156
34.780	-29.471	0.187
34.800	-28.145	0.212
34.820	-26.394	0.239
34.840	-24.277	0.253
34.860	-21.833	0.267
34.880	-19.041	0.275
34.900	-15.984	0.285
34.920	-12.724	0.286
34.940	-9.233	0.285
34.960	-5.645	0.279
34.980	-1.966	0.269
35.000	1.729	0.255
35.020	5.398	0.239
35.040	8.991	0.219
35.060	12.477	0.198
35.080	15.770	0.174
35.100	18.815	0.143
35.120	21.624	0.112
35.140	24.105	0.079
35.160	26.232	0.050
35.180	27.978	0.010
35.200	29.332	-0.021
35.220	30.255	-0.058
35.240	30.760	-0.087
35.260	30.814	-0.122
35.280	30.449	-0.150
35.300	29.616	-0.179
35.320	28.418	-0.203
35.340	26.743	-0.229
35.360	24.739	-0.245
35.380	22.338	-0.258
35.400	19.690	-0.266
35.420	16.640	-0.282
35.440	13.417	-0.278
35.460	9.990	-0.282
35.480	6.451	-0.274
35.500	2.793	-0.268
35.520	-0.800	-0.248
35.540	-4.582	-0.239
35.560	-8.207	-0.214
35.580	-11.677	-0.194
35.600	-15.018	-0.167
35.620	-18.144	-0.139
35.640	-21.012	-0.109
35.660	-23.563	-0.077
35.680	-25.771	-0.047
35.700	-27.624	-0.013
35.720	-29.101	0.018
35.740	-30.100	0.052
35.760	-30.701	0.082
35.780	-30.857	0.113
35.800	-30.588	0.144
35.820	-29.890	0.170
35.840	-28.762	0.199
35.860	-27.194	0.223
35.880	-25.223	0.244
35.900	-22.924	0.256
35.920	-20.271	0.269
35.940	-17.338	0.278
35.960	-14.180	0.282
35.980	-10.780	0.278
36.000	-7.240	0.276
36.020	-3.572	0.265
36.040	0.107	0.261
36.060	3.797	0.239
36.080	7.423	0.223
36.100	10.957	0.200
36.120	14.346	0.178
36.140	17.515	0.149
36.160	20.432	0.123
36.180	23.063	0.086
36.200	25.335	0.057
36.220	27.264	0.015
36.240	28.784	-0.009
36.260	29.896	-0.051
36.280	30.588	-0.078
36.300	30.846	-0.113
36.320	30.658	-0.146
36.340	30.014	-0.175
36.360	28.977	-0.200
36.380	27.521	-0.225
36.400	25.679	-0.239
36.420	23.429	-0.264
36.440	20.867	-0.269
36.460	18.063	-0.287
36.480	14.873	-0.286
36.500	11.532	-0.290
36.520	8.035	-0.284
36.540	4.420	-0.281
36.560	0.741	-0.269
36.580	-2.949	-0.255
36.600	-6.596	-0.232
36.620	-10.167	-0.217
36.640	-13.567	-0.187
36.660	-16.779	-0.168
36.680	-19.760	-0.129
36.700	-22.440	-0.104
36.720	-24.831	-0.067
36.740	-26.850	-0.038
36.760	-28.483	-0.006
36.780	-29.691	0.024
36.800	-30.459	0.060
36.820	-30.803	0.086
36.840	-30.750	0.128
36.860	-30.234	0.145
36.880	-29.299	0.178
36.900	-27.914	0.199
36.920	-26.130	0.232
36.940	-23.977	0.244
36.960	-21.479	0.259
36.980	-18.654	0.269
37.000	-15.565	0.275
37.020	-12.305	0.271
37.040	-8.814	0.273
37.060	-5.194	0.263
37.080	-1.509	0.255
37.100	2.186	0.240
37.120	5.844	0.225
37.140	9.416	0.203
37.160	12.875	0.179
37.180	16.146	0.156
37.200	19.164	0.124
37.220	21.952	0.096
37.240	24.374	0.062
37.260	26.463	0.032
37.280	28.155	-0.009
37.300	29.466	-0.036
37.320	30.320	-0.075
37.340	30.792	-0.103
37.360	30.792	-0.138
37.380	30.379	-0.166
37.400	29.498	-0.195
37.420	28.209	-0.220
37.440	26.533	-0.241
37.460	24.476	-0.261
37.480	22.027	-0.274
37.500	19.293	-0.286
37.520	16.280	-0.293
37.540	13.095	-0.293
37.560	9.582	-0.290
37.580	6.021	-0.286
37.600	2.369	-0.279
37.620	-1.316	-0.266
37.640	-5.006	-0.245
37.660	-8.631	-0.223
37.680	-12.106	-0.200
37.700	-15.388	-0.174
37.720	-18.503	-0.146
37.740	-21.312	-0.113
37.760	-23.783	-0.079
37.780	-26.007	-0.052
37.800	-27.795	-0.021
37.820	-29.208	0.017
37.840	-30.212	0.048
37.860	-30.728	0.081
37.880	-30.841	0.111
37.900	-30.535	0.141
37.920	-29.772	0.170
37.940	-28.574	0.195
37.960	-26.984	0.220
37.980	-24.997	0.242
38.000	-22.655	0.255
38.020	-19.964	0.268
38.040	-16.978	0.275
38.060	-13.798	0.280
38.080	-10.377	0.279
38.100	-6.816	0.274
38.120	-3.158	0.266
38.140	0.548	0.256
38.160	4.227	0.242
38.180	7.842	0.220
38.200	11.354	0.195
38.220	14.728	0.174
38.240	17.859	0.144
38.260	20.749	0.117
38.280	23.337	0.080
38.300	25.583	0.051
38.320	27.457	0.015
38.340	28.902	-0.017
38.360	30.008	-0.052
38.380	30.637	-0.084
38.400	30.846	-0.120
38.420	30.610	-0.146
38.440	29.938	-0.177
38.460	28.832	-0.202
38.480	27.296	-0.227
38.500	25.427	-0.242
38.520	23.149	-0.262
38.540	20.604	-0.270
38.560	17.644	-0.278
38.580	14.470	-0.283
38.600	11.097	-0.281
38.620	7.589	-0.276
38.640	3.975	-0.274
38.660	0.285	-0.258
38.680	-3.395	-0.245
38.700	-7.042	-0.220
38.720	-10.613	-0.200
38.740	-13.986	-0.175
38.760	-17.177	-0.154
38.780	-20.131	-0.114
38.800	-22.784	-0.086
38.820	-25.104	-0.051
38.840	-27.108	-0.025
38.860	-28.692	0.013
38.880	-29.847	0.043
38.900	-30.562	0.078
38.920	-30.852	0.105
38.940	-30.750	0.144
38.960	-30.186	0.163
38.980	-29.192	0.195
39.000	-27.742	0.223
39.020	-25.899	0.239
39.040	-23.740	0.256
39.060	-21.189	0.274
39.080	-18.337	0.276
39.100	-15.222	0.292
39.120	-11.929	0.285
39.140	-8.400	0.286
39.160	-4.786	0.274
39.180	-1.080	0.269
39.200	2.605	0.249
39.220	6.273	0.235
39.240	9.829	0.213
39.260	13.277	0.192
39.280	16.516	0.164
39.300	19.513	0.132
39.320	22.274	0.104
39.340	24.637	0.070
39.360	26.678	0.042
39.380	28.333	0.002
39.400	29.568	-0.025
39.420	30.411	-0.071
39.440	30.819	-0.090
39.460	30.760	-0.133
39.480	30.288	-0.158
39.500	29.364	-0.187
39.520	28.026	-0.210
39.540	26.313	-0.233
39.560	24.208	-0.253
39.580	21.726	-0.262
39.600	18.949	-0.272
39.620	15.904	-0.281
39.640	12.606	-0.283
39.660	9.174	-0.275
39.680	5.613	-0.278
39.700	1.923	-0.264
39.720	-1.772	-0.254
39.740	-5.430	-0.232
39.760	-9.061	-0.212
39.780	-12.509	-0.189
39.800	-15.770	-0.163
39.820	-18.847	-0.133
39.840	-21.629	-0.107
39.860	-24.089	-0.071
39.880	-26.265	-0.041
39.900	-28.010	-0.009
39.920	-29.375	0.023
39.940	-30.293	0.057
39.960	-30.733	0.086
39.980	-30.841	0.124
40.000	-30.465	0.149
40.020	-29.659	0.174
40.040	-28.413	0.201
40.060	-26.759	0.226
40.080	-24.712	0.248
40.100	-22.312	0.257
40.120	-19.610	0.273
40.140	-16.597	0.273
40.160	-13.390	0.281
40.180	-9.947	0.275
40.200	-6.365	0.273
40.220	-2.712	0.263
40.240	0.994	0.252
40.260	4.662	0.232
40.280	8.277	0.214
40.300	11.800	0.190
40.320	15.120	0.169
40.340	18.224	0.136
40.360	21.092	0.111
40.380	23.638	0.071
40.400	25.824	0.048
40.420	27.607	0.007
40.440	29.095	-0.021
40.460	30.105	-0.059
40.480	30.690	-0.094
40.500	30.846	-0.121
40.520	30.545	-0.158
40.540	29.815	-0.183
40.560	28.671	-0.216
40.580	27.103	-0.227
40.600	25.196	-0.261
40.620	22.849	-0.267
40.640	20.281	-0.288
40.660	17.279	-0.287
40.680	14.088	-0.295
40.700	10.705	-0.289
40.720	7.187	-0.290
40.740	3.556	-0.285
40.760	-0.118	-0.272
40.780	-3.813	-0.258
40.800	-7.455	-0.229
40.820	-10.979	-0.216
40.840	-14.341	-0.184
40.860	-17.526	-0.166
40.880	-20.437	-0.128
40.900	-23.047	-0.106
40.920	-25.314	-0.065
40.940	-27.264	-0.040
40.960	-28.811	-0.001
40.980	-29.906	0.031
41.000	-30.594	0.063
41.020	-30.830	0.092
41.040	-30.653	0.127
41.060	-30.041	0.153
41.080	-29.004	0.179
41.100	-27.527	0.201
41.120	-25.663	0.224
41.140	-23.413	0.251
41.160	-20.840	0.261
41.180	-17.950	0.272
41.200	-14.835	0.272
41.220	-11.483	0.276
41.240	-7.955	0.271
41.260	-4.329	0.268
41.280	-0.639	0.251
41.300	3.051	0.244
41.320	6.623	0.220
41.340	10.248	0.202
41.360	13.583	0.174
41.380	16.876	0.153
41.400	19.857	0.120
41.420	22.564	0.090
41.440	24.900	0.056
41.460	26.888	0.025
41.480	28.504	-0.012
41.500	29.718	-0.048
41.520	30.486	-0.079
41.540	30.819	-0.113
41.560	30.728	-0.146
41.580	30.191	-0.171
41.600	29.235	-0.195
41.620	27.844	-0.226
41.640	26.077	-0.244
41.660	23.934	-0.262
41.680	21.425	-0.275
41.700	18.675	-0.287
41.720	15.528	-0.291
41.740	12.225	-0.292
41.760	8.750	-0.285
41.780	5.156	-0.284
41.800	1.488	-0.271
41.820	-2.208	-0.262
41.840	-5.881	-0.241
41.860	-9.480	-0.216
41.880	-12.896	-0.191
41.900	-16.167	-0.166
41.920	-19.196	-0.135
41.940	-21.952	-0.103
41.960	-24.396	-0.070
41.980	-26.479	-0.042
42.000	-28.209	-0.013
42.020	-29.498	0.025
42.040	-30.400	0.058
42.060	-30.798	0.090
42.080	-30.809	0.124
42.100	-30.422	0.149
42.120	-29.536	0.179
42.140	-28.268	0.198
42.160	-26.565	0.226
42.180	-24.476	0.247
42.200	-22.059	0.265
42.220	-19.282	0.269
42.240	-16.253	0.280
42.260	-13.014	0.281
42.280	-9.539	0.281
42.300	-5.962	0.274
42.320	-2.293	0.268
42.340	1.413	0.254
42.360	5.086	0.239
42.380	8.674	0.219
42.400	12.187	0.194
42.420	15.496	0.172
42.440	18.487	0.143
42.460	21.404	0.113
42.480	23.907	0.077
42.500	26.050	0.051
42.520	27.828	0.010
42.540	29.229	-0.017
42.560	30.175	-0.059
42.580	30.728	-0.088
42.600	30.825	-0.124
42.620	30.497	-0.150
42.640	29.708	-0.177
42.660	28.504	-0.203
42.680	26.882	-0.225
42.700	24.933	-0.241
42.720	22.537	-0.262
42.740	19.873	-0.269
42.760	16.897	-0.279
42.780	13.691	-0.282
42.800	10.275	-0.274
42.820	6.751	-0.275
42.840	3.094	-0.260
42.860	-0.580	-0.254
42.880	-4.270	-0.233
42.900	-7.896	-0.217
42.920	-11.419	-0.191
42.940	-14.754	-0.166
42.960	-17.891	-0.138
42.980	-20.797	-0.108
43.000	-23.316	-0.076
43.020	-25.615	-0.048
43.040	-27.495	-0.015
43.060	-28.988	0.017
43.080	-30.057	0.053
43.100	-30.674	0.086
43.120	-30.873	0.115
43.140	-30.621	0.147
43.160	-29.976	0.172
43.180	-28.870	0.202
43.200	-27.344	0.220
43.220	-25.421	0.248
43.240	-23.160	0.261
43.260	-20.544	0.273
43.280	-17.617	0.282
43.300	-14.464	0.286
43.320	-11.091	0.286
43.340	-7.546	0.281
43.360	-3.910	0.272
43.380	-0.199	0.263
43.400	3.486	0.248
43.420	7.042	0.229
43.440	10.656	0.207
43.460	14.072	0.183
43.480	17.236	0.158
43.500	20.190	0.124
43.520	22.849	0.097
43.540	25.158	0.065
43.560	27.119	0.027
43.580	28.660	-0.008
43.600	29.810	-0.042
43.620	30.551	-0.074
43.640	30.835	-0.100
43.660	30.690	-0.138
43.680	30.100	-0.164
43.700	29.095	-0.193
43.720	27.656	-0.220
43.740	25.840	-0.236
43.760	23.649	-0.254
43.780	21.087	-0.271
43.800	18.256	-0.279
43.820	15.141	-0.280
43.840	11.811	-0.285
43.860	8.331	-0.279
43.880	4.727	-0.276
43.900	1.069	-0.262
43.920	-2.632	-0.250
43.940	-6.290	-0.228
43.960	-9.872	-0.211
43.980	-13.293	-0.183
44.000	-16.516	-0.163
44.020	-19.529	-0.126
44.040	-22.236	-0.104
44.060	-24.659	-0.064
44.080	-26.694	-0.034
44.100	-28.370	-0.001
44.120	-29.605	0.028
44.140	-30.422	0.061
44.160	-30.792	0.093
44.180	-30.771	0.125
44.200	-30.309	0.151
44.220	-29.396	0.179
44.240	-28.037	0.201
44.260	-26.302	0.227
44.280	-24.170	0.244
44.300	-21.705	0.259
44.320	-18.906	0.268
44.340	-15.845	0.275
44.360	-12.584	0.274
44.380	-9.104	0.273
44.400	-5.521	0.267
44.420	-1.832	0.256
44.440	1.875	0.244
44.460	5.543	0.228
44.480	9.120	0.207
44.500	12.601	0.181
44.520	15.877	0.156
44.540	18.912	0.129
44.560	21.726	0.100
44.580	24.186	0.065
44.600	26.302	0.035
44.620	28.026	-0.003
44.640	29.364	-0.034
44.660	30.277	-0.069
44.680	30.771	-0.100
44.700	30.809	-0.136
44.720	30.417	-0.163
44.740	29.589	-0.190
44.760	28.349	-0.216
44.780	26.678	-0.240
44.800	24.669	-0.258
44.820	22.263	-0.277
44.840	19.545	-0.285
44.860	16.554	-0.292
44.880	13.304	-0.291
44.900	9.904	-0.292
44.920	6.338	-0.288
44.940	2.691	-0.281
44.960	-1.004	-0.265
44.980	-4.684	-0.247
45.000	-8.309	-0.225
45.020	-11.811	-0.204
45.040	-15.104	-0.179
45.060	-18.235	-0.150
45.080	-21.082	-0.120
45.100	-23.617	-0.085
45.120	-25.819	-0.059
45.140	-27.661	-0.023
45.160	-29.122	0.008
45.180	-30.116	0.047
45.200	-30.674	0.074
45.220	-30.825	0.109
45.240	-30.540	0.135
45.260	-29.863	0.164
45.280	-28.676	0.187
45.300	-27.103	0.211
45.320	-25.147	0.236
45.340	-22.838	0.253
45.360	-20.185	0.261
45.380	-17.214	0.273
45.400	-14.067	0.276
45.420	-10.667	0.275
45.440	-7.111	0.272
45.460	-3.454	0.264
45.480	0.236	0.252
45.500	3.926	0.236
45.520	7.562	0.216
45.540	11.086	0.197
45.560	14.454	0.171
45.580	17.537	0.143
45.600	20.518	0.115
45.620	23.090	0.082
45.640	25.400	0.052
45.660	27.317	0.013
45.680	28.821	-0.016
45.700	29.912	-0.055
45.720	30.604	-0.083
45.740	30.846	-0.117
45.760	30.647	-0.148
45.780	30.008	-0.178
45.800	28.939	-0.207
45.820	27.468	-0.226
45.840	25.658	-0.246
45.860	23.348	-0.263
45.880	20.834	-0.274
45.900	17.896	-0.281
45.920	14.765	-0.287
45.940	11.414	-0.286
45.960	7.998	-0.284
45.980	4.297	-0.275
46.000	0.720	-0.264
46.020	-3.067	-0.248
46.040	-6.628	-0.229
46.060	-10.275	-0.209
46.080	-13.696	-0.179
46.100	-16.919	-0.156
46.120	-19.862	-0.123
46.140	-22.559	-0.095
46.160	-24.911	-0.059
46.180	-26.872	-0.031
46.200	-28.553	0.004
46.220	-29.718	0.033
46.240	-30.519	0.071
46.260	-30.825	0.096
46.280	-30.744	0.135
46.300	-30.239	0.160
46.320	-29.267	0.189
46.340	-27.908	0.209
46.360	-26.125	0.237
46.380	-23.912	0.254
46.400	-21.404	0.269
46.420	-18.562	0.275
46.440	-15.496	0.285
46.460	-12.198	0.284
46.480	-8.717	0.281
46.500	-5.076	0.275
46.520	-1.407	0.265
46.540	2.299	0.252
46.560	5.962	0.234
46.580	9.534	0.215
46.600	12.896	-0.104
46.620	16.162	0.167
46.640	19.255	0.136
46.660	22.027	0.104
46.680	24.449	0.072
46.700	26.522	0.041
46.720	28.198	0.006
46.740	29.503	-0.026
46.760	30.363	-0.060
46.780	30.792	-0.090
46.800	30.787	-0.125
46.820	30.352	-0.155
46.840	29.466	-0.184
46.860	28.166	-0.204
46.880	26.512	-0.224
46.900	24.401	-0.245
46.920	21.952	-0.259
46.940	19.202	-0.269
46.960	16.253	-0.275
46.980	12.896	-0.278
47.000	9.566	-0.277
47.020	5.914	-0.272
47.040	2.250	-0.265
47.060	-1.354	-0.249
47.080	-5.129	-0.232
47.100	-8.739	-0.210
47.120	-12.123	-0.186
47.140	-15.501	-0.162
47.160	-18.589	-0.132
47.180	-21.398	-0.103
47.200	-23.837	-0.070
47.220	-26.012	-0.038
47.240	-27.844	-0.006
47.260	-29.235	0.025
47.280	-30.218	0.062
47.300	-30.723	0.089
47.320	-30.846	0.122
47.340	-30.486	0.150
47.360	-29.745	0.179
47.380	-28.537	0.202
47.400	-26.898	0.229
47.420	-24.943	0.248
47.440	-22.532	0.264
47.460	-19.905	0.273
47.480	-16.849	0.281
47.500	-13.680	0.281
47.520	-10.248	0.281
47.540	-6.762	0.275
47.560	-3.013	0.269
47.580	0.677	0.257
47.600	4.367	0.240
47.620	7.976	0.220
47.640	11.408	0.198
47.660	14.840	0.174
47.680	17.966	0.145
47.700	20.845	0.120
47.720	23.380	0.082
47.740	25.647	0.051
47.760	27.516	0.015
47.780	28.977	-0.013
47.800	30.014	-0.048
47.820	30.642	-0.081
47.840	30.841	-0.115
47.860	30.599	-0.146
47.880	29.890	-0.175
47.900	28.821	-0.198
47.920	27.280	-0.227
47.940	25.362	-0.244
47.960	23.058	-0.262
47.980	20.453	-0.274
48.000	17.542	-0.278
48.020	14.459	-0.281
48.040	11.016	-0.287
48.060	7.589	-0.278
48.080	3.873	-0.277
48.100	0.193	-0.260
48.120	-3.411	-0.248
48.140	-7.144	-0.228
48.160	-10.597	-0.206
48.180	-14.051	-0.183
48.200	-17.161	-0.157
48.220	-20.190	-0.127
48.240	-22.822	-0.098
48.260	-25.142	-0.064
48.280	-27.065	-0.032
48.300	-28.692	0.000
48.320	-29.815	0.033
48.340	-30.545	0.066
48.360	-30.809	0.098
48.380	-30.712	0.129
48.400	-30.110	0.154
48.420	-29.117	0.180
48.440	-27.656	0.203
48.460	-25.867	0.230
48.480	-23.611	0.249
48.500	-21.135	0.260
48.520	-18.197	0.364
48.540	-15.168	0.275
48.560	-11.779	0.272
48.580	-8.347	0.271
48.600	-4.630	0.264
48.620	-1.047	0.253
48.640	2.648	0.240
48.660	6.402	0.220
48.680	9.963	0.200
48.700	13.310	0.175
48.720	16.618	0.152
48.740	19.599	0.124
48.760	22.279	0.090
48.780	24.718	0.056
48.800	26.737	0.024
48.820	28.375	-0.009
48.840	29.632	-0.042
48.860	30.443	-0.073
48.880	30.809	-0.104
48.900	30.760	-0.139
48.920	30.282	-0.168
48.940	29.364	-0.194
48.960	28.016	-0.221
48.980	26.286	-0.239
49.000	24.132	-0.258
49.020	21.694	-0.275
49.040	18.863	-0.284
49.060	15.882	-0.291
49.080	12.509	-0.290
49.100	9.147	-0.289
49.120	5.479	-0.286
49.140	1.821	-0.275
49.160	-1.875	-0.262
49.180	-5.452	-0.240
49.200	-9.147	-0.219
49.220	-12.584	-0.194
49.240	-15.861	-0.172
49.260	-18.847	-0.140
49.280	-21.705	-0.110
49.300	-24.154	-0.075
49.320	-26.249	-0.046
49.340	-28.042	-0.013
49.360	-29.353	0.020
49.380	-30.304	0.054
49.400	-30.733	0.082
49.420	-30.803	0.118
49.440	-30.422	0.144
49.460	-29.600	0.173
49.480	-28.354	0.198
49.500	-26.673	0.225
49.520	-24.696	0.244
49.540	-22.236	0.257
49.560	-19.497	0.268
49.580	-16.484	0.277
49.600	-13.283	0.278
49.620	-9.926	0.277
49.640	-6.257	0.273
49.660	-2.691	0.261
49.680	1.117	0.252
49.700	4.684	0.236
49.720	8.400	0.215
49.740	11.806	0.193
49.760	15.216	0.170
49.780	18.246	0.142
49.800	21.167	0.111
49.820	23.713	0.074
49.840	25.905	0.044
49.860	27.704	0.013
49.880	29.095	-0.022
49.900	30.126	-0.059
49.920	30.701	-0.088
49.940	30.830	-0.121
49.960	30.540	-0.152
49.980	29.799	-0.179
50.000	28.639	-0.202
50.020	27.060	-0.228
50.040	25.121	-0.244
50.060	22.779	-0.266
50.080	20.109	-0.273
50.100	17.182	-0.282
50.120	13.986	-0.281
50.140	10.592	-0.282
50.160	7.058	-0.274
50.180	3.421	-0.272
50.200	-0.258	-0.254
50.220	-3.846	-0.240
50.240	-7.579	-0.220
50.260	-11.124	-0.200
50.280	-14.454	-0.173
50.300	-17.542	-0.145
50.320	-20.534	-0.111
50.340	-23.144	-0.084
50.360	-25.411	-0.051
50.380	-27.296	-0.018
50.400	-28.827	0.016
50.420	-29.949	0.047
50.440	-30.599	0.081
50.460	-30.825	0.111
50.480	-30.658	0.143
50.500	-30.024	0.169
50.520	-28.972	0.195
50.540	-27.468	0.219
50.560	-25.647	0.240
50.580	-23.348	0.261
50.600	-20.824	0.273
50.620	-17.848	0.282
50.640	-14.808	0.286
50.660	-11.387	0.286
50.680	-7.949	0.282
50.700	-4.222	0.276
50.720	-0.607	0.263
50.740	3.190	0.248
50.760	6.811	0.232
50.780	10.270	0.209
50.800	13.777	0.183
50.820	16.983	0.159
50.840	19.937	0.133
50.860	22.580	0.098
50.880	24.970	0.066
50.900	26.947	0.033
50.920	28.542	0.002
50.940	29.718	-0.035
50.960	30.502	-0.067
50.980	30.830	-0.099
51.000	30.717	-0.131
51.020	30.186	-0.159
51.040	29.192	-0.187
51.060	27.779	-0.215
51.080	26.018	-0.232
51.100	23.848	-0.251
51.120	21.323	-0.263
51.140	18.503	-0.278
51.160	15.431	-0.276
51.180	12.128	-0.279
51.200	8.739	-0.274
51.220	5.054	-0.273
51.240	1.380	-0.260
51.260	-2.310	-0.247
51.280	-5.957	-0.225
51.300	-9.475	-0.208
51.320	-12.998	-0.186
51.340	-16.172	-0.156
51.360	-19.277	-0.127
51.380	-21.962	-0.103
51.400	-24.428	-0.066
51.420	-26.469	-0.036
51.440	-28.241	-0.003
51.460	-29.503	0.029
51.480	-30.368	0.066
51.500	-30.771	0.093
51.520	-30.782	0.129
51.540	-30.341	0.151
51.560	-29.503	0.179
51.580	-28.166	0.203
51.600	-26.490	0.228
51.620	-24.347	0.249
51.640	-21.995	0.266
51.660	-19.148	0.269
51.680	-16.194	0.278
51.700	-12.858	0.279
51.720	-9.501	0.280
51.740	-5.822	0.273
51.760	-2.245	0.266
51.780	1.558	0.249
51.800	5.151	0.234
51.820	8.728	0.209
51.840	12.305	0.190
51.860	15.603	0.163
51.880	18.595	0.140
51.900	21.484	0.106
51.920	23.987	0.074
51.940	26.077	0.041
51.960	27.881	0.008
51.980	29.267	-0.030
52.000	30.223	-0.058
52.020	30.733	-0.093
52.040	30.825	-0.125
52.060	30.486	-0.157
52.080	29.665	-0.181
52.100	28.467	-0.212
52.120	26.845	-0.230
52.140	24.857	-0.254
52.160	22.537	-0.270
52.180	19.776	-0.280
52.200	16.908	-0.286
52.220	13.605	-0.288
52.240	10.194	-0.286
52.260	6.655	-0.283
52.280	3.094	-0.275
52.300	-0.682	-0.265
52.320	-4.351	-0.246
52.340	-7.987	-0.225
52.360	-11.414	-0.205
52.380	-14.830	-0.177
52.400	-17.961	-0.150
52.420	-20.829	-0.120
52.440	-23.337	-0.094
52.460	-25.620	-0.058
52.480	-27.479	-0.027
52.500	-28.982	0.008
52.520	-30.030	0.039
52.540	-30.647	0.070
52.560	-30.819	0.102
52.580	-30.594	0.132
52.600	-29.906	0.158
52.620	-28.832	0.182
52.640	-27.258	0.207
52.660	-25.373	0.232
52.680	-23.026	0.249
52.700	-20.491	0.258
52.720	-17.488	0.270
52.740	-14.405	0.272
52.760	-10.946	0.275
52.780	-7.412	0.265
52.800	-3.771	0.261
52.820	-0.064	0.250
52.840	3.523	0.239
52.860	7.246	0.215
52.880	10.694	0.194
52.900	14.180	0.169
52.920	17.268	0.145
52.940	20.276	0.118
52.960	22.881	0.080
52.980	25.223	0.050
53.000	27.162	0.017
53.020	28.671	-0.016
53.040	29.853	-0.051
53.060	30.545	-0.084
53.080	30.846	-0.117
53.100	30.690	-0.147
53.120	30.083	-0.176
53.140	29.047	-0.200
53.160	27.597	-0.228
53.180	25.787	-0.243
53.200	23.579	-0.262
53.220	21.006	-0.274
53.240	18.154	-0.287
53.260	15.050	-0.289
53.280	11.725	-0.287
53.300	8.314	-0.284
53.320	4.630	-0.278
53.340	0.945	-0.268
53.360	-2.659	-0.256
53.380	-6.397	-0.234
53.400	-9.877	-0.211
53.420	-13.396	-0.190
53.440	-16.538	-0.160
53.460	-19.626	-0.131
53.480	-22.317	-0.104
53.500	-24.659	-0.067
53.520	-26.727	-0.036
53.540	-28.397	-0.002
53.560	-29.627	0.030
53.580	-30.427	0.064
53.600	-30.792	0.095
53.620	-30.755	0.126
53.640	-30.255	0.155
53.660	-29.358	0.180
53.680	-27.994	0.201
53.700	-26.222	0.232
53.720	-24.095	0.248
53.740	-21.699	0.262
53.760	-18.820	0.270
53.780	-15.834	0.278
53.800	-12.488	0.277
53.820	-9.002	0.276
53.840	-5.382	0.269
53.860	-1.724	0.262
53.880	1.982	0.248
53.900	5.559	0.230
53.920	9.222	0.209
53.940	12.606	0.188
53.960	15.974	0.162
53.980	19.003	0.135
54.000	21.742	0.102
54.020	24.250	0.069
54.040	26.356	0.041
54.060	28.042	0.002
54.080	29.407	-0.031
54.100	30.298	-0.065
54.120	30.760	-0.098
54.140	30.803	-0.125
54.160	30.411	-0.154
54.180	29.552	-0.183
54.200	28.300	-0.210
54.220	26.614	-0.225
54.240	24.600	-0.250
54.260	22.167	-0.263
54.280	19.449	-0.272
54.300	16.538	-0.277
54.320	13.213	-0.279
54.340	9.775	-0.280
54.360	6.209	-0.274
54.380	2.653	-0.265
54.400	-1.117	-0.249
54.420	-4.802	-0.233
54.440	-8.427	-0.213
54.460	-11.902	-0.191
54.480	-15.141	-0.162
54.500	-18.342	-0.134
54.520	-21.114	-0.105
54.540	-23.697	-0.071
54.560	-25.856	-0.040
54.580	-27.715	-0.008
54.600	-29.149	0.022
54.620	-30.143	0.057
54.640	-30.690	0.085
54.660	-30.835	0.123
54.680	-30.535	0.150
54.700	-29.826	0.181
54.720	-28.649	0.198
54.740	-27.049	0.226
54.760	-25.137	0.245
54.780	-22.741	0.265
54.800	-20.077	0.273
54.820	-17.134	0.286
54.840	-13.954	0.284
54.860	-10.624	0.288
54.880	-6.977	0.276
54.900	-3.421	0.276
54.920	0.371	0.257
54.940	4.050	0.248
54.960	7.665	0.223
54.980	11.199	0.203
55.000	14.561	0.178
55.020	17.628	0.152
55.040	20.609	0.125
55.060	23.219	0.091
55.080	25.421	0.056
55.100	27.376	0.027
55.120	28.870	-0.010
55.140	29.949	-0.041
55.160	30.610	-0.079
55.180	30.846	-0.109
55.200	30.631	-0.140
55.220	29.981	-0.166
55.240	28.934	-0.196
55.260	27.403	-0.220
55.280	25.609	-0.238
55.300	23.289	-0.258
55.320	20.689	-0.267
55.340	17.875	-0.275
55.360	14.663	-0.277
55.380	11.290	-0.283
55.400	7.804	-0.274
55.420	4.281	-0.270
55.440	0.516	-0.257
55.460	-3.185	-0.243
55.480	-6.821	-0.224
55.500	-10.312	-0.206
55.520	-13.766	-0.177
55.540	-16.903	-0.152
55.560	-19.948	-0.125
55.580	-22.612	-0.092
55.600	-24.906	-0.059
55.620	-26.947	-0.030
55.640	-28.526	0.005
55.660	-29.740	0.038
55.680	-30.497	0.070
55.700	-30.814	0.099
55.720	-30.739	0.130
55.740	-30.175	0.157
55.760	-29.235	0.182
55.780	-27.790	0.207
55.800	-26.039	0.232
55.820	-23.805	0.250
55.840	-21.361	0.262
55.860	-18.450	0.273
55.880	-15.437	0.277
55.900	-12.058	0.276
55.920	-8.567	0.273
55.940	-5.043	0.270
55.960	-1.273	0.256
55.980	2.331	0.245
56.000	6.091	0.227
56.020	9.571	0.203
56.040	13.100	0.178
56.060	16.339	0.153
56.080	19.357	0.126
56.100	22.070	0.095
56.120	24.519	0.063
56.140	26.587	0.034
56.160	28.220	-0.007
56.180	29.509	-0.038
56.200	30.368	-0.074
56.220	30.798	-0.102
56.240	30.776	-0.139
56.260	30.325	-0.163
56.280	29.450	-0.194
56.300	28.145	-0.219
56.320	26.399	-0.237
56.340	24.331	-0.257
56.360	21.882	-0.276
56.380	19.105	-0.284
56.400	16.081	-0.287
56.420	12.885	-0.290
56.440	9.367	-0.473
56.460	5.887	-0.286
56.480	2.138	-0.274
56.500	-1.558	-0.261
56.520	-5.140	-0.241
56.540	-8.841	-0.223
56.560	-12.311	-0.199
56.580	-15.522	-0.172
56.600	-18.670	-0.146
56.620	-21.409	-0.113
56.640	-23.977	-0.085
56.660	-26.136	-0.048
56.680	-27.914	-0.017
56.700	-29.289	0.014
56.720	-30.239	0.045
56.740	-30.723	0.082
56.760	-30.814	0.110
56.780	-30.481	0.139
56.800	-29.745	0.169
56.820	-28.494	0.192
56.840	-26.898	0.221
56.860	-24.836	0.239
56.880	-22.537	0.253
56.900	-19.760	0.261
56.920	-16.854	0.273
56.940	-13.562	0.275
56.960	-10.227	0.273
56.980	-6.563	0.268
57.000	-3.002	0.259
57.020	0.790	0.248
57.040	4.469	0.232
57.060	8.083	0.211
57.080	11.510	0.188
57.100	14.937	0.165
57.120	18.068	0.142
57.140	20.856	0.109
57.160	23.509	0.074
57.180	25.722	0.043
57.200	27.516	0.011
57.220	29.025	-0.030
57.240	30.067	-0.056
57.260	30.669	-0.101
57.280	30.846	-0.112
57.300	30.583	-0.168
57.320	29.879	-0.165
57.340	28.773	-0.227
57.360	27.226	-0.209
57.380	25.298	-0.270
57.400	22.983	-0.246
57.420	20.351	-0.295
57.440	17.510	-0.270
57.460	14.266	-0.303
57.480	10.893	-0.278
57.500	7.364	-0.291
57.520	3.819	-0.276
57.540	0.054	-0.265
57.560	-3.545	-0.250
57.580	-7.283	-0.227
57.600	-10.839	-0.213
57.620	-14.126	-0.171
57.640	-17.381	-0.162
57.660	-20.324	-0.119
57.680	-22.897	-0.097
57.700	-25.266	-0.055
57.720	-27.178	-0.034
57.740	-28.784	0.005
57.760	-29.912	0.037
57.780	-30.626	0.070
57.800	-30.857	0.101
57.820	-30.728	0.131
57.840	-30.153	0.163
57.860	-29.133	0.180
57.880	-27.667	0.221
57.900	-25.851	0.232
57.920	-23.584	0.265
57.940	-21.114	0.258
57.960	-18.160	0.283
57.980	-15.034	0.273
58.000	-11.693	0.289
58.020	-8.191	0.269
58.040	-4.549	0.282
58.060	-0.859	0.255
58.080	2.841	0.256
58.100	6.488	0.222
58.120	10.044	0.223
58.140	13.401	0.178
58.160	16.704	0.169
58.180	19.690	0.129
58.200	22.344	0.107
58.220	24.723	0.062
58.240	26.802	0.041
58.260	28.418	-0.005
58.280	29.659	-0.030
58.300	30.427	-0.071
58.320	30.825	-0.097
58.340	30.739	-0.126
58.360	30.255	-0.164
58.380	29.299	-0.187
58.400	27.930	-0.219
58.420	26.173	-0.229
58.440	24.052	-0.256
58.460	21.624	-0.256
58.480	18.756	-0.281
58.500	15.684	-0.273
58.520	12.380	-0.287
58.540	9.023	-0.269
58.560	5.360	-0.282
58.580	1.676	-0.255
58.600	-1.912	-0.251
58.620	-5.677	-0.227
58.640	-9.287	-0.206
58.660	-12.729	-0.189
58.680	-15.904	-0.147
58.700	-19.057	-0.135
58.720	-21.828	-0.094
58.740	-24.261	-0.072
58.760	-26.318	-0.034
58.780	-28.134	-0.004
58.800	-29.417	0.035
58.820	-30.304	0.062
58.840	-30.787	0.091
58.860	-30.846	0.127
58.880	-30.433	0.153
58.900	-29.600	0.183
58.920	-28.343	0.206
58.940	-26.678	0.236
58.960	-24.594	0.246
58.980	-22.188	0.269
59.000	-19.449	0.270
59.020	-16.430	0.283
59.040	-13.197	0.283
59.060	-9.808	0.286
59.080	-6.155	0.277
59.100	-2.567	0.271
59.120	1.144	0.254
59.140	4.904	0.240
59.160	8.422	0.215
59.180	11.994	0.196
59.200	15.329	0.166
59.220	18.412	0.145
59.240	21.189	0.115
59.260	23.789	0.073
59.280	25.948	0.050
59.300	27.763	0.011
59.320	29.122	-0.015
59.340	30.159	-0.061
59.360	30.712	-0.084
59.380	30.835	-0.125
59.400	30.519	-0.146
59.420	29.756	-0.181
59.440	28.580	-0.208
59.460	27.006	-0.221
59.480	25.045	-0.250
59.500	22.757	-0.253
59.520	20.029	-0.286
59.540	17.161	-0.271
59.560	13.868	-0.298
59.580	10.490	-0.274
59.600	6.956	-0.290
59.620	3.421	-0.266
59.640	-0.269	-0.270
59.660	-3.964	-0.237
59.680	-7.589	-0.229
59.700	-11.215	-0.203
59.720	-14.566	-0.179
59.740	-17.639	-0.154
59.760	-20.625	-0.117
59.780	-23.208	-0.094
59.800	-25.475	-0.058
59.820	-27.376	-0.034
59.840	-28.870	0.008
59.860	-29.992	0.033
59.880	-30.647	0.074
59.900	-30.857	0.099
59.920	-30.637	0.134
59.940	-30.024	0.155
59.960	-28.956	0.186
59.980	-27.457	0.205
60.000	-25.507	0.230
60.020	-23.316	0.250
60.040	-20.668	0.262
60.060	-17.768	0.271
60.080	-14.620	0.275
60.100	-11.344	0.273
60.120	-7.724	0.268
60.140	-4.087	0.262
60.160	-0.397	0.249
60.180	3.287	0.241
60.200	6.918	0.214
60.220	10.404	0.200
60.240	13.884	0.169
60.260	17.005	0.152
60.280	19.964	0.115
60.300	22.725	0.091
60.320	24.986	0.049
60.340	27.006	0.026
60.360	28.553	-0.017
60.380	29.772	-0.046
60.400	30.502	-0.084
60.420	30.835	-0.115
60.440	30.712	-0.146
60.460	30.137	-0.175
60.480	29.192	-0.200
60.500	27.785	-0.233
60.520	25.958	-0.242
60.540	23.772	-0.265
60.560	21.302	-0.275
60.580	18.417	-0.292
60.600	15.318	-0.290
60.620	12.090	-0.292
60.640	8.535	-0.285
60.660	4.931	-0.287
60.680	1.268	-0.273
60.700	-2.342	-0.262
60.720	-6.107	-0.238
60.740	-9.587	-0.220
60.760	-13.116	-0.191
60.780	-16.253	-0.168
60.800	-19.374	-0.142
60.820	-22.027	-0.107
60.840	-24.514	-0.079
60.860	-26.522	-0.043
60.880	-28.279	-0.013
60.900	-29.541	0.024
60.920	-30.400	0.054
60.940	-30.782	0.085
60.960	-30.787	0.120
60.980	-30.336	0.147
61.000	-29.471	0.177
61.020	-28.123	0.194
61.040	-26.453	0.223
61.060	-24.288	0.242
61.080	-21.855	0.257
61.100	-19.078	0.263
61.120	-16.113	0.276
61.140	-12.783	0.271
61.160	-9.297	0.277
61.180	-5.704	0.265
61.200	-2.127	0.264
61.220	1.649	0.246
61.240	5.242	0.232
61.260	8.905	0.204
61.280	12.407	0.187
61.300	15.705	0.160
61.320	18.772	0.138
61.340	21.506	0.099
61.360	24.052	0.070
61.380	26.189	0.037
61.400	27.940	0.003
61.420	29.278	-0.024
61.440	30.218	-0.066
61.460	30.750	-0.091
61.480	30.830	-0.128
61.500	30.459	-0.152
61.520	29.665	-0.187
61.540	28.418	-0.208
61.560	26.812	-0.235
61.580	24.798	-0.248
61.600	22.392	-0.267
61.620	19.680	-0.274
61.640	16.715	-0.287
61.660	13.562	-0.285
61.680	10.146	-0.287
61.700	6.612	-0.277
61.720	2.868	-0.273
61.740	-0.720	-0.262
61.760	-4.517	-0.241
61.780	-8.057	-0.220
61.800	-11.645	-0.195
61.820	-14.953	-0.174
61.840	-18.095	-0.142
61.860	-20.979	-0.115
61.880	-23.531	0.135
61.900	-25.706	-0.052
61.920	-27.618	-0.017
61.940	-29.052	0.016
61.960	-30.110	0.053
61.980	-30.696	0.082
62.000	-30.846	0.115
62.020	-30.604	0.144
62.040	-29.944	0.169
62.060	-28.805	0.196
62.080	-27.280	0.223
62.100	-25.303	0.244
62.120	-23.063	0.256
62.140	-20.367	0.269
62.160	-17.504	0.273
62.180	-14.260	0.282
62.200	-10.962	0.279
62.220	-7.326	0.280
62.240	-3.776	0.266
62.260	0.016	0.261
62.280	3.625	0.245
62.300	7.342	0.229
62.320	10.785	0.204
62.340	14.260	0.181
62.360	17.429	0.155
62.380	20.287	0.123
62.400	23.021	0.090
62.420	25.239	0.054
62.440	27.215	0.026
62.460	28.746	-0.017
62.480	29.890	-0.042
62.500	30.578	-0.084
62.520	30.841	-0.099
62.540	30.680	-0.144
62.560	30.078	-0.163
62.580	29.042	-0.204
62.600	27.532	-0.215
62.620	25.728	-0.241
62.640	23.488	-0.250
62.660	20.910	-0.269
62.680	18.133	-0.276
62.700	14.932	-0.280
62.720	11.585	-0.283
62.740	8.089	-0.274
62.760	4.582	-0.278
62.780	0.822	-0.251
62.800	-2.788	-0.251
62.820	-6.526	-0.220
62.840	-10.114	-0.211
62.860	-13.428	-0.175
62.880	-16.747	-0.158
62.900	-19.647	-0.118
62.920	-22.435	-0.100
62.940	-24.734	-0.058
62.960	-26.839	-0.031
62.980	-28.429	0.006
63.000	-29.670	0.037
63.020	-30.454	0.069
63.040	-30.809	0.099
63.060	-30.776	0.129
63.080	-30.282	0.159
63.100	-29.348	0.183
63.120	-27.983	0.212
63.140	-26.173	0.226
63.160	-24.046	0.255
63.180	-21.603	0.262
63.200	-18.724	0.281
63.220	-15.662	0.281
63.240	-12.450	0.282
63.260	-8.905	0.277
63.280	-5.269	0.272
63.300	-1.601	0.263
63.320	2.009	0.253
63.340	5.779	0.230
63.360	9.249	0.211
63.380	12.815	0.185
63.400	16.081	0.164
63.420	19.035	0.136
63.440	21.823	0.106
63.460	24.272	0.073
63.480	26.420	0.036
63.500	28.134	0.005
63.520	29.439	-0.035
63.540	30.325	-0.063
63.560	30.776	-0.100
63.580	30.798	-0.125
63.600	30.400	-0.162
63.620	29.514	-0.183
63.640	28.247	-0.214
63.660	26.571	-0.229
63.680	24.524	-0.253
63.700	22.150	-0.264
63.720	19.352	-0.277
63.740	16.360	-0.284
63.760	13.084	-0.287
63.780	9.657	-0.287
63.800	6.193	-0.279
63.820	2.449	-0.276
63.840	-1.144	-0.257
63.860	-4.909	-0.246
63.880	-8.540	-0.219
63.900	-12.015	-0.204
63.920	-15.227	-0.171
63.940	-18.412	-0.146
63.960	-21.264	-0.120
63.980	-23.708	-0.088
64.000	-25.964	-0.057
64.020	-27.726	-0.019
64.040	-29.187	0.008
64.060	-30.143	0.045
64.080	-30.696	0.073
64.100	-30.809	0.110
64.120	-30.519	0.133
64.140	-29.810	0.169
64.160	-28.601	0.182
64.180	-27.000	0.217
64.200	-25.019	0.234
64.220	-22.725	0.251
64.240	-20.002	0.260
64.260	-17.091	0.269
64.280	-13.917	0.269
64.300	-10.420	0.273
64.320	-6.875	0.262
64.340	-3.314	0.258
64.360	0.483	0.246
64.380	4.071	0.229
64.400	7.777	0.211
64.420	11.295	0.190
64.440	14.588	0.161
64.460	17.805	0.136
64.480	20.636	0.111
64.500	23.300	0.071
64.520	25.480	0.043
64.540	27.414	0.008
64.560	28.913	-0.028
64.580	29.998	-0.063
64.600	30.626	-0.092
64.620	30.846	-0.122
64.640	30.621	-0.156
64.660	29.960	-0.179
64.680	28.891	-0.213
64.700	27.339	-0.226
64.720	25.486	-0.254
64.740	23.208	-0.263
64.760	20.598	-0.282
64.780	17.778	-0.288
64.800	14.556	-0.291
64.820	11.204	-0.292
64.840	7.681	-0.290
64.860	4.168	-0.284
64.880	0.397	-0.271
64.900	-3.207	-0.257
64.920	-6.961	-0.233
64.940	-10.420	-0.215
64.960	-13.906	-0.187
64.980	-17.085	-0.162
65.000	-19.970	-0.133
65.020	-22.704	-0.101
65.040	-24.976	-0.064
65.060	-27.022	-0.038
65.080	-28.601	-0.001
65.100	-29.793	0.028
65.120	-30.535	0.066
65.140	-30.809	0.094
65.160	-30.717	0.131
65.180	-30.191	0.149
65.200	-29.187	0.180
65.220	-27.806	0.204
65.240	-25.942	0.234
65.260	-23.826	0.249
65.280	-21.243	0.261
65.300	-18.466	0.273
65.320	-15.286	0.276
65.340	-11.988	0.276
65.360	-8.572	0.274
65.380	-4.850	0.267
65.400	-1.182	0.259
65.420	2.433	0.250
65.440	6.107	0.224
65.460	9.754	0.204
65.480	13.202	0.183
65.500	16.366	0.157
65.520	19.443	0.126
65.540	22.204	0.096
65.560	24.535	0.060
65.580	26.635	0.030
65.600	28.290	-0.009
65.620	29.579	-0.041
65.640	30.400	-0.075
65.660	30.809	-0.107
65.680	30.771	-0.135
65.700	30.304	-0.165
65.720	29.391	-0.186
65.740	28.102	-0.217
65.760	26.394	-0.235
65.780	24.256	-0.253
65.800	21.764	-0.269
65.820	19.083	-0.280
65.840	15.968	-0.284
65.860	12.687	-0.287
65.880	9.244	-0.281
65.900	5.747	-0.284
65.920	2.009	-0.265
65.940	-1.708	-0.262
65.960	-5.371	-0.233
65.980	-8.905	-0.219
66.000	-12.445	-0.186
66.020	-15.646	-0.167
66.040	-18.810	-0.136
66.060	-21.608	-0.104
66.080	-24.025	-0.073
66.100	-26.227	-0.041
66.120	-27.989	-0.013
66.140	-29.337	0.024
66.160	-30.304	0.056
66.180	-30.766	0.085
66.200	-30.841	0.122
66.220	-30.492	0.148
66.240	-29.702	0.181
66.260	-28.467	0.203
66.280	-26.845	0.234
66.300	-24.777	0.245
66.320	-22.462	0.271
66.340	-19.669	0.267
66.360	-16.693	0.288
66.380	-13.487	0.278
66.400	-10.055	0.293
66.420	-6.558	0.273
66.440	-2.804	0.275
66.460	0.897	0.252
66.480	4.582	0.248
66.500	8.110	0.219
66.520	11.709	0.205
66.540	15.034	0.171
66.560	18.144	0.150
66.580	20.953	0.118
66.600	23.584	0.082
66.620	25.781	0.055
66.640	27.575	0.019
66.660	29.031	-0.009
66.680	30.067	-0.059
66.700	30.685	-0.074
66.720	30.835	-0.127
66.740	30.578	-0.137
66.760	29.869	-0.186
66.780	28.703	-0.191
66.800	27.146	-0.235
66.820	25.228	-0.236
66.840	22.908	-0.279
66.860	20.265	-0.271
66.880	17.424	-0.294
66.900	14.239	-0.290
66.920	10.774	-0.291
66.940	7.267	-0.289
66.960	3.620	-0.277
66.980	0.032	-0.274
67.000	-3.754	-0.245
67.020	-7.289	-0.237
67.040	-10.903	-0.204
67.060	-14.276	-0.195
67.080	-17.461	-0.153
67.100	-20.308	-0.133
67.120	-23.015	-0.100
67.140	-25.244	-0.066
67.160	-27.183	-0.034
67.180	-28.789	0.007
67.200	-29.869	0.030
67.220	-30.594	0.068
67.240	-30.868	0.094
67.260	-30.685	0.147
67.280	-30.078	0.158
67.300	-29.063	0.199
67.320	-27.581	0.207
67.340	-25.695	0.242
67.360	-23.461	0.244
67.380	-20.910	0.270
67.400	-18.084	0.265
67.420	-14.894	0.282
67.440	-11.559	0.267
67.460	-8.062	0.278
67.480	-4.410	0.259
67.500	-0.725	0.260
67.520	2.884	0.236
67.540	6.617	0.225
67.560	10.173	0.198
67.580	13.600	0.178
67.600	16.812	0.149
67.620	19.787	0.126
67.640	22.516	0.091
67.660	24.782	0.058
67.680	26.861	0.023
67.700	28.467	-0.013
67.720	29.686	-0.049
67.740	30.459	-0.075
67.760	30.825	-0.109
67.780	30.739	-0.140
67.800	30.196	-0.170
67.820	29.256	-0.191
67.840	27.908	-0.228
67.860	26.120	-0.237
67.880	24.041	-0.265
67.900	21.479	-0.270
67.920	18.745	-0.286
67.940	15.603	-0.285
67.960	12.305	-0.291
67.980	8.835	-0.287
68.000	5.344	-0.284
68.020	1.681	-0.270
68.040	-2.105	-0.263
68.060	-5.683	-0.238
68.080	-9.383	-0.223
68.100	-12.729	-0.195
68.120	-16.070	-0.177
68.140	-19.057	-0.137
68.160	-21.871	-0.115
68.180	-24.267	-0.075
68.200	-26.420	-0.049
68.220	-28.145	-0.013
68.240	-29.412	0.014
68.260	-30.325	0.052
68.280	-30.739	0.078
68.300	-30.809	0.114
68.320	-30.395	0.137
68.340	-29.536	0.171
68.360	-28.263	0.190
68.380	-26.560	0.217
68.400	-24.481	0.240
68.420	-22.070	0.255
68.440	-19.309	0.263
68.460	-16.285	0.268
68.480	-13.132	0.269
68.500	-9.609	0.273
68.520	-6.021	0.263
68.540	-2.347	0.260
68.560	1.370	0.241
68.580	5.027	0.234
68.600	8.540	0.204
68.620	12.117	0.189
68.640	15.420	0.156
68.660	18.434	0.133
68.680	21.350	0.102
68.700	23.810	0.067
68.720	26.028	0.037
68.740	27.769	0.004
68.760	29.208	-0.031
68.780	30.164	-0.064
68.800	30.717	-0.094
68.820	30.835	-0.129
68.840	30.519	-0.158
68.860	29.740	-0.187
68.880	28.574	-0.209
68.900	26.941	-0.236
68.920	25.029	-0.246
68.940	22.602	-0.273
68.960	19.937	-0.274
68.980	17.064	-0.292
69.000	13.782	-0.286
69.020	10.377	-0.295
69.040	6.832	-0.279
69.060	3.201	-0.281
69.080	-0.489	-0.261
69.100	-4.179	-0.250
69.120	-7.718	-0.220
69.140	-11.338	-0.203
69.160	-14.668	-0.175
69.180	-17.741	-0.151
69.200	-20.716	-0.121
69.220	-23.235	-0.087
69.240	-25.540	-0.057
69.260	-27.414	-0.021
69.280	-28.950	0.004
69.300	-30.014	0.044
69.320	-30.658	0.074
69.340	-30.835	0.108
69.360	-30.631	0.135
69.380	-29.998	0.164
69.400	-28.880	0.190
69.420	-27.387	0.214
69.440	-25.470	0.236
69.460	-23.278	0.257
69.480	-20.609	0.266
69.500	-17.751	0.276
69.520	-14.529	0.282
69.540	-11.172	0.277
69.560	-7.638	0.274
69.580	-4.012	0.266
69.600	-0.301	0.257
69.620	3.411	0.242
69.640	6.939	0.223
69.660	10.576	0.203
69.680	13.890	0.178
69.700	17.171	0.151
69.720	20.045	0.127
69.740	22.784	0.085
69.760	25.104	0.062
69.780	27.011	0.020
69.800	28.633	-0.008
69.820	29.810	-0.046
69.840	30.540	-0.075
69.860	30.841	-0.113
69.880	30.707	-0.141
69.900	30.132	-0.169
69.920	29.122	-0.192
69.940	27.699	-0.222
69.960	25.883	-0.237
69.980	23.756	-0.254
70.000	21.146	-0.267
70.020	18.315	-0.278
70.040	15.211	-0.279
70.060	11.967	-0.279
70.080	8.481	-0.282
70.100	4.802	-0.272
70.120	1.128	-0.258
70.140	-2.476	-0.245
70.160	-6.214	-0.226
70.180	-9.813	-0.204
70.200	-13.165	-0.179
70.220	-16.489	-0.153
70.240	-19.470	-0.121
70.260	-22.209	-0.094
70.280	-24.600	-0.058
70.300	-26.625	-0.032
70.320	-28.370	0.006
70.340	-29.605	0.034
70.360	-30.433	0.072
70.380	-30.798	0.099
70.400	-30.803	0.136
70.420	-30.331	0.158
70.440	-29.450	0.190
70.460	-28.091	0.204
70.480	-26.372	0.237
70.500	-24.310	0.252
70.520	-21.791	0.272
70.540	-19.062	0.275
70.560	-15.952	0.285
70.580	-12.681	0.283
70.600	-9.211	0.285
70.620	-5.618	0.276
70.640	-1.917	0.271
70.660	1.697	0.251
70.680	5.360	0.234
70.700	9.040	0.216
70.720	12.520	0.197
70.740	15.716	0.165
70.760	18.863	0.137
70.780	21.678	0.109
70.800	24.138	0.076
70.820	26.189	0.046
70.840	27.994	0.004
70.860	29.342	-0.019
70.880	30.277	-0.058
70.900	30.755	-0.086
70.920	30.814	-0.124
70.940	30.443	-0.146
70.960	29.638	-0.178
70.980	28.418	-0.201
71.000	26.732	-0.220
71.020	24.777	-0.244
71.040	22.312	-0.258
71.060	19.674	-0.269
71.080	16.629	-0.278
71.100	13.379	-0.280
71.120	9.969	-0.278
71.140	6.510	-0.273
71.160	2.761	-0.266
71.180	-0.827	-0.253
71.200	-4.614	-0.235
71.220	-8.132	-0.215
71.240	-11.720	-0.195
71.260	-15.039	-0.169
71.280	-18.090	-0.138
71.300	-21.033	-0.109
71.320	-23.509	-0.081
71.340	-25.792	-0.046
71.360	-27.634	-0.017
71.380	-29.095	0.016
71.400	-30.073	0.052
71.420	-30.669	0.075
71.440	-30.852	0.111
71.460	-30.556	0.140
71.480	-29.885	0.168
71.500	-28.730	0.193
71.520	-27.140	0.214
71.540	-25.250	0.238
71.560	-22.892	0.255
71.580	-20.313	0.264
71.600	-17.306	0.277
71.620	-14.110	0.274
71.640	-10.748	0.276
71.660	-7.192	0.269
71.680	-3.540	0.263
71.700	0.156	0.249
71.720	3.846	0.237
71.740	7.482	0.211
71.760	11.011	0.194
71.780	14.309	0.167
71.800	17.547	0.142
71.820	20.394	0.112
71.840	23.090	0.082
71.860	25.362	0.053
71.880	27.226	0.016
71.900	28.789	-0.015
71.920	29.917	-0.055
71.940	30.588	-0.084
71.960	30.846	-0.119
71.980	30.658	-0.144
72.000	30.051	-0.175
72.020	29.004	-0.198
72.040	27.532	-0.229
72.060	25.652	-0.239
72.080	23.472	-0.266
72.100	20.834	-0.270
72.120	17.961	-0.291
72.140	14.851	-0.284
72.160	11.483	-0.291
72.180	8.089	-0.283
72.200	4.383	-0.278
72.220	0.795	-0.270
72.240	-2.992	-0.258
72.260	-6.542	-0.235
72.280	-10.200	-0.214
72.300	-13.594	-0.189
72.320	-16.817	-0.163
72.340	-19.803	-0.134
72.360	-22.414	-0.104
72.380	-24.847	-0.072
72.400	-26.812	-0.038
72.420	-28.494	-0.005
72.440	-29.681	0.024
72.460	-30.492	0.061
72.480	-30.792	0.089
72.500	-30.733	0.124
72.520	-30.229	0.148
72.540	-29.283	0.179
72.560	-27.924	0.197
72.580	-26.104	0.227
72.600	-23.993	0.240
72.620	-21.441	0.257
72.640	-18.697	0.264
72.660	-15.619	0.271
72.680	-12.251	0.271
72.700	-8.760	0.272
72.720	-5.156	0.261
72.740	-1.563	0.256
72.760	2.224	0.243
72.780	5.887	0.225
72.800	9.464	0.199
72.820	12.928	0.182
72.840	16.097	0.151
72.860	19.196	0.129
72.880	21.962	0.094
72.900	24.342	0.059
72.920	26.485	0.031
72.940	28.128	-0.004
72.960	29.444	-0.039
72.980	30.325	-0.074
73.000	30.782	-0.104
73.020	30.803	-0.134
73.040	30.363	-0.165
73.060	29.482	-0.190
73.080	28.193	-0.220
73.100	26.512	-0.235
73.120	24.455	-0.255
73.140	22.016	-0.270
73.160	19.336	-0.278
73.180	16.253	-0.284
73.200	12.982	-0.286
73.220	9.544	-0.288
73.240	6.064	-0.278
73.260	2.310	-0.272
73.280	-1.375	-0.256
73.300	-4.963	-0.239
73.320	-8.669	-0.217
73.340	-12.058	-0.195
73.360	-15.442	-0.166
73.380	-18.536	-0.140
73.400	-21.302	-0.112
73.420	-23.826	-0.076
73.440	-26.050	-0.046
73.460	-27.801	-0.013
73.480	-29.240	0.018
73.500	-30.223	0.053
73.520	-30.750	0.084
73.540	-30.835	0.118
73.560	-30.545	0.143
73.580	-29.788	0.174
73.600	-28.633	0.196
73.620	-26.984	0.223
73.640	-25.040	0.243
73.660	-22.628	0.263
73.680	-20.013	0.265
73.700	-16.983	0.278
73.720	-13.771	0.279
73.740	-10.334	0.280
73.760	-6.794	0.269
73.780	-3.126	0.269
73.800	0.575	0.254
73.820	4.163	0.241
73.840	7.874	0.217
73.860	11.408	0.198
73.880	14.749	0.171
73.900	17.891	0.149
73.920	20.775	0.118
73.940	23.311	0.085
73.960	25.604	0.054
73.980	27.462	0.019
74.000	28.918	-0.017
74.020	29.992	-0.050
74.040	30.647	-0.083
74.060	30.846	-0.114
74.080	30.615	-0.144
74.100	29.928	-0.166
74.120	28.843	-0.194
74.140	27.339	-0.220
74.160	25.464	-0.235
74.180	23.101	-0.256
74.200	20.496	-0.260
74.220	17.596	-0.275
74.240	14.518	-0.272
74.260	11.070	-0.278
74.280	7.562	-0.269
74.300	4.018	-0.266
74.320	0.258	-0.248
74.340	-3.443	-0.238
74.360	-6.982	-0.219
74.380	-10.629	-0.195
74.400	-14.024	-0.174
74.420	-17.112	-0.144
74.440	-20.083	-0.117
74.460	-22.806	-0.084
74.480	-25.078	-0.053
74.500	-27.092	-0.022
74.520	-28.644	0.011
74.540	-29.831	0.046
74.560	-30.562	0.074
74.580	-30.852	0.108
74.600	-30.717	0.140
74.620	-30.153	0.165
74.640	-29.160	0.194
74.660	-27.752	0.219
74.680	-25.889	0.239
74.700	-23.746	0.256
74.720	-21.232	0.270
74.740	-18.305	0.277
74.760	-15.259	0.282
74.780	-11.870	0.285
74.800	-8.357	0.281
74.820	-4.743	0.273
74.840	-1.053	0.261
74.860	2.659	0.074
74.880	6.225	0.229
74.900	9.867	0.211
74.920	13.234	0.182
74.940	16.543	0.159
74.960	19.465	0.128
74.980	22.285	0.102
75.000	24.610	0.066
75.020	26.716	0.033
75.040	28.306	0.002
75.060	29.579	-0.037
75.080	30.417	-0.065
75.100	30.809	-0.103
75.120	30.755	-0.125
75.140	30.304	-0.158
75.160	29.385	-0.187
75.180	28.021	-0.212
75.200	26.286	-0.226
75.220	24.240	-0.253
75.240	21.694	-0.266
75.260	18.928	-0.277
75.280	15.958	-0.280
75.300	12.676	-0.283
75.320	9.233	-0.283
75.340	5.554	-0.274
75.360	1.896	-0.270
75.380	-1.799	-0.249
75.400	-5.462	-0.239
75.420	-9.083	-0.213
75.440	-12.445	-0.196
75.460	-15.796	-0.167
75.480	-18.788	-0.140
75.500	-21.635	-0.107
75.520	-24.057	-0.076
75.540	-26.254	-0.047
75.560	-28.010	-0.009
