--- Pendolo di torsione ---
Tempo.Forzante.Pendolo
0.000	22.274	-0.589
0.020	19.626	-0.251
0.040	16.559	-0.265
0.060	13.299	-0.277
0.080	9.877	-0.282
0.100	6.311	-0.282
0.120	2.659	-0.282
0.140	-1.042	-0.273
0.160	-4.721	-0.261
0.180	-8.357	-0.244
0.200	-11.838	-0.230
0.220	-15.152	-0.206
0.240	-18.208	-0.183
0.260	-21.157	-0.157
0.280	-23.622	-0.128
0.300	-25.889	-0.095
0.320	-27.699	-0.066
0.340	-29.154	-0.029
0.360	-30.159	0.003
0.380	-30.690	0.038
0.400	-30.868	0.071
0.420	-30.535	0.107
0.440	-29.858	0.137
0.460	-28.655	0.164
0.480	-27.070	0.195
0.500	-25.094	0.223
0.520	-22.752	0.248
0.540	-20.093	0.265
0.560	-17.096	0.278
0.580	-13.949	0.286
0.600	-10.511	0.296
0.620	-6.966	0.294
0.640	-3.282	0.295
0.660	0.414	0.286
0.680	4.104	0.279
0.700	7.718	0.260
0.720	11.274	0.245
0.740	14.620	0.226
0.760	17.773	0.202
0.780	20.679	0.174
0.800	23.284	0.145
0.820	25.529	0.115
0.840	27.409	0.082
0.860	28.896	0.048
0.880	29.987	0.013
0.900	30.631	-0.019
0.920	30.846	-0.058
0.940	30.621	-0.087
0.960	29.938	-0.123
0.980	28.848	-0.152
1.000	27.339	-0.184
1.020	25.448	-0.211
1.040	23.166	-0.235
1.060	20.555	-0.251
1.080	17.660	-0.267
1.100	14.497	-0.277
1.120	11.134	-0.290
1.140	7.616	-0.290
1.160	3.985	-0.293
1.180	0.295	-0.286
1.200	-3.395	-0.277
1.220	-6.956	-0.260
1.240	-10.603	-0.248
1.260	-13.895	-0.221
1.280	-17.198	-0.203
1.300	-20.136	-0.175
1.320	-22.773	-0.149
1.340	-25.115	-0.115
1.360	-27.092	-0.090
1.380	-28.666	-0.049
1.400	-29.820	-0.020
1.420	-30.540	0.015
1.440	-30.825	0.048
1.460	-30.685	0.083
1.480	-30.110	0.114
1.500	-29.106	0.145
1.520	-27.634	0.176
1.540	-25.803	0.205
1.560	-23.601	0.227
1.580	-21.044	0.249
1.600	-18.181	0.259
1.620	-15.066	0.274
1.640	-11.747	0.277
1.660	-8.229	0.287
1.680	-4.592	0.282
1.700	-0.897	0.282
1.720	2.804	0.269
1.740	6.467	0.260
1.760	10.022	0.239
1.780	13.455	0.225
1.800	16.677	0.197
1.820	19.669	0.176
1.840	22.344	0.143
1.860	24.771	0.112
1.880	26.796	0.082
1.900	28.386	0.049
1.920	29.654	0.015
1.940	30.454	-0.021
1.960	30.819	-0.054
1.980	30.744	-0.089
2.000	30.245	-0.120
2.020	29.289	-0.156
2.040	27.903	-0.182
2.060	26.163	-0.208
2.080	24.025	-0.232
2.100	21.511	-0.256
2.120	18.729	-0.271
2.140	15.657	-0.282
2.160	12.439	-0.291
2.180	8.878	-0.296
2.200	5.296	-0.298
2.220	1.627	-0.294
2.240	-2.079	-0.288
2.260	-5.736	-0.273
2.280	-9.260	-0.260
2.300	-12.789	-0.236
2.320	-16.054	-0.217
2.340	-19.116	-0.187
2.360	-21.866	-0.165
2.380	-24.250	-0.130
2.400	-26.415	-0.104
2.420	-28.150	-0.066
2.440	-29.434	-0.033
2.460	-30.336	0.005
2.480	-30.755	0.035
2.500	-30.782	0.072
2.520	-30.368	0.102
2.540	-29.498	0.136
2.560	-28.220	0.162
2.580	-26.506	0.194
2.600	-24.438	0.224
2.620	-22.021	0.242
2.640	-19.239	0.260
2.660	-16.210	0.274
2.680	-12.955	0.282
2.700	-9.491	0.288
2.720	-5.897	0.286
2.740	-2.213	0.282
2.760	1.488	0.277
2.780	5.167	0.266
2.800	8.766	0.254
2.820	12.251	0.237
2.840	15.565	0.213
2.860	18.627	0.187
2.880	21.474	0.162
2.900	23.960	0.133
2.920	26.109	0.100
2.940	27.887	0.064
2.960	29.256	0.033
2.980	30.218	-0.000
3.000	30.728	-0.035
3.020	30.819	-0.069
3.040	30.470	-0.105
3.060	29.665	-0.132
3.080	28.456	-0.166
3.100	26.812	-0.191
3.120	24.841	-0.220
3.140	22.451	-0.244
3.160	19.744	-0.256
3.180	16.854	-0.274
3.200	13.551	-0.275
3.220	10.125	-0.292
3.240	6.580	-0.284
3.260	3.019	-0.290
3.280	-0.773	-0.275
3.300	-4.442	-0.273
3.320	-8.089	-0.251
3.340	-11.618	-0.239
3.360	-14.937	-0.211
3.380	-18.063	-0.194
3.400	-20.931	-0.164
3.420	-23.493	-0.136
3.440	-25.722	-0.103
3.460	-27.591	-0.070
3.480	-29.025	-0.034
3.500	-30.078	-0.000
3.520	-30.669	0.031
3.540	-30.841	0.071
3.560	-30.572	0.100
3.580	-29.879	0.135
3.600	-28.746	0.163
3.620	-27.162	0.197
3.640	-25.233	0.222
3.660	-22.988	0.246
3.680	-20.276	0.262
3.700	-17.338	0.278
3.720	-14.142	0.287
3.740	-10.742	0.296
3.760	-7.203	0.293
3.780	-3.556	0.291
3.800	0.167	0.290
3.820	3.851	0.277
3.840	7.482	0.270
3.860	11.021	0.250
3.880	14.400	0.232
3.900	17.563	0.204
3.920	20.480	0.182
3.940	23.112	0.150
3.960	25.389	0.126
3.980	27.269	0.085
4.000	28.811	0.057
4.020	29.933	0.019
4.040	30.604	-0.013
4.060	30.841	-0.048
4.080	30.642	-0.083
4.100	30.008	-0.111
4.120	28.929	-0.151
4.140	27.457	-0.178
4.160	25.636	-0.210
4.180	23.337	-0.226
4.200	20.749	-0.249
4.220	17.864	-0.258
4.240	14.808	-0.278
4.260	11.349	-0.284
4.280	7.853	-0.287
4.300	4.238	-0.286
4.320	0.559	-0.278
4.340	-3.045	-0.274
4.360	-6.800	-0.257
4.380	-10.377	-0.244
4.400	-13.755	-0.219
4.420	-16.973	-0.203
4.440	-19.948	-0.170
4.460	-22.596	-0.147
4.480	-24.965	-0.110
4.500	-26.968	-0.085
4.520	-28.585	-0.048
4.540	-29.756	-0.017
4.560	-30.486	0.019
4.580	-30.830	0.050
4.600	-30.696	0.086
4.620	-30.191	0.118
4.640	-29.197	0.148
4.660	-27.779	0.183
4.680	-25.964	0.209
4.700	-23.767	0.233
4.720	-21.253	0.254
4.740	-18.391	0.269
4.760	-15.297	0.280
4.780	-11.983	0.286
4.800	-8.470	0.292
4.820	-4.845	0.288
4.840	-1.166	0.283
4.860	2.546	0.277
4.880	6.193	0.266
4.900	9.770	0.249
4.920	13.229	0.228
4.940	16.468	0.208
4.960	19.470	0.180
4.980	22.209	0.151
5.000	24.626	0.121
5.020	26.662	0.094
5.040	28.311	0.059
5.060	29.557	0.025
5.080	30.411	-0.014
5.100	30.814	-0.045
5.120	30.760	-0.081
5.140	30.293	-0.113
5.160	29.358	-0.145
5.180	28.026	-0.178
5.200	26.292	-0.207
5.220	24.191	-0.227
5.240	21.705	-0.248
5.260	18.933	-0.265
5.280	15.872	-0.282
5.300	12.579	-0.291
5.320	9.120	-0.293
5.340	5.554	-0.301
5.360	1.875	-0.290
5.380	-1.832	-0.291
5.400	-5.495	-0.270
5.420	-9.104	-0.262
5.440	-12.558	-0.236
5.460	-15.829	-0.219
5.480	-18.901	-0.191
5.500	-21.710	-0.169
5.520	-24.170	-0.134
5.540	-26.216	-0.108
5.560	-28.048	-0.072
5.580	-29.385	-0.040
5.600	-30.266	-0.005
5.620	-30.750	0.030
5.640	-30.792	0.061
5.660	-30.400	0.097
5.680	-29.579	0.127
5.700	-28.333	0.159
5.720	-26.662	0.193
5.740	-24.583	0.211
5.760	-22.177	0.237
5.780	-19.427	0.252
5.800	-16.430	0.270
5.820	-13.202	0.277
5.840	-9.732	0.283
5.860	-6.145	0.280
5.880	-2.465	0.280
5.900	1.225	0.274
5.920	4.915	0.266
5.940	8.433	0.245
5.960	12.021	0.230
5.980	15.345	0.205
6.000	18.434	0.186
6.020	21.275	0.160
6.040	23.805	0.127
6.060	25.980	0.096
6.080	27.769	0.063
6.100	29.176	0.033
6.120	30.164	-0.005
6.140	30.707	-0.035
6.160	30.835	-0.074
6.180	30.502	-0.102
6.200	29.740	-0.139
6.220	28.547	-0.169
6.240	26.941	-0.199
6.260	24.986	-0.219
6.280	22.677	-0.246
6.300	19.943	-0.261
6.320	16.989	-0.277
6.340	13.771	-0.288
6.360	10.377	-0.292
6.380	6.929	-0.298
6.400	3.190	-0.294
6.420	-0.510	-0.290
6.440	-4.189	-0.275
6.460	-7.750	-0.265
6.480	-11.344	-0.243
6.500	-14.679	-0.225
6.520	-17.773	-0.198
6.540	-20.749	-0.170
6.560	-23.327	-0.145
6.580	-25.550	-0.116
6.600	-27.479	-0.080
6.620	-28.956	-0.045
6.640	-30.019	-0.008
6.660	-30.653	0.023
6.680	-30.819	0.058
6.700	-30.610	0.094
6.720	-29.933	0.124
6.740	-28.870	0.153
6.760	-27.274	0.183
6.780	-25.368	0.212
6.800	-23.080	0.236
6.820	-20.458	0.254
6.840	-17.537	0.270
6.860	-14.368	0.282
6.880	-11.005	0.284
6.900	-7.455	0.286
6.920	-3.803	0.286
6.940	-0.102	0.284
6.960	3.599	0.275
6.980	7.235	0.263
7.000	10.785	0.246
7.020	14.169	0.224
7.040	17.365	0.200
7.060	20.287	0.174
7.080	22.956	0.144
7.100	25.239	0.118
7.120	27.183	0.083
7.140	28.714	0.053
7.160	29.869	0.021
7.180	30.572	-0.016
7.200	30.846	-0.050
7.220	30.674	-0.084
7.240	30.067	-0.116
7.260	29.025	-0.148
7.280	27.564	-0.179
7.300	25.738	-0.202
7.320	23.504	-0.227
7.340	20.931	-0.244
7.360	18.063	-0.261
7.380	14.948	-0.272
7.400	11.602	-0.281
7.420	8.105	-0.282
7.440	4.485	-0.282
7.460	0.800	-0.275
7.480	-2.804	-0.268
7.500	-6.553	-0.253
7.520	-10.130	-0.243
7.540	-13.530	-0.216
7.560	-16.758	-0.196
7.580	-19.755	-0.170
7.600	-22.435	-0.145
7.620	-24.825	-0.112
7.640	-26.850	-0.085
7.660	-28.445	-0.045
7.680	-29.697	-0.012
7.700	-30.486	0.025
7.720	-30.803	0.051
7.740	-30.739	0.092
7.760	-30.218	0.119
7.780	-29.278	0.153
7.800	-27.865	0.181
7.820	-26.098	0.214
7.840	-23.944	0.235
7.860	-21.436	0.260
7.880	-18.589	0.270
7.900	-15.528	0.286
7.920	-12.230	0.291
7.940	-8.728	0.294
7.960	-5.108	0.295
7.980	-1.499	0.291
8.000	2.299	0.285
8.020	5.951	0.274
8.040	9.528	0.255
8.060	12.998	0.237
8.080	16.248	0.212
8.100	19.266	0.193
8.120	21.979	0.162
8.140	24.460	0.128
8.160	26.533	0.096
8.180	28.214	0.063
8.200	29.509	0.029
8.220	30.368	-0.002
8.240	30.792	-0.038
8.260	30.782	-0.075
8.280	30.352	-0.106
8.300	29.434	-0.145
8.320	28.139	-0.167
8.340	26.426	-0.207
8.360	24.347	-0.223
8.380	21.876	-0.261
8.400	19.116	-0.273
8.420	16.178	-0.294
8.440	12.810	-0.313
8.460	9.367	-0.297
8.480	5.785	-0.325
8.500	2.122	-0.284
8.520	-1.456	-0.326
8.540	-5.253	-0.265
8.560	-8.873	-0.298
8.580	-12.337	-0.232
8.600	-15.625	-0.249
8.620	-18.702	-0.190
8.640	-21.511	-0.184
8.660	-24.003	-0.138
8.680	-26.104	-0.106
8.700	-27.940	-0.074
8.720	-29.305	-0.034
8.740	-30.229	0.000
8.760	-30.733	0.033
8.780	-30.798	0.078
8.800	-30.459	0.093
8.820	-29.654	0.148
8.840	-28.402	0.152
8.860	-26.780	0.215
8.880	-24.729	0.198
8.900	-22.354	0.262
8.920	-19.637	0.242
8.940	-16.640	0.291
8.960	-13.412	0.265
8.980	-9.985	0.308
9.000	-6.392	0.267
9.020	-2.729	0.303
9.040	0.978	0.260
9.060	4.662	0.287
9.080	8.266	0.237
9.100	11.790	0.253
9.120	15.114	0.202
9.140	18.219	0.200
9.160	21.092	0.157
9.180	23.584	0.136
9.200	25.830	0.102
9.220	27.667	0.065
9.240	29.101	0.044
9.260	30.116	-0.010
9.280	30.696	-0.021
9.300	30.835	-0.088
9.320	30.545	-0.089
9.340	29.804	-0.159
9.360	28.655	-0.155
9.380	27.076	-0.212
9.400	25.147	-0.215
9.420	22.790	-0.261
9.440	20.136	-0.275
9.460	17.209	-0.286
9.480	14.099	-0.318
9.500	10.619	-0.294
9.520	7.090	-0.340
9.540	3.534	-0.285
9.560	-0.242	-0.340
9.580	-3.937	-0.262
9.600	-7.568	-0.315
9.620	-11.097	-0.232
9.640	-14.475	-0.273
9.660	-17.628	-0.192
9.680	-20.544	-0.218
9.700	-23.144	-0.147
9.720	-25.405	-0.144
9.740	-27.339	-0.091
9.760	-28.854	-0.061
9.780	-29.933	-0.028
9.800	-30.599	0.020
9.820	-30.792	0.039
9.840	-30.615	0.099
9.860	-29.981	0.107
9.880	-28.902	0.160
9.900	-27.387	0.170
9.920	-25.480	0.215
9.940	-23.235	0.218
9.960	-20.646	0.260
9.980	-17.805	0.254
10.000	-14.577	0.286
10.020	-11.220	0.274
10.040	-7.681	0.294
10.060	-4.034	0.278
10.080	-0.354	0.286
10.100	3.352	0.270
10.120	6.913	0.262
10.140	10.533	0.240
10.160	13.949	0.223
10.180	17.150	0.196
10.200	20.088	0.170
10.220	22.784	0.145
10.240	25.094	0.114
10.260	27.065	0.083
10.280	28.628	0.044
10.300	29.799	0.019
10.320	30.529	-0.020
10.340	30.841	-0.054
10.360	30.696	-0.086
10.380	30.132	-0.124
10.400	29.111	-0.144
10.420	27.667	-0.193
10.440	25.867	-0.194
10.460	23.665	-0.247
10.480	21.119	-0.239
10.500	18.272	-0.283
10.520	15.179	-0.271
10.540	11.838	-0.303
10.560	8.357	-0.283
10.580	4.743	-0.308
10.600	1.074	-0.282
10.620	-2.637	-0.300
10.640	-6.290	-0.261
10.660	-9.883	-0.267
10.680	-13.310	-0.220
10.700	-16.538	-0.223
10.720	-19.540	-0.177
10.740	-22.252	-0.163
10.760	-24.659	-0.127
10.780	-26.651	-0.099
10.800	-28.381	-0.068
10.820	-29.611	-0.029
10.840	-30.443	0.002
10.860	-30.787	0.042
10.880	-30.755	0.076
10.900	-30.271	0.122
10.920	-29.364	0.145
10.940	-28.000	0.180
10.960	-26.238	0.207
10.980	-24.100	0.233
11.000	-21.619	0.253
11.020	-18.815	0.268
11.040	-15.743	0.287
11.060	-12.472	0.290
11.080	-8.964	0.300
11.100	-5.366	0.288
11.120	-1.681	0.299
11.140	2.030	0.279
11.160	5.709	0.281
11.180	9.271	0.253
11.200	12.762	0.250
11.220	16.038	0.211
11.240	19.067	0.200
11.260	21.876	0.155
11.280	24.293	0.143
11.300	26.404	0.098
11.320	28.112	0.079
11.340	29.434	0.034
11.360	30.320	0.005
11.380	30.782	-0.030
11.400	30.787	-0.069
11.420	30.374	-0.090
11.440	29.514	-0.140
11.460	28.241	-0.151
11.480	26.544	-0.206
11.500	24.503	-0.199
11.520	22.070	-0.251
11.540	19.331	-0.237
11.560	16.312	-0.287
11.580	13.052	-0.258
11.600	9.609	-0.302
11.620	6.134	-0.272
11.640	2.385	-0.298
11.660	-1.321	-0.267
11.680	-5.006	-0.274
11.700	-8.524	-0.247
11.720	-12.090	-0.232
11.740	-15.404	-0.212
11.760	-18.509	-0.182
11.780	-21.350	-0.168
11.800	-23.826	-0.120
11.820	-26.023	-0.107
11.840	-27.822	-0.060
11.860	-29.213	-0.040
11.880	-30.202	0.009
11.900	-30.696	0.029
11.920	-30.830	0.073
11.940	-30.497	0.100
11.960	-29.713	0.136
11.980	-28.537	0.164
12.000	-26.909	0.199
12.020	-24.911	0.224
12.040	-22.537	0.243
12.060	-19.819	0.269
12.080	-16.854	0.274
12.100	-13.648	0.291
12.120	-10.232	0.288
12.140	-6.655	0.298
12.160	-2.981	0.285
12.180	0.720	0.294
12.200	4.318	0.272
12.220	8.019	0.267
12.240	11.532	0.233
12.260	14.883	0.228
12.280	18.020	0.192
12.300	20.894	0.175
12.320	23.472	0.134
12.340	25.701	0.110
12.360	27.559	0.073
12.380	29.004	0.047
12.400	30.057	0.008
12.420	30.664	-0.029
12.440	30.841	-0.058
12.460	30.583	-0.096
12.480	29.869	-0.126
12.500	28.746	-0.165
12.520	27.205	-0.182
12.540	25.282	-0.219
12.560	22.978	-0.236
12.580	20.340	-0.259
12.600	17.424	-0.272
12.620	14.223	-0.285
12.640	10.860	-0.290
12.660	7.315	-0.291
12.680	3.706	-0.293
12.700	0.016	-0.288
12.720	-3.674	-0.278
12.740	-7.321	-0.262
12.760	-10.876	-0.251
12.780	-14.239	-0.223
12.800	-17.440	-0.207
12.820	-20.340	-0.172
12.840	-22.978	-0.157
12.860	-25.282	-0.112
12.880	-27.199	-0.095
12.900	-28.757	-0.047
12.920	-29.879	-0.023
12.940	-30.567	0.017
12.960	-30.819	0.047
12.980	-30.642	0.083
13.000	-30.035	0.119
13.020	-29.004	0.141
13.040	-27.538	0.178
13.060	-25.642	0.199
13.080	-23.423	0.231
13.100	-20.834	0.243
13.120	-17.939	0.264
13.140	-14.824	0.275
13.160	-11.473	0.285
13.180	-7.949	0.284
13.200	-4.302	0.286
13.220	-0.607	0.277
13.240	3.104	0.274
13.260	6.730	0.255
13.280	10.302	0.241
13.300	13.643	0.222
13.320	16.935	0.197
13.340	19.895	0.175
13.360	22.596	0.141
13.380	24.933	0.115
13.400	26.941	0.076
13.420	28.526	0.055
13.440	29.718	0.012
13.460	30.502	-0.016
13.480	30.830	-0.060
13.500	30.723	-0.085
13.520	30.180	-0.124
13.540	29.192	-0.152
13.560	27.790	-0.187
13.580	26.012	-0.210
13.600	23.837	-0.232
13.620	21.307	-0.258
13.640	18.482	-0.264
13.660	15.399	-0.289
13.680	12.058	-0.283
13.700	8.588	-0.300
13.720	4.984	-0.296
13.740	1.311	-0.294
13.760	-2.283	-0.282
13.780	-6.059	-0.270
13.800	-9.652	-0.253
13.820	-13.068	-0.236
13.840	-16.333	-0.209
13.860	-19.357	-0.189
13.880	-22.107	-0.155
13.900	-24.524	-0.128
13.920	-26.614	-0.095
13.940	-28.311	-0.062
13.960	-29.568	-0.033
13.980	-30.411	0.009
14.000	-30.803	0.032
14.020	-30.787	0.079
14.040	-30.352	0.101
14.060	-29.455	0.141
14.080	-28.139	0.166
14.100	-26.383	0.200
14.120	-24.288	0.220
14.140	-21.812	0.250
14.160	-19.035	0.256
14.180	-15.984	0.281
14.200	-12.713	0.281
14.220	-9.233	0.295
14.240	-5.645	0.289
14.260	-1.950	0.292
14.280	1.762	0.278
14.300	5.436	0.270
14.320	9.023	0.253
14.340	12.504	0.236
14.360	15.796	0.212
14.380	18.853	0.189
14.400	21.678	0.159
14.420	24.143	0.129
14.440	26.259	0.104
14.460	27.962	0.063
14.480	29.358	0.044
14.500	30.250	-0.004
14.520	30.760	-0.029
14.540	30.803	-0.073
14.560	30.417	-0.097
14.580	29.589	-0.136
14.600	28.354	-0.165
14.620	26.673	-0.194
14.640	24.659	-0.214
14.660	22.231	-0.238
14.680	19.519	-0.253
14.700	16.602	-0.274
14.720	13.272	-0.284
14.740	9.840	-0.288
14.760	6.279	-0.295
14.780	2.723	-0.285
14.800	-1.069	-0.289
14.820	-4.759	-0.263
14.840	-8.395	-0.261
14.860	-11.902	-0.231
14.880	-15.195	-0.219
14.900	-18.332	-0.185
14.920	-21.184	-0.166
14.940	-23.724	-0.135
14.960	-25.905	-0.107
14.980	-27.747	-0.073
15.000	-29.170	-0.037
15.020	-30.164	-0.006
15.040	-30.701	0.032
15.060	-30.857	0.063
15.080	-30.535	0.103
15.100	-29.810	0.133
15.120	-28.660	0.174
15.140	-27.038	0.196
15.160	-25.067	0.225
15.180	-22.730	0.245
15.200	-20.061	0.265
15.220	-17.075	0.278
15.240	-13.906	0.288
15.260	-10.490	0.297
15.280	-6.907	0.295
15.300	-3.250	0.290
15.320	0.451	0.291
15.340	4.141	0.282
15.360	7.761	0.269
15.380	11.285	0.249
15.400	14.658	0.227
15.420	17.805	0.204
15.440	20.641	0.178
15.460	23.327	0.145
15.480	25.556	0.119
15.500	27.446	0.082
15.520	28.913	0.054
15.540	30.008	0.013
15.560	30.637	-0.018
15.580	30.841	-0.056
15.600	30.610	-0.083
15.620	29.944	-0.121
15.640	28.827	-0.149
15.660	27.312	-0.182
15.680	25.432	-0.201
15.700	23.144	-0.230
15.720	20.518	-0.244
15.740	17.623	-0.267
15.760	14.470	-0.281
15.780	11.091	-0.285
15.800	7.568	-0.290
15.820	3.953	-0.285
15.840	0.354	-0.284
15.860	-3.421	-0.270
15.880	-6.988	-0.261
15.900	-10.651	-0.238
15.920	-14.002	-0.222
15.940	-17.214	-0.201
15.960	-20.174	-0.170
15.980	-22.800	-0.146
16.000	-25.142	-0.108
16.020	-27.113	-0.085
16.040	-28.703	-0.045
16.060	-29.826	-0.016
16.080	-30.535	0.023
16.100	-30.825	0.051
16.120	-30.701	0.087
16.140	-30.089	0.116
16.160	-29.074	0.151
16.180	-27.624	0.174
16.200	-25.776	0.210
16.220	-23.595	0.230
16.240	-21.044	0.256
16.260	-18.154	0.270
16.280	-15.039	0.282
16.300	-11.682	0.285
16.320	-8.186	0.287
16.340	-4.549	0.286
16.360	-0.865	0.282
16.380	2.841	0.275
16.400	6.499	0.264
16.420	9.974	0.243
16.440	13.503	0.226
16.460	16.640	0.204
16.480	19.701	0.177
16.500	22.430	0.149
16.520	24.788	0.117
16.540	26.802	0.085
16.560	28.429	0.050
16.580	29.665	0.017
16.600	30.459	-0.017
16.620	30.814	-0.050
16.640	30.733	-0.087
16.660	30.223	-0.115
16.680	29.278	-0.149
16.700	27.951	-0.180
16.720	26.146	-0.210
16.740	24.009	-0.230
16.760	21.495	-0.252
16.780	18.686	-0.270
16.800	15.619	-0.285
16.820	12.396	-0.291
16.840	8.852	-0.295
16.860	5.264	-0.297
16.880	1.590	-0.292
16.900	-2.122	-0.283
16.920	-5.785	-0.271
16.940	-9.378	-0.256
16.960	-12.826	-0.234
16.980	-16.081	-0.219
17.000	-19.143	-0.190
17.020	-21.876	-0.167
17.040	-24.331	-0.132
17.060	-26.453	-0.105
17.080	-28.171	-0.069
17.100	-29.460	-0.036
17.120	-30.341	0.000
17.140	-30.750	0.031
17.160	-30.787	0.070
17.180	-30.368	0.102
17.200	-29.493	0.133
17.220	-28.204	0.162
17.240	-26.496	0.193
17.260	-24.406	0.219
17.280	-21.968	0.239
17.300	-19.202	0.253
17.320	-16.167	0.272
17.340	-12.923	0.279
17.360	-9.453	0.283
17.380	-5.838	0.285
17.400	-2.175	0.279
17.420	1.525	0.277
17.440	5.113	0.262
17.460	8.792	0.248
17.480	12.289	0.227
17.500	15.598	0.206
17.520	18.654	0.187
17.540	21.415	0.157
17.560	24.003	0.124
17.580	26.130	0.099
17.600	27.892	0.059
17.620	29.272	0.029
17.640	30.223	-0.005
17.660	30.728	-0.037
17.680	30.819	-0.072
17.700	30.481	-0.106
17.720	29.665	-0.137
17.740	28.440	-0.171
17.760	26.807	-0.198
17.780	24.814	-0.220
17.800	22.414	-0.244
17.820	19.712	-0.261
17.840	16.817	-0.273
17.860	13.508	-0.284
17.880	10.076	-0.291
17.900	6.628	-0.294
17.920	2.890	-0.287
17.940	-0.730	-0.282
17.960	-4.517	-0.269
17.980	-8.143	-0.256
18.000	-11.628	-0.240
18.020	-14.969	-0.215
18.040	-18.111	-0.194
18.060	-20.996	-0.165
18.080	-23.542	-0.136
18.100	-25.776	-0.107
18.120	-27.591	-0.072
18.140	-29.084	-0.043
18.160	-30.126	-0.005
18.180	-30.712	0.028
18.200	-30.841	0.065
18.220	-30.610	0.096
18.240	-29.901	0.130
18.260	-28.762	0.162
18.280	-27.188	0.187
18.300	-25.233	0.215
18.320	-22.918	0.241
18.340	-20.335	0.257
18.360	-17.316	0.275
18.380	-14.223	0.286
18.400	-10.748	0.290
18.420	-7.187	0.295
18.440	-3.513	0.293
18.460	0.177	0.286
18.480	3.889	0.278
18.500	7.514	0.262
18.520	11.038	0.248
18.540	14.427	0.228
18.560	17.596	0.207
18.580	20.501	0.177
18.600	23.144	0.143
18.620	25.405	0.118
18.640	27.274	0.084
18.660	28.827	0.057
18.680	29.938	0.017
18.700	30.610	-0.015
18.720	30.835	-0.051
18.740	30.642	-0.083
18.760	29.998	-0.120
18.780	28.918	-0.149
18.800	27.414	-0.177
18.820	25.609	-0.202
18.840	23.311	-0.228
18.860	20.711	-0.242
18.880	17.832	-0.259
18.900	14.771	-0.273
18.920	11.317	-0.281
18.940	7.810	-0.283
18.960	4.206	-0.281
18.980	0.516	-0.277
19.000	-3.190	-0.265
19.020	-6.848	-0.253
19.040	-10.393	-0.240
19.060	-13.809	-0.216
19.080	-17.016	-0.195
19.100	-19.986	-0.168
19.120	-22.661	-0.141
19.140	-24.943	-0.108
19.160	-27.000	-0.080
19.180	-28.590	-0.042
19.200	-29.783	-0.009
19.220	-30.524	0.025
19.240	-30.852	0.054
19.260	-30.744	0.096
19.280	-30.169	0.123
19.300	-29.192	0.157
19.320	-27.774	0.183
19.340	-25.964	0.212
19.360	-23.805	0.236
19.380	-21.227	0.258
19.400	-18.380	0.272
19.420	-15.254	0.283
19.440	-11.956	0.288
19.460	-8.459	0.296
19.480	-4.818	0.291
19.500	-1.112	0.290
19.520	2.578	0.280
19.540	6.241	0.271
19.560	9.797	0.251
19.580	13.272	0.230
19.600	16.495	0.209
19.620	19.502	0.187
19.640	22.258	0.156
19.660	24.632	0.125
19.680	26.684	0.094
19.700	28.338	0.058
19.720	29.595	0.025
19.740	30.422	-0.008
19.760	30.809	-0.045
19.780	30.750	-0.074
19.800	30.298	-0.109
19.820	29.353	-0.141
19.840	28.010	-0.174
19.860	26.270	-0.199
19.880	24.170	-0.221
19.900	21.753	-0.245
19.920	18.896	-0.263
19.940	15.845	-0.277
19.960	12.542	-0.287
19.980	9.179	-0.292
20.000	5.500	-0.293
20.020	1.837	-0.289
20.040	-1.864	-0.278
20.060	-5.430	-0.271
20.080	-9.152	-0.251
20.100	-12.509	-0.235
20.120	-15.877	-0.210
20.140	-18.949	-0.186
20.160	-21.710	-0.164
20.180	-24.202	-0.133
20.200	-26.318	-0.103
20.220	-28.064	-0.070
20.240	-29.348	-0.037
20.260	-30.288	-0.002
20.280	-30.739	0.033
20.300	-30.803	0.065
20.320	-30.400	0.098
20.340	-29.595	0.130
20.360	-28.300	0.156
20.380	-26.619	0.192
20.400	-24.573	0.218
20.420	-22.156	0.241
20.440	-19.406	0.255
20.460	-16.382	0.270
20.480	-13.159	0.278
20.500	-9.689	0.287
20.520	-6.112	0.283
20.540	-2.433	0.283
20.560	1.273	0.277
20.580	4.968	0.266
20.600	8.551	0.248
20.620	12.047	0.229
20.640	15.372	0.208
20.660	18.460	0.184
20.680	21.286	0.158
20.700	23.832	0.126
20.720	25.996	0.097
20.740	27.795	0.063
20.760	29.197	0.030
20.780	30.164	-0.004
20.800	30.717	-0.037
20.820	30.835	-0.073
20.840	30.502	-0.107
20.860	29.729	-0.141
20.880	28.537	-0.170
20.900	26.941	-0.197
20.920	25.019	-0.223
20.940	22.596	-0.246
20.960	19.921	-0.264
20.980	16.962	-0.281
21.000	13.739	-0.286
21.020	10.334	-0.295
21.040	6.800	-0.295
21.060	3.153	-0.296
21.080	-0.542	-0.286
21.100	-4.227	-0.282
21.120	-7.874	-0.261
21.140	-11.371	-0.247
21.160	-14.738	-0.223
21.180	-17.886	-0.199
21.200	-20.765	-0.174
21.220	-23.332	-0.145
21.240	-25.577	-0.115
21.260	-27.489	-0.081
21.280	-28.972	-0.050
21.300	-30.024	-0.016
21.320	-30.631	0.021
21.340	-30.819	0.056
21.360	-30.604	0.092
21.380	-29.922	0.122
21.400	-28.816	0.151
21.420	-27.258	0.184
21.440	-25.384	0.210
21.460	-23.069	0.232
21.480	-20.426	0.254
21.500	-17.515	0.264
21.520	-14.352	0.280
21.540	-10.962	0.284
21.560	-7.412	0.291
21.580	-3.771	0.283
21.600	-0.070	0.283
21.620	3.631	0.271
21.640	7.267	0.259
21.660	10.823	0.241
21.680	14.201	0.221
21.700	17.375	0.199
21.720	20.238	0.174
21.740	22.972	0.139
21.760	25.260	0.110
21.780	27.205	0.078
21.800	28.735	0.048
21.820	29.879	0.012
21.840	30.578	-0.020
21.860	30.841	-0.054
21.880	30.669	-0.089
21.900	30.051	-0.120
21.920	29.004	-0.153
21.940	27.586	-0.188
21.960	25.706	-0.206
21.980	23.472	-0.231
22.000	20.894	-0.249
22.020	18.031	-0.265
22.040	14.905	-0.276
22.060	11.553	-0.285
22.080	8.051	-0.288
22.100	4.431	-0.289
22.120	0.752	-0.281
22.140	-2.943	-0.277
22.160	-6.612	-0.261
22.180	-10.178	-0.246
22.200	-13.508	-0.223
22.220	-16.801	-0.201
22.240	-19.803	-0.176
22.260	-22.494	-0.150
22.280	-24.852	-0.121
22.300	-26.893	-0.087
22.320	-28.531	-0.049
22.340	-29.729	-0.018
22.360	-30.519	0.018
22.380	-30.809	0.047
22.400	-30.776	0.089
22.420	-30.250	0.118
22.440	-29.299	0.151
22.460	-27.908	0.177
22.480	-26.093	0.211
22.500	-23.939	0.236
22.520	-21.431	0.257
22.540	-18.600	0.271
22.560	-15.496	0.286
22.580	-12.208	0.293
22.600	-8.792	0.298
22.620	-5.081	0.295
22.640	-1.402	0.295
22.660	2.299	0.286
22.680	5.983	0.273
22.700	9.561	0.257
22.720	13.020	0.241
22.740	16.280	0.214
22.760	19.293	0.193
22.780	22.075	0.160
22.800	24.487	0.131
22.820	26.544	0.103
22.840	28.230	0.067
22.860	29.525	0.035
22.880	30.374	-0.004
22.900	30.792	-0.030
22.920	30.771	-0.070
22.940	30.320	-0.099
22.960	29.444	-0.133
22.980	28.128	-0.163
23.000	26.458	-0.194
23.020	24.331	-0.215
23.040	21.866	-0.237
23.060	19.094	-0.254
23.080	16.060	-0.269
23.100	12.778	-0.277
23.120	9.335	-0.287
23.140	5.742	-0.283
23.160	2.079	-0.282
23.180	-1.520	-0.273
23.200	-5.301	-0.265
23.220	-8.905	-0.245
23.240	-12.370	-0.226
23.260	-15.662	-0.207
23.280	-18.756	-0.182
23.300	-21.565	-0.156
23.320	-24.025	-0.122
23.340	-26.200	-0.095
23.360	-27.957	-0.062
23.380	-29.310	-0.029
23.400	-30.229	0.007
23.420	-30.739	0.038
23.440	-30.819	0.072
23.460	-30.454	0.105
23.480	-29.659	0.137
23.500	-28.408	0.166
23.520	-26.759	0.196
23.540	-24.771	0.220
23.560	-22.349	0.245
23.580	-19.674	0.264
23.600	-16.618	0.274
23.620	-13.390	0.281
23.640	-9.953	0.289
23.660	-6.370	0.286
23.680	-2.696	0.288
23.700	1.021	0.279
23.720	4.684	0.271
23.740	8.282	0.253
23.760	11.806	0.237
23.780	15.146	0.216
23.800	18.262	0.195
23.820	21.130	0.166
23.840	23.676	0.131
23.860	25.862	0.106
23.880	27.688	0.068
23.900	29.117	0.041
23.920	30.105	-0.002
23.940	30.696	-0.033
23.960	30.841	-0.069
23.980	30.545	-0.098
24.000	29.804	-0.134
24.020	28.633	-0.164
24.040	27.060	-0.192
24.060	25.121	-0.219
24.080	22.773	-0.243
24.100	20.131	-0.257
24.120	17.171	-0.277
24.140	13.970	-0.286
24.160	10.576	-0.301
24.180	7.047	-0.295
24.200	3.405	-0.302
24.220	-0.274	-0.290
24.240	-3.975	-0.286
24.260	-7.627	-0.262
24.280	-11.156	-0.250
24.300	-14.421	-0.229
24.320	-17.666	-0.207
24.340	-20.561	-0.178
24.360	-23.182	-0.151
24.380	-25.432	-0.117
24.400	-27.360	-0.090
24.420	-28.827	-0.052
24.440	-29.955	-0.020
24.460	-30.588	0.013
24.480	-30.825	0.047
24.500	-30.604	0.081
24.520	-29.976	0.112
24.540	-28.891	0.144
24.560	-27.371	0.178
24.580	-25.464	0.207
24.600	-23.219	0.224
24.620	-20.614	0.249
24.640	-17.762	0.261
24.660	-14.550	0.280
24.680	-11.183	0.277
24.700	-7.643	0.283
24.720	-3.996	0.278
24.740	-0.312	0.280
24.760	3.389	0.268
24.780	6.945	0.254
24.800	10.586	0.237
24.820	13.981	0.220
24.840	17.177	0.191
24.860	20.120	0.173
24.880	22.795	0.137
24.900	25.104	0.112
24.920	27.070	0.075
24.940	28.639	0.048
24.960	29.810	0.009
24.980	30.540	-0.022
25.000	30.830	-0.056
25.020	30.690	-0.095
25.040	30.121	-0.120
25.060	29.095	-0.158
25.080	27.715	-0.184
25.100	25.851	-0.213
25.120	23.708	-0.229
25.140	21.092	-0.257
25.160	18.251	-0.268
25.180	15.141	-0.291
25.200	11.800	-0.298
25.220	8.304	-0.302
25.240	4.700	-0.303
25.260	1.015	-0.295
25.280	-2.664	-0.292
25.300	-6.338	-0.272
25.320	-9.931	-0.261
25.340	-13.347	-0.234
25.360	-16.575	-0.220
25.380	-19.578	-0.191
25.400	-22.290	-0.165
25.420	-24.702	-0.128
25.440	-26.743	-0.104
25.460	-28.397	-0.064
25.480	-29.638	-0.034
25.500	-30.481	0.005
25.520	-30.798	0.033
25.540	-30.792	0.075
25.560	-30.293	0.112
25.580	-29.364	0.145
25.600	-28.010	0.170
25.620	-26.227	0.202
25.640	-24.100	0.226
25.660	-21.629	0.248
25.680	-18.810	0.261
25.700	-15.727	0.276
25.720	-12.434	0.285
25.740	-8.959	0.291
25.760	-5.344	0.292
25.780	-1.660	0.286
25.800	2.052	0.283
25.820	5.731	0.269
25.840	9.313	0.255
25.860	12.778	0.236
25.880	16.060	0.215
25.900	19.089	0.188
25.920	21.887	0.158
25.940	24.331	0.129
25.960	26.415	0.103
25.980	28.123	0.064
26.000	29.444	0.038
26.020	30.309	-0.000
26.040	30.792	-0.032
26.060	30.798	-0.070
26.080	30.368	-0.105
26.100	29.503	-0.135
26.120	28.236	-0.167
26.140	26.539	-0.189
26.160	24.476	-0.219
26.180	22.027	-0.232
26.200	19.357	-0.256
26.220	16.280	-0.269
26.240	13.003	-0.288
26.260	9.571	-0.284
26.280	5.983	-0.293
26.300	2.336	-0.279
26.320	-1.359	-0.284
26.340	-5.043	-0.265
26.360	-8.669	-0.249
26.380	-12.166	-0.232
26.400	-15.469	-0.209
26.420	-18.541	-0.187
26.440	-21.398	-0.158
26.460	-23.880	-0.132
26.480	-26.071	-0.096
26.500	-27.817	-0.067
26.520	-29.267	-0.033
26.540	-30.223	0.002
26.560	-30.717	0.033
26.580	-30.868	0.070
26.600	-30.513	0.102
26.620	-29.761	0.137
26.640	-28.537	0.171
26.660	-26.915	0.204
26.680	-24.900	0.224
26.700	-22.521	0.249
26.720	-19.809	0.260
26.740	-16.849	0.280
26.760	-13.610	0.286
26.780	-10.205	0.295
26.800	-6.633	0.293
26.820	-2.959	0.295
26.840	0.741	0.282
26.860	4.437	0.278
26.880	8.041	0.260
26.900	11.559	0.249
26.920	14.916	0.220
26.940	18.031	0.204
26.960	20.926	0.173
26.980	23.504	0.142
27.000	25.668	0.112
27.020	27.575	0.078
27.040	29.025	0.050
27.060	30.062	0.012
27.080	30.669	-0.020
27.100	30.852	-0.059
27.120	30.578	-0.087
27.140	29.863	-0.124
27.160	28.730	-0.157
27.180	27.183	-0.185
27.200	25.271	-0.207
27.220	23.015	-0.232
27.240	20.297	-0.249
27.260	17.370	-0.268
27.280	14.196	-0.281
27.300	10.817	-0.286
27.320	7.283	-0.290
27.340	3.652	-0.284
27.360	-0.027	-0.284
27.380	-3.744	-0.273
27.400	-7.364	-0.261
27.420	-10.925	-0.238
27.440	-14.271	-0.220
27.460	-17.478	-0.198
27.480	-20.394	-0.172
27.500	-22.994	-0.142
27.520	-25.309	-0.112
27.540	-27.226	-0.082
27.560	-28.811	-0.045
27.580	-29.901	-0.012
27.600	-30.578	0.026
27.620	-30.835	0.054
27.640	-30.637	0.088
27.660	-30.041	0.121
27.680	-29.015	0.150
27.700	-27.489	0.179
27.720	-25.631	0.208
27.740	-23.402	0.229
27.760	-20.808	0.254
27.780	-17.913	0.264
27.800	-14.787	0.276
27.820	-11.419	0.282
27.840	-7.896	0.285
27.860	-4.254	0.283
27.880	-0.569	0.280
27.900	3.126	0.274
27.920	6.789	0.257
27.940	10.334	0.241
27.960	13.761	0.221
27.980	16.892	0.199
28.000	19.921	0.172
28.020	22.639	0.141
28.040	24.965	0.116
28.060	26.920	0.083
28.080	28.537	0.045
28.100	29.740	0.017
28.120	30.497	-0.022
28.140	30.825	-0.054
28.160	30.728	-0.089
28.180	30.153	-0.120
28.200	29.181	-0.157
28.220	27.774	-0.187
28.240	25.985	-0.211
28.260	23.821	-0.234
28.280	21.286	-0.255
28.300	18.530	-0.273
28.320	15.367	-0.283
28.340	12.042	-0.294
28.360	8.572	-0.295
28.380	5.065	-0.298
28.400	1.289	-0.291
28.420	-2.417	-0.286
28.440	-6.059	-0.269
28.460	-9.657	-0.255
28.480	-13.073	-0.231
28.500	-16.242	-0.212
28.520	-19.374	-0.185
28.540	-22.097	-0.163
28.560	-24.524	-0.125
28.580	-26.587	-0.100
28.600	-28.284	-0.064
28.620	-29.525	-0.031
28.640	-30.400	0.005
28.660	-30.776	0.036
28.680	-30.760	0.074
28.700	-30.309	0.101
28.720	-29.412	0.135
28.740	-28.091	0.161
28.760	-26.345	0.197
28.780	-24.229	0.219
28.800	-21.769	0.242
28.820	-18.971	0.256
28.840	-15.909	0.268
28.860	-12.654	0.278
28.880	-9.174	0.283
28.900	-5.570	0.284
28.920	-1.891	0.281
28.940	1.821	0.274
28.960	5.495	0.266
28.980	9.077	0.247
29.000	12.552	0.235
29.020	15.845	0.205
29.040	18.896	0.183
29.060	21.688	0.156
29.080	24.165	0.122
29.100	26.286	0.093
29.120	28.016	0.058
29.140	29.364	0.032
29.160	30.282	-0.009
29.180	30.771	-0.039
29.200	30.803	-0.077
29.220	30.411	-0.109
29.240	29.579	-0.137
29.260	28.322	-0.171
29.280	26.667	-0.197
29.300	24.637	-0.219
29.320	22.215	-0.246
29.340	19.486	-0.260
29.360	16.575	-0.273
29.380	13.229	-0.282
29.400	9.808	-0.290
29.420	6.247	-0.289
29.440	2.594	-0.291
29.460	-1.112	-0.279
29.480	-4.802	-0.270
29.500	-8.438	-0.257
29.520	-11.908	-0.240
29.540	-15.227	-0.215
29.560	-18.332	-0.191
29.580	-21.221	-0.164
29.600	-23.735	-0.133
29.620	-25.916	-0.107
29.640	-27.752	-0.069
29.660	-29.192	-0.037
29.680	-30.186	-0.000
29.700	-30.717	0.032
29.720	-30.841	0.069
29.740	-30.556	0.099
29.760	-29.810	0.130
29.780	-28.660	0.159
29.800	-27.038	0.191
29.820	-25.051	0.222
29.840	-22.773	0.244
29.860	-20.034	0.262
29.880	-17.069	0.274
29.900	-13.863	0.285
29.920	-10.452	0.294
29.940	-6.886	0.296
29.960	-3.223	0.292
29.980	0.473	0.288
30.000	4.173	0.278
30.020	7.788	0.267
30.040	11.317	0.248
30.060	14.685	0.227
30.080	17.837	0.203
30.100	20.732	0.179
30.120	23.337	0.143
30.140	25.572	0.120
30.160	27.457	0.082
30.180	28.934	0.055
30.200	30.003	0.021
30.220	30.626	-0.015
30.240	30.841	-0.053
30.260	30.599	-0.086
30.280	29.933	-0.117
30.300	28.827	-0.150
30.320	27.274	-0.177
30.340	25.400	-0.205
30.360	23.101	-0.226
30.380	20.561	-0.246
30.400	17.596	-0.261
30.420	14.411	-0.275
30.440	11.027	-0.280
30.460	7.536	-0.285
30.480	3.899	-0.282
30.500	0.220	-0.279
30.520	-3.486	-0.266
30.540	-7.127	-0.250
30.560	-10.683	-0.236
30.580	-14.072	-0.214
30.600	-17.247	-0.192
30.620	-20.206	-0.161
30.640	-22.854	-0.140
30.660	-25.190	-0.104
30.680	-27.124	-0.077
30.700	-28.730	-0.039
30.720	-29.858	-0.012
30.740	-30.545	0.028
30.760	-30.862	0.058
30.780	-30.690	0.093
30.800	-30.126	0.122
30.820	-29.090	0.154
30.840	-27.607	0.180
30.860	-25.803	0.213
30.880	-23.584	0.232
30.900	-21.006	0.257
30.920	-18.144	0.270
30.940	-15.012	0.278
30.960	-11.693	0.288
30.980	-8.159	0.295
31.000	-4.517	0.290
31.020	-0.833	0.183
31.040	22.457	0.153
31.060	24.814	0.121
31.080	26.818	0.091
31.100	28.445	0.022
31.120	30.443	-0.014
31.140	30.814	-0.046
31.160	30.733	-0.082
31.180	30.207	-0.112
31.200	29.262	-0.145
31.220	27.924	-0.178
31.240	26.120	-0.207
31.260	24.030	-0.224
31.280	21.463	-0.250
31.300	18.659	-0.261
31.320	15.587	-0.280
31.340	12.359	-0.285
31.360	8.809	-0.294
31.380	5.215	-0.290
31.400	1.552	-0.292
31.420	-2.159	-0.282
31.440	-5.833	-0.269
31.460	-9.421	-0.252
31.480	-12.858	-0.232
31.500	-16.129	-0.212
31.520	-19.094	-0.186
31.540	-21.925	-0.160
31.560	-24.374	-0.126
31.580	-26.458	-0.100
31.600	-28.187	-0.062
31.620	-29.455	-0.033
31.640	-30.352	0.009
31.660	-30.733	0.035
31.680	-30.782	0.070
31.700	-30.352	0.097
31.720	-29.493	0.132
31.740	-28.187	0.159
31.760	-26.479	0.195
31.780	-24.396	0.216
31.800	-21.952	0.237
31.820	-19.186	0.251
31.840	-16.135	0.266
31.860	-12.891	0.274
31.880	-9.421	0.281
31.900	-5.828	0.282
31.920	-2.138	0.277
31.940	1.568	0.276
31.960	5.242	0.260
31.980	8.825	0.245
32.000	12.321	0.228
32.020	15.619	0.206
32.040	18.691	0.179
32.060	21.527	0.157
32.080	24.009	0.123
32.100	26.104	0.097
32.120	27.919	0.055
32.140	29.278	0.026
32.160	30.229	-0.012
32.180	30.739	-0.041
32.200	30.814	-0.078
32.220	30.459	-0.107
32.240	29.648	-0.141
32.260	28.429	-0.172
32.280	26.796	-0.202
32.300	24.798	-0.224
32.320	22.467	-0.249
32.340	19.690	-0.265
32.360	16.715	-0.277
32.380	13.481	-0.287
32.400	10.060	-0.294
32.420	6.515	-0.296
32.440	2.857	-0.292
32.460	-0.747	-0.287
32.480	-4.517	-0.274
32.500	-8.153	-0.257
32.520	-11.661	-0.245
32.540	-15.007	-0.221
32.560	-18.117	-0.199
32.580	-20.985	-0.170
32.600	-23.542	-0.143
32.620	-25.760	-0.103
32.640	-27.559	-0.076
32.660	-29.074	-0.041
32.680	-30.094	-0.012
32.700	-30.658	0.025
32.720	-30.819	0.057
32.740	-30.578	0.090
32.760	-29.879	0.120
32.780	-28.730	0.153
32.800	-27.135	0.186
32.820	-25.185	0.212
32.840	-22.870	0.233
32.860	-20.211	0.248
32.880	-17.279	0.270
32.900	-14.094	0.277
32.920	-10.688	0.283
32.940	-7.127	0.288
32.960	-3.475	0.286
32.980	0.129	0.282
33.000	3.926	0.274
33.020	7.541	0.257
33.040	11.091	0.242
33.060	14.464	0.223
33.080	17.628	0.196
33.100	20.539	0.170
33.120	23.160	0.139
33.140	25.416	0.112
33.160	27.328	0.073
33.180	28.843	0.046
33.200	29.949	0.011
33.220	30.615	-0.020
33.240	30.835	-0.058
33.260	30.647	-0.091
33.280	29.987	-0.120
33.300	28.907	-0.153
33.320	27.403	-0.184
33.340	25.599	-0.208
33.360	23.278	-0.232
33.380	20.684	-0.250
33.400	17.870	-0.265
33.420	14.647	-0.274
33.440	11.360	-0.280
33.460	7.777	-0.284
33.480	4.146	-0.285
33.500	0.462	-0.278
33.520	-3.228	-0.272
33.540	-6.891	-0.254
33.560	-10.452	-0.239
33.580	-13.852	-0.215
33.600	-17.059	-0.196
33.620	-20.018	-0.168
33.640	-22.698	-0.144
33.660	-25.040	-0.108
33.680	-27.027	-0.078
33.700	-28.617	-0.042
33.720	-29.820	-0.012
33.740	-30.545	0.025
33.760	-30.819	0.054
33.780	-30.733	0.089
33.800	-30.191	0.118
33.820	-29.213	0.153
33.840	-27.758	0.184
33.860	-25.948	0.212
33.880	-23.746	0.237
33.900	-21.227	0.255
33.920	-18.358	0.272
33.940	-15.259	0.285
33.960	-11.935	0.290
33.980	-8.433	0.296
34.000	-4.791	0.296
34.020	-1.096	0.291
34.040	2.610	0.282
34.060	6.279	0.270
34.080	9.834	0.257
34.100	13.288	0.237
34.120	16.527	0.216
34.140	19.519	0.187
34.160	22.274	0.164
34.180	24.600	0.128
34.200	26.705	0.097
34.220	28.349	0.062
34.240	29.600	0.031
34.260	30.411	-0.004
34.280	30.803	-0.037
34.300	30.750	-0.075
34.320	30.255	-0.101
34.340	29.342	-0.138
34.360	28.005	-0.169
34.380	26.249	-0.195
34.400	24.143	-0.219
34.420	21.656	-0.244
34.440	18.858	-0.257
34.460	15.812	-0.274
34.480	12.504	-0.283
34.500	9.056	-0.284
34.520	5.457	-0.286
34.540	1.778	-0.281
34.560	-1.896	-0.278
34.580	-5.575	-0.263
34.600	-9.195	-0.248
34.620	-12.633	-0.224
34.640	-15.898	-0.208
34.660	-18.998	-0.179
34.680	-21.758	-0.154
34.700	-24.218	-0.125
34.720	-26.334	-0.093
34.740	-28.085	-0.062
34.760	-29.407	-0.028
34.780	-30.320	0.009
34.800	-30.744	0.040
34.820	-30.830	0.074
34.840	-30.379	0.104
34.860	-29.579	0.139
34.880	-28.300	0.165
34.900	-26.598	0.196
34.920	-24.557	0.220
34.940	-22.129	0.247
34.960	-19.374	0.261
34.980	-16.371	0.277
35.000	-13.116	0.282
35.020	-9.673	0.291
35.040	-6.069	0.291
35.060	-2.401	0.286
35.080	1.305	0.278
35.100	4.990	0.269
35.120	8.583	0.254
35.140	12.090	0.236
35.160	15.404	0.213
35.180	18.487	0.187
35.200	21.339	0.160
35.220	23.853	0.128
35.240	26.018	0.102
35.260	27.758	0.065
35.280	29.213	0.034
35.300	30.191	-0.003
35.320	30.717	-0.037
35.340	30.830	-0.074
35.360	30.502	-0.103
35.380	29.724	-0.138
35.400	28.526	-0.167
35.420	26.915	-0.200
35.440	25.002	-0.220
35.460	22.580	-0.248
35.480	19.884	-0.266
35.500	16.924	-0.278
35.520	13.702	-0.290
35.540	10.307	-0.297
35.560	6.762	-0.298
35.580	3.207	-0.295
35.600	-0.575	-0.289
35.620	-4.265	-0.277
35.640	-7.896	-0.264
35.660	-11.424	-0.246
35.680	-14.754	-0.227
35.700	-17.907	-0.199
35.720	-20.786	-0.176
35.740	-23.354	-0.148
35.760	-25.604	-0.112
35.780	-27.484	-0.085
35.800	-28.982	-0.046
35.820	-30.003	-0.016
35.840	-30.647	0.021
35.860	-30.830	0.053
35.880	-30.572	0.087
35.900	-29.906	0.116
35.920	-28.794	0.150
35.940	-27.248	0.179
35.960	-25.314	0.209
35.980	-23.026	0.229
36.000	-20.394	0.251
36.020	-17.461	0.261
36.040	-14.298	0.276
36.060	-10.909	0.282
36.080	-7.369	0.284
36.100	-3.717	0.279
36.120	-0.005	0.279
36.140	3.588	0.269
36.160	7.321	0.257
36.180	10.860	0.233
36.200	14.239	0.218
36.220	17.408	0.193
36.240	20.346	0.166
36.260	23.004	0.134
36.280	25.276	0.110
36.300	27.210	0.075
36.320	28.708	0.043
36.340	29.885	0.009
36.360	30.578	-0.026
36.380	30.841	-0.061
36.400	30.669	-0.094
36.420	30.035	-0.128
36.440	28.999	-0.157
36.460	27.527	-0.192
36.480	25.690	-0.210
36.500	23.515	-0.236
36.520	20.877	-0.261
36.540	18.015	-0.271
36.560	14.889	-0.281
36.580	11.532	-0.292
36.600	8.030	-0.293
36.620	4.420	-0.294
36.640	0.730	-0.290
36.660	-2.965	-0.281
36.680	-6.628	-0.264
36.700	-10.210	-0.253
36.720	-13.610	-0.224
36.740	-16.822	-0.207
36.760	-19.819	-0.179
36.780	-22.494	-0.153
36.800	-24.874	-0.119
36.820	-26.904	-0.091
36.840	-28.537	-0.052
36.860	-29.724	-0.025
36.880	-30.497	0.017
36.900	-30.819	0.044
36.920	-30.766	0.082
36.940	-30.250	0.114
36.960	-29.278	0.138
36.980	-27.887	0.164
37.000	-26.077	0.205
37.020	-23.917	0.227
37.040	-21.404	0.253
37.060	-18.557	0.266
37.080	-15.474	0.280
37.100	-12.171	0.284
37.120	-8.685	0.295
37.140	-5.054	0.287
37.160	-1.354	0.286
37.180	2.342	0.280
37.200	6.016	0.270
37.220	9.582	0.254
37.240	13.046	0.235
37.260	16.307	0.212
37.280	19.320	0.187
37.300	22.086	0.159
37.320	24.498	0.128
37.340	26.571	0.096
37.360	28.241	0.064
37.380	29.503	0.035
37.400	30.384	-0.006
37.420	30.792	-0.035
37.440	30.771	-0.074
37.460	30.309	-0.103
37.480	29.417	-0.136
37.500	28.102	-0.167
37.520	26.437	-0.196
37.540	24.299	-0.216
37.560	21.823	-0.237
37.580	19.067	-0.253
37.600	16.022	-0.270
37.620	12.735	-0.284
37.640	9.287	-0.282
37.660	5.801	-0.290
37.680	2.036	-0.281
37.700	-1.644	-0.282
37.720	-5.328	-0.266
37.740	-8.943	-0.248
37.760	-12.445	-0.230
37.780	-15.700	-0.210
37.800	-18.793	-0.186
37.820	-21.597	-0.157
37.840	-24.073	-0.128
37.860	-26.222	-0.095
37.880	-28.000	-0.062
37.900	-29.342	-0.030
37.920	-30.298	0.008
37.940	-30.755	0.038
37.960	-30.830	0.071
37.980	-30.465	0.103
38.000	-29.648	0.135
38.020	-28.429	0.174
38.040	-26.753	0.201
38.060	-24.729	0.224
38.080	-22.322	0.249
38.100	-19.588	0.265
38.120	-16.602	0.278
38.140	-13.369	0.288
38.160	-9.920	0.295
38.180	-6.343	0.293
38.200	-2.659	0.289
38.220	1.026	0.283
38.240	4.737	0.274
38.260	8.331	0.264
38.280	11.849	0.243
38.300	15.173	0.223
38.320	18.283	0.197
38.340	21.141	0.172
38.360	23.692	0.112
38.380	27.693	0.043
38.400	30.116	-0.026
38.420	30.830	-0.066
38.440	30.535	-0.093
38.460	29.788	-0.129
38.480	28.623	-0.162
38.500	27.022	-0.191
38.520	25.099	-0.214
38.540	22.736	-0.236
38.560	20.088	-0.254
38.580	17.145	-0.273
38.600	13.933	-0.278
38.620	10.543	-0.290
38.640	7.004	-0.289
38.660	3.357	-0.288
38.680	-0.322	-0.281
38.700	-4.007	-0.273
38.720	-7.659	-0.256
38.740	-11.091	-0.240
38.760	-14.534	-0.221
38.780	-17.708	-0.200
38.800	-20.609	-0.169
38.820	-23.208	-0.141
38.840	-25.459	-0.106
38.860	-27.366	-0.080
38.880	-28.896	-0.041
38.900	-29.971	-0.015
38.920	-30.615	0.025
38.940	-30.830	0.058
38.960	-30.621	0.088
38.980	-29.981	0.117
39.000	-28.902	0.148
39.020	-27.371	0.175
39.040	-25.464	0.208
39.060	-23.203	0.231
39.080	-20.593	0.253
39.100	-17.671	0.266
39.120	-14.523	0.276
39.140	-11.156	0.283
39.160	-7.616	0.283
39.180	-3.964	0.283
39.200	-0.274	0.278
39.220	3.427	0.268
39.240	7.074	0.257
39.260	10.613	0.241
39.280	13.938	0.218
39.300	17.198	0.195
39.320	20.077	0.169
39.340	22.833	0.139
39.360	25.137	0.108
39.380	27.092	0.075
39.400	28.660	0.042
39.420	29.820	0.008
39.440	30.545	-0.025
39.460	30.835	-0.062
39.480	30.690	-0.096
39.500	30.089	-0.126
39.520	29.079	-0.162
39.540	27.650	-0.189
39.560	25.840	-0.214
39.580	23.627	-0.239
39.600	21.082	-0.259
39.620	18.224	-0.277
39.640	15.104	-0.289
39.660	11.784	-0.295
39.680	8.282	-0.298
39.700	4.678	-0.300
39.720	1.090	-0.296
39.740	-2.702	-0.287
39.760	-6.370	-0.272
39.780	-9.942	-0.255
39.800	-13.342	-0.238
39.820	-16.602	-0.218
39.840	-19.599	-0.187
39.860	-22.247	-0.164
39.880	-24.691	-0.128
39.900	-26.732	-0.103
39.920	-28.408	-0.062
39.940	-29.627	-0.029
39.960	-30.438	0.006
39.980	-30.782	0.035
40.000	-30.739	0.072
40.020	-30.250	0.100
40.040	-29.310	0.137
40.060	-27.962	0.160
40.080	-26.189	0.199
40.100	-24.041	0.225
40.120	-21.565	0.245
40.140	-18.740	0.257
40.160	-15.657	0.272
40.180	-12.391	0.278
40.200	-8.889	0.285
40.220	-5.291	0.286
40.240	-1.606	0.280
40.260	2.095	0.274
40.280	5.769	0.264
40.300	9.351	0.252
40.320	12.746	0.231
40.340	16.097	0.207
40.360	19.116	0.185
40.380	21.909	0.154
40.400	24.347	0.121
40.420	26.437	0.092
40.440	28.139	0.062
40.460	29.444	0.026
40.480	30.341	-0.006
40.500	30.776	-0.042
40.520	30.792	-0.073
40.540	30.363	-0.114
40.560	29.493	-0.139
40.580	28.252	-0.176
40.600	26.522	-0.195
40.620	24.455	-0.227
40.640	22.011	-0.244
40.660	19.331	-0.260
40.680	16.248	-0.276
40.700	12.960	-0.282
40.720	9.534	-0.297
40.740	5.962	-0.284
40.760	2.379	-0.294
40.780	-1.418	-0.271
40.800	-5.103	-0.277
40.820	-8.717	-0.248
40.840	-12.198	-0.240
40.860	-15.501	-0.207
40.880	-18.589	-0.192
40.900	-21.431	-0.157
40.920	-23.864	-0.131
40.940	-26.098	-0.097
40.960	-27.892	-0.066
40.980	-29.278	-0.034
41.000	-30.250	0.002
41.020	-30.744	0.032
41.040	-30.841	0.075
41.060	-30.519	0.100
41.080	-29.761	0.138
41.100	-28.547	0.162
41.120	-26.904	0.203
41.140	-24.884	0.216
41.160	-22.516	0.249
41.180	-19.809	0.258
41.200	-16.822	0.280
41.220	-13.616	0.286
41.240	-10.178	0.295
41.260	-6.596	0.296
41.280	-2.927	0.296
41.300	0.763	0.286
41.320	4.463	0.280
41.340	8.073	0.264
41.360	11.602	0.246
41.380	14.948	0.224
41.400	18.084	0.202
41.420	20.947	0.174
41.440	23.525	0.145
41.460	25.685	0.117
41.480	27.581	0.076
41.500	29.031	0.053
41.520	30.067	0.009
41.540	30.669	-0.016
41.560	30.841	-0.058
41.580	30.572	-0.087
41.600	29.858	-0.123
41.620	28.719	-0.153
41.640	27.146	-0.185
41.660	25.228	-0.206
41.680	22.978	-0.234
41.700	20.271	-0.244
41.720	17.343	-0.265
41.740	14.158	-0.274
41.760	10.769	-0.286
41.780	7.337	-0.283
41.800	3.615	-0.284
41.820	-0.075	-0.276
41.840	-3.765	-0.271
41.860	-7.423	-0.253
41.880	-10.962	-0.237
41.900	-14.309	-0.215
41.920	-17.499	-0.192
41.940	-20.426	-0.166
41.960	-23.047	-0.139
41.980	-25.335	-0.106
42.000	-27.269	-0.079
42.020	-28.827	-0.041
42.040	-29.917	-0.009
42.060	-30.599	0.029
42.080	-30.852	0.055
42.100	-30.674	0.099
42.120	-30.035	0.122
42.140	-28.993	0.158
42.160	-27.505	0.184
42.180	-25.599	0.218
42.200	-23.375	0.237
42.220	-20.792	0.256
42.240	-17.880	0.269
42.260	-14.754	0.286
42.280	-11.424	0.287
42.300	-7.863	0.293
42.320	-4.243	0.291
42.340	-0.537	0.286
42.360	3.169	0.276
42.380	6.816	0.266
42.400	10.377	0.245
42.420	13.788	0.226
42.440	16.994	0.208
42.460	19.954	0.179
42.480	22.661	0.149
42.500	24.986	0.114
42.520	26.974	0.084
42.540	28.558	0.050
42.560	29.745	0.017
42.580	30.502	-0.018
42.600	30.830	-0.049
42.620	30.723	-0.086
42.640	30.143	-0.117
42.660	29.165	-0.150
42.680	27.769	-0.182
42.700	25.964	-0.211
42.720	23.789	-0.236
42.740	21.248	-0.248
42.760	18.498	-0.274
42.780	15.334	-0.278
42.800	12.090	-0.297
42.820	8.529	-0.290
42.840	4.920	-0.304
42.860	1.251	-0.290
42.880	-2.449	-0.294
42.900	-6.102	-0.266
42.920	-9.706	-0.261
42.940	-13.127	-0.232
42.960	-16.371	-0.221
42.980	-19.406	-0.189
43.000	-22.129	-0.167
43.020	-24.546	-0.129
43.040	-26.619	-0.102
43.060	-28.263	-0.071
43.080	-29.546	-0.034
43.100	-30.406	-0.001
43.120	-30.766	0.034
43.140	-30.760	0.065
43.160	-30.309	0.098
43.180	-29.407	0.129
43.200	-28.064	0.165
43.220	-26.329	0.192
43.240	-24.202	0.216
43.260	-21.758	0.238
43.280	-18.938	0.252
43.300	-15.888	0.267
43.320	-12.627	0.275
43.340	-9.131	0.279
43.360	-5.532	0.281
43.380	-1.858	0.278
43.400	1.864	0.268
43.420	5.538	0.260
43.440	9.120	0.240
43.460	12.606	0.228
43.480	15.882	0.201
43.500	18.922	0.184
43.520	21.742	0.152
43.540	24.143	0.121
43.560	26.313	0.086
43.580	28.042	0.056
43.600	29.385	0.023
43.620	30.288	-0.012
43.640	30.771	-0.049
43.660	30.803	-0.083
43.680	30.406	-0.112
43.700	29.568	-0.148
43.720	28.306	-0.175
43.740	26.684	-0.205
43.760	24.610	-0.224
43.780	22.204	-0.248
43.800	19.465	-0.264
43.820	16.473	-0.282
43.840	13.202	-0.290
43.860	9.786	-0.296
43.880	6.225	-0.297
43.900	2.573	-0.298
43.920	-1.133	-0.288
43.940	-4.802	-0.278
43.960	-8.449	-0.261
43.980	-11.929	-0.244
44.000	-15.238	-0.221
44.020	-18.369	-0.196
44.040	-21.205	-0.172
44.060	-23.719	-0.137
44.080	-25.921	-0.112
44.100	-27.747	-0.075
44.120	-29.187	-0.045
44.140	-30.143	-0.006
44.160	-30.690	0.021
44.180	-30.830	0.058
44.200	-30.524	0.091
44.220	-29.793	0.127
44.240	-28.623	0.153
44.260	-27.006	0.189
44.280	-25.008	0.210
44.300	-22.693	0.237
44.320	-20.013	0.254
44.340	-17.026	0.267
44.360	-13.836	0.280
44.380	-10.415	0.283
44.400	-6.859	0.287
44.420	-3.185	0.282
44.440	0.510	0.279
44.460	4.206	0.270
44.480	7.831	0.258
44.500	11.349	0.239
44.520	14.722	0.220
44.540	17.854	0.191
44.560	20.759	0.171
44.580	23.294	0.135
44.600	25.593	0.111
44.620	27.457	0.075
44.640	28.945	0.046
44.660	30.008	0.007
44.680	30.647	-0.025
44.700	30.841	-0.058
44.720	30.610	-0.096
44.740	29.922	-0.124
44.760	28.827	-0.158
44.780	27.274	-0.183
44.800	25.389	-0.213
44.820	23.090	-0.229
44.840	20.464	-0.251
44.860	17.553	-0.262
44.880	14.475	-0.286
44.900	11.032	-0.285
44.920	7.493	-0.294
44.940	3.846	-0.289
44.960	0.161	-0.285
44.980	-3.523	-0.277
45.000	-7.176	-0.256
45.020	-10.731	-0.244
45.040	-14.115	-0.219
45.060	-17.300	-0.201
45.080	-20.244	-0.170
45.100	-22.875	-0.146
45.120	-25.180	-0.107
45.140	-27.178	-0.084
45.160	-28.719	-0.046
45.180	-29.896	-0.016
45.200	-30.583	0.023
45.220	-30.825	0.052
45.240	-30.696	0.087
45.260	-30.132	0.118
45.280	-29.101	0.154
45.300	-27.629	0.192
45.320	-25.771	0.215
45.340	-23.552	0.241
45.360	-20.990	0.255
45.380	-18.106	0.270
45.400	-14.991	0.283
45.420	-11.741	0.293
45.440	-8.126	0.296
45.460	-4.496	0.299
45.480	-0.795	0.292
45.500	2.895	0.286
45.520	6.558	0.270
45.540	10.114	0.255
45.560	13.551	0.233
45.580	16.774	0.215
45.600	19.750	0.188
45.620	22.478	0.156
45.640	24.831	0.126
45.660	26.855	0.092
45.680	28.461	0.063
45.700	29.681	0.026
45.720	30.465	-0.006
45.740	30.819	-0.044
45.760	30.733	-0.076
45.780	30.202	-0.111
45.800	29.256	-0.137
45.820	27.876	-0.179
45.840	26.098	-0.194
45.860	23.955	-0.223
45.880	21.425	-0.244
45.900	18.627	-0.261
45.920	15.630	-0.279
45.940	12.241	-0.283
45.960	8.771	-0.293
45.980	5.172	-0.285
46.000	1.504	-0.288
46.020	-2.213	-0.273
46.040	-5.860	-0.268
46.060	-9.458	-0.247
46.080	-12.901	-0.233
46.100	-16.172	-0.207
46.120	-19.202	-0.183
46.140	-21.962	-0.155
46.160	-24.390	-0.123
46.180	-26.474	-0.098
46.200	-28.220	-0.060
46.220	-29.493	-0.028
46.240	-30.347	0.009
46.260	-30.771	0.038
46.280	-30.787	0.075
46.300	-30.357	0.101
46.320	-29.487	0.137
46.340	-28.182	0.163
46.360	-26.442	0.201
46.380	-24.358	0.221
46.400	-21.979	0.245
46.420	-19.148	0.253
46.440	-16.103	0.275
46.460	-12.875	0.278
46.480	-9.378	0.289
46.500	-5.774	0.286
46.520	-2.116	0.286
46.540	1.595	0.275
46.560	5.274	0.266
46.580	8.862	0.249
46.600	12.359	0.229
46.620	15.657	0.210
46.640	18.729	0.187
46.660	21.549	0.159
46.680	24.046	0.121
46.700	26.173	0.100
46.720	27.881	0.058
46.740	29.299	0.031
46.760	30.239	-0.015
46.780	30.739	-0.037
46.800	30.819	-0.081
46.820	30.459	-0.102
46.840	29.638	-0.146
46.860	28.413	-0.170
46.880	26.759	-0.209
46.900	24.777	-0.223
46.920	22.387	-0.251
46.940	19.744	-0.263
46.960	16.693	-0.286
46.980	13.444	-0.292
47.000	10.022	-0.299
47.020	6.569	-0.301
47.040	2.825	-0.298
47.060	-0.768	-0.294
47.080	-4.560	-0.277
47.100	-8.094	-0.270
47.120	-11.687	-0.245
47.140	-14.921	-0.231
47.160	-18.144	-0.202
47.180	-21.017	-0.178
47.200	-23.552	-0.145
47.220	-25.771	-0.117
47.240	-27.618	-0.087
47.260	-29.084	-0.048
47.280	-30.089	-0.019
47.300	-30.680	0.022
47.320	-30.830	0.050
47.340	-30.535	0.087
47.360	-29.836	0.112
47.380	-28.682	0.145
47.400	-27.097	0.172
47.420	-25.196	0.214
47.440	-22.822	0.231
47.460	-20.185	0.253
47.480	-17.220	0.258
47.500	-14.035	0.275
47.520	-10.629	0.276
47.540	-7.068	0.284
47.560	-3.416	0.275
47.580	0.269	0.278
47.600	3.980	0.265
47.620	7.611	0.253
47.640	11.134	0.231
47.660	14.497	0.218
47.680	17.666	0.190
47.700	20.577	0.172
47.720	23.133	0.131
47.740	25.454	0.108
47.760	27.344	0.069
47.780	28.854	0.043
47.800	29.949	0.003
47.820	30.615	-0.026
47.840	30.841	-0.066
47.860	30.626	-0.092
47.880	29.955	-0.132
47.900	28.891	-0.161
47.920	27.403	-0.193
47.940	25.577	-0.210
47.960	23.262	-0.244
47.980	20.657	-0.253
48.000	17.848	-0.276
48.020	14.620	-0.285
48.040	11.263	-0.290
48.060	7.745	-0.296
48.080	4.104	-0.299
48.100	0.440	-0.290
48.120	-3.185	-0.278
48.140	-6.913	-0.263
48.160	-10.500	-0.251
48.180	-13.879	-0.228
48.200	-17.080	-0.207
48.220	-20.045	-0.178
48.240	-22.714	-0.153
48.260	-25.056	-0.118
48.280	-27.038	-0.091
48.300	-28.644	-0.051
48.320	-29.804	-0.023
48.340	-30.567	0.017
48.360	-30.819	0.043
48.380	-30.739	0.084
48.400	-30.196	0.111
48.420	-29.187	0.143
48.440	-27.752	0.170
48.460	-25.905	0.210
48.480	-23.729	0.233
48.500	-21.200	0.257
48.520	-18.326	0.267
48.540	-15.227	0.280
48.560	-11.902	0.286
48.580	-8.395	0.293
48.600	-4.759	0.290
48.620	-1.058	0.290
48.640	2.626	0.280
48.660	6.306	0.271
48.680	9.861	0.253
48.700	13.315	0.234
48.720	16.548	0.212
48.740	19.556	0.190
48.760	22.301	0.154
48.780	24.675	0.125
48.800	26.716	0.095
48.820	28.354	0.064
48.840	29.589	0.032
48.860	30.433	-0.008
48.880	30.814	-0.037
48.900	30.750	-0.074
48.920	30.261	-0.107
48.940	29.332	-0.142
48.960	27.967	-0.170
48.980	26.238	-0.197
49.000	24.122	-0.253
49.020	15.770	-0.273
49.040	12.461	-0.272
49.060	9.002	-0.290
49.080	5.419	-0.277
49.100	1.746	-0.284
49.120	-1.853	-0.270
49.140	-5.618	-0.262
49.160	-9.142	-0.244
49.180	-12.708	-0.226
49.200	-15.963	-0.204
49.220	-19.019	-0.174
49.240	-21.796	-0.152
49.260	-24.272	-0.120
49.280	-26.356	-0.095
49.300	-28.128	-0.054
49.320	-29.434	-0.025
49.340	-30.341	0.013
49.360	-30.750	0.040
49.380	-30.814	0.079
49.400	-30.406	0.108
49.420	-29.557	0.138
49.440	-28.290	0.170
49.460	-26.603	0.205
49.480	-24.546	0.229
49.500	-22.172	0.247
49.520	-19.368	0.262
49.540	-16.350	0.277
49.560	-13.100	0.291
49.580	-9.636	0.294
49.600	-6.032	0.296
49.620	-2.379	0.290
49.640	1.327	0.288
49.660	5.017	0.274
49.680	8.621	0.263
49.700	12.112	0.239
49.720	15.431	0.220
49.740	18.536	0.195
49.760	21.355	0.169
49.780	23.880	0.133
49.800	26.028	0.110
49.820	27.790	0.067
49.840	29.219	0.042
49.860	30.186	0.000
49.880	30.728	-0.027
49.900	30.825	-0.065
49.920	30.508	-0.099
49.940	29.708	-0.132
49.960	28.504	-0.166
49.980	26.882	-0.191
50.000	24.976	-0.218
50.020	22.532	-0.240
50.040	19.857	-0.258
50.060	16.897	-0.277
50.080	13.761	-0.285
50.100	10.259	-0.293
50.120	6.821	-0.291
50.140	3.072	-0.297
50.160	-0.612	-0.284
50.180	-4.211	-0.279
50.200	-7.944	-0.259
50.220	-11.440	-0.244
50.240	-14.787	-0.221
50.260	-17.950	-0.203
50.280	-20.824	-0.172
50.300	-23.386	-0.145
50.320	-25.636	-0.114
50.340	-27.505	-0.084
50.360	-28.999	-0.048
50.380	-30.051	-0.013
50.400	-30.626	0.019
50.420	-30.835	0.051
50.440	-30.567	0.085
50.460	-29.906	0.118
50.480	-28.800	0.149
50.500	-27.226	0.186
50.520	-25.325	0.211
50.540	-22.988	0.229
50.560	-20.378	0.246
50.580	-17.429	0.266
50.600	-14.260	0.277
50.620	-10.882	0.282
50.640	-7.310	0.284
50.660	-3.679	0.284
50.680	0.021	0.274
50.700	3.717	0.268
50.720	7.348	0.254
50.740	10.893	0.234
50.760	14.276	0.217
50.780	17.451	0.192
50.800	20.378	0.170
50.820	23.026	0.137
50.840	25.250	0.106
50.860	27.237	0.073
50.880	28.762	0.040
50.900	29.885	0.009
50.920	30.572	-0.029
50.940	30.846	-0.066
50.960	30.658	-0.098
50.980	30.067	-0.130
51.000	28.982	-0.161
51.020	27.521	-0.192
51.040	25.668	-0.220
51.060	23.429	-0.241
51.080	20.861	-0.257
51.100	18.058	-0.277
51.120	14.856	-0.285
51.140	11.500	-0.303
51.160	7.998	-0.300
51.180	4.383	-0.307
51.200	0.704	-0.288
51.220	-2.997	-0.293
51.240	-6.633	-0.269
51.260	-10.200	-0.259
51.280	-13.616	-0.232
51.300	-16.747	-0.218
51.320	-19.825	-0.188
51.340	-22.500	-0.161
51.360	-24.863	-0.128
51.380	-26.829	-0.102
51.400	-28.526	-0.066
51.420	-29.670	-0.030
51.440	-30.476	0.006
51.460	-30.798	0.037
51.480	-30.728	0.071
51.500	-30.196	0.106
51.520	-29.219	0.136
51.540	-27.849	0.172
51.560	-26.034	0.202
51.580	-23.853	0.221
51.600	-21.366	0.242
51.620	-18.503	0.256
51.640	-15.426	0.269
51.660	-12.128	0.279
51.680	-8.604	0.285
51.700	-4.990	0.282
51.720	-1.294	0.278
51.740	2.406	0.274
51.760	6.075	0.262
51.780	9.636	0.246
51.800	13.089	0.228
51.820	16.344	0.204
51.840	19.357	0.183
51.860	22.064	0.150
51.880	24.535	0.121
51.900	26.592	0.087
51.920	28.263	0.057
51.940	29.546	0.021
51.960	30.395	-0.012
51.980	30.798	-0.049
52.000	30.760	-0.080
52.020	30.309	-0.116
52.040	29.407	-0.143
52.060	28.075	-0.176
52.080	26.367	-0.200
52.100	24.272	-0.224
52.120	21.801	-0.244
52.140	19.100	-0.261
52.160	15.995	-0.273
52.180	12.783	-0.286
52.200	9.254	-0.289
52.220	5.752	-0.290
52.240	1.998	-0.283
52.260	-1.703	-0.275
52.280	-5.382	-0.264
52.300	-8.986	-0.250
52.320	-12.445	-0.232
52.340	-15.737	-0.209
52.360	-18.810	-0.182
52.380	-21.640	-0.157
52.400	-24.041	-0.124
52.420	-26.227	-0.102
52.440	-27.962	-0.060
52.460	-29.364	-0.031
52.480	-30.320	0.008
52.500	-30.755	0.039
52.520	-30.830	0.080
52.540	-30.465	0.106
52.560	-29.675	0.140
52.580	-28.413	0.166
52.600	-26.770	0.201
52.620	-24.702	0.220
52.640	-22.295	0.248
52.660	-19.647	0.260
52.680	-16.575	0.278
52.700	-13.342	0.285
52.720	-9.899	0.292
52.740	-6.316	0.296
52.760	-2.637	0.293
52.780	1.058	0.287
52.800	4.764	0.280
52.820	8.352	0.262
52.840	11.865	0.242
52.860	15.206	0.220
52.880	18.305	0.201
52.900	21.162	0.175
52.920	23.649	0.143
52.940	25.899	0.109
52.960	27.709	0.075
52.980	29.101	0.049
53.000	30.126	0.008
53.020	30.696	-0.026
53.040	30.825	-0.058
53.060	30.529	-0.095
53.080	29.783	-0.124
53.100	28.606	-0.153
53.120	27.006	-0.184
53.140	25.072	-0.208
53.160	22.784	-0.234
53.180	20.050	-0.251
53.200	17.177	-0.269
53.220	13.895	-0.277
53.240	10.506	-0.283
53.260	6.961	-0.285
53.280	3.335	-0.285
53.300	-0.365	-0.277
53.320	-3.969	-0.268
53.340	-7.713	-0.249
53.360	-11.247	-0.235
53.380	-14.577	-0.215
53.400	-17.746	-0.191
53.420	-20.571	-0.162
53.440	-23.251	-0.141
53.460	-25.491	-0.103
53.480	-27.403	-0.074
53.500	-28.913	-0.039
53.520	-29.981	-0.007
53.540	-30.637	0.031
53.560	-30.873	0.060
53.580	-30.626	0.096
53.600	-29.992	0.126
53.620	-28.891	0.158
53.640	-27.360	0.187
53.660	-25.470	0.216
53.680	-23.171	0.240
53.700	-20.571	0.255
53.720	-17.644	0.271
53.740	-14.480	0.283
53.760	-11.140	0.292
53.780	-7.579	0.293
53.800	-3.932	0.294
53.820	-0.322	0.282
53.840	3.459	0.275
53.860	7.106	0.263
53.880	10.640	0.245
53.900	14.045	0.224
53.920	17.236	0.201
53.940	20.174	0.177
53.960	22.843	0.147
53.980	25.158	0.117
54.000	27.076	0.080
54.020	28.666	0.053
54.040	29.810	0.013
54.060	30.545	-0.020
54.080	30.835	-0.054
54.100	30.680	-0.086
54.120	30.078	-0.120
54.140	29.063	-0.154
54.160	27.624	-0.188
54.180	25.819	-0.204
54.200	23.606	-0.233
54.220	21.028	-0.249
54.240	18.203	-0.274
54.260	15.077	-0.280
54.280	11.736	-0.294
54.300	8.250	-0.290
54.320	4.630	-0.294
54.340	0.956	-0.288
54.360	-2.734	-0.282
54.380	-6.397	-0.265
54.400	-9.969	-0.253
54.420	-13.401	-0.232
54.440	-16.543	-0.215
54.460	-19.626	-0.185
54.480	-22.258	-0.157
54.500	-24.734	-0.125
54.520	-26.748	-0.095
54.540	-28.418	-0.060
54.560	-29.627	-0.029
54.580	-30.433	0.008
54.600	-30.782	0.038
54.620	-30.739	0.075
54.640	-30.255	0.107
54.660	-29.310	0.138
54.680	-27.940	0.163
54.700	-26.173	0.199
54.720	-24.020	0.219
54.740	-21.522	0.245
54.760	-18.777	0.253
54.780	-15.630	0.271
54.800	-12.337	0.274
54.820	-8.852	0.282
54.840	-5.237	0.278
54.860	-1.558	0.279
54.880	2.154	0.269
54.900	5.817	0.260
54.920	9.394	0.241
54.940	12.858	0.227
54.960	16.135	0.201
54.980	19.159	0.179
55.000	21.952	0.149
55.020	24.379	0.118
55.040	26.458	0.086
55.060	28.155	0.051
55.080	29.477	0.020
55.100	30.347	-0.017
55.120	30.787	-0.045
55.140	30.787	-0.083
55.160	30.363	-0.117
55.180	29.477	-0.149
55.200	28.193	-0.181
55.220	26.506	-0.206
55.240	24.438	-0.228
55.260	22.000	-0.250
55.280	19.314	-0.268
55.300	16.226	-0.280
55.320	13.030	-0.287
55.340	9.604	-0.294
55.360	5.946	-0.297
55.380	2.363	-0.295
55.400	-1.418	-0.287
55.420	-5.092	-0.273
55.440	-8.723	-0.256
55.460	-12.203	-0.240
55.480	-15.512	-0.222
55.500	-18.579	-0.189
55.520	-21.409	-0.168
55.540	-23.907	-0.136
55.560	-26.082	-0.106
55.580	-27.881	-0.073
55.600	-29.272	-0.037
55.620	-30.223	-0.005
55.640	-30.723	0.033
55.660	-30.809	0.066
55.680	-30.497	0.100
55.700	-29.729	0.133
55.720	-28.510	0.158
55.740	-26.855	0.195
55.760	-24.841	0.216
55.780	-22.473	0.241
55.800	-19.760	0.254
55.820	-16.774	0.269
55.840	-13.573	0.279
55.860	-10.135	0.282
55.880	-6.558	0.286
55.900	-2.900	0.282
55.920	0.816	0.276
55.940	4.506	0.271
55.960	8.110	0.252
55.980	11.628	0.242
56.000	14.905	0.215
56.020	18.106	0.194
56.040	20.979	0.163
56.060	23.547	0.133
56.080	25.760	0.105
56.100	27.586	0.073
56.120	29.047	0.038
56.140	30.057	0.005
56.160	30.669	-0.025
56.180	30.835	-0.065
56.200	30.572	-0.096
56.220	29.836	-0.132
56.240	28.698	-0.160
56.260	27.140	-0.190
56.280	25.223	-0.209
56.300	22.902	-0.234
56.320	20.249	-0.250
56.340	17.316	-0.273
56.360	14.126	-0.274
56.380	10.748	-0.286
56.400	7.208	-0.286
56.420	3.566	-0.286
56.440	-0.124	-0.279
56.460	-3.819	-0.272
56.480	-7.466	-0.252
56.500	-11.000	-0.236
56.520	-14.292	-0.218
56.540	-17.547	-0.194
56.560	-20.469	-0.166
56.580	-23.080	-0.136
56.600	-25.373	-0.106
56.620	-27.317	-0.073
56.640	-28.859	-0.040
56.660	-29.949	-0.007
56.680	-30.653	0.032
56.700	-30.830	0.061
56.720	-30.664	0.096
56.740	-30.051	0.129
56.760	-29.004	0.158
56.780	-27.505	0.186
56.800	-25.609	0.219
56.820	-23.375	0.238
56.840	-20.759	0.259
56.860	-17.886	0.274
56.880	-14.744	0.287
56.900	-11.397	0.292
56.920	-7.863	0.303
56.940	-4.195	0.297
56.960	-0.521	0.292
56.980	3.196	0.280
57.000	6.843	0.270
57.020	10.398	0.252
57.040	13.820	0.233
57.060	16.940	0.210
57.080	19.980	0.183
57.100	22.687	0.156
57.120	24.949	0.121
57.140	26.995	0.089
57.160	28.574	0.058
57.180	29.756	0.025
57.200	30.502	-0.014
57.220	30.830	-0.044
57.240	30.701	-0.081
57.260	30.137	-0.110
57.280	29.160	-0.148
57.300	27.726	-0.177
57.320	25.948	-0.199
57.340	23.762	-0.223
57.360	21.227	-0.244
57.380	18.391	-0.261
57.400	15.302	-0.279
57.420	11.978	-0.282
57.440	8.486	-0.289
57.460	4.877	-0.286
57.480	1.203	-0.284
57.500	-2.498	-0.275
57.520	-6.155	-0.262
57.540	-9.743	-0.243
57.560	-13.159	-0.225
57.580	-16.419	-0.207
57.600	-19.438	-0.179
57.620	-22.177	-0.154
57.640	-24.562	-0.120
57.660	-26.641	-0.091
57.680	-28.316	-0.054
57.700	-29.584	-0.024
57.720	-30.400	0.015
57.740	-30.782	0.044
57.760	-30.771	0.081
57.780	-30.298	0.112
57.800	-29.380	0.140
57.820	-28.048	0.171
57.840	-26.297	0.204
57.860	-24.181	0.227
57.880	-21.731	0.246
57.900	-18.928	0.265
57.920	-15.855	0.274
57.940	-12.584	0.286
57.960	-9.099	0.290
57.980	-5.500	0.287
58.000	-1.799	0.282
58.020	1.901	0.274
58.040	5.564	0.265
58.060	9.136	0.255
58.080	12.622	0.229
58.100	15.909	0.212
58.120	18.960	0.184
58.140	21.753	0.157
58.160	24.224	0.121
58.180	26.329	0.092
58.200	28.059	0.058
58.220	29.364	0.024
58.240	30.293	-0.012
58.260	30.776	-0.043
58.280	30.798	-0.083
58.300	30.406	-0.109
58.320	29.579	-0.146
58.340	28.295	-0.180
58.360	26.614	-0.203
58.380	24.600	-0.226
58.400	22.161	-0.250
58.420	19.427	-0.267
58.440	16.441	-0.281
58.460	13.181	-0.290
58.480	9.840	-0.298
58.500	6.187	-0.297
58.520	2.530	-0.298
58.540	-1.160	-0.290
58.560	-4.845	-0.278
58.580	-8.379	-0.261
58.600	-11.945	-0.245
58.620	-15.265	-0.226
58.640	-18.375	-0.199
58.660	-21.221	-0.171
58.680	-23.746	-0.142
58.700	-25.948	-0.109
58.720	-27.747	-0.081
58.740	-29.165	-0.041
58.760	-30.148	-0.012
58.780	-30.680	0.024
58.800	-30.825	0.058
58.820	-30.508	0.092
58.840	-29.761	0.124
58.860	-28.574	0.151
58.880	-26.968	0.183
58.900	-24.970	0.208
58.920	-22.634	0.233
58.940	-19.937	0.248
58.960	-16.957	0.263
58.980	-13.771	0.275
59.000	-10.350	0.282
59.020	-6.800	0.281
59.040	-3.137	0.280
59.060	0.585	0.270
59.080	4.259	0.264
59.100	7.890	0.249
59.120	11.408	0.234
59.140	14.760	0.211
59.160	17.902	0.191
59.180	20.797	0.165
59.200	23.391	0.130
59.220	25.620	0.100
59.240	27.479	0.064
59.260	28.961	0.036
59.280	30.008	-0.001
59.300	30.647	-0.031
59.320	30.846	-0.071
59.340	30.599	-0.097
59.360	29.896	-0.131
59.380	28.821	-0.162
59.400	27.274	-0.195
59.420	25.362	-0.213
59.440	23.063	-0.244
59.460	20.442	-0.257
59.480	17.531	-0.273
59.500	14.357	-0.286
59.520	10.968	-0.292
59.540	7.455	-0.295
59.560	3.830	-0.294
59.580	0.156	-0.288
59.600	-3.545	-0.278
59.620	-7.219	-0.264
59.640	-10.774	-0.245
59.660	-14.142	-0.227
59.680	-17.327	-0.199
59.700	-20.260	-0.177
59.720	-22.892	-0.144
59.740	-25.223	-0.112
59.760	-27.183	-0.085
59.780	-28.762	-0.046
59.800	-29.863	-0.016
59.820	-30.588	0.021
59.840	-30.819	0.054
59.860	-30.707	0.087
59.880	-30.110	0.120
59.900	-29.079	0.149
59.920	-27.613	0.176
59.940	-25.760	0.211
59.960	-23.552	0.231
59.980	-20.985	0.249
60.000	-18.170	0.261
60.020	-14.964	0.279
60.040	-11.612	0.282
60.060	-8.100	0.287
60.080	-4.469	0.283
60.100	-0.768	0.283
60.120	2.933	0.274
60.140	6.585	0.266
60.160	10.151	0.250
60.180	13.498	0.233
60.200	16.806	0.207
60.220	19.707	0.181
60.240	22.516	0.145
60.260	24.852	0.120
60.280	26.866	0.092
60.300	28.467	0.055
60.320	29.702	0.023
60.340	30.476	-0.015
60.360	30.835	-0.045
60.380	30.728	-0.082
60.400	30.196	-0.110
60.420	29.240	-0.145
60.440	27.838	-0.176
60.460	26.082	-0.194
60.480	23.928	-0.216
60.500	21.474	-0.243
60.520	18.600	-0.257
60.540	15.522	-0.274
60.560	12.192	-0.277
60.580	8.733	-0.289
60.600	5.124	-0.282
60.620	1.547	-0.279
60.640	-2.234	-0.270
60.660	-5.919	-0.259
60.680	-9.518	-0.245
60.700	-12.955	-0.223
60.720	-16.124	-0.205
60.740	-19.266	-0.174
60.760	-21.995	-0.149
60.780	-24.422	-0.116
60.800	-26.544	-0.087
60.820	-28.214	-0.055
60.840	-29.525	-0.023
60.860	-30.406	0.016
60.880	-30.798	0.047
60.900	-30.814	0.084
60.920	-30.357	0.117
60.940	-29.493	0.142
60.960	-28.171	0.174
60.980	-26.447	0.207
61.000	-24.390	0.235
61.020	-21.909	0.257
61.040	-19.132	0.271
61.060	-16.097	0.280
61.080	-12.832	0.285
61.100	-9.383	0.293
61.120	-5.758	0.291
61.140	-2.095	0.287
61.160	1.611	0.285
61.180	5.296	0.270
61.200	8.905	0.262
61.220	12.386	0.241
61.240	15.684	0.219
61.260	18.750	0.195
61.280	21.565	0.166
61.300	24.062	0.133
61.320	26.184	0.101
61.340	27.940	0.065
61.360	29.305	0.038
61.380	30.239	-0.000
61.400	30.750	-0.030
61.420	30.814	-0.070
61.440	30.449	-0.099
61.460	29.654	-0.134
61.480	28.397	-0.165
61.500	26.743	-0.194
61.520	24.804	-0.214
61.540	22.338	-0.242
61.560	19.626	-0.252
61.580	16.656	-0.278
61.600	13.401	-0.282
61.620	9.990	-0.289
61.640	6.424	-0.286
61.660	2.782	-0.290
61.680	-0.908	-0.280
61.700	-4.598	-0.271
61.720	-8.234	-0.253
61.740	-11.736	-0.237
61.760	-15.039	-0.218
61.780	-18.176	-0.194
61.800	-21.044	-0.165
61.820	-23.515	-0.136
61.840	-25.797	-0.107
61.860	-27.602	-0.074
61.880	-29.106	-0.041
61.900	-30.094	-0.004
61.920	-30.669	0.028
61.940	-30.825	0.063
61.960	-30.540	0.094
61.980	-29.826	0.126
62.000	-28.666	0.154
62.020	-27.097	0.183
62.040	-25.121	0.214
62.060	-22.795	0.237
62.080	-20.163	0.253
62.100	-17.187	0.266
62.120	-14.013	0.278
62.140	-10.603	0.280
62.160	-7.036	0.285
62.180	-3.389	0.279
62.200	0.317	0.273
62.220	4.001	0.268
62.240	7.643	0.254
62.260	11.161	0.235
62.280	14.540	0.217
62.300	17.682	0.191
62.320	20.604	0.168
62.340	23.219	0.134
62.360	25.470	0.105
62.380	27.371	0.069
62.400	28.870	0.038
62.420	29.949	0.000
62.440	30.621	-0.032
62.460	30.835	-0.070
62.480	30.626	-0.102
62.500	29.949	-0.133
62.520	28.880	-0.163
62.540	27.387	-0.194
62.560	25.507	-0.217
62.580	23.225	-0.240
62.600	20.630	-0.262
62.620	17.751	-0.276
62.640	14.593	-0.288
62.660	11.220	-0.298
62.680	7.724	-0.297
62.700	4.184	-0.297
62.720	0.408	-0.291
62.740	-3.292	-0.282
62.760	-6.945	-0.271
62.780	-10.495	-0.255
62.800	-13.879	-0.232
62.820	-17.080	-0.207
62.840	-20.045	-0.179
62.860	-22.709	-0.154
62.880	-25.051	-0.118
62.900	-27.027	-0.094
62.920	-28.623	-0.051
62.940	-29.783	-0.025
62.960	-30.513	0.017
62.980	-30.792	0.046
63.000	-30.685	0.083
63.020	-30.126	0.110
63.040	-29.138	0.145
63.060	-27.715	0.171
63.080	-25.873	0.204
63.100	-23.676	0.224
63.120	-21.135	0.248
63.140	-18.267	0.257
63.160	-15.152	0.274
63.180	-11.859	0.277
63.200	-8.320	0.282
63.220	-4.705	0.280
63.240	-1.010	0.275
63.260	2.696	0.268
63.280	6.349	0.259
63.300	9.926	0.244
63.320	13.272	0.228
63.340	16.607	0.203
63.360	19.572	0.178
63.380	22.333	0.149
63.400	24.707	0.112
63.420	26.732	0.086
63.440	28.386	0.049
63.460	29.632	0.018
63.480	30.438	-0.013
63.500	30.814	-0.053
63.520	30.750	-0.080
63.540	30.255	-0.115
63.560	29.342	-0.147
63.580	27.957	-0.183
63.600	26.211	-0.203
63.620	24.089	-0.228
63.640	21.603	-0.248
63.660	18.804	-0.269
63.680	15.748	-0.286
63.700	12.434	-0.289
63.720	8.980	-0.298
63.740	5.382	-0.293
63.760	1.708	-0.297
63.780	-1.907	-0.285
63.800	-5.672	-0.270
63.820	-9.281	-0.255
63.840	-12.735	-0.235
63.860	-16.006	-0.212
63.880	-19.057	-0.186
63.900	-21.850	-0.158
63.920	-24.283	-0.127
63.940	-26.415	-0.101
63.960	-28.128	-0.063
63.980	-29.460	-0.031
64.000	-30.363	0.009
64.020	-30.776	0.040
64.040	-30.814	0.079
64.060	-30.411	0.108
64.080	-29.579	0.139
64.100	-28.300	0.165
64.120	-26.598	0.201
64.140	-24.524	0.230
64.160	-22.107	0.252
64.180	-19.341	0.262
64.200	-16.328	0.281
64.220	-13.073	0.280
64.240	-9.614	0.293
64.260	-6.016	0.286
64.280	-2.347	0.289
64.300	1.364	0.278
64.320	5.054	0.275
64.340	8.647	0.257
64.360	12.155	0.248
64.380	15.453	0.222
64.400	18.552	0.201
64.420	21.382	0.166
64.440	23.891	0.135
64.460	26.044	0.107
64.480	27.806	0.071
64.500	29.229	0.043
64.520	30.191	0.003
64.540	30.717	-0.024
64.560	30.825	-0.066
64.580	30.492	-0.091
64.600	29.691	-0.131
64.620	28.499	-0.155
64.640	26.877	-0.193
64.660	24.906	-0.204
64.680	22.526	-0.241
64.700	19.900	-0.244
64.720	16.860	-0.277
64.740	13.632	-0.268
64.760	10.221	-0.290
64.780	6.682	-0.281
64.800	3.019	-0.287
64.820	-0.650	-0.274
64.840	-4.351	-0.268
64.860	-8.003	-0.254
64.880	-11.494	-0.236
64.900	-14.830	-0.218
64.920	-17.966	-0.186
64.940	-20.861	-0.163
64.960	-23.434	-0.138
64.980	-25.685	-0.104
65.000	-27.527	-0.070
65.020	-29.020	-0.039
65.040	-30.078	-0.005
65.060	-30.658	0.031
65.080	-30.878	0.063
65.100	-30.615	0.101
65.120	-29.890	0.128
65.140	-28.768	0.162
65.160	-27.215	0.188
65.180	-25.314	0.224
65.200	-22.999	0.241
65.220	-20.351	0.265
65.240	-17.402	0.272
65.260	-14.233	0.283
65.280	-10.850	0.283
65.300	-7.310	0.292
65.320	-3.658	0.286
65.340	0.059	0.282
65.360	3.760	0.271
65.380	7.391	0.268
65.400	10.925	0.242
65.420	14.314	0.226
65.440	17.472	0.199
65.460	20.394	0.181
65.480	23.058	0.139
65.500	25.325	0.115
65.520	27.258	0.076
65.540	28.768	0.047
65.560	29.901	0.009
65.580	30.594	-0.021
65.600	30.830	-0.057
65.620	30.653	-0.087
65.640	30.014	-0.124
65.660	28.966	-0.157
65.680	27.473	-0.189
65.700	25.647	-0.207
65.720	23.402	-0.234
65.740	20.888	-0.250
65.760	17.950	-0.276
65.780	14.813	-0.281
65.800	11.467	-0.296
65.820	7.960	-0.294
65.840	4.340	-0.292
65.860	0.671	-0.293
65.880	-3.035	-0.282
65.900	-6.687	-0.269
65.920	-10.259	-0.252
65.940	-13.653	-0.231
65.960	-16.790	-0.212
65.980	-19.852	-0.182
66.000	-22.532	-0.158
66.020	-24.879	-0.124
66.040	-26.904	-0.095
66.060	-28.531	-0.060
66.080	-29.702	-0.029
66.100	-30.486	0.012
66.120	-30.792	0.041
66.140	-30.723	0.079
66.160	-30.196	0.109
66.180	-29.213	0.140
66.200	-27.795	0.166
66.220	-26.001	0.202
66.240	-23.832	0.224
66.260	-21.318	0.241
66.280	-18.487	0.255
66.300	-15.383	0.271
66.320	-12.080	0.276
66.340	-8.578	0.285
66.360	-4.952	0.276
66.380	-1.268	0.278
66.400	2.449	0.266
66.420	6.112	0.261
66.440	9.684	0.240
66.460	13.127	0.224
66.480	16.376	0.197
66.500	19.390	0.176
66.520	22.140	0.145
66.540	24.557	0.112
66.560	26.603	0.082
66.580	28.273	0.050
66.600	29.562	0.016
66.620	30.384	-0.017
66.640	30.787	-0.054
66.660	30.766	-0.084
66.680	30.304	-0.118
66.700	29.396	-0.153
66.720	28.075	-0.185
66.740	26.345	-0.206
66.760	24.310	-0.232
66.780	21.769	-0.253
66.800	19.008	-0.271
66.820	15.974	-0.283
66.840	12.762	-0.291
66.860	9.233	-0.299
66.880	5.742	-0.297
66.900	1.977	-0.298
66.920	-1.719	-0.286
66.940	-5.393	-0.278
66.960	-9.007	-0.258
66.980	-12.456	-0.244
67.000	-15.759	-0.217
67.020	-18.831	-0.193
67.040	-21.629	-0.164
67.060	-24.036	-0.133
67.080	-26.232	-0.104
67.100	-28.010	-0.068
67.120	-29.353	-0.037
67.140	-30.277	-0.000
67.160	-30.739	0.030
67.180	-30.803	0.069
67.200	-30.433	0.100
67.220	-29.632	0.133
67.240	-28.381	0.160
67.260	-26.732	0.195
67.280	-24.664	0.215
67.300	-22.263	0.242
67.320	-19.535	0.257
67.340	-16.521	0.271
67.360	-13.304	0.278
67.380	-9.845	0.283
67.400	-6.268	0.286
67.420	-2.605	0.281
67.440	1.106	0.275
67.460	4.791	0.268
67.480	8.400	0.253
67.500	11.913	0.238
67.520	15.227	0.218
67.540	18.337	0.188
67.560	21.200	0.165
67.580	23.746	0.130
67.600	25.916	0.106
67.620	27.726	0.066
67.640	29.149	0.036
67.660	30.137	-0.003
