--- Pendolo di torsione ---
Tempo.Forzante.Pendolo
0.000	16.462	-0.296
0.020	13.132	-0.287
0.040	9.700	-0.303
0.060	6.209	-0.287
0.080	2.481	-0.296
0.100	-1.128	-0.275
0.120	-4.909	-0.267
0.140	-8.519	-0.246
0.160	-12.031	-0.225
0.180	-15.232	-0.201
0.200	-18.439	-0.179
0.220	-21.264	-0.150
0.240	-23.740	-0.117
0.260	-25.975	-0.084
0.280	-27.801	-0.052
0.300	-29.208	-0.021
0.320	-30.175	0.015
0.340	-30.723	0.046
0.360	-30.835	0.082
0.380	-30.540	0.112
0.400	-29.810	0.144
0.420	-28.623	0.170
0.440	-27.054	0.198
0.460	-25.013	0.219
0.480	-22.741	0.240
0.500	-19.997	0.253
0.520	-17.032	0.275
0.540	-13.831	0.283
0.560	-10.404	0.279
0.580	-6.934	0.279
0.600	-3.180	0.277
0.620	0.414	0.270
0.640	4.211	0.252
0.660	7.740	0.244
0.680	11.344	0.215
0.700	14.711	0.198
0.720	17.778	0.173
0.740	20.743	0.148
0.760	23.343	0.112
0.780	25.566	0.089
0.800	27.403	0.045
0.820	28.934	0.020
0.840	29.981	-0.021
0.860	30.621	-0.047
0.880	30.825	-0.088
0.900	30.594	-0.116
0.920	29.933	-0.150
0.940	28.805	-0.178
0.960	27.328	-0.206
0.980	25.443	-0.223
1.000	23.155	-0.253
1.020	20.469	-0.262
1.040	17.580	-0.275
1.060	14.486	-0.281
1.080	11.027	-0.286
1.100	7.509	-0.285
1.120	3.969	-0.281
1.140	0.204	-0.271
1.160	-3.405	-0.260
1.180	-7.058	-0.242
1.200	-10.603	-0.223
1.220	-14.088	-0.200
1.240	-17.204	-0.174
1.260	-20.244	-0.146
1.280	-22.886	-0.120
1.300	-25.207	-0.082
1.320	-27.172	-0.057
1.340	-28.762	-0.018
1.360	-29.874	0.012
1.380	-30.621	0.053
1.400	-30.841	0.076
1.420	-30.755	0.115
1.440	-30.191	0.141
1.460	-29.176	0.170
1.480	-27.715	0.198
1.500	-25.878	0.223
1.520	-23.644	0.243
1.540	-21.108	0.265
1.560	-18.229	0.276
1.580	-15.130	0.284
1.600	-11.795	0.286
1.620	-8.271	0.292
1.640	-4.721	0.285
1.660	-0.940	0.278
1.680	2.755	0.264
1.700	6.408	0.255
1.720	9.899	0.231
1.740	13.422	0.214
1.760	16.656	0.187
1.780	19.631	0.163
1.800	22.322	0.132
1.820	24.734	0.102
1.840	26.780	0.070
1.860	28.359	0.035
1.880	29.638	-0.003
1.900	30.443	-0.029
1.920	30.809	-0.067
1.940	30.744	-0.097
1.960	30.239	-0.130
1.980	29.326	-0.157
2.000	27.940	-0.187
2.020	26.222	-0.214
2.040	24.046	-0.236
2.060	21.608	-0.254
2.080	18.734	-0.270
2.100	15.673	-0.279
2.120	12.461	-0.283
2.140	8.905	-0.283
2.160	5.414	-0.280
2.180	1.649	-0.275
2.200	-2.057	-0.262
2.220	-5.731	-0.249
2.240	-9.222	-0.232
2.260	-12.772	-0.209
2.280	-15.931	-0.186
2.300	-19.094	-0.156
2.320	-21.780	-0.132
2.340	-24.304	-0.098
2.360	-26.431	-0.072
2.380	-28.085	-0.037
2.400	-29.466	-0.002
2.420	-30.341	0.033
2.440	-30.814	0.063
2.460	-30.841	0.098
2.480	-30.411	0.127
2.500	-29.573	0.159
2.520	-28.300	0.179
2.540	-26.625	0.212
2.560	-24.541	0.230
2.580	-22.161	0.252
2.600	-19.357	0.271
2.620	-16.387	0.281
2.640	-13.095	0.286
2.660	-9.641	0.289
2.680	-6.059	0.284
2.700	-2.460	0.279
2.720	1.337	0.265
2.740	5.011	0.257
2.760	8.615	0.239
2.780	12.037	0.217
2.800	15.420	0.191
2.820	18.514	0.172
2.840	21.280	0.142
2.860	23.869	0.107
2.880	26.028	0.080
2.900	27.779	0.041
2.920	29.208	0.011
2.940	30.164	-0.026
2.960	30.712	-0.055
2.980	30.825	-0.097
3.000	30.492	-0.126
3.020	29.708	-0.159
3.040	28.515	-0.188
3.060	26.893	-0.216
3.080	24.986	-0.234
3.100	22.553	-0.258
3.120	19.868	-0.266
3.140	16.908	-0.284
3.160	13.777	-0.283
3.180	10.296	-0.295
3.200	6.746	-0.289
3.220	3.088	-0.286
3.240	-0.500	-0.276
3.260	-4.286	-0.265
3.280	-7.912	-0.246
3.300	-11.344	-0.228
3.320	-14.765	-0.204
3.340	-17.832	-0.175
3.360	-20.813	-0.152
3.380	-23.391	-0.119
3.400	-25.625	-0.092
3.420	-27.505	-0.056
3.440	-28.993	-0.022
3.460	-30.014	0.010
3.480	-30.664	0.044
3.500	-30.862	0.076
3.520	-30.631	0.111
3.540	-29.955	0.139
3.560	-28.859	0.169
3.580	-27.285	0.194
3.600	-25.373	0.214
3.620	-23.085	0.239
3.640	-20.518	0.256
3.660	-17.526	0.267
3.680	-14.362	0.276
3.700	-10.995	0.277
3.720	-7.455	0.278
3.740	-3.803	0.277
3.760	-0.188	0.264
3.780	3.593	0.255
3.800	7.224	0.236
3.820	10.758	0.220
3.840	14.158	0.198
3.860	17.263	0.173
3.880	20.271	0.144
3.900	22.935	0.115
3.920	25.223	0.082
3.940	27.124	0.045
3.960	28.703	0.017
3.980	29.853	-0.016
4.000	30.540	-0.050
4.020	30.830	-0.087
4.040	30.669	-0.117
4.060	30.062	-0.152
4.080	29.025	-0.182
4.100	27.575	-0.216
4.120	25.749	-0.225
4.140	23.579	-0.254
4.160	21.017	-0.263
4.180	18.176	-0.283
4.200	14.969	-0.283
4.220	11.725	-0.295
4.240	8.132	-0.286
4.260	4.528	-0.291
4.280	0.859	-0.277
4.300	-2.755	-0.271
4.320	-6.504	-0.246
4.340	-9.996	-0.230
4.360	-13.503	-0.212
4.380	-16.634	-0.188
4.400	-19.717	-0.158
4.420	-22.419	-0.131
4.440	-24.809	-0.097
4.460	-26.839	-0.065
4.480	-28.488	-0.031
4.500	-29.708	-0.001
4.520	-30.492	0.032
4.540	-30.846	0.066
4.560	-30.798	0.102
4.580	-30.314	0.130
4.600	-29.348	0.163
4.620	-28.021	0.185
4.640	-26.206	0.214
4.660	-24.122	0.235
4.680	-21.565	0.260
4.700	-18.804	0.268
4.720	-15.662	0.278
4.740	-12.370	0.279
4.760	-8.959	0.285
4.780	-5.269	0.277
4.800	-1.574	0.275
4.820	2.132	0.260
4.840	5.720	0.253
4.860	9.383	0.231
4.880	12.853	0.214
4.900	16.038	0.184
4.920	19.148	0.163
4.940	21.930	0.134
4.960	24.310	0.106
4.980	26.447	0.067
5.000	28.155	0.036
5.020	29.477	0.005
5.040	30.309	-0.029
5.060	30.766	-0.065
5.080	30.776	-0.098
5.100	30.363	-0.126
5.120	29.482	-0.158
5.140	28.230	-0.188
5.160	26.533	-0.214
5.180	24.438	-0.231
5.200	21.995	-0.253
5.220	19.309	-0.262
5.240	16.231	-0.278
5.260	12.944	-0.276
5.280	9.598	-0.280
5.300	5.940	-0.279
5.320	2.283	-0.275
5.340	-1.332	-0.262
5.360	-5.092	-0.249
5.380	-8.637	-0.229
5.400	-12.198	-0.209
5.420	-15.512	-0.188
5.440	-18.525	-0.159
5.460	-21.436	-0.133
5.480	-23.864	-0.096
5.500	-26.104	-0.070
5.520	-27.865	-0.032
5.540	-29.289	-0.004
5.560	-30.239	0.033
5.580	-30.744	0.063
5.600	-30.873	0.100
5.620	-30.551	0.127
5.640	-29.777	0.160
5.660	-28.569	0.182
5.680	-26.958	0.214
5.700	-24.986	0.230
5.720	-22.548	0.257
5.740	-19.852	0.269
5.760	-16.946	0.281
5.780	-13.691	0.291
5.800	-10.334	0.293
5.820	-6.682	0.290
5.840	-3.094	0.287
5.860	0.698	0.276
5.880	4.308	0.263
5.900	8.008	0.246
5.920	11.446	0.226
5.940	14.862	0.202
5.960	17.934	0.175
5.980	20.883	0.148
6.000	23.461	0.119
6.020	25.625	0.087
6.040	27.543	0.050
6.060	28.999	0.018
6.080	30.046	-0.018
6.100	30.653	-0.052
6.120	30.841	-0.088
6.140	30.572	-0.113
6.160	29.863	-0.149
6.180	28.741	-0.179
6.200	27.199	-0.212
6.220	25.287	-0.227
6.240	23.037	-0.251
6.260	20.351	-0.259
6.280	17.510	-0.277
6.300	14.266	-0.278
6.320	10.887	-0.287
6.340	7.353	-0.280
6.360	3.824	-0.281
6.380	0.032	-0.270
6.400	-3.556	-0.258
6.420	-7.213	-0.244
6.440	-10.839	-0.224
6.460	-14.233	-0.201
6.480	-17.327	-0.175
6.500	-20.330	-0.150
6.520	-22.967	-0.121
6.540	-25.260	-0.084
6.560	-27.226	-0.060
6.580	-28.741	-0.022
6.600	-29.901	0.009
6.620	-30.578	0.045
6.640	-30.857	0.072
6.660	-30.696	0.114
6.680	-30.105	0.139
6.700	-29.090	0.169
6.720	-27.607	0.192
6.740	-25.733	0.216
6.760	-23.499	0.236
6.780	-20.942	0.258
6.800	-18.047	0.268
6.820	-14.942	0.276
6.840	-11.671	0.278
6.860	-8.067	0.281
6.880	-4.512	0.275
6.900	-0.736	0.270
6.920	2.863	0.257
6.940	6.617	0.242
6.960	10.173	0.225
6.980	13.514	0.202
7.000	16.812	0.177
7.020	19.723	0.151
7.040	22.516	0.118
7.060	24.852	0.090
7.080	26.861	0.057
7.100	28.435	0.024
7.120	29.691	-0.015
7.140	30.465	-0.051
7.160	30.825	-0.083
7.180	30.723	-0.116
7.200	30.186	-0.144
7.220	29.235	-0.175
7.240	27.892	-0.209
7.260	26.087	-0.227
7.280	23.934	-0.250
7.300	21.409	-0.265
7.320	18.670	-0.281
7.340	15.528	-0.290
7.360	12.214	-0.294
7.380	8.744	-0.295
7.400	5.237	-0.290
7.420	1.482	-0.283
7.440	-2.116	-0.272
7.460	-5.887	-0.256
7.480	-9.475	-0.239
7.500	-12.832	-0.215
7.520	-16.172	-0.196
7.540	-19.218	-0.162
7.560	-21.903	-0.141
7.580	-24.401	-0.105
7.600	-26.442	-0.076
7.620	-28.204	-0.040
7.640	-29.466	-0.009
7.660	-30.395	0.025
7.680	-30.766	0.052
7.700	-30.803	0.092
7.720	-30.395	0.120
7.740	-29.509	0.154
7.760	-28.252	0.177
7.780	-26.496	0.209
7.800	-24.412	0.227
7.820	-22.043	0.251
7.840	-19.212	0.260
7.860	-16.172	0.275
7.880	-12.923	0.275
7.900	-9.539	0.281
7.920	-5.854	0.274
7.940	-2.283	0.275
7.960	1.525	0.258
7.980	5.108	0.253
8.000	8.776	0.230
8.020	12.284	0.214
8.040	15.506	0.183
8.060	18.654	0.165
8.080	21.474	0.130
8.100	23.987	0.104
8.120	26.087	0.068
8.140	27.881	0.036
8.160	29.267	0.003
8.180	30.212	-0.033
8.200	30.728	-0.065
8.220	30.809	-0.101
8.240	30.449	-0.129
8.260	29.681	-0.161
8.280	28.478	-0.190
8.300	26.802	-0.220
8.320	24.820	-0.233
8.340	22.500	-0.258
8.360	19.728	-0.268
8.380	16.752	-0.284
8.400	13.519	-0.282
8.420	10.098	-0.290
8.440	6.558	-0.283
8.460	2.992	-0.283
8.480	-0.698	-0.270
8.500	-4.388	-0.258
8.520	-8.126	-0.242
8.540	-11.618	-0.220
8.560	-14.873	-0.196
8.580	-18.101	-0.171
8.600	-20.894	-0.142
8.620	-23.547	-0.109
8.640	-25.771	-0.077
8.660	-27.634	-0.047
8.680	-29.063	-0.018
8.700	-30.100	0.020
8.720	-30.717	0.052
8.740	-30.868	0.086
8.760	-30.621	0.121
8.780	-29.971	0.148
8.800	-28.805	0.178
8.820	-27.307	0.206
8.840	-25.319	0.230
8.860	-23.063	0.251
8.880	-20.367	0.268
8.900	-17.499	0.277
8.920	-14.239	0.284
8.940	-10.850	0.289
8.960	-7.391	0.285
8.980	-3.647	0.283
9.000	-0.038	0.269
9.020	3.754	0.267
9.040	7.294	0.248
9.060	10.919	0.231
9.080	14.228	0.205
9.100	17.483	0.183
9.120	20.330	0.156
9.140	23.047	0.124
9.160	25.325	0.094
9.180	27.199	0.056
9.200	28.773	0.029
9.220	29.869	-0.009
9.240	30.578	-0.041
9.260	30.830	-0.080
9.280	30.642	-0.106
9.300	30.046	-0.137
9.320	28.993	-0.169
9.340	27.521	-0.201
9.360	25.685	-0.217
9.380	23.396	-0.244
9.400	20.813	-0.250
9.420	17.939	-0.268
9.440	14.889	-0.271
9.460	11.462	-0.279
9.480	8.051	-0.279
9.500	4.345	-0.275
9.520	0.666	-0.266
9.540	-3.040	-0.256
9.560	-6.596	-0.240
9.580	-10.259	-0.222
9.600	-13.578	-0.199
9.620	-16.876	-0.176
9.640	-19.852	-0.144
9.660	-22.483	-0.117
9.680	-24.911	-0.084
9.700	-26.866	-0.060
9.720	-28.553	-0.016
9.740	-29.734	0.008
9.760	-30.545	0.042
9.780	-30.846	0.072
9.800	-30.771	0.112
9.820	-30.250	0.139
9.840	-29.294	0.170
9.860	-27.871	0.197
9.880	-26.087	0.220
9.900	-23.977	0.237
9.920	-21.425	0.264
9.940	-18.546	0.269
9.960	-15.474	0.283
9.980	-12.203	0.285
10.000	-8.760	0.290
10.020	-5.086	0.283
10.040	-1.354	0.278
10.060	2.326	0.263
10.080	5.908	0.254
10.100	9.469	0.233
10.120	13.020	0.212
10.140	16.274	0.185
10.160	19.304	0.163
10.180	22.005	0.133
10.200	24.476	0.102
10.220	26.539	0.065
10.240	28.220	0.034
10.260	29.487	-0.001
10.280	30.363	-0.034
10.300	30.787	-0.067
10.320	30.771	-0.098
10.340	30.331	-0.135
10.360	29.423	-0.163
10.380	28.118	-0.195
10.400	26.453	-0.217
10.420	24.336	-0.241
10.440	21.876	-0.258
10.460	19.100	-0.269
10.480	16.151	-0.283
10.500	12.794	-0.283
10.520	9.340	-0.478
10.540	5.871	-0.286
10.560	2.111	-0.287
10.580	-1.590	-0.271
10.600	-5.253	-0.260
10.620	-8.798	-0.244
10.640	-12.343	-0.220
10.660	-15.625	-0.198
10.680	-18.713	-0.172
10.700	-21.452	-0.146
10.720	-24.009	-0.109
10.740	-26.163	-0.082
10.760	-27.897	-0.050
10.780	-29.299	-0.016
10.800	-30.245	0.019
10.820	-30.739	0.049
10.840	-30.835	0.083
10.860	-30.492	0.111
10.880	-29.686	0.148
10.900	-28.461	0.168
10.920	-26.850	0.199
10.940	-24.793	0.223
10.960	-22.419	0.248
10.980	-19.707	0.255
11.000	-16.763	0.273
11.020	-13.562	0.273
11.040	-10.055	0.282
11.060	-6.569	0.273
11.080	-2.814	0.274
11.100	0.897	0.258
11.120	4.576	0.254
11.140	8.180	0.231
11.160	11.714	0.219
11.180	14.958	0.187
11.200	18.154	0.168
11.220	20.953	0.132
11.240	23.579	0.102
11.260	25.787	0.077
11.280	27.575	0.037
11.300	29.052	0.011
11.320	30.062	-0.035
11.340	30.664	-0.053
11.360	30.830	-0.105
11.380	30.556	-0.116
11.400	29.853	-0.169
11.420	28.676	-0.183
11.440	27.129	-0.234
11.460	25.250	-0.226
11.480	22.859	-0.275
11.500	20.217	-0.261
11.520	17.290	-0.300
11.540	14.180	-0.280
11.560	10.710	-0.303
11.580	7.283	-0.288
11.600	3.540	-0.295
11.620	-0.145	-0.283
11.640	-3.830	-0.266
11.660	-7.396	-0.255
11.680	-11.016	-0.225
11.700	-14.378	-0.215
11.720	-17.472	-0.177
11.740	-20.485	-0.160
11.760	-23.026	-0.119
11.780	-25.325	-0.095
11.800	-27.307	-0.058
11.820	-28.864	-0.034
11.840	-29.955	0.007
11.860	-30.626	0.041
11.880	-30.841	0.069
11.900	-30.712	0.109
11.920	-30.083	0.128
11.940	-29.025	0.173
11.960	-27.538	0.185
11.980	-25.642	0.219
12.000	-23.396	0.231
12.020	-20.899	0.268
12.040	-17.923	0.266
12.060	-14.878	0.285
12.080	-11.419	0.277
12.100	-7.998	0.288
12.120	-4.270	0.275
12.140	-0.671	0.280
12.160	3.029	0.257
12.180	6.773	0.253
12.200	10.323	0.222
12.220	13.739	0.214
12.240	16.887	0.177
12.260	19.921	0.160
12.280	22.569	0.120
12.300	24.954	0.097
12.320	26.936	0.057
12.340	28.531	0.028
12.360	29.713	-0.003
12.380	30.481	-0.043
12.400	30.825	-0.073
12.420	30.707	-0.111
12.440	30.153	-0.134
12.460	29.170	-0.175
12.480	27.763	-0.196
12.500	25.975	-0.221
12.520	23.810	-0.239
12.540	21.280	-0.258
12.560	18.450	-0.265
12.580	15.453	-0.279
12.600	12.037	-0.279
12.620	8.556	-0.283
12.640	5.043	-0.279
12.660	1.278	-0.271
12.680	-2.422	-0.264
12.700	-6.069	-0.237
12.720	-9.673	-0.230
12.740	-13.105	-0.198
12.760	-16.280	-0.187
12.780	-19.395	-0.146
12.800	-22.118	-0.130
12.820	-24.476	-0.084
12.840	-26.630	-0.064
12.860	-28.284	-0.022
12.880	-29.600	0.004
12.900	-30.427	0.045
12.920	-30.814	0.070
12.940	-30.814	0.104
12.960	-30.384	0.136
12.980	-29.466	0.167
13.000	-28.171	0.195
13.020	-26.474	0.220
13.040	-24.374	0.245
13.060	-21.871	0.263
13.080	-19.169	0.275
13.100	-16.043	0.285
13.120	-12.772	0.291
13.140	-9.303	0.292
13.160	-5.688	0.292
13.180	-2.030	0.281
13.200	1.687	0.274
13.220	5.366	0.261
13.240	8.878	0.244
13.260	12.354	0.223
13.280	15.721	0.196
13.300	18.724	0.173
13.320	21.613	0.140
13.340	24.089	0.112
13.360	26.216	0.079
13.380	27.967	0.047
13.400	29.289	0.011
13.420	30.229	-0.025
13.440	30.739	-0.057
13.460	30.809	-0.091
13.480	30.449	-0.123
13.500	29.627	-0.154
13.520	28.402	-0.186
13.540	26.721	-0.215
13.560	24.718	-0.229
13.580	22.312	-0.257
13.600	19.664	-0.258
13.620	16.607	-0.287
13.640	13.358	-0.278
13.660	9.953	-0.295
13.680	6.472	-0.273
13.700	2.734	-0.284
13.720	-0.945	-0.262
13.740	-4.651	-0.259
13.760	-8.169	-0.232
13.780	-11.752	-0.217
13.800	-15.007	-0.192
13.820	-18.213	-0.168
13.840	-21.082	-0.142
13.860	-23.622	-0.111
13.880	-25.824	-0.078
13.900	-27.618	-0.045
13.920	-29.127	-0.014
13.940	-30.105	0.024
13.960	-30.680	0.050
13.980	-30.862	0.088
14.000	-30.578	0.118
14.020	-29.869	0.150
14.040	-28.714	0.173
14.060	-27.129	0.204
14.080	-25.164	0.221
14.100	-22.849	0.252
14.120	-20.249	0.257
14.140	-17.230	0.275
14.160	-14.142	0.277
14.180	-10.656	0.283
14.200	-7.106	0.279
14.220	-3.437	0.277
14.240	0.258	0.264
14.260	3.948	0.258
14.280	7.579	0.239
14.300	11.118	0.222
14.320	14.475	0.198
14.340	17.574	0.169
14.360	20.539	0.146
14.380	23.128	0.110
14.400	25.432	0.082
14.420	27.285	0.044
14.440	28.837	0.020
14.460	29.938	-0.026
14.480	30.610	-0.052
14.500	30.841	-0.095
14.520	30.637	-0.121
14.540	29.971	-0.155
14.560	28.896	-0.185
14.580	27.393	-0.215
14.600	25.599	-0.229
14.620	23.273	-0.262
14.640	20.684	-0.266
14.660	17.875	-0.286
14.680	14.658	-0.289
14.700	11.295	-0.295
14.720	7.890	-0.295
14.740	4.173	-0.291
14.760	0.489	-0.283
14.780	-3.115	-0.266
14.800	-6.859	-0.256
14.820	-10.334	-0.232
14.840	-13.809	-0.214
14.860	-16.940	-0.183
14.880	-19.911	-0.160
14.900	-22.655	-0.130
14.920	-24.938	-0.098
14.940	-26.984	-0.069
14.960	-28.569	-0.032
14.980	-29.767	-0.005
15.000	-30.513	0.035
15.020	-30.830	0.061
15.040	-30.728	0.102
15.060	-30.180	0.128
15.080	-29.224	0.162
15.100	-27.779	0.182
15.120	-25.975	0.217
15.140	-23.842	0.235
15.160	-21.259	0.254
15.180	-18.407	0.264
15.200	-15.308	0.274
15.220	-12.010	0.277
15.240	-8.508	0.282
15.260	-4.872	0.274
15.280	-1.192	0.272
15.300	2.519	0.258
15.320	6.080	0.246
15.340	9.732	0.225
15.360	13.186	0.206
15.380	16.446	0.179
15.400	19.363	0.153
15.420	22.199	0.122
15.440	24.583	0.093
15.460	26.641	0.061
15.480	28.257	0.028
15.500	29.562	-0.009
15.520	30.384	-0.040
15.540	30.803	-0.075
15.560	30.760	-0.105
15.580	30.298	-0.140
15.600	29.401	-0.162
15.620	28.042	-0.201
15.640	26.313	-0.216
15.660	24.218	-0.247
15.680	21.737	-0.258
15.700	19.019	-0.273
15.720	15.915	-0.281
15.740	12.692	-0.284
15.760	9.158	-0.287
15.780	5.581	-0.285
15.800	1.912	-0.278
15.820	-1.692	-0.268
15.840	-5.446	-0.253
15.860	-9.002	-0.234
15.880	-12.542	-0.212
15.900	-15.807	-0.189
15.920	-18.810	-0.161
15.940	-21.678	-0.134
15.960	-24.089	-0.101
15.980	-26.286	-0.075
16.000	-28.016	-0.039
16.020	-29.369	-0.010
16.040	-30.331	0.031
16.060	-30.782	0.061
16.080	-30.857	0.099
16.100	-30.486	0.125
16.120	-29.675	0.162
16.140	-28.429	0.181
16.160	-26.764	0.210
16.180	-24.718	0.232
16.200	-22.322	0.263
16.220	-19.669	0.266
16.240	-16.661	0.284
16.260	-13.347	0.281
16.280	-10.001	0.289
16.300	-6.338	0.285
16.320	-2.750	0.285
16.340	1.047	0.268
16.360	4.732	0.264
16.380	8.352	0.243
16.400	11.773	0.226
16.420	15.195	0.199
16.440	18.219	0.176
16.460	21.141	0.147
16.480	23.692	0.121
16.500	25.830	0.082
16.520	27.693	0.049
16.540	29.111	0.017
16.560	30.105	-0.019
16.580	30.685	-0.052
16.600	30.830	-0.084
16.620	30.529	-0.114
16.640	29.772	-0.145
16.660	28.639	-0.175
16.680	27.011	-0.208
16.700	25.131	-0.221
16.720	22.730	-0.246
16.740	20.142	-0.255
16.760	17.134	-0.277
16.780	13.938	-0.275
16.800	10.511	-0.281
16.820	6.988	-0.275
16.840	3.352	-0.278
16.860	-0.328	-0.266
16.880	-3.932	-0.255
16.900	-7.670	-0.232
16.920	-11.177	-0.217
16.940	-14.464	-0.189
16.960	-17.633	-0.165
16.980	-20.630	-0.141
17.000	-23.225	-0.111
17.020	-25.443	-0.076
17.040	-27.387	-0.047
17.060	-28.923	-0.014
17.080	-29.987	0.020
17.100	-30.647	0.054
17.120	-30.895	0.087
17.140	-30.680	0.119
17.160	-30.030	0.150
17.180	-28.972	0.176
17.200	-27.446	0.202
17.220	-25.577	0.228
17.240	-23.278	0.252
17.260	-20.673	0.264
17.280	-17.832	0.279
17.300	-14.685	0.286
17.320	-11.258	0.289
17.340	-7.708	0.290
17.360	-4.066	0.285
17.380	-0.467	0.276
17.400	3.319	0.265
17.420	6.870	0.247
17.440	10.500	0.227
17.460	13.836	0.209
17.480	17.112	0.184
17.500	19.997	0.155
17.520	22.773	0.126
17.540	25.067	0.099
17.560	27.043	0.057
17.580	28.574	0.024
17.600	29.788	-0.011
17.620	30.502	-0.041
17.640	30.825	-0.076
17.660	30.701	-0.108
17.680	30.121	-0.138
17.700	29.117	-0.172
17.720	27.693	-0.204
17.740	25.889	-0.223
17.760	23.756	-0.246
17.780	21.151	-0.260
17.800	18.321	-0.272
17.820	15.216	-0.283
17.840	11.978	-0.281
17.860	8.406	-0.288
17.880	4.882	-0.284
17.900	1.123	-0.280
17.920	-2.578	-0.265
17.940	-6.134	-0.253
17.960	-9.818	-0.233
17.980	-13.250	-0.211
18.000	-16.489	-0.188
18.020	-19.502	-0.159
18.040	-22.215	-0.134
18.060	-24.557	-0.097
18.080	-26.630	-0.072
18.100	-28.349	-0.032
18.120	-29.595	-0.005
18.140	-30.438	0.030
18.160	-30.803	0.060
18.180	-30.792	0.098
18.200	-30.331	0.123
18.220	-29.391	0.155
18.240	-28.053	0.181
18.260	-26.302	0.210
18.280	-24.234	0.231
18.300	-21.710	0.251
18.320	-18.917	0.264
18.340	-15.941	0.270
18.360	-12.584	0.278
18.380	-9.179	0.279
18.400	-5.500	0.277
18.420	-1.912	0.268
18.440	1.885	0.257
18.460	5.554	0.242
18.480	9.136	0.227
18.500	12.536	0.206
18.520	15.898	0.185
18.540	18.869	0.155
18.560	21.748	0.127
18.580	24.208	0.097
18.600	26.259	0.064
18.620	28.042	0.028
18.640	29.385	-0.008
18.660	30.277	-0.038
18.680	30.744	-0.073
18.700	30.798	-0.101
18.720	30.406	-0.138
18.740	29.557	-0.163
18.760	28.338	-0.198
18.780	26.673	-0.221
18.800	24.605	-0.242
18.820	22.199	-0.260
18.840	19.529	-0.275
18.860	16.462	-0.286
18.880	13.213	-0.291
18.900	9.856	-0.295
18.920	6.214	-0.289
18.940	2.648	-0.290
18.960	-1.133	-0.275
18.980	-4.716	-0.262
19.000	-8.433	-0.242
19.020	-11.838	-0.222
19.040	-15.238	-0.196
19.060	-18.283	-0.175
19.080	-21.200	-0.145
19.100	-23.670	-0.113
19.120	-25.899	-0.082
19.140	-27.709	-0.050
19.160	-29.154	-0.019
19.180	-30.175	0.017
19.200	-30.712	0.050
19.220	-30.852	0.084
19.240	-30.562	0.111
19.260	-29.810	0.147
19.280	-28.682	0.172
19.300	-27.027	0.206
19.320	-25.115	0.227
19.340	-22.730	0.249
19.360	-20.061	0.256
19.380	-17.112	0.276
19.400	-13.911	0.276
19.420	-10.490	0.282
19.440	-7.031	0.277
19.460	-3.271	0.279
19.480	0.322	0.264
19.500	4.125	0.259
19.520	7.750	0.240
19.540	11.279	0.223
19.560	14.642	0.198
19.580	17.703	0.177
19.600	20.604	0.144
19.620	23.284	0.117
19.640	25.529	0.086
19.660	27.376	0.050
19.680	28.864	0.020
19.700	29.955	-0.021
19.720	30.615	-0.047
19.740	30.830	-0.088
19.760	30.604	-0.116
19.780	29.933	-0.147
19.800	28.832	-0.178
19.820	27.371	-0.205
19.840	25.443	-0.225
19.860	23.149	-0.250
19.880	20.539	-0.263
19.900	17.719	-0.277
19.920	14.486	-0.283
19.940	11.209	-0.283
19.960	7.605	-0.284
19.980	3.975	-0.275
20.000	0.376	-0.272
20.020	-3.416	-0.257
20.040	-6.966	-0.244
20.060	-10.624	-0.218
20.080	-14.002	-0.198
20.100	-17.214	-0.171
20.120	-20.093	-0.148
20.140	-22.816	-0.115
20.160	-25.147	-0.084
20.180	-27.097	-0.054
20.200	-28.682	-0.016
20.220	-29.858	0.011
20.240	-30.588	0.049
20.260	-30.841	0.078
20.280	-30.750	0.117
20.300	-30.202	0.140
20.320	-29.208	0.176
20.340	-27.785	0.198
20.360	-25.883	0.230
20.380	-23.783	0.247
20.400	-21.167	0.264
20.420	-18.375	0.277
20.440	-15.200	0.286
20.460	-11.870	0.290
20.480	-8.352	0.292
20.500	-4.721	0.292
20.520	-1.021	0.278
20.540	2.675	0.268
20.560	6.247	0.253
20.580	9.813	0.234
20.600	13.347	0.216
20.620	16.505	0.190
20.640	19.567	0.165
20.660	22.328	0.135
20.680	24.632	0.103
20.700	26.673	0.070
20.720	28.359	0.033
20.740	29.589	0.000
20.760	30.411	-0.030
20.780	30.798	-0.064
20.800	30.744	-0.099
20.820	30.271	-0.126
20.840	29.337	-0.158
20.860	28.005	-0.192
20.880	26.259	-0.214
20.900	24.154	-0.238
20.920	21.603	-0.252
20.940	18.810	-0.266
20.960	15.834	-0.280
20.980	12.450	-0.281
21.000	9.088	-0.284
21.020	5.403	-0.283
21.040	1.740	-0.276
21.060	-1.858	-0.266
21.080	-5.618	-0.251
21.100	-9.125	-0.233
21.120	-12.692	-0.208
21.140	-15.855	-0.188
21.160	-19.024	-0.158
21.180	-21.801	-0.131
21.200	-24.245	-0.098
21.220	-26.345	-0.074
21.240	-28.118	-0.034
21.260	-29.396	-0.005
21.280	-30.352	0.030
21.300	-30.776	0.059
21.320	-30.830	0.095
21.340	-30.443	0.126
21.360	-29.595	0.156
21.380	-28.333	0.181
21.400	-26.678	0.211
21.420	-24.589	0.227
21.440	-22.215	0.245
21.460	-19.411	0.266
21.480	-16.393	0.278
21.500	-13.240	0.283
21.520	-9.711	0.289
21.540	-6.112	0.285
21.560	-2.455	0.278
21.580	1.241	0.269
21.600	4.936	0.256
21.620	8.535	0.235
21.640	12.042	0.217
21.660	15.361	0.189
21.680	18.439	0.166
21.700	21.275	0.140
21.720	23.751	0.106
21.740	25.980	0.074
21.760	27.779	0.039
21.780	29.181	0.011
21.800	30.132	-0.030
21.820	30.707	-0.056
21.840	30.830	-0.094
21.860	30.492	-0.121
21.880	29.724	-0.161
21.900	28.537	-0.186
21.920	26.990	-0.223
21.940	24.976	-0.233
21.960	22.612	-0.262
21.980	19.943	-0.267
22.000	17.059	-0.290
22.020	13.761	-0.287
22.040	10.366	-0.300
22.060	6.832	-0.287
22.080	3.196	-0.291
22.100	-0.494	-0.279
22.120	-4.179	-0.266
22.140	-7.734	-0.248
22.160	-11.349	-0.226
22.180	-14.690	-0.211
22.200	-17.762	-0.178
22.220	-20.732	-0.153
22.240	-23.251	-0.122
22.260	-25.572	-0.090
22.280	-27.414	-0.056
22.300	-28.961	-0.025
22.320	-29.987	0.007
22.340	-30.642	0.040
22.360	-30.846	0.073
22.380	-30.615	0.111
22.400	-29.987	0.136
22.420	-28.870	0.167
22.440	-27.350	0.189
22.460	-25.421	0.222
22.480	-23.144	0.239
22.500	-20.534	0.255
22.520	-17.601	0.265
22.540	-14.454	0.274
22.560	-11.075	0.274
22.580	-7.536	0.280
22.600	-3.899	0.272
22.620	-0.193	0.268
22.640	3.502	0.256
22.660	7.052	0.239
22.680	10.688	0.214
22.700	14.078	0.197
22.720	17.268	0.170
22.740	20.206	0.149
22.760	22.822	0.113
22.780	25.169	0.086
22.800	27.129	0.051
22.820	28.671	0.016
22.840	29.799	-0.018
22.860	30.545	-0.049
22.880	30.830	-0.084
22.900	30.674	-0.115
22.920	30.067	-0.147
22.940	29.052	-0.172
22.960	27.602	-0.203
22.980	25.787	-0.224
23.000	23.579	-0.248
23.020	21.082	-0.259
23.040	18.176	-0.277
23.060	15.136	-0.284
23.080	11.720	-0.290
23.100	8.309	-0.288
23.120	4.619	-0.287
23.140	0.924	-0.278
23.160	-2.771	-0.262
23.180	-6.418	-0.248
23.200	-10.017	-0.233
23.220	-13.422	-0.205
23.240	-16.586	-0.184
23.260	-19.674	-0.155
23.280	-22.371	-0.129
23.300	-24.761	-0.091
23.320	-26.802	-0.063
23.340	-28.461	-0.030
23.360	-29.702	0.001
23.380	-30.497	0.037
23.400	-30.830	0.066
23.420	-30.792	0.108
23.440	-30.320	0.130
23.460	-29.385	0.164
23.480	-28.016	0.185
23.500	-26.243	0.216
23.520	-24.100	0.239
23.540	-21.629	0.260
23.560	-18.810	0.269
23.580	-15.737	0.281
23.600	-12.445	0.283
23.620	-8.954	0.286
23.640	-5.350	0.285
23.660	-1.665	0.280
23.680	2.057	0.265
23.700	5.726	0.257
23.720	9.297	0.236
23.740	12.767	0.222
23.760	16.038	0.190
23.780	19.083	0.169
23.800	21.812	0.137
23.820	24.310	0.107
23.840	26.404	0.073
23.860	28.075	0.040
23.880	29.434	0.005
23.900	30.314	-0.031
23.920	30.776	-0.059
23.940	30.782	-0.092
23.960	30.374	-0.125
23.980	29.493	-0.152
24.000	28.230	-0.183
24.020	26.533	-0.208
24.040	24.492	-0.229
24.060	22.054	-0.245
24.080	19.384	-0.260
24.100	16.301	-0.274
24.120	13.030	-0.275
24.140	9.587	-0.280
24.160	6.026	-0.278
24.180	2.353	-0.275
24.200	-1.343	-0.263
24.220	-5.022	-0.249
24.240	-8.626	-0.229
24.260	-12.031	-0.210
24.280	-15.431	-0.184
24.300	-18.530	-0.158
24.320	-21.361	-0.134
24.340	-23.858	-0.100
24.360	-26.044	-0.072
24.380	-27.854	-0.036
24.400	-29.272	-0.007
24.420	-30.223	0.029
24.440	-30.750	0.061
24.460	-30.873	0.096
24.480	-30.535	0.131
24.500	-29.799	0.158
24.520	-28.590	0.181
24.540	-26.990	0.211
24.560	-24.970	0.234
24.580	-22.623	0.256
24.600	-19.921	0.268
24.620	-16.962	0.280
24.640	-13.755	0.289
24.660	-10.318	0.293
24.680	-6.741	0.289
24.700	-3.083	0.285
24.720	0.607	0.272
24.740	4.308	0.261
24.760	7.922	0.243
24.780	11.354	0.225
24.800	14.797	0.198
24.820	17.929	0.176
24.840	20.808	0.148
24.860	23.396	0.117
24.880	25.625	0.084
24.900	27.505	0.049
24.920	28.956	0.021
24.940	30.019	-0.016
24.960	30.642	-0.047
24.980	30.825	-0.085
25.000	30.578	-0.113
25.020	29.874	-0.144
25.040	28.773	-0.174
25.060	27.253	-0.205
25.080	25.400	-0.223
25.100	23.031	-0.247
25.120	20.410	-0.256
25.140	17.504	-0.278
25.160	14.416	-0.284
25.180	10.952	-0.287
25.200	7.444	-0.283
25.220	3.808	-0.283
25.240	0.118	-0.272
25.260	-3.480	-0.261
25.280	-7.229	-0.243
25.300	-10.764	-0.222
25.320	-14.137	-0.203
25.340	-17.316	-0.176
25.360	-20.271	-0.149
25.380	-22.918	-0.119
25.400	-25.207	-0.088
25.420	-27.178	-0.063
25.440	-28.719	-0.026
25.460	-29.890	0.006
25.480	-30.551	0.042
25.500	-30.852	0.071
25.520	-30.690	0.107
25.540	-30.126	0.133
25.560	-29.095	0.164
25.580	-27.624	0.189
25.600	-25.765	0.218
25.620	-23.552	0.237
25.640	-20.974	0.250
25.660	-18.117	0.267
25.680	-14.985	0.275
25.700	-11.671	0.277
25.720	-8.143	0.277
25.740	-4.512	0.274
25.760	-0.816	0.267
25.780	2.788	0.254
25.800	6.537	0.241
25.820	10.087	0.219
25.840	13.519	0.198
25.860	16.747	0.176
25.880	19.723	0.148
25.900	22.451	0.119
25.920	24.804	0.087
25.940	26.812	0.056
25.960	28.435	0.021
25.980	29.665	-0.012
26.000	30.438	-0.048
26.020	30.814	-0.080
26.040	30.728	-0.113
26.060	30.207	-0.142
26.080	29.256	-0.169
26.100	27.930	-0.204
26.120	26.120	-0.221
26.140	23.993	-0.246
26.160	21.474	-0.263
26.180	18.681	-0.281
26.200	15.608	-0.283
26.220	12.305	-0.291
26.240	8.841	-0.291
26.260	5.248	-0.292
26.280	1.579	-0.283
26.300	-2.127	-0.274
26.320	-5.704	-0.259
26.340	-9.394	-0.240
26.360	-12.832	-0.217
26.380	-16.103	-0.193
26.400	-19.148	-0.163
26.420	-21.909	-0.139
26.440	-24.358	-0.105
26.460	-26.447	-0.076
26.480	-28.139	-0.041
26.500	-29.471	-0.011
26.520	-30.374	0.026
26.540	-30.798	0.057
26.560	-30.803	0.092
26.580	-30.400	0.123
26.600	-29.541	0.154
26.620	-28.290	0.178
26.640	-26.555	0.206
26.660	-24.481	0.229
26.680	-22.043	0.252
26.700	-19.271	0.264
26.720	-16.237	0.276
26.740	-13.020	0.278
26.760	-9.555	0.279
26.780	-5.940	0.278
26.800	-2.374	0.272
26.820	1.434	0.261
26.840	5.103	0.257
26.860	8.690	0.231
26.880	12.198	0.210
26.900	15.506	0.187
26.920	18.584	0.165
26.940	21.415	0.133
26.960	23.869	0.106
26.980	26.077	0.071
27.000	27.865	0.038
27.020	29.203	0.006
27.040	30.186	-0.030
27.060	30.717	-0.061
27.080	30.814	-0.095
27.100	30.470	-0.125
27.120	29.675	-0.155
27.140	28.472	-0.186
27.160	26.855	-0.208
27.180	24.863	-0.235
27.200	22.537	-0.257
27.220	19.792	-0.269
27.240	16.822	-0.283
27.260	13.600	-0.283
27.280	10.280	-0.292
27.300	6.628	-0.283
27.320	2.981	-0.287
27.340	-0.704	-0.268
27.360	-4.383	-0.258
27.380	-8.035	-0.237
27.400	-11.553	-0.220
27.420	-14.883	-0.193
27.440	-18.036	-0.170
27.460	-20.910	-0.142
27.480	-23.493	-0.110
27.500	-25.711	-0.080
27.520	-27.586	-0.046
27.540	-29.058	-0.019
27.560	-30.110	0.022
27.580	-30.712	0.052
27.600	-30.857	0.090
27.620	-30.637	0.118
27.640	-29.981	0.152
27.660	-28.837	0.176
27.680	-27.301	0.207
27.700	-25.352	0.222
27.720	-23.053	0.248
27.740	-20.432	0.261
27.760	-17.483	0.281
27.780	-14.330	0.289
27.800	-10.936	0.295
27.820	-7.396	0.291
27.840	-3.744	0.290
27.860	-0.027	0.277
27.880	3.674	0.269
27.900	7.305	0.247
27.920	10.839	0.231
27.940	14.233	0.210
27.960	17.413	0.185
27.980	20.335	0.156
28.000	22.988	0.127
28.020	25.271	0.094
28.040	27.199	0.061
28.060	28.735	0.030
28.080	29.874	-0.003
28.100	30.572	-0.038
28.120	30.830	-0.072
28.140	30.653	-0.104
28.160	30.041	-0.134
28.180	28.993	-0.164
28.200	27.521	-0.196
28.220	25.690	-0.217
28.240	23.461	-0.235
28.260	20.888	-0.251
28.280	18.009	-0.266
28.300	14.889	-0.276
28.320	11.526	-0.280
28.340	8.057	-0.279
28.360	4.431	-0.281
28.380	0.747	-0.270
28.400	-2.938	-0.258
28.420	-6.596	-0.242
28.440	-10.167	-0.221
28.460	-13.583	-0.204
28.480	-16.817	-0.175
28.500	-19.712	-0.150
28.520	-22.494	-0.117
28.540	-24.857	-0.086
28.560	-26.882	-0.060
28.580	-28.531	-0.020
28.600	-29.718	0.007
28.620	-30.519	0.044
28.640	-30.841	0.071
28.660	-30.792	0.108
28.680	-30.271	0.140
28.700	-29.315	0.165
28.720	-27.914	0.194
28.740	-26.130	0.219
28.760	-23.971	0.237
28.780	-21.474	0.261
28.800	-18.638	0.270
28.820	-15.555	0.279
28.840	-12.246	0.287
28.860	-8.766	0.289
28.880	-5.151	0.283
28.900	-1.456	0.277
28.920	2.229	0.264
28.940	5.903	0.249
28.960	9.469	0.234
28.980	12.939	0.213
29.000	16.210	0.188
29.020	19.218	0.160
29.040	22.005	0.133
29.060	24.422	0.102
29.080	26.512	0.067
29.100	28.187	0.032
29.120	29.482	0.000
29.140	30.347	-0.036
29.160	30.776	-0.069
29.180	30.776	-0.100
29.200	30.341	-0.133
29.220	29.450	-0.162
29.240	28.155	-0.200
29.260	26.453	-0.221
29.280	24.438	-0.242
29.300	21.930	-0.258
29.320	19.164	-0.273
29.340	16.151	-0.282
29.360	12.875	-0.290
29.380	9.437	-0.291
29.400	5.854	-0.287
29.420	2.197	-0.283
29.440	-1.499	-0.273
29.460	-5.081	-0.261
29.480	-8.787	-0.238
29.500	-12.166	-0.221
29.520	-15.571	-0.199
29.540	-18.648	-0.172
29.560	-21.452	-0.145
29.580	-23.950	-0.109
29.600	-26.104	-0.080
29.620	-27.919	-0.048
29.640	-29.294	-0.014
29.660	-30.261	0.021
29.680	-30.744	0.047
29.700	-30.835	0.086
29.720	-30.497	0.115
29.740	-29.734	0.147
29.760	-28.499	0.172
29.780	-26.872	0.202
29.800	-24.847	0.222
29.820	-22.473	0.244
29.840	-19.766	0.261
29.860	-16.779	0.272
29.880	-13.573	0.275
29.900	-10.135	0.281
29.920	-6.558	0.277
29.940	-2.906	0.271
29.960	0.806	0.262
29.980	4.490	0.252
30.000	8.094	0.234
30.020	11.612	0.212
30.040	14.958	0.189
30.060	18.074	0.163
30.080	20.963	0.134
30.100	23.525	0.106
30.120	25.738	0.075
30.140	27.575	0.040
30.160	29.031	0.008
30.180	30.062	-0.026
30.200	30.658	-0.060
30.220	30.830	-0.092
30.240	30.562	-0.123
30.260	29.853	-0.155
30.280	28.714	-0.192
30.300	27.140	-0.215
30.320	25.244	-0.235
30.340	22.908	-0.256
30.360	20.281	-0.268
30.380	17.359	-0.286
30.400	14.164	-0.285
30.420	10.791	-0.294
30.440	7.267	-0.288
30.460	3.642	-0.288
30.480	-0.059	-0.277
30.500	-3.760	-0.263
30.520	-7.396	-0.246
30.540	-10.936	-0.226
30.560	-14.292	-0.206
30.580	-17.467	-0.178
30.600	-20.426	-0.149
30.620	-23.042	-0.124
30.640	-25.325	-0.087
30.660	-27.269	-0.059
30.680	-28.843	-0.021
30.700	-29.938	0.010
30.720	-30.610	0.044
30.740	-30.852	0.076
30.760	-30.680	0.108
30.780	-30.105	0.138
30.800	-29.047	0.169
30.820	-27.564	0.194
30.840	-25.695	0.216
30.860	-23.472	0.246
30.880	-20.888	0.260
30.900	-17.993	0.271
30.920	-14.878	0.277
30.940	-11.526	0.281
30.960	-7.998	0.281
30.980	-4.361	0.280
31.000	-0.655	0.273
31.020	3.035	0.265
31.040	6.692	0.245
31.060	10.253	0.228
31.080	13.664	0.208
31.100	16.876	0.181
31.120	19.846	0.155
31.140	22.580	0.127
31.160	24.900	0.098
31.180	26.904	0.062
31.200	28.499	0.028
31.220	29.697	-0.005
31.240	30.481	-0.037
31.260	30.814	-0.072
31.280	30.712	-0.104
31.300	30.180	-0.136
31.320	29.192	-0.164
31.340	27.812	-0.193
31.360	26.023	-0.215
31.380	23.869	-0.241
31.400	21.345	-0.253
31.420	18.525	-0.270
31.440	15.437	-0.275
31.460	12.117	-0.283
31.480	8.647	-0.278
31.500	5.043	-0.281
31.520	1.375	-0.271
31.540	-2.331	-0.260
31.560	-5.994	-0.240
31.580	-9.587	-0.228
31.600	-13.030	-0.204
31.620	-16.280	-0.181
31.640	-19.325	-0.152
31.660	-22.081	-0.123
31.680	-24.498	-0.091
31.700	-26.565	-0.063
31.720	-28.284	-0.026
31.740	-29.552	0.005
31.760	-30.449	0.038
31.780	-30.809	0.071
31.800	-30.830	0.102
31.820	-30.390	0.138
31.840	-29.514	0.168
31.860	-28.214	0.191
31.880	-26.501	0.221
31.900	-24.379	0.236
31.920	-21.930	0.266
31.940	-19.153	0.272
31.960	-16.119	0.287
31.980	-12.858	0.288
32.000	-9.362	0.296
32.020	-5.769	0.287
32.040	-2.100	0.284
32.060	1.606	0.271
32.080	5.291	0.258
32.100	8.873	0.235
32.120	12.364	0.223
32.140	15.657	0.194
32.160	18.729	0.169
32.180	21.479	0.141
32.200	24.036	0.108
32.220	26.168	0.078
32.240	27.924	0.046
32.260	29.262	0.009
32.280	30.229	-0.022
32.300	30.733	-0.061
32.320	30.809	-0.090
32.340	30.449	-0.121
32.360	29.632	-0.150
32.380	28.402	-0.184
32.400	26.743	-0.211
32.420	24.766	-0.229
32.440	22.446	-0.247
32.460	19.647	-0.262
32.480	16.683	-0.275
32.500	13.449	-0.280
32.520	10.012	-0.283
32.540	6.467	-0.283
32.560	2.820	-0.279
32.580	-0.859	-0.268
32.600	-4.555	-0.254
32.620	-8.094	-0.238
32.640	-11.698	-0.219
32.660	-14.937	-0.193
32.680	-18.138	-0.170
32.700	-20.942	-0.139
32.720	-23.568	-0.111
32.740	-25.781	-0.080
32.760	-27.618	-0.048
32.780	-29.101	-0.010
32.800	-30.116	0.020
32.820	-30.712	0.052
32.840	-30.884	0.086
32.860	-30.583	0.116
32.880	-29.885	0.147
32.900	-28.757	0.174
32.920	-27.178	0.200
32.940	-25.233	0.225
32.960	-22.924	0.248
32.980	-20.244	0.256
33.000	-17.295	0.273
33.020	-14.126	0.276
33.040	-10.731	0.283
33.060	-7.187	0.281
33.080	-3.523	0.274
33.100	0.172	0.263
33.120	3.867	0.256
33.140	7.493	0.234
33.160	11.016	0.219
33.180	14.405	0.194
33.200	17.574	0.169
33.220	20.480	0.143
33.240	23.063	0.111
33.260	25.384	0.083
33.280	27.296	0.044
33.300	28.800	0.012
33.320	29.922	-0.022
33.340	30.599	-0.055
33.360	30.835	-0.089
33.380	30.637	-0.118
33.400	29.998	-0.150
33.420	28.929	-0.181
33.440	27.452	-0.214
33.460	25.647	-0.228
33.480	23.337	-0.253
33.500	20.743	-0.268
33.520	17.870	-0.284
33.540	14.733	-0.289
33.560	11.397	-0.295
33.580	7.965	-0.295
33.600	4.259	-0.292
33.620	0.677	-0.281
33.640	-3.131	-0.272
33.660	-6.762	-0.250
33.680	-10.334	-0.238
33.700	-13.734	-0.213
33.720	-16.946	-0.191
33.740	-19.927	-0.161
33.760	-22.532	-0.133
33.780	-24.943	-0.097
33.800	-26.904	-0.067
33.820	-28.569	-0.036
33.840	-29.740	-0.001
33.860	-30.513	0.031
33.880	-30.835	0.063
33.900	-30.755	0.098
33.920	-30.191	0.129
33.940	-29.246	0.159
33.960	-27.806	0.182
33.980	-26.023	0.211
34.000	-23.848	0.238
34.020	-21.334	0.253
34.040	-18.487	0.267
34.060	-15.394	0.278
34.080	-12.090	0.278
34.100	-8.583	0.281
34.120	-4.974	0.275
34.140	-1.268	0.272
34.160	2.422	0.256
34.180	6.096	0.246
34.200	9.566	0.224
34.220	13.116	0.210
34.240	16.280	0.177
34.260	19.363	0.160
34.280	22.075	0.127
34.300	24.541	0.095
34.320	26.592	0.061
34.340	28.252	0.032
34.360	29.546	-0.007
34.380	30.379	-0.039
34.400	30.792	-0.069
34.420	30.755	-0.106
34.440	30.298	-0.130
34.460	29.401	-0.167
34.480	28.064	-0.194
34.500	26.367	-0.221
34.520	24.320	-0.233
34.540	21.801	-0.262
34.560	19.024	-0.269
34.580	15.990	-0.288
34.600	12.687	-0.283
34.620	9.254	-0.291
34.640	5.672	-0.287
34.660	2.009	-0.282
34.680	-1.703	-0.271
34.700	-5.371	-0.253
34.720	-8.911	-0.237
34.740	-12.461	-0.213
34.760	-15.678	-0.196
34.780	-18.826	-0.163
34.800	-21.619	-0.137
34.820	-24.111	-0.103
34.840	-26.249	-0.072
34.860	-28.037	-0.041
34.880	-29.396	-0.010
34.900	-30.320	0.028
34.920	-30.792	0.057
34.940	-30.852	0.095
34.960	-30.513	0.123
34.980	-29.724	0.158
35.000	-28.472	0.177
35.020	-26.807	0.211
35.040	-24.771	0.227
35.060	-22.392	0.253
35.080	-19.669	0.268
35.100	-16.656	0.281
35.120	-13.422	0.284
35.140	-9.996	0.293
35.160	-6.418	0.287
35.180	-2.734	0.287
35.200	0.967	0.272
35.220	4.641	0.260
35.240	8.261	0.249
35.260	11.682	0.227
35.280	15.098	0.205
35.300	18.219	0.177
35.320	21.076	0.149
35.340	23.633	0.115
35.360	25.830	0.090
35.380	27.618	0.048
35.400	29.095	0.021
35.420	30.105	-0.018
35.440	30.685	-0.044
35.460	30.830	-0.081
35.480	30.545	-0.106
35.500	29.793	-0.151
35.520	28.644	-0.171
35.540	27.065	-0.207
35.560	25.142	-0.220
35.580	22.784	-0.244
35.600	20.136	-0.254
35.620	17.204	-0.273
35.640	14.002	-0.277
35.660	10.619	-0.276
35.680	7.084	-0.283
35.700	3.448	-0.271
35.720	-0.258	-0.270
35.740	-3.937	-0.246
35.760	-7.600	-0.237
35.780	-11.118	-0.214
35.800	-14.480	-0.197
35.820	-17.644	-0.165
35.840	-20.555	-0.142
35.860	-23.160	-0.110
35.880	-25.448	-0.078
35.900	-27.371	-0.047
35.920	-28.902	-0.013
35.940	-29.981	0.017
35.960	-30.642	0.057
35.980	-30.889	0.082
36.000	-30.690	0.123
36.020	-30.062	0.144
36.040	-29.015	0.179
36.060	-27.479	0.198
36.080	-25.631	0.227
36.100	-23.337	0.250
36.120	-20.743	0.267
36.140	-17.854	0.274
36.160	-14.728	0.286
36.180	-11.344	0.288
36.200	-7.810	0.289
36.220	-4.157	0.283
36.240	-0.462	0.276
36.260	3.223	0.260
36.280	6.875	0.248
36.300	10.339	0.230
36.320	13.841	0.207
36.340	17.037	0.182
36.360	19.997	0.157
36.380	22.704	0.123
36.400	25.013	0.092
36.420	26.995	0.065
36.440	28.531	0.025
36.460	29.767	-0.006
36.480	30.508	-0.046
36.500	30.830	-0.076
36.520	30.696	-0.109
36.540	30.126	-0.135
36.560	29.144	-0.170
36.580	27.720	-0.200
36.600	25.932	-0.223
36.620	23.756	-0.242
36.640	21.210	-0.259
36.660	18.375	-0.269
36.680	15.286	-0.286
36.700	11.961	-0.285
36.720	8.481	-0.293
36.740	4.974	-0.283
36.760	1.198	-0.279
36.780	-2.492	-0.271
36.800	-6.155	-0.252
36.820	-9.743	-0.237
36.840	-13.165	-0.213
36.860	-16.393	-0.194
36.880	-19.438	-0.158
36.900	-22.172	-0.135
36.920	-24.573	-0.100
36.940	-26.646	-0.076
36.960	-28.284	-0.039
36.980	-29.584	-0.009
37.000	-30.422	0.030
37.020	-30.803	0.058
37.040	-30.798	0.092
37.060	-30.347	0.123
37.080	-29.444	0.155
37.100	-28.107	0.178
37.120	-26.340	0.205
37.140	-24.245	0.223
37.160	-21.785	0.247
37.180	-19.046	0.265
37.200	-15.941	0.275
37.220	-12.756	0.279
37.240	-9.190	0.281
37.260	-5.581	0.277
37.280	-1.912	0.270
37.300	1.794	0.260
37.320	5.468	0.249
37.340	9.061	0.229
37.360	12.542	0.210
37.380	15.818	0.182
37.400	18.869	0.156
37.420	21.683	0.128
37.440	24.154	0.098
37.460	26.265	0.070
37.480	27.962	0.034
37.500	29.348	0.002
37.520	30.271	-0.037
37.540	30.750	-0.066
37.560	30.792	-0.103
37.580	30.406	-0.128
37.600	29.573	-0.167
37.620	28.333	-0.194
37.640	26.667	-0.221
37.660	24.653	-0.238
37.680	22.236	-0.264
37.700	19.588	-0.268
37.720	16.527	-0.295
37.740	13.272	-0.287
37.760	9.851	-0.296
37.780	6.295	-0.287
37.800	2.648	-0.288
37.820	-1.042	-0.271
37.840	-4.743	-0.264
37.860	-8.352	-0.243
37.880	-11.757	-0.225
37.900	-15.157	-0.200
37.920	-18.213	-0.171
37.940	-21.141	-0.147
37.960	-23.617	-0.113
37.980	-25.883	-0.083
38.000	-27.731	-0.051
38.020	-29.160	-0.016
38.040	-30.148	0.016
38.060	-30.717	0.049
38.080	-30.846	0.085
38.100	-30.567	0.114
38.120	-29.842	0.145
38.140	-28.687	0.175
38.160	-27.108	0.203
38.180	-25.131	0.224
38.200	-22.795	0.248
38.220	-20.136	0.262
38.240	-17.177	0.271
38.260	-13.997	0.278
38.280	-10.581	0.279
38.300	-7.036	0.280
38.320	-3.362	0.280
38.340	0.338	0.266
38.360	4.034	0.257
38.380	7.648	0.245
38.400	11.199	0.218
38.420	14.556	0.199
38.440	17.703	0.172
38.460	20.609	0.145
38.480	23.235	0.115
38.500	25.421	0.089
38.520	27.382	0.049
38.540	28.870	0.020
38.560	29.949	-0.022
38.580	30.621	-0.047
38.600	30.830	-0.086
38.620	30.615	-0.111
38.640	29.938	-0.146
38.660	28.870	-0.173
38.680	27.355	-0.204
38.700	25.491	-0.222
38.720	23.214	-0.246
38.740	20.614	-0.257
38.760	17.719	-0.275
38.780	14.556	-0.279
38.800	11.199	-0.287
38.820	7.681	-0.283
38.840	4.061	-0.283
38.860	0.376	-0.267
38.880	-3.319	-0.260
38.900	-6.982	-0.239
38.920	-10.533	-0.224
38.940	-13.917	-0.196
38.960	-17.139	-0.174
38.980	-20.093	-0.146
39.000	-22.763	-0.115
39.020	-25.083	-0.082
39.040	-27.081	-0.055
39.060	-28.703	-0.020
39.080	-29.826	0.011
39.100	-30.583	0.053
39.120	-30.868	0.078
39.140	-30.760	0.111
39.160	-30.207	0.144
39.180	-29.197	0.170
39.200	-27.785	0.199
39.220	-25.948	0.226
39.240	-23.772	0.248
39.260	-21.227	0.264
39.280	-18.353	0.277
39.300	-15.270	0.287
39.320	-11.935	0.289
39.340	-8.427	0.289
39.360	-4.802	0.289
39.380	-1.106	0.278
39.400	2.583	0.268
39.420	6.161	0.256
39.440	9.824	0.233
39.460	13.272	0.218
39.480	16.500	0.191
39.500	19.513	0.166
39.520	22.263	0.133
39.540	24.643	0.102
39.560	26.689	0.069
39.580	28.333	0.034
39.600	29.579	-0.001
39.620	30.406	-0.030
39.640	30.803	-0.064
39.660	30.739	-0.097
39.680	30.261	-0.129
39.700	29.342	-0.153
39.720	28.000	-0.192
39.740	26.259	-0.213
39.760	24.154	-0.231
39.780	21.667	-0.250
39.800	18.955	-0.265
39.820	15.834	-0.279
39.840	12.536	-0.278
39.860	9.088	-0.281
39.880	5.505	-0.279
39.900	1.821	-0.271
39.920	-1.864	-0.263
39.940	-5.538	-0.246
39.960	-9.147	-0.230
39.980	-12.606	-0.213
40.000	-15.882	-0.183
40.020	-18.933	-0.158
40.040	-21.737	-0.128
40.060	-24.191	-0.097
40.080	-26.324	-0.071
40.100	-28.091	-0.033
40.120	-29.417	-0.004
40.140	-30.336	0.035
40.160	-30.771	0.061
40.180	-30.857	0.098
40.200	-30.454	0.127
40.220	-29.638	0.159
40.240	-28.370	0.185
40.260	-26.694	0.212
40.280	-24.653	0.230
40.300	-22.231	0.256
40.320	-19.497	0.265
40.340	-16.479	0.281
40.360	-13.261	0.279
40.380	-9.813	0.290
40.400	-6.220	0.281
40.420	-2.541	0.279
40.440	1.171	0.264
40.460	4.845	0.256
40.480	8.443	0.235
40.500	11.956	0.218
40.520	15.265	0.190
40.540	18.369	0.167
40.560	21.146	0.138
40.580	23.746	0.102
40.600	25.932	0.076
40.620	27.736	0.042
40.640	29.117	0.007
40.660	30.137	-0.029
40.680	30.701	-0.057
40.700	30.819	-0.094
40.720	30.497	-0.125
40.740	29.740	-0.155
40.760	28.574	-0.185
40.780	26.984	-0.216
40.800	25.024	-0.235
40.820	22.661	-0.255
40.840	20.007	-0.268
40.860	17.134	-0.286
40.880	13.836	-0.287
40.900	10.458	-0.295
40.920	6.907	-0.291
40.940	3.266	-0.288
40.960	-0.419	-0.278
40.980	-4.109	-0.267
41.000	-7.648	-0.248
41.020	-11.263	-0.228
41.040	-14.609	-0.207
41.060	-17.778	-0.182
41.080	-20.673	-0.152
41.100	-23.251	-0.122
41.120	-25.459	-0.089
41.140	-27.430	-0.060
41.160	-28.939	-0.026
41.180	-30.003	0.008
41.200	-30.626	0.044
41.220	-30.862	0.072
41.240	-30.637	0.107
41.260	-29.987	0.138
41.280	-28.907	0.165
41.300	-27.360	0.191
41.320	-25.459	0.215
41.340	-23.273	0.239
41.360	-20.604	0.252
41.380	-17.687	0.269
41.400	-14.523	0.273
41.420	-11.167	0.278
41.440	-7.616	0.278
41.460	-3.980	0.273
41.480	-0.381	0.264
41.500	3.421	0.256
41.520	6.966	0.236
41.540	10.608	0.218
41.560	13.992	0.195
41.580	17.193	0.174
41.600	20.136	0.144
41.620	22.816	0.115
41.640	25.121	0.083
41.660	27.070	0.050
41.680	28.639	0.016
41.700	29.799	-0.018
41.720	30.535	-0.052
41.740	30.825	-0.084
41.760	30.680	-0.115
41.780	30.089	-0.142
41.800	29.084	-0.172
41.820	27.640	-0.204
41.840	25.840	-0.225
41.860	23.638	-0.249
41.880	21.082	-0.266
41.900	18.229	-0.280
41.920	15.141	-0.283
41.940	11.790	-0.291
41.960	8.304	-0.290
41.980	4.705	-0.287
42.000	1.015	-0.281
42.020	-2.686	-0.266
42.040	-6.343	-0.253
42.060	-9.937	-0.233
42.080	-13.342	-0.213
42.100	-16.581	-0.184
42.120	-19.599	-0.158
42.140	-22.301	-0.127
42.160	-24.712	-0.095
42.180	-26.748	-0.063
42.200	-28.424	-0.032
42.220	-29.670	0.002
42.240	-30.486	0.036
42.260	-30.825	0.066
42.280	-30.776	0.104
42.300	-30.341	0.130
42.320	-29.391	0.160
42.340	-28.064	0.188
42.360	-26.292	0.215
42.380	-24.154	0.239
42.400	-21.683	0.259
42.420	-18.874	0.267
42.440	-15.898	0.277
42.460	-12.531	0.281
42.480	-9.034	0.287
42.500	-5.436	0.279
42.520	-1.746	0.272
42.540	1.955	0.263
42.560	5.640	0.255
42.580	9.228	0.234
42.600	12.681	0.214
42.620	15.963	0.191
42.640	19.008	0.162
42.660	21.807	0.134
42.680	24.261	0.104
42.700	26.356	0.072
42.720	28.080	0.039
42.740	29.407	0.004
42.760	30.298	-0.031
42.780	30.760	-0.060
42.800	30.782	-0.096
42.820	30.384	-0.127
42.840	29.514	-0.152
42.860	28.252	-0.182
42.880	26.587	-0.211
42.900	24.541	-0.229
42.920	22.113	-0.252
42.940	19.368	-0.259
42.960	16.366	-0.276
42.980	13.100	-0.279
43.000	9.679	-0.285
43.020	6.193	-0.275
43.040	2.455	-0.276
43.060	-1.251	-0.259
43.080	-4.925	-0.252
43.100	-8.562	-0.230
43.120	-12.053	-0.213
43.140	-15.356	-0.185
43.160	-18.471	-0.159
43.180	-21.291	-0.135
43.200	-23.810	-0.099
43.220	-25.991	-0.072
43.240	-27.817	-0.038
43.260	-29.229	-0.005
43.280	-30.223	0.031
43.300	-30.739	0.061
43.320	-30.873	0.094
43.340	-30.556	0.127
43.360	-29.804	0.157
43.380	-28.660	0.182
43.400	-27.033	0.214
43.420	-25.019	0.233
43.440	-22.671	0.258
43.460	-19.997	0.267
43.480	-17.026	0.286
43.500	-13.820	0.285
43.520	-10.398	0.294
43.540	-6.848	0.289
43.560	-3.180	0.284
43.580	0.521	0.271
43.600	4.222	0.260
43.620	7.745	0.239
43.640	11.354	0.227
43.660	14.711	0.200
43.680	17.859	0.177
43.700	20.743	0.147
43.720	23.348	0.118
43.740	25.583	0.086
43.760	27.452	0.053
43.780	28.929	0.020
43.800	29.998	-0.016
43.820	30.631	-0.051
43.840	30.835	-0.083
43.860	30.604	-0.113
43.880	29.912	-0.143
43.900	28.800	-0.171
43.920	27.264	-0.207
43.940	25.395	-0.222
43.960	23.090	-0.249
43.980	20.485	-0.254
44.000	17.580	-0.275
44.020	14.400	-0.277
44.040	11.038	-0.286
44.060	7.616	-0.282
44.080	3.894	-0.283
44.100	0.209	-0.271
44.120	-3.491	-0.260
44.140	-7.122	-0.242
44.160	-10.678	-0.227
44.180	-14.056	-0.200
44.200	-17.241	-0.178
44.220	-20.211	-0.150
44.240	-22.849	-0.121
44.260	-25.174	-0.088
44.280	-27.140	-0.059
44.300	-28.703	-0.022
44.320	-29.858	0.010
44.340	-30.578	0.043
44.360	-30.841	0.071
44.380	-30.723	0.107
44.400	-30.143	0.137
44.420	-29.144	0.162
44.440	-27.656	0.188
44.460	-25.840	0.216
44.480	-23.627	0.240
44.500	-21.065	0.253
44.520	-18.197	0.268
44.540	-15.082	0.278
44.560	-11.752	0.279
44.580	-8.245	0.281
44.600	-4.603	0.276
44.620	-0.924	0.268
44.640	2.782	0.256
44.660	6.435	0.242
44.680	10.001	0.222
44.700	13.438	0.202
44.720	16.597	0.175
44.740	19.653	0.149
44.760	22.392	0.119
44.780	24.745	0.086
44.800	26.780	0.056
44.820	28.392	0.020
44.840	29.643	-0.014
44.860	30.443	-0.048
44.880	30.803	-0.080
44.900	30.733	-0.110
44.920	30.234	-0.142
44.940	29.283	-0.169
44.960	27.930	-0.203
44.980	26.163	-0.227
45.000	24.046	-0.248
45.020	21.538	-0.262
45.040	18.745	-0.279
45.060	15.678	-0.286
45.080	12.370	-0.295
45.100	8.916	-0.295
45.120	5.414	-0.291
45.140	1.660	-0.287
45.160	-2.036	-0.271
45.180	-5.731	-0.260
45.200	-9.319	-0.238
45.220	-12.756	-0.221
45.240	-16.022	-0.197
45.260	-19.078	-0.167
45.280	-21.855	-0.140
45.300	-24.315	-0.107
45.320	-26.410	-0.076
45.340	-28.139	-0.045
45.360	-29.439	-0.011
45.380	-30.331	0.023
45.400	-30.771	0.055
45.420	-30.819	0.090
45.440	-30.390	0.116
45.460	-29.568	0.152
45.480	-28.290	0.176
45.500	-26.576	0.206
45.520	-24.524	0.226
45.540	-22.091	0.252
45.560	-19.352	0.261
45.580	-16.323	0.272
45.600	-13.084	0.277
45.620	-9.636	0.282
45.640	-6.032	0.277
45.660	-2.363	0.273
45.680	1.348	0.258
45.700	5.011	0.254
45.720	8.621	0.231
45.740	12.112	0.213
45.760	15.415	0.187
45.780	18.509	0.165
45.800	21.350	0.133
45.820	23.864	0.107
45.840	26.034	0.070
45.860	27.812	0.038
45.880	29.203	0.005
45.900	30.169	-0.034
45.920	30.712	-0.062
45.940	30.819	-0.096
45.960	30.492	-0.119
45.980	29.708	-0.155
46.000	28.510	-0.188
46.020	26.882	-0.213
46.040	24.927	-0.231
46.060	22.548	-0.258
46.080	19.862	-0.263
46.100	16.897	-0.282
46.120	13.750	-0.278
46.140	10.291	-0.294
46.160	6.730	-0.280
46.180	3.072	-0.287
46.200	-0.612	-0.270
46.220	-4.308	-0.263
46.240	-7.949	-0.237
46.260	-11.462	-0.221
46.280	-14.803	-0.197
46.300	-17.961	-0.172
46.320	-20.834	-0.141
46.340	-23.423	-0.111
46.360	-25.674	-0.082
46.380	-27.559	-0.048
46.400	-29.031	-0.018
46.420	-30.078	0.019
46.440	-30.701	0.054
46.460	-30.846	0.085
46.480	-30.658	0.119
46.500	-29.998	0.150
46.520	-28.880	0.173
46.540	-27.344	0.208
46.560	-25.384	0.230
46.580	-23.128	0.253
46.600	-20.501	0.264
46.620	-17.547	0.277
46.640	-14.400	0.283
46.660	-11.011	0.289
46.680	-7.482	0.291
46.700	-3.819	0.285
46.720	-0.124	0.275
46.740	3.572	0.263
46.760	7.213	0.249
46.780	10.758	0.227
46.800	14.153	0.205
46.820	17.327	0.184
46.840	20.276	0.155
46.860	22.945	0.121
46.880	25.223	0.093
46.900	27.178	0.059
46.920	28.666	0.026
46.940	29.853	-0.009
46.960	30.551	-0.041
46.980	30.830	-0.076
47.000	30.669	-0.105
47.020	30.067	-0.136
47.040	29.031	-0.163
47.060	27.570	-0.196
47.080	25.738	-0.220
47.100	23.515	-0.246
47.120	20.942	-0.254
47.140	18.090	-0.273
47.160	14.958	-0.279
47.180	11.628	-0.286
47.200	8.132	-0.286
47.220	4.512	-0.279
47.240	0.833	-0.273
47.260	-2.863	-0.262
47.280	-6.515	-0.248
47.300	-10.103	-0.226
47.320	-13.503	-0.206
47.340	-16.736	-0.179
47.360	-19.733	-0.151
47.380	-22.430	-0.122
47.400	-24.798	-0.091
47.420	-26.855	-0.064
47.440	-28.451	-0.026
47.460	-29.708	0.003
47.480	-30.497	0.042
47.500	-30.852	0.070
47.520	-30.798	0.107
47.540	-30.282	0.138
47.560	-29.353	0.162
47.580	-27.951	0.190
47.600	-26.179	0.219
47.620	-24.079	0.236
47.640	-21.543	0.260
47.660	-18.724	0.273
47.680	-15.635	0.287
47.700	-12.332	0.289
47.720	-8.862	0.290
47.740	-5.231	0.288
47.760	-1.563	0.277
47.780	2.154	0.267
47.800	5.822	0.253
47.820	9.389	0.235
47.840	12.789	0.215
47.860	16.135	0.193
47.880	19.159	0.161
47.900	21.941	0.135
47.920	24.358	0.104
47.940	26.453	0.071
47.960	28.161	0.032
47.980	29.460	0.007
48.000	30.331	-0.031
48.020	30.771	-0.064
48.040	30.776	-0.101
48.060	30.352	-0.130
48.080	29.482	-0.163
48.100	28.187	-0.193
48.120	26.506	-0.213
48.140	24.428	-0.239
48.160	21.995	-0.255
48.180	19.234	-0.272
48.200	16.221	-0.280
48.220	13.036	-0.287
48.240	9.512	-0.288
48.260	5.940	-0.287
48.280	2.379	-0.283
48.300	-1.407	-0.275
48.320	-5.092	-0.256
48.340	-8.701	-0.240
48.360	-12.198	-0.222
48.380	-15.485	-0.199
48.400	-18.579	-0.173
48.420	-21.398	-0.142
48.440	-23.907	-0.110
48.460	-26.061	-0.078
48.480	-27.860	-0.051
48.500	-29.272	-0.016
48.520	-30.245	0.019
48.540	-30.750	0.049
48.560	-30.835	0.086
48.580	-30.497	0.117
48.600	-29.750	0.148
48.620	-28.531	0.171
48.640	-26.898	0.200
48.660	-24.900	0.223
48.680	-22.526	0.247
48.700	-19.830	0.255
48.720	-16.865	0.268
48.740	-13.648	0.272
48.760	-10.221	0.280
48.780	-6.655	0.272
48.800	-2.992	0.276
48.820	0.720	0.256
48.840	4.399	0.251
48.860	8.019	0.231
48.880	11.462	0.214
48.900	14.878	0.192
48.920	18.004	0.165
48.940	20.883	0.132
48.960	23.461	0.106
48.980	25.690	0.071
49.000	27.532	0.040
49.020	28.999	0.001
49.040	30.051	-0.030
49.060	30.642	-0.059
49.080	30.835	-0.094
49.100	30.572	-0.126
49.120	29.863	-0.156
49.140	28.735	-0.187
49.160	27.194	-0.215
49.180	25.287	-0.233
49.200	23.031	-0.258
49.220	20.340	-0.270
49.240	17.424	-0.284
49.260	14.260	-0.288
49.280	10.957	-0.296
49.300	7.342	-0.292
49.320	3.808	-0.292
49.340	0.027	-0.277
49.360	-3.674	-0.266
49.380	-7.305	-0.246
49.400	-10.844	-0.231
49.420	-14.212	-0.207
49.440	-17.397	-0.180
49.460	-20.346	-0.152
49.480	-22.983	-0.125
49.500	-25.260	-0.090
49.520	-27.221	-0.063
49.540	-28.794	-0.028
49.560	-29.901	0.007
49.580	-30.610	0.040
49.600	-30.835	0.075
49.620	-30.696	0.107
49.640	-30.105	0.139
49.660	-29.084	0.166
49.680	-27.591	0.194
49.700	-25.765	0.217
49.720	-23.515	0.246
49.740	-20.947	0.259
49.760	-18.063	0.272
49.780	-14.942	0.277
49.800	-11.607	0.281
49.820	-8.067	0.279
49.840	-4.447	0.275
49.860	-0.747	0.271
49.880	2.954	0.260
49.900	6.596	0.246
49.920	10.162	0.227
49.940	13.600	0.206
49.960	16.812	0.180
49.980	19.787	0.152
50.000	22.516	0.127
50.020	24.841	0.088
50.040	26.855	0.058
50.060	28.461	0.024
50.080	29.659	-0.008
50.100	30.470	-0.042
50.120	30.819	-0.077
50.140	30.717	-0.107
50.160	30.186	-0.136
50.180	29.235	-0.165
50.200	27.838	-0.198
50.220	26.077	-0.217
50.240	23.928	-0.240
50.260	21.404	-0.253
50.280	18.589	-0.270
50.300	15.598	-0.283
50.320	12.182	-0.285
50.340	8.728	-0.284
50.360	5.135	-0.282
50.380	1.450	-0.274
50.400	-2.240	-0.262
50.420	-5.908	-0.246
50.440	-9.518	-0.227
50.460	-12.966	-0.208
50.480	-16.205	-0.186
50.500	-19.191	-0.153
50.520	-22.027	-0.125
50.540	-24.449	-0.096
50.560	-26.533	-0.064
50.580	-28.247	-0.031
50.600	-29.530	0.001
50.620	-30.427	0.040
50.640	-30.809	0.068
50.660	-30.825	0.104
50.680	-30.427	0.135
50.700	-29.552	0.164
50.720	-28.236	0.190
50.740	-26.533	0.222
50.760	-24.438	0.239
50.780	-22.011	0.264
50.800	-19.223	0.273
50.820	-16.188	0.289
50.840	-12.939	0.289
50.860	-9.469	0.295
50.880	-5.876	0.289
50.900	-2.191	0.284
50.920	1.515	0.272
50.940	5.178	0.260
50.960	8.792	0.239
50.980	12.289	0.223
51.000	15.512	0.195
51.020	18.659	0.170
51.040	21.479	0.142
51.060	23.982	0.114
51.080	26.087	0.078
51.100	27.876	0.042
51.120	29.267	0.013
51.140	30.218	-0.025
51.160	30.733	-0.055
51.180	30.814	-0.090
51.200	30.449	-0.117
51.220	29.665	-0.150
51.240	28.445	-0.182
51.260	26.802	-0.208
51.280	24.814	-0.229
51.300	22.414	-0.248
51.320	19.717	-0.258
51.340	16.752	-0.277
51.360	13.519	-0.282
51.380	10.108	-0.286
51.400	6.569	-0.281
51.420	2.900	-0.283
51.440	-0.790	-0.266
51.460	-4.469	-0.252
51.480	-8.094	-0.236
51.500	-11.612	-0.220
51.520	-14.926	-0.193
51.540	-18.090	-0.169
51.560	-20.963	-0.139
51.580	-23.515	-0.108
51.600	-25.738	-0.080
51.620	-27.618	-0.047
51.640	-29.052	-0.012
51.660	-30.110	0.019
51.680	-30.669	0.052
51.700	-30.895	0.084
51.720	-30.610	0.119
51.740	-29.917	0.148
51.760	-28.789	0.173
51.780	-27.205	0.201
51.800	-25.298	0.228
51.820	-22.978	0.248
51.840	-20.319	0.256
51.860	-17.365	0.274
51.880	-14.212	0.279
51.900	-10.823	0.285
51.920	-7.283	0.280
51.940	-3.615	0.281
51.960	0.086	0.270
51.980	3.771	0.258
52.000	7.407	0.238
52.020	10.941	0.223
52.040	14.330	0.195
52.060	17.488	0.173
52.080	20.416	0.143
52.100	23.063	0.117
52.120	25.276	0.085
52.140	27.264	0.048
52.160	28.768	0.015
52.180	29.901	-0.020
52.200	30.588	-0.054
52.220	30.830	-0.086
52.240	30.647	-0.116
52.260	30.035	-0.146
52.280	28.956	-0.179
52.300	27.473	-0.206
52.320	25.636	-0.226
52.340	23.391	-0.251
52.360	20.808	-0.266
52.380	17.939	-0.287
52.400	14.819	-0.304
52.420	11.462	-0.315
52.440	7.955	-0.314
52.460	4.334	-0.312
52.480	0.677	-0.302
52.500	-3.035	-0.286
52.520	-6.687	-0.276
52.540	-10.253	-0.247
52.560	-13.659	-0.236
52.580	-16.865	-0.204
52.600	-19.846	-0.175
52.620	-22.542	-0.147
52.640	-24.900	-0.105
52.660	-26.915	-0.088
52.680	-28.537	-0.038
52.700	-29.724	-0.019
52.720	-30.508	0.034
52.740	-30.841	0.056
52.760	-30.750	0.096
52.780	-30.234	0.127
52.800	-29.262	0.163
52.820	-27.849	0.189
52.840	-26.061	0.212
52.860	-23.896	0.239
52.880	-21.388	0.248
52.900	-18.546	0.269
52.920	-15.453	0.268
52.940	-12.171	0.286
52.960	-8.664	0.272
52.980	-5.054	0.284
53.000	-1.359	0.261
53.020	2.336	0.267
53.040	6.000	0.237
53.060	9.480	0.235
53.080	13.036	0.195
53.100	16.280	0.190
53.120	19.298	0.147
53.140	22.070	0.135
53.160	24.481	0.091
53.180	26.533	0.066
53.200	28.225	0.028
53.220	29.520	-0.009
53.240	30.368	-0.032
53.260	30.787	-0.084
53.280	30.760	-0.092
53.300	30.314	-0.151
53.320	29.423	-0.151
53.340	28.118	-0.214
53.360	26.394	-0.208
53.380	24.320	-0.264
53.400	21.860	-0.250
53.420	19.094	-0.286
53.440	16.140	-0.285
53.460	12.778	-0.304
53.480	9.340	-0.303
53.500	5.752	-0.294
53.520	2.089	-0.307
53.540	-1.606	-0.271
53.560	-5.274	-0.280
53.580	-8.889	-0.237
53.600	-12.364	-0.245
53.620	-15.576	-0.193
53.640	-18.745	-0.190
53.660	-21.554	-0.143
53.680	-24.046	-0.129
53.700	-26.195	-0.080
53.720	-27.994	-0.057
53.740	-29.337	-0.021
53.760	-30.304	0.014
53.780	-30.776	0.044
53.800	-30.841	0.085
53.820	-30.508	0.114
53.840	-29.745	0.166
53.860	-28.499	0.174
53.880	-26.850	0.219
53.900	-24.820	0.220
53.920	-22.451	0.263
53.940	-19.733	0.257
53.960	-16.715	0.281
53.980	-13.519	0.272
54.000	-10.082	0.294
54.020	-6.504	0.277
54.040	-2.825	0.288
54.060	0.875	0.263
54.080	4.565	0.264
54.100	8.191	0.233
54.120	11.693	0.227
54.140	15.023	0.194
54.160	18.144	0.174
54.180	21.012	0.148
54.200	23.579	0.114
54.220	25.781	0.090
54.240	27.624	0.044
54.260	29.058	0.023
54.280	30.057	-0.021
54.300	30.669	-0.046
54.320	30.825	-0.086
54.340	30.551	-0.109
54.360	29.799	-0.148
54.380	28.676	-0.176
54.400	27.113	-0.204
54.420	25.185	-0.222
54.440	22.843	-0.244
54.460	20.201	-0.255
54.480	17.273	-0.272
54.500	14.083	-0.280
54.520	10.688	-0.283
54.540	7.165	-0.279
54.560	3.523	-0.274
54.580	-0.161	-0.271
54.600	-3.862	-0.251
54.620	-7.503	-0.240
54.640	-11.027	-0.216
54.660	-14.395	-0.205
54.680	-17.569	-0.160
54.700	-20.496	-0.148
54.720	-23.112	-0.109
54.740	-25.378	-0.084
54.760	-27.328	-0.050
54.780	-28.886	-0.015
54.800	-29.965	0.015
54.820	-30.642	0.053
54.840	-30.889	0.082
54.860	-30.690	0.123
54.880	-30.078	0.146
54.900	-29.015	0.182
54.920	-27.532	0.200
54.940	-25.636	0.232
54.960	-23.396	0.246
54.980	-20.829	0.268
55.000	-17.913	0.280
55.020	-14.792	0.287
55.040	-11.435	0.292
55.060	-7.896	0.289
55.080	-4.259	0.290
55.100	-0.559	0.274
55.120	3.131	0.265
55.140	6.784	0.243
55.160	10.345	0.235
55.180	13.766	0.206
55.200	16.957	0.190
55.220	19.927	0.152
55.240	22.580	0.133
55.260	24.965	0.089
55.280	26.947	0.069
55.300	28.537	0.024
55.320	29.729	0.000
55.340	30.492	-0.040
55.360	30.819	-0.071
55.380	30.707	-0.101
55.400	30.153	-0.139
55.420	29.170	-0.162
55.440	27.763	-0.209
55.460	25.975	-0.208
55.480	23.815	-0.254
55.500	21.275	-0.242
55.520	18.455	-0.290
55.540	15.367	-0.266
55.560	12.031	-0.300
55.580	8.562	-0.275
55.600	4.958	-0.295
55.620	1.284	-0.271
55.640	-2.417	-0.271
55.660	-6.085	-0.243
55.680	-9.668	-0.237
55.700	-13.089	-0.211
55.720	-16.323	-0.188
55.740	-19.379	-0.163
55.760	-22.102	-0.130
55.780	-24.524	-0.104
55.800	-26.603	-0.065
55.820	-28.273	-0.044
55.840	-29.562	0.001
55.860	-30.417	0.028
55.880	-30.814	0.067
55.900	-30.809	0.094
55.920	-30.331	0.126
55.940	-29.466	0.156
55.960	-28.118	0.181
55.980	-26.410	0.207
56.000	-24.293	0.229
56.020	-21.914	0.254
56.040	-19.062	0.257
56.060	-16.006	0.277
56.080	-12.767	0.271
56.100	-9.276	0.287
56.120	-5.677	0.272
56.140	-1.987	0.278
56.160	1.713	0.254
56.180	5.382	0.257
56.200	8.970	0.223
56.220	12.450	0.214
56.240	15.753	0.176
56.260	18.804	0.163
56.280	21.613	0.124
56.300	24.100	0.102
56.320	26.227	0.061
56.340	27.973	0.034
56.360	29.332	-0.001
56.380	30.245	-0.036
56.400	30.744	-0.067
56.420	30.798	-0.104
56.440	30.433	-0.126
56.460	29.589	-0.168
56.480	28.365	-0.189
56.500	26.721	-0.225
56.520	24.712	-0.239
56.540	22.312	-0.266
56.560	19.664	-0.272
56.580	16.607	-0.291
56.600	13.363	-0.288
56.620	9.937	-0.300
56.640	6.375	-0.288
56.660	2.745	-0.294
56.680	-0.961	-0.274
56.700	-4.630	-0.264
56.720	-8.271	-0.248
56.740	-11.773	-0.228
56.760	-15.087	-0.205
56.780	-18.219	-0.173
56.800	-21.065	-0.151
56.820	-23.622	-0.110
56.840	-25.830	-0.090
56.860	-27.629	-0.051
56.880	-29.106	-0.023
56.900	-30.126	0.018
56.920	-30.690	0.046
56.940	-30.857	0.082
56.960	-30.562	0.111
56.980	-29.858	0.144
57.000	-28.703	0.169
57.020	-27.108	0.195
57.040	-25.158	0.221
57.060	-22.843	0.243
57.080	-20.190	0.264
57.100	-17.225	0.268
57.120	-14.072	0.282
57.140	-10.651	0.278
57.160	-7.095	0.285
57.180	-3.443	0.273
57.200	0.263	0.270
57.220	3.942	0.253
57.240	7.584	0.245
57.260	11.097	0.217
57.280	14.464	0.200
57.300	17.644	0.171
57.320	20.555	0.147
57.340	23.176	0.115
57.360	25.421	0.080
57.380	27.328	0.050
57.400	28.837	0.015
57.420	29.938	-0.014
57.440	30.599	-0.053
57.460	30.841	-0.078
57.480	30.631	-0.114
57.500	29.987	-0.144
57.520	28.896	-0.183
57.540	27.393	-0.201
57.560	25.540	-0.227
57.580	23.284	-0.246
57.600	20.743	-0.263
57.620	17.784	-0.275
57.640	14.652	-0.285
57.660	11.285	-0.286
57.680	7.767	-0.286
57.700	4.152	-0.287
57.720	0.467	-0.273
57.740	-3.239	-0.267
57.760	-6.880	-0.242
57.780	-10.458	-0.230
57.800	-13.852	-0.200
57.820	-17.048	-0.184
57.840	-20.018	-0.147
57.860	-22.698	-0.125
57.880	-25.029	-0.084
57.900	-27.038	-0.059
57.920	-28.639	-0.028
57.940	-29.810	0.009
57.960	-30.583	0.045
57.980	-30.846	0.076
58.000	-30.771	0.108
58.020	-30.229	0.144
58.040	-29.240	0.168
58.060	-27.833	0.200
58.080	-26.007	0.219
58.100	-23.826	0.241
58.120	-21.302	0.261
58.140	-18.450	0.278
58.160	-15.345	0.283
58.180	-12.021	0.292
58.200	-8.529	0.290
58.220	-4.893	0.291
58.240	-1.208	0.279
58.260	2.503	0.274
58.280	6.161	0.256
58.300	9.738	0.242
58.320	13.191	0.215
58.340	16.430	0.194
58.360	19.438	0.166
58.380	22.199	0.137
58.400	24.594	0.104
58.420	26.646	0.073
58.440	28.257	0.040
58.460	29.562	0.005
58.480	30.390	-0.027
58.500	30.803	-0.060
58.520	30.750	-0.092
58.540	30.288	-0.121
58.560	29.358	-0.157
58.580	28.026	-0.181
58.600	26.308	-0.210
58.620	24.272	-0.229
58.640	21.731	-0.250
58.660	18.944	-0.255
58.680	15.904	-0.274
58.700	12.606	-0.274
58.720	9.158	-0.280
58.740	5.570	-0.274
58.760	1.917	-0.273
58.780	-1.799	-0.258
58.800	-5.462	-0.249
58.820	-9.072	-0.228
58.840	-12.525	-0.212
58.860	-15.818	-0.182
58.880	-18.879	-0.161
58.900	-21.688	-0.127
58.920	-24.138	-0.100
58.940	-26.292	-0.069
58.960	-28.026	-0.034
58.980	-29.401	-0.006
59.000	-30.304	0.032
59.020	-30.771	0.061
59.040	-30.868	0.099
59.060	-30.454	0.127
59.080	-29.670	0.160
59.100	-28.402	0.183
59.120	-26.732	0.213
59.140	-24.745	0.231
59.160	-22.301	0.260
59.180	-19.562	0.266
59.200	-16.548	0.285
59.220	-13.331	0.284
59.240	-9.894	0.293
59.260	-6.300	0.285
59.280	-2.621	0.282
59.300	1.069	0.269
59.320	4.759	0.256
59.340	8.357	0.237
59.360	11.870	0.222
59.380	15.200	0.194
59.400	18.299	0.170
59.420	21.157	0.141
59.440	23.692	0.109
59.460	25.883	0.079
59.480	27.699	0.043
59.500	29.122	0.011
59.520	30.121	-0.023
59.540	30.696	-0.054
59.560	30.825	-0.089
59.580	30.519	-0.117
59.600	29.772	-0.150
59.620	28.606	-0.182
59.640	27.011	-0.204
59.660	25.088	-0.229
59.680	22.795	-0.246
59.700	20.072	-0.266
59.720	17.128	-0.277
59.740	13.922	-0.285
59.760	10.629	-0.285
59.780	7.009	-0.290
59.800	3.352	-0.282
59.820	-0.328	-0.279
59.840	-4.023	-0.262
59.860	-7.654	-0.248
59.880	-11.177	-0.227
59.900	-14.550	-0.204
59.920	-17.698	-0.179
59.940	-20.614	-0.150
59.960	-23.208	-0.121
59.980	-25.459	-0.088
60.000	-27.376	-0.062
60.020	-28.907	-0.026
60.040	-29.981	0.007
60.060	-30.626	0.039
60.080	-30.841	0.072
60.100	-30.647	0.107
60.120	-30.019	0.139
60.140	-28.939	0.164
60.160	-27.409	0.190
60.180	-25.529	0.215
60.200	-23.262	0.238
60.220	-20.652	0.252
60.240	-17.757	0.266
60.260	-14.604	0.270
60.280	-11.236	0.279
60.300	-7.697	0.274
60.320	-4.082	0.275
60.340	-0.365	0.262
60.360	3.330	0.253
60.380	6.972	0.235
60.400	10.511	0.221
60.420	13.917	0.196
60.440	17.118	0.175
60.460	20.077	0.140
60.480	22.768	0.115
60.500	25.067	0.081
60.520	27.049	0.053
60.540	28.606	0.015
60.560	29.793	-0.018
60.580	30.524	-0.049
60.600	30.814	-0.081
60.620	30.690	-0.112
60.640	30.126	-0.146
60.660	29.117	-0.177
60.680	27.699	-0.208
60.700	25.883	-0.225
60.720	23.697	-0.251
60.740	21.146	-0.262
60.760	18.305	-0.281
60.780	15.222	-0.285
60.800	11.865	-0.293
60.820	8.390	-0.291
60.840	4.786	-0.287
60.860	1.198	-0.281
60.880	-2.594	-0.271
60.900	-6.241	-0.252
60.920	-9.824	-0.234
60.940	-13.256	-0.213
60.960	-16.505	-0.187
60.980	-19.519	-0.163
61.000	-22.236	-0.133
61.020	-24.632	-0.099
61.040	-26.694	-0.068
61.060	-28.381	-0.034
61.080	-29.611	-0.002
61.100	-30.443	0.031
61.120	-30.819	0.062
61.140	-30.787	0.098
61.160	-30.331	0.130
61.180	-29.407	0.161
61.200	-28.069	0.184
61.220	-26.324	0.209
61.240	-24.250	0.238
61.260	-21.737	0.256
61.280	-18.922	0.265
61.300	-15.882	0.278
61.320	-12.611	0.280
61.340	-9.120	0.283
61.360	-5.511	0.274
61.380	-1.826	0.276
61.400	1.864	0.263
61.420	5.554	0.256
61.440	9.136	0.231
61.460	12.611	0.213
61.480	15.893	0.189
61.500	18.863	0.167
61.520	21.742	0.128
61.540	24.202	0.102
61.560	26.265	0.069
61.580	28.048	0.035
61.600	29.375	0.006
61.620	30.282	-0.035
61.640	30.755	-0.060
61.660	30.787	-0.097
61.680	30.395	-0.121
61.700	29.557	-0.155
61.720	28.295	-0.186
61.740	26.619	-0.215
61.760	24.589	-0.227
61.780	22.167	-0.255
61.800	19.438	-0.260
61.820	16.521	-0.279
61.840	13.181	-0.279
61.860	9.749	-0.287
61.880	6.171	-0.279
61.900	2.541	-0.275
61.920	-1.155	-0.266
61.940	-4.759	-0.247
61.960	-8.481	-0.233
61.980	-11.951	-0.211
62.000	-15.275	-0.189
62.020	-18.380	-0.157
62.040	-21.253	-0.136
62.060	-23.762	-0.099
62.080	-25.953	-0.075
62.100	-27.785	-0.036
62.120	-29.203	-0.008
62.140	-30.218	0.029
62.160	-30.733	0.061
62.180	-30.873	0.096
62.200	-30.583	0.127
62.220	-29.826	0.156
62.240	-28.682	0.187
62.260	-27.070	0.212
62.280	-25.094	0.230
62.300	-22.747	0.261
62.320	-20.077	0.272
62.340	-17.091	0.286
62.360	-13.917	0.294
62.380	-10.506	0.293
62.400	-6.934	0.289
62.420	-3.276	0.287
62.440	0.435	0.277
62.460	4.130	0.267
62.480	7.745	0.245
62.500	11.269	0.229
62.520	14.652	0.209
62.540	17.784	0.180
62.560	20.684	0.153
62.580	23.300	0.122
62.600	25.529	0.092
62.620	27.419	0.060
62.640	28.870	0.024
62.660	29.981	-0.011
62.680	30.626	-0.043
62.700	30.835	-0.076
62.720	30.604	-0.108
62.740	29.933	-0.145
62.760	28.837	-0.174
62.780	27.328	-0.200
62.800	25.427	-0.222
62.820	23.149	-0.245
62.840	20.550	-0.252
62.860	17.725	-0.273
62.880	14.475	-0.275
62.900	11.134	-0.287
62.920	7.600	-0.279
62.940	3.985	-0.282
62.960	0.290	-0.266
62.980	-3.395	-0.259
63.000	-7.052	-0.237
63.020	-10.608	-0.224
63.040	-13.906	-0.199
63.060	-17.198	-0.176
63.080	-20.147	-0.148
63.100	-22.795	-0.118
63.120	-25.137	-0.086
63.140	-27.103	-0.059
63.160	-28.692	-0.022
63.180	-29.853	0.011
63.200	-30.545	0.041
63.220	-30.868	0.075
63.240	-30.733	0.108
63.260	-30.153	0.141
63.280	-29.160	0.165
63.300	-27.747	0.197
63.320	-25.878	0.218
63.340	-23.660	0.243
63.360	-21.125	0.256
63.380	-18.272	0.274
63.400	-15.146	0.275
63.420	-11.843	0.283
63.440	-8.331	0.282
63.460	-4.700	0.281
63.480	-0.999	0.273
63.500	2.691	0.260
63.520	6.354	0.243
63.540	9.915	0.226
63.560	13.363	0.208
63.580	16.516	0.178
63.600	19.588	0.155
63.620	22.328	0.123
63.640	24.702	0.096
63.660	26.684	0.060
63.680	28.375	0.027
63.700	29.622	-0.010
63.720	30.417	-0.038
63.740	30.803	-0.074
63.760	30.733	-0.107
63.780	30.245	-0.139
63.800	29.315	-0.170
63.820	27.951	-0.204
63.840	26.211	-0.222
63.860	24.095	-0.246
63.880	21.608	-0.258
63.900	18.810	-0.274
63.920	15.834	-0.284
63.940	12.439	-0.291
63.960	8.997	-0.291
63.980	5.409	-0.289
64.000	1.746	-0.288
64.020	-1.966	-0.271
64.040	-5.613	-0.262
64.060	-9.233	-0.239
64.080	-12.703	-0.221
64.100	-15.947	-0.195
64.120	-18.998	-0.170
64.140	-21.780	-0.140
64.160	-24.240	-0.109
64.180	-26.313	-0.080
64.200	-28.091	-0.047
64.220	-29.423	-0.013
64.240	-30.325	0.022
64.260	-30.771	0.052
64.280	-30.835	0.089
64.300	-30.406	0.117
64.320	-29.589	0.153
64.340	-28.316	0.174
64.360	-26.662	0.205
64.380	-24.573	0.222
64.400	-22.220	0.252
64.420	-19.400	0.260
64.440	-16.393	0.277
64.460	-13.159	0.277
64.480	-9.689	0.284
64.500	-6.118	0.275
64.520	-2.438	0.273
64.540	1.262	0.260
64.560	4.941	0.252
64.580	8.449	0.230
64.600	12.042	0.211
64.620	15.356	0.189
64.640	18.450	0.165
64.660	21.275	0.133
64.680	23.810	0.102
64.700	25.975	0.073
64.720	27.769	0.037
64.740	29.176	0.005
64.760	30.164	-0.029
64.780	30.707	-0.061
64.800	30.825	-0.092
64.820	30.492	-0.126
64.840	29.729	-0.158
64.860	28.537	-0.189
64.880	26.931	-0.212
64.900	24.970	-0.236
64.920	22.602	-0.252
64.940	19.937	-0.268
64.960	16.978	-0.280
64.980	13.761	-0.286
65.000	10.355	-0.286
65.020	6.827	-0.287
65.040	3.174	-0.284
65.060	-0.521	-0.272
65.080	-4.211	-0.261
65.100	-7.847	-0.242
65.120	-11.354	-0.221
65.140	-14.711	-0.201
65.160	-17.859	-0.172
65.180	-20.743	-0.145
65.200	-23.337	-0.114
65.220	-25.577	-0.084
65.240	-27.484	-0.050
65.260	-28.988	-0.018
65.280	-30.035	0.015
65.300	-30.658	0.050
65.320	-30.825	0.084
65.340	-30.647	0.116
65.360	-29.987	0.145
65.380	-28.875	0.168
65.400	-27.344	0.198
65.420	-25.491	0.227
65.440	-23.171	0.253
65.460	-20.539	0.261
65.480	-17.606	0.274
65.500	-14.459	0.277
65.520	-11.086	0.287
65.540	-7.530	0.285
65.560	-3.894	0.283
65.580	-0.188	0.271
65.600	3.507	0.264
65.620	7.149	0.243
65.640	10.688	0.229
65.660	14.088	0.204
65.680	17.279	0.183
65.700	20.206	0.152
65.720	22.886	0.125
65.740	25.174	0.094
65.760	27.129	0.059
65.780	28.676	0.026
65.800	29.826	-0.005
65.820	30.545	-0.040
65.840	30.835	-0.071
65.860	30.674	-0.104
65.880	30.067	-0.134
65.900	29.047	-0.166
65.920	27.591	-0.200
65.940	25.781	-0.218
65.960	23.568	-0.243
65.980	21.006	-0.249
66.000	18.160	-0.269
66.020	15.039	-0.271
66.040	11.704	-0.279
66.060	8.212	-0.277
66.080	4.603	-0.279
66.100	0.913	-0.267
66.120	-2.788	-0.256
66.140	-6.435	-0.240
66.160	-9.996	-0.221
66.180	-13.449	-0.200
66.200	-16.645	-0.175
66.220	-19.669	-0.149
66.240	-22.360	-0.119
66.260	-24.755	-0.089
66.280	-26.786	-0.059
66.300	-28.435	-0.022
66.320	-29.670	0.008
66.340	-30.492	0.048
66.360	-30.814	0.075
66.380	-30.787	0.111
66.400	-30.293	0.137
66.420	-29.358	0.167
66.440	-27.994	0.192
66.460	-26.216	0.223
66.480	-24.084	0.244
66.500	-21.586	0.265
66.520	-18.793	0.276
66.540	-15.716	0.289
66.560	-12.423	0.288
66.580	-8.948	0.294
66.600	-5.317	0.285
66.620	-1.638	0.281
66.640	2.046	0.268
66.660	5.731	0.255
66.680	9.303	0.237
66.700	12.778	0.219
66.720	16.049	0.190
66.740	19.083	0.165
66.760	21.876	0.140
66.780	24.267	0.106
66.800	26.410	0.073
66.820	28.112	0.042
66.840	29.428	0.005
66.860	30.314	-0.028
66.880	30.766	-0.062
66.900	30.782	-0.089
66.920	30.357	-0.125
66.940	29.498	-0.158
66.960	28.225	-0.188
66.980	26.533	-0.209
67.000	24.546	-0.230
67.020	22.059	-0.250
67.040	19.309	-0.270
67.060	16.301	-0.279
67.080	13.116	-0.283
67.100	9.598	-0.286
67.120	6.032	-0.282
67.140	2.369	-0.279
67.160	-1.337	-0.266
67.180	-5.017	-0.254
67.200	-8.631	-0.241
67.220	-12.101	-0.219
67.240	-15.394	-0.192
67.260	-18.525	-0.167
67.280	-21.339	-0.139
67.300	-23.832	-0.106
67.320	-26.044	-0.077
67.340	-27.844	-0.046
67.360	-29.251	-0.010
67.380	-30.207	0.022
67.400	-30.728	0.053
67.420	-30.852	0.088
67.440	-30.519	0.119
67.460	-29.772	0.153
67.480	-28.590	0.175
67.500	-26.947	0.202
67.520	-24.938	0.225
67.540	-22.596	0.248
67.560	-19.889	0.260
67.580	-16.930	0.272
67.600	-13.734	0.273
67.620	-10.307	0.283
67.640	-6.735	0.277
67.660	-3.067	0.275
67.680	0.634	0.262
67.700	4.318	0.252
67.720	7.933	0.234
67.740	11.462	0.216
67.760	14.808	0.190
67.780	17.945	0.167
67.800	20.829	0.138
67.820	23.423	0.111
67.840	25.631	0.077
67.860	27.500	0.043
67.880	28.934	0.008
67.900	30.019	-0.024
67.920	30.653	-0.056
67.940	30.835	-0.088
67.960	30.588	-0.121
67.980	29.885	-0.156
68.000	28.773	-0.189
68.020	27.253	-0.214
68.040	25.346	-0.235
68.060	23.031	-0.252
68.080	20.410	-0.270
68.100	17.580	-0.280
68.120	14.335	-0.289
68.140	10.946	-0.295
68.160	7.439	-0.294
68.180	3.808	-0.287
68.200	0.124	-0.277
68.220	-3.566	-0.269
68.240	-7.213	-0.252
68.260	-10.780	-0.231
68.280	-14.131	-0.211
68.300	-17.322	-0.184
68.320	-20.260	-0.155
68.340	-22.918	-0.126
68.360	-25.212	-0.095
68.380	-27.156	-0.062
68.400	-28.741	-0.028
68.420	-29.863	0.006
68.440	-30.578	0.037
68.460	-30.835	0.071
68.480	-30.680	0.104
68.500	-30.100	0.136
68.520	-29.090	0.161
68.540	-27.624	0.190
68.560	-25.771	0.213
68.580	-23.552	0.242
68.600	-20.990	0.254
68.620	-18.187	0.267
68.640	-15.001	0.274
68.660	-11.671	0.279
68.680	-8.148	0.279
68.700	-4.522	0.277
68.720	-0.816	0.268
68.740	2.884	0.260
68.760	6.537	0.245
68.780	10.092	0.227
68.800	13.519	0.207
68.820	16.736	0.178
68.840	19.717	0.152
68.860	22.462	0.123
68.880	24.804	0.091
68.900	26.807	0.060
68.920	28.435	0.025
68.940	29.659	-0.003
68.960	30.449	-0.042
68.980	30.814	-0.072
69.000	30.728	-0.107
69.020	30.207	-0.136
69.040	29.256	-0.169
69.060	27.881	-0.198
69.080	26.120	-0.221
69.100	23.977	-0.238
69.120	21.463	-0.258
69.140	18.675	-0.270
69.160	15.598	-0.280
69.180	12.300	-0.285
69.200	8.809	-0.284
69.220	5.221	-0.282
69.240	1.654	-0.277
69.260	-2.143	-0.267
69.280	-5.812	-0.250
69.300	-9.416	-0.230
69.320	-12.853	-0.210
69.340	-16.119	-0.187
69.360	-19.159	-0.160
69.380	-21.936	-0.129
69.400	-24.369	-0.097
69.420	-26.458	-0.067
69.440	-28.145	-0.032
69.460	-29.482	-0.002
69.480	-30.379	0.036
69.500	-30.776	0.065
69.520	-30.809	0.102
69.540	-30.400	0.131
69.560	-29.568	0.164
69.580	-28.295	0.189
69.600	-26.560	0.217
69.620	-24.541	0.236
69.640	-22.043	0.258
69.660	-19.266	0.270
69.680	-16.248	0.281
69.700	-13.003	0.285
69.720	-9.550	0.292
69.740	-5.946	0.286
69.760	-2.272	0.282
69.780	1.429	0.272
69.800	5.113	0.261
69.820	8.701	0.241
69.840	12.198	0.225
69.860	15.512	0.197
69.880	18.589	0.175
69.900	21.415	0.141
69.920	23.928	0.113
69.940	26.087	0.082
69.960	27.860	0.049
69.980	29.203	0.014
70.000	30.202	-0.019
70.020	30.723	-0.051
70.040	30.819	-0.083
70.060	30.470	-0.116
70.080	29.675	-0.146
70.100	28.467	-0.181
70.120	26.861	-0.204
70.140	24.874	-0.225
70.160	22.537	-0.243
70.180	19.787	-0.256
70.200	16.822	-0.271
70.220	13.594	-0.275
70.240	10.205	-0.278
70.260	6.639	-0.279
70.280	2.992	-0.274
70.300	-0.693	-0.264
70.320	-4.286	-0.250
70.340	-8.035	-0.233
70.360	-11.526	-0.213
70.380	-14.846	-0.192
70.400	-17.988	-0.166
70.420	-20.894	-0.136
70.440	-23.439	-0.103
70.460	-25.625	-0.076
70.480	-27.564	-0.043
70.500	-29.042	-0.009
70.520	-30.089	0.024
70.540	-30.685	0.054
70.560	-30.868	0.089
70.580	-30.610	0.120
70.600	-29.938	0.151
70.620	-28.800	0.175
70.640	-27.248	0.204
70.660	-25.319	0.229
70.680	-23.010	0.252
70.700	-20.410	0.264
70.720	-17.467	0.280
70.740	-14.292	0.283
70.760	-10.925	0.289
70.780	-7.369	0.285
70.800	-3.706	0.282
70.820	-0.016	0.272
70.840	3.690	0.264
70.860	7.321	0.243
70.880	10.871	0.231
70.900	14.174	0.206
70.920	17.418	0.181
70.940	20.340	0.148
70.960	23.010	0.122
70.980	25.223	0.090
71.000	27.205	0.053
71.020	28.735	0.021
71.040	29.869	-0.012
71.060	30.572	-0.045
71.080	30.841	-0.075
71.100	30.664	-0.111
71.120	30.041	-0.143
71.140	28.982	-0.176
71.160	27.521	-0.200
71.180	25.685	-0.222
71.200	23.456	-0.245
71.220	20.883	-0.261
71.240	18.009	-0.279
71.260	14.889	-0.282
71.280	11.542	-0.289
71.300	8.041	-0.286
71.320	4.431	-0.284
71.340	0.859	-0.279
71.360	-2.943	-0.268
71.380	-6.596	-0.252
71.400	-10.167	-0.232
71.420	-13.562	-0.213
71.440	-16.801	-0.190
71.460	-19.787	-0.158
71.480	-22.478	-0.130
71.500	-24.852	-0.098
71.520	-26.866	-0.068
71.540	-28.510	-0.034
71.560	-29.708	0.000
71.580	-30.486	0.034
71.600	-30.803	0.066
71.620	-30.755	0.098
71.640	-30.250	0.128
71.660	-29.294	0.156
71.680	-27.903	0.184
71.700	-26.098	0.210
71.720	-23.950	0.234
71.740	-21.447	0.251
71.760	-18.686	0.264
71.780	-15.549	0.270
71.800	-12.241	0.274
71.820	-8.739	0.280
71.840	-5.129	0.277
71.860	-1.450	0.267
71.880	2.261	0.256
71.900	5.924	0.242
71.920	9.491	0.226
71.940	12.960	0.203
71.960	16.221	0.178
71.980	19.234	0.152
72.000	22.005	0.124
72.020	24.433	0.094
72.040	26.512	0.061
72.060	28.187	0.026
72.080	29.493	-0.006
72.100	30.352	-0.040
72.120	30.792	-0.076
72.140	30.776	-0.107
72.160	30.341	-0.139
72.180	29.444	-0.166
72.200	28.155	-0.200
72.220	26.458	-0.218
72.240	24.374	-0.245
72.260	21.941	-0.258
72.280	19.169	-0.279
72.300	16.140	-0.283
72.320	12.880	-0.291
72.340	9.518	-0.288
72.360	5.865	-0.294
72.380	2.197	-0.283
72.400	-1.504	-0.276
72.420	-5.178	-0.258
72.440	-8.696	-0.243
72.460	-12.251	-0.223
72.480	-15.571	-0.195
72.500	-18.632	-0.170
72.520	-21.398	-0.141
72.540	-23.966	-0.109
72.560	-26.120	-0.077
72.580	-27.914	-0.047
72.600	-29.289	-0.016
72.620	-30.261	0.023
72.640	-30.739	0.052
72.660	-30.825	0.089
72.680	-30.492	0.119
72.700	-29.708	0.151
72.720	-28.510	0.171
72.740	-26.861	0.205
72.760	-24.836	0.227
72.780	-22.483	0.256
72.800	-19.750	0.261
72.820	-16.785	0.278
72.840	-13.567	0.278
72.860	-10.130	0.285
72.880	-6.563	0.278
72.900	-2.895	0.277
72.920	0.806	0.264
72.940	4.479	0.261
72.960	8.116	0.237
72.980	11.618	0.223
73.000	14.964	0.190
73.020	18.079	0.173
73.040	20.953	0.142
73.060	23.531	0.112
73.080	25.744	0.079
73.100	27.575	0.048
73.120	29.031	0.011
73.140	30.062	-0.022
73.160	30.664	-0.053
73.180	30.835	-0.084
73.200	30.567	-0.119
73.220	29.853	-0.144
73.240	28.708	-0.180
73.260	27.135	-0.202
73.280	25.228	-0.225
73.300	22.902	-0.245
73.320	20.271	-0.257
73.340	17.343	-0.271
73.360	14.164	-0.275
73.380	10.876	-0.280
73.400	7.256	-0.283
73.420	3.620	-0.276
73.440	-0.054	-0.267
73.460	-3.760	-0.257
73.480	-7.401	-0.238
73.500	-10.946	-0.220
73.520	-14.303	-0.198
73.540	-17.488	-0.168
73.560	-20.405	-0.143
73.580	-23.031	-0.111
73.600	-25.319	-0.081
73.620	-27.269	-0.049
73.640	-28.816	-0.019
73.660	-29.922	0.020
73.680	-30.626	0.052
73.700	-30.841	0.086
73.720	-30.674	0.115
73.740	-30.078	0.144
73.760	-29.047	0.176
73.780	-27.575	0.203
73.800	-25.679	0.228
73.820	-23.439	0.250
73.840	-20.856	0.268
73.860	-17.977	0.281
73.880	-14.846	0.286
73.900	-11.494	0.291
73.920	-7.971	0.292
73.940	-4.340	0.289
73.960	-0.650	0.281
73.980	3.056	0.267
74.000	6.703	0.252
74.020	10.253	0.236
74.040	13.691	0.214
74.060	16.903	0.189
74.080	19.868	0.161
74.100	22.580	0.130
74.120	24.911	0.100
74.140	26.915	0.066
74.160	28.510	0.033
74.180	29.697	-0.004
74.200	30.481	-0.031
74.220	30.814	-0.068
74.240	30.712	-0.097
74.260	30.180	-0.130
74.280	29.197	-0.163
74.300	27.812	-0.194
74.320	26.034	-0.213
74.340	23.875	-0.237
74.360	21.345	-0.250
74.380	18.514	-0.266
74.400	15.431	-0.279
74.420	12.106	-0.279
74.440	8.642	-0.282
