--- Pendolo di torsione ---
Tempo.Forzante.Pendolo
0.000	-11.524	-0.164
0.020	-14.865	-0.137
0.040	-17.980	-0.109
0.060	-20.880	-0.082
0.080	-23.421	-0.049
0.100	-25.666	-0.019
0.120	-27.551	0.011
0.140	-29.007	0.043
0.160	-30.059	0.075
0.180	-30.661	0.101
0.200	-30.870	0.136
0.220	-30.591	0.155
0.240	-29.909	0.181
0.260	-28.797	0.199
0.280	-27.240	0.226
0.300	-25.381	0.236
0.320	-23.055	0.250
0.340	-20.429	0.260
0.360	-17.507	0.271
0.380	-14.333	0.264
0.400	-10.992	0.268
0.420	-7.431	0.255
0.440	-3.779	0.248
0.460	-0.099	0.232
0.480	3.585	0.219
0.500	7.216	0.194
0.520	10.766	0.175
0.540	14.145	0.147
0.560	17.330	0.126
0.580	20.257	0.091
0.600	22.916	0.062
0.620	25.215	0.032
0.640	27.105	-0.004
0.660	28.700	-0.033
0.680	29.861	-0.064
0.700	30.570	-0.095
0.720	30.849	-0.130
0.740	30.715	-0.160
0.760	30.097	-0.186
0.780	29.093	-0.207
0.800	27.669	-0.231
0.820	25.854	-0.242
0.840	23.652	-0.255
0.860	21.159	-0.262
0.880	18.254	-0.276
0.900	15.155	-0.272
0.920	11.819	-0.274
0.940	8.344	-0.264
0.960	4.729	-0.256
0.980	1.077	-0.242
1.000	-2.629	-0.225
1.020	-6.271	-0.208
1.040	-9.853	-0.183
1.060	-13.253	-0.160
1.080	-16.487	-0.134
1.100	-19.510	-0.103
1.120	-22.207	-0.076
1.140	-24.618	-0.043
1.160	-26.665	-0.014
1.180	-28.314	0.020
1.200	-29.581	0.048
1.220	-30.419	0.079
1.240	-30.774	0.107
1.260	-30.741	0.138
1.280	-30.296	0.157
1.300	-29.383	0.185
1.320	-28.040	0.204
1.340	-26.289	0.225
1.360	-24.173	0.234
1.380	-21.723	0.251
1.400	-18.936	0.254
1.420	-15.885	0.258
1.440	-12.630	0.256
1.460	-9.155	0.255
1.480	-5.567	0.242
1.500	-1.899	0.233
1.520	1.813	0.212
1.540	5.492	0.197
1.560	9.058	0.172
1.580	12.528	0.152
1.600	15.821	0.123
1.620	18.861	0.096
1.640	21.686	0.069
1.660	24.146	0.032
1.680	26.267	0.004
1.700	28.008	-0.030
1.720	29.356	-0.060
1.740	30.274	-0.095
1.760	30.768	-0.124
1.780	30.827	-0.152
1.800	30.462	-0.174
1.820	29.651	-0.202
1.840	28.405	-0.221
1.860	26.761	-0.242
1.880	24.758	-0.254
1.900	22.422	-0.266
1.920	19.650	-0.271
1.940	16.685	-0.555
1.960	13.543	-0.273
1.980	10.047	-0.269
2.000	6.486	-0.262
2.020	2.844	-0.246
2.040	-0.841	-0.233
2.060	-4.525	-0.217
2.080	-8.156	-0.192
2.100	-11.642	-0.170
2.120	-14.977	-0.144
2.140	-18.093	-0.113
2.160	-20.891	-0.087
2.180	-23.512	-0.054
2.200	-25.719	-0.026
2.220	-27.610	0.004
2.240	-29.066	0.042
2.260	-30.097	0.071
2.280	-30.666	0.098
2.300	-30.817	0.127
2.320	-30.575	0.157
2.340	-29.904	0.181
2.360	-28.770	0.197
2.380	-27.223	0.223
2.400	-25.274	0.235
2.420	-22.991	0.255
2.440	-20.348	0.258
2.460	-17.416	0.261
2.480	-14.247	0.261
2.500	-10.960	0.260
2.520	-7.334	0.253
2.540	-3.677	0.244
2.560	0.003	0.223
2.580	3.698	0.214
2.600	7.340	0.186
2.620	10.858	0.169
2.640	14.252	0.140
2.660	17.416	0.118
2.680	20.348	0.086
2.700	22.991	0.057
2.720	25.284	0.024
2.740	27.223	-0.008
2.760	28.749	-0.043
2.780	29.887	-0.073
2.800	30.575	-0.104
2.820	30.870	-0.133
2.840	30.693	-0.155
2.860	30.092	-0.183
2.880	29.050	-0.201
2.900	27.605	-0.225
2.920	25.779	-0.233
2.940	23.555	-0.252
2.960	20.998	-0.252
2.980	18.152	-0.266
3.000	15.042	-0.261
3.020	11.690	-0.259
3.040	8.204	-0.254
3.060	4.600	-0.242
3.080	0.921	-0.231
3.100	-2.763	-0.218
3.120	-6.427	-0.194
3.140	-9.977	-0.170
3.160	-13.414	-0.147
3.180	-16.556	-0.119
3.200	-19.607	-0.084
3.220	-22.325	-0.059
3.240	-24.720	-0.028
3.260	-26.756	0.004
3.280	-28.410	0.032
3.300	-29.673	0.065
3.320	-30.478	0.096
3.340	-30.801	0.123
3.360	-30.774	0.153
3.380	-30.280	0.174
3.400	-29.366	0.205
3.420	-28.029	0.218
3.440	-26.267	0.237
3.460	-24.140	0.247
3.480	-21.670	0.259
3.500	-18.855	0.267
3.520	-15.799	0.272
3.540	-12.539	0.268
3.560	-9.058	0.264
3.580	-5.449	0.249
3.600	-1.775	0.240
3.620	1.926	0.226
3.640	5.599	0.208
3.660	9.171	0.181
3.680	12.646	0.159
3.700	15.928	0.134
3.720	18.957	0.103
3.740	21.761	0.074
3.760	24.167	0.040
3.780	26.337	0.009
3.800	28.061	-0.021
3.820	29.366	-0.058
3.840	30.312	-0.080
3.860	30.779	-0.113
3.880	30.833	-0.142
3.900	30.435	-0.171
3.920	29.603	-0.196
3.940	28.362	-0.215
3.960	26.697	-0.226
3.980	24.688	-0.243
4.000	22.287	-0.608
4.020	19.639	-0.262
4.040	16.589	-0.269
4.060	13.339	-0.262
4.080	9.928	-0.266
4.100	6.373	-0.250
4.120	2.731	-0.247
4.140	-0.975	-0.223
4.160	-4.643	-0.212
4.180	-8.269	-0.183
4.200	-11.755	-0.166
4.220	-15.069	-0.141
4.240	-18.109	-0.109
4.260	-21.057	-0.081
4.280	-23.587	-0.049
4.300	-25.789	-0.018
4.320	-27.615	0.013
4.340	-29.087	0.042
4.360	-30.086	0.076
4.380	-30.656	0.098
4.400	-30.844	0.135
4.420	-30.543	0.156
4.440	-29.855	0.185
4.460	-28.690	0.198
4.480	-27.127	0.226
4.500	-25.215	0.232
4.520	-22.878	0.248
4.540	-20.225	0.252
4.560	-17.292	0.258
4.580	-14.118	0.256
4.600	-10.740	0.260
4.620	-7.178	0.244
4.640	-3.531	0.239
4.660	0.158	0.224
4.680	3.832	0.206
4.700	7.458	0.181
4.720	10.992	0.161
4.740	14.370	0.134
4.760	17.529	0.109
4.780	20.450	0.076
4.800	23.088	0.050
4.820	25.354	0.016
4.840	27.282	-0.016
4.860	28.797	-0.050
4.880	29.904	-0.080
4.900	30.607	-0.113
4.920	30.865	-0.140
4.940	30.677	-0.170
4.960	30.043	-0.192
4.980	29.012	-0.212
5.000	27.551	-0.236
5.020	25.709	-0.248
5.040	23.485	-0.263
5.060	20.918	-0.269
5.080	18.135	-0.277
5.100	14.929	-0.276
5.120	11.583	-0.275
5.140	8.097	-0.267
5.160	4.590	-0.258
5.180	0.824	-0.243
5.200	-2.876	-0.230
5.220	-6.529	-0.207
5.240	-10.100	-0.184
5.260	-13.393	-0.159
5.280	-16.701	-0.134
5.300	-19.688	-0.102
5.320	-22.379	-0.071
5.340	-24.747	-0.041
5.360	-26.767	-0.013
5.380	-28.443	0.021
5.400	-29.635	0.049
5.420	-30.462	0.080
5.440	-30.779	0.106
5.460	-30.741	0.140
5.480	-30.215	0.165
5.500	-29.297	0.188
5.520	-27.932	0.209
5.540	-26.171	0.227
5.560	-24.033	0.237
5.580	-21.546	0.252
5.600	-18.732	0.253
5.620	-15.670	0.258
5.640	-12.496	0.255
5.660	-8.913	0.250
5.680	-5.315	0.244
5.700	-1.635	0.228
5.720	2.060	0.210
5.740	5.728	0.198
5.760	9.214	0.174
5.780	12.759	0.150
5.800	16.025	0.121
5.820	19.059	0.095
5.840	21.782	0.066
5.860	24.302	0.032
5.880	26.391	0.004
5.900	28.110	-0.033
5.920	29.436	-0.060
5.940	30.312	-0.097
5.960	30.790	-0.123
5.980	30.822	-0.150
6.000	30.425	-0.178
6.020	29.565	-0.200
6.040	28.308	-0.222
6.060	26.633	-0.237
6.080	24.613	-0.251
6.100	22.175	-0.262
6.120	19.462	-0.266
6.140	16.454	-0.276
6.160	13.216	-0.271
6.180	9.880	-0.266
6.200	6.233	-0.256
6.220	2.592	-0.246
6.240	-1.093	-0.225
6.260	-4.783	-0.207
6.280	-8.408	-0.188
6.300	-11.878	-0.167
6.320	-15.198	-0.142
6.340	-18.297	-0.109
6.360	-21.084	-0.077
6.380	-23.705	-0.048
6.400	-25.881	-0.020
6.420	-27.723	0.012
6.440	-29.157	0.044
6.460	-30.156	0.080
6.480	-30.704	0.105
6.500	-30.838	0.131
6.520	-30.586	0.161
6.540	-29.844	0.184
6.560	-28.700	0.206
6.580	-27.100	0.227
6.600	-25.198	0.240
6.620	-22.824	0.257
6.640	-20.166	0.260
6.660	-17.212	0.269
6.680	-14.037	0.265
6.700	-10.632	0.263
6.720	-7.098	0.255
6.740	-3.440	0.245
6.760	0.255	0.231
6.780	3.940	0.218
6.800	7.576	0.190
6.820	11.099	0.172
6.840	14.478	0.145
6.860	17.625	0.120
6.880	20.542	0.089
6.900	23.109	0.058
6.920	25.429	0.023
6.940	27.336	-0.003
6.960	28.840	-0.038
6.980	29.947	-0.068
7.000	30.629	-0.098
7.020	30.860	-0.130
7.040	30.666	-0.154
7.060	30.032	-0.183
7.080	28.974	-0.204
7.100	27.487	-0.224
7.120	25.644	-0.236
7.140	23.399	-0.255
7.160	20.816	-0.256
7.180	17.948	-0.266
7.200	14.822	-0.256
7.220	11.481	-0.262
7.240	7.963	-0.250
7.260	4.353	-0.246
7.280	0.690	-0.229
7.300	-3.016	-0.216
7.320	-6.647	-0.190
7.340	-10.224	-0.169
7.360	-13.624	-0.146
7.380	-16.820	-0.118
7.400	-19.806	-0.087
7.420	-22.502	-0.060
7.440	-24.855	-0.023
7.460	-26.858	0.000
7.480	-28.507	0.033
7.500	-29.689	0.065
7.520	-30.500	0.093
7.540	-30.844	0.120
7.560	-30.736	0.150
7.580	-30.242	0.172
7.600	-29.275	0.199
7.620	-27.900	0.219
7.640	-26.106	0.232
7.660	-23.947	0.249
7.680	-21.476	0.257
7.700	-18.640	0.266
7.720	-15.584	0.264
7.740	-12.297	0.265
7.760	-8.811	0.260
7.780	-5.202	0.246
7.800	-1.507	0.235
7.820	2.189	0.223
7.840	5.841	0.202
7.860	9.418	0.181
7.880	12.866	0.151
7.900	16.137	0.129
7.920	19.092	0.097
7.940	21.949	0.070
7.960	24.377	0.034
7.980	26.461	0.003
8.000	28.147	-0.030
8.020	29.463	-0.058
8.040	30.349	-0.092
8.060	30.806	-0.122
8.080	30.811	-0.150
8.100	30.392	-0.178
8.120	29.528	-0.199
8.140	28.260	-0.225
8.160	26.573	-0.234
8.180	24.538	-0.254
8.200	22.105	-0.260
8.220	19.430	-0.270
8.240	16.374	-0.267
8.260	13.108	-0.274
8.280	9.687	-0.265
8.300	6.120	-0.257
8.320	2.479	-0.249
8.340	-1.222	-0.231
8.360	-4.890	-0.213
8.380	-8.500	-0.188
8.400	-11.991	-0.170
8.420	-15.278	-0.139
8.440	-18.377	-0.111
8.460	-21.213	-0.081
8.480	-23.738	-0.051
8.500	-25.907	-0.024
8.520	-27.728	0.007
8.540	-29.152	0.037
8.560	-30.140	0.069
8.580	-30.677	0.098
8.600	-30.811	0.127
8.620	-30.510	0.153
8.640	-29.780	0.180
8.660	-28.615	0.198
8.680	-26.998	0.217
8.700	-25.027	0.231
8.720	-22.712	0.246
8.740	-20.037	0.248
8.760	-17.077	0.256
8.780	-13.892	0.253
8.800	-10.578	0.252
8.820	-6.948	0.243
8.840	-3.295	0.235
8.860	0.406	0.215
8.880	4.085	0.200
8.900	7.710	0.177
8.920	11.228	0.159
8.940	14.596	0.131
8.960	17.743	0.107
8.980	20.552	0.074
9.000	23.249	0.045
9.020	25.499	0.010
9.040	27.395	-0.018
9.060	28.845	-0.054
9.080	29.973	-0.082
9.100	30.639	-0.116
9.120	30.870	-0.141
9.140	30.650	-0.172
9.160	30.000	-0.188
9.180	28.926	-0.221
9.200	27.422	-0.231
9.220	25.628	-0.249
9.240	23.313	-0.259
9.260	20.719	-0.267
9.280	17.851	-0.276
9.300	14.714	-0.274
9.320	11.363	-0.274
9.340	7.952	-0.264
9.360	4.246	-0.259
9.380	0.577	-0.237
9.400	-3.118	-0.229
9.420	-6.754	-0.199
9.440	-10.240	-0.182
9.460	-13.720	-0.152
9.480	-16.932	-0.127
9.500	-19.897	-0.094
9.520	-22.561	-0.068
9.540	-24.892	-0.034
9.560	-26.917	-0.005
9.580	-28.534	0.026
9.600	-29.694	0.059
9.620	-30.494	0.088
9.640	-30.795	0.116
9.660	-30.741	0.143
9.680	-30.226	0.169
9.700	-29.259	0.192
9.720	-27.857	0.217
9.740	-26.042	0.227
9.760	-23.877	0.247
9.780	-21.385	0.252
9.800	-18.560	0.265
9.820	-15.488	0.261
9.840	-12.179	0.260
9.860	-8.779	0.256
9.880	-5.084	0.247
9.900	-1.410	0.231
9.920	2.302	0.218
9.940	5.954	0.197
9.960	9.526	0.177
9.980	12.904	0.152
10.000	16.240	0.126
10.020	19.258	0.096
10.040	22.030	0.068
10.060	24.447	0.035
10.080	26.525	0.001
10.100	28.201	-0.034
10.120	29.501	-0.057
10.140	30.371	-0.094
10.160	30.811	-0.117
10.180	30.801	-0.154
10.200	30.376	-0.168
10.220	29.495	-0.201
10.240	28.212	-0.213
10.260	26.509	-0.237
10.280	24.506	-0.243
10.300	22.013	-0.261
10.320	19.258	-0.263
10.340	16.250	-0.266
10.360	12.974	-0.262
10.380	9.552	-0.259
10.400	5.997	-0.248
10.420	2.334	-0.238
10.440	-1.356	-0.224
10.460	-5.025	-0.203
10.480	-8.650	-0.183
10.500	-12.120	-0.159
10.520	-15.407	-0.131
10.540	-18.522	-0.101
10.560	-21.347	-0.070
10.580	-23.823	-0.042
10.600	-26.020	-0.009
10.620	-27.814	0.020
10.640	-29.227	0.049
10.660	-30.226	0.085
10.680	-30.715	0.110
10.700	-30.833	0.140
10.720	-30.510	0.167
10.740	-29.796	0.192
10.760	-28.582	0.210
10.780	-26.960	0.235
10.800	-24.989	0.246
10.820	-22.658	0.257
10.840	-19.956	0.265
10.860	-17.002	0.268
10.880	-13.801	0.269
10.900	-10.390	0.264
10.920	-6.835	0.255
10.940	-3.172	0.245
10.960	0.518	0.232
10.980	4.203	0.219
11.000	7.818	0.194
11.020	11.320	0.170
11.040	14.617	0.145
11.060	17.829	0.117
11.080	20.724	0.087
11.100	23.329	0.053
11.120	25.564	0.024
11.140	27.449	-0.009
11.160	28.926	-0.038
11.180	30.006	-0.074
11.200	30.650	-0.101
11.220	30.860	-0.134
11.240	30.639	-0.155
11.260	29.968	-0.179
11.280	28.883	-0.204
11.300	27.358	-0.228
11.320	25.510	-0.237
11.340	23.238	-0.250
11.360	20.628	-0.258
11.380	17.754	-0.266
11.400	14.607	-0.262
11.420	11.309	-0.262
11.440	7.716	-0.254
11.460	4.117	-0.250
11.480	0.454	-0.226
11.500	-3.241	-0.217
11.520	-6.894	-0.191
11.540	-10.358	-0.174
11.560	-13.833	-0.145
11.580	-17.034	-0.118
11.600	-19.989	-0.089
11.620	-22.642	-0.063
11.640	-25.000	-0.027
11.660	-26.987	-0.001
11.680	-28.598	0.034
11.700	-29.742	0.065
11.720	-30.521	0.095
11.740	-30.827	0.123
11.760	-30.709	0.149
11.780	-30.151	0.173
11.800	-29.189	0.196
11.820	-27.793	0.217
11.840	-25.967	0.234
11.860	-23.813	0.248
11.880	-21.272	0.257
11.900	-18.458	0.258
11.920	-15.353	0.264
11.940	-12.055	0.260
11.960	-8.559	0.252
11.980	-4.949	0.244
12.000	-1.260	0.231
12.020	2.436	0.218
12.040	6.094	0.197
12.060	9.655	0.172
12.080	13.097	0.148
12.100	16.363	0.119
12.120	19.360	0.094
12.140	22.115	0.060
12.160	24.516	0.028
12.180	26.595	-0.004
12.200	28.255	-0.034
12.220	29.517	-0.067
12.240	30.392	-0.096
12.260	30.817	-0.130
12.280	30.790	-0.155
12.300	30.355	-0.179
12.320	29.452	-0.205
12.340	28.153	-0.227
12.360	26.455	-0.243
12.380	24.382	-0.254
12.400	21.922	-0.271
12.420	19.177	-0.270
12.440	16.159	-0.281
12.460	12.883	-0.274
12.480	9.456	-0.272
12.500	5.879	-0.258
12.520	2.328	-0.252
12.540	-1.453	-0.233
12.560	-5.046	-0.217
12.580	-8.747	-0.194
12.600	-12.120	-0.172
12.620	-15.504	-0.143
12.640	-18.581	-0.114
12.660	-21.401	-0.084
12.680	-23.893	-0.052
12.700	-26.069	-0.024
12.720	-27.846	0.006
12.740	-29.189	0.039
12.760	-30.199	0.074
12.780	-30.709	0.097
12.800	-30.811	0.132
12.820	-30.473	0.156
12.840	-29.705	0.179
12.860	-28.523	0.200
12.880	-26.890	0.223
12.900	-24.887	0.232
12.920	-22.529	0.249
12.940	-19.838	0.250
12.960	-16.852	0.258
12.980	-13.672	0.255
13.000	-10.267	0.253
13.020	-6.706	0.245
13.040	-3.037	0.235
13.060	0.653	0.220
13.080	4.332	0.202
13.100	7.957	0.180
13.120	11.475	0.161
13.140	14.811	0.131
13.160	17.942	0.106
13.180	20.821	0.074
13.200	23.410	0.040
13.220	25.634	0.011
13.240	27.476	-0.022
13.260	28.969	-0.051
13.280	30.027	-0.084
13.300	30.672	-0.113
13.320	30.860	-0.142
13.340	30.629	-0.167
13.360	29.952	-0.191
13.380	28.835	-0.215
13.400	27.293	-0.232
13.420	25.440	-0.247
13.440	23.163	-0.260
13.460	20.536	-0.265
13.480	17.647	-0.277
13.500	14.564	-0.270
13.520	11.110	-0.271
13.540	7.603	-0.265
13.560	3.993	-0.254
13.580	0.314	-0.236
13.600	-3.381	-0.225
13.620	-6.937	-0.197
13.640	-10.573	-0.179
13.660	-13.951	-0.149
13.680	-17.147	-0.121
13.700	-20.107	-0.088
13.720	-22.755	-0.063
13.740	-25.091	-0.030
13.760	-27.062	0.002
13.780	-28.652	0.032
13.800	-29.818	0.064
13.820	-30.570	0.091
13.840	-30.827	0.122
13.860	-30.720	0.150
13.880	-30.172	0.174
13.900	-29.184	0.198
13.920	-27.755	0.219
13.940	-25.940	0.234
13.960	-23.754	0.251
13.980	-21.219	0.260
14.000	-18.372	0.263
14.020	-15.262	0.264
14.040	-11.975	0.263
14.060	-8.468	0.258
14.080	-4.837	0.250
14.100	-1.163	0.235
14.120	2.549	0.219
14.140	6.206	0.198
14.160	9.762	0.178
14.180	13.199	0.150
14.200	16.433	0.130
14.220	19.457	0.098
14.240	22.201	0.067
14.260	24.602	0.036
14.280	26.643	0.005
14.300	28.308	-0.029
14.320	29.581	-0.059
14.340	30.425	-0.091
14.360	30.827	-0.117
14.380	30.790	-0.146
14.400	30.328	-0.173
14.420	29.426	-0.194
14.440	28.099	-0.216
14.460	26.391	-0.233
14.480	24.307	-0.246
14.500	21.842	-0.250
14.520	19.140	-0.262
14.540	16.041	-0.262
14.560	12.754	-0.261
14.580	9.327	-0.253
14.600	5.744	-0.247
14.620	2.087	-0.237
14.640	-1.603	-0.224
14.660	-5.261	-0.201
14.680	-8.870	-0.178
14.700	-12.335	-0.154
14.720	-15.643	-0.129
14.740	-18.716	-0.095
14.760	-21.503	-0.069
14.780	-24.001	-0.037
14.800	-26.138	-0.007
14.820	-27.948	0.025
14.840	-29.281	0.054
14.860	-30.242	0.086
14.880	-30.715	0.113
14.900	-30.838	0.142
14.920	-30.478	0.167
14.940	-29.705	0.194
14.960	-28.475	0.210
14.980	-26.826	0.233
15.000	-24.839	0.243
15.020	-22.459	0.259
15.040	-19.774	0.262
15.060	-16.771	0.266
15.080	-13.575	0.265
15.100	-10.149	0.263
15.120	-6.588	0.253
15.140	-2.930	0.244
15.160	0.776	0.227
15.180	4.461	0.210
15.200	8.054	0.186
15.220	11.556	0.167
15.240	14.918	0.137
15.260	18.039	0.110
15.280	20.907	0.081
15.300	23.490	0.052
15.320	25.655	0.016
15.340	27.540	-0.015
15.360	29.012	-0.045
15.380	30.059	-0.078
15.400	30.682	-0.107
15.420	30.870	-0.138
15.440	30.613	-0.166
15.460	29.898	-0.186
15.480	28.786	-0.214
15.500	27.240	-0.228
15.520	25.365	-0.245
15.540	23.066	-0.255
15.560	20.515	-0.264
15.580	17.539	-0.266
15.600	14.381	-0.271
15.620	11.030	-0.266
15.640	7.506	-0.257
15.660	3.865	-0.250
15.680	0.191	-0.235
15.700	-3.483	-0.221
15.720	-7.130	-0.196
15.740	-10.686	-0.178
15.760	-14.048	-0.147
15.780	-17.222	-0.122
15.800	-20.182	-0.090
15.820	-22.814	-0.063
15.840	-25.113	-0.027
15.860	-27.089	-0.004
15.880	-28.679	0.032
15.900	-29.812	0.059
15.920	-30.532	0.092
15.940	-30.801	0.115
15.960	-30.688	0.151
15.980	-30.113	0.171
16.000	-29.114	0.194
16.020	-27.675	0.210
16.040	-25.827	0.227
16.060	-23.641	0.243
16.080	-21.095	0.248
16.100	-18.259	0.255
16.120	-15.133	0.257
16.140	-11.819	0.252
16.160	-8.312	0.246
16.180	-4.676	0.238
16.200	-1.007	0.223
16.220	2.677	0.211
16.240	6.341	0.187
16.260	9.891	0.169
16.280	13.334	0.138
16.300	16.562	0.118
16.320	19.543	0.085
16.340	22.293	0.058
16.360	24.672	0.020
16.380	26.708	-0.009
16.400	28.351	-0.044
16.420	29.608	-0.072
16.440	30.435	-0.112
16.460	30.833	-0.129
16.480	30.774	-0.165
16.500	30.312	-0.188
16.520	29.383	-0.207
16.540	28.045	-0.233
16.560	26.326	-0.242
16.580	24.226	-0.266
16.600	21.756	-0.265
16.620	19.049	-0.286
16.640	15.944	-0.276
16.660	12.652	-0.285
16.680	9.219	-0.266
16.700	5.626	-0.268
16.720	1.985	-0.246
16.740	-1.614	-0.238
16.760	-5.390	-0.212
16.780	-8.978	-0.192
16.800	-12.426	-0.166
16.820	-15.719	-0.139
16.840	-18.791	-0.111
16.860	-21.578	-0.077
16.880	-24.038	-0.050
16.900	-26.181	-0.019
16.920	-27.954	0.010
16.940	-29.307	0.047
16.960	-30.258	0.074
16.980	-30.715	0.107
17.000	-30.806	0.134
17.020	-30.435	0.161
17.040	-29.651	0.186
17.060	-28.432	0.206
17.080	-26.772	0.224
17.100	-24.747	0.236
17.120	-22.384	0.252
17.140	-19.650	0.256
17.160	-16.675	0.260
17.180	-13.468	0.258
17.200	-10.031	0.258
17.220	-6.469	0.249
17.240	-2.806	0.242
17.260	0.900	0.215
17.280	4.573	0.203
17.300	8.172	0.181
17.320	11.690	0.160
17.340	15.026	0.128
17.360	18.135	0.108
17.380	21.009	0.071
17.400	23.576	0.046
17.420	25.773	0.009
17.440	27.605	-0.018
17.460	29.060	-0.051
17.480	30.086	-0.085
17.500	30.693	-0.116
17.520	30.854	-0.144
17.540	30.591	-0.164
17.560	29.887	-0.193
17.580	28.743	-0.217
17.600	27.191	-0.235
17.620	25.290	-0.246
17.640	22.986	-0.263
17.660	20.348	-0.266
17.680	17.432	-0.275
17.700	14.258	-0.266
17.720	10.885	-0.272
17.740	7.361	-0.254
17.760	3.838	-0.252
17.780	0.056	-0.229
17.800	-3.548	-0.218
17.820	-7.281	-0.192
17.840	-10.820	-0.170
17.860	-14.182	-0.142
17.880	-17.362	-0.116
17.900	-20.311	-0.084
17.920	-22.937	-0.055
17.940	-25.236	-0.027
17.960	-27.180	0.009
17.980	-28.765	0.040
18.000	-29.882	0.075
18.020	-30.580	0.102
18.040	-30.822	0.128
18.060	-30.698	0.156
18.080	-30.135	0.183
18.100	-29.098	0.201
18.120	-27.685	0.223
18.140	-25.795	0.238
18.160	-23.587	0.252
18.180	-21.031	0.263
18.200	-18.157	0.267
18.220	-15.058	0.268
18.240	-11.733	0.265
18.260	-8.220	0.260
18.280	-4.584	0.248
18.300	-0.900	0.239
18.320	2.796	0.219
18.340	6.437	0.202
18.360	9.918	0.180
18.380	13.441	0.156
18.400	16.669	0.128
18.420	19.645	0.102
18.440	22.379	0.068
18.460	24.742	0.032
18.480	26.772	0.003
18.500	28.405	-0.030
18.520	29.619	-0.059
18.540	30.446	-0.099
18.560	30.838	-0.119
18.580	30.768	-0.152
18.600	30.274	-0.174
18.620	29.345	-0.201
18.640	27.986	-0.215
18.660	26.267	-0.239
18.680	24.156	-0.244
18.700	21.648	-0.258
18.720	18.887	-0.262
18.740	15.837	-0.270
18.760	12.539	-0.264
18.780	9.091	-0.258
18.800	5.513	-0.250
18.820	1.840	-0.237
18.840	-1.840	-0.226
18.860	-5.508	-0.198
18.880	-9.123	-0.179
18.900	-12.560	-0.152
18.920	-15.837	-0.131
18.940	-18.877	-0.099
18.960	-21.697	-0.067
18.980	-24.146	-0.038
19.000	-26.262	-0.005
19.020	-28.008	0.023
19.040	-29.340	0.057
19.060	-30.296	0.087
19.080	-30.741	0.111
19.100	-30.822	0.142
19.120	-30.435	0.166
19.140	-29.635	0.191
19.160	-28.362	0.213
19.180	-26.713	0.231
19.200	-24.688	0.244
19.220	-22.287	0.253
19.240	-19.559	0.258
19.260	-16.562	0.264
19.280	-13.339	0.261
19.300	-9.912	0.256
19.320	-6.335	0.248
19.340	-2.677	0.238
19.360	1.023	0.223
19.380	4.708	0.206
19.400	8.301	0.181
19.420	11.728	0.161
19.440	15.138	0.133
19.460	18.243	0.108
19.480	21.106	0.077
19.500	23.652	0.045
19.520	25.848	0.009
19.540	27.664	-0.025
19.560	29.098	-0.050
19.580	30.092	-0.088
19.600	30.709	-0.115
19.620	30.860	-0.145
19.640	30.575	-0.172
19.660	29.834	-0.192
19.680	28.706	-0.222
19.700	27.154	-0.234
19.720	25.220	-0.253
19.740	22.905	-0.262
19.760	20.257	-0.271
19.780	17.341	-0.276
19.800	14.150	-0.275
19.820	10.782	-0.273
19.840	7.259	-0.268
19.860	3.628	-0.254
19.880	-0.046	-0.238
19.900	-3.730	-0.221
19.920	-7.366	-0.201
19.940	-10.917	-0.181
19.960	-14.268	-0.150
19.980	-17.421	-0.125
20.000	-20.359	-0.094
20.020	-22.975	-0.064
20.040	-25.263	-0.031
20.060	-27.229	-0.003
20.080	-28.760	0.028
20.100	-29.861	0.061
20.120	-30.553	0.092
20.140	-30.806	0.118
20.160	-30.661	0.150
20.180	-30.059	0.170
20.200	-29.001	0.195
20.220	-27.551	0.210
20.240	-25.693	0.226
20.260	-23.469	0.244
20.280	-20.918	0.252
20.300	-18.093	0.257
20.320	-14.924	0.256
20.340	-11.583	0.255
20.360	-8.070	0.248
20.380	-4.461	0.235
20.400	-0.760	0.223
20.420	2.930	0.208
20.440	6.582	0.187
20.460	10.036	0.165
20.480	13.559	0.138
20.500	16.777	0.115
20.520	19.747	0.086
20.540	22.475	0.052
20.560	24.817	0.019
20.580	26.826	-0.012
20.600	28.453	-0.044
20.620	29.683	-0.075
20.640	30.478	-0.107
20.660	30.844	-0.134
20.680	30.763	-0.165
20.700	30.263	-0.183
20.720	29.307	-0.214
20.740	27.943	-0.229
20.760	26.251	-0.250
20.780	24.076	-0.256
20.800	21.578	-0.272
20.820	18.780	-0.277
20.840	15.729	-0.279
20.860	12.431	-0.276
20.880	8.972	-0.266
20.900	5.390	-0.260
20.920	1.738	-0.248
20.940	-1.963	-0.229
20.960	-5.621	-0.210
20.980	-9.123	-0.187
21.000	-12.684	-0.162
21.020	-15.944	-0.136
21.040	-18.979	-0.105
21.060	-21.761	-0.074
21.080	-24.216	-0.043
21.100	-26.321	-0.016
21.120	-28.072	0.020
21.140	-29.404	0.048
21.160	-30.296	0.082
21.180	-30.736	0.110
21.200	-30.784	0.142
21.220	-30.430	0.165
21.240	-29.576	0.192
21.260	-28.324	0.208
21.280	-26.659	0.228
21.300	-24.597	0.240
21.320	-22.277	0.256
21.340	-19.468	0.258
21.360	-16.465	0.263
21.380	-13.242	0.261
21.400	-9.789	0.259
21.420	-6.201	0.253
21.440	-2.559	0.242
21.460	1.141	0.223
21.480	4.826	0.207
21.500	8.419	0.184
21.520	11.927	0.163
21.540	15.246	0.132
21.560	18.345	0.106
21.580	21.181	0.078
21.600	23.727	0.042
21.620	25.902	0.014
21.640	27.718	-0.020
21.660	29.109	-0.050
21.680	30.145	-0.086
21.700	30.720	-0.113
21.720	30.860	-0.140
21.740	30.564	-0.168
21.760	29.818	-0.190
21.780	28.663	-0.212
21.800	27.089	-0.229
21.820	25.156	-0.246
21.840	22.808	-0.256
21.860	20.236	-0.266
21.880	17.233	-0.266
21.900	14.043	-0.273
21.920	10.659	-0.260
21.940	7.216	-0.254
21.960	3.499	-0.242
21.980	-0.185	-0.234
22.000	-3.854	-0.211
22.020	-7.517	-0.188
22.040	-11.030	-0.165
22.060	-14.370	-0.137
22.080	-17.545	-0.111
22.100	-20.472	-0.077
22.120	-23.088	-0.052
22.140	-25.344	-0.014
22.160	-27.272	0.010
22.180	-28.829	0.045
22.200	-29.909	0.072
22.220	-30.602	0.107
22.240	-30.817	0.134
22.260	-30.682	0.162
22.280	-30.049	0.185
22.300	-28.980	0.210
22.320	-27.513	0.227
22.340	-25.612	0.244
22.360	-23.394	0.255
22.380	-20.848	0.264
22.400	-17.937	0.268
22.420	-14.822	0.268
22.440	-11.475	0.266
22.460	-7.957	0.259
22.480	-4.332	0.247
22.500	-0.636	0.235
22.520	3.043	0.219
22.540	6.700	0.197
22.560	10.240	0.178
22.580	13.677	0.152
22.600	16.863	0.121
22.620	19.833	0.092
22.640	22.545	0.065
22.660	24.849	0.031
22.680	26.896	-0.005
22.700	28.496	-0.031
22.720	29.683	-0.067
22.740	30.500	-0.092
22.760	30.849	-0.126
22.780	30.763	-0.156
22.800	30.226	-0.178
22.820	29.275	-0.197
22.840	27.906	-0.225
22.860	26.133	-0.236
22.880	24.001	-0.253
22.900	21.487	-0.262
22.920	18.678	-0.266
22.940	15.616	-0.271
22.960	12.394	-0.267
22.980	8.865	-0.261
23.000	5.277	-0.251
23.020	1.609	-0.243
23.040	-2.081	-0.222
23.060	-5.766	-0.202
23.080	-9.327	-0.181
23.100	-12.791	-0.159
23.120	-16.035	-0.132
23.140	-19.006	-0.102
23.160	-21.852	-0.072
23.180	-24.280	-0.040
23.200	-26.385	-0.009
23.220	-28.088	0.023
23.240	-29.447	0.053
23.260	-30.323	0.086
23.280	-30.736	0.107
23.300	-30.779	0.145
23.320	-30.382	0.161
23.340	-29.544	0.190
23.360	-28.271	0.209
23.380	-26.616	0.228
23.400	-24.532	0.239
23.420	-22.105	0.251
23.440	-19.360	0.255
23.460	-16.342	0.264
23.480	-13.114	0.257
23.500	-9.676	0.255
23.520	-6.072	0.244
23.540	-2.414	0.235
23.560	1.281	0.217
23.580	4.971	0.198
23.600	8.553	0.175
23.620	12.045	0.152
23.640	15.369	0.129
23.660	18.436	0.098
23.680	21.294	0.065
23.700	23.802	0.036
23.720	25.977	0.006
23.740	27.777	-0.028
23.760	29.184	-0.059
23.780	30.167	-0.095
23.800	30.725	-0.117
23.820	30.854	-0.152
23.840	30.559	-0.175
23.860	29.785	-0.201
23.880	28.615	-0.220
23.900	27.030	-0.244
23.920	25.086	-0.250
23.940	22.739	-0.273
23.960	20.074	-0.271
23.980	17.131	-0.285
24.000	13.930	-0.276
24.020	10.546	-0.279
24.040	7.017	-0.264
24.060	3.392	-0.260
24.080	-0.293	-0.240
24.100	-3.983	-0.226
24.120	-7.603	-0.200
24.140	-11.137	-0.178
24.160	-14.478	-0.149
24.180	-17.641	-0.123
24.200	-20.558	-0.093
24.220	-23.147	-0.064
24.240	-25.349	-0.028
24.260	-27.331	-0.002
24.280	-28.851	0.032
24.300	-29.925	0.061
24.320	-30.586	0.090
24.340	-30.822	0.119
24.360	-30.613	0.151
24.380	-30.006	0.172
24.400	-28.926	0.196
24.420	-27.444	0.211
24.440	-25.553	0.231
24.460	-23.308	0.243
24.480	-20.714	0.256
24.500	-17.819	0.256
24.520	-14.693	0.259
24.540	-11.341	0.255
24.560	-7.828	0.252
24.580	-4.198	0.236
24.600	-0.513	0.227
24.620	3.177	0.210
24.640	6.813	0.190
24.660	10.267	0.163
24.680	13.780	0.145
24.700	16.986	0.111
24.720	19.940	0.086
24.740	22.572	0.052
24.760	24.973	0.022
24.780	26.960	-0.011
24.800	28.550	-0.040
24.820	29.753	-0.076
24.840	30.521	-0.101
24.860	30.849	-0.138
24.880	30.741	-0.158
24.900	30.210	-0.191
24.920	29.232	-0.657
24.940	27.863	-0.233
24.960	26.069	-0.241
24.980	23.909	-0.260
25.000	21.385	-0.265
25.020	18.581	-0.271
25.040	15.504	-0.275
25.060	12.200	-0.267
25.080	8.822	-0.266
25.100	5.148	-0.254
25.120	1.480	-0.246
25.140	-2.221	-0.221
25.160	-5.879	-0.206
25.180	-9.467	-0.183
25.200	-12.802	-0.159
25.220	-16.154	-0.132
25.240	-19.177	-0.100
25.260	-21.949	-0.069
25.280	-24.371	-0.037
25.300	-26.461	-0.009
25.320	-28.169	0.025
25.340	-29.463	0.053
25.360	-30.355	0.090
25.380	-30.747	0.110
25.400	-30.784	0.146
25.420	-30.376	0.165
25.440	-29.522	0.198
25.460	-28.222	0.215
25.480	-26.531	0.236
25.500	-24.457	0.244
25.520	-22.035	0.260
25.540	-19.274	0.264
25.560	-16.261	0.269
25.580	-13.103	0.268
25.600	-9.558	0.264
25.620	-5.975	0.256
25.640	-2.307	0.248
25.660	1.394	0.228
25.680	5.078	0.215
25.700	8.666	0.186
25.720	12.163	0.169
25.740	15.461	0.137
25.760	18.544	0.112
25.780	21.369	0.083
25.800	23.893	0.049
25.820	26.042	0.020
25.840	27.836	-0.018
25.860	29.221	-0.046
25.880	30.199	-0.079
25.900	30.741	-0.103
25.920	30.849	-0.138
25.940	30.521	-0.155
25.960	29.742	-0.188
25.980	28.561	-0.200
26.000	26.960	-0.234
26.020	25.005	-0.234
26.040	22.701	-0.259
26.060	19.967	-0.250
26.080	17.029	-0.274
26.100	13.823	-0.255
26.120	10.412	-0.267
26.140	6.969	-0.245
26.160	3.258	-0.242
26.180	-0.427	-0.226
26.200	-4.112	-0.210
26.220	-7.651	-0.187
26.240	-11.255	-0.161
26.260	-14.601	-0.138
26.280	-17.754	-0.107
26.300	-20.574	-0.081
26.320	-23.222	-0.047
26.340	-25.489	-0.019
26.360	-27.406	0.011
26.380	-28.845	0.041
26.400	-29.968	0.075
26.420	-30.602	0.102
26.440	-30.854	0.133
26.460	-30.602	0.163
26.480	-29.968	0.184
26.500	-28.910	0.210
26.520	-27.385	0.225
26.540	-25.505	0.244
26.560	-23.249	0.253
26.580	-20.638	0.260
26.600	-17.727	0.263
26.620	-14.601	0.266
26.640	-11.250	0.262
26.660	-7.716	0.259
26.680	-4.074	0.244
26.700	-0.373	0.232
26.720	3.301	0.215
26.740	6.948	0.196
26.760	10.503	0.169
26.780	13.892	0.146
26.800	17.094	0.115
26.820	20.042	0.094
26.840	22.733	0.057
26.860	25.032	0.029
26.880	27.025	-0.010
26.900	28.598	-0.037
26.920	29.769	-0.073
26.940	30.527	-0.098
26.960	30.865	-0.134
26.980	30.736	-0.154
27.000	30.172	-0.184
27.020	29.189	-0.202
27.040	27.787	-0.229
27.060	26.010	-0.236
27.080	23.840	-0.257
27.100	21.310	-0.259
27.120	18.490	-0.274
27.140	15.407	-0.270
27.160	12.077	-0.269
27.180	8.618	-0.267
27.200	5.127	-0.256
27.220	1.362	-0.245
27.240	-2.334	-0.225
27.260	-5.981	-0.208
27.280	-9.558	-0.181
27.300	-13.011	-0.160
27.320	-16.250	-0.135
27.340	-19.269	-0.104
27.360	-21.938	-0.076
27.380	-24.436	-0.039
27.400	-26.504	-0.014
27.420	-28.217	0.022
27.440	-29.490	0.049
27.460	-30.371	0.082
27.480	-30.741	0.105
27.500	-30.779	0.138
27.520	-30.339	0.161
27.540	-29.463	0.187
27.560	-28.158	0.203
27.580	-26.450	0.226
27.600	-24.350	0.232
27.620	-21.933	0.249
27.640	-19.172	0.254
27.660	-16.121	0.254
27.680	-12.866	0.253
27.700	-9.424	0.254
27.720	-5.841	0.242
27.740	-2.167	0.233
27.760	1.533	0.210
27.780	5.202	0.194
27.800	8.795	0.169
27.820	12.265	0.152
27.840	15.573	0.119
27.860	18.646	0.094
27.880	21.466	0.063
27.900	23.958	0.037
27.920	26.063	-0.002
27.940	27.884	-0.032
27.960	29.270	-0.067
27.980	30.220	-0.093
28.000	30.758	-0.125
28.020	30.844	-0.150
28.040	30.516	-0.179
28.060	29.721	-0.200
28.080	28.518	-0.227
28.100	26.901	-0.240
28.120	24.941	-0.255
28.140	22.551	-0.266
28.160	19.881	-0.271
28.180	16.927	-0.276
28.200	13.801	-0.276
28.220	10.321	-0.273
28.240	6.781	-0.265
28.260	3.145	-0.255
28.280	-0.556	-0.236
28.300	-4.219	-0.220
28.320	-7.759	-0.192
28.340	-11.363	-0.176
28.360	-14.703	-0.147
28.380	-17.760	-0.120
28.400	-20.735	-0.089
28.420	-23.302	-0.058
28.440	-25.542	-0.028
28.460	-27.444	0.005
28.480	-28.948	0.036
28.500	-29.990	0.061
28.520	-30.602	0.092
28.540	-30.806	0.123
28.560	-30.591	0.150
28.580	-29.936	0.177
28.600	-28.840	0.199
28.620	-27.325	0.219
28.640	-25.413	0.231
28.660	-23.163	0.251
28.680	-20.536	0.256
28.700	-17.625	0.262
28.720	-14.489	0.260
28.740	-11.126	0.259
28.760	-7.603	0.252
28.780	-3.945	0.241
28.800	-0.271	0.226
28.820	3.419	0.213
28.840	7.055	0.188
28.860	10.600	0.169
28.880	14.000	0.141
28.900	17.190	0.115
28.920	20.123	0.084
28.940	22.808	0.055
28.960	25.113	0.024
28.980	27.089	-0.011
29.000	28.647	-0.038
29.020	29.828	-0.072
29.040	30.553	-0.096
29.060	30.849	-0.133
29.080	30.720	-0.153
29.100	30.151	-0.187
29.120	29.146	-0.199
29.140	27.734	-0.228
29.160	25.940	-0.234
29.180	23.754	-0.255
29.200	21.213	-0.258
29.220	18.383	-0.271
29.240	15.289	-0.271
29.260	11.964	-0.266
29.280	8.505	-0.264
29.300	4.987	-0.254
29.320	1.243	-0.244
29.340	-2.457	-0.223
29.360	-6.136	-0.207
29.380	-9.612	-0.179
29.400	-13.135	-0.159
29.420	-16.352	-0.129
29.440	-19.376	-0.100
29.460	-22.105	-0.070
29.480	-24.506	-0.041
29.500	-26.595	-0.009
29.520	-28.276	0.024
29.540	-29.538	0.052
29.560	-30.392	0.085
29.580	-30.747	0.108
29.600	-30.763	0.145
29.620	-30.328	0.165
29.640	-29.452	0.196
29.660	-28.110	0.215
29.680	-26.428	0.243
29.700	-24.285	0.254
29.720	-21.836	0.267
29.740	-19.075	0.273
29.760	-16.035	0.278
29.780	-12.775	0.272
29.800	-9.295	0.273
29.820	-5.718	0.259
29.840	-2.065	0.252
29.860	1.566	0.231
29.880	5.320	0.214
29.900	8.897	0.189
29.920	12.367	0.167
29.940	15.681	0.141
29.960	18.737	0.113
29.980	21.562	0.080
30.000	24.049	0.045
30.020	26.176	0.016
30.040	27.938	-0.014
30.060	29.302	-0.044
30.080	30.247	-0.072
30.100	30.763	-0.105
30.120	30.844	-0.137
30.140	30.484	-0.165
30.160	29.678	-0.183
30.180	28.480	-0.216
30.200	26.831	-0.225
30.220	24.849	-0.252
30.240	22.486	-0.258
30.260	19.779	-0.269
30.280	16.820	-0.270
30.300	13.602	-0.267
30.320	10.278	-0.268
30.340	6.652	-0.253
30.360	3.016	-0.248
30.380	-0.685	-0.231
30.400	-4.359	-0.215
30.420	-7.995	-0.193
30.440	-11.465	-0.171
30.460	-14.811	-0.145
30.480	-17.969	-0.116
30.500	-20.821	-0.084
30.520	-23.394	-0.057
30.540	-25.639	-0.024
30.560	-27.476	0.007
30.580	-28.990	0.036
30.600	-30.032	0.065
30.620	-30.607	0.094
30.640	-30.838	0.125
30.660	-30.586	0.152
30.680	-29.920	0.178
30.700	-28.824	0.198
30.720	-27.282	0.225
30.740	-25.338	0.244
30.760	-23.072	0.256
30.780	-20.445	0.260
30.800	-17.518	0.267
30.820	-14.370	0.267
30.840	-11.013	0.266
30.860	-7.458	0.257
30.880	-3.827	0.246
30.900	-0.115	0.231
30.920	3.548	0.217
30.940	7.189	0.189
30.960	10.718	0.169
30.980	14.118	0.144
31.000	17.287	0.120
31.020	20.241	0.088
31.040	22.846	0.059
31.060	25.188	0.021
31.080	27.148	-0.005
31.100	28.684	-0.041
31.120	29.850	-0.072
31.140	30.570	-0.105
31.160	30.860	-0.138
31.180	30.720	-0.165
31.200	30.145	-0.191
31.220	29.114	-0.208
31.240	27.675	-0.239
31.260	25.875	-0.246
31.280	23.668	-0.275
31.300	21.116	-0.266
31.320	18.286	-0.290
31.340	15.181	-0.274
31.360	11.851	-0.287
31.380	8.478	-0.264
31.400	4.778	-0.270
31.420	1.109	-0.246
31.440	-2.586	-0.237
31.460	-6.239	-0.208
31.480	-9.826	-0.194
31.500	-13.232	-0.165
31.520	-16.460	-0.137
31.540	-19.484	-0.110
31.560	-22.196	-0.072
31.580	-24.602	-0.048
31.600	-26.627	-0.016
31.620	-28.308	0.014
31.640	-29.576	0.050
31.660	-30.392	0.074
31.680	-30.784	0.104
31.700	-30.752	0.133
31.720	-30.306	0.158
31.740	-29.388	0.183
31.760	-28.077	0.206
31.780	-26.337	0.232
31.800	-24.216	0.240
31.820	-21.766	0.256
31.840	-18.973	0.258
31.860	-15.923	0.265
31.880	-12.678	0.258
31.900	-9.198	0.260
31.920	-5.691	0.248
31.940	-1.931	0.237
31.960	1.781	0.218
31.980	5.438	0.202
32.000	9.015	0.179
32.020	12.496	0.157
32.040	15.788	0.130
32.060	18.828	0.098
32.080	21.648	0.072
32.100	24.119	0.032
32.120	26.251	0.014
32.140	27.986	-0.033
32.160	29.350	-0.045
32.180	30.280	-0.096
32.200	30.779	-0.113
32.220	30.833	-0.150
32.240	30.462	-0.175
32.260	29.673	-0.197
32.280	28.427	-0.230
32.300	26.767	-0.229
32.320	24.780	-0.266
32.340	22.373	-0.254
32.360	19.677	-0.287
32.380	16.712	-0.263
32.400	13.468	-0.287
32.420	10.068	-0.265
32.440	6.518	-0.269
32.460	2.865	-0.251
32.480	-0.824	-0.240
32.500	-4.514	-0.221
32.520	-8.135	-0.194
32.540	-11.631	-0.172
32.560	-14.956	-0.146
32.580	-18.082	-0.121
32.600	-20.950	-0.088
32.620	-23.517	-0.058
32.640	-25.752	-0.026
32.660	-27.599	0.000
32.680	-29.050	0.040
32.700	-30.092	0.061
32.720	-30.682	0.098
32.740	-30.827	0.122
32.760	-30.629	0.154
32.780	-29.936	0.173
32.800	-28.813	0.203
32.820	-27.261	0.220
32.840	-25.317	0.248
32.860	-23.023	0.252
32.880	-20.386	0.269
32.900	-17.448	0.267
32.920	-14.295	0.268
32.940	-10.917	0.264
32.960	-7.383	0.264
32.980	-3.730	0.246
33.000	-0.024	0.237
33.020	3.660	0.214
33.040	7.275	0.197
33.060	10.831	0.181
33.080	14.220	0.148
33.100	17.384	0.123
33.120	20.316	0.090
33.140	22.975	0.066
33.160	25.263	0.027
33.180	27.197	0.007
33.200	28.733	-0.038
33.220	29.882	-0.056
33.240	30.591	-0.104
33.260	30.860	-0.114
33.280	30.698	-0.165
33.300	30.097	-0.171
33.320	29.060	-0.208
33.340	27.610	-0.222
33.360	25.789	-0.240
33.380	23.587	-0.256
33.400	21.031	-0.255
33.420	18.178	-0.277
33.440	15.063	-0.255
33.460	11.728	-0.282
33.480	8.339	-0.240
33.500	4.649	-0.268
33.520	0.964	-0.221
33.540	-2.704	-0.234
33.560	-6.389	-0.185
33.580	-9.859	-0.187
33.600	-13.371	-0.144
33.620	-16.589	-0.132
33.640	-19.586	-0.089
33.660	-22.282	-0.071
33.680	-24.683	-0.035
33.700	-26.740	0.003
33.720	-28.373	0.025
33.740	-29.624	0.067
33.760	-30.462	0.082
33.780	-30.795	0.123
33.800	-30.795	0.139
33.820	-30.296	0.177
33.840	-29.393	0.190
33.860	-28.034	0.222
33.880	-26.262	0.229
33.900	-24.151	0.260
33.920	-21.729	0.259
33.940	-18.887	0.277
33.960	-15.821	0.267
33.980	-12.555	0.277
34.000	-9.069	0.260
34.020	-5.487	0.260
34.040	-1.802	0.245
34.060	1.888	0.230
34.080	5.556	0.207
34.100	9.150	0.190
34.120	12.625	0.165
34.140	15.896	0.139
34.160	18.936	0.115
34.180	21.745	0.078
34.200	24.205	0.045
34.220	26.305	0.013
34.240	28.029	-0.018
34.260	29.377	-0.051
34.280	30.301	-0.079
34.300	30.774	-0.114
34.320	30.833	-0.142
34.340	30.468	-0.168
34.360	29.608	-0.193
34.380	28.384	-0.219
34.400	26.719	-0.235
34.420	24.720	-0.251
34.440	22.293	-0.259
34.460	19.591	-0.274
34.480	16.605	-0.272
34.500	13.457	-0.277
34.520	9.950	-0.270
34.540	6.410	-0.260
34.560	2.753	-0.253
34.580	-0.927	-0.229
34.600	-4.595	-0.224
34.620	-8.231	-0.191
34.640	-11.636	-0.176
34.660	-15.047	-0.139
34.680	-18.066	-0.119
34.700	-21.025	-0.089
34.720	-23.469	-0.060
34.740	-25.768	-0.027
34.760	-27.605	0.007
34.780	-29.076	0.032
34.800	-30.081	0.067
34.820	-30.639	0.091
34.840	-30.827	0.124
34.860	-30.548	0.152
34.880	-29.861	0.174
34.900	-28.711	0.194
34.920	-27.132	0.224
34.940	-25.204	0.237
34.960	-22.900	0.250
34.980	-20.257	0.256
35.000	-17.314	0.258
35.020	-14.156	0.263
35.040	-10.766	0.253
35.060	-7.221	0.253
35.080	-3.564	0.237
35.100	0.115	0.230
35.120	3.805	0.204
35.140	7.426	0.188
35.160	10.960	0.162
35.180	14.338	0.144
35.200	17.491	0.107
35.220	20.418	0.086
35.240	23.061	0.045
35.260	25.338	0.020
35.280	27.250	-0.010
35.300	28.743	-0.045
35.320	29.909	-0.073
35.340	30.607	-0.110
35.360	30.860	-0.132
35.380	30.693	-0.171
35.400	30.059	-0.181
35.420	29.023	-0.222
35.440	27.556	-0.224
35.460	25.730	-0.660
35.480	23.566	-0.256
35.500	20.934	-0.280
35.520	18.082	-0.269
35.540	14.972	-0.288
35.560	11.626	-0.272
35.580	8.140	-0.271
35.600	4.627	-0.262
35.620	0.867	-0.248
35.640	-2.737	-0.234
35.660	-6.486	-0.206
35.680	-10.047	-0.188
35.700	-13.457	-0.158
35.720	-16.669	-0.138
35.740	-19.666	-0.099
35.760	-22.352	-0.080
35.780	-24.731	-0.042
35.800	-26.767	-0.017
35.820	-28.410	0.023
35.840	-29.646	0.046
35.860	-30.446	0.082
35.880	-30.763	0.107
35.900	-30.736	0.140
35.920	-30.247	0.162
35.940	-29.323	0.183
35.960	-27.954	0.210
35.980	-26.235	0.225
36.000	-24.065	0.250
36.020	-21.573	0.256
36.040	-18.769	0.267
36.060	-15.719	0.262
36.080	-12.431	0.267
36.100	-9.037	0.255
36.120	-5.358	0.252
36.140	-1.684	0.234
36.160	2.011	0.224
36.180	5.685	0.200
36.200	9.171	0.186
36.220	12.721	0.156
36.240	15.917	0.134
36.260	19.027	0.097
36.280	21.831	0.075
36.300	24.280	0.035
36.320	26.326	0.008
36.340	28.094	-0.024
36.360	29.431	-0.051
36.380	30.317	-0.087
36.400	30.790	-0.112
36.420	30.817	-0.144
36.440	30.435	-0.173
36.460	29.603	-0.194
36.480	28.324	-0.217
36.500	26.654	-0.237
36.520	24.635	-0.254
36.540	22.223	-0.266
36.560	19.500	-0.271
36.580	16.573	-0.277
36.600	13.242	-0.275
36.620	9.832	-0.269
36.640	6.276	-0.263
36.660	2.704	-0.250
36.680	-1.072	-0.236
36.700	-4.756	-0.215
36.720	-8.365	-0.192
36.740	-11.841	-0.175
36.760	-15.171	-0.141
36.780	-18.216	-0.119
36.800	-21.143	-0.079
36.820	-23.678	-0.055
36.840	-25.865	-0.022
36.860	-27.707	0.006
36.880	-29.114	0.042
36.900	-30.145	0.071
36.920	-30.704	0.097
36.940	-30.822	0.128
36.960	-30.586	0.154
36.980	-29.861	0.185
37.000	-28.754	0.198
37.020	-27.121	0.232
37.040	-25.204	0.242
37.060	-22.846	0.260
37.080	-20.262	0.267
37.100	-17.260	0.271
37.120	-14.156	0.267
37.140	-10.686	0.270
37.160	-7.135	0.260
37.180	-3.472	0.254
37.200	0.223	0.236
37.220	3.913	0.223
37.240	7.533	0.200
37.260	11.056	0.174
37.280	14.435	0.152
37.300	17.593	0.124
37.320	20.499	0.102
37.340	23.082	0.061
37.360	25.397	0.036
37.380	27.299	-0.004
37.400	28.824	-0.029
37.420	29.941	-0.063
37.440	30.618	-0.087
37.460	30.865	-0.124
37.480	30.672	-0.152
37.500	30.032	-0.178
37.520	28.985	-0.648
37.540	27.551	-0.223
37.560	25.671	-0.239
37.580	23.426	-0.246
37.600	20.837	-0.262
37.620	17.974	-0.259
37.640	14.929	-0.270
37.660	11.502	-0.258
37.680	8.006	-0.257
37.700	4.402	-0.241
37.720	0.830	-0.235
37.740	-2.973	-0.219
37.760	-6.609	-0.195
37.780	-10.170	-0.171
37.800	-13.554	-0.148
37.820	-16.803	-0.120
37.840	-19.784	-0.090
37.860	-22.470	-0.068
37.880	-24.823	-0.026
37.900	-26.842	-0.002
37.920	-28.469	0.036
37.940	-29.689	0.058
37.960	-30.500	0.097
37.980	-30.822	0.115
38.000	-30.758	0.152
38.020	-30.242	0.169
38.040	-29.264	0.197
38.060	-27.916	0.212
38.080	-26.138	0.235
38.100	-23.995	0.251
38.120	-21.503	0.264
38.140	-18.656	0.262
38.160	-15.606	0.269
38.180	-12.319	0.266
38.200	-8.838	0.264
38.220	-5.213	0.253
38.240	-1.555	0.239
38.260	2.146	0.226
38.280	5.820	0.205
38.300	9.381	0.185
38.320	12.850	0.156
38.340	16.105	0.132
38.360	19.140	0.102
38.380	21.906	0.074
38.400	24.355	0.038
38.420	26.428	0.013
38.440	28.110	-0.026
38.460	29.458	-0.055
38.480	30.344	-0.087
38.500	30.801	-0.114
38.520	30.811	-0.148
38.540	30.408	-0.172
38.560	29.538	-0.197
38.580	28.265	-0.221
38.600	26.595	-0.233
38.620	24.570	-0.252
38.640	22.132	-0.266
38.660	19.398	-0.272
38.680	16.401	-0.275
38.700	13.232	-0.273
38.720	9.724	-0.272
38.740	6.163	-0.266
38.760	2.522	-0.253
38.780	-1.082	-0.241
38.800	-4.853	-0.219
38.820	-8.376	-0.200
38.840	-11.943	-0.175
38.860	-15.257	-0.153
38.880	-18.350	-0.123
38.900	-21.192	-0.089
38.920	-23.711	-0.061
38.940	-25.907	-0.031
38.960	-27.712	-0.001
38.980	-29.146	0.033
39.000	-30.135	0.065
39.020	-30.688	0.093
39.040	-30.817	0.118
39.060	-30.516	0.148
39.080	-29.780	0.169
39.100	-28.625	0.194
39.120	-27.025	0.212
39.140	-25.048	0.239
39.160	-22.728	0.247
39.180	-20.042	0.258
39.200	-17.110	0.256
39.220	-13.925	0.260
39.240	-10.525	0.253
39.260	-6.974	0.253
39.280	-3.322	0.238
39.300	0.379	0.225
39.320	4.063	0.206
39.340	7.662	0.186
39.360	11.185	0.161
39.380	14.564	0.136
39.400	17.700	0.111
39.420	20.612	0.082
39.440	23.174	0.048
39.460	25.478	0.019
39.480	27.368	-0.018
39.500	28.867	-0.045
39.520	29.968	-0.076
39.540	30.623	-0.104
39.560	30.865	-0.141
39.580	30.666	-0.160
39.600	30.016	-0.200
39.620	28.931	-0.206
39.640	27.444	-0.242
39.660	25.596	-0.240
39.680	23.356	-0.276
39.700	20.762	-0.258
39.720	17.883	-0.291
39.740	14.746	-0.267
39.760	11.389	-0.289
39.780	7.893	-0.258
39.800	4.283	-0.271
39.820	0.610	-0.237
39.840	-2.984	-0.238
39.860	-6.722	-0.203
39.880	-10.294	-0.192
39.900	-13.677	-0.154
39.920	-16.820	-0.134
39.940	-19.860	-0.105
39.960	-22.524	-0.072
39.980	-24.882	-0.042
40.000	-26.912	-0.010
40.020	-28.523	0.018
40.040	-29.721	0.054
40.060	-30.489	0.081
40.080	-30.811	0.109
40.100	-30.731	0.140
40.120	-30.215	0.161
40.140	-29.259	0.189
40.160	-27.873	0.208
40.180	-26.074	0.230
40.200	-23.926	0.244
40.220	-21.417	0.261
40.240	-18.581	0.263
40.260	-15.504	0.271
40.280	-12.222	0.263
40.300	-8.827	0.264
40.320	-5.116	0.252
40.340	-1.523	0.244
40.360	2.269	0.216
40.380	5.922	0.210
40.400	9.477	0.182
40.420	12.866	0.161
40.440	16.197	0.127
40.460	19.231	0.108
40.480	21.997	0.071
40.500	24.430	0.043
40.520	26.498	0.009
40.540	28.196	-0.020
40.560	29.490	-0.051
40.580	30.360	-0.569
40.600	30.806	-0.105
40.620	30.811	-0.147
40.640	30.382	-0.161
40.660	29.506	-0.200
40.680	28.228	-0.203
40.700	26.536	-0.240
40.720	24.479	-0.234
40.740	22.035	-0.262
40.760	19.301	-0.254
40.780	16.288	-0.275
40.800	13.022	-0.259
40.820	9.590	-0.266
40.840	6.115	-0.248
40.860	2.371	-0.242
40.880	-1.313	-0.223
40.900	-4.992	-0.200
40.920	-8.521	-0.183
40.940	-12.088	-0.158
40.960	-15.375	-0.136
40.980	-18.399	-0.098
41.000	-21.315	-0.080
41.020	-23.748	-0.036
41.040	-25.993	-0.017
41.060	-27.777	0.022
41.080	-29.211	0.047
41.100	-30.161	0.082
41.120	-30.709	0.106
41.140	-30.817	0.140
41.160	-30.548	0.168
41.180	-29.791	0.190
41.200	-28.620	0.210
41.220	-27.009	0.228
41.240	-25.027	0.248
41.260	-22.674	0.256
41.280	-20.005	0.277
41.300	-17.029	0.271
41.320	-13.817	0.281
41.340	-10.417	0.264
41.360	-6.867	0.266
41.380	-3.209	0.247
41.400	0.475	0.241
41.420	4.155	0.217
41.440	7.694	0.201
41.460	11.298	0.172
41.480	14.671	0.153
41.500	17.802	0.121
41.520	20.628	0.098
41.540	23.313	0.057
41.560	25.553	0.034
41.580	27.422	-0.004
41.600	28.921	-0.030
41.620	30.006	-0.067
41.640	30.645	-0.096
41.660	30.865	-0.124
41.680	30.639	-0.159
41.700	29.968	-0.175
41.720	28.894	-0.202
41.740	27.422	-0.222
41.760	25.515	-0.238
41.780	23.260	-0.250
41.800	20.660	-0.261
41.820	17.781	-0.264
41.840	14.634	-0.265
41.860	11.287	-0.262
41.880	7.769	-0.254
41.900	4.171	-0.250
41.920	0.475	-0.230
41.940	-3.209	-0.219
41.960	-6.862	-0.188
41.980	-10.406	-0.180
42.000	-13.801	-0.145
42.020	-17.008	-0.125
42.040	-19.886	-0.086
42.060	-22.626	-0.068
42.080	-24.968	-0.026
42.100	-26.960	-0.002
42.120	-28.566	0.032
42.140	-29.716	0.061
42.160	-30.505	0.087
42.180	-30.822	0.122
42.200	-30.709	0.144
42.220	-30.199	0.171
42.240	-29.216	0.194
42.260	-27.803	0.216
42.280	-25.988	0.229
42.300	-23.834	0.250
42.320	-21.315	0.256
42.340	-18.485	0.267
42.360	-15.385	0.263
42.380	-12.077	0.264
42.400	-8.596	0.255
42.420	-4.971	0.251
42.440	-1.297	0.234
42.460	2.404	0.220
42.480	6.072	0.198
42.500	9.536	0.179
42.520	13.076	0.152
42.540	16.320	0.125
42.560	19.339	0.100
42.580	22.099	0.065
42.600	24.506	0.036
42.620	26.563	0.002
42.640	28.239	-0.026
42.660	29.533	-0.063
42.680	30.387	-0.092
42.700	30.806	-0.124
42.720	30.795	-0.150
42.740	30.360	-0.179
42.760	29.463	-0.200
42.780	28.169	-0.226
42.800	26.477	-0.240
42.820	24.404	-0.254
42.840	21.960	-0.266
42.860	19.204	-0.272
42.880	16.266	-0.281
42.900	12.915	-0.270
42.920	9.574	-0.278
42.940	5.916	-0.262
42.960	2.269	-0.255
42.980	-1.426	-0.233
43.000	-5.089	-0.217
43.020	-8.704	-0.192
43.040	-12.174	-0.171
43.060	-15.466	-0.145
43.080	-18.560	-0.116
43.100	-21.369	-0.086
43.120	-23.861	-0.055
43.140	-26.026	-0.028
43.160	-27.820	0.007
43.180	-29.232	0.036
43.200	-30.188	0.071
43.220	-30.698	0.093
43.240	-30.801	0.127
43.260	-30.489	0.148
43.280	-29.732	0.177
43.300	-28.534	0.194
43.320	-26.906	0.219
43.340	-24.946	0.230
43.360	-22.567	0.249
43.380	-19.881	0.259
43.400	-16.895	0.261
43.420	-13.704	0.261
43.440	-10.294	0.260
43.460	-6.743	0.251
43.480	-3.080	0.241
43.500	0.626	0.226
43.520	4.294	0.208
43.540	7.920	0.186
43.560	11.432	0.165
43.580	14.773	0.141
43.600	17.905	0.107
43.620	20.789	0.083
43.640	23.399	0.046
43.660	25.612	0.024
43.680	27.438	-0.018
43.700	28.958	-0.041
43.720	30.032	-0.076
43.740	30.661	-0.100
43.760	30.860	-0.138
43.780	30.629	-0.163
43.800	29.957	-0.192
43.820	28.862	-0.211
43.840	27.347	-0.231
43.860	25.462	-0.246
43.880	23.179	-0.259
43.900	20.644	-0.268
43.920	17.668	-0.271
43.940	14.510	-0.273
43.960	11.153	-0.270
43.980	7.737	-0.265
44.000	4.031	-0.254
44.020	0.363	-0.237
44.040	-3.338	-0.221
44.060	-6.990	-0.200
44.080	-10.546	-0.175
44.100	-13.908	-0.152
44.120	-17.110	-0.122
44.140	-20.080	-0.092
44.160	-22.728	-0.063
44.180	-25.010	-0.031
44.200	-27.035	-0.005
44.220	-28.598	0.028
44.240	-29.807	0.053
44.260	-30.559	0.090
44.280	-30.833	0.117
44.300	-30.725	0.149
44.320	-30.194	0.173
44.340	-29.205	0.194
44.360	-27.782	0.215
44.380	-25.950	0.232
44.400	-23.770	0.248
44.420	-21.240	0.264
44.440	-18.404	0.269
44.460	-15.316	0.270
44.480	-12.002	0.269
44.500	-8.500	0.261
44.520	-4.869	0.256
44.540	-1.195	0.244
44.560	2.414	0.228
44.580	6.169	0.208
44.600	9.730	0.187
44.620	13.167	0.160
44.640	16.427	0.133
44.660	19.425	0.107
44.680	22.110	0.077
44.700	24.570	0.040
44.720	26.622	0.012
44.740	28.298	-0.023
44.760	29.565	-0.051
44.780	30.387	-0.077
44.800	30.827	-0.108
44.820	30.795	-0.139
44.840	30.328	-0.168
44.860	29.431	-0.190
44.880	28.110	-0.215
44.900	26.407	-0.228
44.920	24.328	-0.242
44.940	21.863	-0.249
44.960	19.097	-0.261
44.980	16.089	-0.263
45.000	12.797	-0.266
45.020	9.354	-0.258
45.040	5.787	-0.248
45.060	2.135	-0.236
45.080	-1.464	-0.226
45.100	-5.234	-0.199
45.120	-8.844	-0.177
45.140	-12.302	-0.157
45.160	-15.579	-0.129
45.180	-18.689	-0.100
45.200	-21.482	-0.072
45.220	-23.969	-0.042
45.240	-26.138	-0.014
45.260	-27.927	0.020
45.280	-29.264	0.050
45.300	-30.242	0.084
45.320	-30.715	0.108
45.340	-30.860	0.140
45.360	-30.473	0.166
45.380	-29.710	0.189
45.400	-28.502	0.212
45.420	-26.853	0.230
45.440	-24.833	0.244
45.460	-22.497	0.260
45.480	-19.801	0.268
45.500	-16.814	0.273
45.520	-13.608	0.271
45.540	-10.176	0.267
45.560	-6.631	0.259
45.580	-2.957	0.248
45.600	0.739	0.231
45.620	4.321	0.216
45.640	8.022	0.194
45.660	11.545	0.175
45.680	14.881	0.145
45.700	18.001	0.118
45.720	20.891	0.091
45.740	23.474	0.055
45.760	25.682	0.023
45.780	27.540	-0.010
45.800	29.001	-0.038
45.820	30.054	-0.074
45.840	30.677	-0.096
45.860	30.865	-0.131
45.880	30.607	-0.159
45.900	29.914	-0.184
45.920	28.808	-0.207
45.940	27.293	-0.225
45.960	25.386	-0.243
45.980	23.115	-0.255
46.000	20.483	-0.264
46.020	17.577	-0.265
46.040	14.494	-0.266
46.060	11.046	-0.267
46.080	7.533	-0.258
46.100	3.907	-0.248
46.120	0.244	-0.236
46.140	-3.462	-0.220
46.160	-7.093	-0.195
46.180	-10.562	-0.175
46.200	-14.016	-0.150
46.220	-17.201	-0.124
46.240	-20.155	-0.092
46.260	-22.776	-0.069
46.280	-25.107	-0.033
46.300	-27.073	-0.005
46.320	-28.668	0.028
46.340	-29.812	0.057
46.360	-30.521	0.087
46.380	-30.811	0.118
46.400	-30.682	0.146
46.420	-30.118	0.169
46.440	-29.119	0.192
46.460	-27.685	0.208
46.480	-25.843	0.228
46.500	-23.673	0.245
46.520	-21.122	0.256
46.540	-18.264	0.259
46.560	-15.160	0.264
46.580	-11.862	0.257
46.600	-8.344	0.252
46.620	-4.724	0.242
46.640	-1.045	0.231
46.660	2.651	0.214
46.680	6.303	0.195
46.700	9.869	0.173
46.720	13.302	0.147
46.740	16.524	0.119
46.760	19.527	0.094
46.780	22.287	0.061
46.800	24.602	0.026
46.820	26.686	-0.003
46.840	28.346	-0.032
46.860	29.608	-0.066
46.880	30.430	-0.095
46.900	30.833	-0.119
46.920	30.784	-0.154
46.940	30.312	-0.180
46.960	29.399	-0.208
46.980	28.077	-0.225
47.000	26.348	-0.243
47.020	24.253	-0.257
47.040	21.772	-0.271
47.060	19.011	-0.278
47.080	15.976	-0.279
47.100	12.689	-0.280
47.120	9.257	-0.267
47.140	5.669	-0.265
47.160	2.001	-0.247
47.180	-1.673	-0.237
47.200	-5.336	-0.213
47.220	-8.849	-0.196
47.240	-12.415	-0.171
47.260	-15.595	-0.146
47.280	-18.753	-0.115
47.300	-21.482	-0.085
47.320	-24.028	-0.050
47.340	-26.149	-0.022
47.360	-27.943	0.008
47.380	-29.302	0.041
47.400	-30.231	0.070
47.420	-30.715	0.098
47.440	-30.801	0.129
47.460	-30.441	0.153
47.480	-29.673	0.181
47.500	-28.448	0.198
47.520	-26.794	0.223
47.540	-24.769	0.230
47.560	-22.400	0.244
47.580	-19.682	0.256
47.600	-16.766	0.264
47.620	-13.495	0.263
47.640	-10.159	0.260
47.660	-6.507	0.252
47.680	-2.839	0.246
47.700	0.862	0.228
47.720	4.541	0.212
47.740	8.145	0.186
47.760	11.636	0.168
47.780	14.983	0.135
47.800	18.103	0.111
47.820	20.896	0.082
47.840	23.539	0.048
47.860	25.752	0.017
47.880	27.599	-0.013
47.900	29.044	-0.045
47.920	30.092	-0.072
47.940	30.688	-0.103
47.960	30.860	-0.132
47.980	30.602	-0.163
48.000	29.893	-0.192
48.020	28.760	-0.207
48.040	27.229	-0.232
48.060	25.311	-0.241
48.080	22.996	-0.262
48.100	20.375	-0.263
48.120	17.539	-0.275
48.140	14.290	-0.268
48.160	10.917	-0.269
48.180	7.404	-0.258
48.200	3.773	-0.250
48.220	0.089	-0.233
48.240	-3.505	-0.218
48.260	-7.243	-0.194
48.280	-10.782	-0.175
48.300	-14.172	-0.148
48.320	-17.335	-0.118
48.340	-20.279	-0.091
48.360	-22.905	-0.061
48.380	-25.209	-0.028
48.400	-27.175	0.003
48.420	-28.749	0.034
48.440	-29.887	0.062
48.460	-30.586	0.094
48.480	-30.822	0.122
48.500	-30.709	0.153
48.520	-30.145	0.177
48.540	-29.098	0.206
48.560	-27.669	0.219
48.580	-25.805	0.238
48.600	-23.625	0.253
48.620	-21.073	0.270
48.640	-18.195	0.271
48.660	-15.074	0.276
48.680	-11.771	0.269
48.700	-8.253	0.268
48.720	-4.638	0.256
48.740	-0.937	0.244
48.760	2.753	0.227
48.780	6.335	0.213
48.800	9.966	0.185
48.820	13.393	0.161
48.840	16.632	0.131
48.860	19.613	0.105
48.880	22.357	0.075
48.900	24.720	0.044
48.920	26.756	0.010
48.940	28.389	-0.020
48.960	29.608	-0.052
48.980	30.457	-0.080
49.000	30.838	-0.111
49.020	30.774	-0.139
49.040	30.280	-0.167
49.060	29.356	-0.191
49.080	28.024	-0.218
49.100	26.283	-0.229
49.120	24.173	-0.246
49.140	21.691	-0.252
49.160	18.973	-0.261
49.180	15.874	-0.262
49.200	12.576	-0.262
49.220	9.123	-0.255
49.240	5.546	-0.246
49.260	1.877	-0.235
49.280	-1.807	-0.227
49.300	-5.470	-0.195
49.320	-9.074	-0.182
49.340	-12.517	-0.152
49.360	-15.794	-0.134
49.380	-18.866	-0.096
49.400	-21.654	-0.075
49.420	-24.103	-0.039
49.440	-26.257	-0.011
49.460	-28.013	0.020
49.480	-29.356	0.054
49.500	-30.263	0.080
49.520	-30.736	0.109
49.540	-30.822	0.141
49.560	-30.446	0.161
49.580	-29.624	0.191
49.600	-28.410	0.212
49.620	-26.740	0.230
49.640	-24.704	0.243
49.660	-22.320	0.258
49.680	-19.596	0.265
49.700	-16.594	0.268
49.720	-13.387	0.266
49.740	-9.928	0.261
49.760	-6.367	0.252
49.780	-2.710	0.243
49.800	0.991	0.225
49.820	4.670	0.210
49.840	8.269	0.188
49.860	11.776	0.164
49.880	15.106	0.136
49.900	18.216	0.115
49.920	21.079	0.080
49.940	23.630	0.050
49.960	25.827	0.017
49.980	27.599	-0.016
50.000	29.087	-0.045
50.020	30.086	-0.076
50.040	30.709	-0.105
50.060	30.865	-0.140
50.080	30.586	-0.161
50.100	29.861	-0.192
50.120	28.722	-0.211
50.140	27.159	-0.234
50.160	25.247	-0.245
50.180	22.932	-0.262
50.200	20.295	-0.266
50.220	17.378	-0.275
50.240	14.182	-0.271
50.260	10.799	-0.275
50.280	7.297	-0.261
50.300	3.671	-0.260
50.320	-0.013	-0.237
50.340	-3.698	-0.225
50.360	-7.248	-0.199
50.380	-10.885	-0.182
50.400	-14.231	-0.153
50.420	-17.405	-0.127
50.440	-20.327	-0.095
50.460	-22.948	-0.068
50.480	-25.247	-0.033
50.500	-27.202	-0.005
50.520	-28.706	0.027
50.540	-29.866	0.057
50.560	-30.559	0.086
50.580	-30.806	0.115
50.600	-30.661	0.142
50.620	-30.070	0.166
50.640	-29.023	0.192
50.660	-27.567	0.210
50.680	-25.725	0.227
50.700	-23.550	0.243
50.720	-20.923	0.258
50.740	-18.135	0.260
50.760	-14.956	0.263
50.780	-11.706	0.256
50.800	-8.108	0.255
50.820	-4.482	0.242
50.840	-0.792	0.231
50.860	2.887	0.210
50.880	6.550	0.196
50.900	10.100	0.169
50.920	13.538	0.146
50.940	16.739	0.115
50.960	19.725	0.093
50.980	22.448	0.060
51.000	24.796	0.032
51.020	26.761	-0.005
51.040	28.443	-0.033
51.060	29.673	-0.065
51.080	30.451	-0.096
51.100	30.844	-0.123
51.120	30.768	-0.154
51.140	30.269	-0.182
51.160	29.318	-0.211
51.180	27.970	-0.222
51.200	26.273	-0.247
51.220	24.097	-0.250
51.240	21.659	-0.272
51.260	18.812	-0.266
51.280	15.831	-0.281
51.300	12.458	-0.267
51.320	9.005	-0.271
51.340	5.508	-0.255
51.360	1.764	-0.246
51.380	-1.915	-0.228
51.400	-5.583	-0.212
51.420	-9.198	-0.189
51.440	-12.619	-0.163
51.460	-15.912	-0.141
51.480	-18.968	-0.105
51.500	-21.740	-0.081
51.520	-24.199	-0.043
51.540	-26.321	-0.023
51.560	-28.051	0.016
51.580	-29.399	0.043
51.600	-30.317	0.078
51.620	-30.747	0.103
51.640	-30.811	0.134
51.660	-30.430	0.158
51.680	-29.597	0.185
51.700	-28.357	0.204
51.720	-26.692	0.226
51.740	-24.640	0.240
51.760	-22.239	0.256
51.780	-19.510	0.263
51.800	-16.508	0.264
51.820	-13.285	0.266
51.840	-9.832	0.260
51.860	-6.271	0.254
51.880	-2.602	0.244
51.900	1.088	0.228
51.920	4.778	0.210
51.940	8.376	0.187
51.960	11.873	0.165
51.980	15.208	0.136
52.000	18.307	0.110
52.020	21.165	0.082
52.040	23.705	0.046
52.060	25.881	0.020
52.080	27.712	-0.016
52.100	29.125	-0.044
52.120	30.113	-0.073
52.140	30.725	-0.104
52.160	30.860	-0.130
52.180	30.564	-0.157
52.200	29.823	-0.185
52.220	28.668	-0.212
52.240	27.100	-0.228
52.260	25.172	-0.242
52.280	22.846	-0.254
52.300	20.262	-0.264
52.320	17.265	-0.272
52.340	14.059	-0.265
52.360	10.680	-0.264
52.380	7.243	-0.254
52.400	3.526	-0.243
52.420	-0.153	-0.232
52.440	-3.854	-0.212
52.460	-7.479	-0.189
52.480	-11.019	-0.169
52.500	-14.397	-0.141
52.520	-17.523	-0.115
52.540	-20.461	-0.080
52.560	-23.066	-0.055
52.580	-25.349	-0.022
52.600	-27.288	0.007
52.620	-28.829	0.036
52.640	-29.920	0.069
52.660	-30.607	0.095
52.680	-30.860	0.131
52.700	-30.672	0.153
52.720	-30.086	0.181
52.740	-29.007	0.200
52.760	-27.556	0.219
52.780	-25.677	0.238
52.800	-23.442	0.252
52.820	-20.875	0.252
52.840	-17.974	0.266
52.860	-14.859	0.270
52.880	-11.524	0.276
52.900	-8.016	0.260
52.920	-4.375	0.256
52.940	-0.685	0.239
52.960	3.021	0.227
52.980	6.657	0.207
53.000	10.197	0.188
53.020	13.554	0.157
53.040	16.846	0.134
53.060	19.817	0.107
53.080	22.534	0.076
53.100	24.817	0.039
53.120	26.880	0.011
53.140	28.453	-0.022
53.160	29.716	-0.056
53.180	30.478	-0.084
53.200	30.844	-0.113
53.220	30.758	-0.144
53.240	30.220	-0.167
53.260	29.281	-0.192
53.280	27.911	-0.217
53.300	26.149	-0.233
53.320	24.022	-0.246
53.340	21.503	-0.260
53.360	18.775	-0.266
53.380	15.654	-0.265
53.400	12.329	-0.267
53.420	8.886	-0.258
53.440	5.401	-0.249
53.460	1.641	-0.241
53.480	-1.947	-0.225
53.500	-5.712	-0.207
53.520	-9.327	-0.181
53.540	-12.738	-0.159
53.560	-15.998	-0.133
53.580	-19.075	-0.103
53.600	-21.815	-0.074
53.620	-24.280	-0.041
53.640	-26.385	-0.011
53.660	-28.115	0.017
53.680	-29.431	0.051
53.700	-30.312	0.081
53.720	-30.763	0.103
53.740	-30.811	0.135
53.760	-30.403	0.161
53.780	-29.560	0.189
53.800	-28.281	0.206
53.820	-26.611	0.225
53.840	-24.538	0.236
53.860	-22.142	0.256
53.880	-19.382	0.262
53.900	-16.368	0.267
53.920	-13.156	0.264
53.940	-9.708	0.262
53.960	-6.131	0.251
53.980	-2.538	0.239
54.000	1.238	0.223
54.020	4.917	0.207
54.040	8.510	0.181
54.060	12.012	0.160
54.080	15.321	0.136
54.100	18.409	0.104
54.120	21.251	0.079
54.140	23.791	0.045
54.160	25.956	0.015
54.180	27.766	-0.022
54.200	29.173	-0.048
54.220	30.156	-0.082
54.240	30.720	-0.109
54.260	30.854	-0.141
54.280	30.548	-0.169
54.300	29.796	-0.196
54.320	28.620	-0.218
54.340	27.035	-0.237
54.360	25.107	-0.247
54.380	22.814	-0.267
54.400	20.096	-0.273
54.420	17.163	-0.279
54.440	13.973	-0.279
54.460	10.584	-0.273
54.480	7.055	-0.265
54.500	3.419	-0.256
54.520	-0.260	-0.244
54.540	-3.865	-0.223
54.560	-7.576	-0.201
54.580	-11.094	-0.181
54.600	-14.451	-0.153
54.620	-17.620	-0.127
54.640	-20.520	-0.094
54.660	-23.131	-0.066
54.680	-25.392	-0.031
54.700	-27.261	-0.006
54.720	-28.845	0.029
54.740	-29.925	0.056
54.760	-30.591	0.090
54.780	-30.811	0.114
54.800	-30.629	0.147
54.820	-30.011	0.163
54.840	-28.942	0.190
54.860	-27.444	0.210
54.880	-25.569	0.227
54.900	-23.345	0.245
54.920	-20.757	0.255
54.940	-17.867	0.258
54.960	-14.736	0.258
54.980	-11.389	0.256
55.000	-7.871	0.251
55.020	-4.251	0.243
55.040	-0.545	0.230
55.060	3.139	0.212
55.080	6.792	0.196
55.100	10.251	0.170
55.120	13.753	0.143
55.140	16.948	0.118
55.160	19.903	0.090
55.180	22.551	0.059
55.200	24.941	0.027
55.220	26.944	-0.007
55.240	28.539	-0.034
55.260	29.748	-0.066
55.280	30.516	-0.096
55.300	30.849	-0.125
55.320	30.741	-0.151
55.340	30.215	-0.179
55.360	29.232	-0.206
55.380	27.857	-0.228
55.400	26.085	-0.242
55.420	23.985	-0.260
55.440	21.412	-0.263
55.460	18.603	-0.274
55.480	15.552	-0.266
55.500	12.222	-0.277
55.520	8.779	-0.263
55.540	5.170	-0.258
55.560	1.517	-0.242
55.580	-2.183	-0.229
55.600	-5.846	-0.207
55.620	-9.434	-0.184
55.640	-12.877	-0.162
55.660	-16.127	-0.135
55.680	-19.161	-0.105
55.700	-21.927	-0.074
55.720	-24.355	-0.045
55.740	-26.461	-0.014
55.760	-28.185	0.019
55.780	-29.495	0.053
55.800	-30.365	0.082
55.820	-30.768	0.103
55.840	-30.795	0.140
55.860	-30.382	0.162
55.880	-29.560	0.187
55.900	-28.281	0.209
55.920	-26.579	0.228
55.940	-24.500	0.243
55.960	-22.062	0.260
55.980	-19.333	0.265
56.000	-16.304	0.268
56.020	-13.065	0.264
56.040	-9.606	0.264
56.060	-6.024	0.256
56.080	-2.350	0.246
56.100	1.351	0.232
56.120	5.035	0.217
56.140	8.618	0.189
56.160	12.109	0.169
56.180	15.418	0.144
56.200	18.420	0.114
56.220	21.358	0.083
56.240	23.866	0.052
56.260	26.026	0.022
56.280	27.771	-0.010
56.300	29.211	-0.038
56.320	30.194	-0.072
56.340	30.736	-0.098
56.360	30.854	-0.131
56.380	30.521	-0.155
56.400	29.753	-0.183
56.420	28.577	-0.204
56.440	27.025	-0.226
56.460	25.032	-0.237
56.480	22.674	-0.251
56.500	20.005	-0.255
56.520	17.056	-0.263
56.540	13.849	-0.260
56.560	10.455	-0.262
56.580	6.931	-0.246
56.600	3.381	-0.241
56.620	-0.406	-0.225
56.640	-4.079	-0.208
56.660	-7.721	-0.184
56.680	-11.260	-0.161
56.700	-14.585	-0.138
56.720	-17.743	-0.111
56.740	-20.638	-0.082
56.760	-23.222	-0.052
56.780	-25.489	-0.016
56.800	-27.379	0.012
56.820	-28.872	0.045
56.840	-29.979	0.076
56.860	-30.629	0.107
56.880	-30.860	0.129
56.900	-30.645	0.156
56.920	-30.016	0.184
56.940	-28.926	0.204
56.960	-27.422	0.221
56.980	-25.526	0.241
57.000	-23.281	0.259
57.020	-20.687	0.264
57.040	-17.776	0.273
57.060	-14.634	0.272
57.080	-11.271	0.268
57.100	-7.759	0.258
57.120	-4.117	0.252
57.140	-0.438	0.235
57.160	3.263	0.223
57.180	6.899	0.201
57.200	10.455	0.179
57.220	13.855	0.155
57.240	17.051	0.126
57.260	20.010	0.098
57.280	22.696	0.065
57.300	25.021	0.035
57.320	27.003	0.004
57.340	28.582	-0.028
57.360	29.764	-0.064
57.380	30.527	-0.091
57.400	30.854	-0.120
57.420	30.736	-0.149
57.440	30.188	-0.178
57.460	29.200	-0.199
57.480	27.798	-0.221
57.500	26.015	-0.234
57.520	23.861	-0.250
57.540	21.331	-0.262
57.560	18.511	-0.267
57.580	15.434	-0.268
57.600	12.109	-0.266
57.620	8.747	-0.262
57.640	5.068	-0.252
57.660	1.399	-0.239
57.680	-2.302	-0.229
57.700	-5.954	-0.204
57.720	-9.450	-0.182
57.740	-12.974	-0.158
57.760	-16.207	-0.134
57.780	-19.247	-0.101
57.800	-21.992	-0.075
57.820	-24.425	-0.042
57.840	-26.504	-0.014
57.860	-28.196	0.016
57.880	-29.490	0.047
57.900	-30.344	0.082
57.920	-30.758	0.104
57.940	-30.784	0.136
57.960	-30.344	0.161
57.980	-29.474	0.184
58.000	-28.174	0.202
58.020	-26.461	0.220
58.040	-24.382	0.241
58.060	-21.960	0.256
58.080	-19.194	0.256
58.100	-16.175	0.263
58.120	-12.909	0.255
58.140	-9.461	0.253
58.160	-5.889	0.246
58.180	-2.205	0.235
58.200	1.496	0.219
58.220	5.159	0.205
58.240	8.747	0.179
58.260	12.233	0.158
58.280	15.541	0.131
58.300	18.544	0.100
58.320	21.433	0.069
58.340	23.952	0.039
58.360	26.090	0.011
58.380	27.830	-0.024
58.400	29.259	-0.053
58.420	30.215	-0.087
58.440	30.741	-0.115
58.460	30.849	-0.142
58.480	30.516	-0.173
58.500	29.726	-0.198
58.520	28.545	-0.218
58.540	26.917	-0.238
58.560	24.951	-0.250
58.580	22.594	-0.267
58.600	19.913	-0.267
58.620	16.965	-0.283
58.640	13.737	-0.271
58.660	10.337	-0.278
58.680	6.813	-0.263
58.700	3.177	-0.258
58.720	-0.411	-0.236
58.740	-4.192	-0.223
58.760	-7.732	-0.200
58.780	-11.341	-0.178
58.800	-14.671	-0.151
58.820	-17.808	-0.122
58.840	-20.708	-0.089
58.860	-23.286	-0.063
58.880	-25.531	-0.032
58.900	-27.433	0.001
58.920	-28.926	0.030
58.940	-29.984	0.066
58.960	-30.618	0.090
58.980	-30.822	0.119
59.000	-30.586	0.146
59.020	-29.952	0.170
59.040	-28.856	0.196
59.060	-27.352	0.212
59.080	-25.435	0.235
59.100	-23.254	0.248
59.120	-20.563	0.256
59.140	-17.668	0.262
59.160	-14.510	0.262
59.180	-11.153	0.260
59.200	-7.640	0.252
59.220	-3.988	0.246
59.240	-0.395	0.231
59.260	3.397	0.215
59.280	6.937	0.193
59.300	10.573	0.169
59.320	13.962	0.147
59.340	17.163	0.116
59.360	20.096	0.090
59.380	22.787	0.057
59.400	25.091	0.026
59.420	27.068	-0.004
59.440	28.625	-0.038
59.460	29.812	-0.065
59.480	30.537	-0.095
59.500	30.860	-0.122
59.520	30.731	-0.154
59.540	30.161	-0.179
59.560	29.162	-0.201
59.580	27.793	-0.221
59.600	25.950	-0.237
59.620	23.775	-0.257
59.640	21.229	-0.258
59.660	18.474	-0.270
59.680	15.305	-0.267
59.700	12.077	-0.275
59.720	8.510	-0.258
59.740	4.928	-0.254
59.760	1.265	-0.237
59.780	-2.452	-0.223
59.800	-6.088	-0.200
59.820	-9.698	-0.182
59.840	-13.114	-0.155
59.860	-16.347	-0.131
59.880	-19.382	-0.096
59.900	-22.110	-0.068
59.920	-24.532	-0.036
59.940	-26.595	-0.010
59.960	-28.281	0.024
59.980	-29.549	0.056
60.000	-30.403	0.085
60.020	-30.795	0.111
60.040	-30.790	0.143
60.060	-30.360	0.168
60.080	-29.485	0.194
60.100	-28.158	0.210
60.120	-26.439	0.231
60.140	-24.344	0.245
60.160	-21.911	0.265
60.180	-19.145	0.265
60.200	-16.078	0.271
60.220	-12.834	0.264
60.240	-9.359	0.264
60.260	-5.782	0.256
60.280	-2.108	0.246
60.300	1.603	0.230
60.320	5.277	0.216
60.340	8.860	0.190
60.360	12.335	0.166
60.380	15.563	0.141
60.400	18.705	0.115
60.420	21.519	0.086
60.440	24.017	0.049
60.460	26.112	0.020
60.480	27.922	-0.014
60.500	29.297	-0.040
60.520	30.242	-0.076
60.540	30.758	-0.101
60.560	30.833	-0.129
60.580	30.489	-0.154
60.600	29.683	-0.188
60.620	28.480	-0.210
60.640	26.853	-0.230
60.660	24.887	-0.238
60.680	22.556	-0.252
60.700	19.811	-0.261
60.720	16.852	-0.266
60.740	13.618	-0.262
60.760	10.315	-0.259
60.780	6.668	-0.252
60.800	3.027	-0.241
60.820	-0.647	-0.229
60.840	-4.326	-0.207
60.860	-7.968	-0.188
60.880	-11.384	-0.164
60.900	-14.805	-0.138
60.920	-17.931	-0.111
60.940	-20.800	-0.084
60.960	-23.383	-0.052
60.980	-25.601	-0.018
61.000	-27.513	0.010
61.020	-28.985	0.043
61.040	-30.038	0.075
61.060	-30.645	0.103
61.080	-30.865	0.128
61.100	-30.591	0.156
61.120	-29.952	0.181
61.140	-28.824	0.198
61.160	-27.309	0.219
61.180	-25.413	0.237
61.200	-23.115	0.256
61.220	-20.488	0.262
61.240	-17.572	0.267
61.260	-14.413	0.270
61.280	-11.051	0.265
61.300	-7.517	0.261
61.320	-3.870	0.247
61.340	-0.169	0.235
61.360	3.505	0.219
61.380	7.146	0.200
61.400	10.680	0.175
61.420	14.080	0.151
61.440	17.260	0.119
61.460	20.193	0.094
61.480	22.873	0.060
61.500	25.166	0.031
61.520	27.089	-0.006
61.540	28.679	-0.033
61.560	29.834	-0.065
61.580	30.564	-0.092
61.600	30.854	-0.123
61.620	30.715	-0.150
61.640	30.151	-0.183
61.660	29.125	-0.200
61.680	27.675	-0.228
61.700	25.881	-0.237
61.720	23.689	-0.257
61.740	21.149	-0.264
61.760	18.393	-0.275
61.780	15.224	-0.267
61.800	11.975	-0.272
61.820	8.408	-0.264
61.840	4.821	-0.256
61.860	1.141	-0.242
61.880	-2.543	-0.229
61.900	-6.099	-0.207
61.920	-9.778	-0.188
61.940	-13.199	-0.162
61.960	-16.433	-0.137
61.980	-19.441	-0.102
62.000	-22.153	-0.076
62.020	-24.554	-0.043
62.040	-26.627	-0.014
62.060	-28.303	0.019
62.080	-29.560	0.045
62.100	-30.398	0.082
62.120	-30.763	0.101
62.140	-30.758	0.136
62.160	-30.306	0.156
62.180	-29.420	0.185
62.200	-28.077	0.202
62.220	-26.343	0.221
62.240	-24.226	0.241
62.260	-21.772	0.252
62.280	-18.995	0.254
62.300	-15.955	0.260
62.320	-12.689	0.256
62.340	-9.214	0.252
62.360	-5.626	0.246
62.380	-1.958	0.234
62.400	1.732	0.218
62.420	5.427	0.198
62.440	8.994	0.174
62.460	12.469	0.153
62.480	15.756	0.127
62.500	18.807	0.098
62.520	21.627	0.069
62.540	24.108	0.036
62.560	26.224	0.005
62.580	27.965	-0.030
62.600	29.334	-0.059
62.620	30.258	-0.090
62.640	30.763	-0.117
62.660	30.833	-0.145
62.680	30.478	-0.171
62.700	29.683	-0.200
62.720	28.443	-0.225
62.740	26.794	-0.240
62.760	24.817	-0.254
62.780	22.486	-0.266
62.800	19.715	-0.275
62.820	16.750	-0.281
62.840	13.511	-0.274
62.860	10.202	-0.275
62.880	6.566	-0.260
62.900	2.925	-0.255
62.920	-0.776	-0.237
62.940	-4.445	-0.221
62.960	-8.070	-0.194
62.980	-11.577	-0.178
63.000	-14.891	-0.149
63.020	-18.028	-0.120
63.040	-20.891	-0.089
63.060	-23.469	-0.060
63.080	-25.671	-0.026
63.100	-27.535	0.001
63.120	-29.023	0.034
63.140	-30.054	0.063
63.160	-30.656	0.093
63.180	-30.811	0.122
63.200	-30.586	0.149
63.220	-29.920	0.175
63.240	-28.797	0.194
63.260	-27.240	0.216
63.280	-25.311	0.235
63.300	-23.034	0.253
63.320	-20.402	0.262
63.340	-17.459	0.262
63.360	-14.311	0.267
63.380	-11.030	0.263
63.400	-7.393	0.259
63.420	-3.762	0.249
63.440	-0.067	0.234
63.460	3.623	0.213
63.480	7.259	0.197
63.500	10.793	0.173
63.520	14.182	0.147
63.540	17.346	0.116
63.560	20.284	0.090
63.580	22.943	0.061
63.600	25.236	0.026
63.620	27.143	-0.007
63.640	28.717	-0.036
63.660	29.866	-0.064
63.680	30.580	-0.096
63.700	30.860	-0.124
63.720	30.704	-0.152
63.740	30.097	-0.179
63.760	29.114	-0.199
63.780	27.632	-0.223
63.800	25.816	-0.233
63.820	23.609	-0.251
63.840	21.116	-0.257
63.860	18.211	-0.269
63.880	15.101	-0.259
63.900	11.755	-0.271
63.920	8.285	-0.254
63.940	4.676	-0.248
63.960	1.093	-0.231
63.980	-2.694	-0.221
64.000	-6.265	-0.192
64.020	-9.923	-0.177
64.040	-13.248	-0.152
64.060	-16.562	-0.126
64.080	-19.570	-0.092
64.100	-22.271	-0.064
64.120	-24.667	-0.034
64.140	-26.724	-0.002
64.160	-28.410	0.034
64.180	-29.640	0.061
64.200	-30.457	0.094
64.220	-30.784	0.118
64.240	-30.768	0.150
64.260	-30.317	0.173
64.280	-29.399	0.198
64.300	-28.056	0.215
64.320	-26.321	0.238
64.340	-24.199	0.252
64.360	-21.718	0.267
64.380	-18.909	0.272
64.400	-15.944	0.279
64.420	-12.603	0.273
64.440	-9.117	0.268
64.460	-5.519	0.256
64.480	-1.845	0.245
64.500	1.845	0.231
64.520	5.519	0.215
64.540	9.085	0.190
64.560	12.582	0.167
64.580	15.858	0.140
64.600	18.898	0.115
64.620	21.702	0.082
64.640	24.173	0.047
64.660	26.283	0.020
64.680	28.024	-0.016
64.700	29.372	-0.044
64.720	30.263	-0.076
64.740	30.768	-0.104
64.760	30.838	-0.133
64.780	30.457	-0.161
64.800	29.614	-0.188
64.820	28.384	-0.212
64.840	26.745	-0.226
64.860	24.731	-0.238
64.880	22.330	-0.254
64.900	19.618	-0.259
64.920	16.637	-0.266
64.940	13.404	-0.262
64.960	9.982	-0.261
64.980	6.534	-0.254
65.000	2.796	-0.244
65.020	-0.894	-0.227
65.040	-4.573	-0.211
65.060	-8.194	-0.186
65.080	-11.674	-0.165
65.100	-15.004	-0.141
65.120	-18.130	-0.109
65.140	-21.014	-0.084
65.160	-23.528	-0.049
65.180	-25.746	-0.016
65.200	-27.605	0.010
65.220	-29.076	0.044
65.240	-30.092	0.074
65.260	-30.666	0.095
65.280	-30.860	0.129
65.300	-30.543	0.158
65.320	-29.855	0.179
65.340	-28.733	0.204
65.360	-27.180	0.219
65.380	-25.236	0.243
65.400	-22.927	0.252
65.420	-20.284	0.261
65.440	-17.351	0.265
65.460	-14.188	0.265
65.480	-10.804	0.264
65.500	-7.350	0.255
65.520	-3.628	0.239
65.540	0.073	0.234
65.560	3.768	0.217
65.580	7.393	0.193
65.600	10.917	0.171
65.620	14.306	0.143
65.640	17.469	0.116
65.660	20.391	0.089
65.680	23.034	0.058
65.700	25.306	0.024
65.720	27.229	-0.009
65.740	28.770	-0.039
65.760	29.898	-0.072
65.780	30.602	-0.096
65.800	30.860	-0.134
65.820	30.698	-0.159
65.840	30.081	-0.192
65.860	29.044	-0.204
65.880	27.610	-0.236
65.900	25.752	-0.237
65.920	23.533	-0.267
65.940	20.971	-0.260
65.960	18.189	-0.282
65.980	14.999	-0.271
66.000	11.669	-0.279
66.020	8.177	-0.262
66.040	4.573	-0.262
66.060	0.900	-0.240
66.080	-2.699	-0.232
66.100	-6.443	-0.204
66.120	-9.918	-0.188
66.140	-13.420	-0.164
66.160	-16.556	-0.137
66.180	-19.634	-0.105
66.200	-22.320	-0.077
66.220	-24.710	-0.044
66.240	-26.751	-0.012
66.260	-28.400	0.019
66.280	-29.619	0.051
66.300	-30.435	0.078
66.320	-30.790	0.102
66.340	-30.747	0.136
66.360	-30.247	0.157
66.380	-29.334	0.185
66.400	-27.970	0.202
66.420	-26.208	0.227
66.440	-24.081	0.239
66.460	-21.659	0.253
66.480	-18.796	0.256
66.500	-15.740	0.264
66.520	-12.474	0.254
66.540	-8.983	0.255
66.560	-5.379	0.243
66.580	-1.705	0.235
66.600	1.995	0.219
66.620	5.556	0.200
66.640	9.219	0.170
66.660	12.689	0.152
66.680	15.971	0.127
66.700	19.000	0.102
66.720	21.740	0.068
66.740	24.259	0.036
66.760	26.348	0.005
66.780	28.072	-0.026
66.800	29.383	-0.058
66.820	30.312	-0.090
66.840	30.779	-0.117
66.860	30.822	-0.146
66.880	30.430	-0.175
66.900	29.597	-0.203
66.920	28.341	-0.226
66.940	26.692	-0.237
66.960	24.715	-0.253
66.980	22.234	-0.266
67.000	19.516	-0.271
67.020	16.530	-0.271
67.040	13.296	-0.272
67.060	9.864	-0.268
67.080	6.308	-0.262
67.100	2.677	-0.250
67.120	-1.018	-0.234
67.140	-4.692	-0.217
67.160	-8.328	-0.195
67.180	-11.803	-0.173
67.200	-15.133	-0.144
67.220	-18.232	-0.113
67.240	-21.095	-0.089
67.260	-23.619	-0.054
67.280	-25.827	-0.029
67.300	-27.685	0.010
67.320	-29.109	0.037
67.340	-30.118	0.071
67.360	-30.693	0.096
67.380	-30.817	0.129
67.400	-30.580	0.155
67.420	-29.871	0.177
67.440	-28.706	0.202
67.460	-27.137	0.222
67.480	-25.193	0.241
67.500	-22.884	0.252
67.520	-20.219	0.265
67.540	-17.271	0.266
67.560	-14.107	0.269
67.580	-10.723	0.263
67.600	-7.152	0.260
67.620	-3.505	0.248
67.640	0.180	0.237
67.660	3.875	0.215
67.680	7.495	0.196
67.700	11.035	0.172
67.720	14.408	0.148
67.740	17.555	0.119
67.760	20.483	0.096
67.780	23.115	0.061
67.800	25.370	0.034
67.820	27.293	-0.004
67.840	28.808	-0.034
67.860	29.925	-0.063
67.880	30.613	-0.092
67.900	30.860	-0.118
67.920	30.672	-0.152
67.940	30.032	-0.179
67.960	28.990	-0.204
67.980	27.530	-0.218
68.000	25.687	-0.237
68.020	23.507	-0.248
68.040	20.869	-0.261
68.060	18.001	-0.262
68.080	14.961	-0.267
68.100	11.551	-0.260
68.120	8.049	-0.249
68.140	4.428	-0.247
68.160	0.771	-0.229
68.180	-2.930	-0.216
68.200	-6.593	-0.191
68.220	-10.159	-0.171
68.240	-13.565	-0.145
68.260	-16.766	-0.123
68.280	-19.763	-0.087
68.300	-22.448	-0.063
68.320	-24.796	-0.026
68.340	-26.847	0.001
68.360	-28.475	0.034
68.380	-29.683	0.061
68.400	-30.478	0.097
68.420	-30.811	0.116
68.440	-30.758	0.152
68.460	-30.247	0.176
68.480	-29.318	0.201
68.500	-27.965	0.221
68.520	-26.165	0.240
68.540	-24.022	0.256
68.560	-21.530	0.264
68.580	-18.716	0.274
68.600	-15.638	0.273
68.620	-12.367	0.273
68.640	-8.881	0.267
68.660	-5.282	0.256
68.680	-1.593	0.241
68.700	2.081	0.229
68.720	5.766	0.208
68.740	9.338	0.190
68.760	12.813	0.162
68.780	15.987	0.139
68.800	19.092	0.110
68.820	21.831	0.081
68.840	24.323	0.046
68.860	26.369	0.017
68.880	28.131	-0.018
68.900	29.447	-0.046
68.920	30.312	-0.082
68.940	30.801	-0.105
68.960	30.817	-0.141
68.980	30.414	-0.167
69.000	29.549	-0.192
69.020	28.281	-0.212
69.040	26.616	-0.230
69.060	24.592	-0.245
69.080	22.164	-0.256
69.100	19.430	-0.262
69.120	16.433	-0.269
69.140	13.183	-0.266
69.160	9.746	-0.264
69.180	6.201	-0.253
69.200	2.640	-0.243
69.220	-1.141	-0.227
69.240	-4.713	-0.208
69.260	-8.425	-0.188
69.280	-11.910	-0.164
69.300	-15.208	-0.140
69.320	-18.334	-0.113
69.340	-21.170	-0.084
69.360	-23.689	-0.051
69.380	-25.886	-0.017
69.400	-27.718	0.007
69.420	-29.141	0.041
69.440	-30.151	0.078
69.460	-30.677	0.103
69.480	-30.849	0.131
69.500	-30.516	0.156
69.520	-29.818	0.182
69.540	-28.631	0.199
69.560	-27.052	0.217
69.580	-25.086	0.242
69.600	-22.755	0.246
69.620	-20.101	0.260
69.640	-17.153	0.260
69.660	-13.962	0.264
69.680	-10.584	0.256
69.700	-7.028	0.254
69.720	-3.354	0.239
69.740	0.325	0.228
69.760	4.015	0.207
69.780	7.630	0.190
69.800	11.067	0.162
69.820	14.526	0.139
69.840	17.674	0.108
69.860	20.569	0.086
69.880	23.211	0.050
69.900	25.451	0.027
69.920	27.304	-0.017
69.940	28.856	-0.046
69.960	29.968	-0.078
69.980	30.634	-0.101
70.000	30.865	-0.138
70.020	30.666	-0.156
70.040	30.022	-0.192
70.060	28.958	-0.210
70.080	27.476	-0.233
70.100	25.617	-0.243
70.120	23.362	-0.263
70.140	20.848	-0.268
70.160	17.910	-0.279
70.180	14.784	-0.272
70.200	11.432	-0.275
70.220	7.936	-0.265
70.240	4.326	-0.262
70.260	0.653	-0.240
70.280	-3.037	-0.228
70.300	-6.695	-0.204
70.320	-10.245	-0.187
70.340	-13.559	-0.159
70.360	-16.846	-0.133
70.380	-19.827	-0.100
70.400	-22.513	-0.075
70.420	-24.860	-0.037
70.440	-26.864	-0.014
70.460	-28.507	0.024
70.480	-29.673	0.052
70.500	-30.478	0.088
70.520	-30.763	0.106
70.540	-30.709	0.141
70.560	-30.199	0.161
70.580	-29.259	0.192
70.600	-27.879	0.207
70.620	-26.069	0.228
70.640	-23.904	0.237
70.660	-21.423	0.258
70.680	-18.597	0.256
70.700	-15.525	0.267
70.720	-12.238	0.260
70.740	-8.833	0.255
70.760	-5.143	0.244
70.780	-1.544	0.235
70.800	2.242	0.217
70.820	5.900	0.202
70.840	9.456	0.173
70.860	12.915	0.154
70.880	16.186	0.124
70.900	19.199	0.098
70.920	21.970	0.067
70.940	24.344	0.037
70.960	26.482	0.007
70.980	28.185	-0.030
71.000	29.490	-0.059
71.020	30.360	-0.089
71.040	30.801	-0.118
71.060	30.811	-0.146
71.080	30.382	-0.172
71.100	29.522	-0.201
71.120	28.271	-0.225
71.140	26.552	-0.238
71.160	24.490	-0.254
71.180	22.062	-0.259
71.200	19.398	-0.268
71.220	16.315	-0.271
71.240	13.140	-0.271
71.260	9.633	-0.266
71.280	6.072	-0.258
71.300	2.409	-0.244
71.320	-1.276	-0.228
71.340	-4.960	-0.210
71.360	-8.494	-0.189
71.380	-12.045	-0.167
71.400	-15.353	-0.140
71.420	-18.447	-0.110
71.440	-21.213	-0.078
71.460	-23.802	-0.050
71.480	-25.983	-0.022
71.500	-27.793	0.008
71.520	-29.200	0.042
71.540	-30.194	0.074
71.560	-30.720	0.102
71.580	-30.844	0.133
71.600	-30.553	0.160
