--- Pendolo di torsione ---
Tempo.Forzante.Pendolo
0.000	23.775	0.140
0.020	25.972	0.148
0.040	27.798	0.141
0.060	29.221	0.144
0.080	30.199	0.131
0.100	30.747	0.129
0.120	30.822	0.114
0.140	30.473	0.105
0.160	29.635	0.093
0.180	28.421	0.078
0.200	26.692	0.062
0.220	24.640	0.049
0.240	22.196	0.028
0.260	19.473	0.015
0.280	16.347	-0.007
0.300	13.038	-0.023
0.320	9.536	-0.033
0.340	5.906	-0.053
0.360	2.194	-0.069
0.380	-1.566	-0.079
0.400	-5.293	-0.098
0.420	-8.978	-0.100
0.440	-12.490	-0.121
0.460	-15.815	-0.118
0.480	-18.960	-0.133
0.500	-21.758	-0.129
0.520	-24.250	-0.134
0.540	-26.399	-0.130
0.560	-28.155	-0.133
0.580	-29.482	-0.122
0.600	-30.379	-0.123
0.620	-30.766	-0.106
0.640	-30.776	-0.101
0.660	-30.309	-0.086
0.680	-29.423	-0.073
0.700	-28.021	-0.064
0.720	-26.254	-0.039
0.740	-24.068	-0.030
0.760	-21.581	-0.012
0.780	-18.713	0.008
0.800	-15.565	0.022
0.820	-12.230	0.038
0.840	-8.664	0.052
0.860	-4.979	0.067
0.880	-1.246	0.083
0.900	2.519	0.102
0.920	6.155	0.114
0.940	9.867	0.126
0.960	13.369	0.134
0.980	16.650	0.143
1.000	19.685	0.142
1.020	22.478	0.150
1.040	24.793	0.141
1.060	26.882	0.148
1.080	28.526	0.140
1.100	29.724	0.139
1.120	30.519	0.127
1.140	30.830	0.119
1.160	30.723	0.108
1.180	30.121	0.100
1.200	29.111	0.083
1.220	27.629	0.067
1.240	25.835	0.055
1.260	23.547	0.035
1.280	20.926	0.022
1.300	18.095	-0.001
1.320	14.830	-0.019
1.340	11.419	-0.036
1.360	7.869	-0.047
1.380	4.189	-0.068
1.400	0.424	-0.082
1.420	-3.309	-0.093
1.440	-7.025	-0.106
1.460	-10.533	-0.117
1.480	-14.051	-0.131
1.500	-17.306	-0.132
1.520	-20.287	-0.144
1.540	-22.951	-0.137
1.560	-25.292	-0.146
1.580	-27.248	-0.137
1.600	-28.811	-0.140
1.620	-29.933	-0.130
1.640	-30.578	-0.128
1.660	-30.809	-0.117
1.680	-30.578	-0.108
1.700	-29.912	-0.091
1.720	-28.789	-0.078
1.740	-27.221	-0.068
1.760	-25.250	-0.047
1.780	-22.924	-0.035
1.800	-20.228	-0.017
1.820	-17.225	-0.002
1.840	-14.094	0.020
1.860	-10.565	0.034
1.880	-6.923	0.051
1.900	-3.217	0.065
1.920	0.548	0.079
1.940	4.292	0.091
1.960	7.971	0.104
1.980	11.473	0.114
2.000	14.937	0.121
2.020	18.122	0.129
2.040	21.033	0.132
2.060	23.638	0.128
2.080	25.824	0.132
2.100	27.715	0.129
2.120	29.154	0.128
2.140	30.143	0.120
2.160	30.723	0.108
2.180	30.841	0.104
2.200	30.519	0.093
2.220	29.697	0.078
2.240	28.472	0.063
2.260	26.845	0.048
2.280	24.782	0.033
2.300	22.349	0.013
2.320	19.669	0.000
2.340	16.543	-0.025
2.360	13.229	-0.033
2.380	9.770	-0.058
2.400	6.145	-0.066
2.420	2.444	-0.089
2.440	-1.327	-0.095
2.460	-5.065	-0.115
2.480	-8.637	-0.123
2.500	-12.278	-0.134
2.520	-15.522	-0.140
2.540	-18.734	-0.146
2.560	-21.576	-0.149
2.580	-24.095	-0.147
2.600	-26.259	-0.149
2.620	-28.026	-0.144
2.640	-29.396	-0.138
2.660	-30.288	-0.134
2.680	-30.739	-0.126
2.700	-30.766	-0.114
2.720	-30.325	-0.107
2.740	-29.450	-0.090
2.760	-28.112	-0.076
2.780	-26.361	-0.054
2.800	-24.213	-0.046
2.820	-21.705	-0.027
2.840	-18.858	-0.007
2.860	-15.748	0.007
2.880	-12.429	0.029
2.900	-8.889	0.040
2.920	-5.205	0.059
2.940	-1.456	0.072
2.960	2.293	0.092
2.980	6.032	0.101
3.000	9.657	0.114
3.020	13.175	0.119
3.040	16.468	0.133
3.060	19.508	0.132
3.080	22.231	0.141
3.100	24.723	0.133
3.120	26.791	0.141
3.140	28.435	0.132
3.160	29.681	0.130
3.180	30.481	0.120
3.200	30.835	0.119
3.220	30.739	0.104
3.240	30.180	0.094
3.260	29.176	0.079
3.280	27.790	0.061
3.300	25.905	0.048
3.320	23.676	0.032
3.340	21.151	0.013
3.360	18.176	-0.006
3.380	15.023	-0.020
3.400	11.704	-0.037
3.420	8.041	-0.051
3.440	4.388	-0.070
3.460	0.639	-0.079
3.480	-3.115	-0.098
3.500	-6.821	-0.108
3.520	-10.468	-0.116
3.540	-13.906	-0.124
3.560	-17.139	-0.129
3.580	-20.168	-0.139
3.600	-22.843	-0.135
3.620	-25.201	-0.137
3.640	-27.188	-0.132
3.660	-28.784	-0.135
3.680	-29.901	-0.126
3.700	-30.599	-0.124
3.720	-30.809	-0.110
3.740	-30.631	-0.103
3.760	-29.998	-0.086
3.780	-28.902	-0.067
3.800	-27.333	-0.061
3.820	-25.421	-0.039
3.840	-23.106	-0.026
3.860	-20.426	-0.008
3.880	-17.451	0.008
3.900	-14.239	0.029
3.920	-10.785	0.041
3.940	-7.176	0.061
3.960	-3.550	0.074
3.980	0.301	0.091
4.000	4.071	0.105
4.020	7.745	0.120
4.040	11.322	0.129
4.060	14.749	0.138
4.080	17.929	0.143
4.100	20.867	0.147
4.120	23.488	0.145
4.140	25.738	0.148
4.160	27.586	0.147
4.180	29.084	0.143
4.200	30.116	0.136
4.220	30.701	0.128
4.240	30.852	0.114
4.260	30.524	0.106
4.280	29.756	0.089
4.300	28.558	0.078
4.320	26.904	0.062
4.340	24.922	0.050
4.360	22.553	0.028
4.380	19.750	0.016
4.400	16.742	-0.007
4.420	13.541	-0.019
4.440	9.979	-0.042
4.460	6.354	-0.053
4.480	2.643	-0.075
4.500	-1.112	-0.084
4.520	-4.861	-0.103
4.540	-8.454	-0.109
4.560	-12.074	-0.122
4.580	-15.431	-0.127
4.600	-18.589	-0.136
4.620	-21.436	-0.136
4.640	-23.907	-0.139
4.660	-26.157	-0.138
4.680	-27.951	-0.137
4.700	-29.348	-0.133
4.720	-30.271	-0.127
4.740	-30.750	-0.121
4.760	-30.787	-0.107
4.780	-30.368	-0.096
4.800	-29.525	-0.083
4.820	-28.214	-0.067
4.840	-26.474	-0.058
4.860	-24.353	-0.035
4.880	-21.871	-0.026
4.900	-19.024	0.001
4.920	-15.936	0.009
4.940	-12.692	0.035
4.960	-9.093	0.042
4.980	-5.419	0.064
5.000	-1.687	0.073
5.020	2.084	0.092
5.040	5.806	0.099
5.060	9.453	0.116
5.080	12.971	0.123
5.100	16.194	0.136
5.120	19.347	0.137
5.140	22.156	0.138
5.160	24.583	0.135
5.180	26.684	0.139
5.200	28.349	0.134
5.220	29.632	0.133
5.240	30.427	0.120
5.260	30.825	0.114
5.280	30.750	0.102
5.300	30.245	0.092
5.320	29.246	0.075
5.340	27.828	0.060
5.360	26.028	0.045
5.380	23.821	0.030
5.400	21.243	0.006
5.420	18.375	-0.002
5.440	15.302	-0.029
5.460	11.816	-0.037
5.480	8.304	-0.064
5.500	4.619	-0.074
5.520	0.902	-0.095
5.540	-2.868	-0.100
5.560	-6.580	-0.120
5.580	-10.194	-0.124
5.600	-13.664	-0.141
5.620	-16.849	-0.145
5.640	-19.943	-0.147
5.660	-22.661	-0.149
5.680	-25.029	-0.150
5.700	-27.060	-0.150
5.720	-28.649	-0.142
5.740	-29.810	-0.141
5.760	-30.529	-0.135
5.780	-30.798	-0.125
5.800	-30.642	-0.112
5.820	-30.003	-0.100
5.840	-28.956	-0.086
5.860	-27.414	-0.072
5.880	-25.523	-0.059
5.900	-23.230	-0.033
5.920	-20.566	-0.026
5.940	-17.617	-0.000
5.960	-14.395	0.010
5.980	-11.043	0.033
6.000	-7.391	0.043
6.020	-3.652	0.062
6.040	0.091	0.075
6.060	3.835	0.092
6.080	7.541	0.100
6.100	11.134	0.115
6.120	14.561	0.118
6.140	17.768	0.129
6.160	20.706	0.135
6.180	23.294	0.134
6.200	25.620	0.134
6.220	27.521	0.135
6.240	28.972	0.128
6.260	30.062	0.122
6.280	30.685	0.114
6.300	30.852	0.106
6.320	30.572	0.095
6.340	29.815	0.081
6.360	28.644	0.066
6.380	27.081	0.050
6.400	25.051	0.034
6.420	22.650	0.019
6.440	20.002	0.003
6.460	16.908	-0.014
6.480	13.659	-0.030
6.500	10.189	-0.046
6.520	6.574	-0.067
6.540	2.868	-0.076
6.560	-0.790	-0.096
6.580	-4.635	-0.105
6.600	-8.320	-0.120
6.620	-11.875	-0.125
6.640	-15.232	-0.135
6.660	-18.396	-0.139
6.680	-21.286	-0.143
6.700	-23.772	-0.144
6.720	-26.044	-0.141
6.740	-27.897	-0.145
6.760	-29.272	-0.133
6.780	-30.250	-0.134
6.800	-30.723	-0.117
6.820	-30.819	-0.113
6.840	-30.422	-0.100
6.860	-29.605	-0.091
6.880	-28.316	-0.069
6.900	-26.608	-0.063
6.920	-24.514	-0.040
6.940	-22.054	-0.029
6.960	-19.245	-0.009
6.980	-16.167	0.006
7.000	-12.842	0.029
7.020	-9.330	0.043
7.040	-5.661	0.063
7.060	-1.928	0.076
7.080	1.837	0.091
7.100	5.505	0.105
7.120	9.222	0.118
7.140	12.756	0.123
7.160	16.086	0.135
7.180	19.153	0.137
7.200	21.995	0.140
7.220	24.449	0.139
7.240	26.565	0.145
7.260	28.263	0.137
7.280	29.562	0.138
7.300	30.400	0.126
7.320	30.819	0.124
7.340	30.766	0.104
7.360	30.271	0.102
7.380	29.321	0.080
7.400	27.924	0.067
7.420	26.141	0.050
7.440	24.025	0.039
7.460	21.398	0.017
7.480	18.541	0.007
7.500	15.501	-0.013
7.520	12.021	-0.029
7.540	8.502	-0.045
7.560	4.839	-0.062
7.580	1.074	-0.076
7.600	-2.664	-0.093
7.620	-6.402	-0.100
7.640	-10.022	-0.114
7.660	-13.487	-0.118
7.680	-16.763	-0.131
7.700	-19.814	-0.129
7.720	-22.462	-0.133
7.740	-24.927	-0.136
7.760	-26.947	-0.133
7.780	-28.574	-0.132
7.800	-29.783	-0.127
7.820	-30.545	-0.125
7.840	-30.809	-0.108
7.860	-30.674	-0.100
7.880	-30.126	-0.083
7.900	-29.047	-0.073
7.920	-27.575	-0.058
7.940	-25.652	-0.042
7.960	-23.391	-0.026
7.980	-20.765	-0.009
8.000	-17.800	0.006
8.020	-14.620	0.027
8.040	-11.285	0.041
8.060	-7.584	0.054
8.080	-3.899	0.070
8.100	-0.140	0.091
8.120	3.631	0.099
8.140	7.310	0.116
8.160	10.919	0.121
8.180	14.362	0.135
8.200	17.569	0.141
8.220	20.539	0.147
8.240	23.139	0.146
8.260	25.491	0.145
8.280	27.409	0.141
8.300	28.923	0.141
8.320	29.992	0.133
8.340	30.658	0.125
8.360	30.857	0.116
8.380	30.594	0.101
8.400	29.879	0.091
8.420	28.725	0.077
8.440	27.119	0.062
8.460	25.180	0.046
8.480	22.870	0.027
8.500	20.099	0.012
8.520	17.107	-0.008
8.540	13.922	-0.024
8.560	10.398	-0.042
8.580	6.891	-0.054
8.600	3.072	-0.079
8.620	-0.650	-0.084
8.640	-4.415	-0.108
8.660	-8.110	-0.108
8.680	-11.650	-0.131
8.700	-15.044	-0.126
8.720	-18.127	-0.143
8.740	-21.125	-0.137
8.760	-23.697	-0.149
8.780	-25.916	-0.141
8.800	-27.747	-0.142
8.820	-29.187	-0.137
8.840	-30.153	-0.135
8.860	-30.701	-0.124
8.880	-30.803	-0.120
8.900	-30.449	-0.104
8.920	-29.648	-0.090
8.940	-28.402	-0.078
8.960	-26.700	-0.063
8.980	-24.621	-0.045
9.000	-22.188	-0.028
9.020	-19.368	-0.013
9.040	-16.307	0.007
9.060	-13.025	0.023
9.080	-9.512	0.039
9.100	-5.876	0.054
9.120	-2.116	0.065
9.140	1.649	0.086
9.160	5.376	0.094
9.180	9.023	0.112
9.200	12.568	0.115
9.220	15.904	0.132
9.240	18.998	0.127
9.260	21.833	0.134
9.280	24.326	0.131
9.300	26.458	0.137
9.320	28.134	0.128
9.340	29.503	0.132
9.360	30.379	0.115
9.380	30.803	0.115
9.400	30.782	0.096
9.420	30.320	0.090
9.440	29.380	0.071
9.460	28.053	0.059
9.480	26.270	0.042
9.500	24.100	0.024
9.520	21.570	0.010
9.540	18.799	-0.008
9.560	15.619	-0.025
9.580	12.262	-0.039
9.600	8.809	-0.060
9.620	5.060	-0.075
9.640	1.348	-0.089
9.660	-2.428	-0.101
9.680	-6.139	-0.117
9.700	-9.792	-0.122
9.720	-13.267	-0.138
9.740	-16.543	-0.134
9.760	-19.604	-0.153
9.780	-22.344	-0.144
9.800	-24.745	-0.155
9.820	-26.834	-0.142
9.840	-28.488	-0.148
9.860	-29.708	-0.140
9.880	-30.465	-0.136
9.900	-30.771	-0.122
9.920	-30.674	-0.118
9.940	-30.137	-0.100
9.960	-29.101	-0.088
9.980	-27.618	-0.072
10.000	-25.738	-0.058
10.020	-23.563	-0.035
10.040	-20.899	-0.021
10.060	-17.977	-0.008
10.080	-14.792	0.012
10.100	-11.387	0.029
10.120	-7.810	0.044
10.140	-4.104	0.061
10.160	-0.360	0.078
10.180	3.395	0.094
10.200	7.031	0.100
10.220	10.705	0.118
10.240	14.174	0.121
10.260	17.375	0.134
10.280	20.356	0.135
10.300	23.058	0.136
10.320	25.357	0.137
10.340	27.307	0.137
10.360	28.848	0.130
10.380	29.965	0.129
10.400	30.631	0.119
10.420	30.841	0.108
10.440	30.621	0.096
10.460	29.922	0.085
10.480	28.794	0.072
10.500	27.226	0.050
10.520	25.292	0.043
10.540	22.999	0.023
10.560	20.265	0.008
10.580	17.284	-0.010
10.600	14.126	-0.025
10.620	10.586	-0.043
10.640	6.993	-0.061
10.660	3.303	-0.078
10.680	-0.365	-0.090
10.700	-4.206	-0.105
10.720	-7.917	-0.112
10.740	-11.478	-0.123
10.760	-14.867	-0.126
10.780	-18.068	-0.137
10.800	-20.990	-0.137
10.820	-23.584	-0.143
10.840	-25.819	-0.136
10.860	-27.683	-0.141
10.880	-29.144	-0.133
10.900	-30.180	-0.129
10.920	-30.707	-0.119
10.940	-30.819	-0.116
10.960	-30.508	-0.100
10.980	-29.740	-0.086
11.000	-28.499	-0.071
11.020	-26.829	-0.053
11.040	-24.777	-0.040
11.060	-22.365	-0.019
11.080	-19.583	-0.010
11.100	-16.521	0.016
11.120	-13.267	0.028
11.140	-9.743	0.049
11.160	-6.171	0.064
11.180	-2.353	0.075
11.200	1.413	0.095
11.220	5.140	0.100
11.240	8.792	0.124
11.260	12.337	0.125
11.280	15.694	0.143
11.300	18.810	0.136
11.320	21.683	0.154
11.340	24.181	0.139
11.360	26.329	0.153
11.380	28.080	0.136
11.400	29.439	0.148
11.420	30.331	0.130
11.440	30.792	0.129
11.460	30.792	0.110
11.480	30.357	0.103
11.500	29.444	0.088
11.520	28.112	0.071
11.540	26.372	0.058
11.560	24.245	0.039
11.580	21.785	0.025
11.600	18.890	0.000
11.620	15.796	-0.004
11.640	12.434	-0.031
11.660	8.937	-0.037
11.680	5.274	-0.068
11.700	1.536	-0.065
11.720	-2.213	-0.095
11.740	-5.967	-0.094
11.760	-9.604	-0.113
11.780	-13.079	-0.124
11.800	-16.393	-0.125
11.820	-19.363	-0.144
11.840	-22.231	-0.129
11.860	-24.637	-0.149
11.880	-26.721	-0.125
11.900	-28.424	-0.150
11.920	-29.638	-0.115
11.940	-30.470	-0.140
11.960	-30.819	-0.096
11.980	-30.712	-0.119
12.000	-30.180	-0.079
12.020	-29.192	-0.092
12.040	-27.742	-0.055
12.060	-25.878	-0.054
12.080	-23.654	-0.031
12.100	-21.098	-0.017
12.120	-18.160	-0.001
12.140	-14.996	0.021
12.160	-11.677	0.031
12.180	-8.030	0.055
12.200	-4.334	0.060
12.220	-0.569	0.089
12.240	3.174	0.091
12.260	6.880	0.116
12.280	10.490	0.112
12.300	13.954	0.135
12.320	17.209	0.128
12.340	20.201	0.145
12.360	22.918	0.134
12.380	25.239	0.144
12.400	27.215	0.138
12.420	28.768	0.138
12.440	29.912	0.128
12.460	30.610	0.119
12.480	30.852	0.115
12.500	30.647	0.099
12.520	29.976	0.092
12.540	28.886	0.069
12.560	27.355	0.066
12.580	25.427	0.037
12.600	23.090	0.030
12.620	20.442	0.002
12.640	17.547	-0.006
12.660	14.244	-0.034
12.680	10.823	-0.037
12.700	7.229	-0.062
12.720	3.534	-0.076
12.740	-0.215	-0.091
12.760	-3.878	-0.108
12.780	-7.665	-0.111
12.800	-11.247	-0.135
12.820	-14.652	-0.129
12.840	-17.837	-0.148
12.860	-20.770	-0.137
12.880	-23.391	-0.156
12.900	-25.652	-0.142
12.920	-27.559	-0.156
12.940	-29.036	-0.137
12.960	-30.067	-0.146
12.980	-30.626	-0.124
13.000	-30.798	-0.131
13.020	-30.508	-0.103
13.040	-29.750	-0.103
13.060	-28.580	-0.078
13.080	-26.888	-0.073
13.100	-24.927	-0.050
13.120	-22.473	-0.036
13.140	-19.733	-0.019
13.160	-16.688	-0.000
13.180	-13.498	0.014
13.200	-9.931	0.036
13.220	-6.290	0.045
13.240	-2.557	0.066
13.260	1.192	0.075
13.280	4.952	0.092
13.300	8.604	0.101
13.320	12.139	0.117
13.340	15.522	0.121
13.360	18.643	0.131
13.380	21.517	0.132
13.400	24.052	0.129
13.420	26.216	0.136
13.440	27.989	0.129
13.460	29.375	0.129
13.480	30.298	0.120
13.500	30.776	0.115
13.520	30.803	0.098
13.540	30.395	0.095
13.560	29.509	0.072
13.580	28.214	0.066
13.600	26.479	0.039
13.620	24.385	0.037
13.640	21.957	0.003
13.660	19.067	0.003
13.680	16.006	-0.029
13.700	12.729	-0.029
13.720	9.136	-0.062
13.740	5.516	-0.061
13.760	1.767	-0.092
13.780	-1.993	-0.092
13.800	-5.715	-0.116
13.820	-9.378	-0.120
13.840	-12.875	-0.133
13.860	-16.188	-0.137
13.880	-19.271	-0.139
13.900	-22.027	-0.147
13.920	-24.514	-0.144
13.940	-26.614	-0.154
13.960	-28.327	-0.138
13.980	-29.562	-0.143
14.000	-30.422	-0.123
14.020	-30.787	-0.126
14.040	-30.728	-0.108
14.060	-30.229	-0.101
14.080	-29.251	-0.084
14.100	-27.854	-0.075
14.120	-26.034	-0.058
14.140	-23.810	-0.039
14.160	-21.264	-0.025
14.180	-18.358	0.001
14.200	-15.195	0.006
14.220	-11.843	0.033
14.240	-8.261	0.036
14.260	-4.560	0.071
14.280	-0.811	0.070
14.300	2.959	0.101
14.320	6.660	0.099
14.340	10.280	0.123
14.360	13.755	0.120
14.380	17.010	0.135
14.400	20.023	0.130
14.420	22.752	0.141
14.440	25.110	0.134
14.460	27.092	0.144
14.480	28.682	0.132
14.500	29.858	0.131
14.520	30.578	0.121
14.540	30.841	0.116
14.560	30.674	0.105
14.580	30.041	0.091
14.600	28.950	0.076
14.620	27.430	0.060
14.640	25.561	0.054
14.660	23.305	0.027
14.680	20.593	0.015
14.700	17.649	-0.005
14.720	14.523	-0.017
14.740	11.016	-0.040
14.760	7.434	-0.049
14.780	3.733	-0.065
14.800	0.086	-0.081
14.820	-3.765	-0.098
14.840	-7.482	-0.107
14.860	-11.070	-0.117
14.880	-14.475	-0.127
14.900	-17.692	-0.126
14.920	-20.646	-0.138
14.940	-23.294	-0.132
14.960	-25.572	-0.138
14.980	-27.473	-0.131
15.000	-28.988	-0.133
15.020	-30.046	-0.126
15.040	-30.647	-0.124
15.060	-30.814	-0.104
15.080	-30.551	-0.099
15.100	-29.847	-0.078
15.120	-28.666	-0.073
15.140	-27.054	-0.054
15.160	-25.045	-0.037
15.180	-22.666	-0.022
15.200	-19.921	-0.008
15.220	-16.892	0.012
15.240	-13.659	0.033
15.260	-10.146	0.044
15.280	-6.537	0.062
15.300	-2.804	0.075
15.320	0.967	0.095
15.340	4.608	0.108
15.360	8.379	0.120
15.380	11.945	0.122
15.400	15.324	0.140
15.420	18.455	0.138
15.440	21.350	0.151
15.460	23.907	0.143
15.480	26.098	0.148
15.500	27.892	0.142
15.520	29.294	0.143
15.540	30.234	0.133
15.560	30.755	0.126
15.580	30.819	0.111
15.600	30.427	0.101
15.620	29.584	0.088
15.640	28.300	0.073
15.660	26.603	0.065
15.680	24.578	0.042
15.700	22.032	0.029
15.720	19.255	0.006
15.740	16.258	-0.009
15.760	12.842	-0.033
15.780	9.356	-0.040
15.800	5.704	-0.062
15.820	1.987	-0.076
15.840	-1.767	-0.092
15.860	-5.484	-0.101
15.880	-9.163	-0.113
15.900	-12.681	-0.127
15.920	-16.011	-0.128
15.940	-19.094	-0.146
15.960	-21.909	-0.133
15.980	-24.390	-0.148
16.000	-26.490	-0.135
16.020	-28.220	-0.148
16.040	-29.520	-0.128
16.060	-30.384	-0.135
16.080	-30.782	-0.115
16.100	-30.739	-0.115
16.120	-30.266	-0.095
16.140	-29.332	-0.085
16.160	-27.914	-0.069
16.180	-26.125	-0.057
16.200	-23.939	-0.035
16.220	-21.409	-0.023
16.240	-18.525	-0.007
16.260	-15.367	0.008
16.280	-12.004	0.027
16.300	-8.454	0.044
16.320	-4.764	0.057
16.340	-1.015	0.073
16.360	2.739	0.087
16.380	6.467	0.104
16.400	10.076	0.113
16.420	13.567	0.120
16.440	16.833	0.129
16.460	19.862	0.133
16.480	22.607	0.135
16.500	24.981	0.133
16.520	27.006	0.136
16.540	28.612	0.127
16.560	29.810	0.130
16.580	30.551	0.117
16.600	30.841	0.113
16.620	30.696	0.095
16.640	30.094	0.089
16.660	29.042	0.069
16.680	27.548	0.061
16.700	25.668	0.040
16.720	23.396	0.026
16.740	20.770	0.004
16.760	17.837	-0.009
16.780	14.642	-0.030
16.800	11.220	-0.042
16.820	7.654	-0.066
16.840	3.996	-0.081
16.860	0.231	-0.092
16.880	-3.523	-0.106
16.900	-7.229	-0.120
16.920	-10.823	-0.129
16.940	-14.233	-0.139
16.960	-17.483	-0.144
16.980	-20.442	-0.148
17.000	-23.090	-0.150
17.020	-25.411	-0.149
17.040	-27.339	-0.149
17.060	-28.886	-0.145
17.080	-29.960	-0.141
17.100	-30.599	-0.133
17.120	-30.798	-0.124
17.140	-30.545	-0.112
17.160	-29.863	-0.100
17.180	-28.703	-0.083
17.200	-27.103	-0.071
17.220	-25.137	-0.053
17.240	-22.773	-0.036
17.260	-20.072	-0.024
17.280	-17.069	-0.004
17.300	-13.820	0.011
17.320	-10.361	0.034
17.340	-6.725	0.044
17.360	-3.002	0.066
17.380	0.757	0.075
17.400	4.506	0.097
17.420	8.164	0.103
17.440	11.736	0.117
17.460	15.130	0.123
17.480	18.289	0.133
17.500	21.205	0.133
17.520	23.778	0.133
17.540	25.975	0.132
17.560	27.806	0.134
17.580	29.229	0.128
17.600	30.207	0.125
17.620	30.750	0.113
17.640	30.830	0.106
17.660	30.470	0.098
17.680	29.638	0.081
17.700	28.435	0.066
17.720	26.694	0.050
17.740	24.659	0.037
17.760	22.199	0.016
17.780	19.427	0.007
17.800	16.371	-0.020
17.820	13.046	-0.026
17.840	9.555	-0.053
17.860	5.930	-0.062
17.880	2.202	-0.083
17.900	-1.547	-0.089
17.920	-5.285	-0.107
17.940	-8.980	-0.116
17.960	-12.499	-0.124
17.980	-15.818	-0.129
18.000	-18.938	-0.137
18.020	-21.748	-0.145
18.040	-24.261	-0.136
18.060	-26.426	-0.148
18.080	-28.161	-0.137
18.100	-29.477	-0.140
18.120	-30.374	-0.121
18.140	-30.760	-0.120
18.160	-30.782	-0.108
18.180	-30.341	-0.103
18.200	-29.412	-0.084
18.220	-28.053	-0.071
18.240	-26.286	-0.056
18.260	-24.111	-0.037
18.280	-21.592	-0.023
18.300	-18.718	-0.002
18.320	-15.587	0.010
18.340	-12.251	0.037
18.360	-8.771	0.041
18.380	-5.017	0.067
18.400	-1.273	0.075
18.420	2.417	0.099
18.440	6.225	0.105
18.460	9.861	0.125
18.480	13.358	0.123
18.500	16.629	0.138
18.520	19.680	0.135
18.540	22.446	0.145
18.560	24.852	0.143
18.580	26.893	0.144
18.600	28.515	0.141
18.620	29.745	0.136
18.640	30.519	0.130
18.660	30.830	0.122
18.680	30.717	0.111
18.700	30.143	0.097
18.720	29.111	0.087
18.740	27.629	0.073
18.760	25.797	0.056
18.780	23.536	0.038
18.800	20.931	0.023
18.820	18.101	0.001
18.840	14.824	-0.015
18.860	11.430	-0.030
18.880	7.858	-0.047
18.900	4.173	-0.062
18.920	0.451	-0.083
18.940	-3.319	-0.087
18.960	-7.031	-0.107
18.980	-10.543	-0.110
19.000	-14.094	-0.129
19.020	-17.306	-0.124
19.040	-20.222	-0.141
19.060	-22.972	-0.133
19.080	-25.298	-0.143
19.100	-27.269	-0.133
19.120	-28.848	-0.137
19.140	-29.960	-0.126
19.160	-30.599	-0.124
19.180	-30.814	-0.107
19.200	-30.610	-0.103
19.220	-29.955	-0.087
19.240	-28.811	-0.072
19.260	-27.248	-0.059
19.280	-25.282	-0.043
19.300	-22.967	-0.026
19.320	-20.249	-0.012
19.340	-17.273	0.007
19.360	-14.029	0.024
19.380	-10.549	0.038
19.400	-6.966	0.050
19.420	-3.233	0.072
19.440	0.516	0.085
19.460	4.265	0.099
19.480	7.949	0.112
19.500	11.537	0.122
19.520	14.921	0.130
19.540	18.127	0.141
19.560	20.947	0.139
19.580	23.638	0.140
19.600	25.846	0.140
19.620	27.715	0.141
19.640	29.149	0.137
19.660	30.153	0.131
19.680	30.723	0.121
19.700	30.835	0.114
19.720	30.513	0.096
19.740	29.702	0.089
19.760	28.478	0.072
19.780	26.818	0.058
19.800	24.782	0.038
19.820	22.354	0.026
19.840	19.669	0.007
19.860	16.548	-0.013
19.880	13.272	-0.028
19.900	9.765	-0.045
19.920	6.150	-0.059
19.940	2.449	-0.078
19.960	-1.327	-0.091
19.980	-5.054	-0.106
20.000	-8.739	-0.117
20.020	-12.251	-0.127
20.040	-15.587	-0.139
20.060	-18.745	-0.144
20.080	-21.581	-0.145
20.100	-24.084	-0.147
20.120	-26.275	-0.145
20.140	-28.026	-0.149
20.160	-29.396	-0.137
20.180	-30.293	-0.135
20.200	-30.733	-0.126
20.220	-30.744	-0.118
20.240	-30.331	-0.103
20.260	-29.455	-0.091
20.280	-28.112	-0.079
20.300	-26.356	-0.063
20.320	-24.261	-0.046
20.340	-21.705	-0.030
20.360	-18.879	-0.013
20.380	-15.748	0.003
20.400	-12.434	0.019
20.420	-8.889	0.040
20.440	-5.285	0.051
20.460	-1.472	0.068
20.480	2.299	0.082
20.500	6.037	0.095
20.520	9.641	0.106
20.540	13.165	0.116
20.560	16.462	0.125
20.580	19.508	0.127
20.600	22.306	0.132
20.620	24.718	0.131
20.640	26.780	0.133
20.660	28.435	0.128
20.680	29.681	0.125
20.700	30.476	0.114
20.720	30.819	0.110
20.740	30.733	0.093
20.760	30.159	0.087
20.780	29.181	0.072
20.800	27.795	0.058
20.820	25.921	0.037
20.840	23.692	0.025
20.860	21.087	0.004
20.880	18.203	-0.008
20.900	15.050	-0.033
20.920	11.634	-0.042
20.940	8.094	-0.062
20.960	4.431	-0.076
20.980	0.666	-0.092
21.000	-3.067	-0.106
21.020	-6.789	-0.115
21.040	-10.425	-0.129
21.060	-13.857	-0.132
21.080	-17.107	-0.144
21.100	-20.115	-0.143
21.120	-22.790	-0.149
21.140	-25.164	-0.149
21.160	-27.140	-0.146
21.180	-28.692	-0.141
21.200	-29.858	-0.137
21.220	-30.556	-0.131
21.240	-30.803	-0.120
21.260	-30.610	-0.110
21.280	-29.955	-0.097
21.300	-28.896	-0.086
21.320	-27.350	-0.070
21.340	-25.395	-0.054
21.360	-23.085	-0.032
21.380	-20.421	-0.024
21.400	-17.435	-0.001
21.420	-14.223	0.013
21.440	-10.796	0.031
21.460	-7.181	0.045
21.480	-3.464	0.064
21.500	0.290	0.079
21.520	3.958	0.095
21.540	7.729	0.105
21.560	11.333	0.119
21.580	14.722	0.125
21.600	17.918	0.131
21.620	20.867	0.137
21.640	23.482	0.136
21.660	25.733	0.141
21.680	27.564	0.134
21.700	29.079	0.137
21.720	30.121	0.127
21.740	30.712	0.121
21.760	30.852	0.112
21.780	30.529	0.102
21.800	29.756	0.090
21.820	28.596	0.074
21.840	26.915	0.056
21.860	24.922	0.041
21.880	22.489	0.025
21.900	19.750	0.009
21.920	16.747	-0.013
21.940	13.433	-0.023
21.960	9.985	-0.043
21.980	6.354	-0.058
22.000	2.637	-0.071
22.020	-1.106	-0.088
22.040	-4.866	-0.103
22.060	-8.459	-0.112
22.080	-12.085	-0.118
22.100	-15.447	-0.125
22.120	-18.584	-0.133
22.140	-21.441	-0.135
22.160	-23.977	-0.138
22.180	-26.179	-0.137
22.200	-27.973	-0.138
22.220	-29.348	-0.129
22.240	-30.293	-0.126
22.260	-30.739	-0.116
22.280	-30.792	-0.108
22.300	-30.411	-0.092
22.320	-29.579	-0.083
22.340	-28.236	-0.065
22.360	-26.490	-0.051
22.380	-24.390	-0.033
22.400	-21.898	-0.021
22.420	-19.073	-0.002
22.440	-15.968	0.017
22.460	-12.729	0.033
22.480	-9.109	0.045
22.500	-5.457	0.068
22.520	-1.697	0.082
22.540	2.052	0.097
22.560	5.790	0.107
22.580	9.437	0.121
22.600	12.960	0.126
22.620	16.269	0.139
22.640	19.336	0.143
22.660	22.150	0.147
22.680	24.530	0.147
22.700	26.667	0.144
22.720	28.343	0.145
22.740	29.616	0.140
22.760	30.443	0.132
22.780	30.841	0.124
22.800	30.766	0.107
22.820	30.223	0.099
22.840	29.240	0.085
22.860	27.854	0.071
22.880	26.039	0.058
22.900	23.815	0.040
22.920	21.253	0.019
22.940	18.380	0.003
22.960	15.222	-0.015
22.980	11.822	-0.028
23.000	8.288	-0.046
23.020	4.630	-0.060
23.040	0.902	-0.079
23.060	-2.890	-0.093
23.080	-6.585	-0.102
23.100	-10.216	-0.118
23.120	-13.675	-0.119
23.140	-16.930	-0.136
23.160	-19.975	-0.136
23.180	-22.671	-0.143
23.200	-25.013	-0.141
23.220	-27.065	-0.144
23.240	-28.660	-0.139
23.260	-29.836	-0.133
23.280	-30.540	-0.125
23.300	-30.835	-0.116
23.320	-30.664	-0.104
23.340	-30.024	-0.091
23.360	-28.966	-0.077
23.380	-27.441	-0.066
23.400	-25.523	-0.047
23.420	-23.230	-0.033
23.440	-20.582	-0.013
23.460	-17.649	0.000
23.480	-14.421	0.022
23.500	-11.070	0.031
23.520	-7.391	0.054
23.540	-3.760	0.062
23.560	0.081	0.087
23.580	3.835	0.092
23.600	7.525	0.109
23.620	11.113	0.116
23.640	14.550	0.130
23.660	17.741	0.132
23.680	20.689	0.139
23.700	23.354	0.137
23.720	25.604	0.139
23.740	27.516	0.138
23.760	28.972	0.135
23.780	30.067	0.126
23.800	30.685	0.116
23.820	30.841	0.108
23.840	30.572	0.094
23.860	29.820	0.081
23.880	28.682	0.069
23.900	27.022	0.055
23.920	25.051	0.038
23.940	22.736	0.017
23.960	19.932	0.004
23.980	16.940	-0.021
24.000	13.664	-0.030
24.020	10.184	-0.054
24.040	6.601	-0.063
24.060	2.884	-0.087
24.080	-0.865	-0.091
24.100	-4.608	-0.116
24.120	-8.304	-0.112
24.140	-11.859	-0.142
24.160	-15.211	-0.129
24.180	-18.380	-0.153
24.200	-21.253	-0.140
24.220	-23.794	-0.158
24.240	-26.018	-0.144
24.260	-27.854	-0.154
24.280	-29.235	-0.141
24.300	-30.207	-0.141
24.320	-30.696	-0.131
24.340	-30.803	-0.120
24.360	-30.406	-0.114
24.380	-29.579	-0.091
24.400	-28.300	-0.087
24.420	-26.576	-0.062
24.440	-24.487	-0.054
24.460	-22.027	-0.032
24.480	-19.218	-0.021
24.500	-16.129	-0.001
24.520	-12.815	0.018
24.540	-9.308	0.034
24.560	-5.645	0.052
24.580	-1.917	0.060
24.600	1.853	0.086
24.620	5.586	0.090
24.640	9.217	0.112
24.660	12.762	0.109
24.680	16.081	0.128
24.700	19.159	0.121
24.720	21.995	0.137
24.740	24.444	0.128
24.760	26.571	0.140
24.780	28.225	0.124
24.800	29.562	0.130
24.820	30.411	0.110
24.840	30.814	0.114
24.860	30.766	0.097
24.880	30.271	0.089
24.900	29.326	0.072
24.920	27.924	0.056
24.940	26.146	0.045
24.960	23.982	0.027
24.980	21.404	0.013
25.000	18.552	-0.008
25.020	15.501	-0.021
25.040	12.053	-0.042
25.060	8.535	-0.056
25.080	4.839	-0.074
25.100	1.117	-0.087
25.120	-2.632	-0.099
25.140	-6.386	-0.112
25.160	-9.920	-0.118
25.180	-13.471	-0.133
25.200	-16.747	-0.130
25.220	-19.782	-0.149
25.240	-22.457	-0.136
25.260	-24.906	-0.155
25.280	-26.941	-0.135
25.300	-28.590	-0.145
25.320	-29.767	-0.126
25.340	-30.524	-0.133
25.360	-30.803	-0.119
25.380	-30.685	-0.112
25.400	-30.100	-0.094
25.420	-29.052	-0.081
25.440	-27.570	-0.068
25.460	-25.652	-0.055
25.480	-23.407	-0.033
25.500	-20.770	-0.021
25.520	-17.837	-0.003
25.540	-14.642	0.011
25.560	-11.220	0.032
25.580	-7.627	0.049
25.600	-3.926	0.069
25.620	-0.156	0.080
25.640	3.588	0.098
25.660	7.299	0.104
25.680	10.893	0.121
25.700	14.330	0.124
25.720	17.563	0.134
25.740	20.512	0.135
25.760	23.187	0.141
25.780	25.491	0.137
25.800	27.409	0.140
25.820	28.918	0.133
25.840	30.019	0.133
25.860	30.658	0.122
25.880	30.862	0.116
25.900	30.604	0.099
25.920	29.879	0.092
25.940	28.719	0.072
25.960	27.146	0.058
25.980	25.180	0.045
26.000	22.806	0.029
26.020	20.104	0.008
26.040	17.107	-0.001
26.060	13.857	-0.022
26.080	10.393	-0.037
26.100	6.789	-0.054
26.120	3.094	-0.066
26.140	-0.661	-0.083
26.160	-4.415	-0.094
26.180	-8.116	-0.108
26.200	-11.666	-0.114
26.220	-15.050	-0.127
26.240	-18.219	-0.129
26.260	-21.135	-0.136
26.280	-23.692	-0.135
26.300	-25.916	-0.135
26.320	-27.769	-0.135
26.340	-29.192	-0.129
26.360	-30.196	-0.129
26.380	-30.701	-0.116
26.400	-30.825	-0.111
26.420	-30.449	-0.091
26.440	-29.670	-0.083
26.460	-28.413	-0.066
26.480	-26.721	-0.054
26.500	-24.648	-0.036
26.520	-22.199	-0.021
26.540	-19.422	-0.008
26.560	-16.350	0.014
26.580	-13.025	0.028
26.600	-9.620	0.047
26.620	-5.876	0.058
26.640	-2.143	0.075
26.660	1.611	0.093
26.680	5.376	0.106
26.700	9.007	0.117
26.720	12.466	0.126
26.740	15.893	0.136
26.760	18.976	0.138
26.780	21.758	0.142
26.800	24.315	0.141
26.820	26.447	0.145
26.840	28.139	0.138
26.860	29.498	0.142
26.880	30.374	0.126
26.900	30.798	0.120
26.920	30.771	0.104
26.940	30.320	0.099
26.960	29.385	0.083
26.980	28.075	0.068
27.000	26.254	0.054
27.020	24.111	0.035
27.040	21.640	0.021
27.060	18.729	0.002
27.080	15.625	-0.013
27.100	12.257	-0.033
27.120	8.717	-0.045
27.140	5.081	-0.070
27.160	1.337	-0.075
27.180	-2.422	-0.100
27.200	-6.139	-0.100
27.220	-9.786	-0.122
27.240	-13.245	-0.123
27.260	-16.462	-0.135
27.280	-19.610	-0.141
27.300	-22.349	-0.139
27.320	-24.766	-0.144
27.340	-26.829	-0.141
27.360	-28.494	-0.143
27.380	-29.691	-0.129
27.400	-30.476	-0.135
27.420	-30.798	-0.116
27.440	-30.696	-0.118
27.460	-30.116	-0.095
27.480	-29.101	-0.087
27.500	-27.640	-0.069
27.520	-25.765	-0.055
27.540	-23.504	-0.039
27.560	-20.920	-0.021
27.580	-17.977	-0.008
27.600	-14.803	0.011
27.620	-11.408	0.023
27.640	-7.815	0.045
27.660	-4.114	0.054
27.680	-0.371	0.075
27.700	3.400	0.082
27.720	7.004	0.102
27.740	10.688	0.111
27.760	14.158	0.119
27.780	17.370	0.124
27.800	20.373	0.134
27.820	23.053	0.128
27.840	25.357	0.137
27.860	27.317	0.129
27.880	28.805	0.130
27.900	29.965	0.118
27.920	30.637	0.116
27.940	30.841	0.104
27.960	30.626	0.095
27.980	29.944	0.083
28.000	28.843	0.067
28.020	27.226	0.051
28.040	25.309	0.041
28.060	22.961	0.018
28.080	20.335	0.002
28.100	17.306	-0.015
28.120	14.067	-0.029
28.140	10.635	-0.049
28.160	7.025	-0.061
28.180	3.325	-0.083
28.200	-0.414	-0.096
28.220	-4.173	-0.114
28.240	-7.874	-0.116
28.260	-11.424	-0.134
28.280	-14.835	-0.137
28.300	-18.004	-0.146
28.320	-20.937	-0.145
28.340	-23.520	-0.153
28.360	-25.765	-0.147
28.380	-27.656	-0.149
28.400	-29.117	-0.139
28.420	-30.110	-0.144
28.440	-30.637	-0.124
28.460	-30.787	-0.125
28.480	-30.470	-0.104
28.500	-29.702	-0.103
28.520	-28.478	-0.076
28.540	-26.839	-0.071
28.560	-24.729	-0.046
28.580	-22.338	-0.037
28.600	-19.562	-0.013
28.620	-16.505	-0.004
28.640	-13.250	0.020
28.660	-9.727	0.033
28.680	-6.091	0.051
28.700	-2.358	0.065
28.720	1.402	0.085
28.740	5.146	0.092
28.760	8.798	0.109
28.780	12.332	0.117
28.800	15.608	0.124
28.820	18.810	0.131
28.840	21.667	0.137
28.860	24.181	0.134
28.880	26.324	0.138
28.900	28.075	0.132
28.920	29.428	0.133
28.940	30.325	0.117
28.960	30.787	0.114
28.980	30.792	0.104
29.000	30.379	0.099
29.020	29.455	0.076
29.040	28.128	0.069
29.060	26.420	0.048
29.080	24.256	0.039
29.100	21.737	0.011
29.120	18.906	0.004
29.140	15.882	-0.023
29.160	12.461	-0.029
29.180	8.937	-0.052
29.200	5.360	-0.061
29.220	1.558	-0.084
29.240	-2.224	-0.094
29.260	-5.935	-0.112
29.280	-9.496	-0.112
29.300	-13.100	-0.129
29.320	-16.371	-0.126
29.340	-19.438	-0.138
29.360	-22.231	-0.136
29.380	-24.675	-0.141
29.400	-26.727	-0.139
29.420	-28.429	-0.136
29.440	-29.654	-0.134
29.460	-30.486	-0.125
29.480	-30.814	-0.120
29.500	-30.739	-0.108
29.520	-30.202	-0.095
29.540	-29.224	-0.077
29.560	-27.779	-0.066
29.580	-25.910	-0.048
29.600	-23.767	-0.033
29.620	-21.114	-0.014
29.640	-18.192	0.000
29.660	-15.034	0.016
29.680	-11.725	0.037
29.700	-8.073	0.047
29.720	-4.356	0.072
29.740	-0.693	0.079
29.760	3.153	0.104
29.780	6.870	0.107
29.800	10.474	0.123
29.820	13.938	0.127
29.840	17.209	0.141
29.860	20.185	0.138
29.880	22.908	0.145
29.900	25.233	0.144
29.920	27.215	0.143
29.940	28.768	0.140
29.960	29.901	0.140
29.980	30.604	0.129
30.000	30.841	0.124
30.020	30.658	0.109
30.040	29.976	0.100
30.060	28.891	0.086
30.080	27.355	0.066
30.100	25.480	0.054
30.120	23.117	0.038
30.140	20.437	0.022
30.160	17.558	0.001
30.180	14.260	-0.013
30.200	10.812	-0.032
30.220	7.219	-0.046
30.240	3.534	-0.066
30.260	-0.220	-0.080
30.280	-3.948	-0.092
30.300	-7.675	-0.103
30.320	-11.258	-0.113
30.340	-14.545	-0.124
30.360	-17.854	-0.132
30.380	-20.786	-0.135
30.400	-23.402	-0.138
30.420	-25.685	-0.139
30.440	-27.570	-0.139
30.460	-29.047	-0.134
30.480	-30.067	-0.129
30.500	-30.669	-0.118
30.520	-30.841	-0.110
30.540	-30.524	-0.096
30.560	-29.777	-0.083
30.580	-28.558	-0.071
30.600	-26.952	-0.056
30.620	-24.906	-0.038
30.640	-22.510	-0.025
30.660	-19.766	-0.008
30.680	-16.699	0.005
30.700	-13.465	0.029
30.720	-9.942	0.040
30.740	-6.306	0.057
30.760	-2.600	0.070
30.780	1.198	0.090
30.800	4.925	0.099
30.820	8.578	0.118
30.840	12.069	0.121
30.860	15.506	0.133
30.880	18.552	0.136
30.900	21.506	0.143
30.920	24.046	0.140
30.940	26.206	0.143
30.960	27.994	0.136
30.980	29.358	0.137
31.000	30.298	0.125
31.020	30.766	0.120
31.040	30.814	0.106
31.060	30.384	0.100
31.080	29.514	0.082
31.100	28.220	0.068
31.120	26.485	0.054
31.140	24.406	0.040
31.160	21.893	0.016
31.180	19.083	0.004
31.200	16.011	-0.021
31.220	12.735	-0.031
31.240	9.163	-0.047
31.260	5.516	-0.065
31.280	1.767	-0.086
31.300	-1.966	-0.092
31.320	-5.709	-0.111
31.340	-9.362	-0.116
31.360	-12.762	-0.136
31.380	-16.172	-0.136
31.400	-19.261	-0.147
31.420	-22.021	-0.144
31.440	-24.492	-0.150
31.460	-26.582	-0.145
31.480	-28.311	-0.150
31.500	-29.530	-0.136
31.520	-30.406	-0.142
31.540	-30.760	-0.123
31.560	-30.707	-0.122
31.580	-30.196	-0.101
31.600	-29.246	-0.090
31.620	-27.865	-0.076
31.640	-26.007	-0.059
31.660	-23.778	-0.045
31.680	-21.253	-0.027
31.700	-18.332	-0.016
31.720	-15.189	0.008
31.740	-11.822	0.021
31.760	-8.239	0.038
31.780	-4.571	0.055
31.800	-0.790	0.068
31.820	2.959	0.086
31.840	6.655	0.097
31.860	10.286	0.108
31.880	13.755	0.113
31.900	17.005	0.123
31.920	20.013	0.123
31.940	22.741	0.131
31.960	25.056	0.130
31.980	27.092	0.133
32.000	28.676	0.124
32.020	29.863	0.124
32.040	30.572	0.113
32.060	30.835	0.108
32.080	30.669	0.096
32.100	30.030	0.084
32.120	28.961	0.069
32.140	27.441	0.054
32.160	25.615	0.042
32.180	23.246	0.025
32.200	20.614	0.009
32.220	17.671	-0.011
32.240	14.540	-0.026
32.260	11.043	-0.049
32.280	7.460	-0.055
32.300	3.771	-0.083
32.320	0.027	-0.089
32.340	-3.744	-0.104
32.360	-7.439	-0.112
32.380	-11.021	-0.127
32.400	-14.448	-0.133
32.420	-17.644	-0.138
32.440	-20.604	-0.147
32.460	-23.235	-0.142
32.480	-25.534	-0.151
32.500	-27.398	-0.144
32.520	-28.956	-0.144
32.540	-30.019	-0.133
32.560	-30.626	-0.130
32.580	-30.809	-0.116
32.600	-30.540	-0.110
32.620	-29.820	-0.093
32.640	-28.649	-0.079
32.660	-27.017	-0.067
32.680	-25.002	-0.048
32.700	-22.655	-0.036
32.720	-19.911	-0.014
32.740	-16.897	-0.004
32.760	-13.648	0.021
32.780	-10.253	0.031
32.800	-6.542	0.054
32.820	-2.793	0.065
32.840	0.961	0.084
32.860	4.700	0.092
32.880	8.368	0.108
32.900	11.843	0.115
32.920	15.318	0.128
32.940	18.455	0.129
32.960	21.339	0.137
32.980	23.907	0.132
33.000	26.093	0.139
33.020	27.897	0.135
33.040	29.294	0.136
33.060	30.234	0.128
33.080	30.760	0.119
33.100	30.814	0.109
33.120	30.427	0.099
33.140	29.605	0.087
33.160	28.306	0.075
33.180	26.603	0.061
33.200	24.578	0.043
33.220	22.048	0.025
33.240	19.250	0.009
33.260	16.274	-0.010
33.280	12.853	-0.022
33.300	9.356	-0.045
33.320	5.742	-0.052
33.340	2.009	-0.075
33.360	-1.778	-0.080
33.380	-5.473	-0.104
33.400	-9.163	-0.105
33.420	-12.687	-0.122
33.440	-15.888	-0.124
33.460	-19.100	-0.134
33.480	-21.893	-0.135
33.500	-24.385	-0.137
33.520	-26.501	-0.136
33.540	-28.209	-0.132
33.560	-29.520	-0.129
33.580	-30.379	-0.125
33.600	-30.760	-0.116
33.620	-30.750	-0.104
33.640	-30.250	-0.091
33.660	-29.321	-0.077
33.680	-27.930	-0.064
33.700	-26.146	-0.046
33.720	-23.966	-0.033
33.740	-21.404	-0.017
33.760	-18.530	0.001
33.780	-15.372	0.016
33.800	-12.031	0.035
33.820	-8.459	0.048
33.840	-4.791	0.069
33.860	-1.133	0.080
33.880	2.707	0.099
33.900	6.435	0.109
33.920	9.974	0.123
33.940	13.546	0.128
33.960	16.812	0.137
33.980	19.782	0.142
34.000	22.607	0.150
34.020	24.959	0.149
34.040	26.995	0.145
34.060	28.612	0.142
34.080	29.799	0.134
34.100	30.551	0.130
34.120	30.852	0.119
34.140	30.696	0.112
34.160	30.094	0.099
34.180	29.047	0.083
34.200	27.548	0.067
34.220	25.685	0.054
34.240	23.402	0.039
34.260	20.770	0.018
34.280	17.859	0.002
34.300	14.663	-0.014
34.320	11.242	-0.029
34.340	7.777	-0.048
34.360	3.980	-0.065
34.380	0.242	-0.083
34.400	-3.497	-0.091
34.420	-7.235	-0.106
34.440	-10.828	-0.112
34.460	-14.239	-0.127
34.480	-17.483	-0.132
34.500	-20.453	-0.140
34.520	-23.026	-0.140
34.540	-25.411	-0.140
34.560	-27.323	-0.141
34.580	-28.891	-0.136
34.600	-29.960	-0.131
34.620	-30.604	-0.123
34.640	-30.814	-0.118
34.660	-30.556	-0.100
34.680	-29.879	-0.095
34.700	-28.725	-0.075
34.720	-27.140	-0.066
34.740	-25.137	-0.045
34.760	-22.779	-0.030
34.780	-20.104	-0.015
34.800	-17.139	0.001
34.820	-13.841	0.020
34.840	-10.366	0.037
34.860	-6.821	0.048
34.880	-3.029	0.068
34.900	0.747	0.079
34.920	4.501	0.096
34.940	8.148	0.106
34.960	11.741	0.119
34.980	15.114	0.124
35.000	18.278	0.131
35.020	21.189	0.131
35.040	23.772	0.135
35.060	25.975	0.136
35.080	27.790	0.130
35.100	29.219	0.127
35.120	30.207	0.120
35.140	30.744	0.116
35.160	30.830	0.104
35.180	30.476	0.099
35.200	29.643	0.079
35.220	28.386	0.064
35.240	26.721	0.047
35.260	24.664	0.037
35.280	22.199	0.012
35.300	19.438	0.004
35.320	16.382	-0.020
35.340	13.079	-0.033
35.360	9.577	-0.053
35.380	5.946	-0.067
35.400	2.336	-0.087
35.420	-1.520	-0.100
35.440	-5.253	-0.111
35.460	-8.927	-0.125
35.480	-12.445	-0.130
35.500	-15.780	-0.143
35.520	-18.896	-0.143
35.540	-21.726	-0.148
35.560	-24.197	-0.149
35.580	-26.377	-0.154
35.600	-28.112	-0.149
35.620	-29.444	-0.140
35.640	-30.320	-0.140
35.660	-30.733	-0.130
35.680	-30.750	-0.122
35.700	-30.277	-0.102
35.720	-29.385	-0.094
35.740	-28.016	-0.078
35.760	-26.243	-0.070
35.780	-24.089	-0.045
35.800	-21.543	-0.036
35.820	-18.686	-0.013
35.840	-15.576	0.001
35.860	-12.235	0.018
35.880	-8.680	0.036
35.900	-5.006	0.051
35.920	-1.251	0.066
35.940	2.503	0.081
35.960	6.236	0.093
35.980	9.856	0.108
36.000	13.358	0.114
36.020	16.640	0.128
36.040	19.674	0.126
36.060	22.440	0.133
36.080	24.836	0.132
36.100	26.877	0.132
36.120	28.515	0.128
36.140	29.745	0.124
36.160	30.524	0.118
36.180	30.835	0.109
36.200	30.723	0.098
36.220	30.143	0.087
36.240	29.106	0.071
36.260	27.661	0.060
36.280	25.803	0.045
36.300	23.622	0.029
36.320	20.947	0.008
36.340	18.015	-0.007
36.360	14.856	-0.025
36.380	11.440	-0.039
36.400	7.869	-0.057
36.420	4.200	-0.071
36.440	0.462	-0.091
36.460	-3.298	-0.100
36.480	-6.988	-0.109
36.500	-10.619	-0.124
36.520	-14.051	-0.128
36.540	-17.290	-0.140
36.560	-20.281	-0.141
36.580	-22.940	-0.146
36.600	-25.298	-0.141
36.620	-27.258	-0.143
36.640	-28.805	-0.137
36.660	-29.917	-0.136
36.680	-30.578	-0.125
36.700	-30.803	-0.115
36.720	-30.610	-0.108
36.740	-29.949	-0.094
36.760	-28.811	-0.079
36.780	-27.231	-0.067
36.800	-25.287	-0.049
36.820	-22.951	-0.027
36.840	-20.271	-0.017
36.860	-17.263	0.004
36.880	-14.121	0.020
36.900	-10.597	0.038
36.920	-6.961	0.047
36.940	-3.250	0.068
36.960	0.510	0.084
36.980	4.179	0.101
37.000	7.933	0.108
37.020	11.526	0.122
37.040	14.926	0.129
37.060	18.095	0.136
37.080	21.012	0.140
37.100	23.622	0.139
37.120	25.846	0.144
37.140	27.715	0.139
37.160	29.144	0.139
37.180	30.153	0.131
37.200	30.723	0.127
37.220	30.835	0.114
37.240	30.513	0.105
37.260	29.702	0.091
37.280	28.488	0.076
37.300	26.818	0.066
37.320	24.798	0.048
37.340	22.349	0.030
37.360	19.664	0.015
37.380	16.570	-0.004
37.400	13.256	-0.021
37.420	9.775	-0.037
37.440	6.177	-0.053
37.460	2.444	-0.070
37.480	-1.294	-0.084
37.500	-5.033	-0.095
37.520	-8.733	-0.106
37.540	-12.246	-0.116
37.560	-15.587	-0.124
37.580	-18.729	-0.133
37.600	-21.549	-0.134
37.620	-24.036	-0.137
37.640	-26.249	-0.133
37.660	-28.037	-0.138
37.680	-29.380	-0.126
37.700	-30.293	-0.126
37.720	-30.723	-0.114
37.740	-30.787	-0.103
37.760	-30.325	-0.091
37.780	-29.460	-0.076
37.800	-28.128	-0.067
37.820	-26.377	-0.050
37.840	-24.202	-0.033
37.860	-21.731	-0.018
37.880	-18.874	-0.001
37.900	-15.775	0.018
37.920	-12.450	0.030
37.940	-8.884	0.050
37.960	-5.231	0.063
37.980	-1.482	0.078
38.000	2.293	0.095
38.020	6.010	0.104
38.040	9.550	0.121
38.060	13.143	0.124
38.080	16.441	0.138
38.100	19.433	0.137
38.120	22.290	0.141
38.140	24.702	0.144
38.160	26.780	0.141
38.180	28.435	0.139
38.200	29.675	0.137
38.220	30.481	0.123
38.240	30.835	0.120
38.260	30.739	0.107
38.280	30.196	0.095
38.300	29.181	0.079
38.320	27.736	0.066
38.340	25.932	0.052
38.360	23.687	0.034
38.380	21.098	0.021
38.400	18.219	-0.001
38.420	15.044	-0.016
38.440	11.655	-0.035
38.460	8.202	-0.049
38.480	4.420	-0.071
38.500	0.714	-0.079
38.520	-2.965	-0.100
38.540	-6.789	-0.104
38.560	-10.404	-0.120
38.580	-13.831	-0.128
38.600	-17.096	-0.134
38.620	-20.115	-0.140
38.640	-22.800	-0.144
38.660	-25.137	-0.149
38.680	-27.129	-0.141
38.700	-28.714	-0.143
38.720	-29.869	-0.135
38.740	-30.551	-0.130
38.760	-30.798	-0.120
38.780	-30.610	-0.110
38.800	-29.955	-0.097
38.820	-28.907	-0.083
38.840	-27.350	-0.070
38.860	-25.373	-0.054
38.880	-23.096	-0.039
38.900	-20.410	-0.023
38.920	-17.435	-0.007
38.940	-14.212	0.016
38.960	-10.774	0.029
38.980	-7.256	0.046
39.000	-3.459	0.058
39.020	0.301	0.078
39.040	4.044	0.088
39.060	7.734	0.099
39.080	11.306	0.108
39.100	14.728	0.121
39.120	17.923	0.128
39.140	20.845	0.133
39.160	23.477	0.130
39.180	25.733	0.133
39.200	27.602	0.130
39.220	29.079	0.127
39.240	30.126	0.121
39.260	30.696	0.116
39.280	30.835	0.104
39.300	30.540	0.093
39.320	29.756	0.079
39.340	28.558	0.064
39.360	26.947	0.050
39.380	24.922	0.039
39.400	22.591	0.015
39.420	19.792	0.004
39.440	16.758	-0.022
39.460	13.487	-0.030
39.480	10.001	-0.053
39.500	6.381	-0.063
39.520	2.686	-0.087
39.540	-1.080	-0.095
39.560	-4.802	-0.116
39.580	-8.492	-0.118
39.600	-12.042	-0.135
39.620	-15.388	-0.137
39.640	-18.455	-0.145
39.660	-21.409	-0.147
39.680	-23.917	-0.150
39.700	-26.146	-0.147
39.720	-27.930	-0.146
39.740	-29.289	-0.139
39.760	-30.255	-0.137
39.780	-30.690	-0.129
39.800	-30.776	-0.118
39.820	-30.352	-0.104
39.840	-29.509	-0.095
39.860	-28.193	-0.078
39.880	-26.453	-0.065
39.900	-24.363	-0.045
39.920	-21.893	-0.034
39.940	-19.046	-0.013
39.960	-15.936	0.002
39.980	-12.627	0.021
40.000	-9.120	0.036
40.020	-5.441	0.053
40.040	-1.687	0.064
40.060	2.062	0.087
40.080	5.801	0.091
40.100	9.426	0.114
40.120	12.955	0.115
40.140	16.269	0.131
40.160	19.325	0.127
40.180	22.145	0.137
40.200	24.524	0.133
40.220	26.667	0.138
40.240	28.343	0.128
40.260	29.611	0.131
40.280	30.443	0.119
40.300	30.830	0.116
40.320	30.755	0.099
40.340	30.218	0.095
40.360	29.262	0.078
40.380	27.887	0.066
40.400	26.044	0.047
40.420	23.848	0.037
40.440	21.264	0.012
40.460	18.385	-0.004
40.480	15.329	-0.024
40.500	11.843	-0.031
40.520	8.320	-0.055
40.540	4.651	-0.063
40.560	0.902	-0.083
40.580	-2.836	-0.096
40.600	-6.574	-0.110
40.620	-10.200	-0.116
40.640	-13.643	-0.124
40.660	-16.919	-0.129
40.680	-19.927	-0.139
40.700	-22.639	-0.138
40.720	-25.013	-0.139
40.740	-27.033	-0.135
40.760	-28.644	-0.136
40.780	-29.820	-0.129
40.800	-30.529	-0.123
40.820	-30.776	-0.114
40.840	-30.647	-0.104
40.860	-30.035	-0.091
40.880	-28.961	-0.078
40.900	-27.457	-0.060
40.920	-25.523	-0.046
40.940	-23.235	-0.025
40.960	-20.598	-0.013
40.980	-17.623	0.007
41.000	-14.437	0.016
41.020	-11.097	0.038
41.040	-7.391	0.052
41.060	-3.685	0.073
41.080	-0.021	0.083
41.100	3.835	0.105
41.120	7.514	0.108
41.140	11.118	0.128
41.160	14.523	0.130
41.180	17.735	0.142
41.200	20.684	0.141
41.220	23.289	0.145
41.240	25.604	0.146
41.260	27.516	0.143
41.280	28.993	0.141
41.300	30.062	0.134
41.320	30.680	0.127
41.340	30.846	0.117
41.360	30.583	0.106
41.380	29.820	0.094
41.400	28.649	0.078
41.420	27.033	0.065
41.440	25.067	0.051
41.460	22.677	0.029
41.480	19.948	0.016
41.500	16.957	-0.006
41.520	13.664	-0.017
41.540	10.227	-0.036
41.560	6.601	-0.051
41.580	2.884	-0.071
41.600	-0.843	-0.086
41.620	-4.592	-0.094
41.640	-8.304	-0.107
41.660	-11.833	-0.115
41.680	-15.109	-0.126
41.700	-18.369	-0.129
41.720	-21.275	-0.139
41.740	-23.735	-0.138
41.760	-26.012	-0.141
41.780	-27.844	-0.135
41.800	-29.256	-0.135
41.820	-30.212	-0.121
41.840	-30.696	-0.120
41.860	-30.792	-0.110
41.880	-30.390	-0.096
41.900	-29.557	-0.086
41.920	-28.306	-0.069
41.940	-26.592	-0.054
41.960	-24.503	-0.039
41.980	-22.043	-0.023
42.000	-19.223	-0.006
42.020	-16.140	0.012
42.040	-12.848	0.026
42.060	-9.313	0.045
42.080	-5.672	0.054
42.100	-1.928	0.073
42.120	1.842	0.088
42.140	5.489	0.105
42.160	9.222	0.112
42.180	12.740	0.123
42.200	16.060	0.127
42.220	19.159	0.137
42.240	21.979	0.134
42.260	24.444	0.137
42.280	26.544	0.140
42.300	28.209	0.137
42.320	29.568	0.133
42.340	30.417	0.124
42.360	30.814	0.117
42.380	30.771	0.105
42.400	30.271	0.091
42.420	29.326	0.081
42.440	27.935	0.063
42.460	26.168	0.051
42.480	24.046	0.034
42.500	21.431	0.015
42.520	18.573	-0.003
42.540	15.437	-0.021
42.560	12.063	-0.037
42.580	8.524	-0.051
42.600	4.877	-0.072
42.620	1.149	-0.083
42.640	-2.637	-0.101
42.660	-6.349	-0.113
42.680	-9.974	-0.123
42.700	-13.460	-0.131
42.720	-16.709	-0.141
42.740	-19.669	-0.146
42.760	-22.483	-0.146
42.780	-24.874	-0.149
42.800	-26.925	-0.149
42.820	-28.563	-0.141
42.840	-29.734	-0.139
42.860	-30.502	-0.134
42.880	-30.782	-0.124
42.900	-30.653	-0.116
42.920	-30.078	-0.104
42.940	-29.036	-0.088
42.960	-27.538	-0.076
42.980	-25.658	-0.059
43.000	-23.391	-0.046
43.020	-20.765	-0.025
43.040	-17.805	-0.010
43.060	-14.615	0.011
43.080	-11.204	0.022
43.100	-7.632	0.043
43.120	-3.910	0.057
43.140	-0.156	0.070
43.160	3.609	0.085
43.180	7.289	0.098
43.200	10.887	0.112
43.220	14.325	0.116
43.240	17.547	0.125
43.260	20.512	0.128
43.280	23.182	0.129
43.300	25.416	0.133
43.320	27.403	0.130
43.340	28.913	0.125
43.360	30.014	0.123
43.380	30.658	0.115
43.400	30.857	0.106
43.420	30.599	0.092
43.440	29.879	0.083
43.460	28.730	0.070
43.480	27.151	0.050
43.500	25.190	0.039
43.520	22.811	0.017
43.540	20.104	0.008
43.560	17.209	-0.017
43.580	13.874	-0.028
43.600	10.404	-0.049
43.620	6.923	-0.059
43.640	3.110	-0.083
43.660	-0.655	-0.089
43.680	-4.302	-0.108
43.700	-8.094	-0.111
43.720	-11.639	-0.130
43.740	-15.028	-0.130
43.760	-18.219	-0.141
43.780	-21.119	-0.145
43.800	-23.681	-0.143
43.820	-25.916	-0.149
43.840	-27.785	-0.141
43.860	-29.203	-0.145
43.880	-30.207	-0.133
43.900	-30.723	-0.129
43.920	-30.809	-0.113
43.940	-30.486	-0.108
43.960	-29.675	-0.087
43.980	-28.429	-0.079
44.000	-26.743	-0.065
44.020	-24.643	-0.050
44.040	-22.231	-0.030
44.060	-19.443	-0.012
44.080	-16.376	-0.001
44.100	-13.084	0.025
44.120	-9.555	0.035
44.140	-5.887	0.057
44.160	-2.181	0.066
44.180	1.601	0.088
44.200	5.339	0.095
44.220	8.991	0.112
44.240	12.525	0.117
44.260	15.866	0.129
44.280	18.965	0.132
44.300	21.823	0.138
44.320	24.245	0.136
44.340	26.431	0.141
44.360	28.171	0.137
44.380	29.460	0.137
44.400	30.379	0.127
44.420	30.819	0.116
44.440	30.782	0.110
44.460	30.320	0.097
44.480	29.391	0.089
44.500	28.032	0.071
44.520	26.318	0.060
44.540	24.122	0.041
44.560	21.560	0.022
44.580	18.740	0.007
44.600	15.625	-0.014
44.620	12.257	-0.026
44.640	8.728	-0.044
44.660	5.054	-0.055
44.680	1.343	-0.079
44.700	-2.428	-0.082
44.720	-6.059	-0.104
44.740	-9.802	-0.104
44.760	-13.272	-0.126
44.780	-16.564	-0.120
44.800	-19.621	-0.138
44.820	-22.365	-0.129
44.840	-24.788	-0.137
44.860	-26.845	-0.131
44.880	-28.499	-0.131
44.900	-29.702	-0.127
44.920	-30.502	-0.120
44.940	-30.819	-0.119
44.960	-30.707	-0.095
44.980	-30.143	-0.091
45.000	-29.127	-0.073
45.020	-27.693	-0.063
45.040	-25.792	-0.043
45.060	-23.552	-0.033
45.080	-20.953	-0.010
45.100	-18.015	0.001
45.120	-14.835	0.019
45.140	-11.408	0.036
45.160	-7.836	0.052
45.180	-4.243	0.067
45.200	-0.376	0.079
45.220	3.362	0.105
45.240	7.068	0.110
45.260	10.603	0.126
45.280	14.126	0.127
45.300	17.370	0.144
45.320	20.356	0.140
45.340	23.053	0.149
45.360	25.346	0.143
45.380	27.291	0.145
45.400	28.800	0.139
45.420	29.960	0.133
45.440	30.631	0.124
45.460	30.852	0.116
45.480	30.631	0.107
45.500	29.949	0.096
45.520	28.794	0.075
45.540	27.248	0.062
45.560	25.330	0.050
45.580	22.983	0.032
45.600	20.292	0.016
45.620	17.316	-0.003
45.640	14.142	-0.021
45.660	10.635	-0.037
45.680	7.025	-0.052
45.700	3.357	-0.070
45.720	-0.408	-0.085
45.740	-4.168	-0.093
45.760	-7.847	-0.111
45.780	-11.424	-0.117
45.800	-14.819	-0.132
45.820	-17.999	-0.130
45.840	-20.937	-0.143
45.860	-23.461	-0.136
45.880	-25.792	-0.140
45.900	-27.640	-0.135
45.920	-29.106	-0.138
45.940	-30.126	-0.133
45.960	-30.685	-0.123
45.980	-30.825	-0.116
46.000	-30.481	-0.100
46.020	-29.713	-0.090
46.040	-28.488	-0.077
46.060	-26.807	-0.061
46.080	-24.777	-0.046
46.100	-22.338	-0.027
46.120	-19.572	-0.013
46.140	-16.521	0.006
46.160	-13.245	0.019
46.180	-9.749	0.041
46.200	-6.182	0.054
46.220	-2.374	0.066
46.240	1.391	0.079
46.260	5.140	0.099
46.280	8.782	0.106
46.300	12.327	0.122
46.320	15.689	0.125
46.340	18.799	0.133
46.360	21.662	0.133
46.380	24.175	0.137
46.400	26.324	0.135
46.420	28.080	0.135
46.440	29.434	0.128
46.460	30.331	0.121
46.480	30.792	0.110
46.500	30.809	0.102
46.520	30.379	0.087
46.540	29.460	0.074
46.560	28.134	0.063
46.580	26.388	0.050
46.600	24.277	0.030
46.620	21.753	0.016
46.640	18.928	-0.004
46.660	15.829	-0.021
46.680	12.472	-0.038
46.700	8.948	-0.055
46.720	5.312	-0.071
46.740	1.574	-0.088
46.760	-2.197	-0.104
46.780	-5.887	-0.112
46.800	-9.561	-0.125
46.820	-13.046	-0.132
46.840	-16.339	-0.142
46.860	-19.411	-0.148
46.880	-22.167	-0.151
46.900	-24.626	-0.145
46.920	-26.700	-0.153
46.940	-28.381	-0.142
46.960	-29.638	-0.140
46.980	-30.422	-0.134
47.000	-30.766	-0.129
47.020	-30.690	-0.120
47.040	-30.180	-0.101
47.060	-29.187	-0.090
47.080	-27.720	-0.079
47.100	-25.899	-0.062
47.120	-23.654	-0.043
47.140	-21.082	-0.026
47.160	-18.176	-0.013
47.180	-14.996	0.009
47.200	-11.709	0.022
47.220	-8.041	0.039
47.240	-4.340	0.054
47.260	-0.687	0.070
47.280	3.164	0.083
47.300	6.870	0.099
47.320	10.484	0.107
47.340	13.954	0.124
47.360	17.177	0.124
47.380	20.185	0.128
47.400	22.902	0.132
47.420	25.223	0.135
47.440	27.205	0.132
47.460	28.762	0.133
47.480	29.890	0.124
47.500	30.615	0.120
47.520	30.846	0.109
47.540	30.658	0.096
47.560	29.981	0.087
47.580	28.891	0.074
47.600	27.403	0.055
47.620	25.443	0.042
47.640	23.123	0.023
47.660	20.518	0.009
47.680	17.499	-0.011
47.700	14.260	-0.023
47.720	10.833	-0.046
47.740	7.240	-0.057
47.760	3.545	-0.078
47.780	-0.204	-0.083
47.800	-3.964	-0.104
47.820	-7.654	-0.110
47.840	-11.236	-0.121
47.860	-14.642	-0.124
47.880	-17.773	-0.136
47.900	-20.786	-0.137
47.920	-23.413	-0.145
47.940	-25.679	-0.143
47.960	-27.570	-0.145
47.980	-29.068	-0.133
48.000	-30.116	-0.133
48.020	-30.685	-0.126
48.040	-30.814	-0.114
48.060	-30.524	-0.107
48.080	-29.788	-0.091
48.100	-28.601	-0.075
48.120	-26.963	-0.058
48.140	-24.927	-0.046
48.160	-22.532	-0.027
48.180	-19.776	-0.011
48.200	-16.742	0.001
48.220	-13.492	0.025
48.240	-9.985	0.038
48.260	-6.359	0.055
48.280	-2.610	0.072
48.300	1.166	0.087
48.320	4.893	0.103
48.340	8.540	0.116
48.360	12.139	0.121
48.380	15.485	0.130
48.400	18.552	0.134
48.420	21.490	0.141
48.440	24.030	0.143
48.460	26.206	0.148
48.480	27.946	0.140
48.500	29.364	0.139
48.520	30.288	0.128
48.540	30.782	-0.373
48.560	30.809	0.112
48.580	30.395	0.107
48.600	29.525	0.088
48.620	28.209	0.079
48.640	26.501	0.059
48.660	24.390	0.049
48.680	21.893	0.028
48.700	19.164	0.018
48.720	16.000	-0.010
48.740	12.665	-0.021
48.760	9.179	-0.041
48.780	5.511	-0.051
48.800	1.794	-0.076
48.820	-1.875	-0.083
48.840	-5.709	-0.101
48.860	-9.373	-0.105
48.880	-12.875	-0.121
48.900	-16.156	-0.125
48.920	-19.261	-0.129
48.940	-22.048	-0.138
48.960	-24.508	-0.133
48.980	-26.625	-0.136
49.000	-28.316	-0.127
49.020	-29.589	-0.129
49.040	-30.433	-0.119
49.060	-30.809	-0.116
49.080	-30.750	-0.098
49.100	-30.245	-0.092
49.120	-29.289	-0.075
49.140	-27.849	-0.065
49.160	-26.023	-0.046
49.180	-23.837	-0.030
49.200	-21.259	-0.018
49.220	-18.375	0.006
49.240	-15.222	0.016
49.260	-11.827	0.037
49.280	-8.271	0.047
49.300	-4.603	0.068
49.320	-0.822	0.075
49.340	2.841	0.098
49.360	6.644	0.105
49.380	10.264	0.124
49.400	13.739	0.125
49.420	17.010	0.133
49.440	20.007	0.141
49.460	22.741	0.141
49.480	25.094	0.146
49.500	27.043	0.139
49.520	28.682	0.139
49.540	29.853	0.134
49.560	30.572	0.128
49.580	30.852	0.112
49.600	30.680	0.106
49.620	30.030	0.095
49.640	28.966	0.079
49.660	27.473	0.063
49.680	25.625	0.050
49.700	23.268	0.033
49.720	20.625	0.012
49.740	17.671	-0.003
49.760	14.566	-0.023
49.780	11.043	-0.037
49.800	7.455	-0.054
49.820	3.878	-0.067
49.840	0.011	-0.092
49.860	-3.733	-0.093
49.880	-7.321	-0.115
49.900	-11.021	-0.117
49.920	-14.421	-0.132
49.940	-17.639	-0.133
49.960	-20.598	-0.145
49.980	-23.149	-0.143
50.000	-25.534	-0.141
50.020	-27.457	-0.142
50.040	-28.918	-0.139
50.060	-30.024	-0.136
50.080	-30.604	-0.126
50.100	-30.798	-0.123
50.120	-30.524	-0.106
50.140	-29.826	-0.096
50.160	-28.644	-0.081
50.180	-27.022	-0.069
50.200	-25.029	-0.050
50.220	-22.650	-0.035
50.240	-19.927	-0.017
50.260	-16.887	-0.001
50.280	-13.637	0.012
50.300	-10.173	0.035
50.320	-6.526	0.045
50.340	-2.804	0.064
50.360	0.951	0.074
50.380	4.705	0.095
50.400	8.363	0.103
50.420	11.924	0.114
50.440	15.313	0.119
50.460	18.439	0.131
50.480	21.345	0.128
50.500	23.832	0.133
50.520	26.082	0.134
50.540	27.903	0.131
50.560	29.294	0.125
50.580	30.250	0.120
50.600	30.755	0.112
50.620	30.825	0.101
50.640	30.443	0.090
50.660	29.595	0.076
50.680	28.316	0.061
50.700	26.603	0.046
50.720	24.605	0.031
50.740	22.070	0.012
50.760	19.266	-0.002
50.780	16.210	-0.021
50.800	12.864	-0.037
50.820	9.383	-0.052
50.840	5.844	-0.068
50.860	2.014	-0.088
50.880	-1.719	-0.100
50.900	-5.376	-0.111
50.920	-9.131	-0.124
50.940	-12.627	-0.129
50.960	-15.877	-0.141
50.980	-19.078	-0.145
51.000	-21.855	-0.147
51.020	-24.358	-0.148
51.040	-26.469	-0.147
51.060	-28.161	-0.144
51.080	-29.477	-0.139
51.100	-30.341	-0.137
51.120	-30.744	-0.125
51.140	-30.755	-0.116
51.160	-30.250	-0.101
51.180	-29.332	-0.090
51.200	-27.935	-0.077
51.220	-26.130	-0.058
51.240	-23.960	-0.043
51.260	-21.409	-0.026
51.280	-18.520	-0.012
51.300	-15.474	0.010
51.320	-12.037	0.024
51.340	-8.470	0.044
51.360	-4.807	0.053
51.380	-1.053	0.072
51.400	2.718	0.084
51.420	6.429	0.101
51.440	9.958	0.110
51.460	13.541	0.122
51.480	16.812	0.131
51.500	19.771	0.131
51.520	22.602	0.136
51.540	24.959	0.138
51.560	26.995	0.138
51.580	28.553	0.133
51.600	29.799	0.125
51.620	30.556	0.122
51.640	30.841	0.112
51.660	30.701	0.100
51.680	30.094	0.096
51.700	29.068	0.075
51.720	27.548	0.061
51.740	25.695	0.046
51.760	23.407	0.030
51.780	20.856	0.010
51.800	17.864	-0.008
51.820	14.647	-0.022
51.840	11.236	-0.040
51.860	7.756	-0.052
51.880	3.975	-0.071
51.900	0.242	-0.082
51.920	-3.523	-0.104
51.940	-7.224	-0.108
51.960	-10.828	-0.122
51.980	-14.190	-0.122
52.000	-17.478	-0.135
52.020	-20.464	-0.133
52.040	-23.128	-0.140
52.060	-25.427	-0.137
52.080	-27.387	-0.137
52.100	-28.923	-0.131
52.120	-29.998	-0.129
52.140	-30.637	-0.124
52.160	-30.825	-0.110
52.180	-30.615	-0.106
52.200	-29.901	-0.086
52.220	-28.773	-0.076
52.240	-27.156	-0.060
52.260	-25.185	-0.041
52.280	-22.849	-0.027
52.300	-20.120	-0.012
52.320	-17.118	0.008
52.340	-13.868	0.028
52.360	-10.404	0.040
52.380	-6.870	0.057
52.400	-3.040	0.073
52.420	0.714	0.091
52.440	4.361	0.104
52.460	8.143	0.117
52.480	11.714	0.124
52.500	15.104	0.137
52.520	18.267	0.139
52.540	21.157	0.146
52.560	23.762	0.142
52.580	25.910	0.148
52.600	27.790	0.143
52.620	29.213	0.142
52.640	30.207	0.133
52.660	30.733	0.126
52.680	30.835	0.110
52.700	30.476	0.103
52.720	29.648	0.093
52.740	28.397	0.078
52.760	26.727	0.062
52.780	24.718	0.045
52.800	22.220	0.025
52.820	19.438	0.011
52.840	16.387	-0.008
52.860	13.165	-0.020
52.880	9.582	-0.045
52.900	5.957	-0.052
52.920	2.240	-0.080
52.940	-1.531	-0.083
52.960	-5.264	-0.099
52.980	-8.841	-0.102
53.000	-12.445	-0.125
53.020	-15.780	-0.122
53.040	-18.906	-0.140
53.060	-21.731	-0.133
53.080	-24.229	-0.141
53.100	-26.399	-0.135
53.120	-28.091	-0.137
53.140	-29.466	-0.132
53.160	-30.341	-0.125
53.180	-30.750	-0.117
53.200	-30.755	-0.103
53.220	-30.304	-0.097
53.240	-29.412	-0.076
53.260	-28.026	-0.067
53.280	-26.270	-0.049
53.300	-24.105	-0.038
53.320	-21.570	-0.021
53.340	-18.729	-0.005
53.360	-15.592	0.016
53.380	-12.241	0.032
53.400	-8.690	0.045
53.420	-5.000	0.058
53.440	-1.284	0.070
53.460	2.390	0.095
53.480	6.220	0.100
53.500	9.829	0.123
53.520	13.347	0.117
53.540	16.629	0.135
53.560	19.658	0.133
53.580	22.451	0.141
53.600	24.831	0.133
53.620	26.877	0.143
53.640	28.510	0.131
53.660	29.724	0.128
53.680	30.519	0.116
53.700	30.841	0.112
53.720	30.717	0.098
53.740	30.153	0.092
53.760	29.117	0.074
53.780	27.667	0.059
53.800	25.808	0.045
53.820	23.627	0.024
53.840	20.937	0.010
53.860	18.042	-0.009
53.880	14.862	-0.024
53.900	11.451	-0.042
53.920	7.906	-0.058
53.940	4.216	-0.075
53.960	0.473	-0.091
53.980	-3.266	-0.101
54.000	-6.993	-0.118
54.020	-10.603	-0.124
54.040	-14.029	-0.137
54.060	-17.279	-0.138
54.080	-20.254	-0.149
54.100	-22.945	-0.145
54.120	-25.260	-0.155
54.140	-27.215	-0.142
54.160	-28.800	-0.149
54.180	-29.928	-0.137
54.200	-30.562	-0.137
54.220	-30.803	-0.123
54.240	-30.594	-0.116
54.260	-29.928	-0.100
54.280	-28.805	-0.087
54.300	-27.242	-0.071
54.320	-25.282	-0.057
54.340	-22.951	-0.039
54.360	-20.249	-0.021
54.380	-17.263	-0.008
54.400	-14.040	0.013
54.420	-10.592	0.029
54.440	-6.966	0.042
54.460	-3.250	0.056
54.480	0.516	0.074
54.500	4.265	0.089
54.520	7.922	0.102
54.540	11.430	0.112
54.560	14.916	0.117
54.580	18.084	0.128
54.600	21.017	0.128
54.620	23.611	0.132
54.640	25.846	0.132
54.660	27.704	0.128
54.680	29.144	0.125
54.700	30.143	0.118
54.720	30.728	0.110
54.740	30.841	0.099
54.760	30.513	0.091
54.780	29.708	0.077
54.800	28.478	0.062
54.820	26.823	0.050
54.840	24.814	0.031
54.860	22.360	0.012
54.880	19.615	0.001
54.900	16.581	-0.022
54.920	13.272	-0.032
54.940	9.899	-0.055
54.960	6.166	-0.067
54.980	2.471	-0.083
55.000	-1.284	-0.099
55.020	-5.033	-0.109
55.040	-8.696	-0.118
55.060	-12.246	-0.127
55.080	-15.598	-0.140
55.100	-18.713	-0.140
55.120	-21.560	-0.148
55.140	-24.068	-0.145
55.160	-26.270	-0.150
55.180	-28.042	-0.140
55.200	-29.396	-0.145
55.220	-30.320	-0.129
55.240	-30.744	-0.124
55.260	-30.803	-0.114
55.280	-30.363	-0.104
55.300	-29.482	-0.090
55.320	-28.139	-0.075
55.340	-26.361	-0.065
55.360	-24.261	-0.042
55.380	-21.758	-0.034
55.400	-18.906	-0.010
55.420	-15.802	0.002
55.440	-12.466	0.025
55.460	-8.932	0.040
55.480	-5.248	0.059
55.500	-1.493	0.069
55.520	2.245	0.087
55.540	5.983	0.099
55.560	9.614	0.110
55.580	13.122	0.124
55.600	16.441	0.126
55.620	19.476	0.137
55.640	22.290	0.132
55.660	24.702	0.133
55.680	26.753	0.135
55.700	28.429	0.138
55.720	29.681	0.127
55.740	30.481	0.120
55.760	30.830	0.114
55.780	30.744	0.106
55.800	30.196	0.096
55.820	29.181	0.083
55.840	27.742	0.063
55.860	25.932	0.050
55.880	23.751	0.034
55.900	21.114	0.020
55.920	18.208	0.002
55.940	15.050	-0.021
55.960	11.661	-0.031
55.980	8.089	-0.053
56.000	4.420	-0.061
56.020	0.693	-0.083
56.040	-3.067	-0.093
56.060	-6.794	-0.105
56.080	-10.404	-0.113
56.100	-13.863	-0.123
56.120	-17.118	-0.129
56.140	-20.125	-0.134
56.160	-22.811	-0.139
56.180	-25.169	-0.132
56.200	-27.167	-0.139
56.220	-28.751	-0.127
56.240	-29.917	-0.131
56.260	-30.604	-0.116
56.280	-30.809	-0.118
56.300	-30.637	-0.094
56.320	-30.014	-0.091
56.340	-28.934	-0.071
56.360	-27.360	-0.058
56.380	-25.443	-0.043
56.400	-23.128	-0.024
56.420	-20.448	-0.011
56.440	-17.499	0.010
56.460	-14.250	0.023
56.480	-10.828	0.045
56.500	-7.208	0.054
56.520	-3.486	0.076
56.540	0.263	0.087
56.560	4.023	0.107
56.580	7.697	0.114
56.600	11.285	0.128
56.620	14.722	0.133
56.640	17.827	0.139
56.660	20.845	0.145
56.680	23.477	0.145
56.700	25.717	0.150
56.720	27.548	0.141
56.740	29.074	0.141
56.760	30.100	0.130
56.780	30.696	0.129
56.800	30.852	0.113
56.820	30.540	0.105
56.840	29.756	0.091
56.860	28.569	0.074
56.880	26.941	0.062
56.900	24.992	0.049
56.920	22.542	0.026
56.940	19.782	0.014
56.960	16.774	-0.008
56.980	13.476	-0.025
57.000	9.990	-0.037
57.020	6.413	-0.058
57.040	2.686	-0.071
57.060	-1.069	-0.087
57.080	-4.818	-0.097
57.100	-8.497	-0.112
57.120	-12.042	-0.120
57.140	-15.394	-0.129
57.160	-18.536	-0.137
57.180	-21.431	-0.137
57.200	-23.955	-0.143
57.220	-26.152	-0.138
57.240	-27.881	-0.140
57.260	-29.315	-0.131
57.280	-30.255	-0.133
57.300	-30.728	-0.120
57.320	-30.787	-0.118
57.340	-30.390	-0.097
57.360	-29.530	-0.091
57.380	-28.214	-0.071
57.400	-26.485	-0.058
57.420	-24.358	-0.042
57.440	-21.898	-0.025
57.460	-19.057	-0.011
57.480	-15.952	0.012
57.500	-12.649	0.024
57.520	-9.125	0.043
57.540	-5.452	0.051
57.560	-1.719	0.070
57.580	2.062	0.085
57.600	5.785	0.098
57.620	9.410	0.112
57.640	12.944	0.120
57.660	16.237	0.127
57.680	19.320	0.131
57.700	22.070	0.134
57.720	24.557	0.133
57.740	26.667	0.137
57.760	28.349	0.130
57.780	29.611	0.130
57.800	30.454	0.114
57.820	30.830	0.113
57.840	30.755	0.096
57.860	30.229	0.088
57.880	29.256	0.074
57.900	27.854	0.062
57.920	26.098	0.045
57.940	23.853	0.029
57.960	21.270	0.008
57.980	18.401	-0.007
58.000	15.259	-0.028
58.020	11.870	-0.039
58.040	8.336	-0.055
58.060	4.673	-0.075
58.080	0.935	-0.089
58.100	-2.831	-0.106
58.120	-6.553	-0.113
58.140	-10.167	-0.129
58.160	-13.648	-0.130
58.180	-16.817	-0.144
58.200	-19.911	-0.144
58.220	-22.634	-0.150
58.240	-24.992	-0.151
58.260	-27.017	-0.150
58.280	-28.644	-0.145
58.300	-29.793	-0.140
58.320	-30.524	-0.135
58.340	-30.787	-0.123
58.360	-30.664	-0.120
58.380	-30.041	-0.099
58.400	-28.956	-0.091
58.420	-27.441	-0.071
58.440	-25.523	-0.057
58.460	-23.311	-0.039
58.480	-20.587	-0.025
58.500	-17.628	-0.008
58.520	-14.437	0.009
58.540	-11.000	0.023
58.560	-7.412	0.044
58.580	-3.706	0.058
58.600	0.059	0.073
58.620	3.803	0.087
58.640	7.509	0.101
58.660	11.091	0.108
58.680	14.513	0.119
58.700	17.741	0.121
58.720	20.668	0.133
58.740	23.316	0.126
58.760	25.604	0.136
58.780	27.468	0.133
58.800	28.993	0.129
58.820	30.057	0.119
58.840	30.658	0.113
58.860	30.846	0.106
58.880	30.572	0.095
58.900	29.820	0.084
58.920	28.649	0.071
58.940	27.092	0.053
58.960	25.056	0.036
58.980	22.677	0.021
59.000	20.029	0.004
59.020	16.935	-0.012
59.040	13.686	-0.029
59.060	10.210	-0.045
59.080	6.617	-0.066
59.100	2.890	-0.080
59.120	-0.843	-0.092
59.140	-4.587	-0.108
59.160	-8.298	-0.111
59.180	-11.849	-0.124
59.200	-15.130	-0.129
59.220	-18.380	-0.141
59.240	-21.275	-0.137
59.260	-23.821	-0.147
59.280	-26.034	-0.142
59.300	-27.887	-0.147
59.320	-29.272	-0.132
59.340	-30.250	-0.133
59.360	-30.723	-0.120
59.380	-30.819	-0.117
59.400	-30.449	-0.104
59.420	-29.616	-0.088
59.440	-28.354	-0.075
59.460	-26.641	-0.058
59.480	-24.530	-0.040
59.500	-22.081	-0.024
59.520	-19.271	-0.008
59.540	-16.194	0.007
59.560	-12.885	0.026
59.580	-9.362	0.041
59.600	-5.699	0.063
59.620	-1.955	0.074
59.640	1.810	0.090
59.660	5.468	0.103
59.680	9.179	0.118
59.700	12.724	0.124
59.720	16.054	0.135
59.740	19.143	0.137
59.760	21.957	0.141
59.780	24.428	0.138
59.800	26.539	0.143
59.820	28.252	0.137
59.840	29.562	0.137
59.860	30.390	0.125
59.880	30.814	0.124
59.900	30.771	0.109
59.920	30.271	0.104
59.940	29.321	0.085
59.960	27.951	0.070
59.980	26.168	0.057
60.000	24.052	0.042
60.020	21.425	0.022
60.040	18.562	0.008
60.060	15.447	-0.012
60.080	12.139	-0.025
60.100	8.524	-0.042
60.120	4.882	-0.063
60.140	1.123	-0.074
60.160	-2.621	-0.090
60.180	-6.349	-0.100
60.200	-9.979	-0.108
60.220	-13.465	-0.123
60.240	-16.742	-0.125
60.260	-19.766	-0.134
60.280	-22.440	-0.133
60.300	-24.906	-0.141
60.320	-26.941	-0.133
60.340	-28.574	-0.135
60.360	-29.777	-0.124
60.380	-30.545	-0.124
60.400	-30.819	-0.110
60.420	-30.685	-0.100
60.440	-30.094	-0.086
60.460	-29.047	-0.075
60.480	-27.586	-0.061
60.500	-25.685	-0.044
60.520	-23.396	-0.030
60.540	-20.775	-0.013
60.560	-17.843	0.004
60.580	-14.652	0.024
60.600	-11.317	0.034
60.620	-7.643	0.054
60.640	-3.942	0.065
60.660	-0.263	0.087
60.680	3.583	0.101
60.700	7.283	0.109
60.720	10.882	0.121
60.740	14.325	0.132
60.760	17.553	0.138
60.780	20.512	0.141
60.800	23.182	0.141
60.820	25.470	0.143
60.840	27.409	0.140
60.860	28.923	0.140
60.880	30.014	0.133
60.900	30.669	0.124
60.920	30.862	0.116
60.940	30.599	0.104
60.960	29.885	0.093
60.980	28.725	0.073
61.000	27.188	0.061
61.020	25.207	0.048
61.040	22.811	0.029
61.060	20.125	0.012
61.080	17.139	-0.007
61.100	13.879	-0.024
61.120	10.431	-0.039
61.140	6.837	-0.054
61.160	3.110	-0.078
61.180	-0.602	-0.086
61.200	-4.361	-0.101
61.220	-7.976	-0.108
61.240	-11.634	-0.128
61.260	-15.007	-0.127
61.280	-18.165	-0.141
61.300	-21.082	-0.141
61.320	-23.670	-0.147
61.340	-25.867	-0.145
61.360	-27.747	-0.146
61.380	-29.187	-0.137
61.400	-30.153	-0.133
61.420	-30.669	-0.126
61.440	-30.803	-0.113
61.460	-30.433	-0.107
61.480	-29.648	-0.087
61.500	-28.402	-0.080
61.520	-26.705	-0.062
61.540	-24.626	-0.048
61.560	-22.258	-0.029
61.580	-19.417	-0.018
61.600	-16.344	0.001
61.620	-13.073	0.021
61.640	-9.528	0.034
61.660	-5.897	0.050
61.680	-2.159	0.062
61.700	1.617	0.082
61.720	5.333	0.095
61.740	9.002	0.110
61.760	12.456	0.112
61.780	15.866	0.127
61.800	18.976	0.127
61.820	21.742	0.133
61.840	24.304	0.129
61.860	26.437	0.133
61.880	28.123	0.128
61.900	29.498	0.127
61.920	30.368	0.118
61.940	30.809	0.112
61.960	30.787	0.102
61.980	30.325	0.090
62.000	29.391	0.077
62.020	28.080	0.059
62.040	26.292	0.045
62.060	24.132	0.027
62.080	21.592	0.012
62.100	18.756	-0.009
62.120	15.646	-0.023
62.140	12.273	-0.038
62.160	8.766	-0.054
62.180	5.097	-0.076
62.200	1.380	-0.088
62.220	-2.401	-0.101
62.240	-6.102	-0.119
62.260	-9.754	-0.123
62.280	-13.234	-0.137
62.300	-16.521	-0.137
62.320	-19.567	-0.150
62.340	-22.328	-0.145
62.360	-24.750	-0.150
62.380	-26.807	-0.149
62.400	-28.472	-0.141
62.420	-29.686	-0.138
62.440	-30.465	-0.136
62.460	-30.776	-0.127
62.480	-30.674	-0.116
62.500	-30.126	-0.100
62.520	-29.122	-0.089
62.540	-27.640	-0.073
62.560	-25.792	-0.054
62.580	-23.536	-0.044
62.600	-20.926	-0.021
62.620	-18.015	-0.008
62.640	-14.835	0.009
62.660	-11.419	0.025
62.680	-7.922	0.045
62.700	-4.136	0.057
62.720	-0.392	0.076
62.740	3.362	0.087
62.760	7.074	0.104
62.780	10.667	0.112
62.800	14.121	0.124
62.820	17.354	0.126
62.840	20.324	0.136
62.860	23.042	0.135
62.880	25.352	0.141
62.900	27.248	0.133
62.920	28.843	0.134
62.940	29.960	0.126
62.960	30.626	0.122
62.980	30.852	0.109
63.000	30.631	0.101
63.020	29.938	0.089
63.040	28.816	0.079
63.060	27.258	0.058
63.080	25.319	0.045
63.100	23.053	0.027
63.120	20.287	0.005
63.140	17.306	-0.005
63.160	14.067	-0.030
63.180	10.699	-0.038
63.200	7.042	-0.060
63.220	3.346	-0.067
63.240	-0.430	-0.091
63.260	-4.163	-0.095
63.280	-7.863	-0.117
63.300	-11.451	-0.119
63.320	-14.824	-0.133
63.340	-18.031	-0.130
63.360	-20.947	-0.138
63.380	-23.558	-0.143
63.400	-25.797	-0.134
63.420	-27.688	-0.143
63.440	-29.133	-0.124
63.460	-30.153	-0.135
63.480	-30.717	-0.112
63.500	-30.819	-0.120
63.520	-30.513	-0.095
63.540	-29.750	-0.093
63.560	-28.510	-0.064
63.580	-26.872	-0.060
63.600	-24.814	-0.037
63.620	-22.392	-0.027
63.640	-19.615	-0.006
63.660	-16.559	0.011
63.680	-13.293	0.025
63.700	-9.786	0.050
63.720	-6.128	0.057
63.740	-2.406	0.077
63.760	1.375	0.089
63.780	5.108	0.112
63.800	8.750	0.108
63.820	12.327	0.131
63.840	15.667	0.130
63.860	18.777	0.146
63.880	21.662	0.141
63.900	24.159	0.149
63.920	26.313	0.148
63.940	28.075	0.143
63.960	29.380	0.136
63.980	30.336	0.133
64.000	30.798	0.128
64.020	30.798	0.112
64.040	30.363	0.106
64.060	29.460	0.085
64.080	28.150	0.075
64.100	26.431	0.057
64.120	24.277	0.048
64.140	21.748	0.022
64.160	18.933	0.014
64.180	15.834	-0.015
64.200	12.461	-0.024
64.220	8.959	-0.042
64.240	5.409	-0.055
64.260	1.579	-0.078
64.280	-2.175	-0.087
64.300	-5.919	-0.096
64.320	-9.571	-0.114
64.340	-13.062	-0.116
64.360	-16.366	-0.133
64.380	-19.417	-0.131
64.400	-22.193	-0.145
64.420	-24.637	-0.133
64.440	-26.705	-0.145
64.460	-28.402	-0.129
64.480	-29.622	-0.136
64.500	-30.465	-0.117
64.520	-30.809	-0.120
64.540	-30.733	-0.100
64.560	-30.207	-0.093
64.580	-29.192	-0.076
64.600	-27.763	-0.069
64.620	-25.916	-0.046
64.640	-23.692	-0.032
64.660	-21.103	-0.018
64.680	-18.187	0.003
64.700	-15.023	0.018
64.720	-11.639	0.038
64.740	-8.051	0.046
64.760	-4.367	0.068
64.780	-0.612	0.076
64.800	3.153	0.099
64.820	6.848	0.104
64.840	10.479	0.120
64.860	13.911	0.124
64.880	17.177	0.134
64.900	20.168	0.134
64.920	22.870	0.141
64.940	25.223	0.140
64.960	27.199	0.143
64.980	28.751	0.131
65.000	29.896	0.130
65.020	30.604	0.124
65.040	30.846	0.111
65.060	30.658	0.100
65.080	29.998	0.091
65.100	28.891	0.079
65.120	27.409	0.056
65.140	25.459	0.046
65.160	23.123	0.025
65.180	20.544	0.010
65.200	17.510	-0.014
65.220	14.271	-0.023
65.240	10.855	-0.045
65.260	7.251	-0.054
65.280	3.572	-0.079
65.300	-0.172	-0.087
65.320	-3.937	-0.105
65.340	-7.632	-0.113
65.360	-11.209	-0.129
65.380	-14.604	-0.133
65.400	-17.811	-0.144
65.420	-20.759	-0.147
65.440	-23.364	-0.149
65.460	-25.625	-0.145
65.480	-27.538	-0.148
65.500	-29.031	-0.143
65.520	-30.078	-0.139
65.540	-30.631	-0.132
65.560	-30.798	-0.120
65.580	-30.497	-0.112
65.600	-29.761	-0.095
65.620	-28.580	-0.086
65.640	-26.925	-0.068
65.660	-24.895	-0.054
65.680	-22.500	-0.034
65.700	-19.755	-0.019
65.720	-16.731	-0.004
65.740	-13.460	0.016
65.760	-9.958	0.032
65.780	-6.333	0.049
65.800	-2.605	0.061
65.820	1.171	0.079
65.840	4.893	0.085
65.860	8.572	0.106
65.880	12.117	0.109
65.900	15.485	0.123
65.920	18.611	0.124
65.940	21.490	0.137
65.960	24.036	0.127
65.980	26.195	0.136
66.000	27.967	0.129
66.020	29.358	0.129
66.040	30.288	0.118
66.060	30.766	0.112
66.080	30.803	0.098
66.100	30.400	0.093
66.120	29.525	0.076
66.140	28.225	0.060
66.160	26.506	0.045
66.180	24.412	0.031
66.200	21.919	0.016
66.220	19.105	-0.008
66.240	16.022	-0.020
66.260	12.697	-0.039
66.280	9.271	-0.054
66.300	5.538	-0.071
66.320	1.815	-0.086
66.340	-1.960	-0.100
66.360	-5.667	-0.112
66.380	-9.351	-0.121
66.400	-12.837	-0.134
66.420	-16.129	-0.133
66.440	-19.250	-0.145
66.460	-22.027	-0.137
66.480	-24.498	-0.153
66.500	-26.592	-0.140
66.520	-28.290	-0.150
66.540	-29.568	-0.132
66.560	-30.427	-0.135
66.580	-30.787	-0.118
66.600	-30.733	-0.115
66.620	-30.234	-0.098
66.640	-29.267	-0.087
66.660	-27.854	-0.073
66.680	-26.050	-0.056
66.700	-23.842	-0.044
66.720	-21.259	-0.021
66.740	-18.385	-0.007
66.760	-15.222	0.014
66.780	-11.865	0.030
66.800	-8.395	0.046
66.820	-4.598	0.057
66.840	-0.859	0.076
66.860	2.922	0.087
66.880	6.623	0.101
66.900	10.237	0.112
66.920	13.734	0.123
66.940	16.983	0.131
66.960	19.997	0.133
66.980	22.736	0.137
67.000	25.072	0.136
67.020	27.086	0.141
67.040	28.671	0.133
67.060	29.826	0.133
67.080	30.578	0.119
67.100	30.841	0.118
67.120	30.690	0.102
67.140	30.030	0.098
67.160	29.004	0.074
67.180	27.462	0.066
67.200	25.577	0.047
67.220	23.268	0.031
67.240	20.620	0.014
67.260	17.692	-0.005
67.280	14.464	-0.016
67.300	11.038	-0.038
67.320	7.471	-0.049
67.340	3.754	-0.071
67.360	0.016	-0.081
67.380	-3.733	-0.100
67.400	-7.434	-0.104
67.420	-11.032	-0.120
67.440	-14.443	-0.121
67.460	-17.655	-0.133
67.480	-20.609	-0.132
67.500	-23.246	-0.137
67.520	-25.545	-0.133
67.540	-27.430	-0.134
67.560	-28.993	-0.133
67.580	-30.041	-0.127
67.600	-30.642	-0.120
67.620	-30.819	-0.108
67.640	-30.572	-0.101
67.660	-29.869	-0.082
67.680	-28.692	-0.076
67.700	-27.054	-0.052
67.720	-25.056	-0.040
67.740	-22.698	-0.024
67.760	-19.959	-0.010
67.780	-16.946	0.013
67.800	-13.702	0.030
67.820	-10.194	0.046
67.840	-6.563	0.058
67.860	-2.847	0.073
67.880	0.918	0.089
67.900	4.673	0.107
67.920	8.336	0.116
67.940	11.924	0.124
67.960	15.281	0.133
67.980	18.423	0.142
68.000	21.334	0.148
68.020	23.885	0.148
68.040	26.093	0.146
68.060	27.876	0.143
68.080	29.283	0.141
68.100	30.229	0.130
68.120	30.755	0.126
68.140	30.814	0.112
68.160	30.433	0.104
68.180	29.589	0.088
68.200	28.316	0.076
68.220	26.673	0.060
68.240	24.541	0.041
68.260	22.059	0.026
68.280	19.357	0.011
68.300	16.199	-0.014
68.320	12.885	-0.024
68.340	9.399	-0.044
68.360	5.742	-0.054
68.380	2.036	-0.075
68.400	-1.740	-0.087
68.420	-5.484	-0.102
68.440	-9.120	-0.111
68.460	-12.660	-0.124
68.480	-15.958	-0.131
68.500	-19.067	-0.138
68.520	-21.893	-0.140
68.540	-24.347	-0.139
68.560	-26.490	-0.142
68.580	-28.193	-0.137
68.600	-29.525	-0.134
68.620	-30.374	-0.122
68.640	-30.771	-0.120
68.660	-30.739	-0.105
68.680	-30.261	-0.097
68.700	-29.326	-0.082
68.720	-27.946	-0.070
68.740	-26.130	-0.054
68.760	-23.971	-0.034
68.780	-21.409	-0.024
68.800	-18.557	-0.001
68.820	-15.479	0.012
68.840	-12.047	0.029
68.860	-8.486	0.044
68.880	-4.802	0.061
68.900	-1.053	0.075
68.920	2.696	0.091
68.940	6.413	0.100
68.960	10.033	0.116
68.980	13.535	0.120
69.000	16.812	0.128
69.020	19.760	0.133
69.040	22.596	0.138
69.060	24.954	0.137
69.080	26.979	0.130
69.100	28.590	0.133
69.120	29.793	0.128
69.140	30.545	0.119
69.160	30.841	0.107
69.180	30.696	0.099
69.200	30.094	0.087
69.220	29.047	0.072
69.240	27.548	0.056
69.260	25.701	0.044
69.280	23.423	0.023
69.300	20.797	0.008
69.320	17.870	-0.014
69.340	14.685	-0.027
69.360	11.263	-0.047
69.380	7.697	-0.066
69.400	4.023	-0.076
69.420	0.274	-0.095
69.440	-3.491	-0.104
69.460	-7.197	-0.120
69.480	-10.791	-0.128
69.500	-14.212	-0.140
69.520	-17.429	-0.141
69.540	-20.426	-0.149
69.560	-23.063	-0.148
69.580	-25.384	-0.151
69.600	-27.333	-0.148
69.620	-28.875	-0.142
69.640	-29.971	-0.140
69.660	-30.594	-0.132
69.680	-30.787	-0.127
69.700	-30.556	-0.110
69.720	-29.874	-0.100
69.740	-28.735	-0.083
69.760	-27.129	-0.073
69.780	-25.158	-0.053
69.800	-22.800	-0.039
69.820	-20.093	-0.025
69.840	-17.096	-0.006
69.860	-13.841	0.016
69.880	-10.377	0.030
69.900	-6.762	0.045
69.920	-3.051	0.058
69.940	0.714	0.075
69.960	4.377	0.090
69.980	8.121	0.100
70.000	11.704	0.112
70.020	15.104	0.116
70.040	18.256	0.127
70.060	21.098	0.128
70.080	23.751	0.132
70.100	25.958	0.133
70.120	27.790	0.129
70.140	29.213	0.128
70.160	30.207	0.117
70.180	30.739	0.115
70.200	30.830	0.104
70.220	30.476	0.093
70.240	29.654	0.079
70.260	28.402	0.066
70.280	26.737	0.051
70.300	24.686	0.034
70.320	22.220	0.013
70.340	19.443	0.001
70.360	16.409	-0.016
70.380	13.170	-0.033
70.400	9.598	-0.050
70.420	5.973	-0.066
70.440	2.240	-0.079
70.460	-1.515	-0.097
70.480	-5.258	-0.108
70.500	-8.937	-0.116
70.520	-12.439	-0.123
70.540	-15.786	-0.135
70.560	-18.885	-0.138
70.580	-21.731	-0.142
70.600	-24.229	-0.144
70.620	-26.388	-0.143
70.640	-28.139	-0.141
70.660	-29.466	-0.135
70.680	-30.347	-0.128
70.700	-30.771	-0.120
70.720	-30.776	-0.111
70.740	-30.331	-0.101
70.760	-29.428	-0.087
70.780	-28.107	-0.074
70.800	-26.281	-0.058
70.820	-24.122	-0.041
70.840	-21.603	-0.021
70.860	-18.740	-0.008
70.880	-15.625	0.012
70.900	-12.284	0.027
70.920	-8.803	0.047
70.940	-5.060	0.059
70.960	-1.294	0.079
70.980	2.471	0.092
71.000	6.182	0.109
71.020	9.818	0.116
71.040	13.320	0.126
71.060	16.602	0.133
71.080	19.653	0.137
71.100	22.419	0.138
71.120	24.825	0.141
71.140	26.872	0.141
71.160	28.499	0.136
71.180	29.734	0.136
71.200	30.513	0.124
71.220	30.835	0.120
71.240	30.723	0.107
71.260	30.148	0.099
71.280	29.122	0.085
71.300	27.667	0.068
71.320	25.830	0.053
71.340	23.627	0.032
71.360	20.953	0.022
71.380	18.058	0.003
71.400	14.937	-0.015
71.420	11.451	-0.031
71.440	7.896	-0.044
71.460	4.211	-0.063
71.480	0.473	-0.075
71.500	-3.282	-0.094
71.520	-7.004	-0.098
71.540	-10.517	-0.116
71.560	-14.056	-0.116
71.580	-17.198	-0.129
71.600	-20.287	-0.130
71.620	-22.967	-0.138
71.640	-25.282	-0.132
71.660	-27.258	-0.135
71.680	-28.832	-0.129
71.700	-29.949	-0.126
71.720	-30.621	-0.116
71.740	-30.825	-0.108
71.760	-30.588	-0.094
71.780	-29.949	-0.083
71.800	-28.837	-0.073
71.820	-27.280	-0.053
71.840	-25.325	-0.038
71.860	-22.994	-0.026
71.880	-20.276	-0.010
71.900	-17.311	0.012
71.920	-14.067	0.028
71.940	-10.603	0.040
71.960	-7.009	0.058
71.980	-3.271	0.068
72.000	0.473	0.094
72.020	4.232	0.099
72.040	7.917	0.113
72.060	11.494	0.121
72.080	14.889	0.134
72.100	18.074	0.139
72.120	20.931	0.145
72.140	23.606	0.141
72.160	25.846	0.149
72.180	27.688	0.135
72.200	29.144	0.140
72.220	30.148	0.129
72.240	30.723	0.124
72.260	30.841	0.108
72.280	30.508	0.104
72.300	29.713	0.087
72.320	28.526	0.072
72.340	26.829	0.062
72.360	24.804	0.043
72.380	22.376	0.024
72.400	19.621	0.012
72.420	16.575	-0.012
72.440	13.293	-0.021
72.460	9.813	-0.047
72.480	6.182	-0.058
72.500	2.481	-0.078
72.520	-1.273	-0.087
72.540	-5.027	-0.104
72.560	-8.685	-0.107
72.580	-12.235	-0.128
72.600	-15.479	-0.126
72.620	-18.708	-0.142
72.640	-21.549	-0.140
72.660	-24.052	-0.141
72.680	-26.195	-0.143
72.700	-28.032	-0.137
72.720	-29.358	-0.141
72.740	-30.309	-0.123
72.760	-30.744	-0.129
72.780	-30.776	-0.110
72.800	-30.325	-0.105
72.820	-29.455	-0.083
72.840	-28.123	-0.079
72.860	-26.388	-0.060
72.880	-24.234	-0.045
72.900	-21.748	-0.030
72.920	-18.906	-0.006
72.940	-15.796	-0.001
72.960	-12.450	0.026
72.980	-8.911	0.033
73.000	-5.231	0.059
73.020	-1.493	0.062
73.040	2.261	0.087
73.060	6.005	0.091
73.080	9.604	0.109
73.100	13.127	0.114
73.120	16.430	0.125
73.140	19.470	0.133
73.160	22.285	0.128
73.180	24.691	0.136
73.200	26.716	0.128
73.220	28.429	0.132
73.240	29.675	0.119
73.260	30.470	0.122
73.280	30.830	0.103
73.300	30.739	0.104
73.320	30.212	0.079
73.340	29.187	0.080
73.360	27.752	0.052
73.380	25.937	0.049
73.400	23.724	0.021
73.420	21.114	0.009
73.440	18.229	-0.010
73.460	15.077	-0.026
73.480	11.671	-0.038
73.500	8.132	-0.065
73.520	4.463	-0.071
73.540	0.704	-0.100
73.560	-3.024	-0.097
73.580	-6.751	-0.126
73.600	-10.372	-0.115
73.620	-13.723	-0.148
73.640	-17.075	-0.131
73.660	-20.066	-0.153
73.680	-22.779	-0.144
73.700	-25.121	-0.151
73.720	-27.113	-0.149
73.740	-28.708	-0.145
73.760	-29.858	-0.144
73.780	-30.556	-0.124
73.800	-30.792	-0.133
73.820	-30.621	-0.102
73.840	-29.971	-0.109
73.860	-28.886	-0.077
73.880	-27.323	-0.081
73.900	-25.400	-0.046
73.920	-23.101	-0.048
73.940	-20.442	-0.017
73.960	-17.461	-0.010
73.980	-14.255	0.017
74.000	-10.812	0.029
74.020	-7.289	0.047
74.040	-3.502	0.062
74.060	0.269	0.073
74.080	4.018	0.094
74.100	7.697	0.095
74.120	11.290	0.122
74.140	14.701	0.115
74.160	17.896	0.135
74.180	20.834	0.125
74.200	23.461	0.140
74.220	25.711	0.127
74.240	27.538	0.141
74.260	29.068	0.123
74.280	30.094	0.129
74.300	30.696	0.112
74.320	30.846	0.114
74.340	30.545	0.091
74.360	29.772	0.086
74.380	28.574	0.068
74.400	26.947	0.054
74.420	24.949	0.041
74.440	22.532	0.016
74.460	19.782	0.010
74.480	16.854	-0.019
74.500	13.476	-0.022
74.520	10.028	-0.050
74.540	6.392	-0.054
74.560	2.680	-0.079
74.580	-1.074	-0.085
74.600	-4.818	-0.111
74.620	-8.422	-0.111
74.640	-12.047	-0.128
74.660	-15.420	-0.125
74.680	-18.552	-0.132
74.700	-21.431	-0.141
74.720	-23.966	-0.140
74.740	-26.163	-0.142
74.760	-27.967	-0.132
74.780	-29.342	-0.138
74.800	-30.288	-0.120
74.820	-30.755	-0.124
74.840	-30.782	-0.104
74.860	-30.427	-0.109
74.880	-29.552	-0.076
74.900	-28.273	-0.078
74.920	-26.517	-0.046
74.940	-24.406	-0.045
74.960	-21.925	-0.016
74.980	-19.100	-0.010
75.000	-16.011	0.013
75.020	-12.692	0.030
75.040	-9.136	0.045
75.060	-5.489	0.066
75.080	-1.826	0.076
75.100	2.014	0.103
75.120	5.747	0.103
75.140	9.394	0.124
