0.414143 0.146361
1.44745 0.152297
2.47557 0.150644
3.51138 0.141409
4.54262 0.149358
5.57153 0.154193
6.60105 0.145172
7.63672 0.143587
8.6664 0.15331
9.69765 0.153776
10.731 0.142542
11.764 0.147899
12.7963 0.15401
13.8234 0.150863
14.855 0.142513
15.8894 0.148639
16.9182 0.152786
17.9479 0.144502
18.9839 0.14043
20.0156 0.151411
21.0439 0.151693
22.078 0.142983
23.1097 0.144259
24.1402 0.152947
25.1708 0.150013
26.2027 0.140763
27.2343 0.147026
28.2653 0.155456
29.2959 0.146682
30.3277 0.142594
31.3638 0.150573
32.3914 0.15368
33.4199 0.142838
34.456 0.144292
35.4889 0.152548
36.5196 0.149954
37.5508 0.140821
38.5826 0.145492
39.6146 0.154404
40.6451 0.149542
41.6795 0.141739
42.7105 0.148305
43.7405 0.155533
44.7717 0.146556
45.8038 0.143168
46.838 0.150892
47.8666 0.154242
48.8959 0.143918
49.931 0.144311
50.9645 0.153158
51.9928 0.152779
53.024 0.142467
54.0593 0.147596
55.0887 0.153622
56.1207 0.151204
57.1526 0.141105
58.1837 0.149314
59.2143 0.154951
60.2463 0.148414
61.2802 0.140727
62.3123 0.15079
63.3398 0.155209
64.3711 0.144325
65.406 0.143653
66.4394 0.151616
67.467 0.154448
68.4991 0.144529
69.5317 0.146301
70.563 0.153503
71.5936 0.152631
72.6233 0.141653
73.658 0.14701
74.6891 0.154968
75.7193 0.151531
76.7523 0.141914
77.7826 0.14897
78.8159 0.156249
79.8462 0.150101
80.8787 0.142438
81.911 0.15017
82.9409 0.156106
83.9704 0.149501
85.0048 0.142197
86.0391 0.151107
87.0672 0.154833
88.0961 0.147614
89.1307 0.143524
90.1637 0.151494
91.1932 0.153821
92.2261 0.145669
93.2571 0.145966
94.289 0.153829
95.3182 0.15257
96.3489 0.145632
97.3846 0.144814
98.4163 0.155678
99.4458 0.152245
100.48 0.145583
101.51 0.147273
102.542 0.153895
103.571 0.152087
104.604 0.145169
105.637 0.147553
106.668 0.155259
107.695 0.151014
108.73 0.145234
109.762 0.151044
110.794 0.156431
111.825 0.149595
112.859 0.142928
113.89 0.149371
114.92 0.155222
115.949 0.148815
116.983 0.144163
118.017 0.148994
119.048 0.156759
120.076 0.147436
6.24497    0.267275
6.01091    0.282406
5.96734    0.224274
6.03171    0.292177
6.12356    0.110209
5.89653    0.11011
5.927    0.141852
5.93371    0.156034
5.9547    0.197521
5.97381    0.247334
5.98739    0.264585
5.99153    0.281156
5.99566    0.284657
6.01877    0.288815
6.00149    0.286581
6.00362    0.291788
6.00423    0.289149
6.01091    0.282406
6.01376    0.290932
3.26918    0.557488
6.03705    0.254672
3.85992    0.360975
6.05515    0.208781
6.05358    0.186622
6.0776    0.168578
6.08953    0.148809
6.0974    0.138918
6.09015    0.125761
