5.58208    0.27049
5.39864    0.285
5.23911    0.232035
4.84086    0.2805
4.92466    0.109967
5.19844    0.112839
4.91642    0.146403
4.17091    0.158121
4.17808    0.203259
4.95681    0.249966
5.22045    0.266466
5.71557    0.280717
5.79699    0.286683
5.80624    0.290534
4.18879    0.287845
4.97576    0.292783
5.49987    0.285294
5.39864    0.285
5.33038    0.292446
4.4954    0.282981
4.42195    0.255957
5.05501    0.232036
5.36581    0.210938
5.45771    0.188924
5.64358    0.167985
5.04219    0.140273
4.81649    0.136812
5.63839    0.128481
5.58208    0.27049
5.39864    0.285
5.23911    0.232035
4.84086    0.2805
4.92466    0.109967
5.19844    0.112839
4.91642    0.146403
4.17091    0.158121
4.17808    0.203259
4.95681    0.249966
5.22045    0.266466
5.71557    0.280717
5.79699    0.286683
5.80624    0.290534
4.18879    0.287845
4.97576    0.292783
5.49987    0.285294
5.39864    0.285
5.33038    0.292446
4.4954    0.282981
4.42195    0.255957
5.05501    0.232036
5.36581    0.210938
5.45771    0.188924
5.64358    0.167985
5.04219    0.140273
4.81649    0.136812
5.63839    0.128481
