12.7685 0.585012 0.011142
13.8108 0.51972 0.0118937
14.8598 0.441904 0.0128562
15.9081 0.433936 0.0129591
16.9504 0.404583 0.0133451
17.9988 0.27917 0.0151282
19.0487 0.27993 0.0151167
20.0908 0.250313 0.0155711
21.1373 0.130126 0.0175597
22.1869 0.11415 0.0178425
23.23 0.128774 0.0175835
24.2757 -0.00947545 0.0201904
25.3264 -0.0520224 0.021068
26.3709 -0.00300122 0.0200601
27.4114 -0.13934 0.0229903
28.4643 -0.218895 0.024894
29.5111 -0.163833 0.0235604
30.5504 -0.256264 0.0258419
31.5996 -0.389832 0.0295347
32.6518 -0.321673 0.0275887
33.6885 -0.37854 0.029203
34.7405 -0.550987 0.0346993
35.7908 -0.518152 0.0335784
36.8287 -0.497265 0.0328844
37.8697 -0.677937 0.0393962
 38.9262 -0.737167 0.0418001
 39.9686 -0.608406 0.03675
 41.0055 -0.780726 0.0436612
 42.068 -0.868854 0.0476835
 43.109 -0.713939 0.0408404
 44.1369 -0.836913 0.0461845
 45.1921 -1.06247 0.0578704
 46.2464 -0.931882 0.0507857
 47.2787 -0.939123 0.0511547
 48.3243 -1.26083 0.0705668
 49.3849 -1.13993 0.0625312
 50.4234 -1.01036 0.0549318
 51.4543 -1.3296 0.0755908
 52.5153 -1.34364 0.0766592
 52.5153 -1.34364 0.0766592
 53.5685 -1.11005 0.0606901
 54.592 -1.36425 0.0782559
 55.6643 -1.53225 0.092572
 56.7083 -1.29567 0.073069
 57.7313 -1.40686 0.0816623
 58.8026 -1.92056 0.136496
 59.854 -1.53378 0.0927133
 60.8741 -1.52113 0.0915481
 61.9123 -2.03221 0.152619
 62.9791 -1.72991 0.112803
 64.0023 -1.60981 0.100038
 65.0384 -2.03015 0.152305
 66.0899 -2.09001 0.1617
 67.1597 -1.66937 0.106176
 68.1651 -2.04971 0.155313
 69.2485 -2.17092 0.175327
 70.3306 -1.85636 0.128008
 71.3119 -2.00536 0.148575
 72.3783 -2.35798 0.211392
 73.4549 -2.40929 0.222521
 74.4667 -1.95784 0.141681
 75.4698 -2.38478 0.217134
 