12.7685 0.285685
13.8108 0.267628
14.8598 0.247592
14.8598 0.247592
15.9081 0.245627
15.9081 0.245627
16.9504 0.238522
17.9988 0.210408
19.0487 0.210568
20.0908 0.204423
21.1373 0.181273
22.1869 0.1784
23.23 0.181028
24.2757 0.157654
25.3264 0.151087
25.3264 0.151087
26.3709 0.158678
27.4114 0.138454
27.4114 0.138454
28.4643 0.127866
28.4643 0.127866
28.4643 0.127866
28.4643 0.127866
29.5111 0.135104
30.5504 0.123176
31.5996 0.107775
32.6518 0.115377
33.6885 0.108999
34.7405 0.0917338
35.7908 0.0947959
36.8287 0.0967967
37.8697 0.0807971
38.9262 0.0761505
39.9686 0.0866149
41.006 0.0727433
41.0055 0.0729046
42.068 0.0667547
43.1093 0.077833
43.109 0.07794
44.1355 0.0694118
44.1369 0.0689213
45.1921 0.0550039
46.2464 0.0626771
46.2464 0.0626771
47.2787 0.0622249
47.2787 0.0622249
47.2787 0.0622249
48.3243 0.0451076
49.3849 0.0509042
50.4236 0.0579011
50.4234 0.0579464
51.4543 0.0421096
52.5153 0.0415227
52.5153 0.0415227
53.5685 0.0524563
53.5685 0.0524563
53.5685 0.0524484
54.592 0.0406755
55.6643 0.0343851
55.6643 0.0343851
56.7083 0.0435629
56.711 0.0436679
57.7313 0.0389788
57.7313 0.0389788
57.7333 0.0364406
58.8026 0.0233201
58.7977 0.0231727
58.7977 0.0231727
58.8026 0.0233201
59.8525 0.0337478
59.854 0.0343327
59.854 0.0343327
60.8741 0.0347697
61.9123 0.0208565
61.9123 0.0208565
61.9123 0.0208565
61.9123 0.0208565
61.9123 0.0208565
61.9123 0.0208565
61.9123 0.0208565
61.9123 0.0208565
61.9123 0.0208565
62.9791 0.0282183
62.9791 0.0282183
64.0096 0.030949
64.0023 0.031819
65.0384 0.0208995
65.0297 0.0207815
65.0297 0.0207815
65.0297 0.0207815
65.0297 0.0207815
65.0384 0.0208995
66.1086 0.0194413
66.0899 0.0195508
66.0899 0.0196852
66.0899 0.0196852
66.0899 0.0196852
67.1597 0.0299794
67.1597 0.0299794
67.1597 0.0299794
67.1597 0.0299794
68.1651 0.0204948
68.1651 0.0204948
68.1651 0.0204948
68.1651 0.0204948
68.1651 0.0204948
68.1651 0.0204948
68.1651 0.0204948
69.2485 0.0181552
69.2485 0.0181552
69.2485 0.0181552
69.2485 0.0181552
70.3164 0.0269578
70.3164 0.0269578
70.3306 0.0248664
71.3119 0.0214242
71.3119 0.0214242
71.3119 0.0214242
71.3119 0.0214242
71.3119 0.0214242
72.3706 0.0134392
72.3783 0.0150578
73.4549 0.0143047
73.4444 0.0144583
73.4452 0.0144165
73.4549 0.0143047
74.4667 0.0224667
74.4667 0.0224667
74.4694 0.0225999
74.4694 0.0225999
74.4694 0.0225999
74.4694 0.0225999
74.4667 0.0224667
74.4667 0.0224667
74.4667 0.0224667
75.4698 0.0146596
75.4698 0.0146596
