13.2908 0.511043
14.3372 0.505768
15.3805 0.450498
16.4291 0.342335
17.4781 0.341187
18.5208 0.298292
19.5678 0.16897
20.6181 0.178561
21.6596 0.161268
22.7054 0.0293905
23.7565 -0.00717559
24.8007 0.0266106
25.842 -0.098469
26.8951 -0.162095
27.948 -0.12606
28.9826 -0.214619
30.0331 -0.323556
31.081 -0.257222
32.1228 -0.349141
33.1672 -0.518741
34.2225 -0.450519
35.2597 -0.453076
36.3037 -0.651457
37.3601 -0.636047
38.3958 -0.56659
39.4363 -0.710505
40.4971 -0.841079
41.5355 -0.693911
42.5815 -0.801439
43.6656 -0.782355
44.6808 -0.847934
45.7152 -0.918841
46.7617 -1.17485
47.8294 -1.03156
48.8528 -1.02679
49.9041 -1.33137
50.961 -1.27097
51.9902 -1.09302
53.0301 -1.43649
54.092 -1.53374
55.1268 -1.30286
56.1682 -1.62292
57.2289 -1.92268
58.2796 -1.42249
59.3102 -1.48511
60.3628 -1.92098
61.4131 -1.83846
62.4473 -1.49906
63.4805 -2.01161
64.5622 -2.05162
65.5878 -1.69495
66.596 -1.89806
67.6893 -2.18599
68.7428 -1.91772
69.7614 -1.98761
70.8098 -2.70296
71.8945 -2.06674
72.8771 -2.05612
