12.7685 0.285685 0.00342369
13.8108 0.267628 0.00272736
14.8598 0.247592 0.00138181
15.9081 0.245627 0.00331218
16.9504 0.238522 0.00312476
17.9988 0.210408 0.00208943
19.0487 0.210568 0.00336813
20.0908 0.204423 0.00237026
21.1373 0.181273 0.00223143
22.1869 0.1784 0.00233698
23.23 0.181028 0.00206684
24.2757 0.157654 0.0017349
25.3264 0.151087 0.00196492
26.3709 0.158678 0.00285414
27.4114 0.138454 0.00165493
28.4643 0.127866 0.0017036
29.5111 0.135104 0.00229871
30.5504 0.123176 0.00236023
31.5996 0.107775 0.00281304
32.6518 0.115377 0.00251154
33.6885 0.108999 0.00197594
34.7405 0.0917338 0.00169141
35.7908 0.0947959 0.00217844
36.8287 0.0967967 0.0026467
37.8697 0.0807971 0.00325391
38.9262 0.0761505 0.00210167
39.9686 0.0866149 0.00339154
41.0055 0.0729046 0.00199013
42.068 0.0667547 0.0025566
43.109 0.07794 0.0097901
44.1369 0.0689213 0.00805622
45.1921 0.0550039 0.00554203
46.2464 0.0626771 0.0051136
47.2787 0.0622249 0.00635786
48.3243 0.0451076 0.00320985
49.3849 0.0509042 0.00373214
50.4234 0.0579464 0.00285563
51.4543 0.0421096 0.00172697
52.5153 0.0415227 0.0029989
52.5153 0.0415227 0.0029989
53.5685 0.0524484 0.00217166
54.592 0.0406755 0.00226375
55.6643 0.0343851 0.0026515
56.7083 0.0435629 0.00228083
57.7313 0.0389788 0.00229023
58.8026 0.0233201 0.00218105
59.854 0.0343327 0.00319584
60.8741 0.0347697 0.00337526
61.9123 0.0208565 0.00101396
62.9791 0.0282183 0.00238489
64.0023 0.031819 0.00251502
65.0384 0.0208995 0.00201812
66.0899 0.0196852 0.00142841
67.1597 0.0299794 0.00196916
68.1651 0.0204948 0.00138397
69.2485 0.0181552 0.00254046
70.3306 0.0248664 0.00296425
71.3119 0.0214242 0.00189598
72.3783 0.0150578 0.0022596
73.4549 0.0143047 0.00276047
74.4667 0.0224667 0.00174079
75.4698 0.0146596 0.00196926
