0.000	30.666	0.005
0.020	30.822	-0.029
0.040	30.564	-0.054
0.060	29.823	-0.090
0.080	28.684	-0.119
0.100	27.132	-0.151
0.120	25.204	-0.172
0.140	22.862	-0.201
0.160	20.214	-0.215
0.180	17.287	-0.240
0.200	14.091	-0.252
0.220	10.691	-0.267
0.240	7.168	-0.267
0.260	3.521	-0.274
0.280	-0.169	-0.265
0.300	-3.848	-0.267
0.320	-7.517	-0.249
0.340	-11.067	-0.244
0.360	-14.408	-0.221
0.380	-17.598	-0.204
0.400	-20.515	-0.178
0.420	-23.131	-0.155
0.440	-25.413	-0.122
0.460	-27.331	-0.100
0.480	-28.872	-0.062
0.500	-29.957	-0.037
0.520	-30.639	-0.001
0.540	-30.833	0.028
0.560	-30.666	0.068
0.580	-30.032	0.094
0.600	-28.958	0.130
0.620	-27.465	0.157
0.640	-25.542	0.184
0.660	-23.292	0.208
0.680	-20.692	0.232
0.700	-17.776	0.247
0.720	-14.628	0.265
0.740	-11.260	0.273
0.760	-7.716	0.282
0.780	-4.063	0.287
0.800	-0.384	0.287
0.820	3.338	0.278
0.840	6.980	0.273
0.860	10.519	0.259
0.880	13.946	0.244
0.900	17.142	0.223
0.920	20.085	0.202
0.940	22.776	0.175
0.960	25.091	0.153
0.980	27.057	0.121
1.000	28.615	0.086
1.020	29.796	0.059
1.040	30.532	0.023
1.060	30.811	-0.008
1.080	30.688	-0.043
1.100	30.102	-0.075
1.120	29.087	-0.103
1.140	27.642	-0.139
1.160	25.832	-0.160
1.180	23.625	-0.188
1.200	21.063	-0.211
1.220	18.221	-0.230
1.240	15.112	-0.246
1.260	11.771	-0.255
1.280	8.280	-0.264
1.300	4.659	-0.266
1.320	0.996	-0.265
1.340	-2.720	-0.265
1.360	-6.389	-0.249
1.380	-9.966	-0.243
1.400	-13.387	-0.231
1.420	-16.615	-0.212
1.440	-19.618	-0.186
1.460	-22.330	-0.161
1.480	-24.715	-0.136
1.500	-26.767	-0.107
1.520	-28.416	-0.075
1.540	-29.630	-0.049
1.560	-30.435	-0.012
1.580	-30.779	0.012
1.600	-30.752	0.052
1.620	-30.247	0.078
1.640	-29.302	0.112
1.660	-27.911	0.145
1.680	-26.138	0.170
1.700	-24.001	0.195
1.720	-21.503	0.219
1.740	-18.667	0.232
1.760	-15.573	0.249
1.780	-12.281	0.262
1.800	-8.801	0.274
1.820	-5.170	0.271
1.840	-1.480	0.272
1.860	2.216	0.272
1.880	5.889	0.262
1.900	9.461	0.254
1.920	12.936	0.237
1.940	16.180	0.218
1.960	19.220	0.196
1.980	21.997	0.175
2.000	24.420	0.148
2.020	26.504	0.121
2.040	28.190	0.081
2.060	29.485	0.057
2.080	30.344	0.017
2.100	30.784	-0.007
2.120	30.768	-0.046
2.140	30.333	-0.076
2.160	29.431	-0.112
2.180	28.126	-0.142
2.200	26.423	-0.169
2.220	24.350	-0.190
2.240	21.874	-0.219
2.260	19.118	-0.234
2.280	16.094	-0.257
2.300	12.813	-0.264
2.320	9.365	-0.280
2.340	5.787	-0.281
2.360	2.114	-0.286
2.380	-1.576	-0.281
2.400	-5.266	-0.275
2.420	-8.860	-0.264
2.440	-12.351	-0.246
2.460	-15.627	-0.236
2.480	-18.726	-0.208
2.500	-21.535	-0.189
2.520	-24.001	-0.158
2.540	-26.160	-0.131
2.560	-27.943	-0.103
2.580	-29.307	-0.070
2.600	-30.237	-0.038
2.620	-30.693	-0.007
2.640	-30.806	0.022
2.660	-30.425	0.061
2.680	-29.619	0.091
2.700	-28.389	0.125
2.720	-26.708	0.149
2.740	-24.683	0.179
2.760	-22.293	0.202
2.780	-19.559	0.224
2.800	-16.546	0.236
2.820	-13.323	0.250
2.840	-9.869	0.260
2.860	-6.281	0.268
2.880	-2.618	0.270
2.900	1.093	0.267
2.920	4.778	0.258
2.940	8.382	0.252
2.960	11.905	0.234
2.980	15.214	0.224
3.000	18.323	0.196
3.020	21.192	0.181
3.040	23.721	0.151
3.060	25.902	0.127
3.080	27.718	0.090
3.100	29.125	0.065
3.120	30.118	0.025
3.140	30.698	-0.002
3.160	30.822	-0.037
3.180	30.510	-0.066
3.200	29.748	-0.103
3.220	28.577	-0.131
3.240	26.987	-0.161
3.260	25.032	-0.185
3.280	22.658	-0.212
3.300	19.999	-0.230
3.320	17.045	-0.252
3.340	13.833	-0.261
3.360	10.433	-0.277
3.380	6.888	-0.278
3.400	3.241	-0.287
3.420	-0.465	-0.276
3.440	-4.144	-0.275
3.460	-7.791	-0.261
3.480	-11.309	-0.255
3.500	-14.650	-0.232
3.520	-17.835	-0.216
3.540	-20.724	-0.187
3.560	-23.297	-0.168
3.580	-25.580	-0.133
3.600	-27.454	-0.113
3.620	-28.953	-0.071
3.640	-30.032	-0.044
3.660	-30.645	-0.011
3.680	-30.827	0.019
3.700	-30.607	0.054
3.720	-29.947	0.089
3.740	-28.835	0.120
3.760	-27.299	0.146
3.780	-25.381	0.179
3.800	-23.082	0.197
3.820	-20.467	0.223
3.840	-17.529	0.243
3.860	-14.360	0.257
3.880	-10.992	0.265
3.900	-7.431	0.272
3.920	-3.768	0.276
3.940	-0.067	0.274
3.960	3.628	0.270
3.980	7.275	0.262
4.000	10.815	0.246
4.020	14.209	0.236
4.040	17.394	0.211
4.060	20.332	0.190
4.080	22.986	0.166
4.100	25.263	0.140
4.120	27.197	0.112
4.140	28.738	0.075
4.160	29.866	0.046
4.180	30.564	0.013
4.200	30.822	-0.020
4.220	30.650	-0.051
4.240	30.032	-0.083
4.260	28.974	-0.112
4.280	27.513	-0.143
4.300	25.655	-0.169
4.320	23.421	-0.192
4.340	20.826	-0.217
4.360	17.958	-0.236
4.380	14.832	-0.253
4.400	11.465	-0.261
4.420	7.952	-0.271
4.440	4.343	-0.281
4.460	0.663	-0.277
4.480	-3.037	-0.270
4.500	-6.706	-0.257
4.520	-10.288	-0.247
4.540	-13.677	-0.228
4.560	-16.916	-0.211
4.580	-19.886	-0.188
4.600	-22.567	-0.163
4.620	-24.935	-0.136
4.640	-26.939	-0.106
4.660	-28.572	-0.073
4.680	-29.737	-0.041
4.700	-30.527	-0.008
4.720	-30.822	0.019
4.740	-30.731	0.056
4.760	-30.210	0.088
4.780	-29.232	0.118
4.800	-27.825	0.148
4.820	-25.993	0.176
4.840	-23.802	0.206
4.860	-21.294	0.226
4.880	-18.447	0.246
4.900	-15.353	0.262
4.920	-12.034	0.271
4.940	-8.532	0.279
4.960	-4.890	0.283
4.980	-1.195	0.283
5.000	2.506	0.281
5.020	6.185	0.275
5.040	9.740	0.262
5.060	13.205	0.246
5.080	16.449	0.228
5.100	19.457	0.208
5.120	22.201	0.183
5.140	24.597	0.154
5.160	26.654	0.130
5.180	28.314	0.092
5.200	29.576	0.070
5.220	30.403	0.025
5.240	30.790	-0.001
5.260	30.758	-0.038
5.280	30.274	-0.070
5.300	29.340	-0.101
5.320	28.002	-0.133
5.340	26.262	-0.157
5.360	24.146	-0.185
5.380	21.675	-0.211
5.400	18.866	-0.229
5.420	15.821	-0.245
5.440	12.523	-0.260
5.460	9.064	-0.268
5.480	5.487	-0.273
5.500	1.802	-0.270
5.520	-1.893	-0.274
5.540	-5.562	-0.261
5.560	-9.166	-0.252
5.580	-12.646	-0.239
5.600	-15.906	-0.226
5.620	-18.973	-0.201
5.640	-21.756	-0.176
5.660	-24.205	-0.153
5.680	-26.326	-0.122
5.700	-28.088	-0.092
5.720	-29.393	-0.060
5.740	-30.306	-0.028
5.760	-30.731	0.005
5.780	-30.779	0.034
5.800	-30.382	0.072
5.820	-29.544	0.100
5.840	-28.265	0.136
5.860	-26.573	0.158
5.880	-24.500	0.191
5.900	-22.089	0.211
5.920	-19.312	0.232
5.940	-16.288	0.244
5.960	-13.038	0.257
5.980	-9.595	0.271
6.000	-5.986	0.276
6.020	-2.312	0.275
6.040	1.394	0.274
6.060	5.073	0.264
6.080	8.672	0.258
6.100	12.168	0.237
6.120	15.493	0.224
6.140	18.576	0.200
6.160	21.406	0.182
6.180	23.915	0.150
6.200	26.074	0.125
6.220	27.857	0.088
6.240	29.238	0.061
6.260	30.194	0.025
6.280	30.725	-0.002
6.300	30.806	-0.040
6.320	30.462	-0.072
6.340	29.662	-0.104
6.360	28.453	-0.138
6.380	26.842	-0.164
6.400	24.844	-0.190
6.420	22.459	-0.216
6.440	19.758	-0.239
6.460	16.798	-0.254
6.480	13.565	-0.266
6.500	10.154	-0.281
6.520	6.598	-0.286
6.540	2.946	-0.290
6.560	-0.749	-0.286
6.580	-4.434	-0.281
6.600	-8.075	-0.265
6.620	-11.583	-0.259
6.640	-14.913	-0.236
6.660	-18.060	-0.223
6.680	-20.923	-0.190
6.700	-23.485	-0.173
6.720	-25.714	-0.140
6.740	-27.573	-0.116
6.760	-29.028	-0.078
6.780	-30.049	-0.051
6.800	-30.634	-0.014
6.820	-30.811	0.016
6.840	-30.543	0.054
6.860	-29.844	0.079
6.880	-28.695	0.117
6.900	-27.111	0.142
6.920	-25.161	0.171
6.940	-22.851	0.194
6.960	-20.198	0.216
6.980	-17.244	0.235
7.000	-14.053	0.253
7.020	-10.664	0.258
7.040	-7.087	0.271
7.060	-3.435	0.266
7.080	0.271	0.270
7.100	3.961	0.261
7.120	7.592	0.257
7.140	11.126	0.239
7.160	14.499	0.225
7.180	17.652	0.204
7.200	20.569	0.183
7.220	23.195	0.157
7.240	25.440	0.131
7.260	27.352	0.102
7.280	28.845	0.067
7.300	29.936	0.034
7.320	30.596	0.001
7.340	30.833	-0.033
7.360	30.613	-0.064
7.380	29.941	-0.096
7.400	28.878	-0.132
7.420	27.374	-0.157
7.440	25.494	-0.183
7.460	23.217	-0.209
7.480	20.612	-0.233
7.500	17.722	-0.252
7.520	14.564	-0.265
7.540	11.212	-0.279
7.560	7.683	-0.281
7.580	4.063	-0.292
7.600	0.384	-0.284
7.620	-3.322	-0.286
7.640	-6.980	-0.269
7.660	-10.557	-0.265
7.680	-13.935	-0.240
7.700	-17.163	-0.230
7.720	-20.107	-0.195
7.740	-22.765	-0.179
7.760	-25.102	-0.142
7.780	-27.078	-0.121
7.800	-28.684	-0.085
7.820	-29.818	-0.056
7.840	-30.559	-0.020
7.860	-30.833	0.011
7.880	-30.688	0.048
7.900	-30.161	0.078
7.920	-29.135	0.111
7.940	-27.680	0.137
7.960	-25.832	0.170
7.980	-23.635	0.193
8.000	-21.090	0.220
8.020	-18.211	0.237
8.040	-15.069	0.253
8.060	-11.749	0.266
8.080	-8.226	0.272
8.100	-4.590	0.276
8.120	-0.900	0.275
8.140	2.812	0.272
8.160	6.480	0.267
8.180	10.036	0.255
8.200	13.473	0.235
8.220	16.707	0.217
8.240	19.688	0.194
8.260	22.422	0.175
8.280	24.780	0.146
8.300	26.799	0.123
8.320	28.427	0.083
8.340	29.651	0.058
8.360	30.446	0.020
8.380	30.811	-0.009
8.400	30.720	-0.041
8.420	30.183	-0.074
8.440	29.248	-0.108
8.460	27.873	-0.141
8.480	26.101	-0.165
8.500	23.952	-0.189
8.520	21.433	-0.213
8.540	18.624	-0.232
8.560	15.552	-0.251
8.580	12.227	-0.268
8.600	8.768	-0.269
8.620	5.148	-0.279
8.640	1.485	-0.277
8.660	-2.226	-0.274
8.680	-5.900	-0.262
8.700	-9.493	-0.252
8.720	-12.931	-0.236
8.740	-16.218	-0.219
8.760	-19.247	-0.195
8.780	-21.992	-0.173
8.800	-24.436	-0.145
8.820	-26.520	-0.113
8.840	-28.228	-0.084
8.860	-29.522	-0.052
8.880	-30.382	-0.023
8.900	-30.779	0.012
8.920	-30.795	0.046
8.940	-30.371	0.079
8.960	-29.479	0.113
8.980	-28.174	0.140
9.000	-26.445	0.171
9.020	-24.328	0.198
9.040	-21.885	0.221
9.060	-19.092	0.240
9.080	-16.046	0.254
9.100	-12.797	0.272
9.120	-9.311	0.278
9.140	-5.701	0.283
9.160	-2.028	0.284
9.180	1.684	0.282
9.200	5.363	0.274
9.220	8.956	0.263
9.240	12.453	0.249
9.260	15.756	0.233
9.280	18.807	0.211
9.300	21.616	0.190
9.320	24.103	0.159
9.340	26.230	0.133
9.360	27.981	0.094
9.380	29.329	0.075
9.400	30.258	0.034
9.420	30.747	0.005
9.440	30.790	-0.036
9.460	30.408	-0.067
9.480	29.576	-0.100
9.500	28.341	-0.130
9.520	26.670	-0.161
9.540	24.661	-0.182
9.560	22.260	-0.212
9.580	19.521	-0.224
9.600	16.535	-0.248
9.620	13.275	-0.263
9.640	9.859	-0.274
9.660	6.292	-0.278
9.680	2.635	-0.277
9.700	-1.061	-0.276
9.720	-4.756	-0.271
9.740	-8.382	-0.259
9.760	-11.873	-0.249
9.780	-15.176	-0.227
9.800	-18.291	-0.212
9.820	-21.159	-0.183
9.840	-23.689	-0.161
9.860	-25.875	-0.131
9.880	-27.728	-0.100
9.900	-29.135	-0.067
9.920	-30.140	-0.037
9.940	-30.666	-0.004
9.960	-30.833	0.025
9.980	-30.516	0.061
10.000	-29.775	0.091
10.020	-28.588	0.127
10.040	-26.976	0.151
10.060	-24.984	0.180
10.080	-22.647	0.204
10.100	-19.951	0.228
10.120	-16.986	0.241
10.140	-13.780	0.258
10.160	-10.369	0.267
10.180	-6.813	0.276
10.200	-3.134	0.274
10.220	0.561	0.276
10.240	4.262	0.267
10.260	7.882	0.259
10.280	11.411	0.245
10.300	14.768	0.231
10.320	17.905	0.208
10.340	20.800	0.187
10.360	23.388	0.158
10.380	25.623	0.132
10.400	27.497	0.097
10.420	28.958	0.070
10.440	30.011	0.033
10.460	30.645	0.003
10.480	30.833	-0.035
10.500	30.575	-0.064
10.520	29.871	-0.098
10.540	28.770	-0.134
10.560	27.240	-0.157
10.580	25.327	-0.186
10.600	23.023	-0.213
10.620	20.386	-0.234
10.640	17.475	-0.256
10.660	14.284	-0.269
10.680	10.911	-0.277
10.700	7.393	-0.288
10.720	3.746	-0.292
10.740	0.083	-0.293
10.760	-3.628	-0.286
10.780	-7.275	-0.275
10.800	-10.815	-0.266
10.820	-14.188	-0.247
10.840	-17.367	-0.231
10.860	-20.311	-0.202
10.880	-22.932	-0.182
10.900	-25.252	-0.149
10.920	-27.197	-0.125
10.940	-28.738	-0.091
10.960	-29.871	-0.061
10.980	-30.537	-0.026
11.000	-30.806	0.002
11.020	-30.634	0.040
11.040	-30.038	0.073
11.060	-28.969	0.104
11.080	-27.503	0.137
11.100	-25.623	0.165
11.120	-23.383	0.188
11.140	-20.821	0.211
11.160	-17.910	0.229
11.180	-14.773	0.247
11.200	-11.438	0.261
11.220	-7.904	0.266
11.240	-4.262	0.271
11.260	-0.556	0.272
11.280	3.145	0.266
11.300	6.792	0.258
11.320	10.347	0.245
11.340	13.763	0.229
11.360	16.965	0.210
11.380	19.940	0.187
11.400	22.642	0.165
11.420	24.968	0.137
11.440	26.955	0.107
11.460	28.539	0.075
11.480	29.732	0.039
11.500	30.494	0.012
11.520	30.811	-0.023
11.540	30.698	-0.056
11.560	30.124	-0.092
11.580	29.146	-0.119
11.600	27.750	-0.154
11.620	25.950	-0.178
11.640	23.759	-0.209
11.660	21.219	-0.227
11.680	18.388	-0.250
11.700	15.289	-0.269
11.720	11.975	-0.275
11.740	8.473	-0.286
11.760	4.874	-0.290
11.780	1.206	-0.292
11.800	-2.506	-0.282
11.820	-6.174	-0.277
11.840	-9.773	-0.261
11.860	-13.194	-0.251
11.880	-16.438	-0.229
11.900	-19.478	-0.206
11.920	-22.201	-0.183
11.940	-24.608	-0.156
11.960	-26.676	-0.126
11.980	-28.346	-0.095
12.000	-29.597	-0.062
12.020	-30.425	-0.029
12.040	-30.790	0.001
12.060	-30.790	0.038
12.080	-30.312	0.068
12.100	-29.393	0.108
12.120	-28.040	0.132
12.140	-26.273	0.167
12.160	-24.151	0.183
12.180	-21.680	0.216
12.200	-18.877	0.229
12.220	-15.799	0.249
12.240	-12.528	0.262
12.260	-9.021	0.278
12.280	-5.417	0.279
12.300	-1.738	0.282
12.320	1.995	0.274
12.340	5.664	0.275
12.360	9.246	0.255
12.380	12.727	0.245
12.400	15.998	0.229
12.420	19.049	0.205
12.440	21.847	0.183
12.460	24.291	0.157
12.480	26.380	0.132
12.500	28.094	0.090
12.520	29.420	0.069
12.540	30.312	0.026
12.560	30.768	0.001
12.580	30.779	-0.037
12.600	30.349	-0.059
12.620	29.501	-0.105
12.640	28.228	-0.126
12.660	26.525	-0.166
12.680	24.468	-0.176
12.700	22.008	-0.215
12.720	19.280	-0.223
12.740	16.250	-0.253
12.760	12.990	-0.254
12.780	9.547	-0.274
12.800	5.991	-0.276
12.820	2.307	-0.282
12.840	-1.399	-0.283
12.860	-5.057	-0.276
12.880	-8.709	-0.268
12.900	-12.190	-0.248
12.920	-15.493	-0.239
12.940	-18.576	-0.207
12.960	-21.401	-0.195
12.980	-23.915	-0.161
13.000	-26.063	-0.134
13.020	-27.889	-0.102
13.040	-29.275	-0.071
13.060	-30.231	-0.039
13.080	-30.731	-0.004
13.100	-30.827	0.023
13.120	-30.500	0.067
13.140	-29.716	0.088
13.160	-28.502	0.127
13.180	-26.853	0.150
13.200	-24.844	0.191
13.220	-22.465	0.204
13.240	-19.752	0.249
13.260	-16.755	0.253
13.280	-13.527	0.277
13.300	-10.090	0.278
13.320	-6.523	0.296
13.340	-2.849	0.286
13.360	0.867	0.292
13.380	4.557	0.275
13.400	8.177	0.273
13.420	11.685	0.258
13.440	15.026	0.245
13.460	18.157	0.216
13.480	21.009	0.202
13.500	23.587	0.171
13.520	25.789	0.150
13.540	27.632	0.113
13.560	29.055	0.084
13.580	30.081	0.046
13.600	30.666	0.016
13.620	30.817	-0.020
13.640	30.543	-0.054
13.660	29.791	-0.086
13.680	28.647	-0.115
13.700	27.068	-0.153
13.720	25.150	-0.173
13.740	22.814	-0.221
13.760	20.155	-0.222
13.780	17.222	-0.269
13.800	14.021	-0.255
13.820	10.627	-0.288
13.840	7.093	-0.272
13.860	3.446	-0.302
13.880	-0.234	-0.274
13.900	-3.934	-0.294
13.920	-7.576	-0.265
13.940	-11.115	-0.266
13.960	-14.478	-0.238
13.980	-17.641	-0.228
14.000	-20.552	-0.198
14.020	-23.147	-0.183
14.040	-25.413	-0.140
14.060	-27.352	-0.124
14.080	-28.862	-0.084
14.100	-29.957	-0.059
14.120	-30.596	-0.018
14.140	-30.827	0.006
14.160	-30.623	0.051
14.180	-29.963	0.074
14.200	-28.910	0.111
14.220	-27.374	0.137
14.240	-25.456	0.167
14.260	-23.195	0.197
14.280	-20.585	0.229
14.300	-17.668	0.243
14.320	-14.521	0.262
14.340	-11.153	0.266
14.360	-7.603	0.279
14.380	-3.945	0.276
14.400	-0.260	0.282
14.420	3.446	0.266
14.440	7.103	0.265
14.460	10.627	0.251
14.480	14.037	0.239
14.500	17.217	0.215
14.520	20.171	0.195
14.540	22.835	0.165
14.560	25.145	0.144
14.580	27.111	0.109
14.600	28.663	0.083
14.620	29.818	0.043
14.640	30.537	0.014
14.660	30.833	-0.028
14.680	30.666	-0.053
14.700	30.065	-0.091
14.720	29.050	-0.116
14.740	27.589	-0.156
14.760	25.784	-0.177
14.780	23.566	-0.207
14.800	21.004	-0.226
14.820	18.135	-0.252
14.840	15.031	-0.271
14.860	11.674	-0.279
14.880	8.199	-0.292
14.900	4.568	-0.290
14.920	0.910	-0.298
14.940	-2.806	-0.284
14.960	-6.459	-0.285
14.980	-10.036	-0.267
15.000	-13.452	-0.252
15.020	-16.675	-0.236
15.040	-19.693	-0.211
15.060	-22.379	-0.188
15.080	-24.747	-0.159
15.100	-26.783	-0.132
15.120	-28.427	-0.099
15.140	-29.646	-0.069
15.160	-30.451	-0.031
15.180	-30.768	-0.006
15.200	-30.715	0.034
15.220	-30.199	0.060
15.240	-29.254	0.100
15.260	-27.873	0.127
15.280	-26.095	0.157
15.300	-23.915	0.179
15.320	-21.401	0.208
15.340	-18.576	0.225
15.360	-15.493	0.245
15.380	-12.211	0.249
15.400	-8.698	0.267
15.420	-5.078	0.267
15.440	-1.394	0.272
15.460	2.318	0.263
15.480	5.981	0.262
15.500	9.552	0.245
15.520	13.022	0.233
15.540	16.266	0.216
15.560	19.290	0.192
15.580	22.067	0.171
15.600	24.479	0.142
15.620	26.552	0.113
15.640	28.222	0.082
15.660	29.511	0.049
15.680	30.355	0.017
15.700	30.784	-0.017
15.720	30.758	-0.054
15.740	30.306	-0.077
15.760	29.409	-0.119
15.780	28.088	-0.142
15.800	26.375	-0.176
15.820	24.291	-0.196
15.840	21.809	-0.227
15.860	19.043	-0.238
15.880	16.014	-0.267
15.900	12.711	-0.269
15.920	9.268	-0.290
15.940	5.691	-0.285
15.960	2.017	-0.296
15.980	-1.689	-0.285
16.000	-5.363	-0.283
16.020	-8.999	-0.265
16.040	-12.448	-0.257
16.060	-15.729	-0.236
16.080	-18.807	-0.215
16.100	-21.605	-0.189
16.120	-24.114	-0.162
16.140	-26.246	-0.135
16.160	-28.013	-0.107
16.180	-29.345	-0.072
16.200	-30.290	-0.037
16.220	-30.752	-0.004
16.240	-30.833	0.026
16.260	-30.435	0.065
16.280	-29.619	0.096
16.300	-28.367	0.128
16.320	-26.724	0.156
16.340	-24.667	0.183
16.360	-22.255	0.202
16.380	-19.516	0.228
16.400	-16.503	0.244
16.420	-13.280	0.265
16.440	-9.810	0.266
16.460	-6.228	0.278
16.480	-2.554	0.276
16.500	1.168	0.282
16.520	4.847	0.269
16.540	8.457	0.264
16.560	11.964	0.243
16.580	15.300	0.235
16.600	18.388	0.205
16.620	21.245	0.191
16.640	23.775	0.154
16.660	25.940	0.135
16.680	27.750	0.097
16.700	29.157	0.072
16.720	30.151	0.034
16.740	30.704	0.006
16.760	30.817	-0.030
16.780	30.500	-0.059
16.800	29.721	-0.096
16.820	28.545	-0.126
16.840	26.928	-0.157
16.860	24.968	-0.180
16.880	22.588	-0.208
16.900	19.913	-0.225
16.920	16.965	-0.250
16.940	13.737	-0.261
16.960	10.337	-0.271
16.980	6.786	-0.277
17.000	3.129	-0.283
17.020	-0.551	-0.279
17.040	-4.251	-0.277
17.060	-7.904	-0.264
17.080	-11.427	-0.249
17.100	-14.762	-0.234
17.120	-17.915	-0.214
17.140	-20.805	-0.189
17.160	-23.394	-0.166
17.180	-25.628	-0.129
17.200	-27.519	-0.111
17.220	-28.980	-0.068
17.240	-30.049	-0.045
17.260	-30.661	-0.001
17.280	-30.833	0.021
17.300	-30.602	0.060
17.320	-29.936	0.096
17.340	-28.792	0.124
17.360	-27.245	0.158
17.380	-25.317	0.184
17.400	-23.023	0.209
17.420	-20.375	0.229
17.440	-17.437	0.249
17.460	-14.268	0.266
17.480	-10.885	0.270
17.500	-7.323	0.282
17.520	-3.671	0.283
17.540	0.051	0.278
17.560	3.730	0.275
17.580	7.383	0.267
17.600	10.911	0.258
17.620	14.306	0.239
17.640	17.469	0.220
17.660	20.397	0.195
17.680	23.050	0.172
17.700	25.317	0.146
17.720	27.250	0.110
17.740	28.770	0.082
17.760	29.904	0.046
17.780	30.580	0.021
17.800	30.827	-0.022
17.820	30.639	-0.049
17.840	30.000	-0.091
17.860	28.948	-0.114
17.880	27.454	-0.154
17.900	25.612	-0.170
17.920	23.367	-0.205
17.940	20.783	-0.219
17.960	17.899	-0.248
17.980	14.762	-0.261
18.000	11.395	-0.269
18.020	7.887	-0.280
18.040	4.273	-0.283
18.060	0.594	-0.280
18.080	-3.102	-0.279
18.100	-6.765	-0.271
18.120	-10.331	-0.261
18.140	-13.737	-0.240
18.160	-16.948	-0.225
18.180	-19.908	-0.198
18.200	-22.594	-0.175
18.220	-24.941	-0.151
18.240	-26.955	-0.117
18.260	-28.572	-0.091
18.280	-29.726	-0.059
18.300	-30.500	-0.023
18.320	-30.795	0.005
18.340	-30.693	0.046
18.360	-30.151	0.074
18.380	-29.168	0.108
18.400	-27.734	0.133
18.420	-25.913	0.172
18.440	-23.743	0.190
18.460	-21.192	0.220
18.480	-18.350	0.229
18.500	-15.230	0.256
18.520	-11.916	0.259
18.540	-8.398	0.274
18.560	-4.772	0.268
18.580	-1.088	0.278
18.600	2.635	0.266
18.620	6.287	0.265
18.640	9.853	0.248
18.660	13.307	0.236
18.680	16.530	0.212
18.700	19.532	0.194
18.720	22.266	0.168
18.740	24.661	0.143
18.760	26.708	0.112
18.780	28.341	0.077
18.800	29.592	0.051
18.820	30.414	0.006
18.840	30.801	-0.016
18.860	30.736	-0.062
18.880	30.242	-0.081
18.900	29.313	-0.128
18.920	27.948	-0.148
18.940	26.219	-0.186
18.960	24.097	-0.202
18.980	21.600	-0.238
19.000	18.802	-0.244
19.020	15.740	-0.276
19.040	12.437	-0.274
19.060	8.983	-0.294
19.080	5.406	-0.294
19.100	1.721	-0.300
19.120	-1.979	-0.298
19.140	-5.664	-0.282
19.160	-9.252	-0.278
19.180	-12.716	-0.253
19.200	-15.976	-0.248
19.220	-19.049	-0.214
19.240	-21.820	-0.201
19.260	-24.242	-0.166
19.280	-26.375	-0.140
19.300	-28.104	-0.107
19.320	-29.420	-0.077
19.340	-30.301	-0.044
19.360	-30.731	-0.011
19.380	-30.763	0.021
19.400	-30.328	0.062
19.420	-29.511	0.086
19.440	-28.217	0.124
19.460	-26.504	0.149
19.480	-24.430	0.181
19.500	-21.992	0.198
19.520	-19.242	0.229
19.540	-16.207	0.234
19.560	-12.952	0.256
19.580	-9.493	0.261
19.600	-5.889	0.270
19.620	-2.216	0.266
19.640	1.485	0.270
19.660	5.170	0.258
19.680	8.758	0.253
19.700	12.265	0.233
19.720	15.573	0.220
19.740	18.646	0.195
19.760	21.471	0.176
19.780	23.969	0.147
19.800	26.128	0.121
19.820	27.889	0.088
19.840	29.264	0.055
19.860	30.215	0.021
19.880	30.725	-0.010
19.900	30.806	-0.044
19.920	30.451	-0.074
19.940	29.640	-0.108
19.960	28.416	-0.139
19.980	26.794	-0.173
20.000	24.785	-0.192
20.020	22.395	-0.225
20.040	19.677	-0.234
20.060	16.701	-0.270
20.080	13.463	-0.262
20.100	10.052	-0.297
20.120	6.491	-0.278
20.140	2.844	-0.306
20.160	-0.851	-0.286
20.180	-4.552	-0.294
20.200	-8.183	-0.265
20.220	-11.690	-0.266
20.240	-15.015	-0.240
20.260	-18.162	-0.227
20.280	-21.036	-0.195
20.300	-23.566	-0.178
20.320	-25.795	-0.142
20.340	-27.642	-0.115
20.360	-29.125	-0.079
20.380	-30.118	-0.051
20.400	-30.709	-0.015
20.420	-30.833	0.017
20.440	-30.570	0.056
20.460	-29.861	0.089
20.480	-28.711	0.118
20.500	-27.132	0.146
20.520	-25.156	0.175
20.540	-22.814	0.200
20.560	-20.160	0.230
20.580	-17.190	0.240
20.600	-14.010	0.257
20.620	-10.600	0.264
20.640	-7.033	0.281
20.660	-3.376	0.278
20.680	0.336	0.281
20.700	4.026	0.271
20.720	7.656	0.267
20.740	11.201	0.249
20.760	14.564	0.239
20.780	17.722	0.209
20.800	20.622	0.195
20.820	23.249	0.163
20.840	25.499	0.144
20.860	27.385	0.104
20.880	28.872	0.079
20.900	29.963	0.038
20.920	30.618	0.012
20.940	30.833	-0.025
20.960	30.607	-0.052
20.980	29.930	-0.095
21.000	28.835	-0.119
21.020	27.325	-0.153
21.040	25.446	-0.173
21.060	23.147	-0.206
21.080	20.536	-0.223
21.100	17.636	-0.246
21.120	14.472	-0.262
21.140	11.099	-0.271
21.160	7.581	-0.278
21.180	3.961	-0.283
21.200	0.260	-0.280
21.220	-3.435	-0.274
21.240	-7.087	-0.268
21.260	-10.654	-0.253
21.280	-14.032	-0.241
21.300	-17.217	-0.216
21.320	-20.177	-0.194
21.340	-22.835	-0.172
21.360	-25.172	-0.136
21.380	-27.100	-0.116
21.400	-28.722	-0.074
21.420	-29.839	-0.050
21.440	-30.559	-0.012
21.460	-30.827	0.013
21.480	-30.698	0.057
21.500	-30.102	0.084
21.520	-29.098	0.118
21.540	-27.637	0.145
21.560	-25.762	0.183
21.580	-23.544	0.199
21.600	-21.009	0.227
21.620	-18.103	0.246
21.640	-14.999	0.262
21.660	-11.653	0.271
21.680	-8.124	0.280
21.700	-4.493	0.280
21.720	-0.787	0.280
21.740	2.930	0.279
21.760	6.566	0.271
21.780	10.127	0.260
21.800	13.565	0.247
21.820	16.793	0.226
21.840	19.763	0.203
21.860	22.497	0.181
21.880	24.839	0.151
21.900	26.853	0.123
21.920	28.459	0.090
21.940	29.689	0.058
21.960	30.462	0.022
21.980	30.827	-0.006
22.000	30.709	-0.041
22.020	30.183	-0.077
22.040	29.216	-0.110
22.060	27.825	-0.141
22.080	26.052	-0.164
22.100	23.893	-0.199
22.120	21.380	-0.217
22.140	18.554	-0.240
22.160	15.488	-0.258
22.180	12.174	-0.269
22.200	8.682	-0.278
22.220	5.089	-0.281
22.240	1.426	-0.283
22.260	-2.291	-0.277
22.280	-5.965	-0.274
22.300	-9.563	-0.262
22.320	-12.995	-0.251
22.340	-16.245	-0.225
22.360	-19.274	-0.210
22.380	-22.046	-0.182
22.400	-24.447	-0.155
22.420	-26.536	-0.126
22.440	-28.233	-0.099
22.460	-29.495	-0.062
22.480	-30.365	-0.029
22.500	-30.741	-0.001
22.520	-30.763	0.036
22.540	-30.296	0.070
22.560	-29.409	0.100
22.580	-28.094	0.131
22.600	-26.353	0.161
22.620	-24.253	0.188
22.640	-21.788	0.210
22.660	-19.000	0.227
22.680	-15.949	0.249
22.700	-12.678	0.260
22.720	-9.209	0.269
22.740	-5.594	0.272
22.760	-1.915	0.275
22.780	1.807	0.269
22.800	5.470	0.266
22.820	9.058	0.254
22.840	12.550	0.236
22.860	15.831	0.221
22.880	18.882	0.194
22.900	21.691	0.178
22.920	24.162	0.146
22.940	26.289	0.120
22.960	28.018	0.082
22.980	29.350	0.060
23.000	30.269	0.014
23.020	30.752	-0.007
23.040	30.801	-0.052
23.060	30.398	-0.077
23.080	29.549	-0.117
23.100	28.292	-0.140
23.120	26.627	-0.175
23.140	24.608	-0.198
23.160	22.185	-0.232
23.180	19.457	-0.242
23.200	16.460	-0.272
23.220	13.194	-0.273
23.240	9.767	-0.294
23.260	6.206	-0.289
23.280	2.543	-0.298
23.300	-1.157	-0.293
23.320	-4.826	-0.287
23.340	-8.462	-0.275
23.360	-11.959	-0.265
23.380	-15.262	-0.248
23.400	-18.377	-0.224
23.420	-21.229	-0.201
23.440	-23.732	-0.176
23.460	-25.934	-0.142
23.480	-27.755	-0.118
23.500	-29.162	-0.082
23.520	-30.156	-0.053
23.540	-30.666	-0.016
23.560	-30.790	0.014
23.580	-30.484	0.055
23.600	-29.737	0.081
23.620	-28.545	0.119
23.640	-26.917	0.143
23.660	-24.914	0.180
23.680	-22.567	0.194
23.700	-19.892	0.225
23.720	-16.889	0.235
23.740	-13.704	0.254
23.760	-10.267	0.263
23.780	-6.695	0.272
23.800	-3.032	0.269
23.820	0.679	0.271
23.840	4.359	0.262
23.860	7.990	0.258
23.880	11.508	0.240
23.900	14.843	0.232
23.920	17.974	0.205
23.940	20.859	0.187
23.960	23.448	0.157
23.980	25.677	0.133
24.000	27.513	0.097
24.020	28.990	0.069
24.040	30.038	0.033
24.060	30.645	0.003
24.080	30.822	-0.033
24.100	30.570	-0.063
24.120	29.855	-0.097
24.140	28.733	-0.128
24.160	27.191	-0.164
24.180	25.279	-0.185
24.200	22.953	-0.211
24.220	20.316	-0.233
24.240	17.400	-0.256
24.260	14.220	-0.266
24.280	10.825	-0.278
24.300	7.297	-0.281
24.320	3.666	-0.292
24.340	-0.030	-0.285
24.360	-3.725	-0.284
24.380	-7.372	-0.269
24.400	-10.911	-0.263
24.420	-14.295	-0.242
24.440	-17.464	-0.227
24.460	-20.397	-0.196
24.480	-23.018	-0.174
24.500	-25.301	-0.141
24.520	-27.250	-0.118
24.540	-28.802	-0.078
24.560	-29.914	-0.054
24.580	-30.586	-0.015
24.600	-30.811	0.011
24.620	-30.639	0.057
24.640	-30.032	0.082
24.660	-28.985	0.117
24.680	-27.465	0.143
24.700	-25.601	0.180
24.720	-23.345	0.204
24.740	-20.757	0.227
24.760	-17.872	0.243
24.780	-14.719	0.263
24.800	-11.363	0.271
24.820	-7.823	0.284
24.840	-4.192	0.285
24.860	-0.470	0.286
24.880	3.225	0.279
24.900	6.878	0.274
24.920	10.412	0.257
24.940	13.839	0.251
24.960	17.056	0.226
24.980	19.999	0.206
25.000	22.706	0.179
25.020	25.021	0.152
25.040	26.992	0.127
25.060	28.582	0.091
25.080	29.764	0.060
25.100	30.505	0.024
25.120	30.817	-0.006
25.140	30.693	-0.040
25.160	30.118	-0.075
25.180	29.119	-0.102
25.200	27.701	-0.137
25.220	25.891	-0.163
25.240	23.705	-0.188
25.260	21.143	-0.212
25.280	18.318	-0.230
25.300	15.208	-0.252
25.320	11.873	-0.260
25.340	8.398	-0.273
25.360	4.778	-0.277
25.380	1.104	-0.274
25.400	-2.613	-0.269
25.420	-6.276	-0.262
25.440	-9.859	-0.252
25.460	-13.269	-0.237
25.480	-16.513	-0.215
25.500	-19.527	-0.188
25.520	-22.250	-0.167
25.540	-24.651	-0.141
25.560	-26.692	-0.112
25.580	-28.378	-0.079
25.600	-29.608	-0.050
25.620	-30.435	-0.011
25.640	-30.779	0.016
25.660	-30.736	0.055
25.680	-30.269	0.087
25.700	-29.329	0.117
25.720	-27.981	0.148
25.740	-26.214	0.182
25.760	-24.065	0.206
25.780	-21.578	0.229
25.800	-18.759	0.248
25.820	-15.692	0.267
25.840	-12.421	0.278
25.860	-8.897	0.290
25.880	-5.293	0.293
25.900	-1.603	0.293
25.920	2.092	0.292
25.940	5.766	0.280
25.960	9.348	0.272
25.980	12.829	0.254
26.000	16.089	0.240
26.020	19.124	0.214
26.040	21.927	0.194
26.060	24.344	0.162
26.080	26.445	0.137
26.100	28.142	0.099
26.120	29.436	0.075
26.140	30.323	0.032
26.160	30.768	0.008
26.180	30.779	-0.034
26.200	30.344	-0.063
26.220	29.469	-0.099
26.240	28.179	-0.130
26.260	26.482	-0.159
26.280	24.420	-0.183
26.300	21.960	-0.210
26.320	19.199	-0.224
26.340	16.197	-0.253
26.360	12.926	-0.258
26.380	9.467	-0.274
26.400	5.911	-0.277
26.420	2.232	-0.278
26.440	-1.453	-0.275
26.460	0.000	-0.254
26.480	0.000	-0.251
26.500	0.000	-0.229
26.520	0.000	-0.208
26.540	0.000	-0.182
26.560	0.000	-0.160
26.580	0.000	-0.121
26.600	0.000	-0.098
26.620	0.000	-0.061
26.640	0.000	-0.034
26.660	0.000	0.006
26.680	0.000	0.034
26.700	0.000	0.072
26.720	0.000	0.100
26.740	0.000	0.136
26.760	0.000	0.158
26.780	0.000	0.190
26.800	0.000	0.207
26.820	0.000	0.235
26.840	0.000	0.245
26.860	0.000	0.265
26.880	0.000	0.269
26.900	0.000	0.281
26.920	0.000	0.275
26.940	0.000	0.276
26.960	0.000	0.265
26.980	0.000	0.263
27.000	0.000	0.241
27.020	0.000	0.227
27.040	0.000	0.203
27.060	0.000	0.182
27.080	0.000	0.152
27.100	0.000	0.126
27.120	0.000	0.095
27.140	0.000	0.066
27.160	0.000	0.028
27.180	0.000	-0.002
27.200	0.000	-0.038
27.220	0.000	-0.067
27.240	0.000	-0.101
27.260	0.000	-0.130
27.280	0.000	-0.161
27.300	0.000	-0.185
27.320	0.000	-0.212
27.340	0.000	-0.230
27.360	0.000	-0.247
27.380	0.000	-0.258
27.400	0.000	-0.275
27.420	0.000	-0.277
27.440	0.000	-0.278
27.460	0.000	-0.277
27.480	0.000	-0.273
27.500	0.000	-0.258
27.520	0.000	-0.249
27.540	0.000	-0.224
27.560	0.000	-0.212
27.580	0.000	-0.183
27.600	0.000	-0.162
27.620	0.000	-0.132
27.640	0.000	-0.105
27.660	0.000	-0.072
27.680	0.000	-0.039
27.700	0.000	-0.009
27.720	0.000	0.022
27.740	0.000	0.058
27.760	0.000	0.087
27.780	0.000	0.117
27.800	0.000	0.147
27.820	0.000	0.174
27.840	0.000	0.193
27.860	0.000	0.215
27.880	0.000	0.232
27.900	0.000	0.248
27.920	0.000	0.256
27.940	0.000	0.265
27.960	0.000	0.265
27.980	0.000	0.264
28.000	0.000	0.261
28.020	0.000	0.252
28.040	0.000	0.241
28.060	0.000	0.225
28.080	0.000	0.205
28.100	0.000	0.183
28.120	0.000	0.161
28.140	0.000	0.136
28.160	0.000	0.105
28.180	0.000	0.078
28.200	0.000	0.043
28.220	0.000	0.016
28.240	0.000	-0.017
28.260	0.000	-0.048
28.280	0.000	-0.081
28.300	0.000	-0.109
28.320	0.000	-0.134
28.340	0.000	-0.163
28.360	0.000	-0.180
28.380	0.000	-0.205
28.400	0.000	-0.217
28.420	0.000	-0.233
28.440	0.000	-0.246
28.460	0.000	-0.249
28.480	0.000	-0.252
28.500	0.000	-0.253
28.520	0.000	-0.247
28.540	0.000	-0.237
28.560	0.000	-0.229
28.580	0.000	-0.212
28.600	0.000	-0.192
28.620	0.000	-0.175
28.640	0.000	-0.150
28.660	0.000	-0.122
28.680	0.000	-0.095
28.700	0.000	-0.067
28.720	0.000	-0.035
28.740	0.000	-0.006
28.760	0.000	0.024
28.780	0.000	0.054
28.800	0.000	0.082
28.820	0.000	0.116
28.840	0.000	0.141
28.860	0.000	0.166
28.880	0.000	0.192
28.900	0.000	0.211
28.920	0.000	0.230
28.940	0.000	0.244
28.960	0.000	0.256
28.980	0.000	0.265
29.000	0.000	0.269
29.020	0.000	0.268
29.040	0.000	0.265
29.060	0.000	0.255
29.080	0.000	0.244
29.100	0.000	0.229
29.120	0.000	0.211
29.140	0.000	0.194
29.160	0.000	0.171
29.180	0.000	0.146
29.200	0.000	0.120
29.220	0.000	0.091
29.240	0.000	0.062
29.260	0.000	0.032
29.280	0.000	0.004
29.300	0.000	-0.027
29.320	0.000	-0.055
29.340	0.000	-0.087
29.360	0.000	-0.111
29.380	0.000	-0.136
29.400	0.000	-0.161
29.420	0.000	-0.183
29.440	0.000	-0.199
29.460	0.000	-0.211
29.480	0.000	-0.220
29.500	0.000	-0.233
29.520	0.000	-0.236
29.540	0.000	-0.237
29.560	0.000	-0.235
29.580	0.000	-0.229
29.600	0.000	-0.217
29.620	0.000	-0.207
29.640	0.000	-0.189
29.660	0.000	-0.167
29.680	0.000	-0.148
29.700	0.000	-0.125
29.720	0.000	-0.103
29.740	0.000	-0.073
29.760	0.000	-0.046
29.780	0.000	-0.017
29.800	0.000	0.011
29.820	0.000	0.038
29.840	0.000	0.068
29.860	0.000	0.096
29.880	0.000	0.123
29.900	0.000	0.147
29.920	0.000	0.169
29.940	0.000	0.189
29.960	0.000	0.207
29.980	0.000	0.220
30.000	0.000	0.230
30.020	0.000	0.242
30.040	0.000	0.244
30.060	0.000	0.246
30.080	0.000	0.244
30.100	0.000	0.236
30.120	0.000	0.226
30.140	0.000	0.210
30.160	0.000	0.196
30.180	0.000	0.180
30.200	0.000	0.159
30.220	0.000	0.136
30.240	0.000	0.111
30.260	0.000	0.084
30.280	0.000	0.057
30.300	0.000	0.026
30.320	0.000	0.001
30.340	0.000	-0.027
30.360	0.000	-0.057
30.380	0.000	-0.089
30.400	0.000	-0.110
30.420	0.000	-0.138
30.440	0.000	-0.159
30.460	0.000	-0.180
30.480	0.000	-0.198
30.500	0.000	-0.212
30.520	0.000	-0.221
30.540	0.000	-0.234
30.560	0.000	-0.236
30.580	0.000	-0.238
30.600	0.000	-0.238
30.620	0.000	-0.234
30.640	0.000	-0.220
30.660	0.000	-0.212
30.680	0.000	-0.196
30.700	0.000	-0.180
30.720	0.000	-0.163
30.740	0.000	-0.138
30.760	0.000	-0.114
30.780	0.000	-0.092
30.800	0.000	-0.067
30.820	0.000	-0.034
30.840	0.000	-0.011
30.860	0.000	0.015
30.880	0.000	0.042
30.900	0.000	0.073
30.920	0.000	0.099
30.940	0.000	0.122
30.960	0.000	0.144
30.980	0.000	0.165
31.000	0.000	0.184
31.020	0.000	0.197
31.040	0.000	0.209
31.060	0.000	0.220
31.080	0.000	0.226
31.100	0.000	0.227
31.120	0.000	0.225
31.140	0.000	0.226
31.160	0.000	0.214
31.180	0.000	0.204
31.200	0.000	0.189
31.220	0.000	0.175
31.240	0.000	0.157
31.260	0.000	0.135
31.280	0.000	0.113
31.300	0.000	0.088
31.320	0.000	0.062
31.340	0.000	0.034
31.360	0.000	0.006
31.380	0.000	-0.018
31.400	0.000	-0.046
31.420	0.000	-0.069
31.440	0.000	-0.096
31.460	0.000	-0.122
31.480	0.000	-0.141
31.500	0.000	-0.162
31.520	0.000	-0.175
31.540	0.000	-0.195
31.560	0.000	-0.207
31.580	0.000	-0.212
31.600	0.000	-0.216
31.620	0.000	-0.219
31.640	0.000	-0.218
31.660	0.000	-0.213
31.680	0.000	-0.209
31.700	0.000	-0.200
31.720	0.000	-0.186
31.740	0.000	-0.170
31.760	0.000	-0.153
31.780	0.000	-0.133
31.800	0.000	-0.112
31.820	0.000	-0.087
31.840	0.000	-0.063
31.860	0.000	-0.034
31.880	0.000	-0.011
31.900	0.000	0.016
31.920	0.000	0.039
31.940	0.000	0.072
31.960	0.000	0.095
31.980	0.000	0.120
32.000	0.000	0.142
32.020	0.000	0.163
32.040	0.000	0.178
32.060	0.000	0.193
32.080	0.000	0.206
32.100	0.000	0.214
32.120	0.000	0.223
32.140	0.000	0.225
32.160	0.000	0.226
32.180	0.000	0.227
32.200	0.000	0.216
32.220	0.000	0.206
32.240	0.000	0.195
32.260	0.000	0.183
32.280	0.000	0.162
32.300	0.000	0.147
32.320	0.000	0.125
32.340	0.000	0.104
32.360	0.000	0.078
32.380	0.000	0.052
32.400	0.000	0.028
32.420	0.000	0.002
32.440	0.000	-0.022
32.460	0.000	-0.047
32.480	0.000	-0.072
32.500	0.000	-0.093
32.520	0.000	-0.116
32.540	0.000	-0.133
32.560	0.000	-0.154
32.580	0.000	-0.170
32.600	0.000	-0.181
32.620	0.000	-0.189
32.640	0.000	-0.195
32.660	0.000	-0.197
32.680	0.000	-0.195
32.700	0.000	-0.196
32.720	0.000	-0.191
32.740	0.000	-0.187
32.760	0.000	-0.172
32.780	0.000	-0.158
32.800	0.000	-0.141
32.820	0.000	-0.124
32.840	0.000	-0.106
32.860	0.000	-0.083
32.880	0.000	-0.062
32.900	0.000	-0.034
32.920	0.000	-0.011
32.940	0.000	0.013
32.960	0.000	0.040
32.980	0.000	0.065
33.000	0.000	0.087
33.020	0.000	0.110
33.040	0.000	0.128
33.060	0.000	0.151
33.080	0.000	0.169
33.100	0.000	0.182
33.120	0.000	0.196
33.140	0.000	0.202
33.160	0.000	0.209
33.180	0.000	0.216
33.200	0.000	0.215
33.220	0.000	0.211
33.240	0.000	0.207
33.260	0.000	0.200
33.280	0.000	0.190
33.300	0.000	0.176
33.320	0.000	0.160
33.340	0.000	0.145
33.360	0.000	0.122
33.380	0.000	0.103
33.400	0.000	0.078
33.420	0.000	0.053
33.440	0.000	0.029
33.460	0.000	0.006
33.480	0.000	-0.021
33.500	0.000	-0.042
33.520	0.000	-0.067
33.540	0.000	-0.088
33.560	0.000	-0.112
33.580	0.000	-0.129
33.600	0.000	-0.148
33.620	0.000	-0.162
33.640	0.000	-0.178
33.660	0.000	-0.183
33.680	0.000	-0.194
33.700	0.000	-0.198
33.720	0.000	-0.199
33.740	0.000	-0.199
33.760	0.000	-0.193
33.780	0.000	-0.190
33.800	0.000	-0.179
33.820	0.000	-0.166
33.840	0.000	-0.149
33.860	0.000	-0.135
33.880	0.000	-0.114
33.900	0.000	-0.096
33.920	0.000	-0.074
33.940	0.000	-0.050
33.960	0.000	-0.027
33.980	0.000	-0.005
34.000	0.000	0.016
34.020	0.000	0.038
34.040	0.000	0.065
34.060	0.000	0.086
34.080	0.000	0.107
34.100	0.000	0.126
34.120	0.000	0.144
34.140	0.000	0.158
34.160	0.000	0.169
34.180	0.000	0.179
34.200	0.000	0.187
34.220	0.000	0.188
34.240	0.000	0.192
34.260	0.000	0.188
34.280	0.000	0.186
34.300	0.000	0.178
34.320	0.000	0.172
34.340	0.000	0.161
34.360	0.000	0.145
34.380	0.000	0.133
34.400	0.000	0.112
34.420	0.000	0.091
34.440	0.000	0.073
34.460	0.000	0.049
34.480	0.000	0.024
34.500	0.000	0.005
34.520	0.000	-0.018
34.540	0.000	-0.042
34.560	0.000	-0.067
34.580	0.000	-0.086
34.600	0.000	-0.107
34.620	0.000	-0.124
34.640	0.000	-0.143
34.660	0.000	-0.154
34.680	0.000	-0.171
34.700	0.000	-0.177
34.720	0.000	-0.187
34.740	0.000	-0.189
34.760	0.000	-0.193
34.780	0.000	-0.191
34.800	0.000	-0.189
34.820	0.000	-0.183
34.840	0.000	-0.171
34.860	0.000	-0.165
34.880	0.000	-0.150
34.900	0.000	-0.133
34.920	0.000	-0.116
34.940	0.000	-0.097
34.960	0.000	-0.079
34.980	0.000	-0.054
35.000	0.000	-0.034
35.020	0.000	-0.011
35.040	0.000	0.012
35.060	0.000	0.031
35.080	0.000	0.058
35.100	0.000	0.076
35.120	0.000	0.099
35.140	0.000	0.119
35.160	0.000	0.137
35.180	0.000	0.150
35.200	0.000	0.165
35.220	0.000	0.173
35.240	0.000	0.181
35.260	0.000	0.186
35.280	0.000	0.187
35.300	0.000	0.187
35.320	0.000	0.185
35.340	0.000	0.179
35.360	0.000	0.171
35.380	0.000	0.167
35.400	0.000	0.151
35.420	0.000	0.140
35.440	0.000	0.117
35.460	0.000	0.103
35.480	0.000	0.084
35.500	0.000	0.062
35.520	0.000	0.039
35.540	0.000	0.017
35.560	0.000	0.000
35.580	0.000	-0.021
35.600	0.000	-0.043
35.620	0.000	-0.067
35.640	0.000	-0.086
35.660	0.000	-0.104
35.680	0.000	-0.117
35.700	0.000	-0.134
35.720	0.000	-0.149
35.740	0.000	-0.154
35.760	0.000	-0.163
35.780	0.000	-0.167
35.800	0.000	-0.176
35.820	0.000	-0.174
35.840	0.000	-0.171
35.860	0.000	-0.162
35.880	0.000	-0.152
35.900	0.000	-0.149
35.920	0.000	-0.133
35.940	0.000	-0.117
35.960	0.000	-0.108
35.980	0.000	-0.087
36.000	0.000	-0.070
36.020	0.000	-0.044
36.040	0.000	-0.029
36.060	0.000	-0.005
36.080	0.000	0.015
36.100	0.000	0.039
36.120	0.000	0.054
36.140	0.000	0.078
36.160	0.000	0.098
36.180	0.000	0.117
36.200	0.000	0.130
36.220	0.000	0.152
36.240	0.000	0.159
36.260	0.000	0.172
36.280	0.000	0.182
36.300	0.000	0.191
36.320	0.000	0.195
36.340	0.000	0.194
36.360	0.000	0.194
36.380	0.000	0.188
36.400	0.000	0.177
36.420	0.000	0.165
36.440	0.000	0.158
36.460	0.000	0.143
36.480	0.000	0.123
36.500	0.000	0.111
36.520	0.000	0.091
36.540	0.000	0.074
36.560	0.000	0.050
36.580	0.000	0.034
36.600	0.000	0.008
36.620	0.000	-0.011
36.640	0.000	-0.034
36.660	0.000	-0.051
36.680	0.000	-0.071
36.700	0.000	-0.088
36.720	0.000	-0.109
36.740	0.000	-0.117
36.760	0.000	-0.137
36.780	0.000	-0.145
36.800	0.000	-0.154
36.820	0.000	-0.159
36.840	0.000	-0.162
36.860	0.000	-0.162
36.880	0.000	-0.165
36.900	0.000	-0.159
36.920	0.000	-0.157
36.940	0.000	-0.144
36.960	0.000	-0.135
36.980	0.000	-0.121
37.000	0.000	-0.108
37.020	0.000	-0.095
37.040	0.000	-0.075
37.060	0.000	-0.060
37.080	0.000	-0.036
37.100	0.000	-0.019
37.120	0.000	0.004
37.140	0.000	0.023
37.160	0.000	0.041
37.180	0.000	0.059
37.200	0.000	0.081
37.220	0.000	0.097
37.240	0.000	0.115
37.260	0.000	0.128
37.280	0.000	0.142
37.300	0.000	0.153
37.320	0.000	0.157
37.340	0.000	0.165
37.360	0.000	0.168
37.380	0.000	0.169
37.400	0.000	0.165
37.420	0.000	0.165
37.440	0.000	0.157
37.460	0.000	0.149
37.480	0.000	0.137
37.500	0.000	0.128
37.520	0.000	0.111
37.540	0.000	0.098
37.560	0.000	0.079
37.580	0.000	0.060
37.600	0.000	0.041
37.620	0.000	0.024
37.640	0.000	0.002
37.660	0.000	-0.021
37.680	0.000	-0.037
37.700	0.000	-0.058
37.720	0.000	-0.074
37.740	0.000	-0.093
37.760	0.000	-0.109
37.780	0.000	-0.124
37.800	0.000	-0.138
37.820	0.000	-0.148
37.840	0.000	-0.159
37.860	0.000	-0.161
37.880	0.000	-0.166
37.900	0.000	-0.169
37.920	0.000	-0.169
37.940	0.000	-0.162
37.960	0.000	-0.162
37.980	0.000	-0.150
38.000	0.000	-0.146
38.020	0.000	-0.129
38.040	0.000	-0.121
38.060	0.000	-0.105
38.080	0.000	-0.085
38.100	0.000	-0.070
38.120	0.000	-0.048
38.140	0.000	-0.030
38.160	0.000	-0.010
38.180	0.000	0.008
38.200	0.000	0.024
38.220	0.000	0.045
38.240	0.000	0.062
38.260	0.000	0.079
38.280	0.000	0.096
38.300	0.000	0.114
38.320	0.000	0.124
38.340	0.000	0.136
38.360	0.000	0.146
38.380	0.000	0.154
38.400	0.000	0.157
38.420	0.000	0.158
38.440	0.000	0.159
38.460	0.000	0.157
38.480	0.000	0.153
38.500	0.000	0.145
38.520	0.000	0.138
38.540	0.000	0.124
38.560	0.000	0.113
38.580	0.000	0.099
38.600	0.000	0.082
38.620	0.000	0.064
38.640	0.000	0.049
38.660	0.000	0.027
38.680	0.000	0.014
38.700	0.000	-0.010
38.720	0.000	-0.021
38.740	0.000	-0.046
38.760	0.000	-0.058
38.780	0.000	-0.079
38.800	0.000	-0.091
38.820	0.000	-0.107
38.840	0.000	-0.126
38.860	0.000	-0.131
38.880	0.000	-0.142
38.900	0.000	-0.144
38.920	0.000	-0.154
38.940	0.000	-0.150
38.960	0.000	-0.154
38.980	0.000	-0.150
39.000	0.000	-0.146
39.020	0.000	-0.137
39.040	0.000	-0.134
39.060	0.000	-0.121
39.080	0.000	-0.112
39.100	0.000	-0.092
39.120	0.000	-0.077
39.140	0.000	-0.063
39.160	0.000	-0.042
39.180	0.000	-0.025
39.200	0.000	-0.005
39.220	0.000	0.009
39.240	0.000	0.027
39.260	0.000	0.046
39.280	0.000	0.066
39.300	0.000	0.082
39.320	0.000	0.099
39.340	0.000	0.117
39.360	0.000	0.124
39.380	0.000	0.136
39.400	0.000	0.151
39.420	0.000	0.155
39.440	0.000	0.158
39.460	0.000	0.161
39.480	0.000	0.163
39.500	0.000	0.159
39.520	0.000	0.157
39.540	0.000	0.155
39.560	0.000	0.145
39.580	0.000	0.132
39.600	0.000	0.121
39.620	0.000	0.114
39.640	0.000	0.095
39.660	0.000	0.081
39.680	0.000	0.061
39.700	0.000	0.045
39.720	0.000	0.028
39.740	0.000	0.007
39.760	0.000	-0.002
39.780	0.000	-0.030
39.800	0.000	-0.038
39.820	0.000	-0.061
39.840	0.000	-0.075
39.860	0.000	-0.088
39.880	0.000	-0.105
39.900	0.000	-0.112
39.920	0.000	-0.116
39.940	0.000	-0.124
39.960	0.000	-0.129
39.980	0.000	-0.133
40.000	0.000	-0.136
40.020	0.000	-0.133
40.040	0.000	-0.134
40.060	0.000	-0.119
40.080	0.000	-0.116
40.100	0.000	-0.111
40.120	0.000	-0.104
40.140	0.000	-0.089
40.160	0.000	-0.074
40.180	0.000	-0.061
40.200	0.000	-0.038
40.220	0.000	-0.028
40.240	0.000	-0.006
40.260	0.000	0.008
40.280	0.000	0.028
40.300	0.000	0.043
40.320	0.000	0.058
40.340	0.000	0.074
40.360	0.000	0.091
40.380	0.000	0.107
40.400	0.000	0.116
40.420	0.000	0.125
40.440	0.000	0.136
40.460	0.000	0.145
40.480	0.000	0.151
40.500	0.000	0.154
40.520	0.000	0.153
40.540	0.000	0.153
40.560	0.000	0.147
40.580	0.000	0.142
40.600	0.000	0.136
40.620	0.000	0.124
40.640	0.000	0.117
40.660	0.000	0.103
40.680	0.000	0.090
40.700	0.000	0.074
40.720	0.000	0.055
40.740	0.000	0.041
40.760	0.000	0.027
40.780	0.000	0.009
40.800	0.000	-0.011
40.820	0.000	-0.029
40.840	0.000	-0.042
40.860	0.000	-0.064
40.880	0.000	-0.078
40.900	0.000	-0.091
40.920	0.000	-0.105
40.940	0.000	-0.112
40.960	0.000	-0.116
40.980	0.000	-0.129
41.000	0.000	-0.136
41.020	0.000	-0.140
41.040	0.000	-0.141
41.060	0.000	-0.141
41.080	0.000	-0.140
41.100	0.000	-0.137
41.120	0.000	-0.130
41.140	0.000	-0.119
41.160	0.000	-0.112
41.180	0.000	-0.101
41.200	0.000	-0.087
41.220	0.000	-0.071
41.240	0.000	-0.059
41.260	0.000	-0.041
41.280	0.000	-0.026
41.300	0.000	-0.009
41.320	0.000	0.008
41.340	0.000	0.024
41.360	0.000	0.036
41.380	0.000	0.053
41.400	0.000	0.069
41.420	0.000	0.082
41.440	0.000	0.095
41.460	0.000	0.108
41.480	0.000	0.118
41.500	0.000	0.121
41.520	0.000	0.126
41.540	0.000	0.134
41.560	0.000	0.136
41.580	0.000	0.133
41.600	0.000	0.132
41.620	0.000	0.123
41.640	0.000	0.121
41.660	0.000	0.115
41.680	0.000	0.106
41.700	0.000	0.091
41.720	0.000	0.080
41.740	0.000	0.067
41.760	0.000	0.053
41.780	0.000	0.037
41.800	0.000	0.019
41.820	0.000	0.004
41.840	0.000	-0.015
41.860	0.000	-0.026
41.880	0.000	-0.042
41.900	0.000	-0.057
41.920	0.000	-0.074
41.940	0.000	-0.086
41.960	0.000	-0.100
41.980	0.000	-0.112
42.000	0.000	-0.116
42.020	0.000	-0.125
42.040	0.000	-0.129
42.060	0.000	-0.136
42.080	0.000	-0.132
42.100	0.000	-0.135
42.120	0.000	-0.132
42.140	0.000	-0.131
42.160	0.000	-0.127
42.180	0.000	-0.113
42.200	0.000	-0.108
42.220	0.000	-0.094
42.240	0.000	-0.088
42.260	0.000	-0.072
42.280	0.000	-0.056
42.300	0.000	-0.039
42.320	0.000	-0.021
42.340	0.000	-0.009
42.360	0.000	0.006
42.380	0.000	0.022
42.400	0.000	0.033
42.420	0.000	0.056
42.440	0.000	0.068
42.460	0.000	0.080
42.480	0.000	0.097
42.500	0.000	0.103
42.520	0.000	0.113
42.540	0.000	0.125
42.560	0.000	0.136
42.580	0.000	0.139
42.600	0.000	0.140
42.620	0.000	0.140
42.640	0.000	0.136
42.660	0.000	0.135
42.680	0.000	0.125
42.700	0.000	0.121
42.720	0.000	0.110
42.740	0.000	0.100
42.760	0.000	0.088
42.780	0.000	0.078
42.800	0.000	0.064
42.820	0.000	0.049
42.840	0.000	0.027
42.860	0.000	0.017
42.880	0.000	0.005
42.900	0.000	-0.009
42.920	0.000	-0.024
42.940	0.000	-0.038
42.960	0.000	-0.051
42.980	0.000	-0.068
43.000	0.000	-0.076
43.020	0.000	-0.088
43.040	0.000	-0.103
43.060	0.000	-0.112
43.080	0.000	-0.108
43.100	0.000	-0.113
43.120	0.000	-0.114
43.140	0.000	-0.116
43.160	0.000	-0.112
43.180	0.000	-0.112
43.200	0.000	-0.108
43.220	0.000	-0.103
43.240	0.000	-0.096
43.260	0.000	-0.079
43.280	0.000	-0.073
43.300	0.000	-0.057
43.320	0.000	-0.042
43.340	0.000	-0.032
43.360	0.000	-0.021
43.380	0.000	0.001
43.400	0.000	0.010
43.420	0.000	0.031
43.440	0.000	0.042
43.460	0.000	0.055
43.480	0.000	0.076
43.500	0.000	0.085
43.520	0.000	0.098
43.540	0.000	0.108
43.560	0.000	0.119
43.580	0.000	0.120
43.600	0.000	0.128
43.620	0.000	0.127
43.640	0.000	0.135
43.660	0.000	0.132
43.680	0.000	0.135
43.700	0.000	0.125
43.720	0.000	0.124
43.740	0.000	0.120
43.760	0.000	0.118
43.780	0.000	0.107
43.800	0.000	0.092
43.820	0.000	0.080
43.840	0.000	0.067
43.860	0.000	0.050
43.880	0.000	0.042
43.900	0.000	0.030
43.920	0.000	0.009
43.940	0.000	-0.001
43.960	0.000	-0.024
43.980	0.000	-0.034
44.000	0.000	-0.043
44.020	0.000	-0.057
44.040	0.000	-0.073
44.060	0.000	-0.080
44.080	0.000	-0.092
44.100	0.000	-0.104
44.120	0.000	-0.107
44.140	0.000	-0.112
44.160	0.000	-0.113
44.180	0.000	-0.115
44.200	0.000	-0.112
44.220	0.000	-0.115
44.240	0.000	-0.111
44.260	0.000	-0.108
44.280	0.000	-0.095
44.300	0.000	-0.089
44.320	0.000	-0.079
44.340	0.000	-0.066
44.360	0.000	-0.054
44.380	0.000	-0.038
44.400	0.000	-0.030
44.420	0.000	-0.013
44.440	0.000	-0.002
44.460	0.000	0.016
44.480	0.000	0.028
44.500	0.000	0.040
44.520	0.000	0.052
44.540	0.000	0.066
44.560	0.000	0.078
44.580	0.000	0.087
44.600	0.000	0.099
44.620	0.000	0.104
44.640	0.000	0.119
44.660	0.000	0.116
44.680	0.000	0.120
44.700	0.000	0.120
44.720	0.000	0.120
44.740	0.000	0.118
44.760	0.000	0.118
44.780	0.000	0.105
44.800	0.000	0.100
44.820	0.000	0.088
44.840	0.000	0.081
44.860	0.000	0.067
44.880	0.000	0.055
44.900	0.000	0.041
44.920	0.000	0.028
44.940	0.000	0.018
44.960	0.000	0.002
44.980	0.000	-0.012
45.000	0.000	-0.026
45.020	0.000	-0.037
45.040	0.000	-0.054
45.060	0.000	-0.064
45.080	0.000	-0.076
45.100	0.000	-0.085
45.120	0.000	-0.097
45.140	0.000	-0.112
45.160	0.000	-0.109
45.180	0.000	-0.114
45.200	0.000	-0.112
45.220	0.000	-0.121
45.240	0.000	-0.114
45.260	0.000	-0.122
45.280	0.000	-0.112
45.300	0.000	-0.112
45.320	0.000	-0.101
45.340	0.000	-0.098
45.360	0.000	-0.084
45.380	0.000	-0.073
45.400	0.000	-0.066
45.420	0.000	-0.051
45.440	0.000	-0.036
45.460	0.000	-0.025
45.480	0.000	-0.013
45.500	0.000	0.005
45.520	0.000	0.016
45.540	0.000	0.030
45.560	0.000	0.043
45.580	0.000	0.056
45.600	0.000	0.063
45.620	0.000	0.078
45.640	0.000	0.084
45.660	0.000	0.095
45.680	0.000	0.100
45.700	0.000	0.102
45.720	0.000	0.111
45.740	0.000	0.109
45.760	0.000	0.115
45.780	0.000	0.106
45.800	0.000	0.107
45.820	0.000	0.101
45.840	0.000	0.101
45.860	0.000	0.091
45.880	0.000	0.082
45.900	0.000	0.070
45.920	0.000	0.063
45.940	0.000	0.049
45.960	0.000	0.031
45.980	0.000	0.023
46.000	0.000	0.009
46.020	0.000	-0.001
46.040	0.000	-0.015
46.060	0.000	-0.021
46.080	0.000	-0.045
46.100	0.000	-0.053
46.120	0.000	-0.065
46.140	0.000	-0.071
46.160	0.000	-0.084
46.180	0.000	-0.088
46.200	0.000	-0.095
46.220	0.000	-0.102
46.240	0.000	-0.104
46.260	0.000	-0.110
46.280	0.000	-0.104
46.300	0.000	-0.108
46.320	0.000	-0.101
46.340	0.000	-0.104
46.360	0.000	-0.088
46.380	0.000	-0.085
46.400	0.000	-0.071
46.420	0.000	-0.064
46.440	0.000	-0.051
46.460	0.000	-0.043
46.480	0.000	-0.030
46.500	0.000	-0.013
46.520	0.000	-0.003
46.540	0.000	0.012
46.560	0.000	0.017
46.580	0.000	0.037
46.600	0.000	0.047
46.620	0.000	0.062
46.640	0.000	0.071
46.660	0.000	0.086
46.680	0.000	0.092
46.700	0.000	0.101
46.720	0.000	0.111
46.740	0.000	0.115
46.760	0.000	0.117
46.780	0.000	0.115
46.800	0.000	0.120
46.820	0.000	0.117
46.840	0.000	0.117
46.860	0.000	0.113
46.880	0.000	0.112
46.900	0.000	0.096
46.920	0.000	0.091
46.940	0.000	0.081
46.960	0.000	0.077
46.980	0.000	0.054
47.000	0.000	0.046
47.020	0.000	0.040
47.040	0.000	0.026
47.060	0.000	0.007
47.080	0.000	0.003
47.100	0.000	-0.012
47.120	0.000	-0.034
47.140	0.000	-0.034
47.160	0.000	-0.046
47.180	0.000	-0.056
47.200	0.000	-0.073
47.220	0.000	-0.075
47.240	0.000	-0.080
47.260	0.000	-0.083
47.280	0.000	-0.094
47.300	0.000	-0.093
47.320	0.000	-0.097
47.340	0.000	-0.096
47.360	0.000	-0.092
47.380	0.000	-0.090
47.400	0.000	-0.080
47.420	0.000	-0.076
47.440	0.000	-0.071
47.460	0.000	-0.067
47.480	0.000	-0.049
47.500	0.000	-0.038
47.520	0.000	-0.033
47.540	0.000	-0.020
47.560	0.000	-0.005
47.580	0.000	0.004
47.600	0.000	0.022
47.620	0.000	0.033
47.640	0.000	0.044
47.660	0.000	0.052
47.680	0.000	0.065
47.700	0.000	0.077
47.720	0.000	0.081
47.740	0.000	0.090
47.760	0.000	0.093
47.780	0.000	0.103
47.800	0.000	0.104
47.820	0.000	0.111
47.840	0.000	0.108
47.860	0.000	0.111
47.880	0.000	0.107
47.900	0.000	0.101
47.920	0.000	0.098
47.940	0.000	0.090
47.960	0.000	0.080
47.980	0.000	0.077
48.000	0.000	0.064
48.020	0.000	0.051
48.040	0.000	0.041
48.060	0.000	0.032
48.080	0.000	0.019
48.100	0.000	0.006
48.120	0.000	-0.005
48.140	0.000	-0.017
48.160	0.000	-0.034
48.180	0.000	-0.038
48.200	0.000	-0.056
48.220	0.000	-0.062
48.240	0.000	-0.075
48.260	0.000	-0.077
48.280	0.000	-0.088
48.300	0.000	-0.094
48.320	0.000	-0.100
48.340	0.000	-0.101
48.360	0.000	-0.104
48.380	0.000	-0.104
48.400	0.000	-0.101
48.420	0.000	-0.101
48.440	0.000	-0.093
48.460	0.000	-0.089
48.480	0.000	-0.078
48.500	0.000	-0.075
48.520	0.000	-0.063
48.540	0.000	-0.056
48.560	0.000	-0.040
48.580	0.000	-0.034
48.600	0.000	-0.021
48.620	0.000	-0.009
48.640	0.000	0.001
48.660	0.000	0.016
48.680	0.000	0.025
48.700	0.000	0.037
48.720	0.000	0.043
48.740	0.000	0.059
48.760	0.000	0.064
48.780	0.000	0.077
48.800	0.000	0.081
48.820	0.000	0.086
48.840	0.000	0.085
48.860	0.000	0.091
48.880	0.000	0.091
48.900	0.000	0.092
48.920	0.000	0.093
48.940	0.000	0.090
48.960	0.000	0.088
48.980	0.000	0.081
49.000	0.000	0.077
49.020	0.000	0.062
49.040	0.000	0.058
49.060	0.000	0.045
49.080	0.000	0.037
49.100	0.000	0.026
49.120	0.000	0.016
49.140	0.000	0.002
49.160	0.000	-0.006
49.180	0.000	-0.019
49.200	0.000	-0.031
49.220	0.000	-0.037
49.240	0.000	-0.052
49.260	0.000	-0.059
49.280	0.000	-0.072
49.300	0.000	-0.075
49.320	0.000	-0.090
49.340	0.000	-0.087
49.360	0.000	-0.093
49.380	0.000	-0.092
49.400	0.000	-0.096
49.420	0.000	-0.093
49.440	0.000	-0.095
49.460	0.000	-0.093
49.480	0.000	-0.092
49.500	0.000	-0.086
49.520	0.000	-0.075
49.540	0.000	-0.071
49.560	0.000	-0.054
49.580	0.000	-0.054
49.600	0.000	-0.037
49.620	0.000	-0.030
49.640	0.000	-0.012
49.660	0.000	-0.007
49.680	0.000	0.004
49.700	0.000	0.016
49.720	0.000	0.024
49.740	0.000	0.031
49.760	0.000	0.047
49.780	0.000	0.061
49.800	0.000	0.069
49.820	0.000	0.075
49.840	0.000	0.080
49.860	0.000	0.090
49.880	0.000	0.090
49.900	0.000	0.098
49.920	0.000	0.095
49.940	0.000	0.099
49.960	0.000	0.095
49.980	0.000	0.095
50.000	0.000	0.090
50.020	0.000	0.089
50.040	0.000	0.081
50.060	0.000	0.074
50.080	0.000	0.068
50.100	0.000	0.055
50.120	0.000	0.050
50.140	0.000	0.036
50.160	0.000	0.024
50.180	0.000	0.016
50.200	0.000	0.007
50.220	0.000	-0.004
50.240	0.000	-0.013
50.260	0.000	-0.025
50.280	0.000	-0.034
50.300	0.000	-0.042
50.320	0.000	-0.046
50.340	0.000	-0.055
50.360	0.000	-0.069
50.380	0.000	-0.069
50.400	0.000	-0.075
50.420	0.000	-0.073
50.440	0.000	-0.080
50.460	0.000	-0.074
50.480	0.000	-0.076
50.500	0.000	-0.074
50.520	0.000	-0.075
50.540	0.000	-0.070
50.560	0.000	-0.066
50.580	0.000	-0.055
50.600	0.000	-0.042
50.620	0.000	-0.037
50.640	0.000	-0.032
50.660	0.000	-0.022
50.680	0.000	-0.009
50.700	0.000	0.004
50.720	0.000	0.011
50.740	0.000	0.023
50.760	0.000	0.038
50.780	0.000	0.042
50.800	0.000	0.049
50.820	0.000	0.060
50.840	0.000	0.071
50.860	0.000	0.080
50.880	0.000	0.082
50.900	0.000	0.087
50.920	0.000	0.092
50.940	0.000	0.098
50.960	0.000	0.099
50.980	0.000	0.102
51.000	0.000	0.099
51.020	0.000	0.099
51.040	0.000	0.092
51.060	0.000	0.090
51.080	0.000	0.082
51.100	0.000	0.078
51.120	0.000	0.068
51.140	0.000	0.060
51.160	0.000	0.050
51.180	0.000	0.042
51.200	0.000	0.036
51.220	0.000	0.020
51.240	0.000	0.012
51.260	0.000	-0.001
51.280	0.000	-0.008
51.300	0.000	-0.025
51.320	0.000	-0.034
51.340	0.000	-0.038
51.360	0.000	-0.046
51.380	0.000	-0.057
51.400	0.000	-0.066
51.420	0.000	-0.066
51.440	0.000	-0.075
51.460	0.000	-0.076
51.480	0.000	-0.083
51.500	0.000	-0.078
51.520	0.000	-0.083
51.540	0.000	-0.079
51.560	0.000	-0.081
51.580	0.000	-0.071
51.600	0.000	-0.071
51.620	0.000	-0.063
51.640	0.000	-0.060
51.660	0.000	-0.046
51.680	0.000	-0.034
51.700	0.000	-0.030
51.720	0.000	-0.021
51.740	0.000	-0.012
51.760	0.000	-0.002
51.780	0.000	0.007
51.800	0.000	0.019
51.820	0.000	0.027
51.840	0.000	0.039
51.860	0.000	0.043
51.880	0.000	0.051
51.900	0.000	0.062
51.920	0.000	0.067
51.940	0.000	0.073
51.960	0.000	0.077
51.980	0.000	0.081
52.000	0.000	0.080
52.020	0.000	0.083
52.040	0.000	0.078
52.060	0.000	0.082
52.080	0.000	0.076
52.100	0.000	0.074
52.120	0.000	0.070
52.140	0.000	0.062
52.160	0.000	0.053
52.180	0.000	0.048
52.200	0.000	0.039
52.220	0.000	0.032
52.240	0.000	0.023
52.260	0.000	0.008
52.280	0.000	0.004
52.300	0.000	-0.008
52.320	0.000	-0.018
52.340	0.000	-0.030
52.360	0.000	-0.035
52.380	0.000	-0.048
52.400	0.000	-0.051
52.420	0.000	-0.066
52.440	0.000	-0.068
52.460	0.000	-0.076
52.480	0.000	-0.082
52.500	0.000	-0.081
52.520	0.000	-0.087
52.540	0.000	-0.081
52.560	0.000	-0.088
52.580	0.000	-0.082
52.600	0.000	-0.086
52.620	0.000	-0.075
52.640	0.000	-0.079
52.660	0.000	-0.067
52.680	0.000	-0.063
52.700	0.000	-0.051
52.720	0.000	-0.045
52.740	0.000	-0.034
52.760	0.000	-0.028
52.780	0.000	-0.017
52.800	0.000	-0.006
52.820	0.000	0.002
52.840	0.000	0.013
52.860	0.000	0.019
52.880	0.000	0.029
52.900	0.000	0.036
52.920	0.000	0.048
52.940	0.000	0.057
52.960	0.000	0.062
52.980	0.000	0.062
53.000	0.000	0.073
53.020	0.000	0.078
53.040	0.000	0.079
53.060	0.000	0.082
53.080	0.000	0.081
53.100	0.000	0.081
53.120	0.000	0.079
53.140	0.000	0.078
53.160	0.000	0.065
53.180	0.000	0.066
53.200	0.000	0.062
53.220	0.000	0.059
53.240	0.000	0.041
53.260	0.000	0.032
53.280	0.000	0.024
53.300	0.000	0.021
53.320	0.000	0.008
53.340	0.000	0.003
53.360	0.000	-0.009
53.380	0.000	-0.016
53.400	0.000	-0.023
53.420	0.000	-0.035
53.440	0.000	-0.042
53.460	0.000	-0.054
53.480	0.000	-0.054
53.500	0.000	-0.068
53.520	0.000	-0.066
53.540	0.000	-0.071
53.560	0.000	-0.074
53.580	0.000	-0.074
53.600	0.000	-0.073
53.620	0.000	-0.072
53.640	0.000	-0.071
53.660	0.000	-0.069
53.680	0.000	-0.063
53.700	0.000	-0.056
53.720	0.000	-0.054
53.740	0.000	-0.036
53.760	0.000	-0.036
53.780	0.000	-0.020
53.800	0.000	-0.016
53.820	0.000	-0.007
53.840	0.000	-0.001
53.860	0.000	0.008
53.880	0.000	0.016
53.900	0.000	0.027
53.920	0.000	0.041
53.940	0.000	0.044
53.960	0.000	0.053
53.980	0.000	0.062
54.000	0.000	0.071
54.020	0.000	0.079
54.040	0.000	0.081
54.060	0.000	0.082
54.080	0.000	0.081
54.100	0.000	0.084
54.120	0.000	0.087
54.140	0.000	0.082
54.160	0.000	0.085
54.180	0.000	0.081
54.200	0.000	0.080
54.220	0.000	0.078
54.240	0.000	0.070
54.260	0.000	0.062
54.280	0.000	0.049
54.300	0.000	0.045
54.320	0.000	0.042
54.340	0.000	0.038
54.360	0.000	0.025
54.380	0.000	0.007
54.400	0.000	0.004
54.420	0.000	-0.005
54.440	0.000	-0.015
54.460	0.000	-0.028
54.480	0.000	-0.034
54.500	0.000	-0.035
54.520	0.000	-0.038
54.540	0.000	-0.053
54.560	0.000	-0.054
54.580	0.000	-0.060
54.600	0.000	-0.063
54.620	0.000	-0.069
54.640	0.000	-0.065
54.660	0.000	-0.067
54.680	0.000	-0.067
54.700	0.000	-0.058
54.720	0.000	-0.059
54.740	0.000	-0.051
54.760	0.000	-0.047
54.780	0.000	-0.038
54.800	0.000	-0.036
54.820	0.000	-0.033
54.840	0.000	-0.021
54.860	0.000	-0.011
54.880	0.000	-0.002
54.900	0.000	0.006
54.920	0.000	0.015
54.940	0.000	0.024
54.960	0.000	0.032
54.980	0.000	0.041
55.000	0.000	0.046
55.020	0.000	0.052
55.040	0.000	0.058
55.060	0.000	0.066
55.080	0.000	0.072
55.100	0.000	0.071
55.120	0.000	0.074
55.140	0.000	0.075
55.160	0.000	0.079
55.180	0.000	0.074
55.200	0.000	0.074
55.220	0.000	0.073
55.240	0.000	0.070
55.260	0.000	0.070
55.280	0.000	0.058
55.300	0.000	0.054
55.320	0.000	0.047
55.340	0.000	0.041
55.360	0.000	0.030
55.380	0.000	0.022
55.400	0.000	0.011
55.420	0.000	0.005
55.440	0.000	-0.002
55.460	0.000	-0.014
55.480	0.000	-0.023
55.500	0.000	-0.030
55.520	0.000	-0.038
55.540	0.000	-0.045
55.560	0.000	-0.051
55.580	0.000	-0.063
55.600	0.000	-0.063
55.620	0.000	-0.070
55.640	0.000	-0.071
55.660	0.000	-0.076
55.680	0.000	-0.073
55.700	0.000	-0.076
55.720	0.000	-0.072
55.740	0.000	-0.072
55.760	0.000	-0.069
55.780	0.000	-0.065
55.800	0.000	-0.061
55.820	0.000	-0.052
55.840	0.000	-0.050
55.860	0.000	-0.036
55.880	0.000	-0.032
55.900	0.000	-0.021
55.920	0.000	-0.022
55.940	0.000	-0.008
55.960	0.000	0.001
55.980	0.000	0.008
56.000	0.000	0.013
56.020	0.000	0.025
56.040	0.000	0.030
56.060	0.000	0.041
56.080	0.000	0.041
56.100	0.000	0.045
56.120	0.000	0.056
56.140	0.000	0.060
56.160	0.000	0.068
56.180	0.000	0.062
56.200	0.000	0.067
56.220	0.000	0.064
56.240	0.000	0.066
56.260	0.000	0.062
56.280	0.000	0.060
56.300	0.000	0.058
56.320	0.000	0.052
56.340	0.000	0.043
56.360	0.000	0.041
56.380	0.000	0.033
56.400	0.000	0.024
56.420	0.000	0.020
56.440	0.000	0.006
56.460	0.000	0.006
56.480	0.000	-0.007
56.500	0.000	-0.013
56.520	0.000	-0.020
56.540	0.000	-0.026
56.560	0.000	-0.034
56.580	0.000	-0.042
56.600	0.000	-0.052
56.620	0.000	-0.054
56.640	0.000	-0.057
56.660	0.000	-0.060
56.680	0.000	-0.063
56.700	0.000	-0.067
56.720	0.000	-0.067
56.740	0.000	-0.070
56.760	0.000	-0.063
56.780	0.000	-0.064
56.800	0.000	-0.055
56.820	0.000	-0.056
56.840	0.000	-0.054
56.860	0.000	-0.054
56.880	0.000	-0.046
56.900	0.000	-0.037
56.920	0.000	-0.024
56.940	0.000	-0.016
56.960	0.000	-0.011
56.980	0.000	-0.005
57.000	0.000	0.006
57.020	0.000	0.014
57.040	0.000	0.016
57.060	0.000	0.024
57.080	0.000	0.028
57.100	0.000	0.038
57.120	0.000	0.049
57.140	0.000	0.053
57.160	0.000	0.058
57.180	0.000	0.070
57.200	0.000	0.068
57.220	0.000	0.071
57.240	0.000	0.071
57.260	0.000	0.073
57.280	0.000	0.071
57.300	0.000	0.072
57.320	0.000	0.070
57.340	0.000	0.063
57.360	0.000	0.062
57.380	0.000	0.053
57.400	0.000	0.051
57.420	0.000	0.048
57.440	0.000	0.037
57.460	0.000	0.027
57.480	0.000	0.020
57.500	0.000	0.014
57.520	0.000	0.010
57.540	0.000	0.003
57.560	0.000	-0.004
57.580	0.000	-0.011
57.600	0.000	-0.021
57.620	0.000	-0.027
57.640	0.000	-0.035
57.660	0.000	-0.038
57.680	0.000	-0.043
57.700	0.000	-0.042
57.720	0.000	-0.044
57.740	0.000	-0.048
57.760	0.000	-0.050
57.780	0.000	-0.050
57.800	0.000	-0.050
57.820	0.000	-0.047
57.840	0.000	-0.045
57.860	0.000	-0.045
57.880	0.000	-0.038
57.900	0.000	-0.036
57.920	0.000	-0.033
57.940	0.000	-0.029
57.960	0.000	-0.021
57.980	0.000	-0.009
58.000	0.000	-0.001
58.020	0.000	0.004
58.040	0.000	0.008
58.060	0.000	0.021
58.080	0.000	0.029
58.100	0.000	0.040
58.120	0.000	0.042
58.140	0.000	0.044
58.160	0.000	0.049
58.180	0.000	0.058
58.200	0.000	0.063
58.220	0.000	0.065
58.240	0.000	0.070
58.260	0.000	0.074
58.280	0.000	0.078
58.300	0.000	0.071
58.320	0.000	0.076
58.340	0.000	0.072
58.360	0.000	0.069
58.380	0.000	0.067
58.400	0.000	0.062
58.420	0.000	0.053
58.440	0.000	0.049
58.460	0.000	0.045
58.480	0.000	0.041
58.500	0.000	0.033
58.520	0.000	0.024
58.540	0.000	0.020
58.560	0.000	0.005
58.580	0.000	0.005
58.600	0.000	-0.006
58.620	0.000	-0.010
58.640	0.000	-0.026
58.660	0.000	-0.026
58.680	0.000	-0.036
58.700	0.000	-0.036
58.720	0.000	-0.042
58.740	0.000	-0.045
58.760	0.000	-0.051
58.780	0.000	-0.055
58.800	0.000	-0.054
58.820	0.000	-0.058
58.840	0.000	-0.057
58.860	0.000	-0.059
58.880	0.000	-0.050
58.900	0.000	-0.055
58.920	0.000	-0.044
58.940	0.000	-0.046
58.960	0.000	-0.035
58.980	0.000	-0.037
59.000	0.000	-0.030
59.020	0.000	-0.022
59.040	0.000	-0.017
59.060	0.000	-0.012
59.080	0.000	-0.002
59.100	0.000	0.005
59.120	0.000	0.008
59.140	0.000	0.024
59.160	0.000	0.021
59.180	0.000	0.034
59.200	0.000	0.033
59.220	0.000	0.043
59.240	0.000	0.042
59.260	0.000	0.050
59.280	0.000	0.050
59.300	0.000	0.056
59.320	0.000	0.054
59.340	0.000	0.058
59.360	0.000	0.058
59.380	0.000	0.053
59.400	0.000	0.053
59.420	0.000	0.045
59.440	0.000	0.046
59.460	0.000	0.041
59.480	0.000	0.041
59.500	0.000	0.031
59.520	0.000	0.031
59.540	0.000	0.018
59.560	0.000	0.017
59.580	0.000	0.006
59.600	0.000	0.004
59.620	0.000	-0.009
59.640	0.000	-0.014
59.660	0.000	-0.022
59.680	0.000	-0.030
59.700	0.000	-0.034
59.720	0.000	-0.041
59.740	0.000	-0.042
59.760	0.000	-0.051
59.780	0.000	-0.052
59.800	0.000	-0.062
59.820	0.000	-0.058
59.840	0.000	-0.065
59.860	0.000	-0.062
59.880	0.000	-0.064
59.900	0.000	-0.062
59.920	0.000	-0.061
59.940	0.000	-0.057
59.960	0.000	-0.050
59.980	0.000	-0.046
60.000	0.000	-0.042
60.020	0.000	-0.039
60.040	0.000	-0.030
60.060	0.000	-0.029
60.080	0.000	-0.021
60.100	0.000	-0.017
60.120	0.000	-0.003
60.140	0.000	-0.001
60.160	0.000	0.012
60.180	0.000	0.016
60.200	0.000	0.022
60.220	0.000	0.026
60.240	0.000	0.033
60.260	0.000	0.037
60.280	0.000	0.041
60.300	0.000	0.049
60.320	0.000	0.054
60.340	0.000	0.058
60.360	0.000	0.058
60.380	0.000	0.057
60.400	0.000	0.054
60.420	0.000	0.062
60.440	0.000	0.057
60.460	0.000	0.055
60.480	0.000	0.050
60.500	0.000	0.049
60.520	0.000	0.040
60.540	0.000	0.039
60.560	0.000	0.034
60.580	0.000	0.032
60.600	0.000	0.024
60.620	0.000	0.015
60.640	0.000	0.012
60.660	0.000	0.002
60.680	0.000	-0.001
60.700	0.000	-0.011
60.720	0.000	-0.014
60.740	0.000	-0.013
60.760	0.000	-0.014
60.780	0.000	-0.014
60.800	0.000	-0.024
60.820	0.000	-0.022
60.840	0.000	-0.026
60.860	0.000	-0.025
60.880	0.000	-0.030
60.900	0.000	-0.025
60.920	0.000	-0.032
60.940	0.000	-0.025
60.960	0.000	-0.026
60.980	0.000	-0.021
61.000	0.000	-0.018
61.020	0.000	-0.013
61.040	0.000	-0.009
61.060	0.000	0.001
61.080	0.000	0.000
61.100	0.000	0.011
61.120	0.000	0.011
61.140	0.000	0.029
61.160	0.000	0.024
61.180	0.000	0.038
61.200	0.000	0.040
61.220	0.000	0.051
61.240	0.000	0.049
61.260	0.000	0.064
61.280	0.000	0.070
61.300	0.000	0.075
61.320	0.000	0.078
61.340	0.000	0.082
61.360	0.000	0.091
61.380	0.000	0.087
61.400	0.000	0.092
61.420	0.000	0.089
61.440	0.000	0.094
61.460	0.000	0.091
61.480	0.000	0.093
61.500	0.000	0.090
61.520	0.000	0.084
61.540	0.000	0.084
61.560	0.000	0.075
61.580	0.000	0.075
61.600	0.000	0.065
61.620	0.000	0.065
61.640	0.000	0.050
61.660	0.000	0.057
61.680	0.000	0.034
61.700	0.000	0.045
61.720	0.000	0.027
61.740	0.000	0.031
61.760	0.000	0.012
61.780	0.000	0.018
61.800	0.000	-0.005
61.820	0.000	-0.001
61.840	0.000	-0.013
61.860	0.000	-0.015
61.880	0.000	-0.016
61.900	0.000	-0.017
61.920	0.000	-0.017
61.940	0.000	-0.025
61.960	0.000	-0.016
61.980	0.000	-0.025
62.000	0.000	-0.017
62.020	0.000	-0.025
62.040	0.000	-0.012
62.060	0.000	-0.021
62.080	0.000	-0.007
62.100	0.000	-0.010
62.120	0.000	-0.001
62.140	0.000	0.001
62.160	0.000	0.005
62.180	0.000	0.012
62.200	0.000	0.013
62.220	0.000	0.030
62.240	0.000	0.024
62.260	0.000	0.044
62.280	0.000	0.038
62.300	0.000	0.056
62.320	0.000	0.044
62.340	0.000	0.066
62.360	0.000	0.061
62.380	0.000	0.071
62.400	0.000	0.068
62.420	0.000	0.078
62.440	0.000	0.076
62.460	0.000	0.082
62.480	0.000	0.079
62.500	0.000	0.078
62.520	0.000	0.078
62.540	0.000	0.071
62.560	0.000	0.074
62.580	0.000	0.066
62.600	0.000	0.070
62.620	0.000	0.057
62.640	0.000	0.056
62.660	0.000	0.042
62.680	0.000	0.046
62.700	0.000	0.030
62.720	0.000	0.036
62.740	0.000	0.022
62.760	0.000	0.020
62.780	0.000	0.012
62.800	0.000	0.001
62.820	0.000	0.003
62.840	0.000	-0.010
62.860	0.000	-0.010
62.880	0.000	-0.025
62.900	0.000	-0.017
62.920	0.000	-0.036
62.940	0.000	-0.026
62.960	0.000	-0.037
62.980	0.000	-0.031
63.000	0.000	-0.041
63.020	0.000	-0.030
63.040	0.000	-0.043
63.060	0.000	-0.038
63.080	0.000	-0.038
63.100	0.000	-0.033
63.120	0.000	-0.029
63.140	0.000	-0.025
63.160	0.000	-0.019
63.180	0.000	-0.018
63.200	0.000	-0.008
63.220	0.000	-0.009
63.240	0.000	0.002
63.260	0.000	0.004
63.280	0.000	0.015
63.300	0.000	0.014
63.320	0.000	0.024
63.340	0.000	0.028
63.360	0.000	0.039
63.380	0.000	0.041
63.400	0.000	0.045
63.420	0.000	0.045
63.440	0.000	0.048
63.460	0.000	0.053
63.480	0.000	0.051
63.500	0.000	0.057
63.520	0.000	0.052
63.540	0.000	0.062
63.560	0.000	0.052
63.580	0.000	0.063
63.600	0.000	0.055
63.620	0.000	0.060
63.640	0.000	0.048
63.660	0.000	0.053
63.680	0.000	0.044
63.700	0.000	0.049
63.720	0.000	0.037
63.740	0.000	0.035
63.760	0.000	0.028
63.780	0.000	0.026
63.800	0.000	0.020
63.820	0.000	0.011
63.840	0.000	0.007
63.860	0.000	0.004
63.880	0.000	0.000
63.900	0.000	-0.012
63.920	0.000	-0.007
63.940	0.000	-0.023
63.960	0.000	-0.020
63.980	0.000	-0.025
64.000	0.000	-0.024
64.020	0.000	-0.030
64.040	0.000	-0.026
64.060	0.000	-0.030
64.080	0.000	-0.025
64.100	0.000	-0.025
64.120	0.000	-0.024
64.140	0.000	-0.013
64.160	0.000	-0.016
64.180	0.000	-0.006
64.200	0.000	-0.006
64.220	0.000	0.001
64.240	0.000	-0.001
64.260	0.000	0.012
64.280	0.000	0.011
64.300	0.000	0.023
64.320	0.000	0.018
64.340	0.000	0.039
64.360	0.000	0.037
64.380	0.000	0.049
64.400	0.000	0.049
64.420	0.000	0.058
64.440	0.000	0.062
64.460	0.000	0.064
64.480	0.000	0.070
64.500	0.000	0.074
64.520	0.000	0.079
64.540	0.000	0.078
64.560	0.000	0.082
64.580	0.000	0.078
64.600	0.000	0.085
64.620	0.000	0.078
64.640	0.000	0.081
64.660	0.000	0.076
64.680	0.000	0.077
64.700	0.000	0.070
64.720	0.000	0.066
64.740	0.000	0.061
64.760	0.000	0.057
64.780	0.000	0.053
64.800	0.000	0.042
64.820	0.000	0.044
64.840	0.000	0.034
64.860	0.000	0.035
64.880	0.000	0.019
64.900	0.000	0.024
64.920	0.000	0.009
64.940	0.000	0.012
64.960	0.000	0.004
64.980	0.000	0.004
65.000	0.000	-0.003
65.020	0.000	-0.001
65.040	0.000	-0.009
65.060	0.000	-0.005
65.080	0.000	-0.009
65.100	0.000	-0.009
65.120	0.000	-0.005
65.140	0.000	-0.005
65.160	0.000	-0.001
65.180	0.000	-0.004
65.200	0.000	0.002
65.220	0.000	0.000
65.240	0.000	0.008
65.260	0.000	0.007
65.280	0.000	0.019
65.300	0.000	0.017
65.320	0.000	0.033
65.340	0.000	0.036
65.360	0.000	0.042
65.380	0.000	0.042
65.400	0.000	0.049
65.420	0.000	0.052
65.440	0.000	0.058
65.460	0.000	0.065
65.480	0.000	0.069
65.500	0.000	0.074
65.520	0.000	0.074
65.540	0.000	0.081
65.560	0.000	0.080
65.580	0.000	0.082
65.600	0.000	0.078
65.620	0.000	0.087
65.640	0.000	0.081
65.660	0.000	0.081
65.680	0.000	0.078
65.700	0.000	0.080
65.720	0.000	0.074
65.740	0.000	0.077
65.760	0.000	0.066
65.780	0.000	0.063
65.800	0.000	0.053
65.820	0.000	0.052
65.840	0.000	0.045
65.860	0.000	0.041
65.880	0.000	0.038
65.900	0.000	0.029
65.920	0.000	0.027
65.940	0.000	0.015
65.960	0.000	0.015
65.980	0.000	0.003
66.000	0.000	0.008
66.020	0.000	-0.001
66.040	0.000	-0.003
66.060	0.000	-0.010
66.080	0.000	-0.008
66.100	0.000	-0.014
66.120	0.000	-0.013
66.140	0.000	-0.012
66.160	0.000	-0.017
66.180	0.000	-0.012
66.200	0.000	-0.015
66.220	0.000	-0.009
66.240	0.000	-0.013
66.260	0.000	0.001
66.280	0.000	-0.005
66.300	0.000	0.004
66.320	0.000	0.002
66.340	0.000	0.015
66.360	0.000	0.011
66.380	0.000	0.021
66.400	0.000	0.023
66.420	0.000	0.031
66.440	0.000	0.041
66.460	0.000	0.042
66.480	0.000	0.045
66.500	0.000	0.045
66.520	0.000	0.059
66.540	0.000	0.049
66.560	0.000	0.061
66.580	0.000	0.058
66.600	0.000	0.068
66.620	0.000	0.062
66.640	0.000	0.067
66.660	0.000	0.065
66.680	0.000	0.065
66.700	0.000	0.064
66.720	0.000	0.063
66.740	0.000	0.065
66.760	0.000	0.058
66.780	0.000	0.057
66.800	0.000	0.049
66.820	0.000	0.047
66.840	0.000	0.041
66.860	0.000	0.045
66.880	0.000	0.032
66.900	0.000	0.033
66.920	0.000	0.020
66.940	0.000	0.024
66.960	0.000	0.009
66.980	0.000	0.008
67.000	0.000	0.004
67.020	0.000	-0.001
67.040	0.000	-0.005
67.060	0.000	-0.010
67.080	0.000	-0.013
67.100	0.000	-0.021
67.120	0.000	-0.016
67.140	0.000	-0.025
67.160	0.000	-0.021
67.180	0.000	-0.028
67.200	0.000	-0.024
67.220	0.000	-0.025
67.240	0.000	-0.023
67.260	0.000	-0.024
67.280	0.000	-0.017
67.300	0.000	-0.017
67.320	0.000	-0.010
67.340	0.000	-0.005
67.360	0.000	-0.004
67.380	0.000	0.004
67.400	0.000	0.008
67.420	0.000	0.013
67.440	0.000	0.014
67.460	0.000	0.027
67.480	0.000	0.027
67.500	0.000	0.033
67.520	0.000	0.037
67.540	0.000	0.041
67.560	0.000	0.047
67.580	0.000	0.053
67.600	0.000	0.053
67.620	0.000	0.056
67.640	0.000	0.062
67.660	0.000	0.062
67.680	0.000	0.063
67.700	0.000	0.063
67.720	0.000	0.066
67.740	0.000	0.062
67.760	0.000	0.062
67.780	0.000	0.062
67.800	0.000	0.060
67.820	0.000	0.060
67.840	0.000	0.056
67.860	0.000	0.046
67.880	0.000	0.044
67.900	0.000	0.043
67.920	0.000	0.043
67.940	0.000	0.033
67.960	0.000	0.028
67.980	0.000	0.020
68.000	0.000	0.017
68.020	0.000	0.008
68.040	0.000	0.004
68.060	0.000	0.005
68.080	0.000	0.004
68.100	0.000	0.002
68.120	0.000	0.001
68.140	0.000	-0.004
68.160	0.000	-0.010
68.180	0.000	-0.009
68.200	0.000	-0.013
68.220	0.000	-0.016
68.240	0.000	-0.014
68.260	0.000	-0.014
68.280	0.000	-0.009
68.300	0.000	-0.013
68.320	0.000	-0.003
68.340	0.000	-0.008
68.360	0.000	0.004
68.380	0.000	-0.001
68.400	0.000	0.010
68.420	0.000	0.005
68.440	0.000	0.022
68.460	0.000	0.019
68.480	0.000	0.028
68.500	0.000	0.023
68.520	0.000	0.039
68.540	0.000	0.041
68.560	0.000	0.048
68.580	0.000	0.052
68.600	0.000	0.059
68.620	0.000	0.062
68.640	0.000	0.061
68.660	0.000	0.062
68.680	0.000	0.065
68.700	0.000	0.067
68.720	0.000	0.070
68.740	0.000	0.069
68.760	0.000	0.074
68.780	0.000	0.070
68.800	0.000	0.070
68.820	0.000	0.066
68.840	0.000	0.068
68.860	0.000	0.061
68.880	0.000	0.062
68.900	0.000	0.060
68.920	0.000	0.060
68.940	0.000	0.051
68.960	0.000	0.054
68.980	0.000	0.038
69.000	0.000	0.047
69.020	0.000	0.031
69.040	0.000	0.036
69.060	0.000	0.022
69.080	0.000	0.028
69.100	0.000	0.019
69.120	0.000	0.019
69.140	0.000	0.008
69.160	0.000	0.008
69.180	0.000	0.004
69.200	0.000	-0.001
69.220	0.000	0.000
69.240	0.000	-0.009
69.260	0.000	-0.005
69.280	0.000	-0.009
69.300	0.000	-0.003
69.320	0.000	-0.009
69.340	0.000	-0.001
69.360	0.000	-0.003
69.380	0.000	-0.001
69.400	0.000	0.006
69.420	0.000	0.005
69.440	0.000	0.015
69.460	0.000	0.013
69.480	0.000	0.023
69.500	0.000	0.020
69.520	0.000	0.033
69.540	0.000	0.030
69.560	0.000	0.042
69.580	0.000	0.036
69.600	0.000	0.049
69.620	0.000	0.045
69.640	0.000	0.053
69.660	0.000	0.051
69.680	0.000	0.061
69.700	0.000	0.057
69.720	0.000	0.067
69.740	0.000	0.066
69.760	0.000	0.066
69.780	0.000	0.067
69.800	0.000	0.066
69.820	0.000	0.071
69.840	0.000	0.062
69.860	0.000	0.070
69.880	0.000	0.053
69.900	0.000	0.064
69.920	0.000	0.052
69.940	0.000	0.056
69.960	0.000	0.049
69.980	0.000	0.050
70.000	0.000	0.041
70.020	0.000	0.035
70.040	0.000	0.033
70.060	0.000	0.031
70.080	0.000	0.029
70.100	0.000	0.016
70.120	0.000	0.016
70.140	0.000	0.005
70.160	0.000	0.010
70.180	0.000	-0.004
70.200	0.000	-0.001
70.220	0.000	-0.007
70.240	0.000	-0.005
70.260	0.000	-0.016
70.280	0.000	-0.006
70.300	0.000	-0.019
70.320	0.000	-0.013
70.340	0.000	-0.017
70.360	0.000	-0.013
70.380	0.000	-0.013
70.400	0.000	-0.013
70.420	0.000	-0.008
70.440	0.000	-0.008
70.460	0.000	-0.004
70.480	0.000	-0.005
70.500	0.000	0.005
70.520	0.000	0.004
70.540	0.000	0.013
70.560	0.000	0.011
70.580	0.000	0.019
70.600	0.000	0.020
70.620	0.000	0.031
70.640	0.000	0.033
70.660	0.000	0.035
70.680	0.000	0.037
70.700	0.000	0.041
70.720	0.000	0.047
70.740	0.000	0.047
70.760	0.000	0.053
70.780	0.000	0.050
70.800	0.000	0.053
70.820	0.000	0.052
70.840	0.000	0.058
70.860	0.000	0.053
70.880	0.000	0.058
70.900	0.000	0.052
70.920	0.000	0.055
70.940	0.000	0.051
70.960	0.000	0.053
70.980	0.000	0.042
71.000	0.000	0.046
71.020	0.000	0.037
71.040	0.000	0.036
71.060	0.000	0.033
71.080	0.000	0.029
71.100	0.000	0.025
71.120	0.000	0.016
71.140	0.000	0.018
71.160	0.000	0.006
71.180	0.000	0.012
71.200	0.000	-0.005
71.220	0.000	0.003
71.240	0.000	-0.008
71.260	0.000	-0.002
71.280	0.000	-0.012
71.300	0.000	-0.012
71.320	0.000	-0.015
71.340	0.000	-0.015
71.360	0.000	-0.017
71.380	0.000	-0.013
71.400	0.000	-0.013
71.420	0.000	-0.016
71.440	0.000	-0.009
71.460	0.000	-0.012
71.480	0.000	0.003
71.500	0.000	-0.005
71.520	0.000	0.004
71.540	0.000	0.004
71.560	0.000	0.008
71.580	0.000	0.004
71.600	0.000	0.017
71.620	0.000	0.016
71.640	0.000	0.027
71.660	0.000	0.028
71.680	0.000	0.035
71.700	0.000	0.037
71.720	0.000	0.040
71.740	0.000	0.049
71.760	0.000	0.045
71.780	0.000	0.053
71.800	0.000	0.051
71.820	0.000	0.053
71.840	0.000	0.057
71.860	0.000	0.062
71.880	0.000	0.058
71.900	0.000	0.060
71.920	0.000	0.062
71.940	0.000	0.060
71.960	0.000	0.055
71.980	0.000	0.058
72.000	0.000	0.053
72.020	0.000	0.049
72.040	0.000	0.048
72.060	0.000	0.042
72.080	0.000	0.043
72.100	0.000	0.035
72.120	0.000	0.041
72.140	0.000	0.027
72.160	0.000	0.028
72.180	0.000	0.020
72.200	0.000	0.023
72.220	0.000	0.012
72.240	0.000	0.009
72.260	0.000	0.006
72.280	0.000	0.007
72.300	0.000	0.003
72.320	0.000	-0.001
72.340	0.000	0.003
72.360	0.000	-0.001
72.380	0.000	0.003
72.400	0.000	-0.004
72.420	0.000	0.003
72.440	0.000	0.000
72.460	0.000	0.004
72.480	0.000	0.002
72.500	0.000	0.004
72.520	0.000	0.004
72.540	0.000	0.004
72.560	0.000	0.006
72.580	0.000	0.008
72.600	0.000	0.015
72.620	0.000	0.019
72.640	0.000	0.024
72.660	0.000	0.027
72.680	0.000	0.033
72.700	0.000	0.033
72.720	0.000	0.041
72.740	0.000	0.041
72.760	0.000	0.049
72.780	0.000	0.051
72.800	0.000	0.053
72.820	0.000	0.055
72.840	0.000	0.056
72.860	0.000	0.059
72.880	0.000	0.063
72.900	0.000	0.064
72.920	0.000	0.066
72.940	0.000	0.068
72.960	0.000	0.066
72.980	0.000	0.068
73.000	0.000	0.061
73.020	0.000	0.058
73.040	0.000	0.056
73.060	0.000	0.054
73.080	0.000	0.052
73.100	0.000	0.050
73.120	0.000	0.049
73.140	0.000	0.041
73.160	0.000	0.036
73.180	0.000	0.033
73.200	0.000	0.032
73.220	0.000	0.029
73.240	0.000	0.023
73.260	0.000	0.016
73.280	0.000	0.015
73.300	0.000	0.012
73.320	0.000	0.011
73.340	0.000	0.005
73.360	0.000	0.000
73.380	0.000	0.001
73.400	0.000	-0.003
73.420	0.000	-0.002
73.440	0.000	-0.004
73.460	0.000	-0.005
73.480	0.000	-0.005
73.500	0.000	-0.005
73.520	0.000	-0.004
73.540	0.000	-0.004
73.560	0.000	-0.001
73.580	0.000	-0.002
73.600	0.000	0.005
73.620	0.000	0.005
73.640	0.000	0.013
73.660	0.000	0.012
73.680	0.000	0.019
73.700	0.000	0.014
73.720	0.000	0.028
73.740	0.000	0.026
73.760	0.000	0.033
73.780	0.000	0.033
73.800	0.000	0.036
73.820	0.000	0.038
73.840	0.000	0.042
73.860	0.000	0.045
73.880	0.000	0.045
73.900	0.000	0.050
73.920	0.000	0.046
73.940	0.000	0.052
73.960	0.000	0.049
73.980	0.000	0.052
74.000	0.000	0.044
74.020	0.000	0.050
74.040	0.000	0.048
74.060	0.000	0.044
74.080	0.000	0.044
74.100	0.000	0.043
74.120	0.000	0.040
74.140	0.000	0.033
74.160	0.000	0.032
74.180	0.000	0.028
74.200	0.000	0.025
74.220	0.000	0.016
74.240	0.000	0.021
74.260	0.000	0.009
74.280	0.000	0.014
74.300	0.000	0.006
74.320	0.000	0.004
74.340	0.000	-0.003
74.360	0.000	-0.002
74.380	0.000	-0.006
74.400	0.000	-0.009
74.420	0.000	-0.011
74.440	0.000	-0.016
74.460	0.000	-0.012
74.480	0.000	-0.017
74.500	0.000	-0.010
74.520	0.000	-0.018
74.540	0.000	-0.012
74.560	0.000	-0.019
74.580	0.000	-0.008
74.600	0.000	-0.013
74.620	0.000	-0.006
74.640	0.000	-0.006
74.660	0.000	-0.002
74.680	0.000	-0.003
74.700	0.000	0.004
74.720	0.000	0.011
74.740	0.000	0.005
74.760	0.000	0.015
74.780	0.000	0.015
74.800	0.000	0.024
74.820	0.000	0.020
74.840	0.000	0.032
74.860	0.000	0.033
74.880	0.000	0.035
74.900	0.000	0.036
74.920	0.000	0.041
74.940	0.000	0.037
74.960	0.000	0.049
74.980	0.000	0.046
75.000	0.000	0.048
75.020	0.000	0.052
75.040	0.000	0.053
75.060	0.000	0.053
75.080	0.000	0.049
75.100	0.000	0.053
75.120	0.000	0.044
75.140	0.000	0.049
75.160	0.000	0.036
75.180	0.000	0.039
75.200	0.000	0.034
75.220	0.000	0.033
75.240	0.000	0.029
75.260	0.000	0.027
75.280	0.000	0.021
75.300	0.000	0.020
75.320	0.000	0.018
75.340	0.000	0.014
75.360	0.000	0.015
75.380	0.000	0.003
75.400	0.000	0.009
75.420	0.000	-0.006
75.440	0.000	-0.001
75.460	0.000	-0.013
75.480	0.000	-0.007
75.500	0.000	-0.014
75.520	0.000	-0.012
75.540	0.000	-0.013
75.560	0.000	-0.010
75.580	0.000	-0.011
75.600	0.000	-0.012
75.620	0.000	-0.004
75.640	0.000	-0.005
75.660	0.000	0.002
75.680	0.000	-0.006
75.700	0.000	-0.005
75.720	0.000	-0.005
75.740	0.000	0.005
75.760	0.000	0.006
75.780	0.000	0.012
75.800	0.000	0.016
75.820	0.000	0.019
75.840	0.000	0.020
75.860	0.000	0.026
75.880	0.000	0.028
75.900	0.000	0.031
75.920	0.000	0.037
75.940	0.000	0.037
75.960	0.000	0.045
75.980	0.000	0.045
76.000	0.000	0.049
76.020	0.000	0.052
76.040	0.000	0.052
76.060	0.000	0.053
76.080	0.000	0.053
76.100	0.000	0.050
76.120	0.000	0.049
76.140	0.000	0.050
76.160	0.000	0.045
76.180	0.000	0.044
76.200	0.000	0.045
76.220	0.000	0.045
76.240	0.000	0.041
76.260	0.000	0.041
76.280	0.000	0.039
76.300	0.000	0.029
76.320	0.000	0.024
76.340	0.000	0.023
76.360	0.000	0.023
76.380	0.000	0.023
76.400	0.000	0.023
76.420	0.000	0.019
76.440	0.000	0.015
76.460	0.000	0.010
76.480	0.000	0.007
76.500	0.000	0.004
76.520	0.000	0.004
76.540	0.000	0.002
76.560	0.000	0.004
76.580	0.000	-0.001
76.600	0.000	-0.003
76.620	0.000	0.004
76.640	0.000	0.002
76.660	0.000	0.004
76.680	0.000	0.004
76.700	0.000	0.008
76.720	0.000	0.007
76.740	0.000	0.013
76.760	0.000	0.013
76.780	0.000	0.018
76.800	0.000	0.020
76.820	0.000	0.021
76.840	0.000	0.024
76.860	0.000	0.023
76.880	0.000	0.025
76.900	0.000	0.025
76.920	0.000	0.030
76.940	0.000	0.033
76.960	0.000	0.039
76.980	0.000	0.041
77.000	0.000	0.047
77.020	0.000	0.045
77.040	0.000	0.052
77.060	0.000	0.046
77.080	0.000	0.053
77.100	0.000	0.049
77.120	0.000	0.049
77.140	0.000	0.051
77.160	0.000	0.049
77.180	0.000	0.051
77.200	0.000	0.046
77.220	0.000	0.047
77.240	0.000	0.036
77.260	0.000	0.042
77.280	0.000	0.037
77.300	0.000	0.040
77.320	0.000	0.027
77.340	0.000	0.028
77.360	0.000	0.022
77.380	0.000	0.017
77.400	0.000	0.014
77.420	0.000	0.013
77.440	0.000	0.008
77.460	0.000	0.000
77.480	0.000	-0.004
77.500	0.000	-0.006
77.520	0.000	-0.006
77.540	0.000	-0.012
77.560	0.000	-0.008
77.580	0.000	-0.013
77.600	0.000	-0.010
77.620	0.000	-0.014
77.640	0.000	-0.013
77.660	0.000	-0.016
77.680	0.000	-0.018
77.700	0.000	-0.013
77.720	0.000	-0.013
77.740	0.000	-0.009
77.760	0.000	-0.013
77.780	0.000	-0.006
77.800	0.000	-0.011
77.820	0.000	0.002
77.840	0.000	-0.001
77.860	0.000	0.004
77.880	0.000	0.004
77.900	0.000	0.008
77.920	0.000	0.009
77.940	0.000	0.014
77.960	0.000	0.016
77.980	0.000	0.021
78.000	0.000	0.019
78.020	0.000	0.022
78.040	0.000	0.029
78.060	0.000	0.024
78.080	0.000	0.031
78.100	0.000	0.026
78.120	0.000	0.033
78.140	0.000	0.032
78.160	0.000	0.034
78.180	0.000	0.032
78.200	0.000	0.034
78.220	0.000	0.028
78.240	0.000	0.029
78.260	0.000	0.025
78.280	0.000	0.025
78.300	0.000	0.024
78.320	0.000	0.024
78.340	0.000	0.024
78.360	0.000	0.017
78.380	0.000	0.017
78.400	0.000	0.009
78.420	0.000	0.009
78.440	0.000	-0.004
78.460	0.000	-0.004
78.480	0.000	-0.005
78.500	0.000	-0.007
78.520	0.000	-0.007
78.540	0.000	-0.006
78.560	0.000	-0.011
78.580	0.000	-0.018
78.600	0.000	-0.018
78.620	0.000	-0.022
78.640	0.000	-0.018
78.660	0.000	-0.025
78.680	0.000	-0.021
78.700	0.000	-0.024
78.720	0.000	-0.021
78.740	0.000	-0.022
78.760	0.000	-0.019
78.780	0.000	-0.016
78.800	0.000	-0.014
78.820	0.000	-0.015
78.840	0.000	-0.014
78.860	0.000	-0.011
78.880	0.000	-0.005
78.900	0.000	-0.002
78.920	0.000	-0.002
78.940	0.000	0.003
78.960	0.000	0.002
78.980	0.000	0.011
79.000	0.000	0.013
79.020	0.000	0.013
79.040	0.000	0.016
79.060	0.000	0.020
79.080	0.000	0.020
79.100	0.000	0.024
79.120	0.000	0.027
79.140	0.000	0.024
79.160	0.000	0.022
79.180	0.000	0.021
79.200	0.000	0.025
79.220	0.000	0.032
79.240	0.000	0.031
79.260	0.000	0.028
79.280	0.000	0.030
79.300	0.000	0.029
79.320	0.000	0.026
79.340	0.000	0.021
79.360	0.000	0.020
79.380	0.000	0.020
79.400	0.000	0.009
79.420	0.000	0.012
79.440	0.000	0.014
79.460	0.000	0.011
79.480	0.000	0.008
79.500	0.000	0.006
79.520	0.000	0.003
79.540	0.000	0.001
79.560	0.000	-0.005
79.580	0.000	-0.007
79.600	0.000	-0.010
79.620	0.000	-0.014
79.640	0.000	-0.011
79.660	0.000	-0.017
79.680	0.000	-0.021
79.700	0.000	-0.027
79.720	0.000	-0.030
79.740	0.000	-0.030
79.760	0.000	-0.025
79.780	0.000	-0.023
79.800	0.000	-0.021
79.820	0.000	-0.018
79.840	0.000	-0.017
79.860	0.000	-0.017
79.880	0.000	-0.013
79.900	0.000	-0.008
79.920	0.000	-0.009
79.940	0.000	-0.001
79.960	0.000	-0.005
79.980	0.000	0.000
80.000	0.000	0.001
80.020	0.000	0.008
80.040	0.000	0.004
80.060	0.000	0.015
80.080	0.000	0.020
80.100	0.000	0.020
80.120	0.000	0.023
80.140	0.000	0.023
80.160	0.000	0.022
80.180	0.000	0.023
80.200	0.000	0.023
80.220	0.000	0.023
80.240	0.000	0.023
80.260	0.000	0.023
80.280	0.000	0.024
80.300	0.000	0.023
80.320	0.000	0.024
80.340	0.000	0.023
80.360	0.000	0.024
80.380	0.000	0.023
80.400	0.000	0.023
80.420	0.000	0.020
80.440	0.000	0.017
80.460	0.000	0.012
80.480	0.000	0.008
80.500	0.000	0.006
80.520	0.000	0.001
80.540	0.000	-0.001
80.560	0.000	-0.009
80.580	0.000	-0.008
80.600	0.000	-0.015
80.620	0.000	-0.013
80.640	0.000	-0.015
80.660	0.000	-0.017
80.680	0.000	-0.021
80.700	0.000	-0.021
80.720	0.000	-0.020
80.740	0.000	-0.023
80.760	0.000	-0.020
80.780	0.000	-0.022
80.800	0.000	-0.022
80.820	0.000	-0.023
80.840	0.000	-0.021
80.860	0.000	-0.023
80.880	0.000	-0.018
80.900	0.000	-0.022
80.920	0.000	-0.016
80.940	0.000	-0.016
80.960	0.000	-0.015
80.980	0.000	-0.015
81.000	0.000	-0.013
81.020	0.000	-0.007
81.040	0.000	-0.008
81.060	0.000	-0.005
81.080	0.000	-0.004
81.100	0.000	-0.001
81.120	0.000	-0.001
81.140	0.000	0.011
81.160	0.000	0.008
81.180	0.000	0.013
81.200	0.000	0.012
81.220	0.000	0.014
81.240	0.000	0.012
81.260	0.000	0.013
81.280	0.000	0.012
81.300	0.000	0.013
81.320	0.000	0.012
81.340	0.000	0.013
81.360	0.000	0.010
81.380	0.000	0.012
81.400	0.000	0.012
81.420	0.000	0.004
81.440	0.000	0.007
81.460	0.000	-0.001
81.480	0.000	-0.001
81.500	0.000	-0.005
81.520	0.000	-0.007
81.540	0.000	-0.009
81.560	0.000	-0.013
81.580	0.000	-0.014
81.600	0.000	-0.018
81.620	0.000	-0.020
81.640	0.000	-0.025
81.660	0.000	-0.025
81.680	0.000	-0.030
81.700	0.000	-0.027
81.720	0.000	-0.033
81.740	0.000	-0.038
81.760	0.000	-0.042
81.780	0.000	-0.038
81.800	0.000	-0.044
81.820	0.000	-0.042
81.840	0.000	-0.042
81.860	0.000	-0.042
81.880	0.000	-0.041
81.900	0.000	-0.039
81.920	0.000	-0.035
81.940	0.000	-0.038
81.960	0.000	-0.030
81.980	0.000	-0.029
82.000	0.000	-0.027
82.020	0.000	-0.025
82.040	0.000	-0.023
82.060	0.000	-0.019
82.080	0.000	-0.018
82.100	0.000	-0.011
82.120	0.000	-0.013
82.140	0.000	-0.006
82.160	0.000	-0.005
82.180	0.000	-0.006
82.200	0.000	-0.003
82.220	0.000	-0.004
82.240	0.000	-0.001
82.260	0.000	0.003
82.280	0.000	0.006
82.300	0.000	0.008
82.320	0.000	0.008
82.340	0.000	0.009
82.360	0.000	0.011
82.380	0.000	0.005
82.400	0.000	0.012
82.420	0.000	0.004
82.440	0.000	0.004
82.460	0.000	0.004
82.480	0.000	0.001
82.500	0.000	-0.001
82.520	0.000	-0.001
82.540	0.000	-0.005
82.560	0.000	-0.009
82.580	0.000	-0.008
82.600	0.000	-0.014
82.620	0.000	-0.013
82.640	0.000	-0.016
82.660	0.000	-0.015
82.680	0.000	-0.018
82.700	0.000	-0.017
82.720	0.000	-0.024
82.740	0.000	-0.019
82.760	0.000	-0.028
82.780	0.000	-0.023
82.800	0.000	-0.033
82.820	0.000	-0.030
82.840	0.000	-0.036
82.860	0.000	-0.032
82.880	0.000	-0.032
82.900	0.000	-0.034
82.920	0.000	-0.025
82.940	0.000	-0.030
82.960	0.000	-0.025
82.980	0.000	-0.025
83.000	0.000	-0.017
83.020	0.000	-0.020
83.040	0.000	-0.017
83.060	0.000	-0.016
83.080	0.000	-0.016
83.100	0.000	-0.015
83.120	0.000	-0.007
83.140	0.000	-0.005
83.160	0.000	-0.002
83.180	0.000	0.003
83.200	0.000	0.002
83.220	0.000	0.006
83.240	0.000	0.003
83.260	0.000	0.008
83.280	0.000	0.007
83.300	0.000	0.012
83.320	0.000	0.010
83.340	0.000	0.018
83.360	0.000	0.014
83.380	0.000	0.020
83.400	0.000	0.016
83.420	0.000	0.020
83.440	0.000	0.012
83.460	0.000	0.017
83.480	0.000	0.015
83.500	0.000	0.014
83.520	0.000	0.010
83.540	0.000	0.008
83.560	0.000	0.010
83.580	0.000	0.004
83.600	0.000	0.005
83.620	0.000	0.004
83.640	0.000	0.004
83.660	0.000	0.001
83.680	0.000	0.002
83.700	0.000	-0.001
83.720	0.000	-0.003
83.740	0.000	-0.011
83.760	0.000	-0.009
83.780	0.000	-0.013
83.800	0.000	-0.015
83.820	0.000	-0.016
83.840	0.000	-0.019
83.860	0.000	-0.016
83.880	0.000	-0.022
83.900	0.000	-0.018
83.920	0.000	-0.025
83.940	0.000	-0.020
83.960	0.000	-0.020
83.980	0.000	-0.017
84.000	0.000	-0.021
84.020	0.000	-0.013
84.040	0.000	-0.015
84.060	0.000	-0.009
84.080	0.000	-0.007
84.100	0.000	-0.008
84.120	0.000	-0.005
84.140	0.000	-0.003
84.160	0.000	0.000
84.180	0.000	0.000
84.200	0.000	0.002
84.220	0.000	0.004
84.240	0.000	0.008
84.260	0.000	0.007
84.280	0.000	0.008
84.300	0.000	0.010
84.320	0.000	0.012
84.340	0.000	0.015
84.360	0.000	0.012
84.380	0.000	0.016
84.400	0.000	0.016
84.420	0.000	0.016
84.440	0.000	0.015
84.460	0.000	0.016
84.480	0.000	0.014
84.500	0.000	0.014
84.520	0.000	0.014
84.540	0.000	0.013
84.560	0.000	0.012
84.580	0.000	0.009
84.600	0.000	0.007
84.620	0.000	0.006
84.640	0.000	-0.001
84.660	0.000	-0.003
84.680	0.000	-0.005
84.700	0.000	-0.006
84.720	0.000	-0.007
84.740	0.000	-0.010
84.760	0.000	-0.015
84.780	0.000	-0.015
84.800	0.000	-0.021
84.820	0.000	-0.022
84.840	0.000	-0.024
84.860	0.000	-0.023
84.880	0.000	-0.025
84.900	0.000	-0.026
84.920	0.000	-0.025
84.940	0.000	-0.027
84.960	0.000	-0.029
84.980	0.000	-0.027
85.000	0.000	-0.026
85.020	0.000	-0.027
85.040	0.000	-0.027
85.060	0.000	-0.025
85.080	0.000	-0.025
85.100	0.000	-0.025
85.120	0.000	-0.023
85.140	0.000	-0.025
85.160	0.000	-0.023
85.180	0.000	-0.021
85.200	0.000	-0.017
85.220	0.000	-0.016
85.240	0.000	-0.008
85.260	0.000	-0.009
85.280	0.000	-0.009
85.300	0.000	-0.005
85.320	0.000	-0.006
85.340	0.000	-0.005
85.360	0.000	-0.004
85.380	0.000	-0.001
85.400	0.000	-0.003
85.420	0.000	-0.001
85.440	0.000	0.001
85.460	0.000	0.002
85.480	0.000	-0.001
85.500	0.000	0.004
85.520	0.000	-0.001
85.540	0.000	0.003
85.560	0.000	-0.003
85.580	0.000	-0.004
85.600	0.000	-0.005
85.620	0.000	-0.005
85.640	0.000	-0.005
85.660	0.000	-0.005
85.680	0.000	-0.005
85.700	0.000	-0.009
85.720	0.000	-0.009
85.740	0.000	-0.018
85.760	0.000	-0.015
85.780	0.000	-0.022
85.800	0.000	-0.024
85.820	0.000	-0.024
85.840	0.000	-0.025
85.860	0.000	-0.026
85.880	0.000	-0.026
85.900	0.000	-0.029
85.920	0.000	-0.033
85.940	0.000	-0.030
85.960	0.000	-0.038
85.980	0.000	-0.031
86.000	0.000	-0.036
86.020	0.000	-0.031
86.040	0.000	-0.033
86.060	0.000	-0.026
86.080	0.000	-0.030
86.100	0.000	-0.027
86.120	0.000	-0.025
86.140	0.000	-0.025
86.160	0.000	-0.024
86.180	0.000	-0.023
86.200	0.000	-0.021
86.220	0.000	-0.019
86.240	0.000	-0.013
86.260	0.000	-0.014
86.280	0.000	-0.010
86.300	0.000	-0.013
86.320	0.000	-0.008
86.340	0.000	-0.005
86.360	0.000	0.002
86.380	0.000	0.002
86.400	0.000	0.003
86.420	0.000	0.003
86.440	0.000	0.005
86.460	0.000	0.004
86.480	0.000	0.003
86.500	0.000	0.007
86.520	0.000	0.005
86.540	0.000	0.008
86.560	0.000	0.004
86.580	0.000	0.010
86.600	0.000	0.006
86.620	0.000	0.005
86.640	0.000	0.004
86.660	0.000	0.004
86.680	0.000	0.003
86.700	0.000	0.003
86.720	0.000	0.004
86.740	0.000	0.000
86.760	0.000	-0.001
86.780	0.000	-0.005
86.800	0.000	-0.005
86.820	0.000	-0.006
86.840	0.000	-0.008
86.860	0.000	-0.016
86.880	0.000	-0.015
86.900	0.000	-0.015
86.920	0.000	-0.017
86.940	0.000	-0.017
86.960	0.000	-0.018
86.980	0.000	-0.017
87.000	0.000	-0.019
87.020	0.000	-0.017
87.040	0.000	-0.017
87.060	0.000	-0.024
87.080	0.000	-0.019
87.100	0.000	-0.020
87.120	0.000	-0.016
87.140	0.000	-0.016
87.160	0.000	-0.015
87.180	0.000	-0.014
87.200	0.000	-0.013
87.220	0.000	-0.009
87.240	0.000	-0.005
87.260	0.000	0.001
87.280	0.000	0.000
87.300	0.000	0.001
87.320	0.000	0.004
87.340	0.000	0.004
87.360	0.000	0.003
87.380	0.000	0.004
87.400	0.000	0.004
87.420	0.000	0.009
87.440	0.000	0.012
87.460	0.000	0.011
87.480	0.000	0.016
87.500	0.000	0.017
87.520	0.000	0.019
87.540	0.000	0.016
87.560	0.000	0.016
87.580	0.000	0.018
87.600	0.000	0.016
87.620	0.000	0.016
87.640	0.000	0.017
87.660	0.000	0.014
87.680	0.000	0.015
87.700	0.000	0.014
87.720	0.000	0.013
87.740	0.000	0.010
87.760	0.000	0.008
87.780	0.000	0.005
87.800	0.000	0.007
87.820	0.000	0.004
87.840	0.000	0.004
87.860	0.000	0.004
87.880	0.000	0.000
87.900	0.000	-0.005
87.920	0.000	-0.007
87.940	0.000	-0.013
87.960	0.000	-0.014
87.980	0.000	-0.014
88.000	0.000	-0.016
88.020	0.000	-0.018
88.040	0.000	-0.019
88.060	0.000	-0.024
88.080	0.000	-0.021
88.100	0.000	-0.017
88.120	0.000	-0.021
88.140	0.000	-0.021
88.160	0.000	-0.020
88.180	0.000	-0.020
88.200	0.000	-0.016
88.220	0.000	-0.020
88.240	0.000	-0.016
88.260	0.000	-0.017
88.280	0.000	-0.013
88.300	0.000	-0.016
88.320	0.000	-0.007
88.340	0.000	-0.011
88.360	0.000	-0.003
88.380	0.000	-0.005
88.400	0.000	-0.002
88.420	0.000	-0.002
88.440	0.000	0.003
88.460	0.000	0.004
88.480	0.000	0.004
88.500	0.000	0.004
88.520	0.000	0.004
88.540	0.000	0.004
88.560	0.000	0.004
88.580	0.000	0.004
88.600	0.000	0.004
88.620	0.000	0.004
88.640	0.000	0.004
88.660	0.000	0.004
88.680	0.000	0.004
88.700	0.000	0.004
88.720	0.000	0.004
88.740	0.000	-0.001
88.760	0.000	0.004
88.780	0.000	-0.005
88.800	0.000	-0.004
88.820	0.000	-0.010
88.840	0.000	-0.008
88.860	0.000	-0.013
88.880	0.000	-0.015
88.900	0.000	-0.017
88.920	0.000	-0.017
88.940	0.000	-0.024
88.960	0.000	-0.024
88.980	0.000	-0.026
89.000	0.000	-0.032
89.020	0.000	-0.033
89.040	0.000	-0.030
89.060	0.000	-0.030
89.080	0.000	-0.034
89.100	0.000	-0.034
89.120	0.000	-0.033
89.140	0.000	-0.034
89.160	0.000	-0.034
89.180	0.000	-0.034
89.200	0.000	-0.034
89.220	0.000	-0.035
