0.000	-2.903	-0.049
0.020	-6.512	-0.033
0.040	-10.079	-0.012
0.060	-13.425	0.002
0.080	-16.637	0.020
0.100	-19.591	0.038
0.120	-22.277	0.051
0.140	-24.651	0.070
0.160	-26.692	0.083
0.180	-28.357	0.097
0.200	-29.603	0.106
0.220	-30.441	0.125
0.240	-30.806	0.125
0.260	-30.827	0.137
0.280	-30.392	0.137
0.300	-29.517	0.145
0.320	-28.287	0.138
0.340	-26.552	0.143
0.360	-24.511	0.135
0.380	-22.110	0.134
0.400	-19.382	0.122
0.420	-16.401	0.116
0.440	-13.189	0.104
0.460	-9.767	0.093
0.480	-6.228	0.078
0.500	-2.592	0.066
0.520	1.061	0.050
0.540	4.713	0.035
0.560	8.274	0.019
0.580	11.653	0.007
0.600	15.047	-0.008
0.620	18.125	-0.032
0.640	20.971	-0.042
0.660	23.501	-0.064
0.680	25.639	-0.079
0.700	27.513	-0.092
0.720	28.964	-0.102
0.740	30.006	-0.109
0.760	30.634	-0.124
0.780	30.827	-0.125
0.800	30.596	-0.140
0.820	29.930	-0.135
0.840	28.845	-0.149
0.860	27.358	-0.137
0.880	25.521	-0.141
0.900	23.265	-0.131
0.920	20.692	-0.131
0.940	17.856	-0.116
0.960	14.843	-0.109
0.980	11.432	-0.095
1.000	7.984	-0.080
1.020	4.385	-0.074
1.040	0.760	-0.051
1.060	-2.871	-0.042
1.080	-6.502	-0.017
1.100	-10.036	-0.012
1.120	-13.430	0.014
1.140	-16.519	0.023
1.160	-19.580	0.049
1.180	-22.271	0.059
1.200	-24.624	0.082
1.220	-26.686	0.093
1.240	-28.341	0.107
1.260	-29.587	0.116
1.280	-30.419	0.129
1.300	-30.827	0.136
1.320	-30.811	0.142
1.340	-30.398	0.149
1.360	-29.517	0.154
1.380	-28.244	0.153
1.400	-26.563	0.153
1.420	-24.495	0.147
1.440	-22.099	0.139
1.460	-19.365	0.133
1.480	-16.385	0.121
1.500	-13.194	0.110
1.520	-9.880	0.101
1.540	-6.244	0.085
1.560	-2.608	0.069
1.580	1.045	0.055
1.600	4.692	0.043
1.620	8.172	0.022
1.640	11.733	0.011
1.660	15.031	-0.015
1.680	18.114	-0.025
1.700	20.945	-0.045
1.720	23.501	-0.058
1.740	25.677	-0.078
1.760	27.513	-0.090
1.780	28.958	-0.104
1.800	29.990	-0.112
1.820	30.634	-0.123
1.840	30.833	-0.127
1.860	30.602	-0.138
1.880	29.930	-0.141
1.900	28.856	-0.140
1.920	27.379	-0.145
1.940	25.574	-0.137
1.960	23.292	-0.143
1.980	20.724	-0.127
2.000	17.872	-0.125
2.020	14.779	-0.111
2.040	11.475	-0.107
2.060	8.027	-0.087
2.080	4.445	-0.076
2.100	0.803	-0.059
2.120	-2.839	-0.044
2.140	-6.459	-0.027
2.160	-10.014	-0.012
2.180	-13.387	0.005
2.200	-16.567	0.025
2.220	-19.543	0.038
2.240	-22.228	0.054
2.260	-24.608	0.068
2.280	-26.665	0.087
2.300	-28.308	0.097
2.320	-29.560	0.109
2.340	-30.425	0.120
2.360	-30.790	0.125
2.380	-30.817	0.135
2.400	-30.371	0.138
2.420	-29.522	0.143
2.440	-28.244	0.138
2.460	-26.536	0.138
2.480	-24.495	0.134
2.500	-22.094	0.134
2.520	-19.392	0.119
2.540	-16.401	0.112
2.560	-13.199	0.099
2.580	-9.794	0.092
2.600	-6.265	0.071
2.620	-2.624	0.060
2.640	1.045	0.044
2.660	4.676	0.031
2.680	8.237	0.010
2.700	11.712	-0.004
2.720	15.004	-0.022
2.740	18.098	-0.042
2.760	20.934	-0.056
2.780	23.485	-0.072
2.800	25.666	-0.086
2.820	27.497	-0.100
2.840	28.948	-0.109
2.860	29.995	-0.124
2.880	30.623	-0.134
2.900	30.833	-0.138
2.920	30.596	-0.151
2.940	29.947	-0.148
2.960	28.867	-0.157
2.980	27.385	-0.153
3.000	25.591	-0.153
3.020	23.319	-0.148
3.040	20.740	-0.142
3.060	17.905	-0.131
3.080	14.816	-0.119
3.100	11.502	-0.111
3.120	8.043	-0.094
3.140	4.461	-0.085
3.160	0.830	-0.067
3.180	-2.828	-0.052
3.200	-6.427	-0.029
3.220	-9.977	-0.018
3.240	-13.350	0.004
3.260	-16.546	0.013
3.280	-19.532	0.040
3.300	-22.207	0.048
3.320	-24.586	0.072
3.340	-26.633	0.080
3.360	-28.303	0.095
3.380	-29.549	0.105
3.400	-30.398	0.120
3.420	-30.795	0.125
3.440	-30.822	0.137
3.460	-30.392	0.138
3.480	-29.533	0.141
3.500	-28.249	0.137
3.520	-26.552	0.142
3.540	-24.522	0.136
3.560	-22.142	0.132
3.580	-19.403	0.121
3.600	-16.433	0.113
3.620	-13.242	0.103
3.640	-9.826	0.091
3.660	-6.287	0.078
3.680	-2.667	0.065
3.700	1.007	0.045
3.720	4.638	0.034
3.740	8.113	0.012
3.760	11.696	0.004
3.780	14.983	-0.018
3.800	18.066	-0.031
3.820	20.918	-0.057
3.840	23.464	-0.066
3.860	25.650	-0.080
3.880	27.497	-0.091
3.900	28.948	-0.109
3.920	29.979	-0.116
3.940	30.629	-0.126
3.960	30.833	-0.130
3.980	30.613	-0.140
4.000	29.930	-0.143
4.020	28.878	-0.144
4.040	27.385	-0.149
4.060	25.548	-0.139
4.080	23.324	-0.142
4.100	20.762	-0.124
4.120	17.910	-0.124
4.140	14.822	-0.109
4.160	11.508	-0.102
4.180	8.038	-0.082
4.200	4.471	-0.074
4.220	0.841	-0.058
4.240	-2.737	-0.045
4.260	-6.432	-0.020
4.280	-9.896	-0.004
4.300	-13.366	0.013
4.320	-16.556	0.031
4.340	-19.548	0.047
4.360	-22.239	0.064
4.380	-24.597	0.078
4.400	-26.659	0.092
4.420	-28.330	0.106
4.440	-29.581	0.117
4.460	-30.457	0.133
4.480	-30.795	0.134
4.500	-30.844	0.143
4.520	-30.419	0.145
4.540	-29.576	0.156
4.560	-28.292	0.150
4.580	-26.600	0.154
4.600	-24.575	0.148
4.620	-22.164	0.145
4.640	-19.435	0.133
4.660	-16.492	0.128
4.680	-13.269	0.109
4.700	-9.864	0.106
4.720	-6.319	0.086
4.740	-2.694	0.079
4.760	0.975	0.056
4.780	4.622	0.048
4.800	8.177	0.025
4.820	11.658	0.013
4.840	14.950	-0.009
4.860	18.050	-0.026
4.880	20.891	-0.037
4.900	23.448	-0.061
4.920	25.634	-0.065
4.940	27.438	-0.091
4.960	28.937	-0.094
4.980	29.984	-0.117
5.000	30.623	-0.113
5.020	30.822	-0.128
5.040	30.623	-0.126
5.060	29.941	-0.138
5.080	28.883	-0.137
5.100	27.390	-0.136
5.120	25.569	-0.136
5.140	23.335	-0.128
5.160	20.778	-0.125
5.180	17.937	-0.116
5.200	14.838	-0.108
5.220	11.524	-0.095
5.240	8.075	-0.084
5.260	4.498	-0.070
5.280	0.878	-0.054
5.300	-2.790	-0.037
5.320	-6.400	-0.025
5.340	-9.923	-0.007
5.360	-13.302	0.013
5.380	-16.519	0.026
5.400	-19.419	0.046
5.420	-22.191	0.056
5.440	-24.554	0.083
5.460	-26.627	0.086
5.480	-28.303	0.110
5.500	-29.565	0.112
5.520	-30.414	0.131
5.540	-30.822	0.129
5.560	-30.806	0.143
5.580	-30.398	0.140
5.600	-29.554	0.150
5.620	-28.271	0.143
5.640	-26.600	0.149
5.660	-24.543	0.137
5.680	-22.158	0.140
5.700	-19.468	0.124
5.720	-16.460	0.121
5.740	-13.275	0.104
5.760	-9.891	0.098
5.780	-6.335	0.079
5.800	-2.694	0.062
5.820	0.953	0.055
5.840	4.600	0.037
5.860	8.167	0.020
5.880	11.642	-0.001
5.900	14.945	-0.016
5.920	18.039	-0.034
5.940	20.869	-0.045
5.960	23.367	-0.070
5.980	25.634	-0.079
6.000	27.433	-0.099
6.020	28.921	-0.107
6.040	29.984	-0.119
6.060	30.618	-0.128
6.080	30.827	-0.134
6.100	30.623	-0.148
6.120	29.947	-0.142
6.140	28.894	-0.155
6.160	27.411	-0.149
6.180	25.585	-0.149
6.200	23.362	-0.139
6.220	20.800	-0.139
6.240	17.964	-0.125
6.260	14.881	-0.123
6.280	11.567	-0.108
6.300	8.118	-0.099
6.320	4.552	-0.082
6.340	0.910	-0.069
6.360	-2.753	-0.053
6.380	-6.357	-0.034
6.400	-9.891	-0.020
6.420	-13.280	0.004
6.440	-16.470	0.013
6.460	-19.468	0.034
6.480	-22.164	0.049
6.500	-24.538	0.067
6.520	-26.590	0.077
6.540	-28.260	0.093
6.560	-29.538	0.100
6.580	-30.392	0.118
6.600	-30.774	0.117
6.620	-30.784	0.134
6.640	-30.382	0.131
6.660	-29.549	0.139
6.680	-28.276	0.136
6.700	-26.595	0.137
6.720	-24.554	0.131
6.740	-22.175	0.131
6.760	-19.462	0.118
6.780	-16.487	0.112
6.800	-13.275	0.099
6.820	-9.891	0.088
6.840	-6.346	0.071
6.860	-2.715	0.058
6.880	0.932	0.042
6.900	4.584	0.030
6.920	8.156	0.011
6.940	11.626	-0.004
6.960	14.918	-0.023
6.980	18.001	-0.039
7.000	20.859	-0.062
7.020	23.421	-0.074
7.040	25.617	-0.086
7.060	27.454	-0.100
7.080	28.921	-0.112
7.100	29.979	-0.126
7.120	30.613	-0.132
7.140	30.838	-0.141
7.160	30.623	-0.143
7.180	29.963	-0.145
7.200	28.942	-0.151
7.220	27.438	-0.149
7.240	25.601	-0.149
7.260	23.378	-0.145
7.280	20.826	-0.137
7.300	17.974	-0.125
7.320	14.886	-0.118
7.340	11.583	-0.105
7.360	8.129	-0.094
7.380	4.563	-0.081
7.400	0.921	-0.065
7.420	-2.737	-0.049
7.440	-6.346	-0.031
7.460	-9.896	-0.014
7.480	-13.275	0.005
7.500	-16.470	0.018
7.520	-19.478	0.042
7.540	-22.153	0.049
7.560	-24.570	0.075
7.580	-26.600	0.081
7.600	-28.287	0.103
7.620	-29.554	0.106
7.640	-30.425	0.125
7.660	-30.801	0.124
7.680	-30.817	0.139
7.700	-30.435	0.140
7.720	-29.587	0.147
7.740	-28.324	0.145
7.760	-26.654	0.145
7.780	-24.592	0.137
7.800	-22.277	0.133
7.820	-19.510	0.127
7.840	-16.540	0.118
7.860	-13.355	0.108
7.880	-9.939	0.095
7.900	-6.389	0.083
7.920	-2.774	0.066
7.940	0.884	0.058
7.960	4.531	0.037
7.980	8.022	0.022
8.000	11.577	0.004
8.020	14.886	-0.013
8.040	17.980	-0.029
8.060	20.837	-0.048
8.080	23.399	-0.061
8.100	25.591	-0.082
8.120	27.444	-0.086
8.140	28.878	-0.108
8.160	29.973	-0.106
8.180	30.618	-0.131
8.200	30.827	-0.119
8.220	30.613	-0.143
8.240	29.973	-0.128
8.260	28.905	-0.149
8.280	27.444	-0.133
8.300	25.601	-0.142
8.320	23.388	-0.128
8.340	20.821	-0.130
8.360	18.071	-0.120
8.380	14.907	-0.107
8.400	11.594	-0.099
8.420	8.140	-0.079
8.440	4.573	-0.075
8.460	0.948	-0.049
8.480	-2.731	-0.045
8.500	-6.341	-0.013
8.520	-9.891	-0.010
8.540	-13.253	0.022
8.560	-16.460	0.026
8.580	-19.446	0.054
8.600	-22.164	0.063
8.620	-24.532	0.080
8.640	-26.590	0.096
8.660	-28.281	0.105
8.680	-29.538	0.121
8.700	-30.419	0.127
8.720	-30.801	0.138
8.740	-30.860	0.142
8.760	-30.419	0.147
8.780	-29.592	0.149
8.800	-28.314	0.153
8.820	-26.643	0.145
8.840	-24.608	0.148
8.860	-22.223	0.139
8.880	-19.537	0.133
8.900	-16.562	0.123
8.920	-13.344	0.112
8.940	-9.955	0.101
8.960	-6.421	0.090
8.980	-2.769	0.073
9.000	0.889	0.054
9.020	4.509	0.045
9.040	8.006	0.021
9.060	11.567	0.009
9.080	14.870	-0.015
9.100	17.894	-0.025
9.120	20.816	-0.048
9.140	23.324	-0.058
9.160	25.585	-0.079
9.180	27.438	-0.089
9.200	28.872	-0.105
9.220	29.973	-0.115
9.240	30.602	-0.124
9.260	30.838	-0.131
9.280	30.623	-0.132
9.300	29.984	-0.144
9.320	28.921	-0.137
9.340	27.449	-0.151
9.360	25.623	-0.133
9.380	23.399	-0.142
9.400	20.859	-0.126
9.420	18.023	-0.123
9.440	14.940	-0.108
9.460	11.642	-0.105
9.480	8.177	-0.088
9.500	4.611	-0.075
9.520	1.077	-0.054
9.540	-2.677	-0.045
9.560	-6.292	-0.027
9.580	-9.853	-0.013
9.600	-13.232	0.005
9.620	-16.422	0.023
9.640	-19.398	0.040
9.660	-22.121	0.058
9.680	-24.495	0.075
9.700	-26.547	0.084
9.720	-28.249	0.100
9.740	-29.506	0.108
9.760	-30.376	0.124
9.780	-30.784	0.126
9.800	-30.801	0.133
9.820	-30.403	0.137
9.840	-29.554	0.141
9.860	-28.314	0.137
9.880	-26.638	0.143
9.900	-24.597	0.134
9.920	-22.223	0.133
9.940	-19.521	0.116
9.960	-16.551	0.113
9.980	-13.361	0.099
10.000	-9.961	0.091
10.020	-6.432	0.072
10.040	-2.796	0.058
10.060	0.862	0.043
10.080	4.504	0.031
10.100	8.075	0.010
10.120	11.545	-0.001
10.140	14.865	-0.023
10.160	17.878	-0.037
10.180	20.805	-0.057
10.200	23.302	-0.070
10.220	25.564	-0.091
10.240	27.433	-0.100
10.260	28.894	-0.115
10.280	29.968	-0.122
10.300	30.613	-0.137
10.320	30.833	-0.137
10.340	30.623	-0.152
10.360	29.984	-0.148
10.380	28.921	-0.158
10.400	27.444	-0.151
10.420	25.639	-0.154
10.440	23.490	-0.143
10.460	20.880	-0.140
10.480	18.050	-0.132
10.500	14.961	-0.118
10.520	11.647	-0.112
10.540	8.215	-0.095
10.560	4.638	-0.085
10.580	1.012	-0.067
10.600	-2.656	-0.053
10.620	-6.271	-0.033
10.640	-9.810	-0.020
10.660	-13.199	0.000
10.680	-16.395	0.014
10.700	-19.392	0.035
10.720	-22.094	0.051
10.740	-24.468	0.066
10.760	-26.541	0.081
10.780	-28.228	0.091
10.800	-29.495	0.106
10.820	-30.382	0.114
10.840	-30.784	0.120
10.860	-30.817	0.132
10.880	-30.408	0.136
10.900	-29.571	0.141
10.920	-28.324	0.137
10.940	-26.665	0.139
10.960	-24.624	0.131
10.980	-22.250	0.131
11.000	-19.543	0.122
11.020	-16.573	0.114
11.040	-13.393	0.101
11.060	-9.982	0.089
11.080	-6.448	0.075
11.100	-2.817	0.062
11.120	0.830	0.046
11.140	4.471	0.033
11.160	8.049	0.013
11.180	11.524	-0.003
11.200	14.822	-0.018
11.220	17.926	-0.037
11.240	20.778	-0.056
11.260	23.351	-0.072
11.280	25.548	-0.082
11.300	27.422	-0.100
11.320	28.883	-0.106
11.340	29.952	-0.122
11.360	30.607	-0.128
11.380	30.827	-0.137
11.400	30.629	-0.138
11.420	29.995	-0.147
11.440	28.937	-0.141
11.460	27.460	-0.149
11.480	25.639	-0.145
11.500	23.437	-0.144
11.520	20.880	-0.131
11.540	18.055	-0.128
11.560	14.977	-0.116
11.580	11.663	-0.107
11.600	8.220	-0.090
11.620	4.654	-0.079
11.640	1.012	-0.065
11.660	-2.640	-0.047
11.680	-6.265	-0.025
11.700	-9.821	-0.005
11.720	-13.205	0.009
11.740	-16.417	0.025
11.760	-19.398	0.043
11.780	-22.115	0.059
11.800	-24.511	0.077
11.820	-26.568	0.087
11.840	-28.249	0.101
11.860	-29.544	0.112
11.880	-30.403	0.130
11.900	-30.811	0.131
11.920	-30.833	0.142
11.940	-30.457	0.146
11.960	-29.619	0.154
11.980	-28.362	0.149
12.000	-26.713	0.151
12.020	-24.672	0.143
12.040	-22.293	0.144
12.060	-19.580	0.129
12.080	-16.632	0.126
12.100	-13.430	0.111
12.120	-10.031	0.099
12.140	-6.491	0.088
12.160	-2.855	0.072
12.180	0.798	0.059
12.200	4.428	0.042
12.220	8.006	0.023
12.240	11.497	0.009
12.260	14.805	-0.007
12.280	17.905	-0.029
12.300	20.757	-0.041
12.320	23.265	-0.060
12.340	25.537	-0.074
12.360	27.406	-0.091
12.380	28.878	-0.098
12.400	29.952	-0.109
12.420	30.602	-0.120
12.440	30.827	-0.125
12.460	30.629	-0.136
12.480	29.995	-0.133
12.500	28.942	-0.143
12.520	27.497	-0.133
12.540	25.666	-0.138
12.560	23.448	-0.130
12.580	20.982	-0.130
12.600	18.071	-0.116
12.620	14.999	-0.108
12.640	11.701	-0.095
12.660	8.237	-0.086
12.680	4.670	-0.070
12.700	1.045	-0.054
12.720	-2.602	-0.039
12.740	-6.244	-0.020
12.760	-9.783	-0.008
12.780	-13.173	0.014
12.800	-16.358	0.027
12.820	-19.387	0.049
12.840	-22.094	0.058
12.860	-24.490	0.082
12.880	-26.531	0.091
12.900	-28.233	0.105
12.920	-29.511	0.114
12.940	-30.387	0.129
12.960	-30.817	0.131
12.980	-30.838	0.143
13.000	-30.414	0.140
13.020	-29.608	0.149
13.040	-28.330	0.143
13.060	-26.686	0.147
13.080	-24.667	0.142
13.100	-22.277	0.137
13.120	-19.580	0.128
13.140	-16.621	0.123
13.160	-13.500	0.108
13.180	-10.041	0.099
13.200	-6.507	0.081
13.220	-2.860	0.065
13.240	0.787	0.050
13.260	4.423	0.037
13.280	7.990	0.017
13.300	11.491	0.000
13.320	14.795	-0.014
13.340	17.899	-0.035
13.360	20.746	-0.053
13.380	23.313	-0.068
13.400	25.531	-0.080
13.420	27.379	-0.095
13.440	28.867	-0.104
13.460	29.941	-0.118
13.480	30.602	-0.131
13.500	30.827	-0.135
13.520	30.629	-0.141
13.540	29.995	-0.142
13.560	28.953	-0.151
13.580	27.508	-0.148
13.600	25.725	-0.146
13.620	23.469	-0.141
13.640	20.934	-0.135
13.660	18.184	-0.128
13.680	15.036	-0.120
13.700	11.722	-0.105
13.720	8.365	-0.092
13.740	4.713	-0.086
13.760	1.077	-0.064
13.780	-2.570	-0.053
13.800	-6.196	-0.029
13.820	-9.757	-0.020
13.840	-13.130	0.001
13.860	-16.336	0.015
13.880	-19.328	0.038
13.900	-21.965	0.047
13.920	-24.447	0.067
13.940	-26.504	0.072
13.960	-28.206	0.094
13.980	-29.474	0.100
14.000	-30.344	0.120
14.020	-30.790	0.118
14.040	-30.822	0.131
14.060	-30.430	0.135
14.080	-29.587	0.138
14.100	-28.357	0.133
14.120	-26.681	0.135
14.140	-24.661	0.129
14.160	-22.298	0.129
14.180	-19.596	0.113
14.200	-16.637	0.112
14.220	-13.441	0.092
14.240	-10.068	0.086
14.260	-6.518	0.068
14.280	-2.892	0.060
14.300	0.765	0.040
14.320	4.412	0.029
14.340	7.973	0.009
14.360	11.454	-0.002
14.380	14.773	-0.031
14.400	17.872	-0.037
14.420	20.735	-0.066
14.440	23.302	-0.069
14.460	25.515	-0.095
14.480	27.379	-0.099
14.500	28.856	-0.120
14.520	29.930	-0.120
14.540	30.580	-0.137
14.560	30.833	-0.140
14.580	30.639	-0.152
14.600	29.995	-0.149
14.620	28.958	-0.156
14.640	27.508	-0.153
14.660	25.687	-0.149
14.680	23.555	-0.148
14.700	20.939	-0.135
14.720	18.125	-0.130
14.740	15.128	-0.118
14.760	11.744	-0.111
14.780	8.376	-0.094
14.800	4.729	-0.085
14.820	1.115	-0.064
14.840	-2.468	-0.050
14.860	-6.153	-0.033
14.880	-9.730	-0.014
14.900	-13.130	0.004
14.920	-16.331	0.020
14.940	-19.328	0.037
14.960	-22.040	0.054
14.980	-24.447	0.067
15.000	-26.514	0.083
15.020	-28.206	0.091
15.040	-29.495	0.109
15.060	-30.382	0.116
15.080	-30.806	0.129
15.100	-30.849	0.132
15.120	-30.462	0.138
15.140	-29.635	0.137
15.160	-28.373	0.143
15.180	-26.724	0.138
15.200	-24.699	0.138
15.220	-22.336	0.129
15.240	-19.656	0.122
15.260	-16.653	0.119
15.280	-13.575	0.104
15.300	-10.079	0.091
15.320	-6.572	0.076
15.340	-2.946	0.064
15.360	0.717	0.050
15.380	4.364	0.033
15.400	7.947	0.017
15.420	11.416	0.002
15.440	14.746	-0.017
15.460	17.845	-0.033
15.480	20.698	-0.052
15.500	23.281	-0.069
15.520	25.494	-0.083
15.540	27.374	-0.098
15.560	28.851	-0.108
15.580	29.930	-0.117
15.600	30.596	-0.124
15.620	30.833	-0.132
15.640	30.634	-0.139
15.660	29.995	-0.142
15.680	28.969	-0.143
15.700	27.508	-0.145
15.720	25.698	-0.137
15.740	23.501	-0.137
15.760	20.945	-0.126
15.780	18.125	-0.124
15.800	15.052	-0.108
15.820	11.760	-0.101
15.840	8.306	-0.083
15.860	4.740	-0.077
15.880	1.115	-0.050
15.900	-2.549	-0.043
15.920	-6.185	-0.018
15.940	-9.714	-0.006
15.960	-13.108	0.013
15.980	-16.325	0.025
16.000	-19.312	0.046
16.020	-22.035	0.065
16.040	-24.430	0.079
16.060	-26.525	0.093
16.080	-28.217	0.106
16.100	-29.501	0.116
16.120	-30.382	0.130
16.140	-30.795	0.133
16.160	-30.838	0.144
16.180	-30.441	0.149
16.200	-29.656	0.154
16.220	-28.373	0.152
16.240	-26.729	0.150
16.260	-24.710	0.145
16.280	-22.357	0.144
16.300	-19.661	0.125
16.320	-16.685	0.129
16.340	-13.516	0.105
16.360	-10.143	0.103
16.380	-6.577	0.081
16.400	-2.951	0.071
16.420	0.701	0.052
16.440	4.359	0.041
16.460	7.904	0.017
16.480	11.406	0.008
16.500	14.725	-0.018
16.520	17.829	-0.025
16.540	20.687	-0.050
16.560	23.270	-0.060
16.580	25.494	-0.075
16.600	27.368	-0.086
16.620	28.802	-0.101
16.640	29.925	-0.116
16.660	30.586	-0.121
16.680	30.838	-0.132
16.700	30.634	-0.135
16.720	30.049	-0.144
16.740	28.980	-0.140
16.760	27.513	-0.149
16.780	25.709	-0.136
16.800	23.507	-0.140
16.820	20.982	-0.130
16.840	18.157	-0.124
16.860	15.085	-0.113
16.880	11.781	-0.099
16.900	8.339	-0.089
16.920	4.783	-0.072
16.940	1.260	-0.062
16.960	-2.500	-0.041
16.980	-6.120	-0.030
17.000	-9.676	-0.008
17.020	-13.060	0.001
17.040	-16.282	0.025
17.060	-19.269	0.037
17.080	-21.987	0.057
17.100	-24.404	0.070
17.120	-26.477	0.084
17.140	-28.174	0.096
17.160	-29.474	0.105
17.180	-30.328	0.124
17.200	-30.774	0.126
17.220	-30.827	0.136
17.240	-30.425	0.133
17.260	-29.630	0.145
17.280	-28.373	0.138
17.300	-26.735	0.142
17.320	-24.704	0.131
17.340	-22.363	0.135
17.360	-19.645	0.116
17.380	-16.680	0.116
17.400	-13.527	0.098
17.420	-10.122	0.089
17.440	-6.604	0.072
17.460	-2.978	0.062
17.480	0.679	0.039
17.500	4.343	0.027
17.520	7.823	0.009
17.540	11.389	-0.008
17.560	14.698	-0.022
17.580	17.808	-0.045
17.600	20.676	-0.054
17.620	23.254	-0.079
17.640	25.467	-0.083
17.660	27.347	-0.107
17.680	28.797	-0.112
17.700	29.930	-0.130
17.720	30.591	-0.136
17.740	30.844	-0.143
17.760	30.645	-0.151
17.780	30.016	-0.149
17.800	28.985	-0.157
17.820	27.535	-0.149
17.840	25.730	-0.155
17.860	23.533	-0.142
17.880	21.009	-0.149
17.900	18.184	-0.129
17.920	15.122	-0.131
17.940	11.819	-0.108
17.960	8.376	-0.100
17.980	4.912	-0.085
18.000	1.179	-0.071
18.020	-2.463	-0.056
18.040	-6.099	-0.036
18.060	-9.644	-0.023
18.080	-13.033	0.001
18.100	-16.250	0.011
18.120	-19.263	0.033
18.140	-21.960	0.044
18.160	-24.366	0.067
18.180	-26.450	0.072
18.200	-28.163	0.091
18.220	-29.426	0.096
18.240	-30.339	0.116
18.260	-30.774	0.116
18.280	-30.833	0.130
18.300	-30.419	0.130
18.320	-29.624	0.137
18.340	-28.384	0.133
18.360	-26.729	0.135
18.380	-24.715	0.130
18.400	-22.346	0.129
18.420	-19.666	0.113
18.440	-16.712	0.108
18.460	-13.532	0.097
18.480	-10.154	0.087
18.500	-6.615	0.072
18.520	-2.994	0.057
18.540	0.658	0.041
18.560	4.305	0.029
18.580	7.887	0.009
18.600	11.352	-0.004
18.620	14.677	-0.023
18.640	17.792	-0.039
18.660	20.655	-0.060
18.680	23.243	-0.069
18.700	25.403	-0.088
18.720	27.331	-0.096
18.740	28.824	-0.116
18.760	29.920	-0.120
18.780	30.591	-0.132
18.800	30.833	-0.135
18.820	30.645	-0.145
18.840	30.027	-0.143
18.860	28.985	-0.148
18.880	27.556	-0.150
18.900	25.746	-0.144
18.920	23.550	-0.141
18.940	21.079	-0.135
18.960	18.189	-0.129
18.980	15.133	-0.116
19.000	11.841	-0.105
19.020	8.392	-0.091
19.040	4.837	-0.082
19.060	1.206	-0.066
19.080	-2.463	-0.047
19.100	-6.088	-0.030
19.120	-9.633	-0.008
19.140	-13.028	0.004
19.160	-16.245	0.025
19.180	-19.258	0.037
19.200	-21.970	0.058
19.220	-24.323	0.071
19.240	-26.466	0.083
19.260	-28.169	0.099
19.280	-29.474	0.111
19.300	-30.360	0.125
19.320	-30.768	0.129
19.340	-30.811	0.138
19.360	-30.457	0.137
19.380	-29.656	0.149
19.400	-28.416	0.144
19.420	-26.761	0.147
19.440	-24.758	0.137
19.460	-22.384	0.141
19.480	-19.698	0.124
19.500	-16.830	0.121
19.520	-13.554	0.103
19.540	-10.261	0.095
19.560	-6.657	0.083
19.580	-3.027	0.071
19.600	0.631	0.053
19.620	4.273	0.038
19.640	7.871	0.022
19.660	11.255	0.008
19.680	14.666	-0.012
19.700	17.770	-0.032
19.720	20.628	-0.044
19.740	23.227	-0.065
19.760	25.386	-0.071
19.780	27.325	-0.095
19.800	28.813	-0.096
19.820	29.920	-0.116
19.840	30.575	-0.120
19.860	30.827	-0.131
19.880	30.650	-0.133
19.900	30.054	-0.136
19.920	29.028	-0.141
19.940	27.567	-0.143
19.960	25.757	-0.138
19.980	23.576	-0.132
20.000	21.031	-0.132
20.020	18.216	-0.116
20.040	15.240	-0.116
20.060	11.857	-0.091
20.080	8.425	-0.087
20.100	4.960	-0.069
20.120	1.222	-0.058
20.140	-2.425	-0.038
20.160	-6.051	-0.022
20.180	-9.612	-0.011
20.200	-12.995	0.012
20.220	-16.213	0.022
20.240	-19.210	0.047
20.260	-21.938	0.058
20.280	-24.291	0.077
20.300	-26.428	0.086
20.320	-28.099	0.102
20.340	-29.431	0.108
20.360	-30.317	0.128
20.380	-30.752	0.128
20.400	-30.822	0.145
20.420	-30.430	0.140
20.440	-29.635	0.151
20.460	-28.437	0.142
20.480	-26.745	0.149
20.500	-24.796	0.140
20.520	-22.395	0.137
20.540	-19.698	0.125
20.560	-16.760	0.118
20.580	-13.570	0.107
20.600	-10.272	0.093
20.620	-6.657	0.082
20.640	-3.139	0.067
20.660	0.615	0.051
20.680	4.257	0.036
20.700	7.759	0.016
20.720	11.325	0.005
20.740	14.569	-0.016
20.760	17.754	-0.030
20.780	20.606	-0.053
20.800	23.211	-0.067
20.820	25.429	-0.080
20.840	27.261	-0.090
20.860	28.808	-0.110
20.880	29.920	-0.114
20.900	30.575	-0.132
20.920	30.822	-0.128
20.940	30.656	-0.142
20.960	30.059	-0.144
20.980	29.039	-0.149
21.000	27.567	-0.147
21.020	25.762	-0.143
21.040	23.576	-0.142
21.060	21.133	-0.136
21.080	18.302	-0.129
21.100	15.267	-0.117
21.120	11.964	-0.112
21.140	8.451	-0.094
21.160	4.966	-0.086
21.180	1.243	-0.067
21.200	-2.302	-0.053
21.220	-6.013	-0.034
21.240	-9.579	-0.018
21.260	-12.883	-0.001
21.280	-16.180	0.014
21.300	-19.172	0.033
21.320	-21.906	0.050
21.340	-24.259	0.063
21.360	-26.396	0.076
21.380	-28.115	0.088
21.400	-29.404	0.103
21.420	-30.301	0.114
21.440	-30.752	0.120
21.460	-30.806	0.129
21.480	-30.435	0.131
21.500	-29.640	0.138
21.520	-28.427	0.132
21.540	-26.751	0.134
21.560	-24.742	0.128
21.580	-22.475	0.127
21.600	-19.720	0.117
21.620	-16.852	0.108
21.640	-13.581	0.095
21.660	-10.288	0.085
21.680	-6.684	0.072
21.700	-3.145	0.058
21.720	0.594	0.038
21.740	4.246	0.026
21.760	7.737	0.008
21.780	11.298	-0.008
21.800	14.623	-0.026
21.820	17.738	-0.045
21.840	20.595	-0.061
21.860	23.190	-0.077
21.880	25.419	-0.089
21.900	27.256	-0.106
21.920	28.792	-0.116
21.940	29.893	-0.128
21.960	30.575	-0.137
21.980	30.822	-0.145
22.000	30.666	-0.150
22.020	30.059	-0.150
22.040	29.050	-0.151
22.060	27.573	-0.156
22.080	25.784	-0.150
22.100	23.603	-0.145
22.120	21.079	-0.141
22.140	18.264	-0.131
22.160	15.198	-0.124
22.180	12.002	-0.106
22.200	8.473	-0.099
22.220	4.912	-0.081
22.240	1.292	-0.070
22.260	-2.377	-0.054
22.280	-5.900	-0.033
22.300	-9.542	-0.016
22.320	-12.850	0.003
22.340	-16.154	0.014
22.360	-19.161	0.037
22.380	-21.906	0.046
22.400	-24.237	0.069
22.420	-26.337	0.075
22.440	-28.083	0.096
22.460	-29.415	0.101
22.480	-30.317	0.123
22.500	-30.752	0.119
22.520	-30.811	0.134
22.540	-30.468	0.133
22.560	-29.656	0.141
22.580	-28.475	0.137
22.600	-26.788	0.138
22.620	-24.780	0.133
22.640	-22.432	0.132
22.660	-19.758	0.122
22.680	-16.873	0.113
22.700	-13.624	0.103
22.720	-10.245	0.091
22.740	-6.813	0.073
22.760	-3.107	0.064
22.780	0.567	0.050
22.800	4.106	0.031
22.820	7.785	0.013
22.840	11.271	0.000
22.860	14.510	-0.020
22.880	17.631	-0.033
22.900	20.520	-0.054
22.920	23.168	-0.066
22.940	25.403	-0.085
22.960	27.293	-0.090
22.980	28.792	-0.109
23.000	29.866	-0.109
23.020	30.564	-0.128
23.040	30.833	-0.127
23.060	30.661	-0.138
23.080	30.049	-0.137
23.100	29.028	-0.146
23.120	27.583	-0.139
23.140	25.800	-0.139
23.160	23.619	-0.130
23.180	21.090	-0.130
23.200	18.275	-0.121
23.220	15.224	-0.110
23.240	11.932	-0.098
23.260	8.489	-0.085
23.280	5.014	-0.072
23.300	1.302	-0.054
23.320	-2.371	-0.042
23.340	-5.895	-0.019
23.360	-9.536	-0.007
23.380	-12.936	0.012
23.400	-16.137	0.027
23.420	-19.097	0.046
23.440	-21.895	0.062
23.460	-24.302	0.077
23.480	-26.348	0.087
23.500	-28.115	0.101
23.520	-29.404	0.112
23.540	-30.317	0.125
23.560	-30.758	0.132
23.580	-30.811	0.144
23.600	-30.457	0.149
23.620	-29.667	0.149
23.640	-28.432	0.148
23.660	-26.847	0.147
23.680	-24.785	0.144
23.700	-22.513	0.141
23.720	-19.752	0.134
23.740	-16.895	0.120
23.760	-13.651	0.109
23.780	-10.353	0.098
23.800	-6.733	0.083
23.820	-3.113	0.073
23.840	0.459	0.054
23.860	4.192	0.040
23.880	7.689	0.021
23.900	11.260	0.008
23.920	14.574	-0.012
23.940	17.690	-0.025
23.960	20.552	-0.047
23.980	23.168	-0.061
24.000	25.392	-0.073
24.020	27.245	-0.089
24.040	28.781	-0.103
24.060	29.877	-0.112
24.080	30.564	-0.122
24.100	30.833	-0.129
24.120	30.661	-0.134
24.140	30.059	-0.138
24.160	29.076	-0.141
24.180	27.615	-0.141
24.200	25.816	-0.137
24.220	23.630	-0.136
24.240	21.111	-0.129
24.260	18.372	-0.123
24.280	15.240	-0.108
24.300	12.034	-0.099
24.320	8.527	-0.089
24.340	4.955	-0.074
24.360	1.340	-0.059
24.380	-2.328	-0.047
24.400	-5.846	-0.027
24.420	-9.499	-0.012
24.440	-12.899	0.010
24.460	-16.094	0.025
24.480	-19.059	0.043
24.500	-21.852	0.055
24.520	-24.210	0.071
24.540	-26.353	0.083
24.560	-28.083	0.103
24.580	-29.388	0.108
24.600	-30.306	0.124
24.620	-30.731	0.125
24.640	-30.806	0.136
24.660	-30.451	0.133
24.680	-29.656	0.143
24.700	-28.427	0.143
24.720	-26.842	0.140
24.740	-24.796	0.134
24.760	-22.508	0.134
24.780	-19.768	0.122
24.800	-16.900	0.115
24.820	-13.656	0.100
24.840	-10.272	0.089
24.860	-6.845	0.074
24.880	-3.123	0.061
24.900	0.422	0.045
24.920	4.171	0.028
24.940	7.753	0.012
24.960	11.244	-0.003
24.980	14.558	-0.018
25.000	17.598	-0.041
25.020	20.542	-0.053
25.040	23.147	-0.073
25.060	25.381	-0.085
25.080	27.229	-0.099
25.100	28.733	-0.113
25.120	29.861	-0.123
25.140	30.559	-0.134
25.160	30.827	-0.138
25.180	30.661	-0.150
25.200	30.059	-0.150
25.220	29.044	-0.153
25.240	27.626	-0.154
25.260	25.822	-0.152
25.280	23.705	-0.146
25.300	21.138	-0.142
25.320	18.393	-0.131
25.340	15.267	-0.123
25.360	12.072	-0.112
25.380	8.548	-0.098
25.400	4.992	-0.087
25.420	1.367	-0.069
25.440	-2.302	-0.056
25.460	-5.922	-0.037
25.480	-9.461	-0.020
25.500	-12.856	-0.004
25.520	-16.084	0.014
25.540	-19.038	0.032
25.560	-21.847	0.045
25.580	-24.259	0.063
25.600	-26.283	0.073
25.620	-28.067	0.093
25.640	-29.383	0.094
25.660	-30.290	0.116
25.680	-30.736	0.116
25.700	-30.801	0.131
25.720	-30.441	0.130
25.740	-29.640	0.137
25.760	-28.432	0.133
25.780	-26.831	0.137
25.800	-24.812	0.128
25.820	-22.529	0.129
25.840	-19.801	0.116
25.860	-16.841	0.109
25.880	-13.758	0.096
25.900	-10.299	0.083
25.920	-6.776	0.072
25.940	-3.156	0.060
25.960	0.508	0.041
25.980	4.047	0.029
26.000	7.716	0.011
26.020	11.207	-0.003
26.040	14.526	-0.025
26.060	17.652	-0.037
26.080	20.531	-0.057
26.100	23.072	-0.070
26.120	25.360	-0.088
26.140	27.213	-0.095
26.160	28.727	-0.112
26.180	29.866	-0.121
26.200	30.564	-0.132
26.220	30.833	-0.134
26.240	30.666	-0.142
26.260	30.059	-0.143
26.280	29.050	-0.150
26.300	27.664	-0.149
26.320	25.838	-0.145
26.340	23.727	-0.140
26.360	21.143	-0.136
26.380	18.345	-0.131
26.400	15.283	-0.118
26.420	12.082	-0.105
26.440	8.564	-0.094
26.460	5.009	-0.077
26.480	1.383	-0.069
26.500	-2.285	-0.045
26.520	-5.916	-0.033
26.540	-9.461	-0.015
26.560	-12.786	0.004
26.580	-16.078	0.021
26.600	-19.011	0.035
26.620	-21.772	0.051
26.640	-24.269	0.068
26.660	-26.289	0.083
26.680	-28.072	0.096
26.700	-29.393	0.108
26.720	-30.296	0.119
26.740	-30.758	0.125
26.760	-30.833	0.136
26.780	-30.462	0.142
26.800	-29.705	0.145
26.820	-28.475	0.142
26.840	-26.842	0.143
26.860	-24.839	0.139
26.880	-22.486	0.137
26.900	-19.817	0.125
26.920	-16.879	0.117
26.940	-13.790	0.106
26.960	-10.342	0.093
26.980	-6.808	0.084
27.000	-3.284	0.067
27.020	0.465	0.056
27.040	4.015	0.037
27.060	7.678	0.022
27.080	11.169	0.003
27.100	14.499	-0.011
27.120	17.636	-0.031
27.140	20.515	-0.042
27.160	23.055	-0.061
27.180	25.306	-0.072
27.200	27.191	-0.088
27.220	28.722	-0.102
27.240	29.866	-0.112
27.260	30.564	-0.117
27.280	30.827	-0.124
27.300	30.672	-0.135
27.320	30.065	-0.138
27.340	29.087	-0.139
27.360	27.632	-0.140
27.380	25.843	-0.137
27.400	23.684	-0.132
27.420	21.154	-0.129
27.440	18.356	-0.118
27.460	15.310	-0.110
27.480	12.018	-0.099
27.500	8.575	-0.083
27.520	5.111	-0.074
27.540	1.410	-0.058
27.560	-2.248	-0.042
27.580	-5.782	-0.020
27.600	-9.434	-0.007
27.620	-12.834	0.011
27.640	-15.966	0.024
27.660	-19.065	0.045
27.680	-21.825	0.056
27.700	-24.232	0.075
27.720	-26.273	0.084
27.740	-28.051	0.101
27.760	-29.377	0.109
27.780	-30.280	0.125
27.800	-30.741	0.129
27.820	-30.827	0.142
27.840	-30.457	0.144
27.860	-29.705	0.147
27.880	-28.469	0.145
27.900	-26.901	0.148
27.920	-24.844	0.138
27.940	-22.491	0.137
27.960	-19.897	0.122
27.980	-16.884	0.119
28.000	-13.812	0.103
28.020	-10.353	0.094
28.040	-6.824	0.081
28.060	-3.295	0.068
28.080	0.448	0.051
28.100	4.015	0.033
28.120	7.678	0.016
28.140	11.148	0.004
28.160	14.494	-0.016
28.180	17.539	-0.029
28.200	20.488	-0.051
28.220	23.104	-0.066
28.240	25.333	-0.082
28.260	27.250	-0.088
28.280	28.700	-0.109
28.300	29.861	-0.114
28.320	30.543	-0.132
28.340	30.833	-0.132
28.360	30.677	-0.142
28.380	30.102	-0.146
28.400	29.103	-0.151
28.420	27.691	-0.148
28.440	25.859	-0.145
28.460	23.754	-0.144
28.480	21.197	-0.134
28.500	18.383	-0.130
28.520	15.332	-0.118
28.540	12.120	-0.105
28.560	8.688	-0.095
28.580	5.068	-0.080
28.600	1.517	-0.067
28.620	-2.221	-0.052
28.640	-5.760	-0.035
28.660	-9.391	-0.017
28.680	-12.802	-0.003
28.700	-15.949	0.017
28.720	-19.038	0.032
28.740	-21.793	0.049
28.760	-24.216	0.062
28.780	-26.246	0.076
28.800	-28.029	0.089
28.820	-29.356	0.103
28.840	-30.258	0.112
28.860	-30.731	0.120
28.880	-30.817	0.128
28.900	-30.446	0.129
28.920	-29.689	0.136
28.940	-28.459	0.136
28.960	-26.896	0.137
28.980	-24.855	0.128
29.000	-22.529	0.126
29.020	-19.924	0.118
29.040	-16.911	0.109
29.060	-13.833	0.096
29.080	-10.374	0.083
29.100	-6.948	0.070
29.120	-3.231	0.058
29.140	0.432	0.041
29.160	3.983	0.027
29.180	7.646	0.011
29.200	11.137	-0.007
29.220	14.467	-0.028
29.240	17.518	-0.041
29.260	20.402	-0.058
29.280	23.012	-0.078
29.300	25.268	-0.089
29.320	27.234	-0.105
29.340	28.700	-0.114
29.360	29.861	-0.124
29.380	30.553	-0.135
29.400	30.827	-0.140
29.420	30.672	-0.145
29.440	30.075	-0.152
29.460	29.071	-0.151
29.480	27.648	-0.153
29.500	25.881	-0.151
29.520	23.711	-0.142
29.540	21.202	-0.143
29.560	18.469	-0.128
29.580	15.353	-0.127
29.600	12.072	-0.107
29.620	8.634	-0.096
29.640	5.078	-0.085
29.660	1.544	-0.068
29.680	-2.199	-0.054
29.700	-5.728	-0.036
29.720	-9.397	-0.017
29.740	-12.797	-0.002
29.760	-15.939	0.017
29.780	-19.049	0.032
29.800	-21.815	0.048
29.820	-24.226	0.063
29.840	-26.289	0.074
29.860	-28.072	0.090
29.880	-29.372	0.100
29.900	-30.317	0.120
29.920	-30.758	0.119
29.940	-30.833	0.131
29.960	-30.494	0.131
29.980	-29.737	0.141
30.000	-28.534	0.136
30.020	-26.933	0.139
30.040	-24.914	0.130
30.060	-22.577	0.132
30.080	-19.903	0.118
30.100	-16.965	0.116
30.120	-13.796	0.101
30.140	-10.525	0.091
30.160	-6.926	0.071
30.180	-3.295	0.063
30.200	0.287	0.045
30.220	4.026	0.032
30.240	7.603	0.017
30.260	11.008	0.001
30.280	14.440	-0.018
30.300	17.491	-0.034
30.320	20.434	-0.055
30.340	23.061	-0.063
30.360	25.252	-0.085
30.380	27.202	-0.097
30.400	28.722	-0.108
30.420	29.855	-0.119
30.440	30.548	-0.128
30.460	30.827	-0.132
30.480	30.682	-0.141
30.500	30.113	-0.141
30.520	29.082	-0.143
30.540	27.675	-0.147
30.560	25.891	-0.137
30.580	23.786	-0.136
30.600	21.272	-0.129
30.620	18.485	-0.118
30.640	15.445	-0.113
30.660	12.066	-0.102
30.680	8.731	-0.087
30.700	5.089	-0.079
30.720	1.458	-0.057
30.740	-2.108	-0.040
30.760	-5.836	-0.023
30.780	-9.391	-0.005
30.800	-12.802	0.011
30.820	-15.944	0.029
30.840	-19.054	0.046
30.860	-21.734	0.062
30.880	-24.253	0.079
30.900	-26.278	0.087
30.920	-28.077	0.100
30.940	-29.399	0.118
30.960	-30.317	0.125
30.980	-30.763	0.133
31.000	-30.865	0.144
31.020	-30.510	0.148
31.040	-29.753	0.154
31.060	-28.539	0.149
31.080	-26.923	0.152
31.100	-24.951	0.145
31.120	-22.604	0.145
31.140	-19.978	0.127
31.160	-16.981	0.126
31.180	-13.903	0.111
31.200	-10.444	0.100
31.220	-6.931	0.087
31.240	-3.392	0.074
31.260	0.357	0.056
31.280	3.999	0.044
31.300	7.576	0.027
31.320	10.992	0.007
31.340	14.413	-0.008
31.360	17.539	-0.025
31.380	20.434	-0.043
31.400	23.039	-0.056
31.420	25.236	-0.073
31.440	27.191	-0.084
31.460	28.722	-0.099
31.480	29.850	-0.110
31.500	30.532	-0.116
31.520	30.838	-0.127
31.540	30.682	-0.132
31.560	30.118	-0.137
31.580	29.098	-0.136
31.600	27.707	-0.144
31.620	25.907	-0.133
31.640	23.743	-0.133
31.660	21.224	-0.127
31.680	18.436	-0.118
31.700	15.385	-0.113
31.720	12.104	-0.096
31.740	8.763	-0.085
31.760	5.121	-0.074
31.780	1.485	-0.058
31.800	-2.162	-0.041
31.820	-5.793	-0.026
31.840	-9.359	-0.012
31.860	-12.770	0.009
31.880	-15.896	0.024
31.900	-19.022	0.042
31.920	-21.664	0.057
31.940	-24.194	0.069
31.960	-26.300	0.084
31.980	-28.034	0.099
32.000	-29.372	0.106
32.020	-30.301	0.123
32.040	-30.763	0.124
32.060	-30.865	0.136
32.080	-30.500	0.138
32.100	-29.721	0.148
32.120	-28.512	0.137
32.140	-26.896	0.145
32.160	-24.919	0.131
32.180	-22.599	0.137
32.200	-19.994	0.117
32.220	-16.991	0.116
32.240	-13.828	0.102
32.260	-10.466	0.093
32.280	-6.931	0.076
32.300	-3.317	0.062
32.320	0.341	0.048
32.340	3.913	0.032
32.360	7.571	0.020
32.380	10.987	-0.003
32.400	14.322	-0.014
32.420	17.448	-0.041
32.440	20.413	-0.052
32.460	23.034	-0.070
32.480	25.225	-0.083
32.500	27.191	-0.100
32.520	28.711	-0.109
32.540	29.839	-0.124
32.560	30.548	-0.129
32.580	30.822	-0.138
32.600	30.682	-0.148
32.620	30.113	-0.142
32.640	29.135	-0.159
32.660	27.696	-0.145
32.680	25.918	-0.154
32.700	23.818	-0.142
32.720	21.251	-0.143
32.740	18.458	-0.128
32.760	15.412	-0.124
32.780	12.227	-0.111
32.800	8.704	-0.098
32.820	5.143	-0.087
32.840	1.614	-0.073
32.860	-2.135	-0.058
32.880	-5.734	-0.039
32.900	-9.311	-0.023
32.920	-12.727	-0.004
32.940	-15.864	0.009
32.960	-18.979	0.032
32.980	-21.718	0.047
33.000	-24.092	0.064
33.020	-26.278	0.071
33.040	-28.013	0.088
33.060	-29.340	0.098
33.080	-30.269	0.112
33.100	-30.747	0.116
33.120	-30.833	0.128
33.140	-30.484	0.126
33.160	-29.721	0.136
33.180	-28.512	0.133
33.200	-26.912	0.135
33.220	-24.930	0.125
33.240	-22.610	0.125
33.260	-20.005	0.114
33.280	-17.008	0.108
33.300	-13.855	0.098
33.320	-10.546	0.086
33.340	-6.964	0.071
33.360	-3.424	0.060
33.380	0.320	0.042
33.400	3.886	0.032
33.420	7.549	0.009
33.440	11.051	-0.000
33.460	14.386	-0.026
33.480	17.502	-0.036
33.500	20.327	-0.058
33.520	23.007	-0.062
33.540	25.209	-0.090
33.560	27.186	-0.093
33.580	28.700	-0.115
33.600	29.834	-0.119
33.620	30.548	-0.132
33.640	30.827	-0.137
33.660	30.677	-0.142
33.680	30.118	-0.145
33.700	29.109	-0.148
33.720	27.750	-0.151
33.740	25.972	-0.141
33.760	23.834	-0.142
33.780	21.278	-0.137
33.800	18.479	-0.129
33.820	15.520	-0.116
33.840	12.141	-0.106
33.860	8.736	-0.095
33.880	5.164	-0.082
33.900	1.539	-0.069
33.920	-2.033	-0.047
33.940	-5.750	-0.033
33.960	-9.230	-0.013
33.980	-12.727	-0.000
34.000	-15.874	0.023
34.020	-18.914	0.032
34.040	-21.675	0.058
34.060	-24.130	0.062
34.080	-26.283	0.081
34.100	-28.002	0.091
34.120	-29.383	0.108
34.140	-30.290	0.115
34.160	-30.774	0.125
34.180	-30.865	0.136
34.200	-30.527	0.141
34.220	-29.791	0.142
34.240	-28.566	0.140
34.260	-26.955	0.145
34.280	-25.027	0.139
34.300	-22.658	0.137
34.320	-20.048	0.120
34.340	-17.061	0.120
34.360	-13.898	0.104
34.380	-10.605	0.098
34.400	-7.001	0.080
34.420	-3.467	0.071
34.440	0.266	0.050
34.460	3.924	0.041
34.480	7.442	0.024
34.500	11.013	0.009
34.520	14.344	-0.012
34.540	17.480	-0.030
34.560	20.311	-0.043
34.580	23.002	-0.061
34.600	25.252	-0.075
34.620	27.170	-0.091
34.640	28.684	-0.097
34.660	29.796	-0.114
34.680	30.548	-0.114
34.700	30.822	-0.132
34.720	30.682	-0.128
34.740	30.118	-0.141
34.760	29.146	-0.141
34.780	27.701	-0.142
34.800	25.945	-0.140
34.820	23.791	-0.128
34.840	21.347	-0.124
34.860	18.506	-0.115
34.880	15.455	-0.110
34.900	12.168	-0.093
34.920	8.822	-0.085
34.940	5.180	-0.068
34.960	1.560	-0.060
34.980	-2.006	-0.038
35.000	-5.723	-0.024
35.020	-9.193	-0.004
35.040	-12.700	0.010
35.060	-15.923	0.028
35.080	-18.898	0.043
35.100	-21.723	0.058
35.120	-24.151	0.079
35.140	-26.273	0.088
35.160	-27.970	0.102
35.180	-29.340	0.110
35.200	-30.263	0.130
35.220	-30.758	0.129
35.240	-30.886	0.144
35.260	-30.510	0.142
35.280	-29.748	0.151
35.300	-28.588	0.145
35.320	-26.966	0.153
35.340	-24.957	0.142
35.360	-22.717	0.145
35.380	-19.999	0.125
35.400	-17.051	0.123
35.420	-13.973	0.108
35.440	-10.525	0.101
35.460	-7.023	0.085
35.480	-3.483	0.069
35.500	0.255	0.049
35.520	3.907	0.039
35.540	7.415	0.024
35.560	11.008	0.008
35.580	14.333	-0.014
35.600	17.453	-0.026
35.620	20.284	-0.047
35.640	22.991	-0.057
35.660	25.236	-0.073
35.680	27.116	-0.090
35.700	28.684	-0.099
35.720	29.802	-0.112
35.740	30.532	-0.123
35.760	30.827	-0.125
35.780	30.688	-0.137
35.800	30.129	-0.134
35.820	29.168	-0.141
35.840	27.728	-0.140
35.860	25.961	-0.141
35.880	23.807	-0.134
35.900	21.374	-0.128
35.920	18.592	-0.121
35.940	15.477	-0.113
35.960	12.206	-0.099
35.980	8.774	-0.093
36.000	5.309	-0.072
36.020	1.598	-0.062
36.040	-2.060	-0.042
36.060	-5.578	-0.029
36.080	-9.246	-0.010
36.100	-12.668	0.001
36.120	-15.810	0.021
36.140	-18.920	0.039
36.160	-21.686	0.053
36.180	-24.065	0.067
36.200	-26.235	0.082
36.220	-27.991	0.094
36.240	-29.291	0.105
36.260	-30.258	0.119
36.280	-30.741	0.123
36.300	-30.849	0.135
36.320	-30.521	0.136
36.340	-29.737	0.142
36.360	-28.577	0.136
36.380	-26.933	0.142
36.400	-24.973	0.132
36.420	-22.647	0.131
36.440	-20.010	0.122
36.460	-17.136	0.117
36.480	-13.914	0.102
36.500	-10.621	0.094
36.520	-7.023	0.076
36.540	-3.408	0.061
36.560	0.244	0.046
36.580	3.897	0.032
36.600	7.393	0.016
36.620	10.976	-0.001
36.640	14.241	-0.019
36.660	17.448	-0.039
36.680	20.332	-0.053
36.700	22.964	-0.073
36.720	25.172	-0.082
36.740	27.105	-0.101
36.760	28.663	-0.110
36.780	29.796	-0.124
36.800	30.527	-0.129
36.820	30.833	-0.142
36.840	30.688	-0.143
36.860	30.113	-0.145
36.880	29.168	-0.149
36.900	27.750	-0.150
36.920	26.020	-0.149
36.940	23.834	-0.142
36.960	21.337	-0.138
36.980	18.538	-0.127
37.000	15.584	-0.124
37.020	12.302	-0.106
37.040	8.795	-0.100
37.060	5.347	-0.077
37.080	1.619	-0.070
37.100	-1.942	-0.049
37.120	-5.648	-0.034
37.140	-9.225	-0.020
37.160	-12.566	-0.000
37.180	-15.869	0.013
37.200	-18.909	0.038
37.220	-21.659	0.045
37.240	-24.038	0.067
37.260	-26.171	0.074
37.280	-27.981	0.096
37.300	-29.329	0.103
37.320	-30.237	0.122
37.340	-30.736	0.122
37.360	-30.844	0.135
37.380	-30.516	0.131
37.400	-29.775	0.142
37.420	-28.572	0.137
37.440	-27.003	0.145
37.460	-24.989	0.132
37.480	-22.690	0.134
37.500	-20.031	0.122
37.520	-17.104	0.116
37.540	-13.951	0.104
37.560	-10.664	0.093
37.580	-7.066	0.080
37.600	-3.451	0.065
37.620	0.115	0.051
37.640	3.848	0.032
37.660	7.452	0.017
37.680	10.944	0.004
37.700	14.198	-0.013
37.720	17.421	-0.032
37.740	20.316	-0.047
37.760	22.878	-0.066
37.780	25.204	-0.080
37.800	27.127	-0.089
37.820	28.657	-0.110
37.840	29.791	-0.107
37.860	30.510	-0.132
37.880	30.827	-0.124
37.900	30.688	-0.145
37.920	30.118	-0.134
37.940	29.135	-0.150
37.960	27.744	-0.140
37.980	25.972	-0.147
38.000	23.840	-0.130
38.020	21.406	-0.133
38.040	18.619	-0.121
38.060	15.590	-0.110
38.080	12.319	-0.102
38.100	8.806	-0.085
38.120	5.347	-0.081
38.140	1.625	-0.058
38.160	-1.931	-0.049
38.180	-5.658	-0.025
38.200	-9.230	-0.013
38.220	-12.652	0.010
38.240	-15.799	0.024
38.260	-18.909	0.039
38.280	-21.680	0.058
38.300	-24.060	0.071
38.320	-26.240	0.088
38.340	-28.002	0.100
38.360	-29.366	0.112
38.380	-30.301	0.123
38.400	-30.763	0.131
38.420	-30.849	0.137
38.440	-30.559	0.144
38.460	-29.796	0.149
38.480	-28.631	0.150
38.500	-26.971	0.151
38.520	-25.080	0.147
38.540	-22.696	0.138
38.560	-20.080	0.135
38.580	-17.206	0.123
38.600	-13.973	0.116
38.620	-10.686	0.098
38.640	-7.087	0.084
38.660	-3.478	0.075
38.680	0.083	0.055
38.700	3.827	0.046
38.720	7.420	0.025
38.740	10.917	0.013
38.760	14.182	-0.009
38.780	17.400	-0.022
38.800	20.295	-0.044
38.820	22.927	-0.058
38.840	25.188	-0.070
38.860	27.062	-0.081
38.880	28.652	-0.092
38.900	29.791	-0.108
38.920	30.505	-0.116
38.940	30.822	-0.128
38.960	30.698	-0.128
38.980	30.118	-0.140
39.000	29.178	-0.132
39.020	27.809	-0.145
39.040	25.999	-0.132
39.060	23.861	-0.131
39.080	21.412	-0.124
39.100	18.635	-0.121
39.120	15.531	-0.105
39.140	12.270	-0.094
39.160	8.827	-0.087
39.180	5.374	-0.070
39.200	1.662	-0.058
39.220	-1.904	-0.040
39.240	-5.524	-0.026
39.260	-9.177	-0.009
39.280	-12.512	0.005
39.300	-15.853	0.023
39.320	-18.785	0.039
39.340	-21.627	0.058
39.360	-24.081	0.075
39.380	-26.203	0.083
39.400	-27.991	0.100
39.420	-29.281	0.107
39.440	-30.253	0.125
39.460	-30.720	0.125
39.480	-30.870	0.140
39.500	-30.521	0.136
39.520	-29.759	0.148
39.540	-28.625	0.141
39.560	-26.976	0.148
39.580	-25.010	0.135
39.600	-22.701	0.137
39.620	-20.053	0.123
39.640	-17.222	0.117
39.660	-13.994	0.105
39.680	-10.611	0.093
39.700	-7.184	0.080
39.720	-3.494	0.066
39.740	0.078	0.050
39.760	3.811	0.034
39.780	7.409	0.016
39.800	10.901	0.001
39.820	14.172	-0.012
39.840	17.384	-0.037
39.860	20.268	-0.049
39.880	22.862	-0.067
39.900	25.182	-0.082
39.920	27.116	-0.093
39.940	28.647	-0.112
39.960	29.769	-0.112
39.980	30.500	-0.134
40.000	30.822	-0.129
40.020	30.704	-0.149
40.040	30.124	-0.139
40.060	29.157	-0.157
40.080	27.755	-0.145
40.100	26.052	-0.151
40.120	23.926	-0.141
40.140	21.444	-0.142
40.160	18.603	-0.129
40.180	15.568	-0.124
40.200	12.378	-0.106
40.220	8.881	-0.099
40.240	5.320	-0.087
40.260	1.684	-0.069
40.280	-1.866	-0.058
40.300	-5.583	-0.041
40.320	-9.155	-0.025
40.340	-12.560	-0.002
40.360	-15.804	0.012
40.380	-18.764	0.026
40.400	-21.605	0.046
40.420	-23.985	0.060
40.440	-26.171	0.072
40.460	-27.884	0.086
40.480	-29.286	0.098
40.500	-30.247	0.113
40.520	-30.720	0.117
40.540	-30.833	0.125
40.560	-30.494	0.131
40.580	-29.780	0.132
40.600	-28.588	0.133
40.620	-27.025	0.131
40.640	-25.021	0.127
40.660	-22.776	0.121
40.680	-20.064	0.119
40.700	-17.142	0.107
40.720	-14.059	0.100
40.740	-10.632	0.082
40.760	-7.211	0.073
40.780	-3.515	0.058
40.800	0.062	0.043
40.820	3.800	0.028
40.840	7.297	0.014
40.860	10.799	-0.001
40.880	14.150	-0.021
40.900	17.298	-0.037
40.920	20.257	-0.057
40.940	22.889	-0.071
40.960	25.161	-0.085
40.980	27.057	-0.099
41.000	28.631	-0.109
41.020	29.775	-0.121
41.040	30.505	-0.135
41.060	30.822	-0.139
41.080	30.709	-0.141
41.100	30.135	-0.148
41.120	29.195	-0.145
41.140	27.766	-0.153
41.160	26.069	-0.144
41.180	23.947	-0.145
41.200	21.396	-0.137
41.220	18.614	-0.132
41.240	15.590	-0.118
41.260	12.394	-0.108
41.280	8.897	-0.096
41.300	5.336	-0.081
41.320	1.711	-0.068
41.340	-1.942	-0.052
41.360	-5.573	-0.036
41.380	-9.155	-0.016
41.400	-12.474	0.000
41.420	-15.799	0.017
41.440	-18.780	0.033
41.460	-21.600	0.052
41.480	-24.006	0.063
41.500	-26.176	0.076
41.520	-27.954	0.094
41.540	-29.297	0.104
41.560	-30.280	0.118
41.580	-30.763	0.122
41.600	-30.844	0.135
41.620	-30.548	0.138
41.640	-29.812	0.142
41.660	-28.674	0.139
41.680	-27.035	0.143
41.700	-25.134	0.133
41.720	-22.765	0.134
41.740	-20.117	0.123
41.760	-17.276	0.114
41.780	-14.059	0.105
41.800	-10.664	0.095
41.820	-7.270	0.077
41.840	-3.558	0.067
41.860	0.013	0.054
41.880	3.757	0.040
41.900	7.345	0.019
41.920	10.842	0.006
41.940	14.188	-0.011
41.960	17.265	-0.030
41.980	20.236	-0.045
42.000	22.814	-0.062
42.020	25.145	-0.080
42.040	27.035	-0.090
42.060	28.620	-0.107
42.080	29.785	-0.108
42.100	30.516	-0.127
42.120	30.827	-0.121
42.140	30.704	-0.141
42.160	30.151	-0.128
42.180	29.168	-0.145
42.200	27.820	-0.136
42.220	26.079	-0.140
42.240	23.899	-0.131
42.260	21.406	-0.128
42.280	18.705	-0.120
42.300	15.606	-0.108
42.320	12.324	-0.099
42.340	8.983	-0.084
42.360	5.352	-0.074
42.380	1.732	-0.056
42.400	-1.829	-0.041
42.420	-5.562	-0.027
42.440	-9.053	-0.010
42.460	-12.517	0.010
42.480	-15.708	0.025
42.500	-18.812	0.045
42.520	-21.594	0.061
42.540	-23.979	0.072
42.560	-26.122	0.096
42.580	-27.927	0.101
42.600	-29.323	0.116
42.620	-30.274	0.125
42.640	-30.752	0.136
42.660	-30.860	0.142
42.680	-30.521	0.153
42.700	-29.812	0.149
42.720	-28.641	0.153
42.740	-27.035	0.149
42.760	-25.086	0.150
42.780	-22.824	0.139
42.800	-20.139	0.134
42.820	-17.196	0.123
42.840	-14.134	0.111
42.860	-10.691	0.099
42.880	-7.275	0.086
42.900	-3.585	0.070
42.920	-0.003	0.062
42.940	3.650	0.040
42.960	7.329	0.025
42.980	10.756	0.004
43.000	14.166	-0.006
43.020	17.244	-0.029
43.040	20.219	-0.045
43.060	22.867	-0.060
43.080	25.134	-0.074
43.100	27.030	-0.089
43.120	28.620	-0.100
43.140	29.780	-0.113
43.160	30.510	-0.120
43.180	30.822	-0.129
43.200	30.693	-0.132
43.220	30.156	-0.140
43.240	29.178	-0.141
43.260	27.836	-0.142
43.280	26.095	-0.134
43.300	23.926	-0.136
43.320	21.423	-0.129
43.340	18.662	-0.124
43.360	15.622	-0.112
43.380	12.453	-0.103
43.400	9.031	-0.090
43.420	5.487	-0.078
43.440	1.781	-0.060
43.460	-1.883	-0.050
43.480	-5.513	-0.031
43.500	-9.107	-0.013
43.520	-12.410	0.004
43.540	-15.735	0.017
43.560	-18.769	0.037
43.580	-21.487	0.050
43.600	-24.011	0.068
43.620	-26.128	0.080
43.640	-27.916	0.097
43.660	-29.238	0.105
43.680	-30.199	0.121
43.700	-30.736	0.120
43.720	-30.844	0.131
43.740	-30.521	0.136
43.760	-29.775	0.140
43.780	-28.620	0.136
43.800	-27.041	0.141
43.820	-25.123	0.130
43.840	-22.765	0.133
43.860	-20.187	0.117
43.880	-17.212	0.115
43.900	-14.064	0.098
43.920	-10.697	0.091
43.940	-7.286	0.071
43.960	-3.585	0.066
43.980	-0.019	0.046
44.000	3.644	0.031
44.020	7.221	0.011
44.040	10.740	0.000
44.060	14.166	-0.020
44.080	17.228	-0.036
44.100	20.203	-0.059
44.120	22.846	-0.071
44.140	25.118	-0.087
44.160	27.057	-0.094
44.180	28.577	-0.112
44.200	29.775	-0.125
44.220	30.505	-0.134
44.240	30.833	-0.140
44.260	30.693	-0.149
44.280	30.172	-0.149
44.300	29.184	-0.152
44.320	27.863	-0.155
44.340	26.052	-0.148
44.360	23.990	-0.145
44.380	21.449	-0.142
44.400	18.678	-0.133
44.420	15.649	-0.128
44.440	12.469	-0.108
44.460	8.962	-0.106
44.480	5.417	-0.086
44.500	1.893	-0.078
44.520	-1.861	-0.054
44.540	-5.492	-0.044
44.560	-9.058	-0.020
44.580	-12.480	-0.008
44.600	-15.649	0.012
44.620	-18.769	0.026
44.640	-21.535	0.046
44.660	-23.990	0.062
44.680	-26.063	0.073
44.700	-27.879	0.089
44.720	-29.232	0.100
44.740	-30.220	0.112
44.760	-30.704	0.119
44.780	-30.844	0.130
44.800	-30.527	0.131
44.820	-29.791	0.137
44.840	-28.609	0.134
44.860	-27.035	0.137
44.880	-25.080	0.132
44.900	-22.771	0.130
44.920	-20.144	0.117
44.940	-17.303	0.113
44.960	-14.096	0.100
44.980	-10.729	0.089
45.000	-7.227	0.075
45.020	-3.612	0.062
45.040	-0.046	0.050
45.060	3.612	0.031
45.080	7.281	0.017
45.100	10.691	-0.001
45.120	14.150	-0.015
45.140	17.287	-0.034
45.160	20.123	-0.050
45.180	22.824	-0.070
45.200	25.102	-0.083
45.220	27.052	-0.095
45.240	28.561	-0.104
45.260	29.780	-0.118
45.280	30.500	-0.131
45.300	30.827	-0.131
45.320	30.704	-0.142
45.340	30.177	-0.138
45.360	29.195	-0.149
45.380	27.863	-0.147
45.400	26.074	-0.145
45.420	23.942	-0.140
45.440	21.466	-0.135
45.460	18.689	-0.122
45.480	15.676	-0.117
45.500	12.388	-0.102
45.520	9.069	-0.088
45.540	5.427	-0.077
45.560	1.888	-0.068
45.580	-1.856	-0.050
45.600	-5.411	-0.025
45.620	-9.064	-0.015
45.640	-12.399	0.006
45.660	-15.735	0.020
45.680	-18.764	0.042
45.700	-21.498	0.056
45.720	-24.017	0.073
45.740	-26.106	0.082
45.760	-27.932	0.099
45.780	-29.302	0.111
45.800	-30.237	0.125
45.820	-30.758	0.129
45.840	-30.860	0.139
45.860	-30.580	0.143
45.880	-29.844	0.148
45.900	-28.674	0.147
45.920	-27.137	0.148
45.940	-25.134	0.140
45.960	-22.835	0.140
45.980	-20.268	0.129
46.000	-17.276	0.125
46.020	-14.231	0.110
46.040	-10.799	0.099
46.060	-7.275	0.083
46.080	-3.650	0.074
46.100	-0.089	0.058
46.120	3.660	0.042
46.140	7.146	0.024
46.160	10.745	0.009
46.180	14.113	-0.005
46.200	17.174	-0.025
46.220	20.091	-0.041
46.240	22.814	-0.059
46.260	25.086	-0.070
46.280	26.987	-0.083
46.300	28.582	-0.099
46.320	29.764	-0.109
46.340	30.500	-0.119
46.360	30.822	-0.127
46.380	30.698	-0.132
46.400	30.177	-0.136
46.420	29.195	-0.138
46.440	27.825	-0.137
46.460	26.095	-0.135
46.480	23.963	-0.130
46.500	21.546	-0.128
46.520	18.710	-0.119
46.540	15.697	-0.110
46.560	12.421	-0.095
46.580	9.010	-0.087
46.600	5.454	-0.068
46.620	1.931	-0.058
46.640	-1.823	-0.040
46.660	-5.358	-0.023
46.680	-9.015	-0.012
46.700	-12.448	0.010
46.720	-15.606	0.023
46.740	-18.732	0.045
46.760	-21.514	0.062
46.780	-23.936	0.076
46.800	-26.112	0.088
46.820	-27.852	0.101
46.840	-29.275	0.109
46.860	-30.204	0.127
46.880	-30.720	0.125
46.900	-30.903	0.140
46.920	-30.543	0.141
46.940	-29.802	0.148
46.960	-28.679	0.144
46.980	-27.089	0.149
47.000	-25.166	0.139
47.020	-22.819	0.137
47.040	-20.203	0.129
47.060	-17.346	0.120
47.080	-14.129	0.112
47.100	-10.868	0.096
47.120	-7.270	0.086
47.140	-3.757	0.066
47.160	-0.003	0.055
47.180	3.639	0.039
47.200	7.135	0.021
47.220	10.745	0.005
47.240	14.096	-0.008
47.260	17.163	-0.029
47.280	20.085	-0.043
47.300	22.798	-0.062
47.320	25.032	-0.077
47.340	27.035	-0.091
47.360	28.582	-0.105
47.380	29.726	-0.112
47.400	30.484	-0.130
47.420	30.827	-0.131
47.440	30.709	-0.142
47.460	30.183	-0.138
47.480	29.216	-0.148
47.500	27.873	-0.143
47.520	26.101	-0.143
47.540	23.985	-0.138
47.560	21.509	-0.136
47.580	18.732	-0.128
47.600	15.799	-0.120
47.620	12.453	-0.108
47.640	9.042	-0.093
47.660	5.573	-0.083
47.680	1.872	-0.066
47.700	-1.786	-0.053
47.720	-5.320	-0.036
47.740	-8.978	-0.020
47.760	-12.410	0.001
47.780	-15.557	0.011
47.800	-18.689	0.033
47.820	-21.412	0.043
47.840	-23.942	0.064
47.860	-26.085	0.071
47.880	-27.798	0.091
47.900	-29.227	0.100
47.920	-30.204	0.115
47.940	-30.704	0.118
47.960	-30.844	0.127
47.980	-30.516	0.134
48.000	-29.802	0.136
48.020	-28.647	0.134
48.040	-27.073	0.136
48.060	-25.118	0.130
48.080	-22.851	0.128
48.100	-20.203	0.117
48.120	-17.351	0.108
48.140	-14.145	0.101
48.160	-10.868	0.087
48.180	-7.286	0.072
48.200	-3.752	0.058
48.220	-0.024	0.042
48.240	3.548	0.030
48.260	7.221	0.013
48.280	10.718	0.000
48.300	14.000	-0.025
48.320	17.217	-0.035
48.340	20.064	-0.059
48.360	22.781	-0.067
48.380	25.010	-0.088
48.400	26.998	-0.096
48.420	28.566	-0.113
48.440	29.716	-0.120
48.460	30.478	-0.134
48.480	30.811	-0.137
48.500	30.704	-0.145
48.520	30.188	-0.149
48.540	29.248	-0.149
48.560	27.884	-0.151
48.580	26.160	-0.145
48.600	23.995	-0.145
48.620	21.525	-0.137
48.640	18.753	-0.131
48.660	15.804	-0.119
48.680	12.474	-0.112
48.700	9.144	-0.098
48.720	5.605	-0.083
48.740	1.899	-0.071
48.760	-1.657	-0.051
48.780	-5.385	-0.037
48.800	-8.886	-0.014
48.820	-12.405	-0.002
48.840	-15.627	0.019
48.860	-18.614	0.033
48.880	-21.460	0.047
48.900	-23.872	0.061
48.920	-26.090	0.079
48.940	-27.825	0.090
48.960	-29.254	0.104
48.980	-30.204	0.116
49.000	-30.741	0.123
49.020	-30.838	0.133
49.040	-30.570	0.137
49.060	-29.855	0.140
49.080	-28.679	0.138
49.100	-27.111	0.140
49.120	-25.156	0.135
49.160	-20.322	0.123
49.180	-17.314	0.117
49.200	-14.268	0.104
49.220	-10.847	0.091
49.240	-7.350	0.078
49.260	-3.822	0.064
49.280	-0.062	0.053
49.300	3.505	0.035
49.320	7.184	0.022
49.340	10.589	0.003
49.360	14.027	-0.014
49.380	17.190	-0.033
49.400	20.037	-0.045
49.420	22.760	-0.066
49.440	25.043	-0.079
49.460	26.949	-0.094
49.480	28.550	-0.103
49.500	29.732	-0.112
49.520	30.484	-0.125
49.540	30.817	-0.128
49.560	30.720	-0.139
49.580	30.194	-0.134
49.600	29.232	-0.149
49.620	27.900	-0.141
49.640	26.176	-0.141
49.660	24.011	-0.132
49.680	21.535	-0.134
49.700	18.764	-0.116
49.720	15.831	-0.115
49.740	12.480	-0.100
49.760	9.074	-0.093
49.780	5.530	-0.078
49.800	1.995	-0.063
49.820	-1.748	-0.045
49.840	-5.385	-0.025
49.860	-8.886	-0.011
49.880	-12.399	0.013
49.900	-15.547	0.022
49.920	-18.608	0.045
49.940	-21.482	0.056
49.960	-23.942	0.077
49.980	-26.117	0.085
50.000	-27.879	0.102
50.020	-29.275	0.112
50.040	-30.204	0.125
50.060	-30.736	0.132
50.080	-30.876	0.141
50.100	-30.570	0.146
50.120	-29.866	0.149
50.140	-28.700	0.150
50.160	-27.121	0.149
50.180	-25.198	0.145
50.200	-22.900	0.144
50.220	-20.327	0.133
50.240	-17.357	0.125
50.260	-14.215	0.114
50.280	-10.927	0.102
50.300	-7.356	0.090
50.320	-3.832	0.071
50.340	-0.094	0.059
50.360	3.467	0.049
50.380	7.087	0.026
50.400	10.573	0.015
50.420	13.951	-0.008
50.440	17.169	-0.019
50.460	20.015	-0.043
50.480	22.749	-0.054
50.500	25.032	-0.074
50.520	26.992	-0.081
50.540	28.518	-0.096
50.560	29.716	-0.108
50.580	30.484	-0.122
50.600	30.817	-0.123
50.620	30.715	-0.132
50.640	30.210	-0.134
50.660	29.248	-0.133
50.680	27.922	-0.135
50.700	26.187	-0.137
50.720	24.038	-0.131
50.740	21.616	-0.128
50.760	18.780	-0.121
50.780	15.864	-0.108
50.800	12.501	-0.100
50.820	9.107	-0.090
50.840	5.653	-0.074
50.860	1.931	-0.059
50.880	-1.619	-0.043
50.900	-5.352	-0.029
50.920	-8.924	-0.011
50.940	-12.335	0.000
50.960	-15.595	0.022
50.980	-18.651	0.035
51.000	-21.433	0.055
51.020	-23.845	0.071
51.040	-26.063	0.087
51.060	-27.841	0.097
51.080	-29.221	0.108
51.100	-30.183	0.122
51.120	-30.688	0.129
51.140	-30.881	0.137
51.160	-30.559	0.138
51.180	-29.834	0.142
51.200	-28.717	0.141
51.220	-27.111	0.145
51.240	-25.172	0.137
51.260	-22.900	0.130
51.280	-20.273	0.126
51.300	-17.416	0.118
51.320	-14.231	0.105
51.340	-10.938	0.092
51.360	-7.372	0.079
51.380	-3.757	0.065
51.400	-0.110	0.049
51.420	3.542	0.037
51.440	7.157	0.019
51.460	10.637	0.004
51.480	14.010	-0.019
51.500	17.163	-0.034
51.520	20.069	-0.049
51.540	22.733	-0.065
51.560	24.962	-0.082
51.580	26.987	-0.094
51.600	28.545	-0.110
51.620	29.710	-0.120
51.640	30.484	-0.134
51.660	30.817	-0.137
51.680	30.709	-0.146
51.700	30.215	-0.147
51.720	29.248	-0.151
51.740	27.879	-0.152
51.760	26.155	-0.149
51.780	24.044	-0.141
51.800	21.643	-0.142
51.820	18.807	-0.132
51.840	15.810	-0.124
51.860	12.625	-0.111
51.880	9.139	-0.101
51.900	5.578	-0.087
51.920	1.963	-0.074
51.940	-1.582	-0.054
51.960	-5.320	-0.038
51.980	-8.806	-0.021
52.000	-12.329	-0.007
52.020	-15.563	0.011
52.040	-18.544	0.026
52.060	-21.417	0.044
52.080	-23.872	0.058
52.100	-26.036	0.075
52.120	-27.820	0.087
52.140	-29.205	0.098
52.160	-30.177	0.112
52.180	-30.704	0.118
52.200	-30.838	0.126
52.220	-30.553	0.130
52.240	-29.834	0.133
52.260	-28.684	0.134
52.280	-27.105	0.135
52.300	-25.188	0.130
52.320	-22.884	0.129
52.340	-20.279	0.114
52.360	-17.378	0.109
52.380	-14.236	0.099
52.400	-10.901	0.087
52.420	-7.393	0.075
52.440	-3.784	0.060
52.460	-0.207	0.046
52.480	3.531	0.029
52.500	7.125	0.017
52.520	10.627	0.002
52.540	13.908	-0.020
52.560	17.147	-0.037
52.580	20.064	-0.051
52.600	22.706	-0.066
52.620	25.000	-0.087
52.640	26.966	-0.092
52.660	28.523	-0.114
52.680	29.721	-0.117
52.700	30.478	-0.132
52.720	30.806	-0.132
52.740	30.720	-0.150
52.760	30.188	-0.141
52.780	29.254	-0.155
52.800	27.895	-0.146
52.820	26.160	-0.150
52.840	24.065	-0.141
52.860	21.670	-0.138
52.880	18.834	-0.132
52.900	15.815	-0.119
52.920	12.566	-0.108
52.940	9.139	-0.095
52.960	5.610	-0.087
52.980	1.979	-0.068
53.000	-1.684	-0.053
53.020	-5.309	-0.031
53.040	-8.897	-0.016
53.060	-12.319	0.002
53.080	-15.573	0.019
53.100	-18.549	0.037
53.120	-21.428	0.050
53.140	-23.904	0.065
53.160	-26.058	0.081
53.180	-27.841	0.094
53.200	-29.238	0.104
53.220	-30.215	0.113
53.240	-30.741	0.126
53.260	-30.860	0.132
53.280	-30.591	0.136
53.300	-29.898	0.142
53.320	-28.743	0.142
53.340	-27.170	0.145
53.360	-25.231	0.137
53.380	-22.959	0.140
53.400	-20.338	0.125
53.420	-17.421	0.119
53.440	-14.284	0.105
53.460	-10.949	0.098
53.480	-7.442	0.081
53.500	-3.832	0.073
53.520	-0.175	0.051
53.540	3.472	0.043
53.560	6.996	0.022
53.580	10.594	0.013
53.600	13.865	-0.012
53.620	17.110	-0.026
53.640	20.021	-0.042
53.660	22.696	-0.059
53.680	24.984	-0.073
53.700	26.933	-0.090
53.720	28.512	-0.099
53.740	29.721	-0.113
53.760	30.478	-0.119
53.780	30.811	-0.132
53.800	30.720	-0.133
53.820	30.215	-0.141
53.840	29.259	-0.141
53.860	27.900	-0.143
53.880	26.181	-0.138
53.900	24.081	-0.136
53.920	21.675	-0.130
53.940	18.844	-0.120
53.960	15.831	-0.111
53.980	12.571	-0.097
54.000	9.166	-0.088
54.020	5.621	-0.072
54.040	2.001	-0.062
54.060	-1.662	-0.041
54.080	-5.282	-0.028
54.100	-8.854	-0.007
54.120	-12.281	0.004
54.140	-15.552	0.025
54.160	-18.603	0.040
54.180	-21.401	0.058
54.200	-23.877	0.073
54.220	-26.036	0.087
54.240	-27.825	0.098
54.260	-29.216	0.109
54.280	-30.204	0.125
54.300	-30.725	0.129
54.320	-30.903	0.143
54.340	-30.564	0.141
54.360	-29.882	0.148
54.380	-28.743	0.145
54.400	-27.143	0.150
54.420	-25.258	0.142
54.440	-22.943	0.142
54.460	-20.343	0.125
54.480	-17.416	0.128
54.500	-14.295	0.104
54.520	-10.944	0.100
54.540	-7.436	0.079
54.560	-3.854	0.074
54.580	-0.180	0.052
54.600	3.462	0.046
54.620	6.985	0.020
54.640	10.568	0.005
54.660	13.930	-0.009
54.680	17.099	-0.029
54.700	19.946	-0.045
54.720	22.679	-0.061
54.740	24.973	-0.075
54.760	26.928	-0.085
54.780	28.512	-0.103
54.800	29.678	-0.112
54.820	30.468	-0.126
54.840	30.822	-0.131
54.860	30.720	-0.141
54.880	30.220	-0.140
54.900	29.270	-0.149
54.920	27.922	-0.149
54.940	26.187	-0.151
54.960	24.087	-0.141
54.980	21.680	-0.137
55.000	18.861	-0.124
55.020	15.864	-0.121
55.040	12.695	-0.107
55.060	9.193	-0.096
55.080	5.664	-0.079
55.100	2.038	-0.072
55.120	-1.619	-0.048
55.140	-5.240	-0.037
55.160	-8.827	-0.015
55.180	-12.243	-0.009
55.200	-15.514	0.015
55.220	-18.571	0.029
55.240	-21.369	0.046
55.260	-23.829	0.059
55.280	-25.988	0.075
55.300	-27.777	0.087
55.320	-29.189	0.100
55.340	-30.167	0.112
55.360	-30.704	0.117
55.380	-30.849	0.129
55.400	-30.548	0.129
55.420	-29.855	0.135
55.440	-28.722	0.133
55.460	-27.143	0.138
55.480	-25.215	0.129
55.500	-22.991	0.128
55.520	-20.338	0.116
55.540	-17.421	0.111
55.560	-14.301	0.097
55.580	-10.944	0.086
55.600	-7.458	0.074
55.620	-3.848	0.058
55.640	-0.201	0.042
55.660	3.440	0.029
55.680	7.039	0.013
55.700	10.541	-0.002
55.720	13.919	-0.020
55.740	17.077	-0.040
55.760	19.999	-0.054
55.780	22.663	-0.072
55.800	24.951	-0.084
55.820	26.928	-0.103
55.840	28.496	-0.111
55.860	29.678	-0.129
55.880	30.451	-0.133
55.900	30.811	-0.144
55.920	30.725	-0.149
55.940	30.220	-0.150
55.960	29.275	-0.153
55.980	27.932	-0.154
56.000	26.203	-0.149
56.020	24.108	-0.145
56.040	21.697	-0.145
56.060	18.887	-0.135
56.080	15.880	-0.128
56.100	12.630	-0.109
56.120	9.225	-0.104
56.140	5.675	-0.084
56.160	2.071	-0.078
56.180	-1.587	-0.056
56.200	-5.218	-0.043
56.220	-8.784	-0.022
56.240	-12.217	-0.008
56.260	-15.482	0.010
56.280	-18.554	0.026
56.300	-21.331	0.046
56.320	-23.754	0.061
56.340	-25.972	0.074
56.360	-27.755	0.086
56.380	-29.195	0.096
56.400	-30.161	0.115
56.420	-30.704	0.114
56.440	-30.849	0.128
56.460	-30.564	0.130
56.480	-29.871	0.140
56.500	-28.727	0.135
56.520	-27.180	0.137
56.540	-25.236	0.130
56.560	-23.039	0.131
56.580	-20.370	0.119
56.600	-17.469	0.116
56.620	-14.338	0.100
56.640	-10.987	0.091
56.660	-7.501	0.075
56.680	-3.897	0.062
56.700	-0.325	0.049
56.720	3.413	0.034
56.740	7.007	0.020
56.760	10.535	-0.000
56.780	13.892	-0.016
56.800	17.051	-0.037
56.820	19.972	-0.049
56.840	22.636	-0.066
56.860	24.946	-0.083
56.880	26.923	-0.097
56.900	28.491	-0.109
56.920	29.705	-0.117
56.940	30.468	-0.128
56.960	30.822	-0.128
56.980	30.731	-0.143
57.000	30.231	-0.141
57.020	29.281	-0.152
57.040	27.932	-0.145
57.060	26.203	-0.153
57.080	24.114	-0.133
57.100	21.659	-0.142
57.120	18.909	-0.123
57.140	15.906	-0.120
57.160	12.641	-0.104
57.180	9.246	-0.099
57.200	5.782	-0.078
57.220	2.065	-0.066
57.240	-1.582	-0.047
57.260	-5.218	-0.033
57.280	-8.790	-0.016
57.300	-12.227	0.004
57.320	-15.488	0.022
57.340	-18.560	0.039
57.360	-21.369	0.051
57.380	-23.840	0.070
57.400	-25.988	0.080
57.420	-27.803	0.098
57.440	-29.211	0.106
57.460	-30.215	0.122
57.480	-30.741	0.125
57.500	-30.844	0.138
57.520	-30.623	0.145
57.540	-29.909	0.145
57.560	-28.797	0.146
57.580	-27.207	0.145
57.600	-25.279	0.145
57.620	-23.007	0.139
57.640	-20.402	0.133
57.660	-17.518	0.125
57.680	-14.370	0.110
57.700	-11.040	0.097
57.720	-7.549	0.085
57.740	-3.934	0.075
57.760	-0.277	0.061
57.780	3.386	0.044
57.800	6.985	0.025
57.820	10.498	0.013
57.840	13.865	-0.008
57.860	17.029	-0.023
57.880	19.962	-0.043
57.900	22.631	-0.057
57.920	24.925	-0.074
57.940	26.858	-0.080
57.960	28.486	-0.101
57.980	29.699	-0.107
58.000	30.451	-0.123
58.020	30.806	-0.124
58.040	30.725	-0.136
58.060	30.231	-0.137
58.080	29.286	-0.144
58.100	27.948	-0.147
58.120	26.240	-0.139
58.140	24.140	-0.139
58.160	21.675	-0.126
58.180	18.995	-0.124
58.200	15.923	-0.112
58.220	12.662	-0.100
58.240	9.257	-0.085
58.260	5.718	-0.075
58.280	2.108	-0.062
58.300	-1.550	-0.045
58.320	-5.191	-0.029
58.340	-8.763	-0.010
58.360	-12.206	0.002
58.380	-15.455	0.018
58.400	-18.533	0.035
58.420	-21.315	0.058
58.440	-23.818	0.067
58.460	-25.972	0.084
58.480	-27.766	0.091
58.500	-29.168	0.109
58.520	-30.177	0.117
58.540	-30.688	0.124
58.560	-30.870	0.137
58.580	-30.559	0.137
58.600	-29.909	0.145
58.620	-28.749	0.143
58.640	-27.202	0.145
58.660	-25.290	0.137
58.680	-23.050	0.136
58.700	-20.413	0.124
58.720	-17.502	0.118
58.740	-14.456	0.106
58.760	-11.056	0.097
58.780	-7.533	0.080
58.800	-3.934	0.068
58.820	-0.282	0.052
58.840	3.376	0.037
58.860	6.974	0.017
58.880	10.482	0.002
58.900	13.855	-0.009
58.920	17.013	-0.033
58.940	19.935	-0.047
58.960	22.615	-0.066
58.980	24.908	-0.077
59.000	26.901	-0.089
59.020	28.475	-0.104
59.040	29.689	-0.116
59.060	30.441	-0.127
59.080	30.811	-0.137
59.100	30.725	-0.147
59.120	30.226	-0.146
59.140	29.291	-0.150
59.160	27.954	-0.149
59.180	26.246	-0.148
59.200	24.216	-0.143
59.220	21.691	-0.145
59.240	18.957	-0.129
59.260	15.949	-0.126
59.280	12.695	-0.109
59.300	9.295	-0.102
59.320	5.766	-0.085
59.340	2.146	-0.074
59.360	-1.512	-0.059
59.380	-5.143	-0.043
59.400	-8.736	-0.025
59.420	-12.157	-0.009
59.440	-15.418	0.010
59.460	-18.479	0.024
59.480	-21.299	0.038
59.500	-23.781	0.057
59.520	-25.924	0.071
59.540	-27.739	0.083
59.560	-29.152	0.094
59.580	-30.156	0.109
59.600	-30.693	0.114
59.620	-30.838	0.125
59.640	-30.575	0.129
59.660	-29.866	0.133
59.680	-28.749	0.132
59.700	-27.207	0.133
59.720	-25.274	0.126
59.740	-23.007	0.123
59.760	-20.488	0.116
59.780	-17.518	0.108
59.800	-14.392	0.096
59.820	-11.051	0.086
59.840	-7.554	0.074
59.860	-3.934	0.057
59.880	-0.303	0.046
59.900	3.354	0.029
59.920	6.964	0.014
59.940	10.369	-0.004
59.960	13.839	-0.024
59.980	16.997	-0.035
60.000	19.913	-0.056
60.020	22.594	-0.071
60.040	24.903	-0.089
60.060	26.864	-0.096
60.080	28.469	-0.116
60.100	29.673	-0.119
60.120	30.446	-0.137
60.140	30.806	-0.137
60.160	30.725	-0.152
60.180	30.231	-0.147
60.200	29.307	-0.153
60.220	27.981	-0.150
60.240	26.246	-0.152
60.260	24.232	-0.145
60.280	21.707	-0.141
60.300	18.963	-0.134
60.320	15.971	-0.126
60.340	12.716	-0.111
60.360	9.311	-0.098
60.380	5.787	-0.088
60.400	2.151	-0.078
60.420	-1.496	-0.056
60.440	-5.121	-0.039
60.460	-8.704	-0.020
60.480	-12.147	-0.007
60.500	-15.321	0.013
60.520	-18.485	0.029
60.540	-21.278	0.046
60.560	-23.770	0.059
60.580	-25.950	0.076
60.600	-27.734	0.090
60.620	-29.125	0.100
60.640	-30.161	0.112
60.660	-30.725	0.120
60.680	-30.849	0.128
60.700	-30.602	0.136
60.720	-29.909	0.140
60.740	-28.786	0.139
60.760	-27.240	0.139
60.780	-25.322	0.137
60.800	-23.061	0.130
60.820	-20.467	0.124
60.840	-17.555	0.113
60.860	-14.440	0.106
60.880	-11.105	0.092
60.900	-7.608	0.079
60.920	-3.999	0.062
60.940	-0.336	0.053
60.960	3.220	0.036
60.980	6.915	0.021
61.000	10.417	0.003
61.020	13.817	-0.012
61.040	16.959	-0.030
61.060	19.892	-0.045
61.080	22.572	-0.063
61.100	24.887	-0.079
61.120	26.858	-0.095
61.140	28.453	-0.105
61.160	29.656	-0.115
61.180	30.441	-0.122
61.200	30.806	-0.128
61.220	30.725	-0.139
61.240	30.237	-0.140
61.260	29.313	-0.142
61.280	27.981	-0.144
61.300	26.251	-0.142
61.320	24.183	-0.134
61.340	21.734	-0.133
61.360	18.984	-0.119
61.380	15.976	-0.115
61.400	12.721	-0.098
61.420	9.413	-0.092
61.440	5.803	-0.075
61.460	2.178	-0.065
61.480	-1.485	-0.043
61.500	-5.127	-0.029
61.520	-8.715	-0.012
61.540	-12.141	0.008
61.560	-15.316	0.023
61.580	-18.479	0.041
61.600	-21.208	0.055
61.620	-23.791	0.075
61.640	-25.934	0.083
61.660	-27.760	0.100
61.680	-29.168	0.112
61.700	-30.188	0.125
61.720	-30.741	0.129
61.740	-30.876	0.140
61.760	-30.602	0.145
61.780	-29.925	0.149
61.800	-28.808	0.149
61.820	-27.250	0.148
61.840	-25.344	0.144
61.860	-23.077	0.142
61.880	-20.477	0.132
61.900	-17.582	0.126
61.920	-14.478	0.111
61.940	-11.142	0.099
61.960	-7.608	0.083
61.980	-4.010	0.077
62.000	-0.357	0.060
62.020	3.295	0.042
62.040	6.883	0.024
62.060	10.401	0.009
62.080	13.780	-0.005
62.100	16.863	-0.023
62.120	19.876	-0.045
62.140	22.567	-0.062
62.160	24.865	-0.074
62.180	26.858	-0.083
62.200	28.443	-0.100
62.220	29.656	-0.106
62.240	30.441	-0.129
62.260	30.811	-0.125
62.280	30.731	-0.144
62.300	30.237	-0.135
62.320	29.323	-0.149
62.340	27.991	-0.141
62.360	26.283	-0.146
62.380	24.205	-0.137
62.400	21.745	-0.140
62.420	19.011	-0.123
62.440	15.998	-0.121
62.460	12.770	-0.103
62.480	9.354	-0.095
62.500	5.820	-0.076
62.520	2.226	-0.068
62.540	-1.442	-0.049
62.560	-5.078	-0.034
62.580	-8.575	-0.019
62.600	-12.104	-0.001
62.620	-15.273	0.013
62.640	-18.431	0.029
62.660	-21.165	0.050
62.680	-23.748	0.065
62.700	-25.881	0.078
62.720	-27.707	0.090
62.740	-29.141	0.103
62.760	-30.129	0.115
62.780	-30.709	0.121
62.800	-30.876	0.129
62.820	-30.591	0.135
62.840	-29.904	0.139
62.860	-28.781	0.138
62.880	-27.250	0.138
62.900	-25.322	0.137
62.920	-23.082	0.128
62.940	-20.472	0.124
62.960	-17.593	0.112
62.980	-14.467	0.102
63.000	-11.132	0.089
63.020	-7.635	0.078
63.040	-4.015	0.060
63.060	-0.363	0.046
63.080	3.274	0.033
63.100	6.872	0.013
63.120	10.385	-0.003
63.140	13.769	-0.017
63.160	16.863	-0.037
63.180	19.865	-0.057
63.200	22.556	-0.069
63.220	24.860	-0.087
63.240	26.853	-0.095
63.260	28.437	-0.112
63.280	29.646	-0.120
63.300	30.441	-0.137
63.320	30.795	-0.137
63.340	30.731	-0.150
63.360	30.242	-0.150
63.380	29.329	-0.153
63.400	27.997	-0.154
63.420	26.294	-0.149
63.440	24.275	-0.146
63.460	21.761	-0.145
63.480	19.032	-0.137
63.500	16.041	-0.127
63.520	12.786	-0.117
63.540	9.386	-0.102
63.560	5.852	-0.089
63.580	2.242	-0.074
63.600	-1.415	-0.062
63.620	-5.046	-0.041
63.640	-8.634	-0.026
63.660	-12.072	-0.008
63.680	-15.240	0.009
63.700	-18.393	0.022
63.720	-21.224	0.042
63.740	-23.695	0.058
63.760	-25.881	0.071
63.780	-27.701	0.084
63.800	-29.125	0.093
63.820	-30.118	0.108
63.840	-30.666	0.115
63.860	-30.844	0.123
63.880	-30.575	0.131
63.900	-29.904	0.131
63.920	-28.781	0.135
63.940	-27.245	0.137
63.960	-25.349	0.130
63.980	-23.066	0.127
64.000	-20.477	0.116
64.020	-17.582	0.111
64.040	-14.548	0.099
64.060	-11.164	0.088
64.080	-7.646	0.078
64.100	-4.042	0.062
64.120	-0.411	0.048
64.140	3.258	0.029
64.160	6.856	0.017
64.180	10.299	-0.001
64.200	13.747	-0.018
64.220	16.911	-0.033
64.240	19.844	-0.050
64.260	22.540	-0.070
64.280	24.844	-0.084
64.300	26.837	-0.096
64.320	28.432	-0.109
64.340	29.646	-0.120
64.360	30.441	-0.128
64.380	30.811	-0.134
64.400	30.741	-0.145
64.420	30.242	-0.142
64.440	29.340	-0.151
64.460	28.051	-0.148
64.480	26.305	-0.149
64.500	24.226	-0.137
64.520	21.793	-0.140
64.540	19.038	-0.130
64.560	16.052	-0.127
64.580	12.818	-0.107
64.600	9.397	-0.103
64.620	5.873	-0.085
64.640	2.242	-0.070
64.660	-1.313	-0.052
64.680	-5.041	-0.037
64.700	-8.537	-0.018
64.720	-12.082	-0.001
64.740	-15.332	0.015
64.760	-18.420	0.030
64.780	-21.229	0.045
64.800	-23.727	0.063
64.820	-25.902	0.080
64.840	-27.718	0.091
64.860	-29.157	0.104
64.880	-30.156	0.114
64.900	-30.720	0.123
64.920	-30.860	0.133
64.940	-30.629	0.137
64.960	-29.941	0.141
64.980	-28.835	0.143
65.000	-27.304	0.144
65.020	-25.392	0.141
65.040	-23.152	0.135
65.060	-20.601	0.130
65.080	-17.652	0.116
65.100	-14.531	0.112
65.120	-11.191	0.099
65.140	-7.699	0.085
65.160	-4.101	0.071
65.180	-0.438	0.056
65.200	3.204	0.042
65.220	6.824	0.026
65.240	10.315	0.009
65.260	13.715	-0.010
65.280	16.873	-0.020
65.300	19.747	-0.043
65.320	22.508	-0.057
65.340	24.828	-0.077
65.360	26.815	-0.083
65.380	28.416	-0.101
65.400	29.640	-0.103
65.420	30.430	-0.124
65.440	30.811	-0.124
65.460	30.731	-0.139
65.480	30.247	-0.134
65.500	29.350	-0.141
65.520	28.024	-0.141
65.540	26.310	-0.139
65.560	24.242	-0.138
65.580	21.804	-0.132
65.600	19.059	-0.120
65.620	16.068	-0.112
65.640	12.818	-0.101
65.660	9.429	-0.088
65.680	5.900	-0.078
65.700	2.280	-0.062
65.720	-1.378	-0.048
65.740	-5.030	-0.027
65.760	-8.505	-0.009
65.780	-12.034	0.003
65.800	-15.224	0.020
65.820	-18.383	0.037
65.840	-21.213	0.056
65.860	-23.635	0.070
65.880	-25.886	0.085
65.900	-27.637	0.095
65.920	-29.114	0.106
65.940	-30.118	0.121
65.960	-30.715	0.128
65.980	-30.886	0.137
66.000	-30.613	0.141
66.020	-29.936	0.150
66.040	-28.845	0.146
66.060	-27.277	0.145
66.080	-25.376	0.141
66.100	-23.141	0.141
66.120	-20.552	0.128
66.140	-17.657	0.123
66.160	-14.531	0.108
66.180	-11.201	0.101
66.200	-7.705	0.083
66.220	-4.122	0.073
66.240	-0.443	0.054
66.260	3.113	0.041
66.280	6.802	0.024
66.300	10.299	0.009
66.320	13.688	-0.010
66.340	16.873	-0.028
66.360	19.801	-0.047
66.380	22.491	-0.063
66.400	24.817	-0.076
66.420	26.799	-0.087
66.440	28.416	-0.103
66.460	29.635	-0.112
66.480	30.435	-0.123
66.500	30.811	-0.134
66.520	30.736	-0.141
66.540	30.269	-0.145
66.560	29.345	-0.149
66.580	28.034	-0.147
66.600	26.321	-0.148
66.620	24.264	-0.141
66.640	21.815	-0.141
66.660	19.092	-0.128
66.680	16.094	-0.123
66.700	12.856	-0.106
66.720	9.456	-0.095
66.740	5.911	-0.079
66.760	2.307	-0.074
66.780	-1.324	-0.051
66.800	-4.971	-0.040
66.820	-8.462	-0.019
66.840	-12.012	-0.010
66.860	-15.187	0.009
66.880	-18.356	0.029
66.900	-21.154	0.045
66.920	-23.662	0.059
66.940	-25.854	0.076
66.960	-27.685	0.084
66.980	-29.109	0.099
67.000	-30.097	0.109
67.020	-30.693	0.118
67.040	-30.849	0.124
67.060	-30.596	0.130
67.080	-29.914	0.134
67.100	-28.802	0.133
67.120	-27.282	0.134
67.140	-25.386	0.128
67.160	-23.131	0.127
67.180	-20.536	0.116
67.200	-17.663	0.111
67.220	-14.531	0.101
67.240	-11.207	0.086
67.260	-7.732	0.076
67.280	-4.122	0.058
67.300	-0.465	0.046
67.320	3.091	0.031
67.340	6.792	0.015
67.360	10.288	-0.004
67.380	13.677	-0.021
67.400	16.857	-0.036
67.420	19.715	-0.055
67.440	22.470	-0.072
67.460	24.796	-0.086
67.480	26.794	-0.099
67.500	28.405	-0.113
67.520	29.635	-0.120
67.540	30.425	-0.135
67.560	30.806	-0.137
67.580	30.736	-0.149
67.600	30.269	-0.149
67.620	29.350	-0.153
67.640	28.045	-0.153
67.660	26.332	-0.153
67.680	24.275	-0.145
67.700	21.890	-0.145
67.720	19.102	-0.132
67.740	16.121	-0.130
67.760	12.877	-0.111
67.780	9.477	-0.100
67.800	5.948	-0.090
67.820	2.328	-0.075
67.840	-1.211	-0.061
67.860	-4.955	-0.046
67.880	-8.446	-0.024
67.900	-11.980	-0.007
67.920	-15.251	0.013
67.940	-18.318	0.028
67.960	-21.143	0.043
67.980	-23.652	0.058
68.000	-25.832	0.074
68.020	-27.605	0.088
68.040	-29.087	0.099
68.060	-30.097	0.110
68.080	-30.666	0.117
68.100	-30.849	0.128
68.120	-30.602	0.135
68.140	-29.936	0.138
68.160	-28.840	0.137
68.180	-27.299	0.137
68.200	-25.419	0.133
68.220	-23.174	0.129
68.240	-20.655	0.120
68.260	-17.700	0.113
68.280	-14.580	0.103
68.300	-11.255	0.094
68.320	-7.764	0.075
68.340	-4.160	0.062
68.360	-0.508	0.048
68.380	3.070	0.034
68.400	6.749	0.020
68.420	10.272	0.004
68.440	13.651	-0.016
68.460	16.836	-0.033
68.480	19.693	-0.048
68.500	22.448	-0.062
68.520	24.785	-0.080
68.540	26.783	-0.093
68.560	28.378	-0.106
68.580	29.630	-0.117
68.600	30.419	-0.123
68.620	30.806	-0.132
68.640	30.747	-0.141
68.660	30.285	-0.142
68.680	29.361	-0.144
68.700	28.051	-0.147
68.720	26.348	-0.141
68.740	24.291	-0.136
68.760	21.852	-0.137
68.780	19.113	-0.122
68.800	16.207	-0.118
68.820	12.888	-0.107
68.840	9.499	-0.099
68.860	6.045	-0.077
68.880	2.334	-0.072
68.900	-1.308	-0.045
68.920	-4.944	-0.036
68.940	-8.537	-0.012
68.960	-11.991	0.002
68.980	-15.257	0.023
69.000	-18.334	0.035
69.020	-21.154	0.056
69.040	-23.662	0.068
69.060	-25.875	0.084
69.080	-27.685	0.096
69.100	-29.119	0.108
69.120	-30.113	0.121
69.140	-30.709	0.125
69.160	-30.854	0.139
69.180	-30.650	0.142
69.200	-29.995	0.149
69.220	-28.872	0.146
69.240	-27.358	0.148
69.260	-25.424	0.143
69.280	-23.195	0.140
69.300	-20.628	0.135
69.320	-17.792	0.126
69.340	-14.612	0.112
69.360	-11.293	0.100
69.380	-7.812	0.087
69.400	-4.192	0.077
69.420	-0.545	0.062
69.440	3.118	0.043
69.460	6.727	0.025
69.480	10.229	0.010
69.500	13.618	-0.006
69.520	16.803	-0.023
69.540	19.747	-0.039
69.560	22.438	-0.058
69.580	24.769	-0.071
69.600	26.778	-0.083
69.620	28.378	-0.094
69.640	29.581	-0.107
69.660	30.408	-0.122
69.680	30.801	-0.126
69.700	30.741	-0.137
69.720	30.285	-0.137
69.740	29.372	-0.142
69.760	28.061	-0.142
69.780	26.369	-0.141
69.800	24.302	-0.135
69.820	21.874	-0.136
69.840	19.135	-0.117
69.860	16.154	-0.118
69.880	13.006	-0.098
69.900	9.526	-0.091
69.920	5.991	-0.074
69.940	2.371	-0.066
69.960	-1.270	-0.048
69.980	-4.923	-0.033
70.000	-8.494	-0.013
70.020	-11.948	0.000
70.040	-15.224	0.017
70.060	-18.216	0.033
70.080	-21.127	0.054
70.100	-23.635	0.068
70.120	-25.822	0.087
70.140	-27.658	0.091
70.160	-29.087	0.106
70.180	-30.102	0.123
70.200	-30.688	0.126
70.220	-30.881	0.132
70.240	-30.607	0.139
70.260	-29.957	0.146
70.280	-28.878	0.143
70.300	-27.342	0.145
70.320	-25.462	0.141
70.340	-23.200	0.136
70.360	-20.612	0.125
70.380	-17.733	0.116
70.400	-14.612	0.107
70.420	-11.303	0.096
70.440	-7.802	0.082
70.460	-4.219	0.071
70.480	-0.556	0.053
70.500	3.102	0.037
70.520	6.711	0.021
70.540	10.224	0.004
70.560	13.602	-0.012
70.580	16.782	-0.029
70.600	19.736	-0.049
70.620	22.438	-0.062
70.640	24.753	-0.079
70.660	26.719	-0.091
70.680	28.373	-0.108
70.700	29.603	-0.114
70.720	30.403	-0.130
70.740	30.806	-0.133
70.760	30.741	-0.146
70.780	30.285	-0.147
70.800	29.388	-0.152
70.820	28.061	-0.152
70.840	26.380	-0.149
70.860	24.323	-0.146
70.880	21.874	-0.144
70.900	19.156	-0.135
70.920	16.261	-0.122
70.940	12.958	-0.115
70.960	9.547	-0.103
70.980	6.029	-0.083
71.000	2.409	-0.079
71.020	-1.243	-0.057
71.040	-4.890	-0.047
71.060	-8.462	-0.022
71.080	-11.910	-0.010
71.100	-15.192	0.010
71.120	-18.264	0.021
71.140	-21.079	0.043
71.160	-23.593	0.054
71.180	-25.784	0.072
71.200	-27.637	0.083
71.220	-29.071	0.100
71.240	-30.075	0.107
71.260	-30.661	0.116
71.280	-30.838	0.121
71.300	-30.602	0.129
71.320	-29.952	0.134
71.340	-28.851	0.133
71.360	-27.331	0.133
71.380	-25.435	0.131
71.400	-23.243	0.127
71.420	-20.633	0.116
71.440	-17.733	0.109
71.460	-14.623	0.101
71.480	-11.309	0.085
71.500	-7.823	0.075
71.520	-4.230	0.058
71.540	-0.567	0.046
71.560	3.080	0.030
71.580	6.695	0.015
71.600	10.197	-0.004
71.620	13.592	-0.016
71.640	16.766	-0.037
71.660	19.645	-0.046
71.680	22.411	-0.073
71.700	24.742	-0.084
71.720	26.702	-0.096
71.740	28.367	-0.108
71.760	29.592	-0.120
71.780	30.403	-0.132
71.800	30.801	-0.139
71.820	30.747	-0.145
71.840	30.285	-0.145
71.860	29.388	-0.152
71.880	28.088	-0.152
71.900	26.385	-0.151
71.920	24.344	-0.139
71.940	21.922	-0.141
71.960	19.172	-0.129
71.980	16.207	-0.127
72.000	13.049	-0.105
72.020	9.574	-0.104
72.040	6.040	-0.083
72.060	2.425	-0.074
72.080	-1.227	-0.054
72.100	-4.864	-0.037
72.120	-8.435	-0.025
72.140	-11.894	-0.002
72.160	-15.176	0.013
72.180	-18.264	0.030
72.200	-21.106	0.046
72.220	-23.576	0.060
72.240	-25.800	0.075
72.260	-27.632	0.092
72.280	-29.087	0.101
72.300	-30.113	0.117
72.320	-30.688	0.120
72.340	-30.860	0.130
72.360	-30.645	0.133
72.380	-29.990	0.139
72.400	-28.915	0.138
72.420	-27.374	0.141
72.440	-25.483	0.136
72.460	-23.233	0.130
72.480	-20.665	0.125
72.500	-17.797	0.115
72.520	-14.682	0.104
72.540	-11.368	0.091
72.560	-7.871	0.083
72.580	-4.283	0.063
72.600	-0.626	0.053
72.620	3.037	0.038
72.640	6.657	0.025
72.660	10.165	0.005
72.680	13.554	-0.008
72.700	16.739	-0.029
72.720	19.682	-0.045
72.740	22.384	-0.058
72.760	24.726	-0.079
72.780	26.724	-0.085
72.800	28.351	-0.106
72.820	29.587	-0.112
72.840	30.398	-0.124
72.860	30.795	-0.125
72.880	30.752	-0.137
72.900	30.290	-0.135
72.920	29.399	-0.145
72.940	28.104	-0.137
72.960	26.396	-0.141
72.980	24.355	-0.133
73.000	21.933	-0.132
73.020	19.210	-0.120
73.040	16.213	-0.116
73.060	12.985	-0.103
73.080	9.585	-0.090
73.100	6.061	-0.077
73.120	2.436	-0.066
73.140	-1.222	-0.046
73.160	-4.853	-0.031
73.180	-8.430	-0.012
73.200	-11.873	0.003
73.220	-15.165	0.021
73.240	-18.243	0.039
73.260	-21.090	0.054
73.280	-23.571	0.075
73.300	-25.795	0.083
73.320	-27.621	0.096
73.340	-29.076	0.111
73.360	-30.118	0.120
73.380	-30.688	0.130
73.400	-30.886	0.136
73.420	-30.645	0.148
73.440	-29.973	0.146
73.460	-28.910	0.148
73.480	-27.374	0.147
73.500	-25.494	0.143
73.520	-23.260	0.140
73.540	-20.681	0.134
73.560	-17.813	0.127
73.580	-14.762	0.114
73.600	-11.384	0.097
73.620	-7.887	0.087
73.640	-4.278	0.076
73.660	-0.636	0.059
73.680	3.032	0.044
73.700	6.631	0.025
73.720	10.154	0.009
73.740	13.457	-0.005
73.760	16.718	-0.025
73.780	19.666	-0.039
73.800	22.379	-0.058
73.820	24.715	-0.072
73.840	26.724	-0.083
73.860	28.335	-0.095
73.880	29.587	-0.109
73.900	30.398	-0.123
73.920	30.795	-0.124
73.940	30.758	-0.139
73.960	30.290	-0.140
73.980	29.404	-0.142
74.000	28.104	-0.145
74.020	26.407	-0.142
74.040	24.366	-0.141
74.060	21.933	-0.137
74.080	19.220	-0.125
74.100	16.245	-0.119
74.120	13.097	-0.103
74.140	9.617	-0.097
74.160	6.088	-0.078
74.180	2.484	-0.070
74.200	-1.163	-0.050
74.220	-4.821	-0.036
74.240	-8.387	-0.020
74.260	-11.830	-0.003
74.280	-15.128	0.015
74.300	-18.130	0.029
74.320	-21.057	0.048
74.340	-23.550	0.062
74.360	-25.762	0.076
74.380	-27.589	0.087
74.400	-29.050	0.104
74.420	-30.054	0.117
74.440	-30.677	0.122
74.460	-30.860	0.129
74.480	-30.613	0.133
74.500	-29.973	0.137
74.520	-28.878	0.141
74.540	-27.368	0.138
74.560	-25.472	0.136
74.580	-23.254	0.126
74.600	-20.687	0.122
74.620	-17.786	0.110
74.640	-14.693	0.104
74.660	-11.389	0.089
74.680	-7.893	0.081
74.700	-4.300	0.062
74.720	-0.653	0.051
74.740	3.000	0.028
74.760	6.615	0.018
74.780	10.138	-0.004
74.800	13.522	-0.016
74.820	16.707	-0.038
74.840	19.650	-0.051
74.860	22.357	-0.068
74.880	24.704	-0.084
74.900	26.713	-0.094
74.920	28.324	-0.115
74.940	29.560	-0.117
74.960	30.398	-0.137
74.980	30.806	-0.134
75.000	30.747	-0.152
75.020	30.301	-0.145
75.040	29.404	-0.158
75.060	28.115	-0.148
75.080	26.428	-0.155
75.100	24.387	-0.145
75.120	21.949	-0.149
75.140	19.231	-0.132
75.160	16.272	-0.128
75.180	13.038	-0.115
75.200	9.644	-0.104
75.220	6.120	-0.088
75.240	2.592	-0.076
75.260	-1.136	-0.064
75.280	-4.783	-0.043
75.300	-8.371	-0.029
75.320	-11.814	-0.008
75.340	-15.101	0.007
75.360	-18.189	0.023
75.380	-21.014	0.039
75.400	-23.539	0.058
75.420	-25.714	0.071
75.440	-27.578	0.083
75.460	-29.028	0.094
75.480	-30.059	0.108
75.500	-30.677	0.116
75.520	-30.833	0.123
75.540	-30.629	0.133
75.560	-29.957	0.130
75.580	-28.894	0.137
75.600	-27.379	0.134
75.620	-25.462	0.133
75.640	-23.260	0.125
75.660	-20.676	0.124
75.680	-17.894	0.112
75.700	-14.719	0.103
75.720	-11.384	0.088
75.740	-7.925	0.077
75.760	-4.316	0.062
75.780	-0.685	0.050
75.800	2.978	0.034
75.820	6.588	0.017
75.840	10.100	-0.000
75.860	13.506	-0.015
75.880	16.685	-0.030
75.900	19.639	-0.054
75.920	22.341	-0.062
75.940	24.683	-0.085
75.960	26.708	-0.094
75.980	28.324	-0.108
76.000	29.571	-0.116
76.020	30.392	-0.129
76.040	30.790	-0.133
76.060	30.752	-0.143
76.080	30.296	-0.145
76.100	29.415	-0.148
76.120	28.120	-0.150
76.140	26.439	-0.146
76.160	24.409	-0.145
76.180	21.981	-0.135
76.200	19.269	-0.128
76.220	16.272	-0.120
76.240	13.049	-0.111
76.260	9.649	-0.100
76.280	6.136	-0.086
76.300	2.516	-0.071
76.320	-1.136	-0.054
76.340	-4.681	-0.037
76.360	-8.371	-0.019
76.380	-11.824	-0.003
76.400	-15.106	0.017
76.420	-18.200	0.032
76.440	-21.036	0.046
76.460	-23.550	0.060
76.480	-25.752	0.078
76.500	-27.615	0.088
76.520	-29.066	0.105
76.540	-30.086	0.115
76.560	-30.704	0.122
76.580	-30.854	0.131
76.600	-30.661	0.139
76.620	-30.022	0.141
76.640	-28.926	0.146
76.660	-27.422	0.142
76.680	-25.542	0.137
76.700	-23.313	0.136
76.720	-20.751	0.130
76.740	-17.872	0.122
76.760	-14.757	0.110
76.780	-11.448	0.100
76.800	-7.973	0.089
76.820	-4.375	0.072
76.840	-0.722	0.058
76.860	2.930	0.042
76.880	6.550	0.030
76.900	10.073	0.010
76.920	13.463	-0.004
76.940	16.664	-0.025
76.960	19.607	-0.038
76.980	22.320	-0.059
77.000	24.667	-0.069
77.020	26.643	-0.084
77.040	28.308	-0.099
77.060	29.571	-0.108
77.080	30.382	-0.124
77.100	30.795	-0.128
77.120	30.768	-0.135
77.140	30.306	-0.136
77.160	29.426	-0.142
77.180	28.131	-0.141
77.200	26.450	-0.142
77.220	24.414	-0.135
77.240	21.997	-0.133
77.260	19.344	-0.118
77.280	16.304	-0.119
77.300	13.065	-0.102
77.320	9.692	-0.089
77.340	6.158	-0.076
77.360	2.640	-0.062
77.380	-1.098	-0.049
77.400	-4.751	-0.032
77.420	-8.344	-0.012
77.440	-11.776	0.003
77.460	-15.074	0.017
77.480	-18.157	0.035
77.500	-21.014	0.053
77.520	-23.523	0.070
77.540	-25.698	0.081
77.560	-27.594	0.091
77.580	-29.044	0.106
77.600	-30.070	0.117
77.620	-30.682	0.129
77.640	-30.870	0.133
77.660	-30.634	0.143
77.680	-29.984	0.143
77.700	-28.931	0.147
77.720	-27.401	0.142
77.740	-25.542	0.143
77.760	-23.324	0.138
77.780	-20.740	0.129
77.800	-17.867	0.120
77.820	-14.789	0.108
77.840	-11.465	0.095
77.860	-7.973	0.084
77.880	-4.375	0.069
77.900	-0.733	0.054
77.920	2.925	0.039
77.940	6.545	0.021
77.960	10.052	0.009
77.980	13.447	-0.012
78.000	16.632	-0.025
78.020	19.586	-0.047
78.040	22.250	-0.058
78.060	24.656	-0.082
78.080	26.670	-0.086
78.100	28.308	-0.105
78.120	29.565	-0.110
78.140	30.365	-0.130
78.160	30.795	-0.131
78.180	30.763	-0.142
78.200	30.323	-0.144
78.220	29.431	-0.149
78.240	28.158	-0.149
78.260	26.461	-0.145
78.280	24.430	-0.146
78.300	21.997	-0.137
78.320	19.290	-0.130
78.340	16.325	-0.119
78.360	13.097	-0.112
78.380	9.714	-0.099
78.400	6.185	-0.085
78.420	2.575	-0.074
78.440	-1.077	-0.058
78.460	-4.713	-0.045
78.480	-8.301	-0.026
78.500	-11.760	-0.009
78.520	-15.020	0.008
78.540	-18.125	0.023
78.560	-20.961	0.042
78.580	-23.490	0.054
78.600	-25.682	0.073
78.620	-27.530	0.080
78.640	-29.023	0.100
78.660	-30.054	0.104
78.680	-30.661	0.117
78.700	-30.838	0.120
78.720	-30.613	0.128
78.740	-29.973	0.131
78.760	-28.905	0.133
78.780	-27.401	0.130
78.800	-25.521	0.131
78.820	-23.292	0.125
78.840	-20.751	0.116
78.860	-17.872	0.107
78.880	-14.779	0.100
78.900	-11.475	0.087
78.920	-7.984	0.071
78.940	-4.396	0.061
78.960	-0.744	0.043
78.980	2.914	0.030
79.000	6.512	0.011
79.020	10.036	-0.003
79.040	13.436	-0.022
79.060	16.562	-0.038
79.080	19.586	-0.056
79.100	22.287	-0.070
79.120	24.635	-0.088
79.140	26.654	-0.098
79.160	28.255	-0.113
79.180	29.549	-0.123
79.200	30.371	-0.136
79.220	30.790	-0.145
79.240	30.768	-0.144
79.260	30.317	-0.153
79.280	29.431	-0.157
79.300	28.158	-0.157
79.320	26.466	-0.156
79.340	24.447	-0.149
79.360	22.030	-0.144
79.380	19.392	-0.137
79.400	16.347	-0.131
79.420	13.114	-0.115
79.440	9.740	-0.108
79.460	6.228	-0.088
79.480	2.608	-0.079
79.500	-1.039	-0.058
79.520	-4.676	-0.044
79.540	-8.269	-0.025
79.560	-11.728	-0.012
79.580	-15.010	0.009
79.600	-18.103	0.023
79.620	-20.955	0.040
79.640	-23.485	0.054
79.660	-25.623	0.070
79.680	-27.546	0.083
79.700	-28.996	0.097
79.720	-30.038	0.108
79.740	-30.672	0.117
79.760	-30.849	0.124
79.780	-30.650	0.132
79.800	-29.979	0.132
79.820	-28.937	0.135
79.840	-27.427	0.132
79.860	-25.558	0.130
79.880	-23.351	0.129
79.900	-20.783	0.120
79.920	-17.905	0.114
79.940	-14.805	0.104
79.960	-11.518	0.090
79.980	-8.022	0.079
80.000	-4.434	0.060
